#! FIELDS time phi psi restraint.bias
#! SET min_phi -pi
#! SET max_phi pi
#! SET min_psi -pi
#! SET max_psi pi
 0.000000 -2.578659 -0.758130 81.986776
 0.200000 -3.090580 -0.940685 9.941992
 0.400000 -2.802891 -0.846142 13.827347
 0.600000 -2.899454 -0.917049 3.270217
 0.800000 -2.944465 -0.795223 3.253839
 1.000000 -2.934559 -0.862179 0.583142
 1.200000 -2.876138 -0.868631 4.141501
 1.400000 -2.939565 -0.881477 0.416814
 1.600000 -2.924532 -0.879978 0.931062
 1.800000 -2.899923 -0.915288 3.162056
 2.000000 -2.960822 -0.869525 0.024386
 2.200000 -2.935445 -0.879000 0.519823
 2.400000 -2.975852 -0.921050 1.209240
 2.600000 -2.942192 -0.910115 1.010445
 2.800000 -2.945510 -0.826500 1.297791
 3.000000 -2.950280 -0.935534 2.117085
 3.200000 -2.917783 -0.815136 2.868843
 3.400000 -2.999145 -0.900957 0.914956
 3.600000 -2.981292 -0.918707 1.161239
 3.800000 -2.944827 -0.786651 3.946282
 4.000000 -2.935218 -0.868753 0.514593
 4.200000 -2.940637 -0.873885 0.349828
 4.400000 -3.029586 -0.886709 2.053394
 4.600000 -3.022427 -0.810275 3.478957
 4.800000 -2.836240 -0.798222 11.327700
 5.000000 -2.984343 -0.919247 1.234307
 5.200000 -2.944078 -0.851232 0.493748
 5.400000 -3.006434 -0.957878 4.405773
 5.600000 -2.939499 -0.821894 1.668629
 5.800000 -2.879161 -0.834479 4.592161
 6.000000 -2.952292 -0.882413 0.156564
 6.200000 -2.949096 -0.927250 1.651140
 6.400000 -3.002111 -0.869064 0.620787
 6.600000 -3.018849 -0.912383 2.129838
 6.800000 -2.922725 -0.838891 1.553115
 7.000000 -2.919440 -0.930678 2.816580
 7.200000 -2.939558 -0.860204 0.455815
 7.400000 -3.016946 -0.943378 3.744484
 7.600000 -2.903103 -0.864027 2.082521
 7.800000 -2.919861 -0.816697 2.680047
 8.000000 -2.860308 -0.810199 7.648954
 8.200000 -3.003853 -0.858868 0.772032
 8.400000 -2.922439 -0.876306 1.002124
 8.600000 -2.967181 -0.923445 1.289336
 8.800000 -2.929702 -0.888330 0.820520
 9.000000 -3.014449 -0.881565 1.162468
 9.200000 -2.970684 -0.906881 0.591952
 9.400000 -2.932904 -0.883694 0.644145
 9.600000 -2.967068 -0.846611 0.339402
 9.800000 -2.959133 -0.835747 0.712875
 10.000000 -2.938878 -0.806415 2.591625
 10.200000 -2.948524 -0.805743 2.411023
 10.400000 -2.890904 -0.896863 3.192658
 10.600000 -3.023915 -0.972690 6.618777
 10.800000 -2.834643 -0.829057 9.717946
 11.000000 -3.031760 -0.901338 2.504127
 11.200000 -2.892628 -0.840415 3.290055
 11.400000 -2.975674 -0.837544 0.653840
 11.600000 -2.933781 -0.891405 0.729314
 11.800000 -2.937270 -0.848435 0.737260
 12.000000 -2.914597 -0.864671 1.408148
 12.200000 -2.888247 -0.843860 3.520609
 12.400000 -3.052377 -0.994413 11.050781
 12.600000 -2.817927 -0.869828 11.124236
 12.800000 -2.908129 -0.951984 4.882162
 13.000000 -2.938004 -0.976066 5.768062
 13.200000 -2.945729 -0.789563 3.680426
 13.400000 -2.988014 -0.942038 2.625889
 13.600000 -2.862943 -0.777745 9.924951
 13.800000 -3.009643 -0.806078 3.123567
 14.000000 -2.967574 -0.896557 0.285548
 14.200000 -2.992156 -0.837802 0.922599
 14.400000 -2.835114 -0.907368 9.306982
 14.600000 -3.011460 -0.875341 0.989277
 14.800000 -3.062061 -0.851712 4.732166
 15.000000 -2.935006 -0.842066 0.981834
 15.200000 -2.981223 -0.756204 6.881882
 15.400000 -2.984137 -0.874206 0.146997
 15.600000 -2.902858 -0.767363 7.605157
 15.800000 -2.969797 -0.933201 1.836055
 16.000000 -2.980470 -0.838748 0.665087
 16.200000 -2.954942 -0.834828 0.789231
 16.400000 -2.908873 -0.840628 2.206009
 16.600000 -3.015347 -0.886875 1.266802
 16.800000 -3.010723 -0.855071 1.108022
 17.000000 -2.888051 -0.813567 4.867472
 17.200000 -2.994514 -0.895990 0.648901
 17.400000 -2.926986 -0.841770 1.280173
 17.600000 -2.947536 -0.895596 0.453498
 17.800000 -2.918073 -0.860492 1.273938
 18.000000 -2.916885 -0.920375 2.396916
 18.200000 -2.844047 -0.914044 8.422203
 18.400000 -2.910217 -0.940892 3.943093
 18.600000 -2.942999 -0.896389 0.570888
 18.800000 -2.867548 -0.905133 5.478345
 19.000000 -2.889897 -0.876756 2.985400
 19.200000 -2.915605 -0.900464 1.710196
 19.400000 -2.932057 -0.958114 4.263371
 19.600000 -2.959254 -0.820142 1.409785
 19.800000 -2.877217 -0.900679 4.428302
 20.000000 -2.879803 -0.835285 4.505464
 20.200000 -2.930933 -0.854781 0.812480
 20.400000 -2.968842 -0.879237 0.023186
 20.600000 -2.989191 -0.806216 2.452598
 20.800000 -2.922184 -0.829840 1.923880
 21.000000 -2.873161 -0.814642 6.091788
 21.200000 -3.025063 -0.944004 4.226833
 21.400000 -2.901383 -0.891569 2.335371
 21.600000 -2.950174 -0.824755 1.290248
 21.800000 -2.869869 -0.907455 5.328175
 22.000000 -3.040517 -0.799912 5.344452
 22.200000 -2.895572 -0.807436 4.682662
 22.400000 -2.949938 -0.818503 1.613346
 22.600000 -2.960893 -0.825235 1.143804
 22.800000 -2.881302 -0.844340 4.078361
 23.000000 -2.967953 -0.919551 1.099557
 23.200000 -2.965093 -0.860555 0.075258
 23.400000 -2.916036 -0.893496 1.518684
 23.600000 -2.960249 -0.882570 0.072254
 23.800000 -3.001227 -0.806345 2.782845
 24.000000 -2.978071 -0.861849 0.119117
 24.200000 -2.880551 -0.767831 9.236930
 24.400000 -2.986045 -0.957728 3.798114
 24.600000 -2.869324 -0.792527 7.987170
 24.800000 -2.915244 -0.947655 4.154255
 25.000000 -2.930947 -0.915551 1.571684
 25.200000 -2.901537 -0.900369 2.530360
 25.400000 -2.873023 -0.920035 5.543429
 25.600000 -2.921339 -0.888531 1.171080
 25.800000 -2.881758 -0.889013 3.771835
 26.000000 -2.880574 -0.862013 3.796584
 26.200000 -3.016473 -0.853052 1.413137
 26.400000 -2.931999 -0.867767 0.626606
 26.600000 -2.981394 -0.797565 2.922673
 26.800000 -2.922553 -0.836711 1.636764
 27.000000 -2.973235 -0.956317 3.517961
 27.200000 -2.887335 -0.800605 5.774335
 27.400000 -2.984206 -1.020306 11.045921
 27.600000 -2.931456 -0.878843 0.652908
 27.800000 -2.986067 -0.890628 0.341989
 28.000000 -2.968139 -0.907602 0.610905
 28.200000 -2.871273 -0.856475 4.718572
 28.400000 -2.904207 -0.848271 2.272759
 28.600000 -3.071154 -0.968621 10.021693
 28.800000 -2.923181 -0.794364 4.028140
 29.000000 -3.009157 -0.844317 1.287896
 29.200000 -3.017964 -0.869350 1.301136
 29.400000 -2.856842 -0.814446 7.768619
 29.600000 -2.992268 -0.864060 0.354735
 29.800000 -2.979680 -0.925034 1.450896
 30.000000 -2.902500 -0.793514 5.216379
 30.200000 -2.948085 -0.938183 2.326341
 30.400000 -2.939892 -0.862557 0.420117
 30.600000 -2.961644 -0.863810 0.053871
 30.800000 -2.904602 -0.855490 2.097986
 31.000000 -3.069017 -0.908997 5.857689
 31.200000 -2.879769 -0.791498 7.103884
 31.400000 -2.974106 -0.990621 6.981731
 31.600000 -2.917489 -0.809649 3.214100
 31.800000 -2.913204 -0.922933 2.713649
 32.000000 -2.940699 -0.893413 0.562689
 32.200000 -2.893835 -0.926064 4.106669
 32.400000 -2.860515 -0.827809 6.681895
 32.600000 -3.023267 -0.935406 3.547871
 32.800000 -2.903997 -0.905686 2.533649
 33.000000 -2.978844 -0.859874 0.151234
 33.200000 -2.889218 -0.924544 4.375385
 33.400000 -3.027685 -0.766016 7.524634
 33.600000 -2.964446 -0.847568 0.318328
 33.800000 -3.015280 -0.855950 1.302261
 34.000000 -2.931999 -0.861779 0.673892
 34.200000 -2.984221 -0.832298 0.962005
 34.400000 -3.037024 -0.801110 5.007547
 34.600000 -3.001161 -0.819590 1.989917
 34.800000 -2.970974 -0.819841 1.402810
 35.000000 -2.966166 -0.870836 0.002071
 35.200000 -2.939017 -0.799296 3.084662
 35.400000 -3.020543 -0.873107 1.430326
 35.600000 -2.896638 -0.886047 2.569145
 35.800000 -2.957191 -0.844985 0.431773
 36.000000 -2.957849 -0.893259 0.254480
 36.200000 -2.915432 -0.969752 6.045714
 36.400000 -2.883935 -0.857721 3.566548
 36.600000 -2.966582 -0.889145 0.135910
 36.800000 -2.828837 -0.856267 9.687202
 37.000000 -2.970191 -0.828722 0.970370
 37.200000 -2.892220 -0.871377 2.801285
 37.400000 -2.957794 -0.904547 0.551171
 37.600000 -2.843937 -0.863519 7.621400
 37.800000 -2.952208 -0.925223 1.491449
 38.000000 -2.976365 -0.947265 2.825903
 38.200000 -2.922314 -0.849371 1.272371
 38.400000 -2.966028 -0.862019 0.057200
 38.600000 -2.953215 -0.841398 0.584635
 38.800000 -2.937789 -0.844181 0.834036
 39.000000 -2.948009 -0.871411 0.182244
 39.200000 -2.933170 -0.885285 0.653905
 39.400000 -2.916457 -0.843854 1.695323
 39.600000 -2.910667 -0.977625 7.098369
 39.800000 -2.965027 -0.899316 0.357212
 40.000000 -2.916007 -0.906117 1.862714
 40.200000 -2.929339 -0.916471 1.670951
 40.400000 -2.977198 -0.814207 1.760051
 40.600000 -2.903679 -0.882995 2.061928
 40.800000 -2.973706 -0.787127 3.680439
 41.000000 -2.939016 -0.891404 0.568826
 41.200000 -2.988131 -0.842507 0.676742
 41.400000 -2.928387 -0.846627 1.086788
 41.600000 -2.929677 -0.882610 0.748199
 41.800000 -2.905867 -0.893121 2.081477
 42.000000 -2.912326 -0.808793 3.537657
 42.200000 -2.989071 -0.890873 0.408013
 42.400000 -2.993620 -0.815282 1.999071
 42.600000 -2.975454 -0.836216 0.699495
 42.800000 -2.977338 -0.871347 0.053687
 43.000000 -2.943476 -0.848609 0.567421
 43.200000 -2.910942 -0.853117 1.765659
 43.400000 -2.970770 -0.920808 1.165756
 43.600000 -2.909742 -0.865799 1.666225
 43.800000 -2.983839 -0.876144 0.146829
 44.000000 -2.922368 -0.879575 1.022570
 44.200000 -2.921690 -0.826904 2.076241
 44.400000 -2.962676 -0.877384 0.020744
 44.600000 -3.061917 -0.830724 5.378415
 44.800000 -2.919832 -0.771021 6.280942
 45.000000 -2.962609 -0.864973 0.039487
 45.200000 -2.910789 -0.843226 2.016517
 45.400000 -2.938534 -0.909091 1.070304
 45.600000 -2.928031 -0.831283 1.617833
 45.800000 -2.916880 -0.935917 3.259429
 46.000000 -2.913255 -0.887717 1.560787
 46.200000 -2.930674 -0.819458 2.077448
 46.400000 -2.998014 -0.911879 1.247945
 46.600000 -2.926262 -0.783583 4.799978
 46.800000 -3.027452 -0.857499 1.938624
 47.000000 -2.887389 -0.828823 4.134772
 47.200000 -2.976221 -0.890749 0.205481
 47.400000 -2.945295 -0.920105 1.362140
 47.600000 -2.940802 -0.870637 0.346790
 47.800000 -2.942844 -0.848455 0.586250
 48.000000 -2.967705 -0.901574 0.418093
 48.200000 -2.967574 -0.785880 3.765959
 48.400000 -2.982305 -0.797171 2.965847
 48.600000 -2.941755 -0.892443 0.515749
 48.800000 -2.962604 -0.814686 1.690677
 49.000000 -2.932047 -0.861627 0.673849
 49.200000 -2.942232 -0.868152 0.318385
 49.400000 -2.940501 -0.929035 1.941469
 49.600000 -2.907678 -0.821959 3.048616
 49.800000 -2.942185 -0.865740 0.333349
 50.000000 -2.909579 -0.882158 1.697065
 50.200000 -2.936203 -0.862241 0.530393
 50.400000 -2.935721 -0.898710 0.830250
 50.600000 -3.020826 -0.825401 2.562324
 50.800000 -2.868349 -0.833999 5.619435
 51.000000 -3.071447 -0.854402 5.615147
 51.200000 -2.889376 -0.937687 5.131306
 51.400000 -2.958754 -0.808859 2.070099
 51.600000 -2.914001 -0.944266 3.970997
 51.800000 -2.960754 -0.894627 0.261047
 52.000000 -2.916419 -0.834658 2.004512
 52.200000 -2.939297 -0.911273 1.130676
 52.400000 -2.959248 -0.767069 5.605701
 52.600000 -2.961369 -0.899832 0.385214
 52.800000 -2.850999 -0.844901 7.120454
 53.000000 -2.954810 -0.971530 4.962166
 53.200000 -2.828664 -0.864282 9.611823
 53.400000 -2.967099 -0.926656 1.457549
 53.600000 -2.976381 -1.012436 9.811496
 53.800000 -2.896228 -0.850126 2.762560
 54.000000 -2.916213 -0.864663 1.324712
 54.200000 -2.950835 -0.723769 11.216645
 54.400000 -3.001939 -0.909619 1.291093
 54.600000 -2.891969 -0.867262 2.833919
 54.800000 -2.939688 -0.981647 6.313213
 55.000000 -2.871368 -0.846286 4.926359
 55.200000 -2.990613 -0.923231 1.555843
 55.400000 -2.912714 -0.875766 1.481538
 55.600000 -2.956797 -0.857413 0.168968
 55.800000 -2.897359 -0.834406 3.160956
 56.000000 -2.996455 -0.836888 1.072022
 56.200000 -2.978167 -0.828505 1.036707
 56.400000 -2.966263 -0.840932 0.503799
 56.600000 -2.955543 -0.888579 0.192954
 56.800000 -2.925385 -0.922703 2.120345
 57.000000 -2.888349 -0.846039 3.452144
 57.200000 -3.013625 -0.820448 2.447451
 57.400000 -2.952985 -0.839762 0.640343
 57.600000 -2.998373 -0.832307 1.304625
 57.800000 -2.874141 -0.822022 5.599273
 58.000000 -2.891260 -0.945634 5.535068
 58.200000 -2.982048 -0.851398 0.338450
 58.400000 -2.914486 -0.944741 3.979512
 58.600000 -2.896616 -0.848929 2.762860
 58.800000 -2.942917 -0.899607 0.654387
 59.000000 -2.868606 -0.761166 11.062498
 59.200000 -3.004259 -0.832219 1.509832
 59.400000 -2.981473 -0.826999 1.146537
 59.600000 -2.903930 -0.765031 7.785134
 59.800000 -2.994454 -0.955493 3.805522
 60.000000 -2.924020 -0.860131 1.004762
 60.200000 -2.977549 -0.913284 0.879976
 60.400000 -2.867361 -0.837410 5.591373
 60.600000 -2.983521 -0.873314 0.135700
 60.800000 -2.837879 -0.877547 8.355776
 61.000000 -3.008839 -0.836140 1.539781
 61.200000 -2.923428 -1.028796 13.140335
 61.400000 -2.899692 -0.810998 4.170642
 61.600000 -2.917975 -0.973644 6.303106
 61.800000 -2.868174 -0.853619 5.070537
 62.000000 -2.974348 -0.848152 0.326995
 62.200000 -2.939004 -0.837833 1.000175
 62.400000 -2.897792 -0.798741 5.131347
 62.600000 -3.052071 -0.822552 4.869101
 62.800000 -2.901666 -0.872961 2.138197
 63.000000 -3.001919 -0.919138 1.687458
 63.200000 -2.954544 -0.811889 1.925178
 63.400000 -2.996801 -0.904915 0.962308
 63.600000 -2.857428 -0.845348 6.382637
 63.800000 -2.940728 -0.905501 0.885804
 64.000000 -3.019053 -0.908945 2.009766
 64.200000 -2.951161 -0.841256 0.619633
 64.400000 -2.914089 -0.853481 1.586940
 64.600000 -2.928367 -0.847635 1.061798
 64.800000 -2.874153 -0.903480 4.790639
 65.000000 -2.964885 -0.933019 1.823670
 65.200000 -2.978631 -0.882217 0.112573
 65.400000 -2.912550 -0.859438 1.573120
 65.600000 -2.871523 -0.866603 4.581995
 65.800000 -2.943405 -0.847027 0.608431
 66.000000 -2.964623 -0.956730 3.536423
 66.200000 -2.914010 -0.876061 1.412928
 66.400000 -2.937053 -0.916481 1.410111
 66.600000 -2.913487 -0.867003 1.451070
 66.800000 -2.896541 -0.834923 3.198674
 67.000000 -2.940097 -0.932052 2.126909
 67.200000 -2.960452 -0.886898 0.123120
 67.400000 -2.872807 -0.856301 4.575666
 67.600000 -3.019533 -0.920246 2.508695
 67.800000 -2.883012 -0.814647 5.215007
 68.000000 -2.954895 -0.806757 2.245907
 68.200000 -3.015595 -0.851358 1.404828
 68.400000 -2.927742 -0.912367 1.561074
 68.600000 -3.007301 -0.922358 2.044418
 68.800000 -2.913430 -0.872718 1.438059
 69.000000 -2.901299 -0.861305 2.226779
 69.200000 -2.935666 -0.868563 0.501199
 69.400000 -3.000700 -0.849922 0.824456
 69.600000 -2.997169 -0.841141 0.950148
 69.800000 -2.953326 -0.767904 5.581710
 70.000000 -3.011270 -0.848371 1.272348
 70.200000 -2.914019 -0.812648 3.207639
 70.400000 -2.955232 -0.834188 0.810163
 70.600000 -2.941007 -0.903017 0.800024
 70.800000 -2.961919 -0.919283 1.099837
 71.000000 -2.926977 -0.893468 1.019711
 71.200000 -2.936257 -0.862578 0.525262
 71.400000 -2.865677 -0.827624 6.153557
 71.600000 -2.954809 -0.894146 0.305760
 71.800000 -2.990772 -0.804105 2.631359
 72.000000 -2.945666 -0.899504 0.589028
 72.200000 -2.978693 -0.804169 2.413465
 72.400000 -2.884326 -0.894016 3.650413
 72.600000 -2.897858 -0.926146 3.824556
 72.800000 -2.994921 -0.928766 1.961816
 73.000000 -2.887333 -0.859978 3.258623
 73.200000 -2.982839 -0.951649 3.243755
 73.400000 -2.834276 -0.798992 11.529584
 73.600000 -3.029814 -0.825746 3.069686
 73.800000 -2.987379 -0.741499 8.808581
 74.000000 -2.931674 -0.856883 0.750603
 74.200000 -2.861905 -0.929033 7.117434
 74.400000 -2.824614 -0.879333 10.167582
 74.600000 -2.897850 -0.947230 5.174984
 74.800000 -2.976195 -0.864906 0.071824
 75.000000 -2.974201 -0.863787 0.064899
 75.200000 -3.000449 -0.876326 0.564141
 75.400000 -2.939294 -0.824705 1.535531
 75.600000 -2.998727 -0.810195 2.452662
 75.800000 -2.903827 -0.829976 2.910352
 76.000000 -2.979750 -0.916735 1.051621
 76.200000 -2.887159 -0.919156 4.272817
 76.400000 -2.913828 -0.919652 2.520734
 76.600000 -2.932288 -0.948778 3.501141
 76.800000 -2.927002 -0.901411 1.215491
 77.000000 -2.948411 -0.868120 0.184211
 77.200000 -2.934419 -0.844938 0.917061
 77.400000 -2.955763 -0.840875 0.569097
 77.600000 -2.913704 -0.847922 1.729516
 77.800000 -3.009318 -0.892346 1.086552
 78.000000 -2.879000 -0.932548 5.670248
 78.200000 -2.986243 -0.988202 6.858483
 78.400000 -2.844682 -0.920054 8.611069
 78.600000 -2.940099 -0.898014 0.684735
 78.800000 -2.897194 -0.849859 2.700647
 79.000000 -2.957340 -0.804561 2.366287
 79.200000 -2.954633 -0.885990 0.165989
 79.400000 -2.928471 -0.826653 1.803103
 79.600000 -2.891843 -0.900165 3.206883
 79.800000 -2.926787 -0.788967 4.313573
 80.000000 -2.998259 -0.888661 0.614628
 80.200000 -2.909802 -0.904066 2.132251
 80.400000 -2.973604 -0.872561 0.021421
 80.600000 -2.871174 -0.885812 4.683411
 80.800000 -3.056282 -0.883641 4.040587
 81.000000 -2.934166 -0.825079 1.673211
 81.200000 -2.982345 -0.868334 0.126190
 81.400000 -2.871561 -0.904645 5.071404
 81.600000 -2.928685 -0.850965 0.971739
 81.800000 -2.972527 -0.910083 0.715031
 82.000000 -3.021075 -0.886917 1.560397
 82.200000 -2.849694 -0.892022 7.074682
 82.400000 -2.936944 -0.895981 0.725307
 82.600000 -2.918426 -0.847285 1.504681
 82.800000 -2.982715 -0.906435 0.692768
 83.000000 -2.996475 -0.842086 0.900154
 83.200000 -2.945824 -0.878978 0.245410
 83.400000 -2.928267 -0.861253 0.817555
 83.600000 -2.971227 -0.921852 1.218369
 83.800000 -3.021535 -0.851412 1.709626
 84.000000 -3.000804 -0.888235 0.690566
 84.200000 -2.962584 -0.816558 1.584010
 84.400000 -2.954736 -0.848840 0.359733
 84.600000 -2.963168 -0.813807 1.739662
 84.800000 -2.981096 -0.847954 0.403813
 85.000000 -2.946628 -0.851868 0.424978
 85.200000 -3.010632 -0.798364 3.709586
 85.400000 -2.959456 -0.890365 0.185566
 85.600000 -2.962483 -0.845327 0.384150
 85.800000 -2.866674 -0.821967 6.323786
 86.000000 -2.980582 -0.900402 0.476109
 86.200000 -2.925826 -0.757022 7.536766
 86.400000 -3.003232 -0.912080 1.431037
 86.600000 -2.944097 -0.820626 1.617643
 86.800000 -2.917706 -0.897986 1.538479
 87.000000 -2.963237 -0.850492 0.253113
 87.200000 -2.937739 -1.000629 8.617287
 87.400000 -2.921315 -0.833504 1.813093
 87.600000 -2.941996 -0.881980 0.357495
 87.800000 -2.899224 -0.914528 3.177074
 88.000000 -3.000537 -0.818269 2.039805
 88.200000 -2.853752 -0.878023 6.433622
 88.400000 -3.021770 -0.818627 2.956631
 88.600000 -2.887605 -0.850708 3.397567
 88.800000 -2.986682 -0.810899 2.100028
 89.000000 -2.905269 -0.925377 3.298322
 89.200000 -2.917382 -0.857709 1.345783
 89.400000 -2.876161 -0.904863 4.649681
 89.600000 -2.968994 -0.842277 0.463574
 89.800000 -2.905428 -0.830838 2.773987
 90.000000 -2.950424 -0.850070 0.393623
 90.200000 -2.932977 -0.824795 1.726595
 90.400000 -2.935870 -0.898394 0.817398
 90.600000 -2.972391 -0.804307 2.350615
 90.800000 -2.961069 -0.896231 0.295639
 91.000000 -3.038563 -0.829199 3.501003
 91.200000 -2.905404 -0.864328 1.935468
 91.400000 -2.922661 -0.853699 1.165458
 91.600000 -2.999541 -0.775012 5.295554
 91.800000 -2.884305 -0.831377 4.276528
 92.000000 -2.979725 -0.878417 0.096748
 92.200000 -2.948668 -0.823282 1.388434
 92.400000 -2.924295 -0.943122 3.396550
 92.600000 -2.978288 -0.916628 1.029440
 92.800000 -2.818385 -0.886047 11.141594
 93.000000 -2.931217 -0.917695 1.656204
 93.200000 -2.953373 -0.834439 0.824273
 93.400000 -2.913075 -0.953664 4.737647
 93.600000 -2.931816 -0.746954 8.522563
 93.800000 -2.898471 -0.935070 4.299388
 94.000000 -2.896025 -0.863795 2.562337
 94.200000 -2.891243 -0.963183 6.970872
 94.400000 -2.923663 -0.927620 2.451699
 94.600000 -2.899644 -0.901768 2.695935
 94.800000 -2.969194 -0.883997 0.066489
 95.000000 -2.848929 -0.872167 6.977615
 95.200000 -2.993457 -0.897703 0.661869
 95.400000 -2.908425 -0.795785 4.674245
 95.600000 -3.005347 -0.890434 0.890833
 95.800000 -2.929139 -0.810619 2.643808
 96.000000 -2.998063 -0.876330 0.487326
 96.200000 -2.959018 -0.934310 1.932418
 96.400000 -2.955263 -0.877384 0.080719
 96.600000 -2.936920 -0.914736 1.339177
 96.800000 -3.047660 -0.902622 3.696908
 97.000000 -2.894704 -0.761812 8.761815
 97.200000 -3.029488 -0.893130 2.158027
 97.400000 -2.946777 -0.815497 1.839785
 97.600000 -2.984668 -0.848827 0.439141
 97.800000 -2.991081 -0.890210 0.442431
 98.000000 -2.983007 -0.883257 0.183254
 98.200000 -2.923804 -0.816289 2.524602
 98.400000 -2.974760 -0.869622 0.034278
 98.600000 -2.987413 -0.827524 1.225957
 98.800000 -2.922940 -0.909027 1.634382
 99.000000 -2.889271 -0.884645 3.097315
 99.200000 -2.934574 -0.882423 0.575285
 99.400000 -2.841140 -0.902638 8.377065
 99.600000 -2.991806 -0.903992 0.796906
 99.800000 -2.941593 -0.905537 0.864563
 100.000000 -2.890692 -0.859705 2.999968
 100.200000 -2.951676 -0.875128 0.121371
 100.400000 -2.928659 -0.885716 0.822491
 100.600000 -2.952871 -0.832474 0.908308
 100.800000 -2.912637 -0.852591 1.682387
 101.000000 -2.891393 -0.881020 2.897640
 101.200000 -2.925695 -0.822233 2.127212
 101.400000 -2.866240 -0.913000 5.895739
 101.600000 -3.031350 -0.887864 2.182147
 101.800000 -2.859916 -0.863084 5.785768
 102.000000 -2.936504 -0.902580 0.914303
 102.200000 -2.927647 -0.839737 1.318794
 102.400000 -2.953665 -0.920647 1.240854
 102.600000 -3.004277 -0.779630 5.020305
 102.800000 -2.937204 -0.867617 0.458420
 103.000000 -3.014150 -0.782973 5.131014
 103.200000 -2.878676 -0.805095 6.188689
 103.400000 -3.034793 -0.933551 4.147446
 103.600000 -2.923822 -0.805893 3.164008
 103.800000 -3.005373 -0.909973 1.429911
 104.000000 -3.004910 -0.746914 8.622990
 104.200000 -2.989556 -0.861796 0.312099
 104.400000 -3.016230 -0.780239 5.480061
 104.600000 -2.956667 -0.724041 11.098561
 104.800000 -3.038145 -0.837100 3.158983
 105.000000 -2.977074 -0.797423 2.880831
 105.200000 -2.960864 -0.869951 0.022877
 105.400000 -2.969237 -0.920835 1.162559
 105.600000 -2.939614 -0.829348 1.314829
 105.800000 -2.906539 -0.912497 2.624670
 106.000000 -2.960741 -0.875627 0.024352
 106.200000 -2.932037 -0.882580 0.662436
 106.400000 -2.936980 -0.808875 2.486977
 106.600000 -2.965733 -0.863737 0.040733
 106.800000 -2.883490 -0.888979 3.624998
 107.000000 -2.979038 -0.857192 0.191438
 107.200000 -2.983324 -0.924936 1.498424
 107.400000 -2.957756 -0.717436 12.091277
 107.600000 -2.952699 -0.819736 1.503855
 107.800000 -3.024698 -0.834232 2.399619
 108.000000 -2.988492 -0.754698 7.187709
 108.200000 -3.038472 -0.867678 2.562312
 108.400000 -2.945860 -0.805941 2.450767
 108.600000 -2.975003 -0.805247 2.304145
 108.800000 -2.962190 -0.822249 1.282732
 109.000000 -3.013816 -0.907193 1.689187
 109.200000 -2.967082 -0.840357 0.521899
 109.400000 -2.914357 -0.875112 1.391759
 109.600000 -2.965815 -0.905963 0.555161
 109.800000 -2.976153 -0.811041 1.940106
 110.000000 -2.920902 -0.958689 4.765350
 110.200000 -2.858034 -0.882969 5.996377
 110.400000 -3.032297 -0.888508 2.253486
 110.600000 -2.900811 -0.897468 2.502036
 110.800000 -2.977030 -0.845929 0.407084
 111.000000 -2.905267 -0.893728 2.131031
 111.200000 -2.905120 -0.836526 2.571271
 111.400000 -2.886932 -0.816432 4.791289
 111.600000 -3.009846 -0.872238 0.915437
 111.800000 -2.862390 -0.829507 6.409158
 112.000000 -2.916896 -0.973582 6.350310
 112.200000 -2.863875 -0.888403 5.447389
 112.400000 -2.865090 -0.900198 5.577951
 112.600000 -2.947490 -0.909254 0.860860
 112.800000 -2.931915 -0.869882 0.621453
 113.000000 -2.917388 -0.835264 1.933020
 113.200000 -2.920958 -0.886244 1.154880
 113.400000 -2.954686 -0.806499 2.265485
 113.600000 -2.888172 -0.836877 3.752045
 113.800000 -2.982447 -0.905809 0.667674
 114.000000 -2.944701 -0.905897 0.802141
 114.200000 -3.029051 -0.903623 2.400668
 114.400000 -2.865688 -0.870619 5.140173
 114.600000 -2.964754 -0.863319 0.046324
 114.800000 -2.914883 -0.858874 1.456273
 115.000000 -3.021688 -0.826571 2.554439
 115.200000 -2.940243 -0.771113 5.515972
 115.400000 -2.993787 -0.923788 1.663981
 115.600000 -2.849231 -0.828350 7.923674
 115.800000 -2.979654 -0.975772 5.394903
 116.000000 -2.975031 -0.851827 0.248876
 116.200000 -2.948037 -0.858083 0.287252
 116.400000 -2.916855 -0.870874 1.261845
 116.600000 -3.010843 -0.795329 3.948878
 116.800000 -2.973989 -0.815088 1.681525
 117.000000 -3.030596 -0.862121 2.074003
 117.200000 -2.906898 -0.889313 1.948267
 117.400000 -2.890831 -0.914675 3.787866
 117.600000 -2.925716 -0.937256 2.940691
 117.800000 -2.913325 -0.867216 1.458540
 118.000000 -2.956211 -0.959096 3.794045
 118.200000 -2.937781 -0.834370 1.161886
 118.400000 -2.903233 -0.912985 2.849796
 118.600000 -2.944669 -0.784243 4.159895
 118.800000 -2.989467 -0.868642 0.259143
 119.000000 -2.911949 -0.819060 2.955314
 119.200000 -3.019378 -0.937370 3.462012
 119.400000 -2.847770 -0.894518 7.353763
 119.600000 -2.956087 -0.933961 1.938840
 119.800000 -2.873501 -0.918810 5.441295
 120.000000 -2.945310 -0.843225 0.669864
 120.200000 -2.909869 -0.889692 1.780345
 120.400000 -3.042128 -0.786348 6.542897
 120.600000 -2.840117 -0.806046 10.276204
 120.800000 -3.008546 -0.885239 0.939625
 121.000000 -2.816470 -0.800050 13.975133
 121.200000 -2.960787 -0.934908 1.956815
 121.400000 -2.922475 -0.831631 1.835800
 121.600000 -2.906576 -0.939540 4.065276
 121.800000 -2.864692 -0.908501 5.881735
 122.000000 -2.970647 -0.824215 1.180114
 122.200000 -2.908086 -0.833315 2.513146
 122.400000 -2.997311 -0.784589 4.336255
 122.600000 -2.980082 -0.825879 1.179239
 122.800000 -2.979456 -0.836493 0.731011
 123.000000 -2.901493 -0.764199 8.031853
 123.200000 -2.961597 -0.892507 0.211789
 123.400000 -2.942227 -0.936917 2.372532
 123.600000 -2.975335 -0.855282 0.185321
 123.800000 -2.911499 -0.964516 5.761837
 124.000000 -2.976100 -0.840840 0.547278
 124.200000 -2.935561 -0.877041 0.505646
 124.400000 -3.007777 -0.832190 1.648072
 124.600000 -2.967252 -0.758250 6.545360
 124.800000 -2.916004 -0.756425 8.059197
 125.000000 -2.944689 -0.898138 0.574669
 125.200000 -2.922154 -0.803913 3.371671
 125.400000 -2.941401 -0.975368 5.603190
 125.600000 -2.857941 -0.820350 7.321868
 125.800000 -2.934076 -0.944582 3.130049
 126.000000 -2.827859 -0.940798 12.009522
 126.200000 -2.954059 -0.896062 0.358228
 126.400000 -2.988733 -0.902356 0.675656
 126.600000 -2.861113 -0.808454 7.673873
 126.800000 -2.975638 -0.850286 0.287190
 127.000000 -2.867650 -0.836994 5.577281
 127.200000 -3.017597 -0.840620 1.790460
 127.400000 -2.903461 -0.822117 3.299915
 127.600000 -3.006192 -0.912684 1.566452
 127.800000 -2.842492 -0.803511 10.149608
 128.000000 -3.052074 -0.868292 3.623268
 128.200000 -3.000590 -0.846762 0.897627
 128.400000 -2.983182 -0.805619 2.377512
 128.600000 -2.873517 -0.820459 5.737798
 128.800000 -2.969727 -0.913533 0.838680
 129.000000 -2.893141 -0.899553 3.093452
 129.200000 -2.972461 -0.952375 3.191483
 129.400000 -2.921988 -0.829797 1.934552
 129.600000 -2.889465 -0.954138 6.329445
 129.800000 -2.901398 -0.871177 2.156834
 130.000000 -2.985451 -0.875759 0.173901
 130.200000 -2.911380 -0.864569 1.582913
 130.400000 -2.973054 -0.811778 1.871580
 130.600000 -2.905251 -0.850924 2.146476
 130.800000 -2.976247 -0.868575 0.050561
 131.000000 -2.910979 -0.893621 1.792093
 131.200000 -2.922696 -0.821728 2.281354
 131.400000 -2.959326 -0.837087 0.662770
 131.600000 -2.977659 -0.791865 3.320438
 131.800000 -2.987209 -0.914084 1.060763
 132.000000 -2.951489 -0.842880 0.564792
 132.200000 -3.000807 -0.873253 0.569619
 132.400000 -2.877957 -0.829959 4.881490
 132.600000 -3.010602 -0.931317 2.668005
 132.800000 -2.972559 -0.898023 0.336645
 133.000000 -2.922439 -0.871412 0.996305
 133.200000 -2.909812 -0.855815 1.780576
 133.400000 -2.984325 -0.898736 0.488902
 133.600000 -2.909384 -0.886756 1.762510
 133.800000 -2.937224 -0.874383 0.446550
 134.000000 -2.979155 -0.880386 0.102957
 134.200000 -2.953950 -0.752395 7.318311
 134.400000 -2.967052 -0.891165 0.171123
 134.600000 -2.948338 -0.856590 0.304457
 134.800000 -2.910364 -0.803216 4.018726
 135.000000 -2.946397 -0.846534 0.554874
 135.200000 -2.940671 -0.861344 0.412247
 135.400000 -2.955321 -0.836651 0.717392
 135.600000 -2.918327 -0.948910 4.094107
 135.800000 -2.897419 -0.868471 2.433726
 136.000000 -2.909858 -0.945001 4.252262
 136.200000 -2.947501 -0.839784 0.731852
 136.400000 -2.933856 -0.881627 0.591404
 136.600000 -2.998942 -0.902211 0.944731
 136.800000 -2.864326 -0.874010 5.278054
 137.000000 -2.910709 -0.934780 3.516814
 137.200000 -3.100077 -0.848317 9.143151
 137.400000 -2.908178 -0.872218 1.733647
 137.600000 -2.974110 -0.795185 3.026363
 137.800000 -2.917046 -0.911959 2.022692
 138.000000 -3.013292 -0.898750 1.408960
 138.200000 -3.002263 -0.858242 0.723653
 138.400000 -2.937370 -0.855491 0.588193
 138.600000 -2.941162 -0.859882 0.417027
 138.800000 -2.896347 -0.837726 3.110472
 139.000000 -3.064880 -0.878667 4.802375
 139.200000 -2.888181 -0.889834 3.258326
 139.400000 -2.988929 -0.881303 0.276437
 139.600000 -2.871718 -0.905944 5.098789
 139.800000 -2.981759 -0.871644 0.108557
 140.000000 -2.975555 -0.908126 0.664827
 140.200000 -2.894271 -0.895391 2.907337
 140.400000 -2.930552 -0.832581 1.469765
 140.600000 -2.945178 -0.899143 0.589934
 140.800000 -2.891648 -0.800744 5.429772
 141.000000 -2.945643 -0.916555 1.192541
 141.200000 -2.946426 -0.877930 0.226741
 141.400000 -2.884023 -0.960075 7.267821
 141.600000 -2.899547 -0.852069 2.491054
 141.800000 -2.908275 -0.889618 1.871549
 142.000000 -2.858050 -0.891317 6.115491
 142.200000 -2.898262 -0.837586 2.981848
 142.400000 -2.890982 -0.889603 3.037354
 142.600000 -2.896048 -0.912218 3.303569
 142.800000 -2.925594 -0.900475 1.246404
 143.000000 -2.963470 -0.963343 4.117714
 143.200000 -2.952473 -0.772467 5.126141
 143.400000 -2.954264 -0.918685 1.140796
 143.600000 -2.940398 -0.779270 4.716738
 143.800000 -2.961521 -0.817188 1.554140
 144.000000 -2.947197 -0.941414 2.560516
 144.200000 -2.981721 -0.834613 0.831423
 144.400000 -2.923187 -0.930244 2.620114
 144.600000 -2.904617 -0.874607 1.951413
 144.800000 -2.856759 -0.969447 10.766485
 145.000000 -2.948326 -0.916284 1.126803
 145.200000 -2.918228 -0.843041 1.631049
 145.400000 -2.925691 -0.890100 1.007688
 145.600000 -2.982859 -0.822463 1.384926
 145.800000 -2.885141 -0.891588 3.534399
 146.000000 -2.942617 -0.787788 3.900761
 146.200000 -2.998518 -0.928019 2.026901
 146.400000 -2.956350 -0.836864 0.698191
 146.600000 -2.878456 -0.829899 4.839732
 146.800000 -3.026888 -0.896482 2.073327
 147.000000 -2.964710 -0.805811 2.237494
 147.200000 -2.868681 -0.897717 5.153043
 147.400000 -2.907201 -0.861060 1.858878
 147.600000 -2.915934 -0.848299 1.603763
 147.800000 -2.957536 -0.888606 0.172416
 148.000000 -3.031153 -0.859552 2.139932
 148.200000 -2.833450 -0.898354 9.255814
 148.400000 -2.899069 -0.784905 6.162205
 148.600000 -2.989682 -0.875321 0.259409
 148.800000 -3.030592 -0.787045 5.683516
 149.000000 -3.023874 -0.844270 2.017072
 149.200000 -2.922505 -0.851084 1.225407
 149.400000 -2.943229 -0.849102 0.561544
 149.600000 -2.841585 -0.917716 8.886714
 149.800000 -3.013488 -0.896152 1.353647
 150.000000 -2.977269 -0.852030 0.265002
 150.200000 -2.889452 -0.935669 4.996252
 150.400000 -2.991720 -0.802642 2.755652
 150.600000 -2.919527 -0.843462 1.556062
 150.800000 -3.007804 -0.769386 6.163299
 151.000000 -2.907884 -0.838051 2.349928
 151.200000 -2.872763 -0.880034 4.473131
 151.400000 -2.936533 -0.914977 1.361123
 151.600000 -2.859371 -0.925621 7.200623
 151.800000 -2.945030 -0.941308 2.598630
 152.000000 -2.910124 -0.814250 3.326952
 152.200000 -2.913742 -0.902632 1.870390
 152.400000 -2.893808 -0.851147 2.914458
 152.600000 -2.882605 -0.879717 3.591186
 152.800000 -2.913981 -0.841095 1.907002
 153.000000 -2.949888 -0.962641 4.195324
 153.200000 -2.912032 -0.910705 2.237579
 153.400000 -2.850285 -0.912214 7.600206
 153.600000 -2.950543 -0.957832 3.763103
 153.800000 -2.890215 -0.843809 3.368912
 154.000000 -2.974042 -0.862074 0.080450
 154.200000 -2.905063 -0.817163 3.462033
 154.400000 -2.983855 -0.886269 0.233578
 154.600000 -2.903887 -0.798529 4.743446
 154.800000 -2.960805 -0.931134 1.728871
 155.000000 -2.879684 -0.862382 3.870152
 155.200000 -2.980744 -0.891709 0.274969
 155.400000 -2.942634 -0.907977 0.921794
 155.600000 -2.912871 -0.849408 1.738669
 155.800000 -2.883371 -0.821870 4.791963
 156.000000 -2.905320 -0.847105 2.232507
 156.200000 -2.968114 -0.891195 0.172246
 156.400000 -2.859879 -0.854319 5.912127
 156.600000 -2.922928 -0.878001 0.988031
 156.800000 -2.894691 -0.886163 2.709745
 157.000000 -2.978873 -0.856220 0.204989
 157.200000 -2.905920 -0.904830 2.386329
 157.400000 -2.990592 -0.870262 0.279760
 157.600000 -2.959056 -0.861139 0.098447
 157.800000 -2.916545 -0.866144 1.297146
 158.000000 -2.944243 -0.883023 0.313947
 158.200000 -3.026857 -0.901267 2.196903
 158.400000 -2.937349 -0.875573 0.445598
 158.600000 -2.931314 -0.828684 1.606022
 158.800000 -2.939958 -0.840731 0.877126
 159.000000 -2.987090 -0.831541 1.046169
 159.200000 -3.066946 -0.853790 5.166731
 159.400000 -2.946510 -0.910004 0.908281
 159.600000 -2.921425 -0.854344 1.209074
 159.800000 -2.868635 -0.853540 5.026587
 160.000000 -3.030234 -0.911563 2.752033
 160.200000 -2.932092 -0.835561 1.299715
 160.400000 -2.857116 -0.920100 7.168917
 160.600000 -3.044340 -0.837557 3.602420
 160.800000 -2.919023 -0.827173 2.188508
 161.000000 -3.084267 -0.846862 7.201682
 161.200000 -2.862239 -0.788201 9.060742
 161.400000 -2.907932 -0.865048 1.777062
 161.600000 -2.998867 -0.859492 0.592624
 161.800000 -2.911093 -0.911030 2.302088
 162.000000 -3.057974 -0.906468 4.704065
 162.200000 -2.885789 -0.891922 3.487898
 162.400000 -2.955752 -0.887983 0.181263
 162.600000 -2.991535 -0.787290 3.943960
 162.800000 -2.985895 -0.868184 0.187419
 163.000000 -3.052695 -0.804400 5.996722
 163.200000 -2.986523 -0.893688 0.410396
 163.400000 -2.994283 -0.895845 0.639222
 163.600000 -2.943652 -0.844179 0.679672
 163.800000 -2.988384 -0.895548 0.489171
 164.000000 -2.986346 -0.822322 1.453184
 164.200000 -2.974681 -0.848548 0.319841
 164.400000 -2.874180 -0.827518 5.332484
 164.600000 -2.931690 -0.842350 1.084996
 164.800000 -2.963068 -0.837159 0.638299
 165.000000 -2.906849 -0.817076 3.357711
 165.200000 -3.003620 -0.956626 4.193091
 165.400000 -2.810963 -0.862082 12.239130
 165.600000 -2.963307 -0.924775 1.364806
 165.800000 -2.903925 -0.910406 2.705222
 166.000000 -2.974685 -0.863040 0.075385
 166.200000 -2.894529 -0.873112 2.630455
 166.400000 -2.901538 -0.910316 2.855320
 166.600000 -2.947083 -0.850302 0.449579
 166.800000 -2.886531 -0.874015 3.243314
 167.000000 -2.922097 -0.856158 1.147038
 167.200000 -2.925915 -0.832758 1.642721
 167.400000 -2.996944 -0.938037 2.583326
 167.600000 -2.836018 -0.853283 8.773838
 167.800000 -2.958965 -0.879250 0.054443
 168.000000 -2.926220 -0.941311 3.190052
 168.200000 -2.978848 -0.909970 0.765329
 168.400000 -2.930746 -0.840392 1.180095
 168.600000 -2.972708 -0.932867 1.828124
 168.800000 -2.863624 -0.764040 11.249111
 169.000000 -2.974036 -0.882458 0.072288
 169.200000 -3.013215 -0.831997 1.892077
 169.400000 -2.975421 -0.850040 0.290900
 169.600000 -2.863909 -0.790513 8.694494
 169.800000 -2.958029 -0.893959 0.267509
 170.000000 -2.954386 -0.883496 0.138971
 170.200000 -2.960335 -0.807101 2.171880
 170.400000 -3.089711 -0.959655 11.305253
 170.600000 -2.825386 -0.742623 18.491230
 170.800000 -2.949750 -0.912737 0.952719
 171.000000 -2.918702 -0.899504 1.529433
 171.200000 -2.929294 -0.873596 0.713556
 171.400000 -2.889722 -0.862493 3.042259
 171.600000 -3.025866 -0.778929 6.122309
 171.800000 -2.857591 -0.872523 5.991743
 172.000000 -3.058926 -0.776654 8.828767
 172.200000 -2.922647 -0.887220 1.092163
 172.400000 -2.959063 -0.802308 2.506973
 172.600000 -2.894022 -0.859038 2.760092
 172.800000 -2.977649 -0.945915 2.738860
 173.000000 -2.927303 -0.784754 4.654461
 173.200000 -2.853269 -0.922797 7.730756
 173.400000 -2.931908 -0.843106 1.054658
 173.600000 -2.862996 -0.817996 6.909001
 173.800000 -3.003281 -0.870028 0.659450
 174.000000 -2.875451 -0.765436 9.945024
 174.200000 -2.873299 -0.909391 5.069894
 174.400000 -2.961446 -0.821805 1.309130
 174.600000 -2.902502 -0.951802 5.215276
 174.800000 -2.910379 -0.855909 1.746703
 175.000000 -2.796268 -0.806949 16.744090
 175.200000 -2.924725 -0.966665 5.314135
 175.400000 -2.896722 -0.927903 3.999368
 175.600000 -2.954401 -0.941265 2.433117
 175.800000 -2.949849 -0.852184 0.357824
 176.000000 -2.867852 -0.861109 4.987809
 176.200000 -2.978059 -0.823295 1.279166
 176.400000 -2.993971 -0.893700 0.583346
 176.600000 -2.927912 -0.792262 3.998509
 176.800000 -2.962575 -0.846705 0.347007
 177.000000 -2.991487 -0.894768 0.542616
 177.200000 -2.954942 -0.817549 1.592302
 177.400000 -2.976585 -0.907669 0.658023
 177.600000 -2.973723 -0.863183 0.067150
 177.800000 -2.941960 -0.820913 1.654133
 178.000000 -2.932460 -0.811856 2.447428
 178.200000 -3.038401 -0.851185 2.775491
 178.400000 -2.944369 -0.856468 0.388608
 178.600000 -2.984296 -0.864511 0.181787
 178.800000 -2.891992 -0.917562 3.825441
 179.000000 -2.932597 -0.908035 1.219357
 179.200000 -2.885376 -0.924328 4.670670
 179.400000 -2.919994 -1.007640 10.216722
 179.600000 -2.887700 -0.882431 3.196698
 179.800000 -2.903266 -0.918869 3.102247
 180.000000 -3.006082 -0.860416 0.836389
 180.200000 -2.868550 -0.867105 4.867576
 180.400000 -2.932641 -0.940183 2.871699
 180.600000 -2.889394 -0.886510 3.111832
 180.800000 -2.940473 -0.911969 1.125847
 181.000000 -2.881624 -0.888416 3.773655
 181.200000 -3.029971 -0.912830 2.785542
 181.400000 -2.868206 -0.830215 5.786980
 181.600000 -2.860875 -0.852111 5.848878
 181.800000 -3.021108 -0.934770 3.389177
 182.000000 -2.912907 -0.826881 2.514356
 182.200000 -2.945798 -0.904687 0.738724
 182.400000 -2.890954 -0.817713 4.405896
 182.600000 -2.993717 -0.937296 2.443910
 182.800000 -2.945750 -0.830309 1.124056
 183.000000 -3.030900 -0.923215 3.315486
 183.200000 -2.963095 -0.836047 0.678272
 183.400000 -2.990295 -0.804693 2.580036
 183.600000 -2.951264 -0.893159 0.334772
 183.800000 -2.955760 -0.698187 15.285136
 184.000000 -3.023855 -0.867988 1.623778
 184.200000 -2.942827 -0.798814 3.020575
 184.400000 -2.876715 -0.811598 5.945620
 184.600000 -3.000075 -0.946825 3.294891
 184.800000 -2.892340 -0.840346 3.313759
 185.000000 -2.944234 -0.864476 0.294031
 185.200000 -2.931367 -0.841331 1.127887
 185.400000 -3.037581 -0.892049 2.674492
 185.600000 -2.871636 -0.855955 4.692457
 185.800000 -2.986958 -0.910632 0.918712
 186.000000 -2.929377 -0.885987 0.798728
 186.200000 -2.947991 -0.860185 0.259678
 186.400000 -2.961053 -0.907914 0.639304
 186.600000 -2.881881 -0.911681 4.388825
 186.800000 -2.900680 -0.870809 2.204866
 187.000000 -2.870409 -0.843665 5.091128
 187.200000 -3.057509 -0.881325 4.128036
 187.400000 -2.810589 -0.869124 12.247888
 187.600000 -2.989767 -0.896920 0.551982
 187.800000 -2.871535 -0.913093 5.379724
 188.000000 -2.993767 -0.881356 0.394414
 188.200000 -2.883803 -0.881566 3.505491
 188.400000 -2.976455 -0.877977 0.058244
 188.600000 -2.881986 -0.822318 4.886115
 188.800000 -2.977222 -0.807393 2.181847
 189.000000 -2.941945 -0.847465 0.632878
 189.200000 -2.970288 -0.820449 1.368445
 189.400000 -2.892570 -0.849864 3.034264
 189.600000 -3.047134 -0.906554 3.780160
 189.800000 -2.825619 -0.911995 10.776246
 190.000000 -2.929422 -0.965167 4.986624
 190.200000 -2.956764 -0.909357 0.726168
 190.400000 -2.959490 -0.925744 1.437346
 190.600000 -2.903798 -0.804307 4.337410
 190.800000 -2.966961 -0.862554 0.051113
 191.000000 -2.936603 -0.852527 0.666565
 191.200000 -2.917654 -0.904682 1.733017
 191.400000 -2.997357 -0.857417 0.575209
 191.600000 -2.910501 -0.803999 3.956908
 191.800000 -3.014257 -0.842696 1.562833
 192.000000 -2.994344 -0.835522 1.061984
 192.200000 -2.968151 -0.748540 7.704064
 192.400000 -3.041375 -0.871218 2.762434
 192.600000 -2.927056 -0.749689 8.361629
 192.800000 -3.064703 -0.890345 4.923413
 193.000000 -2.798837 -0.804609 16.465215
 193.200000 -3.072072 -0.841177 6.009507
 193.400000 -2.836430 -0.914855 9.422069
 193.600000 -2.969987 -0.857740 0.115651
 193.800000 -2.903268 -0.888243 2.156014
 194.000000 -2.936009 -0.859048 0.574768
 194.200000 -2.993000 -0.877873 0.350012
 194.400000 -2.943762 -0.898635 0.608625
 194.600000 -2.948555 -0.874732 0.173354
 194.800000 -2.924799 -0.888186 1.013455
 195.000000 -2.991302 -0.766111 5.970654
 195.200000 -3.008093 -0.902240 1.279196
 195.400000 -2.873823 -0.855516 4.493620
 195.600000 -2.961691 -0.843088 0.451807
 195.800000 -2.900811 -0.919754 3.303137
 196.000000 -2.943479 -0.816149 1.875021
 196.200000 -2.897550 -0.890496 2.574772
 196.400000 -2.988406 -0.861037 0.295429
 196.600000 -2.941897 -0.827640 1.330181
 196.800000 -2.944110 -0.862714 0.312855
 197.000000 -2.910648 -0.859862 1.673082
 197.200000 -2.918110 -0.862760 1.247064
 197.400000 -2.980920 -0.915048 0.994256
 197.600000 -2.964075 -0.907227 0.601724
 197.800000 -2.924067 -0.879756 0.949343
 198.000000 -2.875467 -0.866799 4.211850
 198.200000 -2.999299 -0.801010 3.086898
 198.400000 -2.915716 -0.932568 3.112304
 198.600000 -2.960895 -0.803126 2.436840
 198.800000 -2.900446 -0.930070 3.866360
 199.000000 -2.896765 -0.889615 2.614346
 199.200000 -2.930469 -0.906752 1.250414
 199.400000 -2.946354 -0.926145 1.644430
 199.600000 -2.909060 -0.804862 3.980573
 199.800000 -2.941672 -0.902696 0.773193
 200.000000 -2.949978 -0.812969 1.927686
