#! FIELDS time phi psi restraint.bias
#! SET min_phi -pi
#! SET max_phi pi
#! SET min_psi -pi
#! SET max_psi pi
 0.000000 -0.879936 2.512627 490.398152
 0.200000 -0.079979 2.948694 3.366948
 0.400000 -0.054116 2.977609 1.519919
 0.600000 -0.098923 2.864121 10.191063
 0.800000 -0.132998 2.921808 9.868151
 1.000000 -0.086194 2.886710 6.942815
 1.200000 -0.090517 2.973075 4.114720
 1.400000 -0.024375 3.003039 0.944325
 1.600000 -0.140622 2.942601 10.186417
 1.800000 -0.079650 2.915772 4.487288
 2.000000 -0.049061 2.942215 1.512106
 2.200000 -0.088278 2.930756 4.555495
 2.400000 -0.022372 2.923487 1.199537
 2.600000 -0.051871 2.876343 5.460102
 2.800000 -0.051696 2.969461 1.339119
 3.000000 -0.146256 2.921934 11.713634
 3.200000 -0.072284 2.930854 3.267896
 3.400000 -0.031069 2.916701 1.750652
 3.600000 -0.146829 2.834945 19.506549
 3.800000 -0.066310 2.898552 4.545121
 4.000000 -0.053133 2.935108 1.922000
 4.200000 -0.052303 2.865249 6.550472
 4.400000 -0.110588 2.975780 6.152852
 4.600000 0.044401 3.005979 1.743090
 4.800000 -0.019979 2.887702 3.348425
 5.000000 -0.180281 2.875189 20.470723
 5.200000 -0.021028 2.966516 0.221231
 5.400000 -0.039722 2.960043 0.813533
 5.600000 -0.053792 2.886889 4.660490
 5.800000 -0.038851 2.909178 2.429836
 6.000000 0.013017 2.925354 0.954430
 6.200000 -0.086600 2.844744 11.230379
 6.400000 -0.098468 2.888734 7.915406
 6.600000 -0.060519 2.946318 2.046411
 6.800000 -0.045872 2.782865 18.016009
 7.000000 -0.018514 2.925984 1.015002
 7.200000 0.022826 2.973290 0.279914
 7.400000 -0.079660 2.905874 5.044705
 7.600000 -0.036110 2.950479 0.789428
 7.800000 -0.076781 2.995607 3.355157
 8.000000 -0.066851 2.899291 4.530833
 8.200000 -0.034385 2.894412 3.230016
 8.400000 0.064467 3.007652 2.901881
 8.600000 -0.241917 2.923145 30.226224
 8.800000 -0.029712 2.854502 6.776016
 9.000000 0.006129 2.995684 0.428459
 9.200000 -0.070316 2.877072 6.521037
 9.400000 -0.085267 2.819862 14.468798
 9.600000 0.045667 2.937980 1.465564
 9.800000 -0.003352 2.884723 3.395305
 10.000000 -0.091090 2.844038 11.715859
 10.200000 0.022281 2.892884 2.999259
 10.400000 -0.044387 2.856304 7.118527
 10.600000 -0.134823 2.900082 11.331569
 10.800000 -0.030397 2.841341 8.364550
 11.000000 -0.037866 2.942820 1.010690
 11.200000 -0.019382 2.909657 1.835354
 11.400000 -0.127193 2.869824 12.816471
 11.600000 -0.057414 2.962932 1.656724
 11.800000 -0.043057 2.856406 7.049062
 12.000000 -0.140376 2.840071 17.915903
 12.200000 -0.033244 2.980828 0.647347
 12.400000 -0.060803 2.880872 5.562640
 12.600000 -0.109127 2.834935 14.682804
 12.800000 0.046801 2.881405 4.763504
 13.000000 -0.002699 2.898882 2.327766
 13.200000 -0.139664 2.866818 14.777293
 13.400000 0.038151 2.949528 0.881442
 13.600000 0.059488 2.958235 1.808317
 13.800000 -0.151254 2.886587 14.676881
 14.000000 -0.042983 2.959451 0.952726
 14.200000 -0.016583 2.971715 0.148336
 14.400000 0.008503 2.909694 1.681586
 14.600000 -0.057941 2.905913 3.547999
 14.800000 -0.093949 2.955970 4.474654
 15.000000 0.003889 2.954337 0.088501
 15.200000 0.001419 2.913471 1.436902
 15.400000 -0.085503 2.930973 4.306513
 15.600000 -0.016415 2.895530 2.692979
 15.800000 -0.037608 3.015229 1.867318
 16.000000 -0.004822 2.971290 0.020574
 16.200000 -0.002192 2.949046 0.164649
 16.400000 -0.022494 2.903663 2.262550
 16.600000 -0.145909 2.892312 13.438397
 16.800000 0.026237 2.961318 0.360674
 17.000000 0.011920 2.924289 0.985695
 17.200000 -0.059916 2.921186 2.847170
 17.400000 0.033113 3.033986 2.787840
 17.600000 0.059103 3.092137 9.568714
 17.800000 -0.083117 2.933115 4.030317
 18.000000 -0.005148 2.989369 0.262094
 18.200000 -0.128406 2.890562 11.170088
 18.400000 0.045837 2.892087 3.860945
 18.600000 -0.071325 2.923456 3.494233
 18.800000 -0.027144 2.894412 3.007286
 19.000000 -0.051180 2.833587 10.217123
 19.200000 -0.004257 2.914097 1.411564
 19.400000 -0.073425 2.950646 2.830341
 19.600000 -0.106639 2.781506 22.900996
 19.800000 0.002062 2.957721 0.045736
 20.000000 -0.020134 2.937583 0.637134
 20.200000 -0.049396 2.831567 10.399159
 20.400000 0.013050 2.945213 0.323799
 20.600000 0.000277 2.901560 2.145116
 20.800000 -0.103054 2.835059 14.022214
 21.000000 -0.107509 2.903982 7.768499
 21.200000 0.029535 2.966895 0.436172
 21.400000 -0.054476 2.922393 2.481346
 21.600000 -0.083367 2.887537 6.636930
 21.800000 0.016922 2.918930 1.301411
 22.000000 -0.037997 2.942659 1.019583
 22.200000 -0.002436 2.940051 0.367705
 22.400000 0.090064 2.940003 4.421769
 22.600000 -0.064679 2.948622 2.261634
 22.800000 -0.136850 2.932315 9.967528
 23.000000 -0.048885 2.890461 4.128528
 23.200000 0.025396 2.996224 0.747762
 23.400000 -0.088020 2.889467 6.884096
 23.600000 -0.127555 2.881610 11.786065
 23.800000 -0.123134 2.997629 8.048238
 24.000000 -0.079673 2.848923 10.152070
 24.200000 -0.103137 3.058870 9.533177
 24.400000 -0.125823 2.926284 8.747067
 24.600000 0.007481 2.832629 9.063783
 24.800000 -0.036694 2.872305 5.162474
 25.000000 -0.161372 2.924287 13.935244
 25.200000 -0.064561 2.934415 2.616913
 25.400000 -0.096539 2.953938 4.745981
 25.600000 -0.005273 2.888513 3.098664
 25.800000 -0.024756 2.933735 0.861682
 26.000000 -0.034436 2.849110 7.548934
 26.200000 -0.102414 2.901202 7.413015
 26.400000 -0.021666 2.923892 1.166443
 26.600000 0.018503 2.894857 2.777770
 26.800000 -0.123028 2.959723 7.594896
 27.000000 -0.005181 2.977936 0.072569
 27.200000 -0.164346 2.924939 14.391840
 27.400000 -0.121991 2.966317 7.441211
 27.600000 -0.041706 2.974545 0.897696
 27.800000 -0.039976 2.920979 1.860749
 28.000000 -0.054267 2.929782 2.167274
 28.200000 0.022633 2.945821 0.481667
 28.400000 -0.092047 2.915189 5.581608
 28.600000 -0.084676 2.907021 5.387336
 28.800000 -0.094196 2.939692 4.810961
 29.000000 -0.046523 2.852284 7.668893
 29.200000 0.005583 2.858777 5.878112
 29.400000 -0.045378 2.943785 1.300421
 29.600000 -0.088889 2.914086 5.353736
 29.800000 -0.027098 2.895217 2.947882
 30.000000 -0.126491 2.970557 8.006053
 30.200000 -0.035372 2.950547 0.761919
 30.400000 -0.031880 2.889768 3.495135
 30.600000 -0.103523 2.862005 10.876784
 30.800000 0.004794 2.926464 0.835514
 31.000000 -0.042205 2.907905 2.640274
 31.200000 -0.035072 2.894870 3.220733
 31.400000 -0.109451 2.914447 7.373884
 31.600000 -0.110637 2.800248 20.033247
 31.800000 -0.096010 2.832464 13.666954
 32.000000 0.035948 2.922508 1.638571
 32.200000 -0.093758 2.818462 15.435949
 32.400000 -0.093377 2.895419 6.925814
 32.600000 -0.080846 3.021563 4.753361
 32.800000 -0.081960 2.913881 4.772702
 33.000000 -0.047544 2.887305 4.310642
 33.200000 -0.008012 2.993446 0.380218
 33.400000 -0.065623 2.907563 3.923089
 33.600000 -0.011214 2.917454 1.293261
 33.800000 -0.077353 2.928144 3.748963
 34.000000 -0.066451 2.884650 5.603537
 34.200000 -0.072357 2.937493 3.054872
 34.400000 0.025457 2.881503 3.984028
 34.600000 -0.133521 2.885872 12.209634
 34.800000 -0.043579 2.860277 6.650820
 35.000000 -0.071661 2.964184 2.571771
 35.200000 -0.139916 2.920651 10.865089
 35.400000 -0.096447 2.883611 8.132861
 35.600000 -0.100230 2.919080 6.174066
 35.800000 -0.017312 2.937380 0.590282
 36.000000 0.002761 2.861788 5.544838
 36.200000 -0.103071 2.862956 10.730579
 36.400000 -0.084106 2.941671 3.859210
 36.600000 -0.069302 2.855538 8.619907
 36.800000 -0.086325 2.974959 3.757180
 37.000000 -0.025434 2.984212 0.470540
 37.200000 -0.069494 2.862975 7.831525
 37.400000 -0.075368 2.920956 3.902949
 37.600000 -0.005977 2.986710 0.210920
 37.800000 -0.098295 2.949882 4.978459
 38.000000 -0.008951 2.913844 1.456009
 38.200000 -0.061067 2.983619 2.001705
 38.400000 0.006895 2.962833 0.032703
 38.600000 -0.148758 2.933462 11.628893
 38.800000 -0.161924 2.952922 13.209709
 39.000000 -0.041358 2.978197 0.917278
 39.200000 -0.022316 2.870031 4.956316
 39.400000 -0.064746 2.879488 5.930366
 39.600000 -0.049685 2.919968 2.343084
 39.800000 -0.120687 2.909939 8.914035
 40.000000 -0.088402 2.886343 7.165044
 40.200000 -0.034150 2.889832 3.565165
 40.400000 -0.054528 2.895059 4.078689
 40.600000 0.059805 2.769410 21.321050
 40.800000 -0.025589 2.911795 1.854476
 41.000000 -0.019167 2.942460 0.486252
 41.200000 -0.077895 2.880226 6.803894
 41.400000 -0.089704 2.971435 4.032938
 41.600000 0.003278 2.942216 0.313973
 41.800000 -0.062653 2.927362 2.750644
 42.000000 -0.105774 2.950586 5.729747
 42.200000 -0.096832 2.959040 4.720333
 42.400000 0.005216 2.935419 0.514172
 42.600000 -0.100516 2.939756 5.424432
 42.800000 -0.120418 2.969384 7.252935
 43.000000 -0.141341 2.849786 16.865295
 43.200000 -0.054934 2.896199 4.019498
 43.400000 -0.070496 2.989151 2.728862
 43.600000 -0.045340 2.857480 7.031728
 43.800000 -0.111843 2.954171 6.337434
 44.000000 -0.149269 2.976567 11.185876
 44.200000 -0.049756 2.858107 7.173174
 44.400000 -0.021368 2.935826 0.716073
 44.600000 -0.039930 2.905578 2.687217
 44.800000 -0.072676 2.893776 5.326157
 45.000000 0.045207 2.915727 2.339351
 45.200000 -0.018537 2.915802 1.485497
 45.400000 -0.041078 2.898858 3.169391
 45.600000 -0.070061 2.762847 23.305690
 45.800000 -0.054694 2.850352 8.306088
 46.000000 0.031811 3.018832 1.846151
 46.200000 -0.021131 2.763221 20.998441
 46.400000 -0.059116 2.834544 10.527500
 46.600000 -0.047888 2.922721 2.129598
 46.800000 -0.034280 2.879378 4.431603
 47.000000 0.022622 2.856035 6.419096
 47.200000 -0.066715 2.902878 4.285110
 47.400000 -0.000609 2.899233 2.300432
 47.600000 -0.103667 2.901486 7.523375
 47.800000 -0.017164 2.968659 0.148583
 48.000000 -0.040804 2.922057 1.845077
 48.200000 -0.118443 2.886209 10.282786
 48.400000 -0.051496 2.833522 10.242037
 48.600000 -0.134023 2.959388 9.010575
 48.800000 -0.169753 2.979194 14.481708
 49.000000 -0.152291 2.861472 17.170557
 49.200000 -0.038249 2.879589 4.557013
 49.400000 -0.086172 2.950049 3.857453
 49.600000 -0.070333 2.929141 3.192283
 49.800000 -0.016670 2.894990 2.735970
 50.000000 -0.119216 2.943318 7.388042
 50.200000 -0.074132 2.893245 5.472074
 50.400000 -0.034833 2.929392 1.316107
 50.600000 -0.042279 2.965250 0.895398
 50.800000 -0.019476 2.892561 2.964678
 51.000000 -0.077548 2.871980 7.526914
 51.200000 -0.060134 2.955686 1.872744
 51.400000 -0.053048 2.883660 4.884821
 51.600000 -0.041207 2.927612 1.627079
 51.800000 -0.127956 2.935860 8.673075
 52.000000 -0.157349 2.880929 16.088608
 52.200000 -0.082147 2.982778 3.497594
 52.400000 -0.037993 2.842629 8.463257
 52.600000 -0.000889 2.852890 6.517742
 52.800000 -0.054346 2.856402 7.599356
 53.000000 -0.010353 2.835563 8.699343
 53.200000 -0.100381 2.916224 6.330331
 53.400000 -0.085295 2.821605 14.216141
 53.600000 -0.056375 2.908382 3.310589
 53.800000 -0.039399 2.943326 1.057769
 54.000000 -0.125948 2.863280 13.316536
 54.200000 -0.040085 2.914803 2.168780
 54.400000 -0.017084 2.969595 0.149151
 54.600000 -0.060820 2.950058 1.994077
 54.800000 -0.057881 2.954445 1.754665
 55.000000 -0.004125 2.906727 1.828552
 55.200000 -0.082514 2.955187 3.474791
 55.400000 -0.088137 2.988535 4.114654
 55.600000 0.010017 2.944287 0.309462
 55.800000 -0.059783 2.937438 2.225740
 56.000000 -0.011710 2.933017 0.648020
 56.200000 0.034342 2.933601 1.149446
 56.400000 -0.126455 2.909641 9.643853
 56.600000 -0.077890 2.921951 4.050801
 56.800000 0.042956 2.979279 0.997272
 57.000000 -0.010281 2.875269 4.265594
 57.200000 -0.048449 2.904758 3.114417
 57.400000 0.005191 2.928116 0.771776
 57.600000 -0.087128 2.967799 3.795919
 57.800000 -0.088217 2.899203 6.193337
 58.000000 -0.058180 2.850899 8.439128
 58.200000 -0.114623 2.944409 6.825715
 58.400000 -0.067265 2.821094 12.915311
 58.600000 0.000987 2.841848 7.839508
 58.800000 -0.120519 2.888495 10.348626
 59.000000 -0.095585 2.918187 5.762473
 59.200000 -0.055766 2.834693 10.315408
 59.400000 -0.055180 2.867955 6.433240
 59.600000 -0.070976 2.937657 2.951072
 59.800000 -0.052624 2.866970 6.393609
 60.000000 -0.126507 2.918771 9.167889
 60.200000 -0.099963 2.919835 6.111390
 60.400000 -0.079927 2.919435 4.328203
 60.600000 -0.102258 3.004965 5.946699
 60.800000 -0.056095 3.000058 2.117732
 61.000000 0.041642 2.888768 3.931842
 61.200000 -0.106775 2.944757 5.949179
 61.400000 -0.035564 2.974872 0.662914
 61.600000 -0.042174 2.893666 3.582630
 61.800000 -0.016605 2.895009 2.733500
 62.000000 -0.008753 2.885313 3.379605
 62.200000 -0.050540 2.833838 10.151196
 62.400000 -0.065514 2.891095 5.031370
 62.600000 -0.180883 2.953775 16.447580
 62.800000 -0.048849 2.835858 9.800094
 63.000000 -0.119147 2.933327 7.666932
 63.200000 -0.039410 2.962712 0.786028
 63.400000 -0.038246 2.851697 7.385630
 63.600000 -0.069428 2.940164 2.771806
 63.800000 -0.026092 2.945623 0.570174
 64.000000 -0.009481 2.905916 1.914219
 64.200000 -0.090191 2.870249 8.753456
 64.400000 -0.069114 2.908774 4.087016
 64.600000 0.015842 3.045304 3.186533
 64.800000 -0.078093 2.968863 3.050913
 65.000000 -0.063568 2.847914 9.118347
 65.200000 0.047907 2.867672 6.086500
 65.400000 -0.072958 2.876476 6.764092
 65.600000 -0.045768 2.913430 2.485428
 65.800000 -0.032903 2.846181 7.847074
 66.000000 -0.064976 2.827368 11.867789
 66.200000 -0.094782 2.906109 6.349349
 66.400000 0.026138 2.881178 4.029467
 66.600000 -0.031329 2.847557 7.631232
 66.800000 -0.077961 2.882204 6.639184
 67.000000 -0.014393 2.971027 0.111453
 67.200000 -0.039442 2.945204 1.016691
 67.400000 -0.065957 2.913056 3.633380
 67.600000 -0.029926 2.918468 1.628376
 67.800000 0.002336 3.006407 0.776837
 68.000000 -0.154718 2.967284 11.968903
 68.200000 -0.169633 2.930343 15.061765
 68.400000 -0.078532 2.941422 3.412257
 68.600000 -0.015788 2.992010 0.435900
 68.800000 -0.034029 2.996147 1.002048
 69.000000 -0.132063 2.909917 10.353010
 69.200000 0.037015 2.918020 1.887502
 69.400000 0.082922 3.004063 4.122654
 69.600000 -0.075552 2.852036 9.469270
 69.800000 -0.113182 2.904708 8.348964
 70.000000 -0.051539 2.974491 1.355770
 70.200000 -0.058778 2.914023 3.133900
 70.400000 0.005142 2.921962 1.030106
 70.600000 -0.082088 2.908283 5.096617
 70.800000 0.026549 3.009910 1.270498
 71.000000 0.029046 2.981504 0.526161
 71.200000 -0.093772 2.961077 4.414456
 71.400000 -0.052065 2.925990 2.198740
 71.600000 -0.021827 3.026472 2.003105
 71.800000 -0.076323 2.980191 2.998825
 72.000000 -0.056195 2.940236 1.938708
 72.200000 0.003118 2.925661 0.861798
 72.400000 -0.091170 2.859391 9.952356
 72.600000 -0.014336 2.965295 0.104316
 72.800000 -0.016094 2.950405 0.268201
 73.000000 -0.007555 2.886747 3.253609
 73.200000 -0.103475 2.885971 8.641242
 73.400000 0.064761 2.913726 3.519232
 73.600000 -0.093637 2.962498 4.394359
 73.800000 -0.050513 2.897561 3.690833
 74.000000 -0.098668 2.885064 8.229302
 74.200000 0.006100 2.866282 5.096689
 74.400000 -0.203255 2.933188 21.229923
 74.600000 -0.132165 2.864366 14.006710
 74.800000 -0.050335 2.870211 5.956695
 75.000000 -0.070981 2.877850 6.498374
 75.200000 -0.060362 2.864743 7.056176
 75.400000 -0.066401 2.887112 5.400417
 75.600000 -0.018594 2.816573 11.496037
 75.800000 -0.110158 2.962771 6.076592
 76.000000 -0.029302 2.914581 1.806301
 76.200000 -0.136118 2.871074 13.870711
 76.400000 -0.025220 2.903563 2.333913
 76.600000 0.030891 2.958118 0.517112
 76.800000 -0.050396 2.887498 4.434879
 77.000000 -0.047330 2.918155 2.315886
 77.200000 -0.051094 2.950507 1.442308
 77.400000 0.044907 2.891337 3.875308
 77.600000 -0.054833 2.904813 3.440626
 77.800000 -0.004552 2.955254 0.080041
 78.000000 -0.065259 2.855282 8.376516
 78.200000 -0.093760 2.942585 4.695027
 78.400000 -0.094400 2.959060 4.487643
 78.600000 -0.099723 2.929656 5.671810
 78.800000 -0.026184 2.981547 0.447733
 79.000000 -0.084559 2.976592 3.620512
 79.200000 -0.062644 2.899264 4.260266
 79.400000 -0.045465 2.993602 1.385785
 79.600000 0.011069 2.872696 4.513476
 79.800000 0.001135 2.878530 3.919437
 80.000000 -0.020862 2.904337 2.184705
 80.200000 -0.117837 2.877044 10.994212
 80.400000 -0.114165 2.845449 13.911302
 80.600000 -0.076827 2.847495 10.099047
 80.800000 -0.027431 2.840276 8.413229
 81.000000 -0.028787 2.917089 1.662863
 81.200000 -0.131955 2.932213 9.313249
 81.400000 -0.099552 2.873941 9.290889
 81.600000 -0.049169 2.963409 1.215444
 81.800000 -0.030476 2.970329 0.469751
 82.000000 -0.052243 2.866670 6.403682
 82.200000 0.021226 2.857122 6.268390
 82.400000 0.021678 3.001774 0.837503
 82.600000 -0.057718 2.970419 1.671311
 82.800000 -0.048367 2.913187 2.620838
 83.000000 -0.043218 2.966201 0.934249
 83.200000 -0.107527 2.994392 6.154509
 83.400000 -0.132291 2.843377 16.399174
 83.600000 -0.166579 2.894947 16.474430
 83.800000 -0.036935 2.911562 2.222123
 84.000000 -0.053436 2.853337 7.894117
 84.200000 -0.050684 2.879756 5.095402
 84.400000 -0.023431 2.907419 2.053011
 84.600000 -0.172569 2.931063 15.537921
 84.800000 -0.094906 2.885415 7.836496
 85.000000 -0.043124 2.955559 0.995969
 85.200000 -0.022418 2.893967 2.922547
 85.400000 -0.035812 2.849828 7.512884
 85.600000 -0.049488 2.888002 4.349570
 85.800000 -0.047293 2.949816 1.267004
 86.000000 -0.025566 2.857383 6.341334
 86.200000 -0.170568 2.935831 15.034427
 86.400000 0.036485 2.938668 1.068607
 86.600000 -0.021542 2.942299 0.538562
 86.800000 -0.007316 2.867704 4.962494
 87.000000 -0.054162 3.079520 7.790400
 87.200000 -0.022819 2.969945 0.264508
 87.400000 -0.187631 2.876382 21.713875
 87.600000 -0.064039 2.947133 2.249005
 87.800000 -0.064994 2.928331 2.862104
 88.000000 0.016537 2.842923 7.841721
 88.200000 -0.006343 2.893970 2.691162
 88.400000 -0.052704 2.927597 2.167518
 88.600000 -0.068963 2.854900 8.667810
 88.800000 -0.138158 2.919483 10.675653
 89.000000 -0.056346 2.915007 2.942200
 89.200000 -0.057955 2.808303 14.281180
 89.400000 -0.002577 2.890462 2.936956
 89.600000 -0.056200 2.897496 3.998753
 89.800000 -0.040083 2.825494 10.823681
 90.000000 -0.132811 2.921147 9.873330
 90.200000 -0.105057 2.964321 5.522234
 90.400000 -0.048503 2.934398 1.709676
 90.600000 -0.149310 2.910636 12.738469
 90.800000 -0.066220 2.899517 4.473544
 91.000000 -0.056826 2.957198 1.663203
 91.200000 -0.137361 2.895624 11.985590
 91.400000 0.034790 2.877982 4.572571
 91.600000 -0.079414 2.921884 4.173721
 91.800000 -0.057743 2.926914 2.472956
 92.000000 -0.115301 2.924533 7.551438
 92.200000 -0.040573 2.920763 1.894799
 92.400000 -0.034159 2.925950 1.428422
 92.600000 -0.032192 2.907610 2.285292
 92.800000 -0.001736 2.905533 1.894276
 93.000000 -0.015393 2.923066 1.086188
 93.200000 -0.041369 2.948813 1.022193
 93.400000 -0.050522 2.872964 5.703226
 93.600000 -0.160492 2.938418 13.289049
 93.800000 -0.046110 2.856425 7.183086
 94.000000 -0.122063 2.889037 10.493481
 94.200000 -0.051543 2.906451 3.165027
 94.400000 -0.123778 2.909577 9.312631
 94.600000 0.017546 2.907002 1.957411
 94.800000 -0.071474 2.926494 3.377039
 95.000000 -0.022301 2.920369 1.338681
 95.200000 -0.008598 2.933866 0.587860
 95.400000 -0.044398 2.916419 2.267803
 95.600000 -0.074757 2.856879 8.864247
 95.800000 -0.033435 2.950053 0.703571
 96.000000 0.055586 2.905206 3.457874
 96.200000 -0.123304 2.932067 8.214232
 96.400000 -0.100274 2.982081 5.140283
 96.600000 -0.074783 2.944952 3.040590
 96.800000 -0.040591 2.953659 0.913590
 97.000000 -0.024588 2.872475 4.775396
 97.200000 -0.012067 2.867125 5.066320
 97.400000 0.014862 2.974870 0.140939
 97.600000 -0.020887 2.842893 7.926828
 97.800000 0.008433 2.735819 26.771614
 98.000000 0.013370 2.998515 0.584078
 98.200000 -0.063029 2.927229 2.779572
 98.400000 -0.099974 2.883973 8.449088
 98.600000 -0.085886 2.921933 4.706417
 98.800000 -0.106034 2.863806 10.952281
 99.000000 -0.059134 2.890702 4.663718
 99.200000 -0.080045 2.915380 4.538966
 99.400000 -0.056644 2.880979 5.309268
 99.600000 -0.088689 2.825753 13.916631
 99.800000 -0.011272 2.868097 4.960294
 100.000000 -0.070808 2.954590 2.584661
 100.200000 -0.098999 2.854734 11.208943
 100.400000 -0.143141 2.940216 10.605008
 100.600000 -0.029614 2.921933 1.456699
 100.800000 -0.081769 2.887906 6.475715
 101.000000 -0.032636 2.941245 0.865763
 101.200000 -0.058146 2.896287 4.194841
 101.400000 -0.025100 2.888515 3.399640
 101.600000 -0.043374 2.929017 1.664256
 101.800000 -0.028349 2.892508 3.180824
 102.000000 0.016877 2.922227 1.147386
 102.200000 -0.115217 2.979431 6.713961
 102.400000 -0.047960 2.988030 1.369957
 102.600000 -0.088973 2.916453 5.238585
 102.800000 -0.080585 2.888070 6.366670
 103.000000 0.047727 2.914214 2.535276
 103.200000 -0.108869 2.985479 6.095863
 103.400000 -0.101523 2.864998 10.361825
 103.600000 -0.042699 2.851532 7.584883
 103.800000 -0.097209 2.993380 5.071116
 104.000000 -0.091191 2.858423 10.058816
 104.200000 -0.098015 2.901330 6.963689
 104.400000 -0.002800 2.916220 1.296247
 104.600000 -0.142490 2.848233 17.211617
 104.800000 -0.044615 2.854302 7.352442
 105.000000 -0.072225 2.982848 2.732863
 105.200000 -0.061005 2.901350 4.019688
 105.400000 -0.066760 2.804909 15.374865
 105.600000 -0.037647 2.975910 0.747819
 105.800000 -0.050826 2.978750 1.359956
 106.000000 -0.065924 2.909787 3.813061
 106.200000 -0.087081 2.937905 4.216578
 106.400000 0.108211 2.899188 8.158060
 106.600000 -0.071148 2.882240 6.128210
 106.800000 -0.076245 2.962155 2.918705
 107.000000 -0.007481 2.966485 0.028144
 107.200000 -0.014615 2.923037 1.075798
 107.400000 -0.203754 2.921105 21.813790
 107.600000 0.069705 2.931362 3.066587
 107.800000 -0.046927 2.971388 1.110444
 108.000000 -0.065067 2.946278 2.332814
 108.200000 -0.082773 2.938826 3.824285
 108.400000 -0.123429 2.885487 10.944451
 108.600000 -0.025358 2.897332 2.752524
 108.800000 -0.018655 2.891207 3.050841
 109.000000 -0.063716 2.822763 12.440708
 109.200000 -0.113762 2.927126 7.268215
 109.400000 -0.034884 2.863165 6.005553
 109.600000 -0.158747 2.843787 20.198373
 109.800000 -0.125459 2.924939 8.757041
 110.000000 -0.076744 2.845381 10.347634
 110.200000 -0.008159 2.851331 6.729825
 110.400000 -0.054411 2.861116 7.092346
 110.600000 0.011240 2.855980 6.232495
 110.800000 -0.035747 2.862900 6.063517
 111.000000 -0.019895 2.964464 0.201278
 111.200000 0.021556 2.851214 6.942471
 111.400000 -0.027750 2.880378 4.141865
 111.600000 -0.039294 2.910840 2.352343
 111.800000 -0.141274 2.922162 10.987111
 112.000000 -0.043990 2.995101 1.360730
 112.200000 -0.158246 3.023149 14.093914
 112.400000 -0.064269 2.918621 3.238389
 112.600000 -0.095941 2.971306 4.611388
 112.800000 -0.053319 2.892761 4.181606
 113.000000 -0.051000 2.967695 1.300708
 113.200000 0.029452 2.949232 0.592640
 113.400000 -0.026488 2.895714 2.895925
 113.600000 -0.000035 2.931294 0.639606
 113.800000 0.001567 2.918545 1.178063
 114.000000 -0.074544 2.866888 7.795587
 114.200000 -0.123009 2.932233 8.172055
 114.400000 -0.098114 2.831930 13.943185
 114.600000 -0.085348 2.852888 10.159667
 114.800000 -0.037550 2.923199 1.666858
 115.000000 -0.011951 2.902901 2.129610
 115.200000 -0.038085 2.905914 2.594601
 115.400000 -0.105874 2.918344 6.791298
 115.600000 -0.121061 2.893517 10.032124
 115.800000 -0.003393 2.987467 0.213986
 116.000000 -0.039021 2.942404 1.065290
 116.200000 -0.068482 2.864556 7.598374
 116.400000 -0.035880 2.952205 0.754029
 116.600000 0.025274 2.996849 0.763105
 116.800000 -0.030805 2.910416 2.078718
 117.000000 0.003916 2.925914 0.854138
 117.200000 0.022344 2.921343 1.294614
 117.400000 -0.106980 2.875966 9.871334
 117.600000 -0.106400 2.896911 8.120930
 117.800000 -0.099999 2.884225 8.430610
 118.000000 0.025350 2.976717 0.367932
 118.200000 -0.035221 2.844295 8.155823
 118.400000 -0.110611 2.853518 12.563317
 118.600000 -0.095630 2.917540 5.798616
 118.800000 0.001315 2.918873 1.161832
 119.000000 -0.117358 2.931846 7.506442
 119.200000 -0.115878 2.833435 15.641732
 119.400000 -0.090614 2.860014 9.834845
 119.600000 -0.102846 2.905616 7.176343
 119.800000 -0.004843 2.878560 3.927849
 120.000000 -0.014842 2.851874 6.744070
 120.200000 -0.024560 2.840109 8.359834
 120.400000 -0.079468 2.929052 3.879882
 120.600000 -0.152838 2.909219 13.352547
 120.800000 -0.111862 2.868877 11.076471
 121.000000 -0.043526 2.931276 1.587507
 121.200000 -0.041984 2.837812 9.233855
 121.400000 0.038870 2.927881 1.522918
 121.600000 -0.012408 2.967995 0.077413
 121.800000 -0.108062 2.931824 6.459464
 122.000000 -0.080477 2.926349 4.066987
 122.200000 -0.038532 2.980819 0.837006
 122.400000 -0.048951 2.980206 1.284520
 122.600000 -0.013328 3.021648 1.578750
 122.800000 -0.001479 2.964844 0.003549
 123.000000 -0.040366 2.963703 0.820358
 123.200000 -0.033049 2.892993 3.289066
 123.400000 -0.040686 2.925718 1.682235
 123.600000 -0.017462 2.897846 2.547720
 123.800000 -0.019592 2.864484 5.452810
 124.000000 -0.048473 2.900207 3.409474
 124.200000 -0.073086 2.870217 7.360020
 124.400000 -0.094211 2.902315 6.533797
 124.600000 -0.058468 2.887723 4.856406
 124.800000 -0.131863 2.927742 9.466903
 125.000000 -0.028650 2.869623 5.157331
 125.200000 -0.028198 2.870140 5.094276
 125.400000 -0.080734 2.881731 6.899491
 125.600000 0.044016 2.929916 1.658518
 125.800000 0.020984 2.835396 8.887782
 126.000000 -0.039857 2.890041 3.760236
 126.200000 -0.084590 2.973690 3.599700
 126.400000 -0.065022 2.879369 5.958755
 126.600000 -0.129988 2.915004 9.803300
 126.800000 -0.039163 2.934498 1.296998
 127.000000 -0.030848 2.904015 2.463132
 127.200000 -0.041289 2.838276 9.144985
 127.400000 -0.080335 2.903238 5.263439
 127.600000 -0.053976 2.981947 1.567523
 127.800000 -0.109017 2.904090 7.924990
 128.000000 0.002317 2.936055 0.483333
 128.200000 -0.177319 2.982060 15.833505
 128.400000 -0.083957 2.832335 12.599778
 128.600000 -0.070615 2.939025 2.886195
 128.800000 -0.078717 3.054773 6.945003
 129.000000 -0.053301 2.910830 3.001394
 129.200000 -0.194296 2.904950 20.804257
 129.400000 0.037656 2.930104 1.391858
 129.600000 -0.115837 2.817279 17.926229
 129.800000 -0.083640 2.915944 4.804234
 130.000000 -0.034282 2.998769 1.090367
 130.200000 -0.050611 2.864602 6.529555
 130.400000 -0.141186 2.879715 13.781308
 130.600000 -0.067121 2.970205 2.257556
 130.800000 0.034640 2.951431 0.722103
 131.000000 -0.162774 2.880681 16.978371
 131.200000 -0.094000 2.917558 5.643216
 131.400000 -0.022168 3.006446 1.021374
 131.600000 -0.071263 2.848767 9.535765
 131.800000 -0.167901 2.865930 19.208944
 132.000000 0.019795 2.950750 0.328919
 132.200000 -0.117163 2.901445 9.016222
 132.400000 -0.096441 2.872132 9.156120
 132.600000 -0.058078 2.903815 3.686457
 132.800000 -0.057101 2.874721 5.893482
 133.000000 -0.002404 2.934988 0.517194
 133.200000 -0.057420 2.954225 1.730919
 133.400000 -0.072018 2.906401 4.433080
 133.600000 -0.153877 3.003311 12.496158
 133.800000 -0.066534 2.990043 2.477522
 134.000000 -0.025696 2.917105 1.577898
 134.200000 -0.000951 2.957861 0.042758
 134.400000 -0.109360 2.965468 5.981073
 134.600000 -0.064556 2.976754 2.130721
 134.800000 -0.067670 3.044543 5.291425
 135.000000 -0.015188 3.009954 1.035302
 135.200000 -0.024121 2.882801 3.840715
 135.400000 -0.005203 2.971376 0.022853
 135.600000 -0.006222 3.034721 2.308393
 135.800000 -0.098473 2.849536 11.754415
 136.000000 -0.106948 2.910416 7.323169
 136.200000 -0.071104 3.027889 4.378023
 136.400000 -0.065011 2.857389 8.127061
 136.600000 -0.100548 2.917028 6.306515
 136.800000 -0.001769 2.927430 0.786823
 137.000000 -0.100588 2.944539 5.312578
 137.200000 -0.113159 2.886189 9.672477
 137.400000 -0.020437 2.870445 4.876040
 137.600000 -0.020494 2.940229 0.569934
 137.800000 -0.058696 2.839115 9.907622
 138.000000 0.014417 2.810444 12.368164
 138.200000 -0.017949 2.926793 0.971776
 138.400000 -0.057596 2.835292 10.339995
 138.600000 -0.017873 2.892350 2.950503
 138.800000 -0.043018 2.954358 1.005960
 139.000000 -0.013126 2.940649 0.434902
 139.200000 0.009439 2.853611 6.479802
 139.400000 -0.058084 2.860527 7.361457
 139.600000 -0.155878 2.956577 12.203885
 139.800000 -0.116398 2.850571 13.558991
 140.000000 -0.048870 3.052817 4.871266
 140.200000 -0.079489 2.878922 7.043350
 140.400000 -0.150549 2.834098 20.171943
 140.600000 -0.038617 2.936533 1.211576
 140.800000 0.100360 2.978734 5.104181
 141.000000 -0.076037 2.817357 14.096211
 141.200000 -0.018110 2.810533 12.414318
 141.400000 0.003461 2.963165 0.013575
 141.600000 -0.040412 2.896821 3.283328
 141.800000 -0.062874 2.931553 2.606945
 142.000000 -0.069737 2.896682 4.908145
 142.200000 -0.066428 2.823789 12.469562
 142.400000 -0.024174 2.943913 0.560056
 142.600000 0.003527 2.920800 1.076223
 142.800000 -0.028503 2.938553 0.812526
 143.000000 -0.056653 2.907438 3.382180
 143.200000 -0.140362 2.970481 9.856655
 143.400000 0.009946 3.054938 3.910790
 143.600000 -0.093090 2.935327 4.836352
 143.800000 -0.021327 2.895344 2.799019
 144.000000 -0.006837 2.969087 0.025430
 144.200000 -0.067998 2.916744 3.577687
 144.400000 -0.120069 2.902920 9.265277
 144.600000 -0.077202 2.904768 4.920238
 144.800000 -0.076368 2.926522 3.737656
 145.000000 -0.058204 2.932085 2.305451
 145.200000 -0.007310 2.901768 2.158192
 145.400000 -0.056279 2.886211 4.851890
 145.600000 -0.221169 2.870206 29.148235
 145.800000 -0.079245 2.911955 4.658159
 146.000000 0.064292 3.012564 3.102049
 146.200000 -0.040841 2.906559 2.664171
 146.400000 -0.065181 2.905180 4.038825
 146.600000 -0.045053 3.013787 2.106646
 146.800000 -0.013825 2.872655 4.551649
 147.000000 -0.076574 2.961744 2.945927
 147.200000 -0.037649 2.948218 0.886245
 147.400000 -0.000469 2.789501 15.763744
 147.600000 0.018020 2.882539 3.734232
 147.800000 -0.073626 2.972821 2.727014
 148.000000 -0.122715 2.937333 7.971327
 148.200000 -0.103616 2.926806 6.178300
 148.400000 -0.069351 2.923881 3.336961
 148.600000 0.023845 2.862589 5.741372
 148.800000 -0.082887 2.946360 3.649377
 149.000000 -0.074420 2.928251 3.522171
 149.200000 -0.097194 2.879473 8.559074
 149.400000 -0.048940 2.877493 5.208649
 149.600000 -0.034418 2.923081 1.559359
 149.800000 0.024104 2.873960 4.624234
 150.000000 -0.065162 2.881887 5.750205
 150.200000 -0.144834 2.867367 15.457717
 150.400000 0.102187 2.927992 5.984197
 150.600000 -0.065608 2.907859 3.904557
 150.800000 -0.137564 2.976218 9.503854
 151.000000 -0.135491 2.975984 9.218697
 151.200000 -0.021554 2.938181 0.649277
 151.400000 -0.034910 2.950200 0.751488
 151.600000 -0.038385 2.935535 1.233588
 151.800000 0.007637 2.905039 1.952466
 152.000000 -0.052321 2.906846 3.181586
 152.200000 -0.018458 2.895058 2.762481
 152.400000 -0.000177 2.888691 3.070869
 152.600000 -0.098968 2.951755 5.014457
 152.800000 -0.115180 2.862654 12.083560
 153.000000 -0.044799 2.883866 4.464087
 153.200000 0.058482 2.954687 1.786644
 153.400000 -0.020071 2.838361 8.483157
 153.600000 0.050471 2.890542 4.201109
 153.800000 -0.051041 2.951880 1.417796
 154.000000 -0.048109 2.849939 8.015842
 154.200000 0.026804 2.937510 0.795814
 154.400000 -0.077416 3.030004 4.977613
 154.600000 -0.138139 2.939224 9.928552
 154.800000 -0.025062 2.964300 0.317862
 155.000000 0.023834 2.961245 0.300945
 155.200000 -0.118629 2.945777 7.262924
 155.400000 -0.095232 2.944509 4.788822
 155.600000 -0.027742 2.915993 1.688711
 155.800000 -0.045878 3.020185 2.463535
 156.000000 -0.098026 2.875513 8.994967
 156.200000 0.000633 2.886910 3.212219
 156.400000 -0.074204 2.941957 3.068167
 156.600000 -0.158447 2.882602 16.119283
 156.800000 -0.093782 2.960578 4.418525
 157.000000 -0.128419 2.950745 8.378842
 157.200000 -0.144205 2.834672 19.160868
 157.400000 -0.037232 2.944684 0.943443
 157.600000 -0.063292 2.828401 11.616030
 157.800000 0.036277 2.801543 14.355891
 158.000000 0.008530 2.980546 0.127316
 158.200000 -0.137836 2.917793 10.712999
 158.400000 -0.123306 2.860774 13.250556
 158.600000 -0.124721 2.947229 7.974331
 158.800000 -0.055666 2.912512 3.037057
 159.000000 -0.074146 2.894007 5.417136
 159.200000 -0.022951 2.870684 4.907513
 159.400000 -0.113560 2.927284 7.238970
 159.600000 -0.063793 2.908337 3.758954
 159.800000 -0.134031 2.978957 9.052936
 160.000000 -0.025879 3.002978 0.979937
 160.200000 -0.084073 2.983274 3.665566
 160.400000 -0.072958 2.869712 7.399735
 160.600000 -0.083455 2.935448 3.982036
 160.800000 -0.044044 2.982079 1.082711
 161.000000 -0.122594 3.019927 8.912187
 161.200000 -0.037863 2.873111 5.129999
 161.400000 -0.105147 2.917127 6.774562
 161.600000 -0.036713 2.898933 2.994558
 161.800000 -0.167898 2.931233 14.736687
 162.000000 -0.064721 2.938075 2.514445
 162.200000 -0.036280 2.952927 0.757983
 162.400000 -0.096303 2.844170 12.188055
 162.600000 -0.151101 2.898137 13.790864
 162.800000 0.025272 2.954240 0.401516
 163.000000 -0.089215 2.888568 7.060173
 163.200000 -0.135465 2.922540 10.166347
 163.400000 0.005094 2.855861 6.195575
 163.600000 -0.093282 2.909170 6.026413
 163.800000 -0.167947 2.891509 16.957008
 164.000000 -0.077573 2.906559 4.838953
 164.200000 -0.030047 2.883164 3.970617
 164.400000 -0.018873 2.916662 1.448045
 164.600000 -0.133620 2.836512 17.448491
 164.800000 -0.045175 2.928296 1.771678
 165.000000 -0.111908 2.930565 6.927656
 165.200000 -0.051014 2.879740 5.113579
 165.400000 -0.070418 2.964732 2.482072
 165.600000 -0.045987 2.906335 2.901165
 165.800000 -0.162755 2.903717 15.250689
 166.000000 -0.095455 2.982694 4.678082
 166.200000 -0.038034 2.887561 3.883364
 166.400000 -0.134207 2.904431 10.966979
 166.600000 -0.012191 2.993076 0.412732
 166.800000 -0.050354 2.882961 4.804107
 167.000000 -0.081870 2.802338 16.917928
 167.200000 0.004693 2.949443 0.166188
 167.400000 -0.074248 2.979150 2.829459
 167.600000 -0.124039 2.792246 22.972810
 167.800000 -0.073819 2.893271 5.447009
 168.000000 -0.033996 2.954712 0.654107
 168.200000 -0.156981 2.838377 20.601244
 168.400000 -0.038459 2.898379 3.098080
 168.600000 -0.135933 2.983206 9.369260
 168.800000 -0.107992 2.869201 10.619385
 169.000000 -0.056631 2.931423 2.238529
 169.200000 -0.078957 2.992300 3.435599
 169.400000 -0.058648 2.885449 5.049939
 169.600000 0.017044 2.841312 8.051509
 169.800000 -0.012460 2.949932 0.224307
 170.000000 -0.061716 2.866765 6.933982
 170.200000 -0.066313 2.882960 5.735072
 170.400000 -0.064801 2.985787 2.274976
 170.600000 -0.008815 2.937007 0.490419
 170.800000 -0.081876 2.913109 4.807189
 171.000000 -0.038801 2.892144 3.558939
 171.200000 -0.030468 2.953180 0.560486
 171.400000 -0.117876 2.921392 7.990075
 171.600000 -0.058488 2.878619 5.621317
 171.800000 0.014594 2.930976 0.757533
 172.000000 -0.028845 2.864178 5.708301
 172.200000 -0.007967 2.837055 8.482307
 172.400000 -0.076021 2.987043 3.089241
 172.600000 -0.051438 3.018547 2.648417
 172.800000 -0.061268 2.784792 18.487649
 173.000000 0.024357 2.893964 2.968144
 173.200000 -0.002375 2.943239 0.286530
 173.400000 -0.058579 2.846460 8.987897
 173.600000 0.025296 2.871349 4.900238
 173.800000 -0.082891 3.031611 5.518873
 174.000000 -0.116742 2.859078 12.644389
 174.200000 0.007010 2.814111 11.721260
 174.400000 -0.013595 2.892754 2.853062
 174.600000 0.048924 2.965502 1.197987
 174.800000 -0.001825 2.883356 3.504784
 175.000000 -0.073317 2.870461 7.353394
 175.200000 -0.116740 2.964341 6.817826
 175.400000 -0.128669 2.925424 9.144584
 175.600000 -0.012202 2.919416 1.209417
 175.800000 -0.098101 2.986034 4.991943
 176.000000 -0.037359 2.915456 2.029328
 176.200000 -0.131588 2.900858 10.849065
 176.400000 0.003703 2.900776 2.203598
 176.600000 -0.144211 2.920243 11.494291
 176.800000 0.018482 2.914697 1.541745
 177.000000 -0.105872 2.888051 8.725673
 177.200000 -0.111219 2.871479 10.752636
 177.400000 0.066211 2.888973 5.240671
 177.600000 0.018329 2.882034 3.782624
 177.800000 -0.038573 2.868410 5.609823
 178.000000 0.036171 2.925088 1.534977
 178.200000 -0.139787 2.896315 12.272654
 178.400000 -0.110674 2.931315 6.763249
 178.600000 0.053534 2.950153 1.575869
 178.800000 0.020269 2.893036 2.945163
 179.000000 -0.030479 2.899296 2.760418
 179.200000 -0.047438 2.885163 4.478728
 179.400000 -0.100933 2.908662 6.798946
 179.600000 -0.023243 2.965569 0.271223
 179.800000 -0.032588 2.925415 1.398113
 180.000000 -0.051306 2.868776 6.145963
 180.200000 -0.106547 2.943106 5.963034
 180.400000 -0.007412 2.917474 1.256865
 180.600000 -0.004630 2.906937 1.818097
 180.800000 -0.097823 2.935861 5.271372
 181.000000 -0.036490 2.948684 0.834602
 181.200000 -0.130994 2.889973 11.550991
 181.400000 -0.097052 2.912063 6.221921
 181.600000 0.009246 2.946487 0.254359
 181.800000 -0.104963 2.890880 8.410332
 182.000000 -0.086166 2.914009 5.119467
 182.200000 -0.112721 2.928569 7.093740
 182.400000 -0.108804 2.866265 10.998935
 182.600000 -0.095001 2.960446 4.534426
 182.800000 -0.136519 2.941491 9.645606
 183.000000 -0.061432 2.871345 6.467596
 183.200000 -0.112668 2.901871 8.471817
 183.400000 -0.058124 2.858123 7.622839
 183.600000 0.012088 2.944998 0.316432
 183.800000 -0.099391 2.948719 5.107518
 184.000000 -0.129663 2.833445 17.332627
 184.200000 -0.039598 2.856292 6.918745
 184.400000 -0.078777 2.937165 3.549717
 184.600000 -0.096060 2.901972 6.731958
 184.800000 -0.048542 2.976650 1.224132
 185.000000 -0.076123 2.968381 2.898196
 185.200000 -0.096291 2.908128 6.372498
 185.400000 -0.039705 2.907666 2.552044
 185.600000 0.005049 2.960870 0.031899
 185.800000 -0.025348 2.959848 0.347275
 186.000000 -0.066834 2.887941 5.363320
 186.200000 -0.073623 2.942008 3.023947
 186.400000 -0.137010 2.995357 9.786270
 186.600000 -0.078159 3.001169 3.636153
 186.800000 -0.143406 2.887624 13.437582
 187.000000 -0.051257 2.879072 5.184603
 187.200000 -0.053642 2.875700 5.612089
 187.400000 -0.004088 2.847612 7.142216
 187.600000 -0.031958 2.914351 1.899766
 187.800000 -0.052278 2.873830 5.712413
 188.000000 -0.118807 2.879068 10.928809
 188.200000 -0.117949 2.888942 10.007221
 188.400000 -0.097237 2.912177 6.233590
 188.600000 -0.026480 2.930579 1.016043
 188.800000 -0.092595 2.894023 6.954087
 189.000000 -0.093332 2.861381 9.939395
 189.200000 -0.114052 2.889385 9.520633
 189.400000 -0.047660 2.903315 3.167450
 189.600000 -0.046729 2.865042 6.295649
 189.800000 -0.045716 2.801742 14.709908
 190.000000 -0.074121 2.959084 2.778779
 190.200000 -0.054405 2.924792 2.373232
 190.400000 -0.078598 2.895441 5.653446
 190.600000 -0.097828 2.974749 4.814719
 190.800000 0.000666 2.913971 1.409410
 191.000000 -0.027015 2.864200 5.654925
 191.200000 -0.073971 2.839458 10.877008
 191.400000 -0.063394 2.916813 3.271751
 191.600000 -0.030029 2.928616 1.189837
 191.800000 -0.092563 2.938071 4.704123
 192.000000 -0.141575 2.895122 12.609232
 192.200000 -0.122288 2.989359 7.725776
 192.400000 -0.128411 2.981292 8.345929
 192.600000 -0.076863 2.872805 7.395908
 192.800000 -0.038726 2.944410 1.006373
 193.000000 -0.084918 2.857971 9.555652
 193.200000 -0.080526 2.807317 16.001034
 193.400000 0.073440 2.962403 2.707530
 193.600000 -0.118205 2.857976 12.935791
 193.800000 -0.001823 2.808833 12.519573
 194.000000 -0.061712 2.980318 1.992052
 194.200000 -0.058211 2.871333 6.276056
 194.400000 -0.057294 2.991820 1.947851
 194.600000 -0.025354 2.999140 0.835985
 194.800000 -0.034172 2.860786 6.230882
 195.000000 -0.005582 2.905033 1.939230
 195.200000 -0.052671 3.001460 1.978820
 195.400000 -0.103923 2.928144 6.157210
 195.600000 -0.175419 2.948078 15.566114
 195.800000 -0.088314 2.969414 3.902408
 196.000000 -0.098687 2.923430 5.821331
 196.200000 -0.011045 2.838712 8.297596
 196.400000 -0.028646 2.869223 5.196283
 196.600000 0.003443 2.951141 0.132632
 196.800000 -0.130362 2.869483 13.257781
 197.000000 -0.089008 2.882837 7.508004
 197.200000 -0.081251 2.933484 3.864582
 197.400000 0.026588 2.821795 10.904401
 197.600000 0.009143 2.748120 24.009011
 197.800000 -0.143239 2.879717 14.073101
 198.000000 -0.065300 2.883656 5.610117
 198.200000 -0.030057 2.869520 5.208711
 198.400000 -0.094024 2.955795 4.483690
 198.600000 0.002165 2.892184 2.805557
 198.800000 -0.039664 2.931489 1.419255
 199.000000 -0.089812 2.970669 4.039618
 199.200000 -0.091827 2.939917 4.584487
 199.400000 0.004277 2.968633 0.010385
 199.600000 -0.016701 2.893552 2.841125
 199.800000 -0.094487 2.944855 4.710417
 200.000000 -0.069674 2.917465 3.657033
