#! FIELDS time phi psi restraint.bias
#! SET min_phi -pi
#! SET max_phi pi
#! SET min_psi -pi
#! SET max_psi pi
 0.000000 -1.478312 -0.365183 164.417930
 0.200000 -1.926908 -0.741469 25.091465
 0.400000 -1.883089 -0.878635 9.506630
 0.600000 -1.725332 -0.850470 0.446264
 0.800000 -1.728284 -0.795132 3.150915
 1.000000 -1.770863 -0.922510 1.568247
 1.200000 -1.773765 -0.938290 2.557633
 1.400000 -1.662563 -0.890297 3.580597
 1.600000 -1.667947 -0.925064 4.366865
 1.800000 -1.695625 -0.904251 1.734075
 2.000000 -1.630393 -0.809326 8.611083
 2.200000 -1.792421 -0.903185 1.574594
 2.400000 -1.773677 -0.845164 0.779923
 2.600000 -1.697686 -0.857607 1.248300
 2.800000 -1.733420 -0.876252 0.077348
 3.000000 -1.747371 -0.824307 1.171328
 3.200000 -1.735784 -0.794935 3.066511
 3.400000 -1.786510 -0.893196 1.058692
 3.600000 -1.747650 -0.729069 10.312583
 3.800000 -1.783323 -0.820915 2.060758
 4.000000 -1.795562 -0.883478 1.320142
 4.200000 -1.605398 -0.878140 9.805350
 4.400000 -1.797358 -0.839251 1.911714
 4.600000 -1.815310 -0.836672 3.096394
 4.800000 -1.744196 -0.917582 1.009421
 5.000000 -1.743496 -0.905048 0.526022
 5.200000 -1.716878 -0.927788 1.924023
 5.400000 -1.696143 -0.914399 2.080518
 5.600000 -1.759925 -0.857714 0.218278
 5.800000 -1.755015 -0.877663 0.059399
 6.000000 -1.675337 -0.769054 7.817055
 6.200000 -1.818406 -0.828998 3.623516
 6.400000 -1.794148 -0.789392 4.658798
 6.600000 -1.664300 -0.828523 4.257100
 6.800000 -1.718083 -0.917197 1.362743
 7.000000 -1.730793 -0.823020 1.337976
 7.200000 -1.804868 -0.774745 6.566577
 7.400000 -1.741305 -0.790469 3.386165
 7.600000 -1.792509 -0.911216 1.856075
 7.800000 -1.671401 -0.893765 2.955281
 8.000000 -1.723077 -0.871227 0.248620
 8.200000 -1.785434 -0.932652 2.603454
 8.400000 -1.621457 -0.848603 7.961663
 8.600000 -1.741319 -0.921200 1.185881
 8.800000 -1.718686 -0.899725 0.721063
 9.000000 -1.755462 -0.757752 6.653755
 9.200000 -1.703579 -0.907244 1.469405
 9.400000 -1.782537 -0.845274 1.067319
 9.600000 -1.756806 -0.876803 0.074424
 9.800000 -1.825787 -0.802945 5.667103
 10.000000 -1.761323 -0.922918 1.390623
 10.200000 -1.743683 -0.763968 5.908815
 10.400000 -1.761774 -0.821655 1.436181
 10.600000 -1.685810 -0.822351 3.037002
 10.800000 -1.710943 -0.889833 0.738574
 11.000000 -1.706466 -0.827531 1.773695
 11.200000 -1.805763 -0.899987 2.199366
 11.400000 -1.688792 -0.864195 1.634076
 11.600000 -1.705100 -0.839243 1.367686
 11.800000 -1.881317 -0.852627 9.447131
 12.000000 -1.791974 -0.873963 1.088696
 12.200000 -1.731429 -0.811580 1.962260
 12.400000 -1.826402 -0.873771 3.287038
 12.600000 -1.628780 -0.868430 6.800776
 12.800000 -1.695782 -0.806808 3.396009
 13.000000 -1.800007 -0.836924 2.133539
 13.200000 -1.681103 -0.777133 6.625641
 13.400000 -1.766346 -0.808222 2.297250
 13.600000 -1.766120 -0.901339 0.627249
 13.800000 -1.762915 -0.831797 0.989685
 14.000000 -1.761940 -0.815641 1.763780
 14.200000 -1.780482 -0.864860 0.648300
 14.400000 -1.643985 -0.881995 5.178862
 14.600000 -1.744053 -0.924747 1.357079
 14.800000 -1.711899 -0.860334 0.634809
 15.000000 -1.763383 -0.836153 0.829521
 15.200000 -1.756959 -0.862257 0.121795
 15.400000 -1.737324 -0.858586 0.131143
 15.600000 -1.788104 -0.823281 2.134216
 15.800000 -1.714167 -0.857447 0.601337
 16.000000 -1.777759 -0.844275 0.928832
 16.200000 -1.743258 -0.872377 0.002187
 16.400000 -1.652637 -0.818852 5.743847
 16.600000 -1.736238 -0.831565 0.885930
 16.800000 -1.699028 -0.868765 1.079513
 17.000000 -1.785754 -0.846098 1.169966
 17.200000 -1.674900 -0.868024 2.490902
 17.400000 -1.786868 -0.836706 1.509259
 17.600000 -1.758860 -0.812546 1.898667
 17.800000 -1.721109 -0.912379 1.081933
 18.000000 -1.721066 -0.816068 1.895907
 18.200000 -1.804855 -0.866982 1.787806
 18.400000 -1.766210 -0.865537 0.243394
 18.600000 -1.636192 -0.813924 7.680726
 18.800000 -1.745836 -0.922963 1.265107
 19.000000 -1.718505 -0.905252 0.890740
 19.200000 -1.754131 -0.720775 11.573901
 19.400000 -1.717338 -0.810642 2.315128
 19.600000 -1.728748 -0.819252 1.563902
 19.800000 -1.739639 -0.798386 2.774876
 20.000000 -1.791804 -0.851748 1.298726
 20.200000 -1.684138 -0.921525 3.065811
 20.400000 -1.741829 -0.832957 0.794457
 20.600000 -1.728520 -0.948885 3.046009
 20.800000 -1.707661 -0.822072 1.989240
 21.000000 -1.758643 -0.811012 1.989171
 21.200000 -1.792113 -0.899642 1.458248
 21.400000 -1.679763 -0.757101 8.826960
 21.600000 -1.741896 -0.763442 5.970730
 21.800000 -1.755855 -0.961084 3.964404
 22.000000 -1.736724 -0.828290 1.021584
 22.200000 -1.707741 -0.803950 3.067293
 22.400000 -1.806368 -0.953574 5.136000
 22.600000 -1.697029 -0.850596 1.409986
 22.800000 -1.710013 -0.790454 4.002886
 23.000000 -1.775598 -0.897750 0.772748
 23.200000 -1.677105 -0.862441 2.379502
 23.400000 -1.758181 -0.756979 6.774115
 23.600000 -1.806247 -0.888233 1.976655
 23.800000 -1.753683 -0.865124 0.063326
 24.000000 -1.644619 -0.809470 7.068049
 24.200000 -1.832751 -0.855055 3.976304
 24.400000 -1.705976 -0.849167 1.050425
 24.600000 -1.600408 -0.857532 10.615556
 24.800000 -1.781562 -0.935703 2.643311
 25.000000 -1.726009 -0.820320 1.556612
 25.200000 -1.757208 -0.797085 2.926687
 25.400000 -1.741244 -0.950331 3.024383
 25.600000 -1.689098 -0.846471 1.924031
 25.800000 -1.658472 -0.902629 4.221011
 26.000000 -1.765786 -0.850189 0.461821
 26.200000 -1.785545 -0.833974 1.557136
 26.400000 -1.690530 -0.780176 5.778514
 26.600000 -1.810057 -0.894766 2.339070
 26.800000 -1.804759 -0.712388 14.610243
 27.000000 -1.651710 -0.830548 5.269210
 27.200000 -1.708137 -0.965002 4.954684
 27.400000 -1.684953 -0.896591 2.108861
 27.600000 -1.719815 -0.814181 2.035664
 27.800000 -1.776566 -0.899527 0.848667
 28.000000 -1.777772 -0.857086 0.647605
 28.200000 -1.721612 -0.785998 4.036837
 28.400000 -1.828324 -0.860600 3.516850
 28.600000 -1.643570 -0.828604 6.148114
 28.800000 -1.768676 -0.841460 0.759393
 29.000000 -1.826756 -0.866439 3.334550
 29.200000 -1.700075 -0.770068 6.287053
 29.400000 -1.728478 -0.881560 0.181546
 29.600000 -1.748439 -0.822429 1.266663
 29.800000 -1.725796 -0.875172 0.193917
 30.000000 -1.755938 -0.855931 0.196281
 30.200000 -1.693880 -0.820025 2.708992
 30.400000 -1.724461 -0.919640 1.321090
 30.600000 -1.685216 -0.941039 4.144294
 30.800000 -1.686955 -0.837308 2.328811
 31.000000 -1.819004 -0.865863 2.737140
 31.200000 -1.676903 -0.871125 2.342284
 31.400000 -1.711078 -0.844799 0.974823
 31.600000 -1.739068 -0.866402 0.039211
 31.800000 -1.806663 -0.790514 5.255291
 32.000000 -1.765128 -0.839880 0.733403
 32.200000 -1.713355 -0.848465 0.803963
 32.400000 -1.774073 -0.783579 4.381249
 32.600000 -1.765269 -0.840505 0.715922
 32.800000 -1.636831 -0.865141 5.914232
 33.000000 -1.799105 -0.805352 3.711387
 33.200000 -1.767248 -0.810969 2.143415
 33.400000 -1.795199 -0.900705 1.636621
 33.600000 -1.696483 -0.894440 1.430045
 33.800000 -1.773666 -0.809998 2.365077
 34.000000 -1.676474 -0.902314 2.810097
 34.200000 -1.730126 -0.854082 0.288220
 34.400000 -1.719007 -0.763598 6.294215
 34.600000 -1.752260 -0.781422 4.186668
 34.800000 -1.745539 -0.872315 0.000083
 35.000000 -1.662435 -0.829211 4.379891
 35.200000 -1.761991 -0.823201 1.362134
 35.400000 -1.719615 -0.887108 0.434912
 35.600000 -1.787731 -0.821696 2.197869
 35.800000 -1.819640 -0.880615 2.792609
 36.000000 -1.711027 -0.784820 4.446643
 36.200000 -1.683837 -0.911826 2.657447
 36.400000 -1.706255 -0.924756 2.120146
 36.600000 -1.620284 -0.844989 8.201124
 36.800000 -1.826175 -0.879243 3.289678
 37.000000 -1.778523 -0.863068 0.596948
 37.200000 -1.667406 -0.872067 3.036165
 37.400000 -1.804093 -0.918333 2.769346
 37.600000 -1.797545 -0.820579 2.719681
 37.800000 -1.740952 -0.842059 0.477929
 38.000000 -1.734955 -0.848658 0.341973
 38.200000 -1.816587 -0.769590 7.851012
 38.400000 -1.670969 -0.835225 3.465602
 38.600000 -1.749303 -0.820503 1.368309
 38.800000 -1.759209 -0.789317 3.569768
 39.000000 -1.687580 -0.756400 8.426183
 39.200000 -1.776322 -0.957752 4.100218
 39.400000 -1.790353 -0.814007 2.733962
 39.600000 -1.750091 -0.727544 10.541293
 39.800000 -1.876030 -0.843207 8.975183
 40.000000 -1.703537 -0.921845 2.082687
 40.200000 -1.758219 -0.848930 0.364756
 40.400000 -1.704296 -0.915176 1.745449
 40.600000 -1.711803 -0.892230 0.753412
 40.800000 -1.662215 -0.842851 3.898427
 41.000000 -1.807616 -0.857806 2.050229
 41.200000 -1.776717 -0.848684 0.780142
 41.400000 -1.735216 -0.814145 1.763422
 41.600000 -1.762934 -0.847214 0.478836
 41.800000 -1.734716 -0.754351 7.055345
 42.000000 -1.777759 -0.817432 2.051171
 42.200000 -1.802058 -0.842411 2.066706
 42.400000 -1.687766 -0.793146 4.818386
 42.600000 -1.771117 -0.811406 2.208814
 42.800000 -1.718454 -0.857454 0.476832
 43.000000 -1.707924 -0.874578 0.701398
 43.200000 -1.711133 -0.873526 0.585052
 43.400000 -1.679774 -0.994586 9.581212
 43.600000 -1.787156 -0.843348 1.304470
 43.800000 -1.740407 -0.883120 0.066777
 44.000000 -1.731643 -0.838846 0.665487
 44.200000 -1.763772 -0.873882 0.170815
 44.400000 -1.757461 -0.896568 0.359274
 44.600000 -1.704400 -0.852050 1.050095
 44.800000 -1.775760 -0.862813 0.511536
 45.000000 -1.661238 -0.755214 10.433006
 45.200000 -1.847925 -0.894631 5.504201
 45.400000 -1.800559 -0.769106 6.887371
 45.600000 -1.659977 -0.728961 13.967820
 45.800000 -1.810162 -0.882419 2.149198
 46.000000 -1.739492 -0.880587 0.048420
 46.200000 -1.692942 -0.865652 1.396809
 46.400000 -1.745843 -0.959210 3.745207
 46.600000 -1.754837 -0.868799 0.052671
 46.800000 -1.679983 -0.918019 3.163530
 47.000000 -1.757077 -0.853746 0.247957
 47.200000 -1.767261 -0.891012 0.408813
 47.400000 -1.662051 -0.960246 7.302931
 47.600000 -1.750528 -0.820839 1.356464
 47.800000 -1.764834 -0.770988 5.359325
 48.000000 -1.685443 -0.827939 2.793381
 48.200000 -1.720632 -0.833984 1.053070
 48.400000 -1.834662 -0.775433 8.717152
 48.600000 -1.724835 -0.839472 0.760885
 48.800000 -1.742601 -0.785225 3.826601
 49.000000 -1.770436 -0.825430 1.430736
 49.200000 -1.733320 -0.870621 0.074193
 49.400000 -1.704335 -0.864340 0.874908
 49.600000 -1.681201 -0.975941 7.389146
 49.800000 -1.732979 -0.860350 0.152091
 50.000000 -1.710383 -0.834903 1.323603
 50.200000 -1.784655 -0.976437 6.157598
 50.400000 -1.625480 -0.869155 7.188065
 50.600000 -1.810162 -0.836471 2.756635
 50.800000 -1.767256 -0.869180 0.246460
 51.000000 -1.580751 -0.873034 13.543107
 51.200000 -1.869995 -0.873722 7.771301
 51.400000 -1.777523 -0.884458 0.587762
 51.600000 -1.630112 -0.820109 8.018609
 51.800000 -1.702113 -0.869109 0.940153
 52.000000 -1.793754 -0.819761 2.571906
 52.200000 -1.811921 -0.795847 5.167753
 52.400000 -1.650043 -0.732957 14.298904
 52.600000 -1.781185 -0.863888 0.681346
 52.800000 -1.739206 -0.749298 7.628440
 53.000000 -1.697715 -0.815705 2.755718
 53.200000 -1.756552 -0.938901 2.256632
 53.400000 -1.826249 -0.925731 4.682032
 53.600000 -1.709973 -0.845572 0.992055
 53.800000 -1.661145 -0.922742 4.797385
 54.000000 -1.850051 -0.855882 5.624185
 54.200000 -1.728160 -0.945924 2.830845
 54.400000 -1.801188 -0.915770 2.489099
 54.600000 -1.716873 -0.747004 8.300174
 54.800000 -1.710211 -0.898292 0.945040
 55.000000 -1.776816 -0.823315 1.713372
 55.200000 -1.733121 -0.786194 3.813131
 55.400000 -1.746592 -0.795409 2.985048
 55.600000 -1.725051 -0.792746 3.399117
 55.800000 -1.882353 -0.825031 10.522198
 56.000000 -1.711214 -0.813483 2.333182
 56.200000 -1.733369 -0.853834 0.248822
 56.400000 -1.714552 -0.918052 1.503658
 56.600000 -1.671695 -0.892447 2.906652
 56.800000 -1.729486 -0.827387 1.150549
 57.000000 -1.742456 -0.860299 0.080579
 57.200000 -1.734594 -0.928815 1.634032
 57.400000 -1.665016 -0.886116 3.315584
 57.600000 -1.787224 -0.907104 1.470610
 57.800000 -1.808720 -0.852150 2.219638
 58.000000 -1.644821 -0.929572 6.670181
 58.200000 -1.768389 -0.858468 0.366659
 58.400000 -1.703971 -0.929900 2.493197
 58.600000 -1.745527 -0.872769 0.000025
 58.800000 -1.699047 -0.814617 2.755761
 59.000000 -1.766567 -0.887771 0.339623
 59.200000 -1.728649 -0.791596 3.425161
 59.400000 -1.668920 -0.747887 10.703888
 59.600000 -1.790997 -0.838562 1.624239
 59.800000 -1.824712 -0.799545 5.824003
 60.000000 -1.784172 -0.805917 2.982032
 60.200000 -1.699892 -0.796399 3.940531
 60.400000 -1.780476 -0.808207 2.695026
 60.600000 -1.779033 -0.857589 0.681611
 60.800000 -1.728152 -0.877303 0.158287
 61.000000 -1.748506 -0.852059 0.217335
 61.200000 -1.662568 -0.885008 3.500927
 61.400000 -1.721014 -0.908762 0.947106
 61.600000 -1.775112 -0.891356 0.618186
 61.800000 -1.670464 -0.883007 2.855888
 62.000000 -1.663269 -0.895574 3.629378
 62.200000 -1.834272 -0.871994 3.955666
 62.400000 -1.685199 -0.852029 2.020711
 62.600000 -1.781400 -0.884424 0.719697
 62.800000 -1.793789 -0.928362 2.725243
 63.000000 -1.745949 -0.709393 13.329005
 63.200000 -1.702791 -0.767289 6.456748
 63.400000 -1.819118 -0.849481 2.991101
 63.600000 -1.741989 -0.791710 3.282392
 63.800000 -1.737429 -0.767727 5.537115
 64.000000 -1.783696 -0.832900 1.526615
 64.200000 -1.688723 -0.880333 1.631554
 64.400000 -1.792063 -0.918998 2.165406
 64.600000 -1.739193 -0.838848 0.590592
 64.800000 -1.748222 -0.829839 0.921187
 65.000000 -1.783372 -0.910712 1.447454
 65.200000 -1.625809 -0.829300 8.082716
 65.400000 -1.745952 -0.862780 0.049045
 65.600000 -1.813268 -0.948189 5.159798
 65.800000 -1.672737 -0.820408 4.000153
 66.000000 -1.622172 -0.893295 7.796634
 66.200000 -1.694486 -0.955705 4.740363
 66.400000 -1.668071 -0.796880 5.856122
 66.600000 -1.837244 -0.872470 4.224162
 66.800000 -1.772034 -0.845592 0.723024
 67.000000 -1.713744 -0.761411 6.687434
 67.200000 -1.884830 -0.794213 12.807549
 67.400000 -1.708716 -0.874401 0.671784
 67.600000 -1.652503 -0.864159 4.344506
 67.800000 -1.753135 -0.886456 0.125570
 68.000000 -1.751405 -0.851755 0.237054
 68.200000 -1.736595 -0.909733 0.725192
 68.400000 -1.685136 -0.920136 2.938393
 68.600000 -1.708910 -0.778906 5.058568
 68.800000 -1.812226 -0.831666 3.078038
 69.000000 -1.760366 -0.842359 0.572257
 69.200000 -1.717744 -0.763942 6.290817
 69.400000 -1.814016 -0.873671 2.359413
 69.600000 -1.773893 -0.855680 0.552175
 69.800000 -1.645579 -0.804293 7.312411
 70.000000 -1.768143 -0.888627 0.387644
 70.200000 -1.804188 -0.836657 2.380454
 70.400000 -1.711419 -0.774619 5.381402
 70.600000 -1.769278 -0.877799 0.299953
 70.800000 -1.740766 -0.905819 0.560020
 71.000000 -1.739100 -0.775730 4.717567
 71.200000 -1.755326 -0.912102 0.827635
 71.400000 -1.765776 -0.876601 0.216781
 71.600000 -1.722369 -0.807917 2.359738
 71.800000 -1.742238 -0.878089 0.019489
 72.000000 -1.710816 -0.888657 0.723453
 72.200000 -1.730984 -0.806605 2.284861
 72.400000 -1.796605 -0.814372 3.013607
 72.600000 -1.715178 -0.876241 0.460960
 72.800000 -1.704568 -0.897937 1.150088
 73.000000 -1.671786 -0.856947 2.827844
 73.200000 -1.791940 -0.861974 1.143410
 73.400000 -1.801126 -0.902618 2.005266
 73.600000 -1.646595 -0.816940 6.426812
 73.800000 -1.773854 -0.921945 1.621122
 74.000000 -1.695192 -0.947802 4.079715
 74.200000 -1.664443 -0.857206 3.390761
 74.400000 -1.796818 -0.903211 1.792101
 74.600000 -1.722018 -0.862766 0.320705
 74.800000 -1.645646 -0.827538 5.986624
 75.000000 -1.795424 -0.851898 1.470389
 75.200000 -1.741895 -0.824406 1.170362
 75.400000 -1.706129 -0.819883 2.161296
 75.600000 -1.743156 -0.889854 0.150103
 75.800000 -1.728114 -0.841923 0.620704
 76.000000 -1.706876 -0.868132 0.749608
 76.200000 -1.724283 -0.891298 0.395072
 76.400000 -1.735901 -0.909459 0.721373
 76.600000 -1.723536 -0.862111 0.293172
 76.800000 -1.775658 -0.870670 0.461893
 77.000000 -1.736492 -0.919946 1.156790
 77.200000 -1.684444 -0.868820 1.860901
 77.400000 -1.743807 -0.874280 0.002464
 77.600000 -1.780052 -0.914375 1.472727
 77.800000 -1.676472 -0.771259 7.512158
 78.000000 -1.711408 -0.930775 2.263730
 78.200000 -1.807391 -0.889000 2.059234
 78.400000 -1.634897 -0.759563 12.493709
 78.600000 -1.763748 -0.886246 0.261854
 78.800000 -1.798715 -0.894516 1.663749
 79.000000 -1.662740 -0.755460 10.278970
 79.200000 -1.768431 -0.852939 0.461402
 79.400000 -1.762848 -0.902872 0.609702
 79.600000 -1.630420 -0.775715 11.301682
 79.800000 -1.718806 -0.905279 0.883606
 80.000000 -1.796401 -0.827999 2.301689
 80.200000 -1.633346 -0.817237 7.806218
 80.400000 -1.757790 -0.970268 4.840850
 80.600000 -1.811949 -0.894150 2.449924
 80.800000 -1.674399 -0.863584 2.556773
 81.000000 -1.758936 -0.802022 2.587793
 81.200000 -1.748374 -0.918069 1.035408
 81.400000 -1.779030 -0.759467 6.974716
 81.600000 -1.644542 -0.840605 5.592917
 81.800000 -1.754563 -0.834245 0.780681
 82.000000 -1.746296 -0.862722 0.049891
 82.200000 -1.744756 -0.766300 5.656881
 82.400000 -1.721462 -0.956184 3.772591
 82.600000 -1.782233 -0.908711 1.330589
 82.800000 -1.655070 -0.903394 4.545552
 83.000000 -1.756911 -0.893518 0.284514
 83.200000 -1.760257 -0.881976 0.154764
 83.400000 -1.705201 -0.836427 1.461733
 83.600000 -1.727186 -0.843632 0.586023
 83.800000 -1.759375 -0.876190 0.104856
 84.000000 -1.768283 -0.756760 6.980412
 84.200000 -1.745082 -0.802415 2.467542
 84.400000 -1.711214 -0.888298 0.704118
 84.600000 -1.682010 -0.827400 3.029104
 84.800000 -1.794249 -0.839015 1.762689
 85.000000 -1.810354 -0.829221 3.057768
 85.200000 -1.686355 -0.885096 1.816269
 85.400000 -1.835936 -0.846050 4.458936
 85.600000 -1.745446 -0.813126 1.772440
 85.800000 -1.667462 -0.868703 3.039484
 86.000000 -1.685571 -0.918397 2.831207
 86.200000 -1.809164 -0.838898 2.607491
 86.400000 -1.732540 -0.847804 0.390808
 86.600000 -1.674306 -0.861034 2.589812
 86.800000 -1.754891 -0.885167 0.123865
 87.000000 -1.775985 -0.816784 2.031205
 87.200000 -1.791849 -0.827799 2.088519
 87.400000 -1.666520 -0.930886 4.800274
 87.600000 -1.719366 -0.853386 0.522873
 87.800000 -1.742415 -0.742830 8.432700
 88.000000 -1.800633 -0.860227 1.606600
 88.200000 -1.717689 -0.810227 2.331201
 88.400000 -1.713167 -0.882499 0.565556
 88.600000 -1.808334 -0.823935 3.172101
 88.800000 -1.725204 -0.905432 0.739348
 89.000000 -1.777151 -0.906940 1.093713
 89.200000 -1.706582 -0.807913 2.847081
 89.400000 -1.833137 -0.948007 6.693345
 89.600000 -1.721160 -0.863790 0.331467
 89.800000 -1.776185 -0.831683 1.315774
 90.000000 -1.686610 -0.855188 1.876703
 90.200000 -1.738380 -0.801588 2.550056
 90.400000 -1.776631 -0.769757 5.784943
 90.600000 -1.733877 -0.918710 1.125675
 90.800000 -1.643782 -0.877375 5.166988
 91.000000 -1.733678 -0.782366 4.144788
 91.200000 -1.777664 -0.805455 2.781332
 91.400000 -1.709735 -0.881442 0.671999
 91.600000 -1.774312 -0.859809 0.502638
 91.800000 -1.782993 -0.854956 0.866071
 92.000000 -1.630177 -0.861792 6.689070
 92.200000 -1.642467 -0.916653 6.257868
 92.400000 -1.729383 -0.871800 0.127516
 92.600000 -1.760067 -0.864803 0.139501
 92.800000 -1.754412 -0.857103 0.162322
 93.000000 -1.796945 -0.896112 1.607013
 93.200000 -1.711205 -0.895912 0.852458
 93.400000 -1.767676 -0.853659 0.430296
 93.600000 -1.646826 -0.780812 9.069867
 93.800000 -1.754029 -0.787308 3.680690
 94.000000 -1.692326 -0.834605 2.128958
 94.200000 -1.735260 -0.888068 0.169328
 94.400000 -1.759801 -0.894291 0.338573
 94.600000 -1.768539 -0.756559 7.009620
 94.800000 -1.729535 -0.917121 1.112936
 95.000000 -1.706543 -0.869083 0.758619
 95.200000 -1.737012 -0.836532 0.687377
 95.400000 -1.846637 -0.865427 5.157799
 95.600000 -1.704579 -0.774014 5.696232
 95.800000 -1.738035 -0.863715 0.066650
 96.000000 -1.723635 -0.897943 0.554828
 96.200000 -1.683918 -0.833622 2.647809
 96.400000 -1.728976 -0.900656 0.525466
 96.600000 -1.739709 -0.861572 0.077321
 96.800000 -1.718296 -0.850737 0.605798
 97.000000 -1.734964 -0.859938 0.134693
 97.200000 -1.676536 -0.771553 7.478087
 97.400000 -1.714897 -0.933964 2.341872
 97.600000 -1.819845 -0.841362 3.266251
 97.800000 -1.635810 -0.859525 6.083573
 98.000000 -1.690676 -0.892992 1.700061
 98.200000 -1.761239 -0.958621 3.820790
 98.400000 -1.781192 -0.844643 1.035676
 98.600000 -1.792762 -0.830893 1.997382
 98.800000 -1.788102 -0.691140 17.390319
 99.000000 -1.725211 -0.881805 0.244150
 99.200000 -1.765353 -0.828436 1.178551
 99.400000 -1.803066 -0.804859 3.965574
 99.600000 -1.699658 -0.858880 1.137935
 99.800000 -1.708845 -0.798760 3.396517
 100.000000 -1.810441 -0.862862 2.167822
 100.200000 -1.745713 -0.840200 0.527047
 100.400000 -1.766331 -0.799111 2.925601
 100.600000 -1.803221 -0.856139 1.812277
 100.800000 -1.748792 -0.881121 0.041752
 101.000000 -1.756610 -0.870461 0.066060
 101.200000 -1.758585 -0.885850 0.174789
 101.400000 -1.693016 -0.808151 3.449324
 101.600000 -1.672772 -0.765423 8.382628
 101.800000 -1.757008 -0.854055 0.241350
 102.000000 -1.795108 -0.842787 1.685289
 102.200000 -1.638511 -0.824911 6.845342
 102.400000 -1.697482 -0.896251 1.422830
 102.600000 -1.802885 -0.912183 2.437169
 102.800000 -1.671110 -0.714110 15.324008
 103.000000 -1.750489 -0.943058 2.490941
 103.200000 -1.753580 -0.922388 1.270259
 103.400000 -1.743376 -0.747160 7.877620
 103.600000 -1.676073 -0.971473 7.279775
 103.800000 -1.741724 -0.949510 2.959080
 104.000000 -1.826765 -0.851603 3.537711
 104.200000 -1.672915 -0.888094 2.740937
 104.400000 -1.692040 -0.897444 1.726871
 104.600000 -1.810113 -0.820346 3.467122
 104.800000 -1.688877 -0.866696 1.611255
 105.000000 -1.682497 -0.843985 2.385215
 105.200000 -1.723423 -0.867896 0.251323
 105.400000 -1.825312 -0.792622 6.402018
 105.600000 -1.696103 -0.795240 4.208919
 105.800000 -1.783252 -0.886128 0.809695
 106.000000 -1.700535 -0.864125 1.039717
 106.200000 -1.780255 -0.762793 6.645800
 106.400000 -1.840968 -0.921904 5.785663
 106.600000 -1.701250 -0.934621 2.890824
 106.800000 -1.685108 -0.908265 2.446973
 107.000000 -1.724399 -0.948865 3.122302
 107.200000 -1.689319 -0.935086 3.516795
 107.400000 -1.704411 -0.869599 0.841838
 107.600000 -1.800997 -0.795567 4.521475
 107.800000 -1.825982 -0.840210 3.779122
 108.000000 -1.724636 -0.814215 1.922304
 108.200000 -1.729239 -0.904329 0.630744
 108.400000 -1.705461 -0.816585 2.367189
 108.600000 -1.827649 -0.788894 6.897034
 108.800000 -1.748114 -0.824555 1.161139
 109.000000 -1.748549 -0.868455 0.014042
 109.200000 -1.758658 -0.799445 2.769416
 109.400000 -1.705587 -0.836452 1.445421
 109.600000 -1.814198 -0.853625 2.552741
 109.800000 -1.712224 -0.846272 0.896274
 110.000000 -1.800850 -0.863320 1.584923
 110.200000 -1.719794 -0.891268 0.499063
 110.400000 -1.686701 -0.823565 2.924003
 110.600000 -1.759716 -0.882023 0.147283
 110.800000 -1.622065 -0.948429 10.467108
 111.000000 -1.728145 -0.795579 3.118777
 111.200000 -1.763244 -0.848119 0.461734
 111.400000 -1.772304 -0.806664 2.541866
 111.600000 -1.724156 -0.895480 0.484426
 111.800000 -1.695630 -0.832918 2.024927
 112.000000 -1.738502 -0.811392 1.900461
 112.200000 -1.791814 -0.896320 1.360186
 112.400000 -1.780037 -0.755398 7.478052
 112.600000 -1.838231 -0.798244 7.084506
 112.800000 -1.796296 -0.920789 2.456783
 113.000000 -1.660958 -0.817859 5.061118
 113.200000 -1.791764 -0.871157 1.079251
 113.400000 -1.752363 -0.850206 0.276921
 113.600000 -1.674851 -0.817201 4.021747
 113.800000 -1.778512 -0.863832 0.589552
 114.000000 -1.735345 -0.787016 3.717717
 114.200000 -1.659654 -0.870466 3.672542
 114.400000 -1.767930 -0.936122 2.268844
 114.600000 -1.706115 -0.872508 0.768876
 114.800000 -1.787020 -0.791109 4.194665
 115.000000 -1.716227 -0.813616 2.166836
 115.200000 -1.790912 -0.807886 3.137068
 115.400000 -1.759196 -0.762172 6.200501
 115.600000 -1.732091 -0.804371 2.419612
 115.800000 -1.702618 -0.880901 0.946035
 116.000000 -1.742736 -0.777447 4.536579
 116.200000 -1.799820 -0.865510 1.510205
 116.400000 -1.673433 -1.026640 14.438702
 116.600000 -1.808895 -0.881813 2.062130
 116.800000 -1.759462 -0.834120 0.842695
 117.000000 -1.742174 -0.811158 1.896515
 117.200000 -1.792808 -0.855374 1.276625
 117.400000 -1.693154 -0.802167 3.846050
 117.600000 -1.725038 -0.874442 0.207449
 117.800000 -1.707382 -0.860286 0.796606
 118.000000 -1.747155 -0.750356 7.481332
 118.200000 -1.768062 -0.809885 2.229040
 118.400000 -1.789789 -0.870504 0.990656
 118.600000 -1.801212 -0.861151 1.627710
 118.800000 -1.677037 -0.793801 5.441707
 119.000000 -1.715577 -0.845981 0.798597
 119.200000 -1.834831 -0.914229 4.869085
 119.400000 -1.676992 -0.864416 2.368977
 119.600000 -1.735380 -0.875695 0.054081
 119.800000 -1.764034 -0.910081 0.874932
 120.000000 -1.666937 -0.819298 4.496672
 120.200000 -1.708995 -0.893937 0.886339
 120.400000 -1.832311 -0.947172 6.558622
 120.600000 -1.635806 -0.806711 8.172591
 120.800000 -1.742803 -0.878408 0.019687
 121.000000 -1.715225 -0.854042 0.626548
 121.200000 -1.723704 -0.841556 0.717702
 121.400000 -1.769230 -0.878094 0.300358
 121.600000 -1.667594 -0.770021 8.289255
 121.800000 -1.799475 -0.834693 2.186810
 122.000000 -1.703007 -0.857629 1.008605
 122.200000 -1.747125 -0.816129 1.599766
 122.400000 -1.709938 -0.839844 1.164882
 122.600000 -1.758484 -0.905649 0.630525
 122.800000 -1.783466 -0.877530 0.739035
 123.000000 -1.689772 -0.813252 3.308239
 123.200000 -1.772696 -0.841744 0.852509
 123.400000 -1.685544 -0.907421 2.391107
 123.600000 -1.781155 -0.833618 1.404057
 123.800000 -1.758651 -0.788813 3.604291
 124.000000 -1.737585 -0.870325 0.032720
 124.200000 -1.708881 -0.950896 3.724301
 124.400000 -1.759853 -0.749418 7.700386
 124.600000 -1.748315 -0.841807 0.480552
 124.800000 -1.765034 -0.832434 1.003378
 125.000000 -1.752742 -0.815675 1.651370
 125.200000 -1.809924 -0.841254 2.579566
 125.400000 -1.633993 -0.860406 6.273030
 125.600000 -1.738512 -0.801317 2.568492
 125.800000 -1.746636 -0.770789 5.190213
 126.000000 -1.760137 -0.847422 0.428227
 126.200000 -1.705229 -0.926539 2.255237
 126.400000 -1.731851 -0.933927 1.967356
 126.600000 -1.781887 -0.859511 0.754760
 126.800000 -1.765052 -0.913836 1.042044
 127.000000 -1.687771 -0.866972 1.672696
 127.200000 -1.745843 -0.780061 4.287882
 127.400000 -1.801604 -0.905486 2.122077
 127.600000 -1.624972 -0.768931 12.623249
 127.800000 -1.699821 -0.884268 1.102825
 128.000000 -1.813354 -0.826204 3.393025
 128.200000 -1.648790 -0.798085 7.440913
 128.400000 -1.836516 -0.843273 4.589444
 128.600000 -1.756546 -0.792567 3.270717
 128.800000 -1.728560 -0.866394 0.160260
 129.000000 -1.727631 -0.857558 0.270718
 129.200000 -1.735642 -0.921132 1.221441
 129.400000 -1.737816 -0.917848 1.049010
 129.600000 -1.737886 -0.865598 0.052672
 129.800000 -1.719154 -0.819743 1.742912
 130.000000 -1.742513 -0.875573 0.008194
 130.200000 -1.727027 -0.851656 0.388169
 130.400000 -1.718556 -0.812438 2.172052
 130.600000 -1.801710 -0.835584 2.276880
 130.800000 -1.729393 -0.826524 1.191439
 131.000000 -1.778795 -0.786470 4.274719
 131.200000 -1.790255 -0.871072 1.010424
 131.400000 -1.790246 -0.828455 1.985975
 131.600000 -1.670770 -0.847115 3.105937
 131.800000 -1.777053 -0.870557 0.505411
 132.000000 -1.738706 -0.841678 0.502022
 132.200000 -1.707353 -0.797005 3.583314
 132.400000 -1.684387 -0.932896 3.670905
 132.600000 -1.779369 -0.882647 0.629176
 132.800000 -1.754912 -0.875950 0.051313
 133.000000 -1.694239 -0.773397 6.232118
 133.200000 -1.703231 -0.868193 0.896132
 133.400000 -1.892111 -0.852147 10.982917
 133.600000 -1.677813 -0.844543 2.674627
 133.800000 -1.724744 -0.815997 1.817500
 134.000000 -1.743970 -0.818409 1.472739
 134.200000 -1.624014 -0.834431 8.089668
 134.400000 -1.776254 -0.884191 0.544587
 134.600000 -1.686772 -0.791277 5.026476
 134.800000 -1.686955 -0.983601 7.857246
 135.000000 -1.732212 -0.868053 0.096665
 135.200000 -1.701986 -0.856290 1.073387
 135.400000 -1.767903 -0.930178 1.908695
 135.600000 -1.754060 -0.829747 0.959060
 135.800000 -1.700748 -0.857682 1.105996
 136.000000 -1.724631 -0.926153 1.644734
 136.200000 -1.725454 -0.879933 0.223920
 136.400000 -1.671650 -0.742488 11.187283
 136.600000 -1.726332 -0.846092 0.533512
 136.800000 -1.619839 -0.881859 7.916113
 137.000000 -1.759171 -0.796662 2.983998
 137.200000 -1.797019 -0.833677 2.095952
 137.400000 -1.681214 -0.801478 4.589159
 137.600000 -1.779567 -0.795697 3.548114
 137.800000 -1.767292 -0.864617 0.273562
 138.000000 -1.690912 -0.934095 3.367446
 138.200000 -1.780872 -0.875533 0.635751
 138.400000 -1.780084 -0.929882 2.240840
 138.600000 -1.755136 -0.910194 0.752330
 138.800000 -1.691183 -0.745838 9.508483
 139.000000 -1.739124 -0.920456 1.161270
 139.200000 -1.698581 -0.785585 4.884151
 139.400000 -1.752128 -0.833154 0.803675
 139.600000 -1.779247 -0.927996 2.105974
 139.800000 -1.659527 -0.870987 3.682434
 140.000000 -1.797776 -0.754898 8.309845
 140.200000 -1.757075 -0.814277 1.773556
 140.400000 -1.765101 -0.829647 1.120716
 140.600000 -1.755479 -0.772407 5.077349
 140.800000 -1.619413 -0.823950 9.113963
 141.000000 -1.801135 -0.820334 2.926357
 141.200000 -1.754348 -0.876305 0.047294
 141.400000 -1.660980 -0.797241 6.401742
 141.600000 -1.792925 -0.860752 1.203648
 141.800000 -1.743720 -0.847232 0.324713
 142.000000 -1.708600 -0.928969 2.259580
 142.200000 -1.740751 -0.941771 2.398302
 142.400000 -1.773775 -0.876258 0.411045
 142.600000 -1.704564 -0.878651 0.848810
 142.800000 -1.653987 -0.923040 5.440562
 143.000000 -1.706858 -0.866380 0.759770
 143.200000 -1.707259 -0.881852 0.766863
 143.400000 -1.757356 -0.844432 0.470863
 143.600000 -1.757237 -0.853855 0.247793
 143.800000 -1.760933 -0.869244 0.127593
 144.000000 -1.873644 -0.757097 14.910285
 144.200000 -1.787280 -0.767816 6.376576
 144.400000 -1.767812 -0.790537 3.625186
 144.600000 -1.744882 -0.821722 1.297658
 144.800000 -1.789303 -0.895791 1.234280
 145.000000 -1.718079 -0.846265 0.719758
 145.200000 -1.627327 -0.791455 10.259797
 145.400000 -1.758883 -0.880255 0.120662
 145.600000 -1.757031 -0.905998 0.624010
 145.800000 -1.661633 -0.842247 3.965155
 146.000000 -1.808712 -0.904762 2.523840
 146.200000 -1.710955 -0.917620 1.601309
 146.400000 -1.664352 -0.894195 3.510420
 146.600000 -1.786261 -0.875647 0.842142
 146.800000 -1.702275 -0.772212 5.972162
 147.000000 -1.770759 -0.858698 0.420871
 147.200000 -1.767027 -0.853691 0.415387
 147.400000 -1.732934 -0.650413 24.774652
 147.600000 -1.835978 -0.809625 6.095636
 147.800000 -1.796300 -0.863426 1.341707
 148.000000 -1.770477 -0.770759 5.508579
 148.200000 -1.715387 -0.752604 7.655575
 148.400000 -1.750336 -0.888480 0.137593
 148.600000 -1.734579 -0.827481 1.078580
 148.800000 -1.736127 -0.851453 0.267311
 149.000000 -1.677451 -0.971695 7.207279
 149.200000 -1.725415 -0.848782 0.483469
 149.400000 -1.718731 -0.912571 1.149980
 149.600000 -1.661352 -0.908922 4.183400
 149.800000 -1.710243 -0.861596 0.676787
 150.000000 -1.768008 -0.889876 0.405270
 150.200000 -1.814780 -0.820097 3.793422
 150.400000 -1.748193 -0.797244 2.848240
 150.600000 -1.823408 -0.775654 7.753700
 150.800000 -1.675717 -0.820011 3.809182
 151.000000 -1.748545 -0.801206 2.558321
 151.200000 -1.788175 -0.753548 8.012288
 151.400000 -1.761971 -0.842356 0.597770
 151.600000 -1.819022 -0.880357 2.744899
 151.800000 -1.678323 -0.835058 2.952044
 152.000000 -1.745334 -0.927939 1.527610
 152.200000 -1.789900 -0.769130 6.353022
 152.400000 -1.740549 -0.886834 0.111818
 152.600000 -1.710746 -0.908983 1.257517
 152.800000 -1.643212 -0.878680 5.232103
 153.000000 -1.704606 -0.854349 0.996905
 153.200000 -1.768863 -0.826201 1.356341
 153.400000 -1.740481 -0.878992 0.031770
 153.600000 -1.738079 -0.778030 4.504185
 153.800000 -1.751191 -0.827099 1.055275
 154.000000 -1.753893 -0.846141 0.388419
 154.200000 -1.750242 -0.856198 0.147638
 154.400000 -1.747406 -0.791233 3.317691
 154.600000 -1.738062 -0.759751 6.401137
 154.800000 -1.713098 -0.852543 0.721867
 155.000000 -1.753315 -0.861858 0.090279
 155.200000 -1.677671 -0.825548 3.398788
 155.400000 -1.688924 -0.879444 1.613746
 155.600000 -1.768436 -0.950071 3.262794
 155.800000 -1.710541 -0.882516 0.653631
 156.000000 -1.757108 -0.877777 0.082439
 156.200000 -1.764228 -0.872801 0.178594
 156.400000 -1.755141 -0.864974 0.077709
 156.600000 -1.689893 -0.822332 2.803291
 156.800000 -1.757946 -0.906433 0.649735
 157.000000 -1.778440 -0.843139 0.984040
 157.200000 -1.672847 -0.637041 30.385995
 157.400000 -1.800187 -0.829512 2.435784
 157.600000 -1.724687 -0.835209 0.914531
 157.800000 -1.704933 -0.746156 8.818181
 158.000000 -1.792024 -0.824885 2.231634
 158.200000 -1.716790 -0.845926 0.764714
 158.400000 -1.698689 -0.825357 2.206648
 158.600000 -1.780144 -0.902980 1.065532
 158.800000 -1.699131 -0.965842 5.408156
 159.000000 -1.754616 -0.852959 0.237282
 159.200000 -1.767328 -0.888736 0.371109
 159.400000 -1.715178 -0.944720 3.050512
 159.600000 -1.665621 -0.917420 4.178230
 159.800000 -1.655540 -0.813964 5.753942
 160.000000 -1.827783 -0.891680 3.580134
 160.200000 -1.650113 -0.805856 6.764788
 160.400000 -1.744551 -0.812972 1.781918
 160.600000 -1.919939 -0.882394 15.291564
 160.800000 -1.739571 -0.745371 8.118363
 161.000000 -1.752555 -0.788989 3.526903
 161.200000 -1.722722 -0.823946 1.442318
 161.400000 -1.768979 -0.782445 4.349473
 161.600000 -1.697824 -0.863887 1.166883
 161.800000 -1.759590 -0.800808 2.683404
 162.000000 -1.732584 -0.867938 0.092393
 162.200000 -1.749028 -0.876252 0.013275
 162.400000 -1.735606 -0.950220 3.054658
 162.600000 -1.663958 -0.900188 3.689386
 162.800000 -1.746367 -0.916407 0.957227
 163.000000 -1.798371 -0.901499 1.822400
 163.200000 -1.703600 -0.889511 1.012593
 163.400000 -1.661905 -0.780627 7.715297
 163.600000 -1.762553 -0.945681 2.814049
 163.800000 -1.716819 -0.871697 0.406896
 164.000000 -1.766038 -0.794768 3.248369
 164.200000 -1.843380 -0.792383 8.029492
 164.400000 -1.653132 -0.817749 5.758075
 164.600000 -1.777633 -0.836746 1.166842
 164.800000 -1.730989 -0.878026 0.117191
 165.000000 -1.633341 -0.757430 12.910135
 165.200000 -1.784125 -0.884044 0.817292
 165.400000 -1.773480 -0.925070 1.769376
 165.600000 -1.660171 -0.856265 3.760463
 165.800000 -1.680975 -0.900371 2.454548
 166.000000 -1.731711 -0.913139 0.911809
 166.200000 -1.766933 -0.835122 0.938102
 166.400000 -1.745293 -0.882877 0.052151
 166.600000 -1.770075 -0.802876 2.741366
 166.800000 -1.710644 -0.841300 1.093432
 167.000000 -1.729294 -0.872194 0.128679
 167.200000 -1.719818 -0.874441 0.326989
 167.400000 -1.749212 -0.799426 2.689464
 167.600000 -1.707764 -0.814399 2.403039
 167.800000 -1.743770 -0.801821 2.510644
 168.000000 -1.729180 -0.796081 3.062939
 168.200000 -1.643723 -0.833226 5.939652
 168.400000 -1.862956 -0.814896 8.586580
 168.600000 -1.730259 -0.889839 0.261035
 168.800000 -1.640262 -0.847937 5.825268
 169.000000 -1.674817 -0.935303 4.447770
 169.200000 -1.741004 -0.866841 0.026314
 169.400000 -1.715390 -0.821549 1.754583
 169.600000 -1.705764 -0.813647 2.524210
 169.800000 -1.829665 -0.904991 4.078736
 170.000000 -1.705823 -0.794030 3.872084
 170.200000 -1.780785 -0.808857 2.664259
 170.400000 -1.732754 -0.903883 0.566346
 170.600000 -1.761528 -0.843264 0.563392
 170.800000 -1.773681 -0.816866 1.958671
 171.000000 -1.696173 -0.781072 5.402766
 171.200000 -1.808165 -0.882144 2.019091
 171.400000 -1.771032 -0.778078 4.803603
 171.600000 -1.788126 -0.807063 3.067549
 171.800000 -1.813416 -0.887109 2.422223
 172.000000 -1.722693 -0.826407 1.326102
 172.200000 -1.705779 -0.809386 2.784230
 172.400000 -1.747241 -0.954500 3.350313
 172.600000 -1.691503 -0.891944 1.634475
 172.800000 -1.718038 -0.787090 4.033921
 173.000000 -1.767133 -0.921892 1.449395
 173.200000 -1.716527 -0.818133 1.901649
 173.400000 -1.797474 -0.821741 2.656163
 173.600000 -1.753506 -0.842122 0.499855
 173.800000 -1.794744 -0.853645 1.401801
 174.000000 -1.775785 -0.862357 0.516915
 174.200000 -1.660499 -0.749344 11.202016
 174.400000 -1.762042 -0.838453 0.724859
 174.600000 -1.720917 -0.876858 0.306777
 174.800000 -1.736965 -0.792579 3.241869
 175.000000 -1.747651 -0.893692 0.223762
 175.200000 -1.699189 -0.905269 1.595980
 175.400000 -1.658434 -0.865432 3.801553
 175.600000 -1.813151 -0.907537 2.907960
 175.800000 -1.756489 -0.815710 1.684187
 176.000000 -1.706601 -0.842331 1.210002
 176.200000 -1.811928 -0.885883 2.305068
 176.400000 -1.682158 -0.795188 4.996584
 176.600000 -1.747480 -0.927500 1.505794
 176.800000 -1.768604 -0.829572 1.199320
 177.000000 -1.733550 -0.749987 7.594250
 177.200000 -1.871237 -0.769456 13.252383
 177.400000 -1.731062 -0.789084 3.594624
 177.600000 -1.761558 -0.827533 1.150092
 177.800000 -1.725271 -0.838511 0.784393
 178.000000 -1.740517 -0.894517 0.250352
 178.200000 -1.755297 -0.846676 0.387367
 178.400000 -1.775502 -0.933760 2.321526
 178.600000 -1.698482 -0.874717 1.099433
 178.800000 -1.661479 -0.865602 3.540339
 179.000000 -1.797720 -0.839084 1.936228
 179.200000 -1.769537 -0.821711 1.591133
 179.400000 -1.675315 -0.768539 7.872121
 179.600000 -1.733422 -0.856130 0.207596
 179.800000 -1.793838 -0.845395 1.548339
 180.000000 -1.757404 -0.736166 9.388881
 180.200000 -1.736708 -0.773835 4.920806
 180.400000 -1.890559 -0.967485 15.041242
 180.600000 -1.657100 -0.766611 9.515961
 180.800000 -1.681301 -0.862161 2.104966
 181.000000 -1.755226 -0.969872 4.773587
 181.200000 -1.751578 -0.830181 0.921966
 181.400000 -1.710367 -0.871118 0.612379
 181.600000 -1.688423 -0.885901 1.706734
 181.800000 -1.776138 -0.845700 0.838147
 182.000000 -1.768907 -0.795816 3.230785
 182.200000 -1.644097 -0.928156 6.663684
 182.400000 -1.793261 -0.792550 4.357927
 182.600000 -1.744121 -0.836791 0.644188
 182.800000 -1.777723 -0.862411 0.577250
 183.000000 -1.718461 -0.803173 2.775475
 183.200000 -1.778961 -0.779548 4.900883
 183.400000 -1.821217 -0.817207 4.417273
 183.600000 -1.745149 -0.852550 0.202323
 183.800000 -1.676647 -0.906843 2.942674
 184.000000 -1.805064 -0.889299 1.922461
 184.200000 -1.736757 -0.877270 0.047343
 184.400000 -1.745583 -0.839143 0.561870
 184.600000 -1.657823 -0.930069 5.476304
 184.800000 -1.812287 -0.772345 7.273682
 185.000000 -1.791465 -0.864894 1.094453
 185.200000 -1.716545 -0.819614 1.821454
 185.400000 -1.738622 -0.857406 0.138913
 185.600000 -1.713842 -0.778621 4.917765
 185.800000 -1.791839 -0.872852 1.081616
 186.000000 -1.724789 -0.884200 0.277473
 186.200000 -1.793988 -0.799253 3.878430
 186.400000 -1.753087 -0.782303 4.112716
 186.600000 -1.749087 -0.784731 3.873244
 186.800000 -1.673265 -0.926445 4.042806
 187.000000 -1.707790 -0.843539 1.128755
 187.200000 -1.746074 -0.873836 0.000964
 187.400000 -1.756144 -0.841329 0.549442
 187.600000 -1.724457 -0.796741 3.100057
 187.800000 -1.803880 -0.899179 2.065626
 188.000000 -1.762901 -0.889746 0.300272
 188.200000 -1.769733 -0.792858 3.482346
 188.400000 -1.724202 -0.931508 1.954436
 188.600000 -1.761895 -0.883473 0.195616
 188.800000 -1.775937 -0.809625 2.455436
 189.000000 -1.774022 -0.797555 3.232353
 189.200000 -1.717342 -0.894885 0.638535
 189.400000 -1.795733 -0.790841 4.617817
 189.600000 -1.674781 -0.816433 4.069519
 189.800000 -1.699322 -0.835742 1.740000
 190.000000 -1.734489 -0.887746 0.172481
 190.200000 -1.763708 -0.816121 1.767466
 190.400000 -1.749892 -0.842328 0.470572
 190.600000 -1.728860 -0.869062 0.142108
 190.800000 -1.715065 -0.867049 0.473743
 191.000000 -1.792946 -0.881641 1.173970
 191.200000 -1.741157 -0.812788 1.801288
 191.400000 -1.757745 -0.860400 0.152285
 191.600000 -1.768938 -0.848200 0.577941
 191.800000 -1.798632 -0.811292 3.303872
 192.000000 -1.660927 -0.884128 3.627531
 192.200000 -1.733007 -0.802588 2.531262
 192.400000 -1.765967 -0.830636 1.096169
 192.600000 -1.686342 -0.765352 7.497797
 192.800000 -1.737053 -0.934929 1.972684
 193.000000 -1.806248 -0.880372 1.885240
 193.200000 -1.709306 -0.877124 0.658781
 193.400000 -1.814807 -0.865826 2.436976
 193.600000 -1.742409 -0.823302 1.222618
 193.800000 -1.684080 -0.851174 2.106672
 194.000000 -1.790970 -0.900378 1.425564
 194.200000 -1.772009 -0.777741 4.861093
 194.400000 -1.658523 -0.925161 5.145655
 194.600000 -1.695468 -0.995191 8.749502
 194.800000 -1.733058 -0.831157 0.936750
 195.000000 -1.809297 -0.772580 7.054338
 195.200000 -1.774848 -0.880162 0.463796
 195.400000 -1.674991 -0.806300 4.675857
 195.600000 -1.761694 -0.856524 0.264153
 195.800000 -1.737035 -0.817491 1.556477
 196.000000 -1.706112 -0.791077 4.097243
 196.200000 -1.737870 -0.836340 0.687549
 196.400000 -1.838555 -0.888121 4.465004
 196.600000 -1.735057 -0.874521 0.054487
 196.800000 -1.670779 -0.814806 4.452672
 197.000000 -1.793992 -0.927138 2.667662
 197.200000 -1.708774 -0.915927 1.603944
 197.400000 -1.623380 -0.873840 7.436536
 197.600000 -1.793132 -0.859617 1.227671
 197.800000 -1.776360 -0.888511 0.607020
 198.000000 -1.653090 -0.841471 4.740525
 198.200000 -1.710177 -0.846901 0.949716
 198.400000 -1.789366 -0.900223 1.349353
 198.600000 -1.738199 -0.799898 2.672938
 198.800000 -1.761057 -0.876424 0.130740
 199.000000 -1.789447 -0.820691 2.323803
 199.200000 -1.656745 -0.834869 4.637809
 199.400000 -1.807625 -0.795447 4.921655
 199.600000 -1.728696 -0.897984 0.458874
 199.800000 -1.686907 -0.817054 3.252862
 200.000000 -1.779601 -0.846760 0.922804
