#! FIELDS time phi psi restraint.bias
#! SET min_phi -pi
#! SET max_phi pi
#! SET min_psi -pi
#! SET max_psi pi
 0.000000 1.366200 2.079095 208.970670
 0.200000 1.960528 1.862652 7.709129
 0.400000 1.980363 1.845599 6.857160
 0.600000 1.858623 1.762104 2.015811
 0.800000 1.954040 1.705391 1.381584
 1.000000 2.040239 1.786371 8.087556
 1.200000 1.905681 1.719225 0.441277
 1.400000 1.922042 1.779906 0.600151
 1.600000 1.808520 1.864570 13.307670
 1.800000 1.970978 1.799759 2.787710
 2.000000 1.892706 1.732674 0.448793
 2.200000 1.864700 1.707449 2.238922
 2.400000 1.939841 1.757843 0.277874
 2.600000 1.899691 1.682932 2.150166
 2.800000 1.852090 1.819697 5.061798
 3.000000 1.923242 1.767981 0.262253
 3.200000 1.864808 1.806098 3.361886
 3.400000 1.916620 1.794902 1.233962
 3.600000 1.894669 1.803750 2.023843
 3.800000 1.821127 1.776637 5.364403
 4.000000 1.862492 1.774750 2.078456
 4.200000 1.972852 1.821593 4.312037
 4.400000 1.972102 1.799825 2.849398
 4.600000 1.992133 1.708483 3.290385
 4.800000 1.782867 1.740220 9.396931
 5.000000 1.891067 1.776314 0.894600
 5.200000 1.931461 1.759931 0.173875
 5.400000 1.886394 1.851545 6.200889
 5.600000 1.970740 1.802146 2.908355
 5.800000 1.834495 1.795661 4.910436
 6.000000 1.939391 1.751984 0.212831
 6.200000 1.952231 1.690669 2.017727
 6.400000 1.851169 1.733333 2.431338
 6.600000 1.883856 1.701981 1.587743
 6.800000 1.858737 1.688084 3.506643
 7.000000 1.832607 1.756298 3.866847
 7.200000 1.838047 1.778767 3.905945
 7.400000 1.863476 1.814781 4.001460
 7.600000 1.935657 1.800525 1.648020
 7.800000 1.923056 1.777666 0.527944
 8.000000 1.813900 1.782989 6.323092
 8.200000 1.926129 1.736912 0.055065
 8.400000 1.832207 1.716232 4.265079
 8.600000 1.876546 1.780825 1.568128
 8.800000 1.927774 1.782248 0.712777
 9.000000 1.897392 1.795900 1.531164
 9.200000 1.920035 1.763966 0.173677
 9.400000 1.891148 1.725049 0.617887
 9.600000 1.851968 1.756259 2.364525
 9.800000 1.942345 1.714660 0.723021
 10.000000 1.926368 1.700332 1.033525
 10.200000 1.932909 1.759270 0.182280
 10.400000 1.843555 1.829603 6.462414
 10.600000 1.808078 1.731628 6.341759
 10.800000 1.947968 1.732689 0.474868
 11.000000 1.874074 1.758943 1.140951
 11.200000 1.872459 1.738420 1.147391
 11.400000 1.928011 1.744772 0.033356
 11.600000 1.856867 1.727542 2.142399
 11.800000 1.856006 1.679615 4.197974
 12.000000 1.878230 1.670777 3.645689
 12.200000 1.905796 1.757216 0.169577
 12.400000 1.950623 1.823308 3.513462
 12.600000 1.957191 1.867735 8.188367
 12.800000 1.906791 1.847306 5.285037
 13.000000 1.895816 1.813870 2.638046
 13.200000 1.869471 1.748804 1.275652
 13.400000 1.889877 1.696929 1.620878
 13.600000 1.851552 1.650479 6.831439
 13.800000 1.831756 1.653867 8.064051
 14.000000 1.913202 1.703505 0.896831
 14.200000 1.830931 1.790688 4.983120
 14.400000 1.858365 1.773243 2.280512
 14.600000 1.930299 1.785597 0.865197
 14.800000 1.914618 1.792382 1.120721
 15.000000 1.916224 1.788519 0.939311
 15.200000 1.873394 1.826823 4.400285
 15.400000 1.925209 1.703482 0.889886
 15.600000 1.888257 1.732054 0.587550
 15.800000 1.870889 1.728847 1.334994
 16.000000 1.858943 1.704519 2.688337
 16.200000 1.824020 1.683776 6.487237
 16.400000 1.871940 1.718097 1.519097
 16.600000 1.850526 1.826390 5.689173
 16.800000 1.822301 1.757053 4.827820
 17.000000 1.882137 1.783428 1.437341
 17.200000 1.856442 1.799758 3.492277
 17.400000 1.953703 1.694221 1.878660
 17.600000 1.922155 1.772255 0.365119
 17.800000 1.806262 1.774929 6.890548
 18.000000 1.998772 1.755060 3.160698
 18.200000 1.879284 1.750509 0.836709
 18.400000 1.834601 1.759690 3.737879
 18.600000 1.956808 1.762612 0.831822
 18.800000 1.859427 1.693349 3.177203
 19.000000 1.850173 1.729207 2.558256
 19.200000 1.914414 1.771749 0.363833
 19.400000 1.957383 1.699147 1.770279
 19.600000 1.905292 1.716503 0.521614
 19.800000 1.849718 1.814032 4.820103
 20.000000 1.883391 1.704151 1.512904
 20.200000 1.940859 1.741390 0.228199
 20.400000 1.898433 1.873786 8.480208
 20.600000 1.897141 1.752845 0.286365
 20.800000 1.943336 1.776109 0.749191
 21.000000 1.874624 1.803959 2.741985
 21.200000 1.807543 1.776096 6.781138
 21.400000 1.855380 1.760809 2.198782
 21.600000 1.864329 1.653607 5.748472
 21.800000 1.932036 1.673655 2.642708
 22.000000 1.935330 1.743763 0.120855
 22.200000 1.793585 1.752106 7.995978
 22.400000 1.896788 1.664573 3.527023
 22.600000 1.821739 1.720659 5.118370
 22.800000 1.825705 1.757357 4.505136
 23.000000 1.872059 1.711911 1.700938
 23.200000 1.921215 1.756452 0.062773
 23.400000 1.867538 1.721680 1.648545
 23.600000 1.834328 1.781240 4.302823
 23.800000 1.873035 1.695646 2.330587
 24.000000 1.924198 1.720597 0.315253
 24.200000 1.974049 1.889564 11.869997
 24.400000 1.949025 1.756078 0.483008
 24.600000 1.917022 1.801472 1.580037
 24.800000 1.904886 1.741361 0.120017
 25.000000 1.882414 1.678329 2.945719
 25.200000 1.936318 1.754851 0.180724
 25.400000 1.877882 1.830140 4.477589
 25.600000 1.887220 1.733596 0.601588
 25.800000 1.949813 1.680337 2.560526
 26.000000 1.859421 1.682991 3.769600
 26.200000 1.887488 1.731643 0.617683
 26.400000 1.844988 1.761147 2.928154
 26.600000 1.833194 1.820687 6.595100
 26.800000 1.869186 1.847845 6.538781
 27.000000 1.876838 1.817620 3.538518
 27.200000 1.902040 1.770885 0.485367
 27.400000 1.851520 1.773950 2.744909
 27.600000 1.864596 1.707627 2.237942
 27.800000 1.909474 1.740943 0.063578
 28.000000 1.896655 1.739719 0.285026
 28.200000 1.876778 1.752449 0.953451
 28.400000 1.837481 1.784596 4.164275
 28.600000 1.933533 1.730710 0.200304
 28.800000 1.928354 1.761353 0.164444
 29.000000 1.966480 1.678336 3.330642
 29.200000 1.918471 1.797821 1.378656
 29.400000 1.949857 1.773952 0.859498
 29.600000 1.936621 1.698739 1.225773
 29.800000 1.916762 1.800031 1.500937
 30.000000 1.908477 1.730907 0.168805
 30.200000 1.798312 1.735752 7.433025
 30.400000 1.884373 1.772967 1.011663
 30.600000 1.833032 1.790277 4.779858
 30.800000 1.923758 1.800775 1.544720
 31.000000 1.961002 1.727719 1.001324
 31.200000 1.836832 1.743350 3.448963
 31.400000 1.860977 1.792335 2.838496
 31.600000 1.858899 1.768150 2.118661
 31.800000 1.909697 1.699978 1.080038
 32.000000 1.856876 1.749621 1.992820
 32.200000 1.802582 1.749767 6.887223
 32.400000 1.929519 1.704101 0.896511
 32.600000 1.899389 1.754352 0.250274
 32.800000 1.857643 1.801577 3.517517
 33.000000 1.915449 1.710807 0.605638
 33.200000 1.912306 1.694051 1.343267
 33.400000 1.940341 1.749010 0.216457
 33.600000 1.921005 1.790246 1.009400
 33.800000 1.907298 1.839067 4.472270
 34.000000 1.967711 1.765439 1.346933
 34.200000 1.906760 1.716394 0.504446
 34.400000 1.869311 1.674043 3.818543
 34.600000 1.805752 1.765863 6.721329
 34.800000 1.833790 1.798564 5.121157
 35.000000 1.888005 1.767620 0.755876
 35.200000 1.890928 1.753843 0.454835
 35.400000 1.914818 1.721592 0.294462
 35.600000 1.904188 1.655615 4.147132
 35.800000 1.807378 1.715055 6.784609
 36.000000 1.850135 1.761203 2.556928
 36.200000 1.940405 1.751620 0.230799
 36.400000 1.890774 1.818966 3.134260
 36.600000 1.818036 1.839710 9.638109
 36.800000 1.880677 1.819813 3.541635
 37.000000 1.871144 1.744849 1.186835
 37.200000 1.924441 1.846533 5.131574
 37.400000 1.902948 1.797026 1.479332
 37.600000 1.952837 1.733712 0.611170
 37.800000 1.959096 1.766613 0.996129
 38.000000 1.823677 1.798223 6.024688
 38.200000 1.810320 1.705878 6.777975
 38.400000 1.861289 1.704085 2.565954
 38.600000 1.918153 1.740977 0.010931
 38.800000 1.917728 1.783336 0.724540
 39.000000 1.879306 1.805069 2.606865
 39.200000 1.928853 1.811766 2.247322
 39.400000 1.901913 1.812861 2.441372
 39.600000 1.849832 1.762222 2.594772
 39.800000 1.934968 1.724574 0.329487
 40.000000 1.823094 1.717204 5.077507
 40.200000 1.883482 1.720297 0.975050
 40.400000 1.867077 1.712024 1.947756
 40.600000 1.825045 1.768763 4.769716
 40.800000 1.893777 1.752399 0.365210
 41.000000 1.839325 1.744068 3.243893
 41.200000 1.803678 1.778714 7.306682
 41.400000 1.923304 1.724326 0.226484
 41.600000 1.929705 1.677058 2.378893
 41.800000 1.888927 1.772900 0.858571
 42.000000 1.915636 1.747890 0.012207
 42.200000 1.771694 1.734251 11.038215
 42.400000 1.877804 1.835884 4.984525
 42.600000 1.995661 1.833765 6.783160
 42.800000 1.888280 1.838530 4.841943
 43.000000 1.893810 1.810831 2.484580
 43.200000 1.907972 1.765360 0.271313
 43.400000 1.999156 1.791208 4.196166
 43.600000 1.925526 1.690174 1.537099
 43.800000 1.857908 1.726151 2.103035
 44.000000 1.930536 1.733318 0.129100
 44.200000 1.888317 1.731998 0.586420
 44.400000 1.880087 1.743850 0.792119
 44.600000 1.815835 1.781451 6.063222
 44.800000 1.804492 1.759776 6.759527
 45.000000 1.926627 1.775165 0.467962
 45.200000 2.000208 1.688381 4.849275
 45.400000 1.915543 1.688948 1.598773
 45.600000 1.977346 1.712051 2.205924
 45.800000 1.765444 1.647023 16.754496
 46.000000 1.896886 1.819302 2.999940
 46.200000 1.863335 1.757206 1.668180
 46.400000 1.813622 1.754542 5.685902
 46.600000 1.921873 1.830240 3.606913
 46.800000 1.819486 1.768093 5.296745
 47.000000 1.901315 1.684481 2.023227
 47.200000 1.942954 1.727698 0.422046
 47.400000 1.885265 1.717294 0.991450
 47.600000 1.933805 1.791002 1.140224
 47.800000 1.994407 1.750691 2.792802
 48.000000 1.795384 1.812095 9.976230
 48.200000 1.834516 1.738442 3.665730
 48.400000 1.910468 1.768234 0.306451
 48.600000 1.883352 1.778153 1.205228
 48.800000 1.877472 1.735560 0.946166
 49.000000 1.891403 1.733576 0.474033
 49.200000 1.918118 1.749728 0.011193
 49.400000 1.840736 1.742382 3.134786
 49.600000 1.826049 1.776020 4.871435
 49.800000 1.953817 1.735315 0.626606
 50.000000 1.864179 1.731369 1.647758
 50.200000 1.879117 1.778978 1.396194
 50.400000 1.890955 1.717881 0.794506
 50.600000 1.910267 1.670364 2.855906
 50.800000 1.860763 1.787786 2.647650
 51.000000 1.858393 1.785281 2.687288
 51.200000 1.900962 1.758882 0.270448
 51.400000 1.921771 1.736692 0.039122
 51.600000 1.837342 1.777526 3.923073
 51.800000 1.854853 1.805711 3.936073
 52.000000 1.988708 1.817214 4.953576
 52.200000 2.001622 1.782230 4.023146
 52.400000 2.010687 1.782288 4.807542
 52.600000 1.941074 1.737853 0.252910
 52.800000 1.915415 1.812808 2.286572
 53.000000 1.852581 1.886425 12.217419
 53.200000 1.830106 1.804308 5.767348
 53.400000 1.926352 1.723440 0.260641
 53.600000 1.920660 1.733525 0.069987
 53.800000 1.783125 1.765864 9.559336
 54.000000 1.859239 1.724009 2.064886
 54.200000 1.970427 1.739961 1.292835
 54.400000 1.898734 1.787070 1.094349
 54.600000 1.886543 1.739777 0.570507
 54.800000 1.869587 1.772951 1.645273
 55.000000 1.959361 1.763595 0.946897
 55.200000 2.016829 1.731716 4.793914
 55.400000 1.833282 1.794915 4.977452
 55.600000 1.982540 1.706544 2.716414
 55.800000 1.911510 1.704621 0.863444
 56.000000 1.913486 1.781143 0.661641
 56.200000 1.906254 1.722954 0.342912
 56.400000 1.885808 1.709464 1.223019
 56.600000 1.910152 1.767715 0.297709
 56.800000 1.805377 1.796928 7.884691
 57.000000 1.857662 1.776524 2.420991
 57.200000 1.863266 1.738565 1.624447
 57.400000 1.870997 1.815017 3.622136
 57.600000 1.870594 1.863203 8.160784
 57.800000 1.892814 1.838122 4.671083
 58.000000 1.951620 1.751839 0.525466
 58.200000 1.946279 1.706785 1.091768
 58.400000 1.936241 1.711508 0.706057
 58.600000 1.914790 1.702444 0.932450
 58.800000 1.841275 1.694217 4.394245
 59.000000 1.797459 1.771527 7.834391
 59.200000 1.907711 1.712302 0.619235
 59.400000 1.939676 1.745793 0.196393
 59.600000 1.963889 1.732694 1.049032
 59.800000 1.908489 1.829036 3.568108
 60.000000 1.938542 1.813816 2.519692
 60.200000 1.914678 1.781032 0.650768
 60.400000 1.866599 1.788261 2.340084
 60.600000 1.826450 1.709636 4.999890
 60.800000 1.809231 1.711872 6.679376
 61.000000 1.915732 1.714531 0.482787
 61.200000 1.812550 1.650095 10.292746
 61.400000 1.810942 1.719947 6.253929
 61.600000 1.880736 1.747510 0.767798
 61.800000 1.870171 1.731767 1.326590
 62.000000 1.899844 1.775207 0.646722
 62.200000 1.940038 1.804734 1.967986
 62.400000 1.914380 1.788593 0.950917
 62.600000 1.947522 1.778493 0.932469
 62.800000 1.893219 1.850213 5.855184
 63.000000 1.890349 1.826385 3.720560
 63.200000 1.949271 1.760707 0.550675
 63.400000 1.980224 1.762516 1.969473
 63.600000 1.863344 1.766463 1.820489
 63.800000 1.966497 1.736899 1.122953
 64.000000 1.889384 1.643075 5.692474
 64.200000 1.811021 1.664444 9.194368
 64.400000 1.816819 1.788515 6.241430
 64.600000 1.889093 1.723363 0.714642
 64.800000 1.934576 1.761002 0.231066
 65.000000 1.933544 1.794602 1.307490
 65.200000 1.850773 1.764718 2.574626
 65.400000 1.958960 1.717230 1.159102
 65.600000 1.867003 1.802181 3.013139
 65.800000 1.912418 1.776726 0.520573
 66.000000 1.914692 1.764459 0.196329
 66.200000 1.850280 1.752790 2.448686
 66.400000 1.819293 1.789116 6.015739
 66.600000 1.870968 1.730078 1.311620
 66.800000 1.919348 1.718761 0.353058
 67.000000 1.946603 1.840905 4.924913
 67.200000 1.861141 1.825872 4.967663
 67.400000 1.860478 1.743985 1.764163
 67.600000 1.917781 1.749059 0.009121
 67.800000 1.903460 1.781493 0.788426
 68.000000 1.912088 1.839044 4.421440
 68.200000 1.890317 1.828760 3.916801
 68.400000 1.937259 1.764125 0.327953
 68.600000 1.877273 1.769360 1.195675
 68.800000 1.803187 1.736610 6.844607
 69.000000 1.895717 1.742387 0.295832
 69.200000 1.918059 1.802876 1.657416
 69.400000 1.820240 1.790745 5.993644
 69.600000 1.857895 1.679915 4.059425
 69.800000 1.809829 1.680285 8.169053
 70.000000 1.814797 1.690191 7.039428
 70.200000 1.849971 1.731439 2.538857
 70.400000 1.870451 1.799466 2.686083
 70.600000 1.792947 1.694138 9.363962
 70.800000 1.864064 1.708926 2.219312
 71.000000 1.884088 1.737661 0.669306
 71.200000 1.801447 1.688201 8.642863
 71.400000 1.861619 1.808476 3.689886
 71.600000 1.897372 1.782349 0.938111
 71.800000 1.837041 1.728064 3.578710
 72.000000 1.799065 1.832385 11.085417
 72.200000 1.867370 1.776441 1.861702
 72.400000 1.829389 1.729129 4.223949
 72.600000 1.864608 1.685531 3.314453
 72.800000 1.970073 1.697170 2.420198
 73.000000 1.912574 1.686401 1.762832
 73.200000 1.836466 1.655804 7.484861
 73.400000 1.892150 1.705805 1.165077
 73.600000 1.854871 1.809451 4.167733
 73.800000 1.861970 1.808954 3.699834
 74.000000 1.942925 1.847274 5.462289
 74.200000 1.946900 1.833429 4.246301
 74.400000 1.917883 1.746266 0.002397
 74.600000 1.909825 1.761692 0.184236
 74.800000 1.951020 1.710517 1.091345
 75.000000 1.935495 1.758636 0.210731
 75.200000 1.826890 1.815013 6.749863
 75.400000 1.794352 1.718774 8.229006
 75.600000 1.863640 1.729068 1.712688
 75.800000 1.918660 1.798897 1.435469
 76.000000 1.987709 1.809067 4.332843
 76.200000 1.948353 1.801232 1.968446
 76.400000 1.918997 1.752562 0.026529
 76.600000 1.856568 1.726882 2.173235
 76.800000 1.894935 1.697518 1.453664
 77.000000 1.852643 1.742941 2.262047
 77.200000 1.871086 1.763152 1.348392
 77.400000 1.976165 1.863551 8.573183
 77.600000 1.900285 1.748456 0.196513
 77.800000 1.910417 1.682751 2.002626
 78.000000 1.937552 1.728825 0.292664
 78.200000 1.847847 1.709922 3.219919
 78.400000 1.884519 1.769797 0.923905
 78.600000 1.912137 1.760577 0.146091
 78.800000 1.853007 1.688453 3.852259
 79.000000 1.847679 1.733515 2.675007
 79.200000 1.829422 1.759157 4.185283
 79.400000 1.865762 1.741088 1.472390
 79.600000 1.886417 1.761706 0.693395
 79.800000 1.933856 1.780759 0.725539
 80.000000 1.924395 1.709502 0.652060
 80.200000 1.843953 1.766475 3.104657
 80.400000 1.912145 1.802006 1.635928
 80.600000 1.900743 1.851848 5.855937
 80.800000 1.964069 1.745594 0.977151
 81.000000 1.893590 1.779538 0.930237
 81.200000 1.803018 1.767199 7.065418
 81.400000 1.875920 1.669860 3.813250
 81.600000 2.007519 1.682649 5.806213
 81.800000 1.892964 1.715492 0.806889
 82.000000 1.768533 1.703079 12.342810
 82.200000 1.874817 1.805240 2.809176
 82.400000 1.911184 1.815445 2.495774
 82.600000 1.845034 1.778673 3.355516
 82.800000 1.869078 1.785000 2.076378
 83.000000 1.923839 1.804526 1.760024
 83.200000 1.959894 1.593259 12.363918
 83.400000 1.926303 1.801325 1.588495
 83.600000 1.893796 1.767820 0.592626
 83.800000 1.909835 1.770254 0.360895
 84.000000 1.970717 1.891739 12.011064
 84.200000 1.875969 1.747614 0.965931
 84.400000 1.841445 1.732259 3.160076
 84.600000 1.863077 1.738134 1.638190
 84.800000 1.835060 1.679650 5.752571
 85.000000 1.880594 1.689040 2.355253
 85.200000 1.930686 1.697049 1.224089
 85.400000 1.894099 1.732185 0.418246
 85.600000 1.901625 1.812762 2.439880
 85.800000 1.821579 1.866915 12.221374
 86.000000 1.909866 1.818801 2.749018
 86.200000 1.973079 1.737212 1.448959
 86.400000 1.880229 1.700808 1.776450
 86.600000 1.847269 1.665716 5.803985
 86.800000 1.941596 1.760919 0.357714
 87.000000 1.951826 1.772525 0.880659
 87.200000 1.860366 1.750445 1.782980
 87.400000 1.861435 1.864519 8.809968
 87.600000 1.936091 1.749317 0.139641
 87.800000 1.954057 1.751423 0.603224
 88.000000 1.900359 1.734379 0.250140
 88.200000 1.816594 1.665605 8.510135
 88.400000 1.840702 1.746916 3.134399
 88.600000 1.916641 1.695821 1.230741
 88.800000 1.818563 1.688160 6.764964
 89.000000 1.905593 1.791223 1.154911
 89.200000 1.826119 1.846014 9.462590
 89.400000 1.905548 1.870569 7.944992
 89.600000 1.825655 1.814217 6.810248
 89.800000 1.873447 1.718044 1.449422
 90.000000 1.900198 1.662929 3.588233
 90.200000 1.906050 1.648646 4.769248
 90.400000 1.909503 1.697095 1.216908
 90.600000 1.858983 1.792379 2.959938
 90.800000 1.894908 1.776129 0.785654
 91.000000 1.881346 1.761669 0.875240
 91.200000 1.855435 1.722064 2.346056
 91.400000 1.889787 1.778804 1.012530
 91.600000 1.890867 1.734691 0.476935
 91.800000 1.839614 1.721714 3.498741
 92.000000 1.903045 1.821146 3.015497
 92.200000 1.860315 1.818228 4.430072
 92.400000 1.976533 1.781251 2.250993
 92.600000 1.888551 1.765900 0.701759
 92.800000 1.883069 1.805609 2.493694
 93.000000 1.894388 1.781484 0.978050
 93.200000 1.822019 1.749157 4.793971
 93.400000 1.961228 1.678205 3.108409
 93.600000 1.875463 1.647506 5.770331
 93.800000 1.842773 1.697251 4.127145
 94.000000 1.855502 1.730367 2.183030
 94.200000 1.853815 1.736459 2.220477
 94.400000 1.854852 1.736512 2.152026
 94.600000 1.899580 1.813945 2.559733
 94.800000 1.870341 1.721909 1.500437
 95.000000 1.909974 1.733182 0.122669
 95.200000 1.970794 1.739433 1.314416
 95.400000 1.911067 1.774790 0.472637
 95.600000 1.934242 1.794542 1.314321
 95.800000 1.830533 1.715377 4.438429
 96.000000 1.864317 1.746924 1.543919
 96.200000 1.832581 1.814656 6.212089
 96.400000 1.912076 1.734689 0.086920
 96.600000 1.938151 1.734414 0.226807
 96.800000 1.877050 1.695439 2.160963
 97.000000 1.834379 1.713669 4.154888
 97.200000 1.915884 1.750797 0.022860
 97.400000 1.903073 1.769989 0.444976
 97.600000 1.884891 1.816838 3.168246
 97.800000 1.849991 1.751873 2.462431
 98.000000 1.778359 1.767782 10.263614
 98.200000 1.769584 1.757846 11.370059
 98.400000 1.899477 1.632129 6.614965
 98.600000 1.906913 1.649596 4.666299
 98.800000 1.824397 1.737820 4.585044
 99.000000 1.912427 1.762713 0.178729
 99.200000 1.850991 1.743971 2.372548
 99.400000 1.922360 1.785907 0.826397
 99.600000 1.858630 1.798144 3.269437
 99.800000 1.869015 1.738865 1.313597
 100.000000 1.956021 1.775842 1.119227
 100.200000 1.893181 1.777304 0.867129
 100.400000 1.937570 1.769320 0.444562
 100.600000 1.911264 1.786335 0.877686
 100.800000 1.885948 1.711058 1.162361
 101.000000 1.853724 1.835440 6.247115
 101.200000 1.914980 1.808353 1.997920
 101.400000 1.956181 1.755668 0.712972
 101.600000 2.054513 1.750703 9.079793
 101.800000 1.873466 1.720996 1.372343
 102.000000 1.863772 1.712894 2.099087
 102.200000 1.959275 1.782101 1.452787
 102.400000 1.786621 1.777355 9.389359
 102.600000 1.825920 1.790448 5.430451
 102.800000 1.891407 1.762100 0.545469
 103.000000 1.871950 1.694329 2.448269
 103.200000 1.801348 1.809187 9.061734
 103.400000 1.867576 1.735923 1.411183
 103.600000 1.909255 1.739250 0.074739
 103.800000 1.922471 1.810017 2.095628
 104.000000 1.860168 1.725493 1.978439
 104.200000 1.927074 1.687043 1.724636
 104.400000 1.940441 1.766928 0.444992
 104.600000 1.836456 1.784502 4.245573
 104.800000 1.904907 1.867498 7.574436
 105.000000 2.000912 1.718527 3.643702
 105.200000 1.848852 1.701514 3.481123
 105.400000 1.867058 1.807745 3.342028
 105.600000 1.923105 1.686191 1.753953
 105.800000 1.814950 1.779776 6.096625
 106.000000 1.909985 1.771369 0.387812
 106.200000 1.905939 1.684098 1.971564
 106.400000 1.811530 1.780587 6.489486
 106.600000 1.838438 1.726543 3.491390
 106.800000 1.844144 1.692280 4.273673
 107.000000 1.921584 1.727901 0.153352
 107.200000 1.835491 1.803621 5.258207
 107.400000 1.847700 1.751031 2.619945
 107.600000 1.912848 1.716109 0.451497
 107.800000 1.872568 1.738939 1.138789
 108.000000 1.934940 1.836051 4.228912
 108.200000 1.927815 1.818180 2.685272
 108.400000 1.972332 1.724519 1.593105
 108.600000 1.925176 1.785853 0.835217
 108.800000 1.807015 1.721610 6.648508
 109.000000 1.912131 1.678913 2.235443
 109.200000 1.954229 1.779469 1.173307
 109.400000 1.822492 1.716071 5.168537
 109.600000 1.893271 1.692237 1.762926
 109.800000 1.898337 1.750073 0.242926
 110.000000 1.840797 1.739767 3.141115
 110.200000 1.854278 1.811222 4.321516
 110.400000 1.910973 1.841125 4.627917
 110.600000 1.967641 1.762843 1.294794
 110.800000 1.946824 1.776716 0.856059
 111.000000 1.862214 1.754899 1.707446
 111.200000 1.913337 1.698058 1.138575
 111.400000 1.890819 1.813225 2.726644
 111.600000 1.920091 1.864182 7.063059
 111.800000 1.964582 1.778219 1.540769
 112.000000 1.809713 1.821258 8.949072
 112.200000 1.866005 1.757523 1.524672
 112.400000 1.883169 1.764364 0.854357
 112.600000 1.859601 1.756712 1.880496
 112.800000 1.980695 1.716117 2.276993
 113.000000 1.888413 1.794535 1.705151
 113.200000 1.919697 1.697930 1.123371
 113.400000 1.869333 1.712212 1.824943
 113.600000 1.886742 1.790124 1.551760
 113.800000 1.903399 1.752402 0.160534
 114.000000 1.846829 1.872710 10.779822
 114.200000 1.990900 1.807770 4.472615
 114.400000 1.938956 1.777194 0.689967
 114.600000 1.856702 1.808139 3.967092
 114.800000 1.983611 1.750198 2.043783
 115.000000 1.950541 1.739532 0.487411
 115.200000 1.921102 1.806023 1.842641
 115.400000 1.929838 1.734192 0.111776
 115.600000 1.891427 1.727945 0.555367
 115.800000 1.982267 1.698919 3.024129
 116.000000 1.932477 1.706684 0.826298
 116.200000 1.874873 1.882996 10.488074
 116.400000 1.833713 1.909039 17.111279
 116.600000 1.847388 1.782661 3.323093
 116.800000 1.991667 1.848175 7.866575
 117.000000 1.920487 1.798526 1.415123
 117.200000 1.858022 1.731695 2.005063
 117.400000 1.878244 1.789689 1.849931
 117.600000 1.813636 1.713411 6.151399
 117.800000 1.992061 1.615269 11.064139
 118.000000 2.024670 1.709486 6.134709
 118.200000 1.872568 1.717864 1.495538
 118.400000 1.858692 1.754341 1.911515
 118.600000 1.876593 1.829338 4.464830
 118.800000 1.902045 1.815791 2.641148
 119.000000 1.892800 1.732470 0.448863
 119.200000 1.848107 1.783023 3.284831
 119.400000 1.872125 1.688814 2.736425
 119.600000 1.940177 1.676407 2.581456
 119.800000 1.887606 1.773760 0.924383
 120.000000 1.830603 1.781819 4.649327
 120.200000 1.904332 1.782287 0.803539
 120.400000 1.872897 1.796904 2.432853
 120.600000 1.937591 1.751198 0.174366
 120.800000 1.856451 1.692153 3.424317
 121.000000 1.895796 1.721608 0.570944
 121.200000 1.954379 1.734122 0.658488
 121.400000 1.892149 1.792017 1.473891
 121.600000 1.905390 1.854977 6.116036
 121.800000 1.927182 1.808639 2.030868
 122.000000 1.907537 1.767633 0.324681
 122.200000 1.890440 1.747570 0.435348
 122.400000 1.851953 1.745482 2.305863
 122.600000 1.884029 1.733034 0.717603
 122.800000 1.887601 1.645646 5.488782
 123.000000 1.796741 1.645836 12.528825
 123.200000 1.831679 1.739001 3.908153
 123.400000 1.873224 1.706918 1.825272
 123.600000 1.815859 1.816382 7.932594
 123.800000 1.961865 1.711748 1.445991
 124.000000 1.911842 1.687936 1.679180
 124.200000 1.934486 1.722299 0.372124
 124.400000 1.928509 1.760662 0.154926
 124.600000 1.808987 1.736578 6.184953
 124.800000 1.986210 1.784552 2.970223
 125.000000 1.875925 1.801967 2.569151
 125.200000 1.782208 1.754279 9.514389
 125.400000 1.971132 1.749970 1.325084
 125.600000 1.897051 1.685094 2.074315
 125.800000 1.897327 1.742774 0.257185
 126.000000 1.934959 1.795839 1.389594
 126.200000 1.909129 1.760429 0.171594
 126.400000 1.900736 1.812320 2.426763
 126.600000 1.768965 1.698299 12.490847
 126.800000 1.839158 1.726428 3.435212
 127.000000 1.929841 1.811446 2.235491
 127.200000 1.955322 1.728028 0.778373
 127.400000 1.917925 1.769543 0.295031
 127.600000 1.876416 1.714033 1.433490
 127.800000 1.868305 1.653433 5.551576
 128.000000 1.969852 1.769556 1.542971
 128.200000 1.934395 1.780360 0.719199
 128.400000 1.870852 1.852870 6.983544
 128.600000 1.949282 1.795968 1.714928
 128.800000 1.904530 1.732146 0.204437
 129.000000 1.835281 1.787034 4.446640
 129.200000 1.915296 1.794102 1.199819
 129.400000 1.805133 1.699817 7.617073
 129.600000 1.936837 1.705916 0.920767
 129.800000 1.851811 1.784012 3.063662
 130.000000 1.821023 1.668147 7.863126
 130.200000 1.834600 1.816262 6.150542
 130.400000 1.831897 1.757174 3.939072
 130.600000 1.841608 1.699372 4.117891
 130.800000 1.930169 1.826138 3.318184
 131.000000 1.861311 1.724768 1.925474
 131.200000 1.923193 1.771550 0.349314
 131.400000 1.950731 1.736207 0.518058
 131.600000 1.871311 1.715390 1.626796
 131.800000 1.936482 1.816029 2.637368
 132.000000 1.964575 1.767191 1.238571
 132.200000 1.864089 1.762563 1.703790
 132.400000 1.860945 1.765215 1.933351
 132.600000 1.814824 1.734790 5.572021
 132.800000 1.869104 1.674094 3.825453
 133.000000 1.913123 1.791217 1.075527
 133.200000 1.928037 1.821288 2.918294
 133.400000 1.938586 1.771270 0.511758
 133.600000 1.927118 1.778498 0.576404
 133.800000 1.902632 1.744928 0.148519
 134.000000 1.859203 1.788499 2.771585
 134.200000 1.952358 1.848099 5.808812
 134.400000 1.872785 1.798257 2.508807
 134.600000 1.889365 1.769754 0.763312
 134.800000 1.857447 1.749730 1.957484
 135.000000 1.905222 1.673473 2.688843
 135.200000 1.923127 1.702052 0.941786
 135.400000 1.870358 1.687581 2.892774
 135.600000 1.823213 1.699738 5.709788
 135.800000 1.868997 1.787098 2.165945
 136.000000 1.901066 1.737545 0.206945
 136.200000 1.952538 1.814907 2.954397
 136.400000 1.926068 1.865939 7.292635
 136.600000 1.874075 1.736314 1.088868
 136.800000 1.905235 1.746218 0.107377
 137.000000 1.864788 1.717408 1.906362
 137.200000 1.901989 1.687228 1.847605
 137.400000 1.954309 1.809510 2.652852
 137.600000 1.932613 1.784505 0.848662
 137.800000 1.967750 1.758065 1.227731
 138.000000 1.920998 1.767642 0.249584
 138.200000 1.763585 1.708918 12.874168
 138.400000 1.884946 1.760842 0.729884
 138.600000 1.842410 1.755673 3.052936
 138.800000 1.929302 1.758834 0.135753
 139.000000 1.913458 1.854641 5.995071
 139.200000 1.796757 1.749784 7.587426
 139.400000 1.828451 1.716096 4.605331
 139.600000 1.875675 1.660244 4.595960
 139.800000 1.785448 1.652937 13.301671
 140.000000 1.853616 1.681471 4.233241
 140.200000 1.879829 1.763457 0.965643
 140.400000 1.914178 1.896623 11.461066
 140.600000 1.890937 1.869110 8.079150
 140.800000 1.848911 1.814520 4.910668
 141.000000 1.945006 1.759796 0.420740
 141.200000 1.865979 1.749930 1.462258
 141.400000 1.890476 1.825492 3.644840
 141.600000 1.879868 1.723511 1.037793
 141.800000 1.897613 1.733148 0.321710
 142.000000 1.913935 1.842087 4.698589
 142.200000 1.827584 1.764763 4.446440
 142.400000 1.871343 1.701994 2.116018
 142.600000 1.917258 1.725033 0.209364
 142.800000 1.914892 1.626219 7.105932
 143.000000 1.970499 1.684543 3.129493
 143.200000 1.938780 1.723523 0.416691
 143.400000 1.883647 1.802802 2.307355
 143.600000 1.868578 1.839683 5.766314
 143.800000 1.906116 1.823718 3.166876
 144.000000 1.979466 1.803746 3.482611
 144.200000 1.920822 1.814505 2.393082
 144.400000 1.911584 1.756745 0.099424
 144.600000 1.900212 1.682785 2.148963
 144.800000 1.828283 1.786030 5.021644
 145.000000 1.997337 1.783910 3.745363
 145.200000 1.981826 1.769999 2.224050
 145.400000 1.834296 1.793053 4.799577
 145.600000 1.822962 1.760380 4.808129
 145.800000 1.774479 1.756959 10.635694
 146.000000 1.958845 1.783506 1.488581
 146.200000 1.905204 1.693609 1.444942
 146.400000 1.872884 1.748056 1.107188
 146.600000 1.972901 1.761436 1.536289
 146.800000 1.961678 1.655456 4.912878
 147.000000 1.829146 1.755740 4.168879
 147.200000 1.932185 1.820627 2.910784
 147.400000 1.872987 1.817232 3.683657
 147.600000 1.886255 1.759633 0.667023
 147.800000 1.841148 1.742056 3.103316
 148.000000 1.807126 1.741094 6.363671
 148.200000 1.965156 1.721717 1.304534
 148.400000 1.874894 1.760468 1.125684
 148.600000 1.802600 1.813441 9.194763
 148.800000 1.897831 1.718165 0.611635
 149.000000 1.914996 1.601064 10.418068
 149.200000 1.792087 1.760432 8.277298
 149.400000 1.805345 1.800874 8.099692
 149.600000 1.929717 1.767485 0.293993
 149.800000 1.920134 1.770415 0.314673
 150.000000 1.809622 1.739949 6.090950
 150.200000 1.943692 1.727362 0.445335
 150.400000 1.966277 1.686113 2.830471
 150.600000 1.840469 1.740027 3.165720
 150.800000 1.928283 1.800805 1.574233
 151.000000 1.973499 1.750951 1.454229
 151.200000 1.863500 1.740574 1.599667
 151.400000 1.837946 1.853457 9.200912
 151.600000 1.829982 1.821243 6.920654
 151.800000 1.862664 1.786726 2.492644
 152.000000 1.986830 1.760036 2.350481
 152.200000 1.822560 1.743349 4.735835
 152.400000 1.875613 1.785759 1.796290
 152.600000 1.911603 1.791306 1.091017
 152.800000 1.801633 1.675122 9.453530
 153.000000 1.908931 1.716542 0.474100
 153.200000 1.824905 1.790731 5.539130
 153.400000 1.865994 1.783553 2.181427
 153.600000 2.020452 1.766195 5.276801
 153.800000 1.885583 1.804226 2.321952
 154.000000 1.947698 1.741159 0.396121
 154.200000 1.907000 1.773153 0.469811
 154.400000 1.927229 1.674806 2.513892
 154.600000 1.823440 1.765803 4.858196
 154.800000 1.931702 1.848807 5.423883
 155.000000 1.875860 1.711267 1.548237
 155.200000 1.828406 1.774973 4.621527
 155.400000 1.882686 1.611934 9.588212
 155.600000 1.830879 1.716015 4.388676
 155.800000 1.941440 1.746192 0.233171
 156.000000 1.802353 1.755422 6.955165
 156.200000 1.891316 1.766546 0.632536
 156.400000 1.910677 1.848270 5.340621
 156.600000 1.853642 1.749066 2.199532
 156.800000 1.993879 1.783959 3.485335
 157.000000 1.821017 1.827585 8.268225
 157.200000 1.889838 1.625464 7.634587
 157.400000 1.981492 1.695568 3.137168
 157.600000 1.913683 1.704509 0.852242
 157.800000 1.891853 1.794596 1.605860
 158.000000 1.964081 1.816682 3.523268
 158.200000 1.915042 1.795855 1.288037
 158.400000 1.798194 1.824541 10.538805
 158.600000 1.929896 1.769753 0.348605
 158.800000 1.878249 1.761744 1.000529
 159.000000 1.911509 1.718193 0.403071
 159.200000 1.961598 1.696149 2.080275
 159.400000 1.929981 1.757056 0.119963
 159.600000 1.853164 1.745368 2.224334
 159.800000 1.860801 1.848215 7.036907
 160.000000 1.902816 1.771741 0.494056
 160.200000 1.881159 1.807958 2.710160
 160.400000 1.869122 1.808835 3.303798
 160.600000 2.007694 1.810267 5.965702
 160.800000 1.898434 1.835058 4.255182
 161.000000 1.903041 1.758737 0.231363
 161.200000 2.005826 1.763039 3.851725
 161.400000 1.929487 1.763674 0.214584
 161.600000 1.829704 1.720288 4.377780
 161.800000 1.843091 1.803749 4.653376
 162.000000 1.816583 1.707046 6.066101
 162.200000 1.826780 1.744363 4.332627
 162.400000 1.907581 1.726051 0.261235
 162.600000 1.882741 1.658012 4.501148
 162.800000 1.809761 1.734430 6.120522
 163.000000 1.901499 1.785632 0.980742
 163.200000 1.906838 1.772044 0.441652
 163.400000 1.883409 1.827021 4.001161
 163.600000 1.879106 1.793028 1.968125
 163.800000 1.863439 1.813498 3.915310
 164.000000 1.870032 1.824824 4.401259
 164.200000 1.904510 1.739084 0.137347
 164.400000 1.946214 1.743226 0.349408
 164.600000 1.860593 1.783262 2.475850
 164.800000 1.888078 1.707924 1.204719
 165.000000 1.947224 1.748164 0.378344
 165.200000 1.903607 1.765903 0.343766
 165.400000 1.797676 1.811263 9.638376
 165.600000 1.803975 1.854426 12.665948
 165.800000 1.984000 1.780910 2.689821
 166.000000 1.924761 1.753088 0.042093
 166.200000 1.836242 1.821481 6.395759
 166.400000 2.009724 1.715508 4.482191
 166.600000 2.023864 1.674457 7.919580
 166.800000 1.866296 1.766815 1.665517
 167.000000 1.863359 1.705408 2.393179
 167.200000 1.976188 1.772932 1.967270
 167.400000 1.925579 1.910498 13.656735
 167.600000 1.830989 1.840617 8.489146
 167.800000 1.896600 1.794918 1.500097
 168.000000 1.991337 1.779518 3.138734
 168.200000 1.853678 1.700365 3.201040
 168.400000 1.850625 1.740241 2.409813
 168.600000 1.959320 1.741387 0.786231
 168.800000 1.921992 1.742484 0.006316
 169.000000 1.905654 1.797743 1.474509
 169.200000 1.814747 1.831593 9.245310
 169.400000 1.844243 1.821308 5.745503
 169.600000 1.911465 1.832375 3.823710
 169.800000 1.953373 1.809495 2.620091
 170.000000 1.984087 1.783891 2.805920
 170.200000 1.868610 1.718886 1.663038
 170.400000 1.899497 1.705631 0.995323
 170.600000 1.863891 1.788982 2.519163
 170.800000 1.909732 1.759504 0.151776
 171.000000 1.853252 1.775749 2.681158
 171.200000 1.839051 1.805425 5.070999
 171.400000 1.945103 1.668103 3.300461
 171.600000 1.880177 1.718982 1.134561
 171.800000 1.900293 1.763535 0.357194
 172.000000 1.845219 1.728778 2.922797
 172.200000 1.882895 1.729765 0.804398
 172.400000 1.806912 1.802976 8.040480
 172.600000 1.774761 1.718136 10.896886
 172.800000 1.973248 1.739408 1.442568
 173.000000 1.917442 1.750152 0.014556
 173.200000 1.829139 1.720488 4.423921
 173.400000 1.897412 1.773098 0.637549
 173.600000 2.093583 1.727835 15.242458
 173.800000 1.965786 1.722237 1.321122
 174.000000 1.867248 1.836649 5.553826
 174.200000 1.872572 1.852343 6.844115
 174.400000 1.934060 1.791845 1.182636
 174.600000 1.911605 1.792635 1.152982
 174.800000 1.879422 1.801437 2.391730
 175.000000 1.910498 1.713412 0.553199
 175.200000 1.873715 1.704602 1.894129
 175.400000 1.845771 1.749289 2.752608
 175.600000 1.845370 1.778052 3.309921
 175.800000 1.975063 1.733810 1.589928
 176.000000 1.884210 1.740586 0.646788
 176.200000 1.884615 1.705185 1.426956
 176.400000 1.838472 1.740112 3.325818
 176.600000 1.873312 1.697356 2.234190
 176.800000 1.924306 1.713040 0.531161
 177.000000 1.840648 1.789337 4.105798
 177.200000 1.887003 1.831934 4.290029
 177.400000 1.899078 1.785629 1.028021
 177.600000 1.889776 1.717871 0.829575
 177.800000 1.924769 1.782188 0.691343
 178.000000 1.941233 1.769228 0.513940
 178.200000 1.933700 1.737530 0.126163
 178.400000 1.831353 1.768808 4.192560
 178.600000 1.796112 1.661648 11.158356
 178.800000 1.820447 1.680051 7.072313
 179.000000 1.936101 1.719670 0.461048
 179.200000 1.970163 1.766650 1.492349
 179.400000 1.906552 1.776384 0.570785
 179.600000 1.935103 1.806260 1.972391
 179.800000 1.943541 1.798427 1.690040
 180.000000 1.839377 1.734700 3.295409
 180.200000 1.818564 1.774445 5.554519
 180.400000 1.869850 1.730317 1.363314
 180.600000 1.889801 1.742259 0.456542
 180.800000 1.899613 1.825921 3.452499
 181.000000 1.877295 1.759320 1.003836
 181.200000 1.893133 1.715743 0.794908
 181.400000 1.941369 1.773261 0.621368
 181.600000 1.881425 1.760388 0.852081
 181.800000 1.914247 1.729986 0.133470
 182.000000 1.914477 1.788661 0.953310
 182.200000 1.909463 1.706510 0.807528
 182.400000 1.837988 1.742009 3.357177
 182.600000 1.797334 1.784194 8.261765
 182.800000 1.931412 1.724770 0.278048
 183.000000 1.860812 1.722228 2.010315
 183.200000 1.789026 1.806868 10.452535
 183.400000 1.890739 1.766642 0.651207
 183.600000 1.868511 1.716179 1.743319
 183.800000 1.889311 1.712616 1.001771
 184.000000 1.880041 1.779064 1.361860
 184.200000 1.886286 1.760893 0.684784
 184.400000 1.884210 1.731628 0.729414
 184.600000 1.850826 1.786220 3.219053
 184.800000 1.860304 1.726240 1.955810
 185.000000 1.885235 1.722694 0.855670
 185.200000 1.913439 1.794200 1.214808
 185.400000 1.852096 1.793074 3.435941
 185.600000 1.846801 1.776958 3.169157
 185.800000 1.993015 1.826588 5.977157
 186.000000 1.872311 1.835981 5.239431
 186.200000 1.886602 1.851115 6.148470
 186.400000 1.978160 1.797956 3.084111
 186.600000 1.857535 1.735980 1.986021
 186.800000 1.947417 1.788975 1.332112
 187.000000 1.902575 1.820533 2.977207
 187.200000 1.877316 1.697804 2.034419
 187.400000 1.849421 1.792188 3.578834
 187.600000 1.829780 1.705006 4.870364
 187.800000 1.869563 1.688075 2.904024
 188.000000 1.865432 1.777977 2.014284
 188.200000 1.841984 1.627760 9.943804
 188.400000 1.867628 1.705053 2.175276
 188.600000 1.890265 1.716897 0.842195
 188.800000 1.839944 1.661361 6.718822
 189.000000 1.870547 1.823709 4.287720
 189.200000 1.840215 1.758601 3.259868
 189.400000 1.885924 1.747775 0.578878
 189.600000 1.978214 1.792362 2.808538
 189.800000 1.892140 1.780562 1.004930
 190.000000 1.897171 1.835795 4.349509
 190.200000 1.960263 1.820624 3.650794
 190.400000 1.940005 1.779749 0.795225
 190.600000 1.928421 1.750010 0.047579
 190.800000 1.775703 1.781735 11.053597
 191.000000 1.860296 1.667249 4.822330
 191.200000 1.912156 1.743110 0.032153
 191.400000 1.896205 1.714737 0.747759
 191.600000 1.898351 1.724254 0.453442
 191.800000 1.818815 1.764961 5.297927
 192.000000 1.919818 1.736563 0.038420
 192.200000 1.878661 1.774903 1.286066
 192.400000 1.831297 1.808973 5.947169
 192.600000 1.859266 1.753255 1.867374
 192.800000 1.921981 1.814758 2.412417
 193.000000 1.922864 1.779142 0.576151
 193.200000 1.854809 1.818334 4.780804
 193.400000 1.889859 1.808181 2.425246
 193.600000 1.838036 1.730155 3.462924
 193.800000 1.858812 1.799296 3.319740
 194.000000 1.897492 1.731170 0.350453
 194.200000 1.919307 1.754136 0.038930
 194.400000 1.914136 1.773561 0.414904
 194.600000 1.825694 1.810851 6.580343
 194.800000 1.947868 1.761573 0.524073
 195.000000 1.944166 1.708276 0.981799
 195.200000 1.877530 1.704327 1.736582
 195.400000 1.940795 1.659030 3.942858
 195.600000 1.895496 1.761010 0.419799
 195.800000 1.868513 1.785893 2.141084
 196.000000 1.887483 1.822672 3.515124
 196.200000 1.864904 1.767003 1.745072
 196.400000 1.931137 1.785817 0.883207
 196.600000 1.882131 1.842431 5.426230
 196.800000 1.904753 1.759311 0.211889
 197.000000 1.929801 1.820839 2.900237
 197.200000 1.934675 1.761999 0.248650
 197.400000 1.872537 1.694874 2.392679
 197.600000 1.879091 1.779041 1.399364
 197.800000 2.009229 1.778969 4.559046
 198.000000 1.827853 1.812367 6.479875
 198.200000 1.913700 1.783537 0.748913
 198.400000 1.896582 1.787910 1.177533
 198.600000 1.920766 1.703136 0.890526
 198.800000 1.889137 1.736321 0.512596
 199.000000 1.852424 1.718856 2.624395
 199.200000 1.878010 1.678128 3.133794
 199.400000 1.872938 1.790041 2.100493
 199.600000 1.820930 1.774348 5.314820
 199.800000 1.789197 1.792078 9.629411
 200.000000 1.915224 1.785364 0.812158
