#! FIELDS time phi psi restraint.bias
#! SET min_phi -pi
#! SET max_phi pi
#! SET min_psi -pi
#! SET max_psi pi
 0.000000 -1.705400 0.953034 33.284733
 0.200000 -1.702484 0.693741 0.927482
 0.400000 -1.720357 0.746741 1.493234
 0.600000 -1.763625 0.718736 0.379623
 0.800000 -1.798278 0.737556 2.178920
 1.000000 -1.760360 0.602156 4.718589
 1.200000 -1.641302 0.725584 5.787638
 1.400000 -1.741701 0.724093 0.343588
 1.600000 -1.704417 0.736938 1.589899
 1.800000 -1.674730 0.685768 2.568574
 2.000000 -1.769704 0.687558 0.352951
 2.200000 -1.659106 0.700175 3.719328
 2.400000 -1.781220 0.697863 0.644123
 2.600000 -1.696850 0.737127 1.935422
 2.800000 -1.674107 0.728387 2.993989
 3.000000 -1.680010 0.705921 2.163626
 3.200000 -1.743451 0.691110 0.026417
 3.400000 -1.627523 0.737822 7.726859
 3.600000 -1.655375 0.649129 5.246547
 3.800000 -1.745593 0.741499 0.940403
 4.000000 -1.776853 0.764084 2.671736
 4.200000 -1.719590 0.681851 0.463775
 4.400000 -1.728198 0.740643 1.050335
 4.600000 -1.698935 0.650434 2.213751
 4.800000 -1.744876 0.693243 0.012055
 5.000000 -1.665678 0.621860 6.080853
 5.200000 -1.791934 0.697014 1.086640
 5.400000 -1.642317 0.760457 7.247990
 5.600000 -1.747756 0.702072 0.010709
 5.800000 -1.760665 0.697352 0.117895
 6.000000 -1.678257 0.713420 2.366246
 6.200000 -1.714015 0.687481 0.547021
 6.400000 -1.768024 0.747443 1.473331
 6.600000 -1.720675 0.717585 0.493141
 6.800000 -1.807544 0.786059 5.800883
 7.000000 -1.662993 0.663922 3.974759
 7.200000 -1.713589 0.721751 0.782653
 7.400000 -1.799952 0.696792 1.492746
 7.600000 -1.679120 0.709761 2.259458
 7.800000 -1.756517 0.780727 3.473593
 8.000000 -1.703448 0.728369 1.334170
 8.200000 -1.748601 0.630415 2.298108
 8.400000 -1.736965 0.728429 0.493931
 8.600000 -1.689267 0.608268 5.609273
 8.800000 -1.718199 0.668274 0.813774
 9.000000 -1.787021 0.737736 1.653361
 9.200000 -1.811253 0.689028 2.214425
 9.400000 -1.654311 0.672639 4.467114
 9.600000 -1.640809 0.740490 6.359387
 9.800000 -1.804084 0.631549 3.942693
 10.000000 -1.692642 0.678231 1.586006
 10.200000 -1.632998 0.765162 8.555740
 10.400000 -1.814355 0.691096 2.407000
 10.600000 -1.647413 0.646117 6.146506
 10.800000 -1.731769 0.639178 1.829728
 11.000000 -1.726362 0.730106 0.691077
 11.200000 -1.656455 0.650529 5.082357
 11.400000 -1.774301 0.689176 0.459779
 11.600000 -1.677379 0.686259 2.379091
 11.800000 -1.758677 0.747774 1.321252
 12.000000 -1.640984 0.679348 5.620331
 12.200000 -1.793615 0.772470 3.928809
 12.400000 -1.724246 0.663064 0.837127
 12.600000 -1.687542 0.657930 2.477780
 12.800000 -1.736100 0.741557 0.985468
 13.000000 -1.704252 0.674415 1.124897
 13.200000 -1.696103 0.758284 3.020752
 13.400000 -1.723715 0.803402 5.774460
 13.600000 -1.743975 0.714050 0.127618
 13.800000 -1.674251 0.733576 3.154233
 14.000000 -1.778746 0.731174 1.104224
 14.200000 -1.662730 0.730755 3.943505
 14.400000 -1.693719 0.790387 5.587368
 14.600000 -1.730318 0.645137 1.516909
 14.800000 -1.758978 0.718212 0.294746
 15.000000 -1.709385 0.691530 0.667795
 15.200000 -1.721622 0.746134 1.433137
 15.400000 -1.681675 0.671230 2.387771
 15.600000 -1.777175 0.660880 1.200918
 15.800000 -1.692031 0.681987 1.550658
 16.000000 -1.661637 0.634905 5.501026
 16.200000 -1.786567 0.687544 0.906315
 16.400000 -1.739133 0.729589 0.513968
 16.600000 -1.611091 0.639717 10.716139
 16.800000 -1.695925 0.717175 1.401701
 17.000000 -1.749772 0.642053 1.582280
 17.200000 -1.692470 0.733475 2.021592
 17.400000 -1.652793 0.727380 4.709244
 17.600000 -1.793104 0.707456 1.184673
 17.800000 -1.786600 0.774837 3.793488
 18.000000 -1.676791 0.691274 2.372265
 18.200000 -1.652290 0.733632 4.958323
 18.400000 -1.729377 0.778123 3.326495
 18.600000 -1.778789 0.782072 4.082803
 18.800000 -1.763298 0.896524 19.841164
 19.000000 -1.666613 0.778796 6.351465
 19.200000 -1.722800 0.748489 1.521728
 19.400000 -1.776245 0.771546 3.172694
 19.600000 -1.798594 0.738850 2.247579
 19.800000 -1.707211 0.736630 1.467553
 20.000000 -1.742439 0.773670 2.857192
 20.200000 -1.747551 0.668738 0.434451
 20.400000 -1.757528 0.767360 2.470670
 20.600000 -1.637565 0.757246 7.553832
 20.800000 -1.752373 0.683554 0.131068
 21.000000 -1.794706 0.619201 4.334021
 21.200000 -1.612945 0.668118 9.213234
 21.400000 -1.717382 0.757868 2.174720
 21.600000 -1.697685 0.680250 1.294851
 21.800000 -1.736975 0.641685 1.628012
 22.000000 -1.807631 0.715747 2.095896
 22.200000 -1.689334 0.612453 5.238131
 22.400000 -1.751284 0.593930 5.446776
 22.600000 -1.782231 0.662875 1.302387
 22.800000 -1.695719 0.691838 1.250396
 23.000000 -1.685863 0.760703 3.725718
 23.200000 -1.699247 0.731064 1.604051
 23.400000 -1.758495 0.666045 0.601445
 23.600000 -1.758030 0.710805 0.160954
 23.800000 -1.641532 0.735304 6.077847
 24.000000 -1.690547 0.803923 7.096503
 24.200000 -1.842827 0.772535 7.520824
 24.400000 -1.687815 0.765193 3.902540
 24.600000 -1.695705 0.778052 4.424926
 24.800000 -1.838885 0.709572 4.441824
 25.000000 -1.628346 0.670760 7.217172
 25.200000 -1.674405 0.731761 3.080575
 25.400000 -1.773587 0.730008 0.907308
 25.600000 -1.724207 0.778119 3.422063
 25.800000 -1.625445 0.694726 7.191908
 26.000000 -1.811844 0.822051 9.890128
 26.200000 -1.634744 0.686205 6.185702
 26.400000 -1.702722 0.666097 1.420776
 26.600000 -1.801750 0.843611 12.173746
 26.800000 -1.667233 0.651994 4.113825
 27.000000 -1.722214 0.670566 0.647072
 27.200000 -1.761227 0.733382 0.747656
 27.400000 -1.685984 0.691330 1.784069
 27.600000 -1.658061 0.666851 4.297129
 27.800000 -1.773347 0.762690 2.476369
 28.000000 -1.675243 0.719805 2.690882
 28.200000 -1.777872 0.676105 0.772101
 28.400000 -1.729574 0.624354 2.845705
 28.600000 -1.768546 0.746333 1.431194
 28.800000 -1.727791 0.654384 1.110725
 29.000000 -1.731589 0.688819 0.137754
 29.200000 -1.727550 0.665023 0.706127
 29.400000 -1.677679 0.667784 2.748743
 29.600000 -1.716655 0.674414 0.692376
 29.800000 -1.784225 0.600458 5.526559
 30.000000 -1.666280 0.643006 4.643833
 30.200000 -1.684946 0.743028 2.830929
 30.400000 -1.784984 0.609433 4.720004
 30.600000 -1.696683 0.664971 1.733016
 30.800000 -1.651502 0.737027 5.158181
 31.000000 -1.712181 0.636863 2.426313
 31.200000 -1.841278 0.722437 4.898432
 31.400000 -1.679459 0.769342 4.704914
 31.600000 -1.626199 0.705065 7.120029
 31.800000 -1.772210 0.733649 0.992022
 32.000000 -1.820278 0.719849 3.044432
 32.200000 -1.759985 0.705905 0.137600
 32.400000 -1.658471 0.791061 8.090086
 32.600000 -1.713687 0.764902 2.729749
 32.800000 -1.810792 0.675647 2.395447
 33.000000 -1.681730 0.834677 11.344755
 33.200000 -1.635005 0.709369 6.148901
 33.400000 -1.853857 0.771802 8.602796
 33.600000 -1.754067 0.784699 3.785087
 33.800000 -1.658086 0.749857 5.143389
 34.000000 -1.761517 0.705767 0.160171
 34.200000 -1.704234 0.710937 0.926407
 34.400000 -1.713322 0.717122 0.692547
 34.600000 -1.750170 0.793231 4.533645
 34.800000 -1.758457 0.661710 0.749446
 35.000000 -1.763148 0.727506 0.590184
 35.200000 -1.732329 0.638594 1.856872
 35.400000 -1.645372 0.671688 5.345365
 35.600000 -1.741026 0.654817 0.947348
 35.800000 -1.719711 0.607379 4.446182
 36.000000 -1.674246 0.670785 2.900336
 36.200000 -1.726394 0.702695 0.189689
 36.400000 -1.708433 0.595135 5.984767
 36.600000 -1.700793 0.664489 1.557654
 36.800000 -1.804811 0.686961 1.831416
 37.000000 -1.715090 0.658001 1.262426
 37.200000 -1.641046 0.711206 5.522996
 37.400000 -1.724937 0.661710 0.871206
 37.600000 -1.772102 0.701196 0.363092
 37.800000 -1.686295 0.645881 3.107563
 38.000000 -1.717608 0.729539 0.877441
 38.200000 -1.817698 0.780523 6.012796
 38.400000 -1.719643 0.719245 0.552769
 38.600000 -1.740960 0.790826 4.305625
 38.800000 -1.756928 0.744869 1.159448
 39.000000 -1.667193 0.714893 3.193127
 39.200000 -1.741281 0.755535 1.655740
 39.400000 -1.767967 0.752275 1.721976
 39.600000 -1.732870 0.809869 6.320197
 39.800000 -1.692991 0.775936 4.396351
 40.000000 -1.696462 0.825088 9.252925
 40.200000 -1.692568 0.752676 2.879415
 40.400000 -1.620377 0.730130 8.318494
 40.600000 -1.705490 0.780794 4.210068
 40.800000 -1.681286 0.683439 2.158686
 41.000000 -1.733946 0.781277 3.521390
 41.200000 -1.677912 0.686223 2.343455
 41.400000 -1.751657 0.737411 0.791467
 41.600000 -1.685128 0.709632 1.878201
 41.800000 -1.679928 0.659388 2.889186
 42.000000 -1.733415 0.700761 0.074427
 42.200000 -1.696013 0.606920 5.375773
 42.400000 -1.729288 0.727564 0.561801
 42.600000 -1.678770 0.715782 2.370862
 42.800000 -1.701233 0.683256 1.082881
 43.000000 -1.668713 0.717211 3.117039
 43.200000 -1.667935 0.715625 3.147955
 43.400000 -1.745993 0.667622 0.465636
 43.600000 -1.765674 0.679957 0.372116
 43.800000 -1.648107 0.687122 4.786731
 44.000000 -1.702129 0.760809 2.897349
 44.200000 -1.661194 0.680059 3.702701
 44.400000 -1.620914 0.737547 8.516417
 44.600000 -1.742671 0.740733 0.910976
 44.800000 -1.781386 0.613896 4.197877
 45.000000 -1.709526 0.725397 1.012646
 45.200000 -1.736362 0.755025 1.658643
 45.400000 -1.709911 0.742266 1.601142
 45.600000 -1.681888 0.707854 2.059636
 45.800000 -1.688501 0.698710 1.614876
 46.000000 -1.826123 0.726204 3.657823
 46.200000 -1.666869 0.698604 3.078134
 46.400000 -1.814722 0.690126 2.439739
 46.600000 -1.755701 0.666916 0.540998
 46.800000 -1.682218 0.783092 5.600604
 47.000000 -1.723551 0.703525 0.251682
 47.200000 -1.825692 0.704051 3.246633
 47.400000 -1.698589 0.673654 1.391920
 47.600000 -1.680525 0.626730 4.648857
 47.800000 -1.771280 0.691526 0.358529
 48.000000 -1.667420 0.802732 8.505536
 48.200000 -1.741209 0.712967 0.118534
 48.400000 -1.668291 0.656184 3.847248
 48.600000 -1.743236 0.674599 0.279083
 48.800000 -1.744442 0.661453 0.673058
 49.000000 -1.656022 0.667111 4.469068
 49.200000 -1.817021 0.787620 6.573883
 49.400000 -1.742350 0.682950 0.119683
 49.600000 -1.681657 0.703262 2.040221
 49.800000 -1.760438 0.723861 0.445128
 50.000000 -1.741573 0.602718 4.558966
 50.200000 -1.655740 0.737976 4.806844
 50.400000 -1.749671 0.660162 0.730281
 50.600000 -1.717978 0.716071 0.534955
 50.800000 -1.747174 0.761708 2.022670
 51.000000 -1.680826 0.663647 2.674940
 51.200000 -1.707122 0.712374 0.831322
 51.400000 -1.852819 0.738850 6.606002
 51.600000 -1.650442 0.683007 4.616221
 51.800000 -1.685062 0.707138 1.856648
 52.000000 -1.804966 0.793543 6.329895
 52.200000 -1.740784 0.727718 0.448016
 52.400000 -1.717303 0.705897 0.422902
 52.600000 -1.765270 0.641458 1.804764
 52.800000 -1.797589 0.707667 1.410983
 53.000000 -1.727705 0.703659 0.170584
 53.200000 -1.765511 0.665470 0.737065
 53.400000 -1.643130 0.722915 5.529465
 53.600000 -1.673838 0.639606 4.268133
 53.800000 -1.758995 0.683255 0.204040
 54.000000 -1.730805 0.700323 0.107875
 54.200000 -1.709939 0.653610 1.617337
 54.400000 -1.743238 0.747072 1.199762
 54.600000 -1.774138 0.651113 1.520332
 54.800000 -1.741656 0.629770 2.343398
 55.000000 -1.675982 0.694061 2.412775
 55.200000 -1.652538 0.681934 4.436250
 55.400000 -1.791491 0.746860 2.252689
 55.600000 -1.680303 0.773609 4.962650
 55.800000 -1.679859 0.726875 2.556282
 56.000000 -1.772721 0.635707 2.323585
 56.200000 -1.709593 0.639395 2.363518
 56.400000 -1.668484 0.633066 5.069376
 56.600000 -1.721048 0.671216 0.657022
 56.800000 -1.710134 0.718352 0.823788
 57.000000 -1.690580 0.688884 1.541491
 57.200000 -1.709641 0.701253 0.641698
 57.400000 -1.735059 0.746759 1.235043
 57.600000 -1.758022 0.630951 2.337204
 57.800000 -1.704583 0.717725 1.022061
 58.000000 -1.640728 0.703603 5.485726
 58.200000 -1.800552 0.656057 2.409893
 58.400000 -1.756357 0.694406 0.067750
 58.600000 -1.643865 0.708675 5.203099
 58.800000 -1.760745 0.785474 3.933198
 59.000000 -1.741926 0.701273 0.010725
 59.200000 -1.640584 0.660443 6.196001
 59.400000 -1.830692 0.811644 10.085896
 59.600000 -1.688500 0.712801 1.722385
 59.800000 -1.697151 0.709034 1.220000
 60.000000 -1.754730 0.791820 4.432924
 60.200000 -1.767893 0.678003 0.457142
 60.400000 -1.768977 0.840257 10.379420
 60.600000 -1.698387 0.789347 5.261935
 60.800000 -1.716259 0.732272 1.005319
 61.000000 -1.719299 0.759073 2.195698
 61.200000 -1.713073 0.807920 6.546968
 61.400000 -1.641992 0.734999 6.018916
 61.600000 -1.775872 0.700887 0.470219
 61.800000 -1.739249 0.729558 0.512277
 62.000000 -1.713767 0.727497 0.929239
 62.200000 -1.716845 0.608197 4.449810
 62.400000 -1.751832 0.738792 0.847793
 62.600000 -1.770745 0.763758 2.476384
 62.800000 -1.697101 0.669198 1.581553
 63.000000 -1.789676 0.743481 2.011570
 63.200000 -1.699864 0.647238 2.328612
 63.400000 -1.700834 0.602047 5.606082
 63.600000 -1.710377 0.711511 0.700329
 63.800000 -1.625319 0.652720 8.232324
 64.000000 -1.774993 0.658807 1.213187
 64.200000 -1.671568 0.739952 3.594792
 64.400000 -1.682263 0.693666 1.998630
 64.600000 -1.672150 0.667447 3.148388
 64.800000 -1.691811 0.666543 1.931014
 65.000000 -1.740295 0.656165 0.893287
 65.200000 -1.762422 0.678309 0.342566
 65.400000 -1.707317 0.643950 2.190320
 65.600000 -1.768114 0.700135 0.261586
 65.800000 -1.744676 0.645651 1.377309
 66.000000 -1.769679 0.640242 1.972048
 66.200000 -1.688066 0.753257 3.158962
 66.400000 -1.713742 0.653910 1.476650
 66.600000 -1.765489 0.658928 0.971662
 66.800000 -1.636714 0.793101 10.408202
 67.000000 -1.718665 0.725983 0.743325
 67.200000 -1.774169 0.763952 2.582058
 67.400000 -1.708022 0.752100 2.152231
 67.600000 -1.728101 0.676829 0.375313
 67.800000 -1.700256 0.828595 9.526168
 68.000000 -1.759850 0.717124 0.285776
 68.200000 -1.861647 0.649934 7.926460
 68.400000 -1.664554 0.775429 6.249761
 68.600000 -1.661632 0.659286 4.257138
 68.800000 -1.728841 0.682807 0.253356
 69.000000 -1.759036 0.698552 0.094024
 69.200000 -1.693373 0.747159 2.551534
 69.400000 -1.673795 0.778988 5.827428
 69.600000 -1.761323 0.665829 0.649632
 69.800000 -1.693390 0.683213 1.460099
 70.000000 -1.688027 0.750777 3.027531
 70.200000 -1.725132 0.634118 2.252813
 70.400000 -1.670348 0.674156 3.098538
 70.600000 -1.821772 0.722265 3.212974
 70.800000 -1.682543 0.659641 2.711781
 71.000000 -1.656852 0.818506 11.159039
 71.200000 -1.774462 0.709559 0.489635
 71.400000 -1.796692 0.606669 5.501796
 71.600000 -1.685307 0.747879 3.038690
 71.800000 -1.752694 0.633630 2.107356
 72.000000 -1.708306 0.651205 1.786407
 72.200000 -1.686598 0.814866 8.538159
 72.400000 -1.639912 0.661681 6.220782
 72.600000 -1.796185 0.785432 5.103802
 72.800000 -1.802816 0.701427 1.657789
 73.000000 -1.721743 0.744066 1.333125
 73.200000 -1.694835 0.732934 1.880425
 73.400000 -1.755146 0.688467 0.094891
 73.600000 -1.766513 0.739976 1.099833
 73.800000 -1.631187 0.750053 7.862137
 74.000000 -1.760124 0.772405 2.867666
 74.200000 -1.721476 0.665664 0.811584
 74.400000 -1.738244 0.699099 0.025565
 74.600000 -1.688225 0.665152 2.174292
 74.800000 -1.745264 0.710544 0.077034
 75.000000 -1.707619 0.660582 1.416022
 75.200000 -1.764513 0.704184 0.202323
 75.400000 -1.699775 0.708835 1.094881
 75.600000 -1.689151 0.680127 1.740071
 75.800000 -1.846563 0.620122 8.166924
 76.000000 -1.740234 0.630899 2.273100
 76.200000 -1.653891 0.700866 4.184188
 76.400000 -1.729196 0.617125 3.411151
 76.600000 -1.796082 0.629041 3.674708
 76.800000 -1.691161 0.665925 1.985723
 77.000000 -1.711291 0.693296 0.591009
 77.200000 -1.652660 0.682737 4.412279
 77.400000 -1.786302 0.682813 0.956727
 77.600000 -1.696184 0.634780 3.214358
 77.800000 -1.650650 0.681538 4.619718
 78.000000 -1.678483 0.732365 2.820154
 78.200000 -1.721645 0.703516 0.294977
 78.400000 -1.750903 0.609775 3.918973
 78.600000 -1.760280 0.674526 0.390374
 78.800000 -1.661523 0.687012 3.573564
 79.000000 -1.796746 0.719191 1.543572
 79.200000 -1.781171 0.714989 0.784414
 79.400000 -1.635594 0.716872 6.196471
 79.600000 -1.718362 0.719729 0.596842
 79.800000 -1.727778 0.715073 0.297529
 80.000000 -1.726469 0.784727 3.927192
 80.200000 -1.742193 0.745815 1.141768
 80.400000 -1.675789 0.625137 5.082022
 80.600000 -1.678349 0.658124 3.043462
 80.800000 -1.859884 0.607060 10.708398
 81.000000 -1.602788 0.756286 11.850028
 81.200000 -1.700414 0.727351 1.435576
 81.400000 -1.780966 0.733273 1.252444
 81.600000 -1.708796 0.733423 1.290077
 81.800000 -1.697326 0.683275 1.262525
 82.000000 -1.723618 0.738357 1.044735
 82.200000 -1.735287 0.715168 0.195539
 82.400000 -1.678172 0.747513 3.474324
 82.600000 -1.797423 0.746869 2.544581
 82.800000 -1.651524 0.719600 4.630181
 83.000000 -1.773138 0.789179 4.531484
 83.200000 -1.711447 0.649030 1.779472
 83.400000 -1.770959 0.746860 1.515665
 83.600000 -1.727021 0.719115 0.387731
 83.800000 -1.676852 0.784849 6.104497
 84.000000 -1.732171 0.823813 7.984475
 84.200000 -1.781147 0.672792 0.962504
 84.400000 -1.729932 0.718871 0.333595
 84.600000 -1.645702 0.752393 6.434920
 84.800000 -1.714048 0.596837 5.619572
 85.000000 -1.717060 0.799074 5.494207
 85.200000 -1.689172 0.728613 2.041411
 85.400000 -1.751457 0.733163 0.632359
 85.600000 -1.634577 0.671667 6.483205
 85.800000 -1.805400 0.745638 2.932706
 86.000000 -1.784103 0.711701 0.843778
 86.200000 -1.630692 0.688687 6.615409
 86.400000 -1.599816 0.691039 10.612153
 86.600000 -1.849559 0.648789 6.649228
 86.800000 -1.698996 0.614789 4.546397
 87.000000 -1.635928 0.703755 6.000097
 87.200000 -1.731940 0.717158 0.270641
 87.400000 -1.710641 0.738961 1.435140
 87.600000 -1.685132 0.634150 3.858702
 87.800000 -1.699038 0.721476 1.343937
 88.000000 -1.678629 0.622237 5.104483
 88.200000 -1.768823 0.713197 0.389453
 88.400000 -1.797175 0.701138 1.348531
 88.600000 -1.803530 0.694911 1.698820
 88.800000 -1.651316 0.794046 9.019015
 89.000000 -1.743654 0.704699 0.022971
 89.200000 -1.713126 0.724066 0.854820
 89.400000 -1.731696 0.697478 0.093151
 89.600000 -1.736222 0.683045 0.155283
 89.800000 -1.709631 0.709780 0.705029
 90.000000 -1.663500 0.752436 4.822463
 90.200000 -1.813210 0.763177 4.419383
 90.400000 -1.706603 0.778525 3.981392
 90.600000 -1.707257 0.813195 7.344477
 90.800000 -1.810746 0.750703 3.521575
 91.000000 -1.743127 0.632724 2.141488
 91.200000 -1.562308 0.726384 17.147486
 91.400000 -1.672530 0.712922 2.759217
 91.600000 -1.808706 0.693863 2.017443
 91.800000 -1.740929 0.753196 1.525724
 92.000000 -1.759545 0.671184 0.464127
 92.200000 -1.660319 0.669630 4.019551
 92.400000 -1.792142 0.765113 3.338935
 92.600000 -1.799221 0.721518 1.725624
 92.800000 -1.709737 0.730022 1.141897
 93.000000 -1.851286 0.734018 6.257361
 93.200000 -1.735036 0.700471 0.055709
 93.400000 -1.658518 0.742394 4.747700
 93.600000 -1.725187 0.727700 0.639996
 93.800000 -1.678687 0.644939 3.635324
 94.000000 -1.729812 0.770939 2.770812
 94.200000 -1.712996 0.780742 3.934969
 94.400000 -1.791116 0.797052 5.940820
 94.600000 -1.744975 0.772405 2.758313
 94.800000 -1.691525 0.660349 2.161233
 95.000000 -1.674870 0.745022 3.581575
 95.200000 -1.698125 0.749762 2.446967
 95.400000 -1.760743 0.736356 0.849331
 95.600000 -1.686524 0.670167 2.120046
 95.800000 -1.708554 0.705595 0.704045
 96.000000 -1.733833 0.684645 0.157029
 96.200000 -1.714760 0.709583 0.532813
 96.400000 -1.682526 0.709729 2.039353
 96.600000 -1.745987 0.744025 1.053336
 96.800000 -1.759475 0.631044 2.350449
 97.000000 -1.664262 0.656171 4.166273
 97.200000 -1.709860 0.688566 0.674793
 97.400000 -1.798677 0.706377 1.456965
 97.600000 -1.773934 0.766394 2.738970
 97.800000 -1.720761 0.770150 2.895130
 98.000000 -1.735305 0.725128 0.414645
 98.200000 -1.748058 0.676263 0.242853
 98.400000 -1.735708 0.651998 1.110430
 98.600000 -1.713552 0.694199 0.512637
 98.800000 -1.733282 0.806590 5.954221
 99.000000 -1.683385 0.770185 4.514399
 99.200000 -1.695676 0.672200 1.568958
 99.400000 -1.735843 0.682606 0.165524
 99.600000 -1.708923 0.628381 3.095323
 99.800000 -1.806908 0.770617 4.523064
 100.000000 -1.757478 0.654002 1.047499
 100.200000 -1.685876 0.718909 1.983176
 100.400000 -1.693596 0.756126 3.019869
 100.600000 -1.729143 0.627416 2.631347
 100.800000 -1.720920 0.667471 0.767943
 101.000000 -1.699494 0.643737 2.529835
 101.200000 -1.721236 0.643118 1.803503
 101.400000 -1.737063 0.673980 0.325825
 101.600000 -1.729021 0.665634 0.661029
 101.800000 -1.627166 0.637865 8.797295
 102.000000 -1.780572 0.791672 4.995898
 102.200000 -1.795821 0.651174 2.377209
 102.400000 -1.705473 0.686279 0.864502
 102.600000 -1.750730 0.725866 0.399167
 102.800000 -1.748649 0.739556 0.863506
 103.000000 -1.779641 0.746216 1.744674
 103.200000 -1.749579 0.707188 0.050033
 103.400000 -1.752861 0.786560 3.938184
 103.600000 -1.759784 0.702910 0.115890
 103.800000 -1.741726 0.720787 0.263131
 104.000000 -1.802973 0.835397 11.082235
 104.200000 -1.710743 0.700900 0.601929
 104.400000 -1.716869 0.768978 2.914578
 104.600000 -1.772655 0.733610 1.002705
 104.800000 -1.753373 0.752321 1.500601
 105.000000 -1.729936 0.741776 1.070891
 105.200000 -1.741904 0.701723 0.012316
 105.400000 -1.677715 0.800774 7.553636
 105.600000 -1.720298 0.803490 5.863445
 105.800000 -1.778215 0.705049 0.564646
 106.000000 -1.763924 0.728968 0.648320
 106.200000 -1.690363 0.614169 5.035498
 106.400000 -1.728438 0.760815 2.107285
 106.600000 -1.664185 0.746135 4.444315
 106.800000 -1.742959 0.734655 0.669789
 107.000000 -1.719074 0.691509 0.366596
 107.200000 -1.666799 0.629352 5.448816
 107.400000 -1.717976 0.740449 1.269475
 107.600000 -1.720144 0.664336 0.888248
 107.800000 -1.692448 0.665641 1.926041
 108.000000 -1.715129 0.670555 0.836249
 108.200000 -1.699978 0.684607 1.119845
 108.400000 -1.712841 0.699861 0.529240
 108.600000 -1.725984 0.622808 3.023966
 108.800000 -1.727605 0.678116 0.357394
 109.000000 -1.670791 0.670223 3.167435
 109.200000 -1.707875 0.703547 0.716080
 109.400000 -1.733423 0.768154 2.522445
 109.600000 -1.613225 0.726065 9.115828
 109.800000 -1.761354 0.698791 0.128609
 110.000000 -1.734702 0.629326 2.423581
 110.200000 -1.721518 0.703944 0.300379
 110.400000 -1.604536 0.692953 9.924789
 110.600000 -1.749738 0.788955 4.134128
 110.800000 -1.769179 0.764659 2.497376
 111.000000 -1.744385 0.700852 0.004145
 111.200000 -1.717566 0.781183 3.834177
 111.400000 -1.749806 0.747133 1.210587
 111.600000 -1.740360 0.679260 0.190410
 111.800000 -1.670245 0.782635 6.389198
 112.000000 -1.654967 0.749006 5.376747
 112.200000 -1.799915 0.685412 1.570719
 112.400000 -1.758301 0.620903 3.066231
 112.600000 -1.743137 0.693603 0.012656
 112.800000 -1.701527 0.775468 3.949769
 113.000000 -1.706444 0.691721 0.776565
 113.200000 -1.654714 0.720004 4.344746
 113.400000 -1.754263 0.670425 0.423747
 113.600000 -1.755223 0.712242 0.148499
 113.800000 -1.595113 0.626065 13.879198
 114.000000 -1.737985 0.674955 0.295550
 114.200000 -1.878160 0.658721 9.598555
 114.400000 -1.689571 0.685654 1.632329
 114.600000 -1.715868 0.734604 1.099107
 114.800000 -1.852538 0.730040 6.255924
 115.000000 -1.658525 0.647482 5.050161
 115.200000 -1.705727 0.644449 2.225048
 115.400000 -1.714912 0.742985 1.468523
 115.600000 -1.672284 0.706357 2.701648
 115.800000 -1.800463 0.624423 4.236327
 116.000000 -1.790309 0.696956 1.012299
 116.200000 -1.721515 0.671914 0.627247
 116.400000 -1.726706 0.653058 1.189246
 116.600000 -1.778608 0.736851 1.303313
 116.800000 -1.634489 0.662077 6.792797
 117.000000 -1.695936 0.741345 2.153554
 117.200000 -1.756663 0.743420 1.089738
 117.400000 -1.718889 0.672722 0.672362
 117.600000 -1.661073 0.704760 3.571568
 117.800000 -1.796313 0.701414 1.305075
 118.000000 -1.693949 0.611680 5.056922
 118.200000 -1.647344 0.732610 5.394910
 118.400000 -1.866293 0.720862 7.574468
 118.600000 -1.736809 0.695487 0.039798
 118.800000 -1.657068 0.722443 4.190531
 119.000000 -1.748308 0.642801 1.535176
 119.200000 -1.769258 0.712749 0.393131
 119.400000 -1.674151 0.647791 3.800266
 119.600000 -1.733575 0.669452 0.480351
 119.800000 -1.726742 0.736980 0.927349
 120.000000 -1.777004 0.700799 0.505206
 120.200000 -1.803064 0.692144 1.684608
 120.400000 -1.624670 0.653067 8.294707
 120.600000 -1.681858 0.656227 2.892266
 120.800000 -1.796948 0.689143 1.372642
 121.000000 -1.649270 0.736489 5.349307
 121.200000 -1.682339 0.727502 2.415165
 121.400000 -1.742973 0.675823 0.251612
 121.600000 -1.762227 0.711205 0.228219
 121.800000 -1.796044 0.733921 1.926455
 122.000000 -1.692416 0.600445 6.171264
 122.200000 -1.750697 0.751116 1.418055
 122.400000 -1.837359 0.705159 4.259456
 122.600000 -1.726111 0.736054 0.903729
 122.800000 -1.734967 0.681254 0.196119
 123.000000 -1.725331 0.672104 0.538702
 123.200000 -1.716874 0.744537 1.481550
 123.400000 -1.733003 0.696484 0.077324
 123.600000 -1.725043 0.691763 0.226039
 123.800000 -1.711996 0.775008 3.510524
 124.000000 -1.716014 0.686203 0.500846
 124.200000 -1.695630 0.688515 1.281243
 124.400000 -1.703188 0.731774 1.453857
 124.600000 -1.732827 0.636527 1.975743
 124.800000 -1.798004 0.623629 4.162630
 125.000000 -1.676223 0.709010 2.446994
 125.200000 -1.692160 0.668344 1.857170
 125.400000 -1.728767 0.691814 0.157113
 125.600000 -1.731347 0.651892 1.166816
 125.800000 -1.666000 0.726401 3.546157
 126.000000 -1.755264 0.685613 0.127705
 126.200000 -1.750246 0.687625 0.067284
 126.400000 -1.685593 0.678810 1.970869
 126.600000 -1.670604 0.711823 2.885697
 126.800000 -1.688297 0.744249 2.689708
 127.000000 -1.725097 0.716091 0.365947
 127.200000 -1.745877 0.684514 0.092877
 127.400000 -1.744486 0.712492 0.103462
 127.600000 -1.722309 0.681190 0.408462
 127.800000 -1.725622 0.664781 0.750305
 128.000000 -1.699735 0.803224 6.561635
 128.200000 -1.637496 0.793625 10.373510
 128.400000 -1.728604 0.786014 4.001492
 128.600000 -1.736352 0.767307 2.432927
 128.800000 -1.710589 0.723680 0.929806
 129.000000 -1.760789 0.734384 0.776602
 129.200000 -1.744227 0.765191 2.249086
 129.400000 -1.675800 0.733703 3.049830
 129.600000 -1.792529 0.805951 6.926434
 129.800000 -1.691692 0.703232 1.451503
 130.000000 -1.662525 0.613561 7.004392
 130.200000 -1.748389 0.674252 0.289802
 130.400000 -1.698980 0.585493 7.417818
 130.600000 -1.675898 0.716220 2.573925
 130.800000 -1.732212 0.729223 0.569371
 131.000000 -1.687121 0.633136 3.806286
 131.200000 -1.734726 0.752526 1.535575
 131.400000 -1.761777 0.667759 0.596515
 131.600000 -1.754938 0.652764 1.075289
 131.800000 -1.747337 0.799565 5.146389
 132.000000 -1.702509 0.750531 2.289644
 132.200000 -1.707836 0.743168 1.716995
 132.400000 -1.742404 0.752922 1.505292
 132.600000 -1.681374 0.694318 2.052425
 132.800000 -1.737809 0.664353 0.598768
 133.000000 -1.746195 0.612849 3.636970
 133.200000 -1.699505 0.844792 11.804568
 133.400000 -1.710979 0.779475 3.898357
 133.600000 -1.868631 0.756251 9.290607
 133.800000 -1.661632 0.796693 8.359835
 134.000000 -1.625501 0.699175 7.179996
 134.200000 -1.845086 0.706681 5.012276
 134.400000 -1.788311 0.753096 2.434233
 134.600000 -1.653405 0.722493 4.521734
 134.800000 -1.698670 0.790167 5.323815
 135.000000 -1.687798 0.652723 2.685883
 135.200000 -1.716597 0.679851 0.579858
 135.400000 -1.712667 0.759459 2.413895
 135.600000 -1.607997 0.682125 9.558205
 135.800000 -1.782015 0.755326 2.308517
 136.000000 -1.756525 0.731245 0.610927
 136.200000 -1.707677 0.599472 5.575704
 136.400000 -1.638628 0.644210 7.146306
 136.600000 -1.747944 0.705616 0.031423
 136.800000 -1.728026 0.693753 0.159294
 137.000000 -1.661206 0.694949 3.543460
 137.200000 -1.789948 0.711251 1.081460
 137.400000 -1.667888 0.683733 3.102228
 137.600000 -1.698996 0.770790 3.712966
 137.800000 -1.739143 0.712814 0.126917
 138.000000 -1.759637 0.705426 0.128955
 138.200000 -1.751878 0.748947 1.312518
 138.400000 -1.766630 0.674203 0.513139
 138.600000 -1.756455 0.702485 0.071369
 138.800000 -1.719366 0.740127 1.218836
 139.000000 -1.613875 0.712568 8.744360
 139.200000 -1.725730 0.763497 2.328349
 139.400000 -1.724144 0.699556 0.225430
 139.600000 -1.696403 0.735701 1.902613
 139.800000 -1.776886 0.699327 0.498624
 140.000000 -1.749819 0.706434 0.044538
 140.200000 -1.698329 0.745531 2.227857
 140.400000 -1.654263 0.692628 4.161680
 140.600000 -1.738464 0.720555 0.274982
 140.800000 -1.682140 0.806009 7.815189
 141.000000 -1.628809 0.628027 9.245807
 141.200000 -1.728366 0.748974 1.436347
 141.400000 -1.690674 0.711130 1.578100
 141.600000 -1.642352 0.681155 5.446232
 141.800000 -1.797632 0.732672 1.964298
 142.000000 -1.745287 0.656491 0.866974
 142.200000 -1.702803 0.731623 1.465069
 142.400000 -1.746324 0.626341 2.577451
 142.600000 -1.784276 0.641653 2.353332
 142.800000 -1.637089 0.728483 6.318613
 143.000000 -1.782411 0.716370 0.853843
 143.200000 -1.765017 0.672210 0.529787
 143.400000 -1.731320 0.721841 0.379203
 143.600000 -1.693834 0.768369 3.792512
 143.800000 -1.706629 0.606204 4.974231
 144.000000 -1.814930 0.659969 3.150339
 144.200000 -1.749294 0.724706 0.360943
 144.400000 -1.605973 0.701091 9.714530
 144.600000 -1.735171 0.687216 0.111179
 144.800000 -1.773265 0.667780 0.850798
 145.000000 -1.660672 0.754627 5.179274
 145.200000 -1.678966 0.747383 3.414906
 145.400000 -1.730288 0.718758 0.325852
 145.600000 -1.724225 0.734499 0.883963
 145.800000 -1.626212 0.714216 7.223789
 146.000000 -1.588468 0.690083 12.335128
 146.200000 -1.757521 0.633937 2.134793
 146.400000 -1.686849 0.682281 1.835608
 146.600000 -1.724589 0.761581 2.227971
 146.800000 -1.740846 0.675154 0.274043
 147.000000 -1.753839 0.671175 0.399548
 147.200000 -1.731580 0.713566 0.213640
 147.400000 -1.739760 0.640606 1.670108
 147.600000 -1.689154 0.663679 2.171327
 147.800000 -1.744728 0.705739 0.029115
 148.000000 -1.802014 0.700466 1.609315
 148.200000 -1.645534 0.714731 5.117315
 148.400000 -1.725020 0.706199 0.238780
 148.600000 -1.737622 0.749753 1.362080
 148.800000 -1.679626 0.649480 3.341996
 149.000000 -1.757276 0.720332 0.317787
 149.200000 -1.695009 0.677590 1.477032
 149.400000 -1.636343 0.676586 6.171076
 149.600000 -1.730961 0.647146 1.402977
 149.800000 -1.707600 0.676277 0.950589
 150.000000 -1.693882 0.767157 3.705646
 150.200000 -1.731620 0.652566 1.132088
 150.400000 -1.717045 0.721388 0.670427
 150.600000 -1.767172 0.724248 0.579577
 150.800000 -1.599664 0.619291 13.717083
 151.000000 -1.690077 0.676330 1.764084
 151.200000 -1.792912 0.649917 2.294418
 151.400000 -1.651240 0.676767 4.654568
 151.600000 -1.620069 0.724104 8.182349
 151.800000 -1.726184 0.605791 4.446711
 152.000000 -1.683351 0.725832 2.304338
 152.200000 -1.740248 0.771920 2.735230
 152.400000 -1.674366 0.695826 2.520558
 152.600000 -1.744841 0.665967 0.517397
 152.800000 -1.704705 0.638520 2.601965
 153.000000 -1.811609 0.616156 5.556522
 153.200000 -1.594252 0.747981 12.654636
 153.400000 -1.648898 0.742258 5.623007
 153.600000 -1.841473 0.713629 4.741910
 153.800000 -1.770444 0.818378 7.544988
 154.000000 -1.634006 0.636339 8.105635
 154.200000 -1.699310 0.768644 3.544888
 154.400000 -1.756060 0.734795 0.729687
 154.600000 -1.714647 0.788039 4.512356
 154.800000 -1.783275 0.741286 1.651080
 155.000000 -1.786437 0.662747 1.470942
 155.200000 -1.692742 0.780818 4.801241
 155.400000 -1.739541 0.657262 0.851910
 155.600000 -1.663170 0.698064 3.375110
 155.800000 -1.680037 0.768176 4.584681
 156.000000 -1.758517 0.716529 0.256191
 156.200000 -1.721129 0.691816 0.312778
 156.400000 -1.697685 0.655023 2.064167
 156.600000 -1.701553 0.668829 1.387498
 156.800000 -1.827621 0.631762 5.588443
 157.000000 -1.721133 0.659987 1.020253
 157.200000 -1.673715 0.772355 5.318880
 157.400000 -1.693604 0.651546 2.422890
 157.600000 -1.731206 0.712486 0.202751
 157.800000 -1.766903 0.711899 0.327495
 158.000000 -1.681578 0.643908 3.502212
 158.200000 -1.567012 0.706123 15.930403
 158.400000 -1.737854 0.665713 0.553442
 158.600000 -1.833699 0.619735 6.977659
 158.800000 -1.646662 0.707012 4.907012
 159.000000 -1.778146 0.620864 3.523633
 159.200000 -1.692510 0.677888 1.599848
 159.400000 -1.725696 0.727745 0.631194
 159.600000 -1.750316 0.597184 5.107669
 159.800000 -1.716117 0.722970 0.735148
 160.000000 -1.616286 0.709115 8.386340
 160.200000 -1.794952 0.669704 1.635303
 160.400000 -1.751096 0.739143 0.857580
 160.600000 -1.708413 0.706545 0.716800
 160.800000 -1.753652 0.677902 0.239266
 161.000000 -1.762888 0.695316 0.158117
 161.200000 -1.733508 0.627281 2.579817
 161.400000 -1.792519 0.659988 1.840920
 161.600000 -1.680169 0.662776 2.747945
 161.800000 -1.676144 0.697672 2.393401
 162.000000 -1.798089 0.688279 1.440348
 162.200000 -1.825267 0.725206 3.561575
 162.400000 -1.694026 0.684074 1.414835
 162.600000 -1.739984 0.694736 0.020050
 162.800000 -1.755411 0.649261 1.244996
 163.000000 -1.616001 0.715429 8.512490
 163.200000 -1.664887 0.721283 3.503511
 163.400000 -1.724644 0.717151 0.394796
 163.600000 -1.801466 0.748099 2.824045
 163.800000 -1.754908 0.719027 0.264191
 164.000000 -1.671986 0.726200 3.083503
 164.200000 -1.782767 0.688170 0.750414
 164.400000 -1.790198 0.669404 1.419239
 164.600000 -1.695587 0.829656 9.886454
 164.800000 -1.719903 0.637486 2.162239
 165.000000 -1.755563 0.775952 3.080341
 165.200000 -1.771003 0.700747 0.333000
 165.400000 -1.742568 0.744702 1.088219
 165.600000 -1.740210 0.730262 0.529292
 165.800000 -1.783212 0.777615 3.876346
 166.000000 -1.803361 0.636579 3.578216
 166.200000 -1.590669 0.663945 12.544241
 166.400000 -1.794320 0.735016 1.880275
 166.600000 -1.753579 0.666358 0.538805
 166.800000 -1.751790 0.713165 0.133863
 167.000000 -1.767205 0.741006 1.158376
 167.200000 -1.641875 0.680264 5.511058
 167.400000 -1.714519 0.780334 3.853258
 167.600000 -1.803114 0.688786 1.713216
 167.800000 -1.751777 0.626333 2.598315
 168.000000 -1.599828 0.860322 23.738127
 168.200000 -1.841975 0.707696 4.715976
 168.400000 -1.782216 0.675844 0.928683
 168.600000 -1.680905 0.664731 2.633036
 168.800000 -1.659480 0.642305 5.243392
 169.000000 -1.744747 0.684613 0.091549
 169.200000 -1.790425 0.600213 5.810881
 169.400000 -1.703785 0.674961 1.131390
 169.600000 -1.754513 0.742716 1.036030
 169.800000 -1.664089 0.675030 3.566812
 170.000000 -1.768321 0.729798 0.765692
 170.200000 -1.835135 0.712541 4.136321
 170.400000 -1.771108 0.636951 2.203792
 170.600000 -1.656346 0.724880 4.316694
 170.800000 -1.723751 0.794553 4.881343
 171.000000 -1.767011 0.704492 0.255272
 171.200000 -1.683189 0.704730 1.952469
 171.400000 -1.770191 0.695525 0.312453
 171.600000 -1.664451 0.756189 4.955948
 171.800000 -1.821608 0.640794 4.553028
 172.000000 -1.814334 0.596682 7.526823
 172.200000 -1.694808 0.759510 3.159861
 172.400000 -1.728270 0.690594 0.173913
 172.600000 -1.696040 0.733487 1.839709
 172.800000 -1.728041 0.816305 7.131915
 173.000000 -1.811255 0.653226 3.181339
 173.200000 -1.720698 0.686833 0.367174
 173.400000 -1.671485 0.735639 3.429904
 173.600000 -1.822606 0.716865 3.161303
 173.800000 -1.785457 0.737790 1.591499
 174.000000 -1.697650 0.712065 1.233746
 174.200000 -1.709912 0.716492 0.795748
 174.400000 -1.711704 0.576532 7.958513
 174.600000 -1.763960 0.635055 2.162899
 174.800000 -1.717917 0.642437 1.926641
 175.000000 -1.727140 0.686633 0.231533
 175.200000 -1.694130 0.752121 2.768117
 175.400000 -1.760852 0.729162 0.601926
 175.600000 -1.718987 0.671262 0.707947
 175.800000 -1.679876 0.713596 2.261631
 176.000000 -1.735635 0.696273 0.048718
 176.200000 -1.798676 0.668165 1.871935
 176.400000 -1.683964 0.734244 2.534869
 176.600000 -1.719527 0.784308 4.046035
 176.800000 -1.702346 0.702952 0.935406
 177.000000 -1.860022 0.675240 6.839284
 177.200000 -1.796632 0.675232 1.578177
 177.400000 -1.528051 0.682128 23.732956
 177.600000 -1.690129 0.705171 1.548314
 177.800000 -1.808265 0.698054 1.980447
 178.000000 -1.730428 0.718159 0.311559
 178.200000 -1.678953 0.682983 2.317631
 178.400000 -1.745001 0.674121 0.288312
 178.600000 -1.830228 0.735411 4.298751
 178.800000 -1.678055 0.694440 2.269754
 179.000000 -1.720302 0.697487 0.313386
 179.200000 -1.747584 0.709845 0.071145
 179.400000 -1.739848 0.651194 1.116619
 179.600000 -1.845119 0.640927 6.615225
 179.800000 -1.737608 0.628777 2.434835
 180.000000 -1.650547 0.794203 9.106749
 180.200000 -1.716040 0.677683 0.637998
 180.400000 -1.818427 0.727929 3.115569
 180.600000 -1.729018 0.776736 3.222367
 180.800000 -1.728661 0.659735 0.876052
 181.000000 -1.737051 0.713513 0.152550
 181.200000 -1.684332 0.707861 1.907644
 181.400000 -1.766984 0.681460 0.373441
 181.600000 -1.661885 0.782793 7.065209
 181.800000 -1.661187 0.701355 3.545111
 182.000000 -1.877039 0.630941 10.930987
 182.200000 -1.690732 0.632289 3.658012
 182.400000 -1.638913 0.692391 5.678652
 182.600000 -1.711722 0.687330 0.623074
 182.800000 -1.798394 0.794269 6.029158
 183.000000 -1.757816 0.681605 0.214517
 183.200000 -1.715059 0.623647 3.232092
 183.400000 -1.726436 0.737983 0.972544
 183.600000 -1.802157 0.707795 1.661392
 183.800000 -1.737930 0.743331 1.048852
 184.000000 -1.707519 0.780626 4.117463
 184.200000 -1.733247 0.746793 1.256950
 184.400000 -1.822375 0.774998 5.922281
 184.600000 -1.731027 0.687651 0.157195
 184.800000 -1.755408 0.716046 0.211245
 185.000000 -1.664343 0.773238 6.099805
 185.200000 -1.702340 0.720725 1.179260
 185.400000 -1.743084 0.739062 0.840181
 185.600000 -1.675091 0.724590 2.816718
 185.800000 -1.731173 0.637055 1.965404
 186.000000 -1.734152 0.628771 2.467909
 186.200000 -1.755242 0.699904 0.050701
 186.400000 -1.643812 0.754726 6.754316
 186.600000 -1.756831 0.726166 0.459103
 186.800000 -1.683848 0.677456 2.103702
 187.000000 -1.727574 0.633340 2.256642
 187.200000 -1.738509 0.651600 1.105854
 187.400000 -1.683894 0.679756 2.056002
 187.600000 -1.692310 0.726781 1.815899
 187.800000 -1.737802 0.739007 0.863712
 188.000000 -1.770710 0.719811 0.557093
 188.200000 -1.658720 0.761171 5.737627
 188.400000 -1.683884 0.673621 2.188155
 188.600000 -1.806116 0.671842 2.193094
 188.800000 -1.740553 0.782486 3.569241
 189.000000 -1.662971 0.705211 3.416485
 189.200000 -1.757294 0.815471 6.955815
 189.400000 -1.766509 0.754284 1.800843
 189.600000 -1.738380 0.752890 1.523400
 189.800000 -1.671370 0.667028 3.218750
 190.000000 -1.704540 0.720925 1.091642
 190.200000 -1.795932 0.698231 1.280321
 190.400000 -1.688184 0.734833 2.306246
 190.600000 -1.708986 0.683626 0.765633
 190.800000 -1.736451 0.682274 0.165149
 191.000000 -1.785738 0.629422 3.176911
 191.200000 -1.685268 0.635637 3.756521
 191.400000 -1.686446 0.679492 1.907351
 191.600000 -1.693782 0.779845 4.667105
 191.800000 -1.832551 0.658530 4.587925
 192.000000 -1.710250 0.719780 0.849597
 192.200000 -1.686097 0.708923 1.812483
 192.400000 -1.699654 0.637405 2.886993
 192.600000 -1.784449 0.582088 7.498216
 192.800000 -1.706882 0.649355 1.928664
 193.000000 -1.554465 0.668691 18.647944
 193.200000 -1.820050 0.695028 2.796408
 193.400000 -1.759584 0.736586 0.840947
 193.600000 -1.674135 0.713702 2.655491
 193.800000 -1.659582 0.638622 5.446996
 194.000000 -1.831974 0.649185 4.951526
 194.200000 -1.737384 0.661432 0.705001
 194.400000 -1.673532 0.724367 2.921564
 194.600000 -1.742114 0.781319 3.465264
 194.800000 -1.747621 0.700968 0.006649
 195.000000 -1.710604 0.737802 1.389817
 195.200000 -1.721750 0.762302 2.336886
 195.400000 -1.763513 0.705944 0.195837
 195.600000 -1.725632 0.712872 0.302626
 195.800000 -1.740403 0.794910 4.695152
 196.000000 -1.715055 0.697958 0.458274
 196.200000 -1.739139 0.695621 0.022316
 196.400000 -1.744938 0.736306 0.728719
 196.600000 -1.781260 0.781826 4.147861
 196.800000 -1.710934 0.750774 1.977141
 197.000000 -1.684755 0.769369 4.371989
 197.200000 -1.733531 0.723393 0.388658
 197.400000 -1.763853 0.676172 0.412696
 197.600000 -1.637422 0.728835 6.293323
 197.800000 -1.682565 0.710737 2.049095
 198.000000 -1.732865 0.752113 1.534686
 198.200000 -1.782873 0.788783 4.813635
 198.400000 -1.679567 0.648390 3.399479
 198.600000 -1.732466 0.696855 0.083551
 198.800000 -1.746360 0.658521 0.785047
 199.000000 -1.743810 0.684272 0.097193
 199.200000 -1.704293 0.689513 0.879127
 199.400000 -1.675605 0.757152 4.172454
 199.600000 -1.741185 0.744138 1.066899
 199.800000 -1.782239 0.665719 1.206430
 200.000000 -1.704770 0.688567 0.868282
