#! FIELDS time phi psi restraint.bias
#! SET min_phi -pi
#! SET max_phi pi
#! SET min_psi -pi
#! SET max_psi pi
 0.000000 -2.799747 -0.792439 90.880179
 0.200000 3.128395 -1.123679 3.011799
 0.400000 -3.058361 -1.022409 3.770938
 0.600000 -3.028026 -1.063020 6.573922
 0.800000 -3.072507 -1.088457 3.237600
 1.000000 -3.096544 -1.102459 2.541603
 1.200000 3.126295 -1.106341 1.865959
 1.400000 -3.140903 -1.034389 0.082268
 1.600000 -3.040113 -1.000332 6.247227
 1.800000 -3.023150 -1.021339 7.348629
 2.000000 3.059066 -0.988514 5.127238
 2.200000 -3.052932 -0.990754 5.523275
 2.400000 -3.129535 -1.025560 0.306793
 2.600000 3.138437 -0.951186 4.614092
 2.800000 -3.040932 -1.024829 5.316448
 3.000000 3.127715 -0.981343 2.264712
 3.200000 -3.091538 -1.049132 1.254589
 3.400000 -3.014204 -1.011021 8.768266
 3.600000 3.046557 -0.969205 7.557272
 3.800000 -3.061802 -1.018112 3.606254
 4.000000 3.135816 -0.986390 1.865490
 4.200000 3.115605 -0.945655 5.493098
 4.400000 -3.090644 -1.081487 1.885797
 4.600000 -3.140577 -1.010469 0.675002
 4.800000 -3.127999 -1.105465 1.789920
 5.000000 -3.096243 -1.107297 2.834216
 5.200000 -3.050677 -1.051666 4.142849
 5.400000 -3.085280 -1.072727 1.911399
 5.600000 -3.098148 -1.063290 1.073205
 5.800000 3.136018 -1.004082 0.945028
 6.000000 -3.111939 -1.029548 0.595428
 6.200000 -3.087702 -1.125705 4.533802
 6.400000 -3.086539 -1.029848 1.665967
 6.600000 3.128266 -1.116960 2.522239
 6.800000 -3.105644 -1.130701 4.132561
 7.000000 -3.140267 -1.080840 0.566777
 7.200000 -3.076592 -0.974430 4.760089
 7.400000 3.114998 -1.066102 0.532340
 7.600000 -3.067781 -0.939932 8.477018
 7.800000 3.132526 -1.077471 0.499343
 8.000000 -3.045901 -1.002844 5.562119
 8.200000 3.139919 -1.055731 0.037807
 8.400000 -3.129969 -1.078398 0.554296
 8.600000 -3.084829 -1.035656 1.677673
 8.800000 -3.065686 -1.061109 2.977643
 9.000000 -3.117408 -1.024709 0.545325
 9.200000 -3.135517 -0.983255 2.062758
 9.400000 3.133813 -1.001516 1.073649
 9.600000 -3.080428 -0.967114 5.077267
 9.800000 3.101392 -1.009101 1.533725
 10.000000 -3.062087 -1.053445 3.180070
 10.200000 -3.042890 -1.048640 4.872195
 10.400000 3.112872 -1.087975 1.243816
 10.600000 -3.007041 -1.092756 10.089807
 10.800000 -3.036002 -1.061644 5.679007
 11.000000 -3.072521 -1.030528 2.524360
 11.200000 -3.123126 -1.049956 0.174305
 11.400000 -3.126185 -1.013386 0.690322
 11.600000 -3.085310 -0.979884 3.849430
 11.800000 -3.004827 -1.054159 9.376650
 12.000000 -3.116174 -1.019548 0.705298
 12.200000 -3.117391 -1.115924 2.654509
 12.400000 -3.070790 -1.116997 4.942443
 12.600000 -3.108904 -1.060174 0.618468
 12.800000 -3.074597 -1.024871 2.493475
 13.000000 3.137886 -1.006093 0.851678
 13.200000 -3.095711 -0.919870 9.158762
 13.400000 3.097720 -1.059008 1.032167
 13.600000 -3.112135 -1.009546 1.142678
 13.800000 -3.071799 -1.070474 2.706455
 14.000000 -3.064330 -1.100819 4.422431
 14.200000 -3.050533 -1.042654 4.156222
 14.400000 -3.120278 -1.109429 2.163534
 14.600000 -3.050110 -1.046673 4.184663
 14.800000 3.121658 -1.063723 0.335243
 15.000000 -3.069224 -0.967925 5.760640
 15.200000 -3.095867 -1.004481 1.957787
 15.400000 -3.000834 -0.993606 11.342601
 15.600000 -3.096247 -1.008485 1.777438
 15.800000 -3.079392 -1.191131 12.292912
 16.000000 -3.110647 -1.008491 1.227899
 16.200000 -3.139205 -1.094266 1.110570
 16.400000 -3.082296 -1.098751 3.086947
 16.600000 -3.065386 -0.965400 6.249089
 16.800000 -3.066799 -1.027389 2.993256
 17.000000 3.111430 -1.060094 0.538055
 17.200000 -3.036113 -1.030370 5.704517
 17.400000 -3.056608 -1.072090 3.921017
 17.600000 -3.108585 -1.120299 3.216698
 17.800000 -3.080227 -1.031716 2.002724
 18.000000 -3.082336 -1.104594 3.402829
 18.200000 3.129187 -1.041866 0.091166
 18.400000 -3.029667 -0.994880 7.632202
 18.600000 3.134611 -0.996591 1.304886
 18.800000 -3.126910 -0.995270 1.456040
 19.000000 -3.104746 -1.064492 0.828409
 19.200000 -3.122137 -1.011200 0.837165
 19.400000 -3.122720 -1.089308 1.064745
 19.600000 -3.138957 -1.050339 0.008408
 19.800000 3.085277 -0.969267 4.622293
 20.000000 -3.052738 -1.038149 3.988526
 20.200000 -3.084099 -1.007632 2.435465
 20.400000 -3.104869 -1.112844 2.829050
 20.600000 -3.018593 -1.018960 7.963151
 20.800000 3.137529 -1.102251 1.523708
 21.000000 -3.081590 -1.037921 1.843169
 21.200000 -3.096754 -1.098513 2.321892
 21.400000 3.123773 -1.061670 0.263496
 21.600000 3.133120 -1.007097 0.839936
 21.800000 -3.116943 -1.002832 1.287961
 22.000000 -3.041694 -0.955492 9.194881
 22.200000 3.123971 -1.047387 0.155285
 22.400000 -3.057141 -0.943407 8.952329
 22.600000 -3.044851 -1.009636 5.384937
 22.800000 3.133985 -1.070222 0.294008
 23.000000 -3.140349 -1.028240 0.180459
 23.200000 -3.035597 -1.063483 5.750151
 23.400000 3.127038 -1.075842 0.516158
 23.600000 -3.095173 -1.019574 1.458911
 23.800000 3.135495 -1.026888 0.224841
 24.000000 -3.097236 -0.970952 3.890433
 24.200000 3.129553 -1.042845 0.081945
 24.400000 3.137070 -0.952153 4.526915
 24.600000 -3.074337 -1.056127 2.301517
 24.800000 -3.135223 -0.994676 1.399549
 25.000000 -3.089589 -1.070116 1.614816
 25.200000 -3.055167 -1.060375 3.821556
 25.400000 -3.082126 -1.105620 3.474767
 25.600000 3.105050 -0.957050 4.730950
 25.800000 -3.057289 -1.145122 8.348156
 26.000000 -3.124902 -0.998193 1.340006
 26.200000 -3.056361 -1.034932 3.707481
 26.400000 -3.054527 -1.100664 5.219555
 26.600000 -3.120498 -1.039880 0.249255
 26.800000 -3.038885 -1.022852 5.570839
 27.000000 -3.100609 -1.059550 0.916140
 27.200000 -3.122165 -1.008055 0.954792
 27.400000 3.131322 -0.976420 2.557474
 27.600000 -3.130171 -1.063860 0.204044
 27.800000 -3.120683 -1.106536 1.979132
 28.000000 3.104784 -0.940246 6.396806
 28.200000 -3.045009 -1.116019 7.032357
 28.400000 -3.106910 -1.041427 0.618085
 28.600000 -3.120812 -0.967970 3.354445
 28.800000 -3.129029 -1.097600 1.349116
 29.000000 -3.096184 -1.023477 1.312331
 29.200000 3.120640 -0.934326 6.589554
 29.400000 -3.119534 -1.099724 1.622825
 29.600000 -3.131423 -1.055411 0.085449
 29.800000 -3.114915 -0.992703 1.840666
 30.000000 -3.089958 -1.037386 1.381183
 30.200000 -3.068941 -1.005517 3.507779
 30.400000 -3.101452 -0.995545 2.139673
 30.600000 -3.124939 -1.029763 0.290663
 30.800000 3.112937 -0.993631 1.845289
 31.000000 -3.090317 -0.957138 5.370004
 31.200000 3.132891 -1.037198 0.087859
 31.400000 -3.075068 -1.025463 2.448988
 31.600000 -3.093014 -1.146852 6.145405
 31.800000 -3.007641 -1.068353 9.195260
 32.000000 -3.044155 -1.109971 6.717348
 32.200000 -3.023719 -1.020420 7.305618
 32.400000 -3.072838 -1.117217 4.814932
 32.600000 3.135003 -1.036320 0.080870
 32.800000 3.072380 -1.037085 2.446340
 33.000000 -3.078287 -1.052739 2.019177
 33.200000 -3.052020 -1.031619 4.132966
 33.400000 3.132968 -1.036336 0.096186
 33.600000 -3.104224 -1.041998 0.711743
 33.800000 -3.077057 -1.071319 2.373344
 34.000000 3.079961 -0.964894 5.286215
 34.200000 -3.115595 -1.041040 0.356903
 34.400000 -3.099571 -1.027674 1.073485
 34.600000 -3.088034 -0.962941 4.983870
 34.800000 -3.103853 -1.109214 2.635141
 35.000000 -3.050290 -1.090571 5.108731
 35.200000 -3.080536 -1.062391 1.979353
 35.400000 -3.066536 -1.086138 3.574887
 35.600000 -3.135449 -1.096389 1.228754
 35.800000 -3.074331 -1.028247 2.441630
 36.000000 -3.136681 -1.102409 1.536191
 36.200000 -3.054426 -1.066888 3.992861
 36.400000 -3.074174 -1.111531 4.342018
 36.600000 -3.108841 -1.055309 0.569231
 36.800000 -3.051124 -1.023689 4.368668
 37.000000 -3.070164 -1.051989 2.562488
 37.200000 -3.107882 -1.038886 0.602758
 37.400000 -3.131959 -1.038603 0.083336
 37.600000 -3.099769 -0.998230 2.073504
 37.800000 3.088451 -1.037316 1.460839
 38.000000 -3.119786 -0.995523 1.572865
 38.200000 -3.107737 -1.022169 0.886312
 38.400000 -3.075140 -1.055826 2.245174
 38.600000 3.131412 -1.131430 3.599357
 38.800000 -3.066744 -1.024779 3.052459
 39.000000 3.066248 -1.086181 3.598264
 39.200000 -3.072502 -0.945965 7.510747
 39.400000 3.069524 -1.002279 3.605811
 39.600000 -3.025020 -0.986110 8.660402
 39.800000 3.122772 -1.078780 0.675828
 40.000000 -3.079342 -1.001146 2.997938
 40.200000 -3.100717 -1.068711 1.066834
 40.400000 -3.086474 -1.092627 2.550932
 40.600000 -3.117751 -1.086377 1.051713
 40.800000 -2.992066 -1.061935 11.287635
 41.000000 -3.092030 -1.080745 1.790929
 41.200000 -3.037783 -1.006003 6.236727
 41.400000 -3.025916 -0.934094 13.086838
 41.600000 -3.079681 -1.039117 1.949180
 41.800000 -3.060366 -1.074966 3.684434
 42.000000 3.134756 -1.050298 0.028175
 42.200000 -3.070925 -1.086756 3.279398
 42.400000 -3.091129 -1.054721 1.301590
 42.600000 -3.077316 -0.965581 5.396347
 42.800000 -3.134800 -1.012649 0.619882
 43.000000 -3.138795 -0.957876 3.993068
 43.200000 -3.133408 -1.055411 0.067227
 43.400000 -3.080120 -0.982544 3.979460
 43.600000 3.124833 -0.976789 2.619105
 43.800000 -3.077686 -1.026197 2.262524
 44.000000 3.132057 -1.072840 0.374228
 44.200000 -3.113755 -1.039211 0.419359
 44.400000 -3.092542 -1.024054 1.470785
 44.600000 -3.141346 -1.014470 0.535582
 44.800000 -3.048732 -0.991650 5.854310
 45.000000 3.114050 -1.044742 0.382320
 45.200000 -3.039601 -0.989390 6.872048
 45.400000 -3.104173 -1.089278 1.585475
 45.600000 -3.048166 -1.067694 4.574309
 45.800000 -3.048183 -1.038560 4.399938
 46.000000 -2.995480 -1.009858 11.371593
 46.200000 -3.048932 -1.131815 7.873087
 46.400000 -3.053693 -0.970143 6.831858
 46.600000 -3.131972 -1.160134 6.423638
 46.800000 -3.001699 -1.089053 10.661068
 47.000000 -3.109938 -1.132709 4.157116
 47.200000 -2.992118 -1.073374 11.513905
 47.400000 -3.125328 -1.151527 5.574575
 47.600000 -3.102551 -1.050072 0.766238
 47.800000 3.104316 -0.991495 2.246200
 48.000000 -2.935541 -1.016020 21.714589
 48.200000 3.102008 -1.011714 1.413013
 48.400000 -3.075609 -0.954749 6.450268
 48.600000 -3.123571 -1.153496 5.812047
 48.800000 -3.109252 -1.015378 1.029200
 49.000000 -3.107206 -1.067683 0.801034
 49.200000 -3.135421 -1.106764 1.793147
 49.400000 -3.114977 -1.066396 0.538467
 49.600000 -3.050838 -1.015827 4.610270
 49.800000 3.090261 -1.089768 2.223598
 50.000000 -3.082487 -1.018288 2.164628
 50.200000 -3.098266 -1.067584 1.146405
 50.400000 -3.079408 -1.030416 2.074299
 50.600000 -3.077614 -1.035201 2.118614
 50.800000 -3.010958 -1.088123 9.370144
 51.000000 3.072047 -1.085289 3.143794
 51.200000 -3.047864 -1.002977 5.370221
 51.400000 -3.112637 -1.089306 1.305776
 51.600000 -3.067286 -0.989693 4.414147
 51.800000 -3.134389 -1.027350 0.222908
 52.000000 -3.063420 -0.979844 5.323752
 52.200000 3.134042 -1.089972 0.943318
 52.400000 -3.071304 -0.991410 4.026364
 52.600000 -3.090536 -1.128676 4.622743
 52.800000 -3.046773 -1.000710 5.575958
 53.000000 -3.132153 -1.102544 1.576159
 53.200000 -3.017727 -1.066599 7.859595
 53.400000 -3.104886 -1.043134 0.681957
 53.600000 -3.037569 -0.975594 7.973993
 53.800000 -3.080221 -1.052418 1.896857
 54.000000 -3.065693 -1.073651 3.230289
 54.200000 3.126454 -1.119952 2.761162
 54.400000 -3.046234 -1.051555 4.556116
 54.600000 -3.114403 -1.021524 0.699187
 54.800000 3.116875 -1.038817 0.340589
 55.000000 -3.117506 -0.996669 1.566657
 55.200000 -3.131973 -0.933165 6.548034
 55.400000 3.123295 -1.013387 0.738986
 55.600000 3.107634 -1.010351 1.255432
 55.800000 3.092270 -0.970912 4.126103
 56.000000 3.110345 -1.038404 0.526871
 56.200000 -3.095374 -1.043424 1.075194
 56.400000 3.113351 -1.044128 0.403513
 56.600000 -3.120341 -1.013844 0.782049
 56.800000 3.124184 -1.004811 1.049845
 57.000000 3.132578 -0.920109 8.116370
 57.200000 -3.126484 -1.036563 0.170678
 57.400000 -3.108597 -1.015199 1.056317
 57.600000 -3.048949 -1.040500 4.313810
 57.800000 -3.022884 -1.070761 7.323491
 58.000000 -3.061839 -1.181681 12.223206
 58.200000 -3.035523 -1.059597 5.702296
 58.400000 -3.002528 -1.072600 9.992114
 58.600000 -3.057675 -1.115653 5.864134
 58.800000 -3.043706 -1.124782 7.800531
 59.000000 -3.062516 -0.988202 4.866812
 59.200000 -3.084999 -1.139050 5.819849
 59.400000 -3.059286 -1.090459 4.322972
 59.600000 -3.059641 -1.068682 3.588846
 59.800000 -3.134288 -1.128563 3.336849
 60.000000 3.115072 -1.095638 1.524895
 60.200000 -3.072923 -1.014607 2.888840
 60.400000 -3.098574 -1.120502 3.612087
 60.600000 -3.129681 -0.942273 5.575521
 60.800000 -3.105434 -1.057752 0.709444
 61.000000 -3.098436 -1.075286 1.325736
 61.200000 3.136996 -1.003258 0.975909
 61.400000 -3.029950 -1.030272 6.375275
 61.600000 3.078456 -1.026848 2.200186
 61.800000 -3.063017 -1.036190 3.147663
 62.000000 -3.072377 -1.046148 2.395955
 62.200000 -3.135986 -0.987701 1.785649
 62.400000 3.088506 -1.050152 1.413440
 62.600000 3.134699 -1.004449 0.937489
 62.800000 -3.125761 -1.017597 0.563413
 63.000000 -3.084821 -1.046995 1.611524
 63.200000 -3.060836 -1.063480 3.393403
 63.400000 -3.119173 -0.928146 7.337998
 63.600000 3.102706 -1.016144 1.238238
 63.800000 -3.112459 -0.973776 3.119763
 64.000000 -3.056201 -1.014546 4.178892
 64.200000 -3.110437 -1.027707 0.675286
 64.400000 3.124199 -1.026578 0.363853
 64.600000 -3.066095 -1.063974 2.990656
 64.800000 3.126902 -1.092839 1.149451
 65.000000 -3.133041 -1.052598 0.051145
 65.200000 -3.052844 -1.068230 4.159322
 65.400000 -3.050162 -1.029528 4.335887
 65.600000 3.110435 -1.059436 0.560304
 65.800000 -3.097707 -1.085469 1.695323
 66.000000 -3.081369 -0.975483 4.384957
 66.200000 -3.131013 -1.016770 0.518878
 66.400000 -3.133046 -1.058717 0.102870
 66.600000 -2.987959 -0.996033 13.110512
 66.800000 3.124580 -1.068348 0.368369
 67.000000 3.127460 -1.055097 0.131075
 67.200000 -3.134795 -0.939302 5.843808
 67.400000 -3.137865 -1.001762 1.039155
 67.600000 -3.111942 -1.081886 1.041233
 67.800000 -3.057445 -0.991399 5.097122
 68.000000 2.998390 -1.062619 10.372454
 68.200000 -3.109088 -0.968989 3.586576
 68.400000 -3.058045 -0.934961 9.788668
 68.600000 3.135282 -1.004299 0.940073
 68.800000 3.137749 -1.016263 0.485857
 69.000000 -3.025206 -0.935567 13.003701
 69.200000 -3.106394 -1.033775 0.709555
 69.400000 -3.057564 -1.066464 3.716041
 69.600000 -3.104198 -1.045266 0.701052
 69.800000 3.085108 -1.050063 1.599375
 70.000000 3.111370 -0.998117 1.661129
 70.200000 -3.125382 -1.011838 0.756563
 70.400000 -3.119336 -1.032692 0.352887
 70.600000 -3.065259 -0.982946 4.977510
 70.800000 -3.106110 -1.015265 1.139367
 71.000000 -3.055288 -0.966516 6.978991
 71.200000 -3.048725 -1.035815 4.376962
 71.400000 -3.083564 -1.017452 2.126060
 71.600000 -3.029077 -1.083072 6.973330
 71.800000 -3.037780 -1.059400 5.462965
 72.000000 -3.118598 -1.097265 1.517767
 72.200000 -3.088753 -1.085070 2.113195
 72.400000 -3.084271 -1.080186 2.186969
 72.600000 -3.043777 -1.053055 4.801057
 72.800000 -3.106289 -1.029361 0.782249
 73.000000 3.106548 -1.101312 2.078219
 73.200000 -3.076849 -1.076615 2.528546
 73.400000 3.134539 -1.046150 0.025428
 73.600000 -3.117473 -1.022708 0.590758
 73.800000 -3.087758 -1.035451 1.518099
 74.000000 -3.119279 -0.980133 2.497809
 74.200000 -3.105461 -1.003797 1.594533
 74.400000 -3.046536 -1.023870 4.789917
 74.600000 -3.133993 -1.026369 0.245797
 74.800000 -3.072163 -0.975734 4.963764
 75.000000 -3.071580 -1.068200 2.671429
 75.200000 3.088203 -1.038399 1.463944
 75.400000 -3.122471 -1.048311 0.183437
 75.600000 -3.088843 -1.040113 1.416354
 75.800000 3.098172 -1.010383 1.620358
 76.000000 -3.100613 -0.998226 2.038796
 76.200000 -3.104199 -0.984619 2.657221
 76.400000 -3.092752 -0.980984 3.384851
 76.600000 3.070473 -1.084095 3.209761
 76.800000 -3.072130 -1.076439 2.840100
 77.000000 -3.096624 -1.037281 1.060240
 77.200000 -3.121798 -1.115207 2.508567
 77.400000 -3.054833 -0.999856 4.884265
 77.600000 -3.008148 -1.077226 9.354526
 77.800000 -3.094542 -0.963307 4.625689
 78.000000 -3.068356 -1.069345 2.927057
 78.200000 -3.111874 -0.962870 3.997174
 78.400000 -3.121779 -1.080108 0.737847
 78.600000 -3.025178 -1.045673 6.777323
 78.800000 -3.065941 -1.012584 3.460669
 79.000000 -3.037493 -1.101671 6.902056
 79.200000 -3.070690 -1.030848 2.647214
 79.400000 -3.042780 -0.952537 9.362276
 79.600000 3.095365 -1.021787 1.391325
 79.800000 -3.130211 -0.983556 2.089921
 80.000000 -3.089520 -0.984357 3.330272
 80.200000 -3.121861 -1.089706 1.098165
 80.400000 -3.069733 -0.972927 5.339973
 80.600000 -3.054845 -1.076686 4.197352
 80.800000 -3.112680 -1.063952 0.558329
 81.000000 3.053387 -1.018236 4.309492
 81.200000 -3.138603 -1.023541 0.284284
 81.400000 3.118007 -0.996043 1.586551
 81.600000 3.124338 -1.042664 0.159140
 81.800000 -3.046387 -1.020729 4.882345
 82.000000 -3.003411 -1.092425 10.569837
 82.200000 -3.093720 -0.990737 2.739811
 82.400000 -3.112116 -1.088741 1.297337
 82.600000 -3.066533 -1.044441 2.820751
 82.800000 -3.086726 -0.985821 3.388699
 83.000000 -3.071560 -1.108150 4.309859
 83.200000 -3.112735 -1.063856 0.555123
 83.400000 -3.007593 -0.931300 15.694077
 83.600000 -3.091094 -1.117577 3.751709
 83.800000 3.137165 -1.082057 0.617407
 84.000000 -3.088269 -0.987123 3.226186
 84.200000 -3.036803 -1.086137 6.248588
 84.400000 -3.103219 -1.062011 0.845995
 84.600000 -3.071871 -1.027720 2.620233
 84.800000 -3.096440 -1.030872 1.152644
 85.000000 -3.118361 -1.129220 3.633696
 85.200000 -3.054191 -1.056727 3.864939
 85.400000 3.121920 -1.062875 0.316396
 85.600000 -3.035421 -1.133355 9.347723
 85.800000 -3.139484 -0.978902 2.334362
 86.000000 -3.122611 -1.034969 0.254923
 86.200000 -3.098968 -1.063168 1.035961
 86.400000 -3.070508 -0.965223 5.886455
 86.600000 3.089312 -1.013900 1.921016
 86.800000 -3.089139 -1.045606 1.376936
 87.000000 3.112842 -1.007056 1.218980
 87.200000 3.140946 -1.027047 0.203223
 87.400000 -3.140571 -0.993688 1.432184
 87.600000 -3.120374 -0.948821 5.064053
 87.800000 -3.096911 -0.974779 3.620453
 88.000000 -3.136617 -1.068924 0.248396
 88.200000 -3.039787 -1.103848 6.786807
 88.400000 -3.089758 -1.005065 2.230999
 88.600000 3.100210 -1.101813 2.347677
 88.800000 -2.968932 -1.064146 15.049417
 89.000000 -3.053424 -1.084194 4.571252
 89.200000 -3.063387 -1.078841 3.558706
 89.400000 -3.077087 -1.100741 3.513914
 89.600000 -3.088126 -0.965928 4.731707
 89.800000 3.136543 -1.090104 0.933224
 90.000000 -3.081652 -1.050101 1.800632
 90.200000 -3.091543 -1.046651 1.252641
 90.400000 -3.133057 -1.152449 5.575330
 90.600000 -3.076050 -1.044492 2.151582
 90.800000 -3.001271 -1.032421 9.954208
 91.000000 -3.070708 -1.112811 4.664884
 91.200000 3.124916 -0.931308 6.854247
 91.400000 -3.026836 -1.055966 6.623014
 91.600000 3.133096 -1.016797 0.498199
 91.800000 -3.127114 -0.964598 3.516191
 92.000000 -3.101155 -1.083641 1.481682
 92.200000 3.049026 -1.038361 4.323367
 92.400000 -3.078922 -1.046087 1.964449
 92.600000 -3.087252 -1.029295 1.636702
 92.800000 3.119379 -1.157952 6.379969
 93.000000 -3.068206 -0.954610 6.979051
 93.200000 -3.138217 -1.002175 1.019222
 93.400000 -3.114789 -1.157195 6.408933
 93.600000 -3.085393 -0.962214 5.190300
 93.800000 -3.040085 -1.081782 5.749922
 94.000000 -3.096928 -1.112767 3.147132
 94.200000 -3.004649 -1.018943 9.775904
 94.400000 -3.106741 -1.162618 7.268268
 94.600000 -3.076630 -1.001017 3.176407
 94.800000 -3.108478 -1.145846 5.414038
 95.000000 -3.063559 -1.017462 3.486714
 95.200000 -3.131592 -1.070441 0.320136
 95.400000 -3.018797 -1.039351 7.570109
 95.600000 3.115786 -0.988361 2.063847
 95.800000 -3.101167 -1.044073 0.822015
 96.000000 -3.122769 -0.975266 2.764256
 96.200000 -3.091135 -1.023470 1.554490
 96.400000 3.109281 -1.037272 0.571288
 96.600000 -3.124209 -0.956718 4.244387
 96.800000 3.140750 -1.052925 0.016760
 97.000000 -3.141293 -1.003674 0.947191
 97.200000 -3.050780 -1.077710 4.588974
 97.400000 -3.093713 -1.002201 2.158567
 97.600000 3.104235 -1.080294 1.245470
 97.800000 -3.032704 -1.046950 5.928351
 98.000000 -3.074901 -0.990613 3.824784
 98.200000 -3.116815 -1.049671 0.310030
 98.400000 -3.138261 -1.053820 0.027477
 98.600000 -3.096908 -1.009422 1.711871
 98.800000 -3.074408 -1.076191 2.677223
 99.000000 -3.078845 -0.992296 3.475733
 99.200000 -3.101636 -1.058885 0.866571
 99.400000 -3.125667 -1.022944 0.420927
 99.600000 -3.075410 -0.999375 3.333582
 99.800000 -3.115762 -1.042174 0.346237
 100.000000 -3.132797 -1.052410 0.052266
 100.200000 -3.083421 -0.989739 3.342688
 100.400000 -3.075972 -1.002495 3.152192
 100.600000 3.141478 -1.018498 0.411835
 100.800000 -2.997552 -1.038675 10.410139
 101.000000 3.074445 -1.041930 2.268308
 101.200000 -3.093236 -1.050961 1.176244
 101.400000 3.118259 -1.002509 1.270768
 101.600000 -3.101307 -1.006267 1.649112
 101.800000 -3.116079 -1.075117 0.715243
 102.000000 -3.062163 -0.966155 6.438470
 102.200000 -3.099094 -0.943858 6.242645
 102.400000 -3.100376 -1.079236 1.362638
 102.600000 -3.122057 -1.001013 1.257317
 102.800000 -3.025859 -1.022550 7.000920
 103.000000 -3.128460 -1.102227 1.600358
 103.200000 -3.092949 -1.007295 1.979233
 103.400000 -3.061819 -1.061288 3.281223
 103.600000 3.128506 -1.029110 0.249214
 103.800000 3.123245 -1.093893 1.258547
 104.000000 -3.056636 -1.035643 3.675548
 104.200000 3.075225 -1.001293 3.255939
 104.400000 -3.040451 -1.142872 9.691594
 104.600000 3.131750 -1.001438 1.095390
 104.800000 -3.054766 -1.040252 3.793537
 105.000000 3.132681 -1.060344 0.126124
 105.200000 3.141464 -0.940690 5.671935
 105.400000 -3.086402 -1.047198 1.522996
 105.600000 -3.123735 -1.045711 0.160549
 105.800000 -3.054261 -1.078186 4.293511
 106.000000 -3.047503 -1.055077 4.457447
 106.200000 3.082128 -1.035268 1.839199
 106.400000 -3.098201 -1.111404 3.002649
 106.600000 -3.131186 -0.950286 4.750109
 106.800000 -3.117038 -1.064820 0.456760
 107.000000 -3.074521 -1.048295 2.249881
 107.200000 -3.076986 -1.009872 2.783600
 107.400000 -3.040932 -1.074398 5.436224
 107.600000 3.137421 -1.093662 1.088188
 107.800000 -3.068072 -1.003824 3.643314
 108.000000 -3.127899 -1.095957 1.282485
 108.200000 -3.118807 -0.990570 1.862900
 108.400000 -3.072981 -1.081885 2.955397
 108.600000 -3.011755 -0.991865 9.959772
 108.800000 3.132531 -1.063825 0.179287
 109.000000 -3.066281 -1.003486 3.791249
 109.200000 -3.112765 -0.999616 1.547525
 109.400000 -3.062428 -0.999144 4.288104
 109.600000 3.108076 -0.998487 1.748015
 109.800000 -3.097242 -0.964306 4.418975
 110.000000 -3.069488 -1.107728 4.431464
 110.200000 3.120097 -1.032675 0.336498
 110.400000 -3.088816 -1.031290 1.519225
 110.600000 -2.997744 -1.053881 10.368565
 110.800000 -3.141310 -1.067291 0.201920
 111.000000 -2.996019 -1.008695 11.337031
 111.200000 -3.114990 -1.108957 2.260983
 111.400000 -3.085938 -0.990303 3.167224
 111.600000 -3.077816 -1.082363 2.652038
 111.800000 -3.062715 -1.063810 3.248866
 112.000000 3.100685 -1.025602 1.069903
 112.200000 -3.063732 -0.955127 7.269603
 112.400000 3.061394 -1.053535 3.236003
 112.600000 -3.085299 -0.987590 3.361012
 112.800000 3.101644 -0.955202 5.029587
 113.000000 -3.116235 -1.054738 0.349927
 113.200000 -3.082762 -0.979542 4.019218
 113.400000 -3.094638 -1.011637 1.734660
 113.600000 -3.077086 -1.124573 5.074028
 113.800000 -3.134193 -1.088843 0.894537
 114.000000 -3.035484 -1.043654 5.635809
 114.200000 3.093850 -1.109864 3.103250
 114.400000 -3.046646 -0.986011 6.379316
 114.600000 -3.095966 -1.116672 3.454224
 114.800000 -3.046208 -0.996061 5.856617
 115.000000 3.102881 -1.039140 0.781740
 115.200000 -3.081557 -1.002922 2.782294
 115.400000 3.122433 -1.092711 1.219275
 115.600000 -3.107909 -0.957605 4.580723
 115.800000 3.121582 -1.006951 1.010119
 116.000000 -3.139085 -0.981253 2.177499
 116.200000 3.110502 -0.977249 2.929679
 116.400000 -3.135587 -0.969839 3.010196
 116.600000 -3.050886 -1.001577 5.154433
 116.800000 -3.116223 -0.997359 1.563732
 117.000000 -3.039359 -1.007620 6.009010
 117.200000 -3.083358 -1.003124 2.666857
 117.400000 3.122653 -1.022448 0.485608
 117.600000 -3.056266 -1.023576 3.919289
 117.800000 -3.133146 -1.074239 0.401284
 118.000000 -3.124491 -1.080184 0.690270
 118.200000 -3.027822 -1.051720 6.482097
 118.400000 -3.084662 -1.042350 1.632300
 118.600000 -3.068890 -1.161780 9.207447
 118.800000 -3.040679 -1.018544 5.502329
 119.000000 -3.131929 -1.053567 0.066978
 119.200000 -3.071450 -1.020011 2.829563
 119.400000 3.141484 -0.965450 3.341305
 119.600000 -3.028802 -1.021174 6.699418
 119.800000 3.126380 -1.029007 0.281159
 120.000000 -3.100121 -1.052983 0.876686
 120.200000 -3.084236 -1.023330 1.929725
 120.400000 3.122931 -1.025973 0.399366
 120.600000 -3.094373 -0.935054 7.402956
 120.800000 3.102474 -1.101079 2.216713
 121.000000 -3.049018 -1.012079 4.901660
 121.200000 3.090206 -1.060735 1.411902
 121.400000 -2.975644 -1.010013 14.460825
 121.600000 3.068734 -1.066770 2.845731
 121.800000 -2.985577 -1.006565 12.995930
 122.000000 3.024093 -1.082543 7.527674
 122.200000 -3.048608 -0.994726 5.699736
 122.400000 -3.131098 -1.107470 1.871437
 122.600000 -3.050552 -0.930210 10.987162
 122.800000 3.115140 -1.063425 0.481542
 123.000000 -3.051828 -1.020225 4.392589
 123.200000 3.117531 -0.975900 2.831185
 123.400000 -3.120418 -1.067252 0.425267
 123.600000 3.120453 -1.051336 0.231993
 123.800000 -3.096830 -0.997524 2.235579
 124.000000 -3.126063 -1.086846 0.906587
 124.200000 -3.135281 -0.987989 1.772751
 124.400000 -3.105715 -0.958369 4.588870
 124.600000 3.110458 -0.983716 2.499614
 124.800000 -3.082173 -1.010015 2.456609
 125.000000 3.121309 -1.000540 1.294169
 125.200000 -3.066834 -1.048342 2.795071
 125.400000 -3.070669 -1.052483 2.529070
 125.600000 -3.075811 -1.008317 2.919439
 125.800000 -3.135768 -1.101972 1.517071
 126.000000 -3.083620 -1.044528 1.683963
 126.200000 3.121116 -0.966303 3.481579
 126.400000 -3.116906 -1.090568 1.245201
 126.600000 3.138488 -1.060550 0.093966
 126.800000 -3.116687 -0.987960 2.064699
 127.000000 -3.088696 -1.114277 3.648879
 127.200000 -3.102014 -1.065960 0.959239
 127.400000 -3.134614 -1.012677 0.620192
 127.600000 -3.134159 -1.072996 0.360421
 127.800000 -3.046865 -1.042205 4.499135
 128.000000 -3.137247 -0.941159 5.631544
 128.200000 -3.099661 -1.078287 1.362423
 128.400000 -3.096274 -1.087537 1.840526
 128.600000 -3.085929 -0.958070 5.521116
 128.800000 -3.088927 -1.117734 3.874525
 129.000000 -3.088993 -1.078007 1.857986
 129.200000 -3.131229 -1.004629 0.959757
 129.400000 -3.107055 -1.078261 1.078897
 129.600000 -3.071223 -1.072723 2.801714
 129.800000 -3.061730 -1.022557 3.492565
 130.000000 -3.093556 -1.050905 1.160649
 130.200000 -3.113344 -1.028789 0.568432
 130.400000 -3.011446 -1.034470 8.550110
 130.600000 3.129389 -0.977589 2.497166
 130.800000 -3.075994 -1.028916 2.318669
 131.000000 -3.108979 -1.025190 0.774001
 131.200000 3.051098 -0.969641 7.102165
 131.400000 -3.100000 -1.035882 0.928991
 131.600000 3.085921 -1.049646 1.552657
 131.800000 3.118486 -1.024815 0.517440
 132.000000 -3.071099 -1.065102 2.644951
 132.200000 3.115741 -0.989981 1.970986
 132.400000 -3.132424 -1.093701 1.123337
 132.600000 -3.077654 -0.984857 3.987233
 132.800000 -3.117210 -0.936398 6.435530
 133.000000 -3.010971 -1.051589 8.540639
 133.200000 -3.123116 -1.010323 0.850543
 133.400000 -2.962575 -1.050695 16.029814
 133.600000 -3.135038 -1.014179 0.566587
 133.800000 -3.113511 -1.051704 0.404434
 134.000000 -3.098564 -1.085180 1.647063
 134.200000 -3.130856 -1.007830 0.832548
 134.400000 -3.080688 -1.118404 4.389869
 134.600000 -3.128148 -1.142053 4.589122
 134.800000 -3.101171 -1.031734 0.936532
 135.000000 -3.063122 -1.111010 5.114792
 135.200000 -3.063417 -1.033454 3.150144
 135.400000 -3.079784 -1.011207 2.557795
 135.600000 -3.022068 -1.028274 7.322163
 135.800000 3.122755 -1.056881 0.224306
 136.000000 -3.085039 -0.982222 3.710069
 136.200000 -3.077751 -0.992830 3.515795
 136.400000 3.118914 -1.070823 0.536242
 136.600000 3.079180 -1.024874 2.196868
 136.800000 -3.065623 -0.956403 7.007508
 137.000000 3.136907 -0.947032 5.027596
 137.200000 -3.037627 -0.975145 8.000199
 137.400000 3.103661 -0.973020 3.470546
 137.600000 -3.065238 -0.952396 7.408654
 137.800000 3.127146 -1.097664 1.377787
 138.000000 -3.054065 -0.998009 5.040270
 138.200000 3.135013 -1.135308 3.903376
 138.400000 -3.097837 -1.190455 11.218627
 138.600000 -3.028301 -1.116821 8.841190
 138.800000 -3.091950 -1.037337 1.280815
 139.000000 -2.989541 -1.064516 11.709874
 139.200000 3.126894 -1.056586 0.152101
 139.400000 -3.093099 -0.956059 5.328947
 139.600000 -3.096683 -1.151278 6.424797
 139.800000 -3.113208 -0.984855 2.346159
 140.000000 -3.094666 -1.063735 1.237815
 140.200000 -3.033793 -1.091835 6.806685
 140.400000 -3.109944 -0.910947 9.782952
 140.600000 -3.071862 -1.049517 2.433856
 140.800000 -3.095453 -1.040184 1.089040
 141.000000 -3.130842 -0.912445 9.136897
 141.200000 -3.110674 -1.090440 1.412936
 141.400000 3.044544 -0.995919 6.023947
 141.600000 -3.095027 -1.035960 1.147345
 141.800000 -3.131013 -1.098129 1.352953
 142.000000 -3.098936 -1.048820 0.911099
 142.200000 -3.079018 -1.024713 2.210540
 142.400000 3.124439 -0.993192 1.605442
 142.600000 -3.118484 -1.040626 0.288606
 142.800000 -3.085398 -0.993724 3.008608
 143.000000 -3.109762 -1.063363 0.637253
 143.200000 -3.099253 -0.977952 3.293808
 143.400000 -3.133506 -1.060736 0.124337
 143.600000 -3.057942 -1.019248 3.889295
 143.800000 3.119536 -1.023062 0.534517
 144.000000 -2.995695 -0.985133 12.569105
 144.200000 -3.108967 -1.037178 0.582430
 144.400000 -3.081681 -0.953405 6.193243
 144.600000 -3.138150 -1.095600 1.177341
 144.800000 3.135846 -1.011587 0.650579
 145.000000 3.137536 -1.101536 1.484566
 145.200000 -3.023373 -1.037097 7.038942
 145.400000 -3.081711 -1.048611 1.793880
 145.600000 -3.085583 -0.953683 5.941068
 145.800000 -3.117398 -1.124294 3.264656
 146.000000 -3.130852 -1.022756 0.356375
 146.200000 -3.130509 -1.063114 0.188086
 146.400000 -3.040831 -0.990951 6.658329
 146.600000 -3.140077 -1.088588 0.857737
 146.800000 -3.096600 -0.984621 2.970064
 147.000000 -3.105444 -0.989888 2.295566
 147.200000 -3.090296 -1.078495 1.805412
 147.400000 3.138625 -0.971786 2.847846
 147.600000 -3.058676 -0.953179 7.857324
 147.800000 -3.136067 -1.059482 0.090718
 148.000000 3.115756 -1.004548 1.243247
 148.200000 -3.125355 -1.035562 0.199520
 148.400000 -3.082955 -1.058659 1.784893
 148.600000 -3.128231 -1.037213 0.139117
 148.800000 -3.057096 -1.019668 3.948816
 149.000000 -3.133681 -1.028971 0.197392
 149.200000 -3.114123 -0.986662 2.209578
 149.400000 3.097884 -1.078022 1.430327
 149.600000 -3.138499 -1.013732 0.564748
 149.800000 -3.008890 -1.089814 9.713106
 150.000000 -3.044483 -1.056958 4.762735
 150.200000 3.137182 -1.035007 0.084025
 150.400000 -3.033429 -1.030624 5.987058
 150.600000 -3.114039 -1.141857 4.859825
 150.800000 -3.029891 -0.985046 8.170013
 151.000000 -3.044519 -1.037616 4.757573
 151.200000 -3.131007 -0.960428 3.820538
 151.400000 3.092388 -1.023923 1.481415
 151.600000 -3.096807 -0.983872 3.007911
 151.800000 -3.093910 -1.061158 1.234260
 152.000000 -3.104021 -1.022703 1.005801
 152.200000 3.130699 -1.054942 0.089330
 152.400000 -3.128243 -1.026930 0.294495
 152.600000 3.073378 -0.984469 4.294042
 152.800000 -3.131784 -1.011696 0.678307
 153.000000 -3.097301 -0.992127 2.497253
 153.200000 -3.116123 -0.997358 1.566354
 153.400000 -3.112846 -0.958245 4.369421
 153.600000 -3.138924 -1.064558 0.154260
 153.800000 3.085016 -1.033315 1.696847
 154.000000 -3.089055 -1.042273 1.392236
 154.200000 3.130981 -1.049906 0.059969
 154.400000 -3.059735 -1.078891 3.852570
 154.600000 -3.062642 -1.007413 3.908045
 154.800000 3.128636 -1.071394 0.376678
 155.000000 -3.113847 -1.069291 0.628960
 155.200000 -3.059762 -0.998525 4.532632
 155.400000 -3.069141 -1.099572 3.996151
 155.600000 -3.127056 -1.069077 0.345017
 155.800000 -3.053835 -1.047946 3.851022
 156.000000 3.133900 -1.130435 3.493788
 156.200000 -3.066778 -1.010435 3.474389
 156.400000 3.128210 -1.070900 0.370446
 156.600000 -3.033412 -1.099348 7.211341
 156.800000 -3.102860 -0.963490 4.253568
 157.000000 -3.062546 -1.057420 3.176468
 157.200000 3.085384 -1.098917 2.917157
 157.400000 -3.000606 -0.969650 12.945419
 157.600000 -3.124429 -1.075345 0.543434
 157.800000 -3.122262 -1.010688 0.853307
 158.000000 -3.130462 -1.026642 0.273216
 158.200000 -3.130885 -0.984723 2.008892
 158.400000 -3.119934 -1.025431 0.471455
 158.600000 -3.072312 -0.960714 6.139667
 158.800000 -3.130026 -1.055564 0.101899
 159.000000 -3.103499 -0.980237 2.967427
 159.200000 3.124322 -0.989776 1.797747
 159.400000 3.066635 -1.034089 2.895252
 159.600000 3.134988 -0.953383 4.422428
 159.800000 3.136328 -1.039882 0.040615
 160.000000 3.101404 -1.049404 0.810010
 160.200000 -3.098593 -1.064388 1.072238
 160.400000 -3.107234 -1.087671 1.409326
 160.600000 -3.047813 -1.105523 6.098240
 160.800000 -3.064775 -0.990251 4.571915
 161.000000 -3.009943 -1.098927 10.003795
 161.200000 -3.125838 -1.072078 0.433628
 161.400000 -3.025129 -0.956054 10.935497
 161.600000 -3.077952 -1.047636 2.025145
 161.800000 -3.106747 -1.072389 0.924413
 162.000000 -3.071314 -1.040780 2.490151
 162.200000 3.067296 -1.056773 2.805820
 162.400000 3.135325 -1.073717 0.371274
 162.600000 -3.059860 -0.965721 6.659282
 162.800000 3.063110 -0.950997 7.706959
 163.000000 -3.100818 -1.040764 0.851983
 163.200000 -3.059415 -0.995734 4.700804
 163.400000 -3.099534 -1.003543 1.837327
 163.600000 -3.113547 -1.093389 1.460121
 163.800000 -3.001021 -1.078238 10.361994
 164.000000 -3.111713 -0.973779 3.141556
 164.200000 -3.117669 -1.086611 1.062887
 164.400000 -3.043873 -0.941604 10.349603
 164.600000 3.108108 -0.996053 1.868471
 164.800000 -3.057123 -1.044529 3.571123
 165.000000 3.086312 -0.963586 5.023403
 165.200000 -3.132646 -0.999402 1.182250
 165.400000 3.103144 -1.027882 0.925683
 165.600000 -3.055662 -1.031922 3.808688
 165.800000 3.130475 -1.105566 1.765254
 166.000000 -3.100915 -1.024329 1.088807
 166.200000 3.116723 -1.107719 2.140705
 166.400000 -3.050185 -1.005632 5.041515
 166.600000 3.138499 -1.052643 0.019611
 166.800000 -2.990541 -1.067511 11.614569
 167.000000 -3.125846 -1.006723 0.943069
 167.200000 -3.027824 -1.048823 6.472975
 167.400000 3.121675 -1.115018 2.498170
 167.600000 -2.950430 -0.999299 19.418785
 167.800000 3.118236 -1.046700 0.272900
 168.000000 -3.113812 -1.051358 0.394549
 168.200000 3.115402 -1.051814 0.353626
 168.400000 3.133650 -0.975167 2.625708
 168.600000 3.133347 -1.085302 0.759956
 168.800000 -3.100795 -0.959493 4.678282
 169.000000 3.105682 -1.044917 0.647376
 169.200000 -3.072703 -0.985723 4.262433
 169.400000 -3.088752 -1.043202 1.404058
 169.600000 -3.132331 -1.005086 0.929579
 169.800000 -3.116380 -1.013885 0.872684
 170.000000 -3.060510 -0.944846 8.525068
 170.200000 3.128633 -1.043212 0.091920
 170.400000 -3.064705 -1.021801 3.278332
 170.600000 -3.134131 -0.959766 3.849963
 170.800000 -3.070240 -1.069443 2.793041
 171.000000 -3.098289 -1.044514 0.941215
 171.200000 -3.063050 -1.006509 3.912230
 171.400000 3.133343 -1.083077 0.677710
 171.600000 -3.060125 -1.045256 3.320388
 171.800000 -3.049848 -1.020354 4.568783
 172.000000 -3.119245 -1.050226 0.254297
 172.200000 -3.106939 -0.995306 1.946836
 172.400000 -3.034466 -1.038842 5.772970
 172.600000 -3.097066 -1.021954 1.309924
 172.800000 3.136589 -0.964838 3.404073
 173.000000 3.091425 -1.079454 1.778622
 173.200000 -3.072348 -0.960444 6.160518
 173.400000 -3.053796 -1.013356 4.426703
 173.600000 3.141236 -1.003251 0.965720
 173.800000 3.123087 -1.037192 0.221284
 174.000000 -3.123756 -0.977198 2.609028
 174.200000 -3.119786 -1.023705 0.513721
 174.400000 -3.139087 -0.998566 1.185636
 174.600000 -3.122754 -1.018077 0.601450
 174.800000 3.118517 -1.108410 2.139743
 175.000000 -3.072907 -1.054537 2.385796
 175.200000 -3.087234 -1.023248 1.764256
 175.400000 3.125902 -1.063194 0.251046
 175.600000 -3.088986 -1.048269 1.384290
 175.800000 -3.125397 -1.010965 0.787538
 176.000000 -3.094006 -1.101784 2.622109
 176.200000 -3.034783 -1.020946 6.048746
 176.400000 -3.095273 -1.036184 1.133388
 176.600000 -3.108865 -1.086578 1.310980
 176.800000 -3.070608 -1.045957 2.520169
 177.000000 -3.075364 -0.964327 5.626944
 177.200000 3.130379 -1.073260 0.402513
 177.400000 -3.053648 -1.054247 3.891975
 177.600000 3.127755 -1.003493 1.050790
 177.800000 -3.140212 -1.006811 0.816483
 178.000000 -3.087161 -1.094878 2.618156
 178.200000 -3.140084 -1.037362 0.049502
 178.400000 -3.086891 -0.985138 3.421827
 178.600000 -3.116008 -1.025992 0.552136
 178.800000 3.085269 -0.978320 3.958207
 179.000000 -3.104707 -0.962081 4.302715
 179.200000 -3.132044 -0.981215 2.222465
 179.400000 -3.127595 -0.994263 1.499018
 179.600000 -3.115147 -1.011547 0.985148
 179.800000 -3.090376 -1.002167 2.325448
 180.000000 3.114040 -1.065092 0.539667
 180.200000 -3.049914 -0.986900 6.020342
 180.400000 3.061914 -1.024763 3.425957
 180.600000 -3.059418 -1.045087 3.378523
 180.800000 -3.133790 -1.035450 0.099449
 181.000000 -3.089028 -1.103487 2.965792
 181.200000 -3.118410 -1.035210 0.340573
 181.400000 -2.992000 -1.049168 11.190876
 181.600000 -3.073843 -1.138486 6.461812
 181.800000 -3.088299 -0.987949 3.175294
 182.000000 -3.074496 -1.074104 2.612937
 182.200000 3.141441 -1.106875 1.780731
 182.400000 -3.043019 -0.948143 9.764228
 182.600000 -3.053079 -1.112391 6.042427
 182.800000 3.109975 -1.082019 1.106093
 183.000000 -3.006303 -0.982385 11.251936
 183.200000 -3.054172 -1.013328 4.394722
 183.400000 -3.102213 -1.079884 1.309570
 183.600000 -3.050661 -0.946780 9.176061
 183.800000 -3.037241 -1.033148 5.543362
 184.000000 3.059720 -0.977141 5.805505
 184.200000 -3.047560 -0.916037 13.022636
 184.400000 3.114390 -0.999666 1.499619
 184.600000 3.082571 -0.968906 4.806587
 184.800000 3.126590 -0.973964 2.794129
 185.000000 3.115447 -1.010977 0.997764
 185.200000 3.122472 -0.965270 3.538875
 185.400000 3.127546 -0.952198 4.611140
 185.600000 -3.093000 -0.972753 3.951604
 185.800000 -3.122655 -1.011564 0.814199
 186.000000 -3.120115 -0.900167 11.039692
 186.200000 -3.101477 -1.036694 0.859778
 186.400000 -3.137324 -1.036166 0.069951
 186.600000 3.140511 -1.031729 0.120218
 186.800000 -3.051975 -1.082825 4.650310
 187.000000 -3.086658 -1.030872 1.642163
 187.200000 -3.118330 -0.980450 2.498186
 187.400000 -3.117207 -1.148177 5.395729
 187.600000 -3.005940 -1.033601 9.293220
 187.800000 -3.124459 -1.151171 5.552013
 188.000000 -3.087109 -1.072826 1.812651
 188.200000 -3.035764 -1.151691 11.059275
 188.400000 -3.060834 -1.054429 3.287133
 188.600000 -3.025066 -1.078587 7.281825
 188.800000 -3.084946 -1.098206 2.905375
 189.000000 3.114041 -1.005709 1.240177
 189.200000 -3.104439 -1.027551 0.883185
 189.400000 -3.103551 -1.028404 0.900166
 189.600000 3.087664 -0.986525 3.294702
 189.800000 3.122483 -0.961915 3.819170
 190.000000 -3.084757 -1.009981 2.307701
 190.200000 -3.102185 -0.972604 3.558568
 190.400000 3.126473 -0.996352 1.406929
 190.600000 3.110926 -0.963555 3.968242
 190.800000 3.124748 -0.962740 3.708416
 191.000000 3.121053 -0.947987 5.132315
 191.200000 3.122509 -1.035152 0.254645
 191.400000 -3.139851 -1.015457 0.505243
 191.600000 -3.096454 -0.999063 2.177225
 191.800000 -3.091080 -1.018220 1.695610
 192.000000 3.103850 -1.067651 0.921416
 192.200000 3.138601 -1.015376 0.510772
 192.400000 -3.111219 -1.044476 0.464980
 192.600000 -3.094219 -1.057056 1.170748
 192.800000 3.098786 -1.033663 1.007813
 193.000000 -3.029787 -0.936968 12.325545
 193.200000 3.139697 -1.115585 2.340227
 193.400000 -3.070739 -0.961935 6.144951
 193.600000 -3.101596 -1.072448 1.118659
 193.800000 -2.985665 -1.037394 12.204738
 194.000000 -3.123379 -1.036110 0.227335
 194.200000 -3.013636 -1.006955 8.996167
 194.400000 3.126332 -1.098929 1.454536
 194.600000 -3.082310 -1.048374 1.757917
 194.800000 -3.093604 -1.103261 2.723031
 195.000000 -3.059917 -1.049497 3.338060
 195.200000 -3.052414 -1.168153 11.291521
 195.400000 -3.125643 -1.054121 0.151161
 195.600000 -3.058013 -1.060578 3.582285
 195.800000 -3.125283 -1.054178 0.157366
 196.000000 -3.066565 -1.013862 3.370238
 196.200000 -3.060245 -0.877187 17.760540
 196.400000 3.138546 -1.060775 0.096817
 196.600000 3.108447 -0.958856 4.451466
 196.800000 -3.133715 -1.072971 0.363173
 197.000000 -3.112264 -1.090075 1.349321
 197.200000 -3.069161 -1.078035 3.098654
 197.400000 -3.062115 -1.035708 3.224316
 197.600000 -3.057422 -1.081395 4.127103
 197.800000 -3.130651 -1.128132 3.335068
 198.000000 -3.141509 -0.977784 2.409136
 198.200000 -3.096786 -1.005303 1.881417
 198.400000 -3.004104 -1.005711 10.312203
 198.600000 3.110472 -0.974748 3.108703
 198.800000 -3.038944 -0.966213 8.547633
 199.000000 3.127271 -1.078970 0.607315
 199.200000 -3.131661 -1.006507 0.877177
 199.400000 -3.079513 -1.018026 2.352443
 199.600000 -3.085888 -1.031056 1.681757
 199.800000 -3.019377 -0.974627 10.101521
 200.000000 3.140876 -0.974738 2.625477
