#! FIELDS time phi psi restraint.bias
#! SET min_phi -pi
#! SET max_phi pi
#! SET min_psi -pi
#! SET max_psi pi
 0.000000 2.948758 -0.645825 1.535475
 0.200000 2.959434 -0.708758 0.085539
 0.400000 3.036922 -0.710792 2.520546
 0.600000 3.040951 -0.716058 2.890674
 0.800000 3.060435 -0.771278 7.034710
 1.000000 3.049071 -0.784080 7.056499
 1.200000 3.068519 -0.713402 5.263628
 1.400000 3.024969 -0.735511 2.375345
 1.600000 3.094934 -0.720272 8.421064
 1.800000 3.005642 -0.725757 1.125874
 2.000000 3.062819 -0.724139 4.923097
 2.200000 3.043434 -0.719922 3.153913
 2.400000 2.998829 -0.776357 3.564232
 2.600000 2.975957 -0.695717 0.042500
 2.800000 2.929951 -0.715850 0.845506
 3.000000 2.966973 -0.653009 1.018018
 3.200000 2.991084 -0.699111 0.289064
 3.400000 2.993967 -0.708675 0.417580
 3.600000 2.896242 -0.778213 5.714068
 3.800000 3.000523 -0.710235 0.633145
 4.000000 2.967805 -0.739145 0.841339
 4.200000 3.069408 -0.825553 13.355713
 4.400000 3.065055 -0.731221 5.348998
 4.600000 3.104353 -0.685557 9.503742
 4.800000 3.052749 -0.648436 4.906156
 5.000000 2.974530 -0.672517 0.355970
 5.200000 3.017525 -0.629395 3.635728
 5.400000 2.885149 -0.630912 5.613922
 5.600000 2.919517 -0.720782 1.386681
 5.800000 2.997024 -0.729828 0.951248
 6.000000 2.955322 -0.656254 0.945742
 6.200000 3.073405 -0.729132 6.135119
 6.400000 2.977224 -0.760700 2.009067
 6.600000 2.930826 -0.675788 0.906054
 6.800000 3.044207 -0.669606 3.382747
 7.000000 3.019967 -0.682446 1.522611
 7.200000 2.991181 -0.680075 0.453944
 7.400000 2.998750 -0.705044 0.526018
 7.600000 3.012622 -0.642334 2.594666
 7.800000 3.090813 -0.723263 7.973187
 8.000000 3.003550 -0.727252 1.089760
 8.200000 3.009021 -0.734652 1.547236
 8.400000 3.089124 -0.762878 9.545832
 8.600000 2.968381 -0.752552 1.481648
 8.800000 3.021576 -0.704738 1.507818
 9.000000 2.995467 -0.691595 0.424840
 9.200000 2.996986 -0.649217 1.644139
 9.400000 3.025209 -0.670984 2.059152
 9.600000 2.945755 -0.657259 1.062258
 9.800000 2.988738 -0.686886 0.298197
 10.000000 2.987513 -0.721185 0.474886
 10.200000 3.017601 -0.775854 4.297609
 10.400000 3.061970 -0.761080 6.485262
 10.600000 3.037599 -0.773914 5.359358
 10.800000 2.991364 -0.690519 0.324329
 11.000000 3.053222 -0.672169 4.048984
 11.200000 3.021859 -0.704764 1.523492
 11.400000 3.001734 -0.622689 3.446933
 11.600000 2.983694 -0.631879 2.333035
 11.800000 3.041334 -0.587278 8.902649
 12.000000 3.063933 -0.662743 5.318377
 12.200000 2.994765 -0.695949 0.386172
 12.400000 3.025948 -0.763184 3.849865
 12.600000 3.093512 -0.819762 15.392049
 12.800000 3.051615 -0.754340 5.154511
 13.000000 2.974814 -0.704955 0.053342
 13.200000 2.968085 -0.699044 0.000942
 13.400000 2.978600 -0.645450 1.454265
 13.600000 3.009487 -0.577996 8.116364
 13.800000 3.027076 -0.614236 5.320241
 14.000000 3.002713 -0.663559 1.233229
 14.200000 3.085427 -0.669419 7.417674
 14.400000 3.033795 -0.647045 3.531763
 14.600000 3.057309 -0.747697 5.300812
 14.800000 2.998183 -0.725272 0.852637
 15.000000 3.024002 -0.761801 3.648101
 15.200000 3.075242 -0.721023 6.113678
 15.400000 3.095325 -0.772396 10.983572
 15.600000 3.042306 -0.682137 2.958894
 15.800000 3.030489 -0.657308 2.844899
 16.000000 3.057953 -0.663013 4.747449
 16.200000 3.026456 -0.736826 2.512565
 16.400000 2.958805 -0.767357 2.430138
 16.600000 3.061355 -0.715403 4.594902
 16.800000 3.113422 -0.713280 10.825748
 17.000000 3.057065 -0.679322 4.227374
 17.200000 3.101499 -0.788479 13.118245
 17.400000 2.992399 -0.709688 0.387817
 17.600000 3.054534 -0.670962 4.194949
 17.800000 2.939210 -0.707738 0.433934
 18.000000 3.056071 -0.742969 4.966723
 18.200000 3.025487 -0.653827 2.688306
 18.400000 3.140318 -0.618846 18.152394
 18.600000 3.005584 -0.633561 2.826765
 18.800000 3.027074 -0.721170 2.066208
 19.000000 2.962115 -0.656614 0.874076
 19.200000 3.070127 -0.668884 5.739122
 19.400000 3.010408 -0.687224 0.999016
 19.600000 3.060230 -0.710162 4.412723
 19.800000 3.027442 -0.668529 2.261150
 20.000000 3.046538 -0.680413 3.315341
 20.200000 3.022746 -0.705120 1.574894
 20.400000 3.061917 -0.715023 4.641655
 20.600000 2.964539 -0.744557 1.080834
 20.800000 3.096532 -0.694146 8.389467
 21.000000 3.034581 -0.658131 3.079602
 21.200000 3.108620 -0.760915 11.990487
 21.400000 2.976215 -0.675031 0.308730
 21.600000 3.046253 -0.606690 7.316538
 21.800000 3.033785 -0.720998 2.487534
 22.000000 2.996666 -0.672530 0.765980
 22.200000 3.006036 -0.787395 4.743516
 22.400000 3.098133 -0.669670 8.995166
 22.600000 3.002683 -0.764378 2.828772
 22.800000 3.031699 -0.643455 3.583847
 23.000000 2.951764 -0.713139 0.229585
 23.200000 3.055604 -0.667651 4.384611
 23.400000 2.969269 -0.625987 2.604866
 23.600000 2.992506 -0.664970 0.873602
 23.800000 3.074806 -0.728607 6.268997
 24.000000 2.912043 -0.761423 3.516347
 24.200000 3.085831 -0.745774 8.188248
 24.400000 3.040114 -0.760297 4.600682
 24.600000 3.055554 -0.674210 4.201764
 24.800000 2.983586 -0.750444 1.504841
 25.000000 3.040262 -0.665240 3.220218
 25.200000 3.025787 -0.695228 1.728664
 25.400000 2.956913 -0.612616 3.707929
 25.600000 2.935411 -0.689067 0.541909
 25.800000 3.033841 -0.641358 3.841507
 26.000000 3.021160 -0.669700 1.867592
 26.200000 2.985920 -0.727789 0.617633
 26.400000 2.971208 -0.804404 5.655540
 26.600000 3.057484 -0.766850 6.449346
 26.800000 3.068980 -0.761103 7.176614
 27.000000 3.015822 -0.749719 2.519495
 27.200000 2.999310 -0.725984 0.907923
 27.400000 3.003607 -0.680175 0.829081
 27.600000 2.988432 -0.694840 0.233795
 27.800000 3.010184 -0.677769 1.137159
 28.000000 2.963847 -0.697799 0.005217
 28.200000 2.977819 -0.686470 0.125881
 28.400000 3.051576 -0.660442 4.281774
 28.600000 2.952775 -0.655301 1.019277
 28.800000 3.026516 -0.746940 2.958657
 29.000000 2.964785 -0.711705 0.094706
 29.200000 3.080494 -0.669826 6.834305
 29.400000 2.984034 -0.757679 1.917012
 29.600000 3.036606 -0.677934 2.622297
 29.800000 2.906244 -0.771885 4.569038
 30.000000 3.061108 -0.609759 8.327402
 30.200000 3.024610 -0.675200 1.918953
 30.400000 2.990879 -0.711748 0.376373
 30.600000 3.038739 -0.677954 2.772514
 30.800000 3.096939 -0.792463 12.883523
 31.000000 3.058355 -0.777607 7.325593
 31.200000 3.045448 -0.716963 3.249664
 31.400000 3.085811 -0.748031 8.295945
 31.600000 3.023439 -0.659103 2.350925
 31.800000 3.049635 -0.654938 4.342198
 32.000000 3.048951 -0.696695 3.354128
 32.200000 3.030444 -0.654168 2.975182
 32.400000 3.005217 -0.682677 0.847419
 32.600000 3.140797 -0.753230 16.610185
 32.800000 3.004024 -0.719350 0.908283
 33.000000 3.107830 -0.655668 10.809766
 33.200000 3.043756 -0.715851 3.098182
 33.400000 3.026904 -0.683290 1.900801
 33.600000 3.115050 -0.693051 10.963477
 33.800000 2.954660 -0.732329 0.661605
 34.000000 3.076995 -0.679881 6.209385
 34.200000 3.089290 -0.684165 7.567700
 34.400000 3.064536 -0.635952 6.683960
 34.600000 2.987230 -0.687755 0.257256
 34.800000 3.118911 -0.685141 11.613724
 35.000000 3.073320 -0.750493 7.016526
 35.200000 3.069381 -0.638047 7.039935
 35.400000 3.057200 -0.692268 4.079844
 35.600000 2.994340 -0.673630 0.672277
 35.800000 3.047121 -0.641589 4.803388
 36.000000 3.107802 -0.682171 10.031519
 36.200000 2.926505 -0.705819 0.851886
 36.400000 3.065870 -0.714717 5.019272
 36.600000 3.031133 -0.632153 4.229318
 36.800000 2.967873 -0.699935 0.001957
 37.000000 2.954598 -0.719783 0.312040
 37.200000 3.047124 -0.739320 4.053415
 37.400000 3.075775 -0.733079 6.520164
 37.600000 2.981505 -0.774167 2.994997
 37.800000 3.016556 -0.732462 1.814213
 38.000000 3.029088 -0.719968 2.162172
 38.200000 3.034965 -0.652445 3.349208
 38.400000 2.948788 -0.738478 0.980827
 38.600000 3.068395 -0.625260 7.789527
 38.800000 2.927046 -0.707859 0.847864
 39.000000 3.035166 -0.700144 2.321280
 39.200000 3.000522 -0.685989 0.633566
 39.400000 3.026306 -0.715588 1.907436
 39.600000 2.946267 -0.732534 0.807923
 39.800000 3.044102 -0.751985 4.417863
 40.000000 3.015347 -0.677285 1.383131
 40.200000 3.032561 -0.670680 2.522008
 40.400000 2.969284 -0.612443 3.673714
 40.600000 2.980726 -0.663016 0.709947
 40.800000 2.970131 -0.680483 0.160462
 41.000000 2.943365 -0.704998 0.304284
 41.200000 3.034653 -0.712295 2.384706
 41.400000 3.006228 -0.705279 0.792602
 41.600000 3.131495 -0.788740 17.624447
 41.800000 2.944633 -0.774319 3.153702
 42.000000 2.986157 -0.683151 0.294559
 42.200000 2.938998 -0.739293 1.240845
 42.400000 2.993182 -0.632681 2.483041
 42.600000 2.947173 -0.631437 2.421818
 42.800000 3.036747 -0.638876 4.183786
 43.000000 2.959620 -0.640557 1.685079
 43.200000 3.112544 -0.655668 11.484394
 43.400000 3.007057 -0.653827 1.781346
 43.600000 2.995198 -0.722718 0.698112
 43.800000 3.059867 -0.705611 4.334575
 44.000000 3.028234 -0.717259 2.054078
 44.200000 3.117010 -0.711724 11.334859
 44.400000 3.000952 -0.744828 1.664619
 44.600000 3.021137 -0.704105 1.479998
 44.800000 3.110153 -0.768396 12.706376
 45.000000 2.950759 -0.724510 0.480780
 45.200000 2.936887 -0.768020 2.897386
 45.400000 3.021838 -0.714477 1.633944
 45.600000 3.040074 -0.573234 10.465292
 45.800000 2.990159 -0.710967 0.349167
 46.000000 3.002709 -0.719329 0.860116
 46.200000 2.992524 -0.717693 0.515534
 46.400000 2.967869 -0.747557 1.221759
 46.600000 3.022496 -0.770776 4.175195
 46.800000 2.911276 -0.705724 1.584756
 47.000000 3.041401 -0.746489 3.932540
 47.200000 3.009967 -0.726665 1.327570
 47.400000 3.065833 -0.659320 5.631223
 47.600000 2.935009 -0.802072 5.915369
 47.800000 3.070746 -0.697987 5.375450
 48.000000 3.068637 -0.739724 6.023878
 48.200000 2.959449 -0.547853 11.320801
 48.400000 2.939921 -0.759247 2.235810
 48.600000 3.030050 -0.603385 6.472357
 48.800000 2.982158 -0.715308 0.261499
 49.000000 3.007818 -0.675502 1.086694
 49.200000 2.935689 -0.663826 1.080490
 49.400000 2.960954 -0.768489 2.493684
 49.600000 2.961363 -0.650731 1.139662
 49.800000 2.963961 -0.764703 2.220687
 50.000000 2.989313 -0.681101 0.392636
 50.200000 3.012609 -0.730304 1.554904
 50.400000 2.929196 -0.677641 0.926753
 50.600000 2.990102 -0.616987 3.557737
 50.800000 2.952559 -0.648754 1.324205
 51.000000 2.965354 -0.639633 1.712494
 51.200000 2.976083 -0.716634 0.211886
 51.400000 2.949335 -0.640294 1.829702
 51.600000 2.989642 -0.791572 4.620539
 51.800000 2.952773 -0.698060 0.102052
 52.000000 3.007348 -0.793651 5.373572
 52.200000 3.072362 -0.684237 5.640818
 52.400000 2.997496 -0.637489 2.301971
 52.600000 3.057775 -0.689336 4.153312
 52.800000 3.001082 -0.645527 1.962419
 53.000000 3.048990 -0.712806 3.463988
 53.200000 2.921746 -0.621145 3.990112
 53.400000 3.044390 -0.704411 3.009665
 53.600000 2.953245 -0.673379 0.401780
 53.800000 3.061136 -0.686807 4.489275
 54.000000 3.039971 -0.713819 2.781035
 54.200000 3.062642 -0.668333 5.011967
 54.400000 2.965839 -0.683390 0.109406
 54.600000 2.978143 -0.629092 2.444631
 54.800000 3.024022 -0.645046 3.031392
 55.000000 3.079913 -0.691464 6.390138
 55.200000 3.052632 -0.604434 8.050951
 55.400000 3.005414 -0.688989 0.777331
 55.600000 3.043458 -0.680334 3.076705
 55.800000 3.047753 -0.761118 5.239332
 56.000000 3.027139 -0.749063 3.101802
 56.200000 3.029564 -0.716609 2.124112
 56.400000 3.061732 -0.686127 4.553469
 56.600000 3.008969 -0.727859 1.320043
 56.800000 2.936772 -0.729154 0.939843
 57.000000 3.012662 -0.674503 1.318941
 57.200000 2.904294 -0.787896 5.998568
 57.400000 2.980719 -0.709101 0.153451
 57.600000 2.974785 -0.707891 0.077461
 57.800000 3.069532 -0.664042 5.831375
 58.000000 2.958996 -0.651413 1.123846
 58.200000 3.019926 -0.738179 2.199320
 58.400000 2.917445 -0.689154 1.271130
 58.600000 3.046644 -0.671988 3.508556
 58.800000 3.011604 -0.795841 5.765605
 59.000000 3.023087 -0.622844 4.403606
 59.200000 3.042078 -0.802029 8.211208
 59.400000 2.965980 -0.695883 0.003112
 59.600000 2.923695 -0.654859 1.876536
 59.800000 3.099558 -0.619872 11.840226
 60.000000 2.986253 -0.672171 0.521161
 60.200000 3.120770 -0.649096 13.015739
 60.400000 2.976959 -0.691245 0.072711
 60.600000 3.071300 -0.633177 7.542629
 60.800000 3.030517 -0.756516 3.717828
 61.000000 3.037738 -0.675140 2.762042
 61.200000 3.086083 -0.749066 8.380444
 61.400000 3.030190 -0.737200 2.755906
 61.600000 3.089046 -0.708276 7.491831
 61.800000 3.041746 -0.685828 2.864678
 62.000000 3.003351 -0.765166 2.905345
 62.200000 3.024117 -0.611538 5.377002
 62.400000 3.031282 -0.653692 3.049730
 62.600000 2.971118 -0.655300 0.925512
 62.800000 3.003962 -0.688842 0.724044
 63.000000 3.027947 -0.711277 1.940048
 63.200000 3.035291 -0.601178 7.027753
 63.400000 3.034809 -0.709892 2.364100
 63.600000 3.021090 -0.680199 1.620426
 63.800000 3.011855 -0.685689 1.080703
 64.000000 2.995066 -0.686875 0.455533
 64.200000 3.028477 -0.692133 1.904030
 64.400000 2.968954 -0.689378 0.040111
 64.600000 2.963951 -0.680292 0.163955
 64.800000 3.005953 -0.727980 1.201803
 65.000000 3.021545 -0.759295 3.354795
 65.200000 3.034848 -0.731084 2.840555
 65.400000 3.000370 -0.742961 1.559638
 65.600000 3.061399 -0.704096 4.467779
 65.800000 2.951132 -0.732538 0.718746
 66.000000 3.037865 -0.680233 2.666894
 66.200000 2.926066 -0.703622 0.855309
 66.400000 3.103487 -0.646995 10.613620
 66.600000 2.944107 -0.686963 0.325781
 66.800000 2.975987 -0.675512 0.295671
 67.000000 3.058687 -0.666163 4.708729
 67.200000 3.052985 -0.698942 3.691912
 67.400000 3.037246 -0.717651 2.653526
 67.600000 2.997255 -0.724687 0.808468
 67.800000 3.109675 -0.680220 10.330044
 68.000000 2.992206 -0.685549 0.395326
 68.200000 3.047827 -0.596598 8.416207
 68.400000 2.929315 -0.643806 2.187973
 68.600000 3.128274 -0.709553 13.060215
 68.800000 3.019086 -0.732813 1.954754
 69.000000 3.103819 -0.767831 11.780491
 69.200000 3.053724 -0.749648 5.082322
 69.400000 3.046034 -0.697827 3.118522
 69.600000 2.961357 -0.712868 0.124840
 69.800000 3.050005 -0.702156 3.448072
 70.000000 3.044029 -0.648982 4.169933
 70.200000 3.009106 -0.736120 1.605512
 70.400000 3.066405 -0.676636 5.165763
 70.600000 2.987639 -0.677408 0.426486
 70.800000 3.063018 -0.757411 6.361008
 71.000000 2.955608 -0.681120 0.210257
 71.200000 3.126190 -0.750956 14.056462
 71.400000 3.019725 -0.707576 1.431402
 71.600000 3.026817 -0.638583 3.558489
 71.800000 2.990308 -0.666640 0.766104
 72.000000 2.960325 -0.650572 1.153636
 72.200000 3.001932 -0.634694 2.620183
 72.400000 2.989464 -0.582617 6.922823
 72.600000 2.989275 -0.593266 5.745178
 72.800000 2.932034 -0.662895 1.234213
 73.000000 2.968875 -0.673874 0.295868
 73.200000 2.963888 -0.699825 0.006464
 73.400000 2.987774 -0.766545 2.554755
 73.600000 2.993573 -0.754300 1.928925
 73.800000 3.000060 -0.767262 2.934032
 74.000000 3.040608 -0.761325 4.701344
 74.200000 2.973685 -0.687769 0.075638
 74.400000 3.021422 -0.714525 1.611984
 74.600000 2.926113 -0.656031 1.724555
 74.800000 3.000840 -0.701116 0.575015
 75.000000 2.977313 -0.767660 2.469685
 75.200000 2.966159 -0.685263 0.083205
 75.400000 3.061951 -0.736034 5.220491
 75.600000 3.049126 -0.622969 6.192082
 75.800000 2.986892 -0.682947 0.311948
 76.000000 3.003183 -0.687486 0.709122
 76.200000 3.057672 -0.651740 5.181390
 76.400000 3.047344 -0.670225 3.612176
 76.600000 2.969584 -0.736908 0.754984
 76.800000 -3.126063 -0.729826 18.564207
 77.000000 2.979346 -0.689379 0.113773
 77.200000 3.066676 -0.759984 6.874570
 77.400000 2.972084 -0.758922 1.860347
 77.600000 2.979636 -0.712545 0.182951
 77.800000 2.980568 -0.725051 0.453568
 78.000000 2.983060 -0.684540 0.220369
 78.200000 2.938480 -0.650706 1.533010
 78.400000 2.966871 -0.683420 0.108230
 78.600000 2.990973 -0.658753 1.061277
 78.800000 3.029875 -0.697334 1.973179
 79.000000 3.008258 -0.748783 2.131412
 79.200000 3.054910 -0.709578 3.924312
 79.400000 3.009670 -0.726970 1.323659
 79.600000 3.061359 -0.631837 6.643660
 79.800000 2.969430 -0.644714 1.429558
 80.000000 3.017577 -0.647146 2.575757
 80.200000 2.975704 -0.668154 0.486683
 80.400000 3.028343 -0.548635 13.052478
 80.600000 3.061466 -0.682667 4.575878
 80.800000 3.048808 -0.660061 4.066086
 81.000000 2.975546 -0.756674 1.749599
 81.200000 3.064670 -0.679309 4.941046
 81.400000 2.988028 -0.683926 0.320746
 81.600000 3.033623 -0.718221 2.417102
 81.800000 2.997666 -0.635358 2.438657
 82.000000 2.993655 -0.719376 0.579301
 82.200000 2.974660 -0.609882 3.922869
 82.400000 2.999001 -0.709738 0.577493
 82.600000 3.005371 -0.708503 0.787675
 82.800000 2.911885 -0.736694 2.265637
 83.000000 3.099219 -0.818942 16.030588
 83.200000 3.040879 -0.843912 13.350492
 83.400000 3.125058 -0.747144 13.682887
 83.600000 3.032298 -0.792909 6.619401
 83.800000 3.009324 -0.722599 1.192450
 84.000000 3.053474 -0.662603 4.364872
 84.200000 3.018306 -0.610037 5.193451
 84.400000 2.971010 -0.679882 0.174335
 84.600000 3.055799 -0.572083 11.881547
 84.800000 3.078387 -0.631700 8.403489
 85.000000 2.998445 -0.731290 1.042237
 85.200000 3.112909 -0.780478 14.026472
 85.400000 3.088947 -0.687129 7.488817
 85.600000 3.050909 -0.742139 4.483693
 85.800000 3.000656 -0.716377 0.730800
 86.000000 3.092886 -0.645083 9.323234
 86.200000 2.929695 -0.637671 2.525784
 86.400000 2.945561 -0.619231 3.343731
 86.600000 3.026205 -0.643801 3.225013
 86.800000 3.020842 -0.674173 1.733294
 87.000000 3.053749 -0.683987 3.857557
 87.200000 3.111135 -0.740108 11.259889
 87.400000 2.984297 -0.764391 2.343685
 87.600000 3.025106 -0.729467 2.175647
 87.800000 2.996903 -0.753442 1.974918
 88.000000 3.018339 -0.628822 3.716649
 88.200000 3.104254 -0.665006 9.959793
 88.400000 3.009296 -0.611601 4.635709
 88.600000 3.028174 -0.712482 1.970416
 88.800000 2.997544 -0.624523 3.173728
 89.000000 3.050369 -0.706424 3.504637
 89.200000 3.005021 -0.768774 3.215715
 89.400000 3.079110 -0.705075 6.301759
 89.600000 3.006615 -0.834342 10.058889
 89.800000 2.957946 -0.730412 0.562523
 90.000000 3.051054 -0.700491 3.530268
 90.200000 2.953087 -0.789604 4.281185
 90.400000 3.045616 -0.674931 3.354696
 90.600000 2.986939 -0.708127 0.247545
 90.800000 2.994729 -0.643769 1.860428
 91.000000 2.964512 -0.692441 0.019439
 91.200000 2.941336 -0.707071 0.370812
 91.400000 3.066259 -0.759426 6.798793
 91.600000 3.006946 -0.787095 4.752689
 91.800000 3.037258 -0.683227 2.574941
 92.000000 3.039767 -0.670176 3.033887
 92.200000 2.989452 -0.729727 0.749828
 92.400000 3.066344 -0.776948 8.034694
 92.600000 3.020896 -0.685285 1.531704
 92.800000 3.030508 -0.708470 2.066266
 93.000000 3.113871 -0.688613 10.822080
 93.200000 3.015957 -0.707992 1.244083
 93.400000 3.074448 -0.644802 7.188131
 93.600000 3.089201 -0.646585 8.787777
 93.800000 2.956536 -0.612027 3.762377
 94.000000 3.079785 -0.671547 6.706915
 94.200000 2.988365 -0.727099 0.646515
 94.400000 3.072575 -0.599002 10.480076
 94.600000 2.992260 -0.797836 5.288023
 94.800000 3.009652 -0.641929 2.486388
 95.000000 3.039207 -0.752670 4.089837
 95.200000 2.997298 -0.701968 0.464524
 95.400000 2.990014 -0.670510 0.644914
 95.600000 3.062331 -0.708340 4.590441
 95.800000 3.021351 -0.675673 1.725953
 96.000000 3.066853 -0.712231 5.078689
 96.200000 3.013854 -0.685018 1.180844
 96.400000 3.072408 -0.638369 7.334898
 96.600000 2.993583 -0.610184 4.219166
 96.800000 3.057130 -0.662744 4.682484
 97.000000 3.048701 -0.654953 4.264811
 97.200000 3.106849 -0.669240 10.187931
 97.400000 3.077872 -0.702695 6.150053
 97.600000 3.012904 -0.675787 1.300478
 97.800000 3.029205 -0.708201 1.981687
 98.000000 3.065276 -0.756153 6.506499
 98.200000 2.950492 -0.690262 0.168219
 98.400000 3.014395 -0.715540 1.271826
 98.600000 3.009356 -0.695624 0.897629
 98.800000 3.005530 -0.717160 0.921026
 99.000000 2.969997 -0.667883 0.461791
 99.200000 3.004966 -0.643115 2.231888
 99.400000 3.077333 -0.770351 8.687853
 99.600000 2.996743 -0.661037 1.128557
 99.800000 3.009436 -0.779117 4.177215
 100.000000 2.905221 -0.681903 2.043682
 100.200000 3.055053 -0.743906 4.919065
 100.400000 3.011454 -0.739349 1.834854
 100.600000 3.032280 -0.745060 3.227949
 100.800000 2.966628 -0.691265 0.023671
 101.000000 3.032927 -0.678257 2.366750
 101.200000 2.992819 -0.706970 0.370831
 101.400000 3.073258 -0.659141 6.399176
 101.600000 3.055832 -0.687487 3.996922
 101.800000 3.013296 -0.749103 2.367944
 102.000000 3.011639 -0.716589 1.163970
 102.200000 3.003479 -0.722795 0.967335
 102.400000 3.011822 -0.750613 2.378961
 102.600000 3.009587 -0.687686 0.958825
 102.800000 3.052666 -0.669836 4.064562
 103.000000 2.948677 -0.673433 0.473978
 103.200000 3.083434 -0.678789 6.958550
 103.400000 2.980806 -0.723572 0.418075
 103.600000 2.961163 -0.630604 2.297356
 103.800000 2.953703 -0.680568 0.243445
 104.000000 3.016322 -0.730340 1.732098
 104.200000 2.976951 -0.785728 3.885492
 104.400000 3.020254 -0.692150 1.432729
 104.600000 2.962208 -0.732609 0.606126
 104.800000 3.032532 -0.605931 6.393791
 105.000000 2.983195 -0.691728 0.150673
 105.200000 3.021537 -0.739123 2.324033
 105.400000 2.984565 -0.646449 1.488789
 105.600000 3.076052 -0.743952 6.989435
 105.800000 2.978927 -0.714227 0.199946
 106.000000 3.025039 -0.768985 4.190890
 106.200000 3.074715 -0.715831 5.951481
 106.400000 3.072829 -0.657477 6.419983
 106.600000 2.978445 -0.713350 0.180609
 106.800000 2.991980 -0.668382 0.753040
 107.000000 2.923428 -0.719573 1.181737
 107.200000 2.997162 -0.754082 2.018278
 107.400000 3.035740 -0.662278 3.001212
 107.600000 3.069265 -0.647558 6.501749
 107.800000 2.987105 -0.775667 3.206783
 108.000000 2.987019 -0.721605 0.474666
 108.200000 3.026758 -0.724382 2.126502
 108.400000 2.982999 -0.751825 1.568518
 108.600000 3.010253 -0.706301 0.966218
 108.800000 3.089293 -0.706266 7.503575
 109.000000 2.991732 -0.671831 0.650221
 109.200000 2.994111 -0.691215 0.389797
 109.400000 2.973764 -0.695987 0.024773
 109.600000 3.083682 -0.674515 7.079242
 109.800000 3.049075 -0.704237 3.381928
 110.000000 3.062827 -0.643154 6.097009
 110.200000 3.051525 -0.697344 3.567516
 110.400000 2.974569 -0.665469 0.561608
 110.600000 3.008667 -0.794099 5.470427
 110.800000 3.081544 -0.654864 7.489417
 111.000000 3.043092 -0.675939 3.136690
 111.200000 3.123111 -0.708823 12.233168
 111.400000 3.007602 -0.633305 2.923085
 111.600000 3.013282 -0.655190 1.990244
 111.800000 2.928541 -0.719618 0.972660
 112.000000 3.004027 -0.710730 0.762634
 112.200000 3.024995 -0.746479 2.846991
 112.400000 3.036160 -0.689236 2.426974
 112.600000 3.032604 -0.659131 2.908568
 112.800000 2.985817 -0.738846 1.004759
 113.000000 3.012070 -0.637962 2.823177
 113.200000 2.995183 -0.700288 0.397793
 113.400000 3.028342 -0.680888 2.026415
 113.600000 2.951555 -0.676854 0.346556
 113.800000 3.025593 -0.663696 2.305970
 114.000000 2.972993 -0.694782 0.023212
 114.200000 3.071108 -0.662506 6.047571
 114.400000 3.022147 -0.770209 4.114883
 114.600000 3.072777 -0.704541 5.608599
 114.800000 2.998050 -0.728793 0.950270
 115.000000 3.064521 -0.685847 4.824805
 115.200000 2.980515 -0.695157 0.094951
 115.400000 3.025676 -0.664407 2.286647
 115.600000 3.027250 -0.662158 2.458494
 115.800000 2.964730 -0.707542 0.046994
 116.000000 3.064226 -0.608714 8.718374
 116.200000 3.067741 -0.722123 5.356168
 116.400000 3.015177 -0.681876 1.289759
 116.600000 2.989609 -0.794276 4.876069
 116.800000 3.008063 -0.737926 1.632451
 117.000000 2.945408 -0.682137 0.362303
 117.200000 3.123886 -0.692447 12.313347
 117.400000 2.988520 -0.700094 0.232201
 117.600000 3.066747 -0.673308 5.276900
 117.800000 3.044876 -0.710870 3.108791
 118.000000 2.928279 -0.625751 3.371499
 118.200000 3.005366 -0.670059 1.127711
 118.400000 3.004021 -0.664153 1.260334
 118.600000 3.023894 -0.727310 2.040743
 118.800000 3.026551 -0.725380 2.140808
 119.000000 2.955807 -0.702902 0.074691
 119.200000 2.990520 -0.779314 3.570502
 119.400000 3.006720 -0.783012 4.388813
 119.600000 2.980269 -0.779287 3.380295
 119.800000 2.996329 -0.628656 2.841820
 120.000000 2.904964 -0.784829 5.686150
 120.200000 2.954301 -0.652947 1.102220
 120.400000 2.920708 -0.716873 1.249874
 120.600000 3.010135 -0.637552 2.762719
 120.800000 2.937184 -0.662727 1.073039
 121.000000 3.112828 -0.686938 10.686829
 121.200000 2.963043 -0.664191 0.584044
 121.400000 2.939876 -0.746129 1.521333
 121.600000 2.998563 -0.713867 0.620020
 121.800000 2.929447 -0.655771 1.604573
 122.000000 3.080035 -0.630342 8.679443
 122.200000 3.066188 -0.684300 5.008906
 122.400000 3.008775 -0.665949 1.387957
 122.600000 2.942436 -0.682882 0.419443
 122.800000 3.002169 -0.667952 1.071727
 123.000000 2.980241 -0.706180 0.119258
 123.200000 3.067567 -0.660524 5.758067
 123.400000 3.005733 -0.743797 1.790496
 123.600000 3.011247 -0.756658 2.688921
 123.800000 2.955795 -0.823294 7.896225
 124.000000 3.006062 -0.724960 1.120444
 124.200000 3.018221 -0.715329 1.456616
 124.400000 -3.134839 -0.673111 16.745369
 124.600000 2.950340 -0.695686 0.142771
 124.800000 2.964295 -0.720675 0.257919
 125.000000 2.925289 -0.698641 0.872526
 125.200000 3.027166 -0.721245 2.073515
 125.400000 3.031139 -0.690522 2.082021
 125.600000 3.019834 -0.744770 2.480131
 125.800000 2.975353 -0.719595 0.264724
 126.000000 3.060906 -0.702245 4.412057
 126.200000 2.983828 -0.691203 0.164590
 126.400000 2.953549 -0.678565 0.282687
 126.600000 3.109000 -0.682724 10.192172
 126.800000 2.974213 -0.654036 0.997811
 127.000000 3.035000 -0.719206 2.530004
 127.200000 3.012500 -0.676402 1.268482
 127.400000 3.004280 -0.715196 0.838281
 127.600000 3.073067 -0.685678 5.696314
 127.800000 3.061394 -0.680205 4.610203
 128.000000 2.986805 -0.726064 0.585027
 128.200000 2.975603 -0.639405 1.760900
 128.400000 3.004061 -0.689190 0.724525
 128.600000 3.045483 -0.694412 3.082005
 128.800000 3.011982 -0.721017 1.270885
 129.000000 3.036208 -0.671206 2.753214
 129.200000 3.043262 -0.661169 3.586549
 129.400000 2.926334 -0.736754 1.575141
 129.600000 3.006726 -0.641819 2.372267
 129.800000 2.984888 -0.733762 0.793673
 130.000000 3.003605 -0.787676 4.676910
 130.200000 3.055153 -0.672327 4.213134
 130.400000 3.013579 -0.794319 5.708045
 130.600000 3.071361 -0.622706 8.283888
 130.800000 3.013957 -0.704661 1.121016
 131.000000 3.013936 -0.645142 2.502629
 131.200000 2.917625 -0.731188 1.768242
 131.400000 3.061115 -0.757922 6.210639
 131.600000 3.035664 -0.735583 3.054574
 131.800000 3.089373 -0.786678 11.400485
 132.000000 2.983720 -0.692293 0.155830
 132.200000 2.940727 -0.713675 0.467504
 132.400000 3.009904 -0.702318 0.926572
 132.600000 3.067175 -0.717524 5.199562
 132.800000 3.029300 -0.669723 2.340466
 133.000000 3.000280 -0.693274 0.563590
 133.200000 2.929157 -0.705573 0.746003
 133.400000 2.965003 -0.671761 0.349809
 133.600000 2.991342 -0.726370 0.693502
 133.800000 3.016685 -0.693011 1.244446
 134.000000 3.003034 -0.721062 0.909969
 134.200000 3.000396 -0.723991 0.890011
 134.400000 3.031937 -0.698680 2.104688
 134.600000 2.996064 -0.704187 0.438955
 134.800000 3.029363 -0.751321 3.355352
 135.000000 3.019235 -0.721149 1.626050
 135.200000 3.079397 -0.721217 6.576267
 135.400000 2.937445 -0.682534 0.560166
 135.600000 3.092834 -0.618573 11.074417
 135.800000 3.031428 -0.651221 3.171958
 136.000000 2.961611 -0.711383 0.102645
 136.200000 2.978991 -0.722392 0.365452
 136.400000 2.986080 -0.804727 5.862109
 136.600000 3.091154 -0.718727 7.911803
 136.800000 3.028950 -0.683755 2.018570
 137.000000 3.025883 -0.717640 1.920389
 137.200000 2.889837 -0.726435 3.382213
 137.400000 2.922240 -0.696999 1.005030
 137.600000 3.062237 -0.696827 4.530161
 137.800000 2.998156 -0.641419 2.091669
 138.000000 2.959572 -0.739219 0.872130
 138.200000 3.057257 -0.712563 4.171944
 138.400000 2.983103 -0.741928 1.087726
 138.600000 2.969859 -0.715335 0.151891
 138.800000 3.041463 -0.735575 3.468885
 139.000000 3.035569 -0.695204 2.351011
 139.200000 3.062957 -0.659722 5.335843
 139.400000 2.927419 -0.649809 1.953220
 139.600000 2.963764 -0.647622 1.281064
 139.800000 2.999098 -0.683774 0.616306
 140.000000 3.064610 -0.607257 8.887141
 140.200000 2.973442 -0.732915 0.625288
 140.400000 3.033593 -0.687286 2.272128
 140.600000 3.086629 -0.727686 7.585114
 140.800000 3.088749 -0.678838 7.590258
 141.000000 3.034045 -0.717953 2.439981
 141.200000 3.009224 -0.640601 2.543791
 141.400000 3.011726 -0.583611 7.554977
 141.600000 3.036311 -0.598562 7.354995
 141.800000 3.035695 -0.639228 4.090238
 142.000000 3.013649 -0.752305 2.552663
 142.200000 3.101508 -0.639102 10.780365
 142.400000 3.076630 -0.764529 8.207167
 142.600000 3.041719 -0.823445 10.638709
 142.800000 3.039524 -0.772744 5.409034
 143.000000 3.072442 -0.803911 11.147342
 143.200000 3.068899 -0.660484 5.894300
 143.400000 3.063313 -0.650008 5.790285
 143.600000 3.050194 -0.592889 8.993715
 143.800000 3.025425 -0.669732 2.106529
 144.000000 3.099684 -0.616305 12.142396
 144.200000 3.089466 -0.686530 7.558989
 144.400000 -3.137749 -0.650257 17.055014
 144.600000 3.033787 -0.710139 2.298381
 144.800000 3.107662 -0.827758 18.286017
 145.000000 3.073775 -0.698884 5.694403
 145.200000 3.086002 -0.653401 8.074012
 145.400000 3.008064 -0.649953 2.001241
 145.600000 2.990361 -0.625330 2.921518
 145.800000 3.099616 -0.750112 10.136502
 146.000000 3.024551 -0.613721 5.215258
 146.200000 3.068916 -0.698213 5.187349
 146.400000 3.048366 -0.692509 3.321186
 146.600000 3.078253 -0.690322 6.212454
 146.800000 3.064068 -0.773934 7.578290
 147.000000 3.087001 -0.729293 7.678438
 147.200000 3.020738 -0.719934 1.678316
 147.400000 3.113476 -0.670152 11.110319
 147.600000 2.939674 -0.664148 0.952414
 147.800000 2.961008 -0.683746 0.121788
 148.000000 3.017511 -0.649358 2.462081
 148.200000 2.995358 -0.700319 0.402793
 148.400000 2.981071 -0.731342 0.649610
 148.600000 3.110419 -0.701165 10.280509
 148.800000 3.025091 -0.689205 1.723682
 149.000000 3.014361 -0.679119 1.299453
 149.200000 3.058556 -0.801661 9.544853
 149.400000 3.022719 -0.696826 1.549851
 149.600000 3.099124 -0.678985 8.903741
 149.800000 2.977725 -0.707029 0.096450
 150.000000 2.956083 -0.592239 5.666842
 150.200000 3.014310 -0.705432 1.142959
 150.400000 2.940790 -0.631793 2.545433
 150.600000 3.047733 -0.720469 3.503600
 150.800000 3.010922 -0.700141 0.963962
 151.000000 3.027435 -0.735265 2.512061
 151.200000 3.017136 -0.698521 1.253905
 151.400000 3.049613 -0.689184 3.447571
 151.600000 3.002770 -0.655999 1.525172
 151.800000 3.038799 -0.666532 3.072483
 152.000000 3.048699 -0.608640 7.336879
 152.200000 2.957017 -0.770539 2.671826
 152.400000 2.996433 -0.683772 0.534512
 152.600000 3.025034 -0.875542 17.417716
 152.800000 3.104125 -0.660730 10.092917
 153.000000 2.957075 -0.728416 0.508424
 153.200000 3.004970 -0.593527 6.189635
 153.400000 2.983748 -0.642939 1.662348
 153.600000 3.065933 -0.634046 6.941506
 153.800000 2.958267 -0.712572 0.142921
 154.000000 3.119102 -0.750459 12.927529
 154.200000 3.031745 -0.799401 7.219895
 154.400000 3.006282 -0.851455 12.523140
 154.600000 3.116174 -0.758898 12.963759
 154.800000 2.957574 -0.754337 1.624487
 155.000000 3.052352 -0.707815 3.684237
 155.200000 3.070978 -0.714741 5.537430
 155.400000 2.962717 -0.725960 0.396624
 155.600000 2.976857 -0.632418 2.207148
 155.800000 3.051289 -0.709607 3.613158
 156.000000 2.999281 -0.683831 0.621365
 156.200000 3.061501 -0.752093 5.915483
 156.400000 3.046673 -0.743879 4.215573
 156.600000 2.989866 -0.676468 0.494735
 156.800000 3.070959 -0.738749 6.222394
 157.000000 3.015279 -0.604255 5.568943
 157.200000 2.998489 -0.631294 2.727520
 157.400000 3.005517 -0.582623 7.410661
 157.600000 2.984835 -0.636595 2.051343
 157.800000 3.108732 -0.718360 10.240156
 158.000000 3.033298 -0.703111 2.206133
 158.200000 3.034319 -0.842098 12.625114
 158.400000 3.081328 -0.701711 6.535023
 158.600000 3.102023 -0.671251 9.468803
 158.800000 2.948676 -0.668864 0.597283
 159.000000 3.015074 -0.665968 1.669922
 159.200000 2.983169 -0.656914 0.979197
 159.400000 3.032575 -0.609679 6.058048
 159.600000 3.019368 -0.705396 1.394467
 159.800000 3.018861 -0.731440 1.896421
 160.000000 3.122905 -0.725003 12.504958
 160.200000 3.014380 -0.718427 1.325563
 160.400000 2.980924 -0.696539 0.097372
 160.600000 2.996305 -0.747864 1.664320
 160.800000 2.955270 -0.656170 0.949892
 161.000000 3.045301 -0.684323 3.156179
 161.200000 2.991674 -0.605147 4.626014
 161.400000 2.970126 -0.722378 0.298636
 161.600000 2.985138 -0.648510 1.394562
 161.800000 2.983532 -0.685481 0.215688
 162.000000 2.952755 -0.719572 0.332165
 162.200000 2.999991 -0.710154 0.614483
 162.400000 3.025777 -0.796157 6.528353
 162.600000 2.987880 -0.688564 0.262521
 162.800000 3.042147 -0.702076 2.826808
 163.000000 2.947398 -0.691958 0.212350
 163.200000 3.002619 -0.609430 4.566202
 163.400000 2.987877 -0.734486 0.877501
 163.600000 2.980533 -0.656305 0.965509
 163.800000 2.989861 -0.785749 4.098332
 164.000000 -3.112766 -0.695350 20.681431
 164.200000 3.020567 -0.848464 12.731389
 164.400000 2.979931 -0.712048 0.179663
 164.600000 3.072412 -0.711865 5.643819
 164.800000 3.008490 -0.651474 1.946703
 165.000000 2.939356 -0.546656 11.856220
 165.200000 3.002117 -0.643488 2.107500
 165.400000 2.981669 -0.670351 0.492612
 165.600000 2.997286 -0.729597 0.951840
 165.800000 3.034173 -0.687742 2.306052
 166.000000 3.080430 -0.755003 8.043594
 166.200000 2.997647 -0.753322 1.990783
 166.400000 3.092691 -0.747198 9.095311
 166.600000 3.007000 -0.701213 0.802354
 166.800000 3.054223 -0.674300 4.082648
 167.000000 2.824747 -0.728490 10.587259
 167.200000 3.043940 -0.641085 4.582433
 167.400000 2.924255 -0.669673 1.321084
 167.600000 3.039148 -0.721201 2.864473
 167.800000 2.959219 -0.751197 1.438690
 168.000000 3.127626 -0.748804 14.174614
 168.200000 3.032785 -0.752839 3.656369
 168.400000 2.964777 -0.724958 0.362426
 168.600000 2.975237 -0.741417 0.970237
 168.800000 2.949749 -0.671849 0.495217
 169.000000 2.968740 -0.612086 3.703382
 169.200000 3.059733 -0.614193 7.816943
 169.400000 2.974087 -0.691562 0.046265
 169.600000 2.975681 -0.647427 1.322666
 169.800000 2.998752 -0.680811 0.652226
 170.000000 3.061671 -0.734297 5.129600
 170.200000 2.942971 -0.675128 0.554707
 170.400000 3.030242 -0.796370 6.821333
 170.600000 2.938627 -0.666919 0.891302
 170.800000 3.022031 -0.693880 1.519948
 171.000000 2.939475 -0.630547 2.664315
 171.200000 3.011709 -0.634078 3.048209
 171.400000 2.951417 -0.665744 0.646841
 171.600000 2.968494 -0.654756 0.941774
 171.800000 3.011228 -0.676846 1.201976
 172.000000 3.051342 -0.641516 5.154384
 172.200000 2.930691 -0.633030 2.780438
 172.400000 3.058619 -0.603127 8.704531
 172.600000 2.945233 -0.661130 0.922764
 172.800000 2.988160 -0.654423 1.177843
 173.000000 3.009317 -0.733020 1.501464
 173.200000 3.014726 -0.734600 1.800999
 173.400000 2.885109 -0.764421 5.555100
 173.600000 3.022033 -0.734865 2.185716
 173.800000 2.947194 -0.792809 4.679193
 174.000000 3.012473 -0.660916 1.723686
 174.200000 2.970078 -0.767384 2.402519
 174.400000 2.968866 -0.669026 0.425188
 174.600000 2.941732 -0.707121 0.361141
 174.800000 2.973484 -0.709671 0.087214
 175.000000 2.930627 -0.661217 1.345006
 175.200000 3.016931 -0.725264 1.611629
 175.400000 3.057165 -0.599779 8.896081
 175.600000 2.941315 -0.708641 0.386616
 175.800000 2.969146 -0.703000 0.014025
 176.000000 2.946220 -0.702562 0.226970
 176.200000 3.031783 -0.736670 2.837129
 176.400000 2.991933 -0.617294 3.576747
 176.600000 3.019967 -0.664987 1.948888
 176.800000 2.991415 -0.581019 7.154243
 177.000000 2.951616 -0.709449 0.183299
 177.200000 3.030594 -0.719977 2.256916
 177.400000 3.062769 -0.667001 5.064718
 177.600000 3.052712 -0.696006 3.670392
 177.800000 3.003730 -0.711217 0.757947
 178.000000 3.042516 -0.723341 3.164563
 178.200000 2.971600 -0.615691 3.408509
 178.400000 3.038457 -0.668380 2.991381
 178.600000 3.021141 -0.666788 1.953618
 178.800000 2.977081 -0.692717 0.064871
 179.000000 2.981338 -0.711984 0.197889
 179.200000 2.981097 -0.706137 0.130567
 179.400000 3.027692 -0.775079 4.798574
 179.600000 2.984867 -0.669459 0.569620
 179.800000 3.067051 -0.640656 6.650867
 180.000000 2.900554 -0.723366 2.529900
 180.200000 3.037210 -0.628171 4.907725
 180.400000 2.901371 -0.690472 2.186847
 180.600000 3.067716 -0.671684 5.415588
 180.800000 2.975247 -0.749911 1.374070
 181.000000 3.037305 -0.692145 2.485123
 181.200000 2.930356 -0.748532 1.943672
 181.400000 2.997373 -0.732664 1.055673
 181.600000 2.932905 -0.775183 3.551679
 181.800000 3.062769 -0.730328 5.098439
 182.000000 3.024940 -0.670923 2.045203
 182.200000 2.945628 -0.693443 0.240655
 182.400000 2.962912 -0.634237 2.049868
 182.600000 3.009213 -0.772362 3.643506
 182.800000 2.907454 -0.639813 3.476942
 183.000000 2.969954 -0.767983 2.443811
 183.200000 2.961688 -0.723048 0.324850
 183.400000 3.024821 -0.691153 1.692554
 183.600000 3.124160 -0.678576 12.531489
 183.800000 3.011595 -0.715879 1.149206
 184.000000 3.081185 -0.800756 11.778196
 184.200000 3.045993 -0.691932 3.134440
 184.400000 3.019396 -0.634978 3.363689
 184.600000 3.023237 -0.690626 1.606138
 184.800000 3.032479 -0.604326 6.539595
 185.000000 3.034023 -0.664941 2.792808
 185.200000 3.026362 -0.624358 4.479612
 185.400000 3.020437 -0.664917 1.976187
 185.600000 3.128910 -0.666657 13.593033
 185.800000 2.963572 -0.659419 0.755421
 186.000000 -3.127476 -0.707131 17.834773
 186.200000 2.882311 -0.758468 5.411464
 186.400000 3.073809 -0.682364 5.822053
 186.600000 3.029117 -0.653251 2.932658
 186.800000 2.979405 -0.620512 3.088624
 187.000000 3.045378 -0.625831 5.680535
 187.200000 2.902584 -0.601058 6.790184
 187.400000 2.999251 -0.690680 0.545899
 187.600000 2.980985 -0.651842 1.168348
 187.800000 3.002482 -0.751412 2.046746
 188.000000 3.096807 -0.627520 10.910149
 188.200000 3.051904 -0.669275 4.015653
 188.400000 3.034051 -0.720834 2.501631
 188.600000 2.948299 -0.755733 1.834939
 188.800000 3.027316 -0.740264 2.703002
 189.000000 3.003338 -0.670251 1.046718
 189.200000 3.031846 -0.738236 2.902787
 189.400000 3.044604 -0.679362 3.182739
 189.600000 3.003380 -0.758150 2.460703
 189.800000 3.013543 -0.638322 2.868910
 190.000000 2.983899 -0.735788 0.850778
 190.200000 3.006707 -0.712950 0.895756
 190.400000 3.026715 -0.704989 1.802892
 190.600000 3.129107 -0.789348 17.289804
 190.800000 3.002454 -0.687674 0.681063
 191.000000 3.012050 -0.785548 4.832896
 191.200000 3.028289 -0.665781 2.397797
 191.400000 2.989864 -0.698726 0.260184
 191.600000 2.979858 -0.704625 0.102974
 191.800000 2.944103 -0.605888 4.517946
 192.000000 3.083504 -0.661223 7.460765
 192.200000 3.000757 -0.681625 0.703979
 192.400000 3.000445 -0.740145 1.439837
 192.600000 2.968951 -0.717830 0.195807
 192.800000 3.081830 -0.790604 10.861663
 193.000000 2.956261 -0.722937 0.365969
 193.200000 2.999464 -0.622788 3.363339
 193.400000 3.045287 -0.670240 3.448728
 193.600000 2.967061 -0.635628 1.953368
 193.800000 2.982364 -0.629851 2.448223
 194.000000 2.962407 -0.694181 0.018631
 194.200000 2.887436 -0.738094 3.968436
 194.400000 3.002030 -0.777837 3.787908
 194.600000 2.983270 -0.711289 0.217932
 194.800000 2.978907 -0.763338 2.196090
 195.000000 3.036674 -0.736827 3.171725
 195.200000 2.985904 -0.673315 0.485486
 195.400000 2.964045 -0.621171 2.965990
 195.600000 2.921522 -0.634569 3.056931
 195.800000 2.921965 -0.630611 3.296328
 196.000000 3.010828 -0.711291 1.044414
 196.200000 3.039966 -0.708413 2.710495
 196.400000 3.033206 -0.768086 4.634437
 196.600000 3.047593 -0.804863 8.938559
 196.800000 3.023189 -0.716495 1.743843
 197.000000 3.017170 -0.752780 2.748741
 197.200000 3.040017 -0.614416 6.165576
 197.400000 2.967168 -0.636564 1.895287
 197.600000 2.942212 -0.529813 14.474305
 197.800000 2.978819 -0.667399 0.541405
 198.000000 3.070199 -0.595287 10.607340
 198.200000 2.905386 -0.673652 2.201474
 198.400000 3.072782 -0.688155 5.638373
 198.600000 3.022820 -0.604694 5.919923
 198.800000 3.025837 -0.806867 7.639097
 199.000000 3.068980 -0.732643 5.789344
 199.200000 3.043753 -0.799110 8.039225
 199.400000 3.025376 -0.703522 1.714928
 199.600000 2.998950 -0.602635 5.068299
 199.800000 2.974376 -0.627375 2.530025
 200.000000 2.933062 -0.660496 1.286143
