#! FIELDS time phi psi restraint.bias
#! SET min_phi -pi
#! SET max_phi pi
#! SET min_psi -pi
#! SET max_psi pi
 0.000000 1.289333 0.048882 534.825403
 0.200000 2.010386 0.650170 4.678926
 0.400000 1.809648 0.645238 41.939403
 0.600000 1.924444 0.672704 14.764925
 0.800000 1.990068 0.687513 5.498457
 1.000000 2.060512 0.661362 1.250023
 1.200000 1.977861 0.694984 6.795013
 1.400000 2.156813 0.676753 2.176541
 1.600000 2.001631 0.654471 5.255683
 1.800000 2.033159 0.707045 1.914680
 2.000000 2.094376 0.716493 0.168564
 2.200000 1.991352 0.721943 5.592384
 2.400000 2.096862 0.754844 1.611180
 2.600000 2.127728 0.678654 0.745235
 2.800000 2.037538 0.558188 11.408426
 3.000000 2.152919 0.718618 1.922384
 3.200000 2.027216 0.664265 2.830006
 3.400000 2.055306 0.711307 0.850788
 3.600000 2.089475 0.903013 21.000188
 3.800000 2.102705 0.742010 0.997181
 4.000000 2.075316 0.710100 0.253624
 4.200000 2.078700 0.687734 0.177223
 4.400000 2.079214 0.531375 14.019101
 4.600000 2.111621 0.700340 0.150813
 4.800000 2.084229 0.647932 1.311666
 5.000000 2.094388 0.717253 0.182804
 5.200000 2.079051 0.648838 1.332679
 5.400000 2.029186 0.750505 3.497602
 5.600000 2.031706 0.655467 2.875113
 5.800000 2.146132 0.766496 3.675141
 6.000000 2.023595 0.701623 2.512401
 6.200000 2.102549 0.737392 0.803941
 6.400000 1.949848 0.771730 13.155273
 6.600000 2.012435 0.634362 5.392051
 6.800000 2.066782 0.676330 0.618909
 7.000000 2.021895 0.641070 4.256108
 7.200000 1.922290 0.584463 21.270387
 7.400000 2.092616 0.614819 3.472075
 7.600000 2.010923 0.645088 4.890650
 7.800000 2.059152 0.673157 0.932886
 8.000000 2.003980 0.675158 4.351306
 8.200000 2.129524 0.673901 0.910581
 8.400000 2.084926 0.713036 0.155898
 8.600000 2.100708 0.666790 0.511076
 8.800000 2.080937 0.658980 0.856966
 9.000000 2.107775 0.701102 0.093918
 9.200000 2.181472 0.704320 3.810303
 9.400000 2.027849 0.735186 2.900671
 9.600000 2.097049 0.661779 0.664278
 9.800000 2.027008 0.684736 2.360230
 10.000000 2.141884 0.690379 1.157653
 10.200000 2.060373 0.617440 3.834300
 10.400000 2.025220 0.773487 5.231857
 10.600000 2.054373 0.751387 2.218920
 10.800000 1.977802 0.807632 12.792139
 11.000000 2.077581 0.745797 1.277363
 11.200000 1.993054 0.701241 5.139836
 11.400000 2.062442 0.628633 2.925565
 11.600000 2.116860 0.550607 11.134063
 11.800000 2.043189 0.551479 12.064586
 12.000000 2.106832 0.636917 1.950936
 12.200000 2.085176 0.638865 1.798773
 12.400000 1.968265 0.699556 7.955404
 12.600000 2.008782 0.656677 4.524026
 12.800000 2.015395 0.740258 4.007848
 13.000000 1.988419 0.661425 6.289102
 13.200000 2.169121 0.649940 3.953247
 13.400000 1.986419 0.629602 8.177632
 13.600000 2.160460 0.618174 5.378912
 13.800000 1.995720 0.710583 4.945907
 14.000000 1.970874 0.714149 7.756986
 14.200000 2.043936 0.744553 2.350569
 14.400000 2.072515 0.658591 1.021109
 14.600000 2.041612 0.632303 3.559723
 14.800000 2.109145 0.608206 4.152137
 15.000000 1.997454 0.637741 6.522322
 15.200000 2.075520 0.628064 2.632892
 15.400000 1.968944 0.684902 7.956457
 15.600000 2.030126 0.710281 2.139070
 15.800000 2.085928 0.742533 1.021590
 16.000000 1.958062 0.638947 11.044747
 16.200000 2.181861 0.650144 4.976561
 16.400000 2.080929 0.592857 5.632092
 16.600000 2.049789 0.668783 1.425515
 16.800000 2.059414 0.691093 0.636600
 17.000000 2.013713 0.673218 3.565155
 17.200000 2.028408 0.700128 2.179173
 17.400000 2.112716 0.741824 1.122337
 17.600000 2.074648 0.642792 1.726237
 17.800000 2.142422 0.694426 1.160149
 18.000000 2.128681 0.677238 0.806034
 18.200000 1.971637 0.688402 7.582077
 18.400000 2.066862 0.794749 5.046519
 18.600000 2.112698 0.722341 0.460545
 18.800000 1.998666 0.788951 8.706095
 19.000000 2.088833 0.757865 1.799474
 19.200000 2.023161 0.751611 3.967141
 19.400000 1.978805 0.687505 6.737000
 19.600000 2.140294 0.708497 1.107076
 19.800000 2.034577 0.609207 5.742910
 20.000000 2.031098 0.651216 3.103793
 20.200000 2.063870 0.690622 0.494078
 20.400000 2.146543 0.653767 2.343797
 20.600000 2.012695 0.755537 4.985166
 20.800000 2.160731 0.652575 3.237969
 21.000000 2.026488 0.734888 2.981183
 21.200000 1.974019 0.642509 8.792119
 21.400000 2.007507 0.742867 4.775421
 21.600000 1.978046 0.722736 7.071238
 21.800000 2.166557 0.693520 2.614329
 22.000000 2.016037 0.675889 3.317357
 22.200000 2.130374 0.684124 0.745358
 22.400000 2.059799 0.726878 1.011600
 22.600000 2.099485 0.665928 0.531501
 22.800000 2.048894 0.765431 3.299785
 23.000000 2.043155 0.698112 1.312766
 23.200000 2.060779 0.717350 0.749671
 23.400000 2.029115 0.657641 2.950504
 23.600000 2.089125 0.667142 0.494073
 23.800000 2.032880 0.737553 2.669098
 24.000000 2.153928 0.687108 1.832847
 24.200000 2.050939 0.740631 1.847303
 24.400000 2.072026 0.759616 2.140325
 24.600000 2.081330 0.745340 1.199662
 24.800000 1.912263 0.730611 17.113437
 25.000000 2.143618 0.723944 1.544587
 25.200000 1.959660 0.716483 9.245153
 25.400000 2.033813 0.726555 2.239065
 25.600000 2.156720 0.678274 2.139368
 25.800000 1.992170 0.673586 5.526191
 26.000000 2.116049 0.657527 1.058835
 26.200000 2.079006 0.783597 3.770557
 26.400000 2.008949 0.668123 4.100817
 26.600000 1.966377 0.646912 9.506065
 26.800000 1.962157 0.688014 8.794593
 27.000000 2.029862 0.584479 8.540693
 27.200000 2.114345 0.667770 0.659919
 27.400000 2.061304 0.669741 0.950531
 27.600000 2.098572 0.685927 0.083207
 27.800000 2.067305 0.686295 0.437000
 28.000000 2.055364 0.667190 1.240407
 28.200000 2.141661 0.611995 4.826823
 28.400000 2.067181 0.715084 0.513996
 28.600000 2.069117 0.676018 0.563992
 28.800000 2.061721 0.778435 3.758136
 29.000000 2.041845 0.637413 3.224154
 29.200000 2.082847 0.641566 1.666541
 29.400000 2.100746 0.738400 0.830958
 29.600000 2.126956 0.646166 1.880312
 29.800000 2.064105 0.758049 2.253803
 30.000000 1.994505 0.725807 5.372015
 30.200000 2.078202 0.700146 0.133145
 30.400000 2.092373 0.770058 2.588760
 30.600000 2.068891 0.716072 0.486166
 30.800000 2.090336 0.652365 1.055553
 31.000000 2.084965 0.679519 0.217690
 31.200000 2.058964 0.685821 0.703437
 31.400000 2.070085 0.610126 4.167982
 31.600000 2.009186 0.612879 7.264361
 31.800000 2.040245 0.641348 3.078292
 32.000000 1.980313 0.730382 7.027416
 32.200000 1.977560 0.731959 7.397372
 32.400000 2.019192 0.711733 2.920220
 32.600000 2.015533 0.690803 3.136502
 32.800000 2.047529 0.612587 4.757152
 33.000000 2.106707 0.732855 0.678632
 33.200000 2.052357 0.726625 1.289517
 33.400000 2.023172 0.647611 3.812568
 33.600000 2.097319 0.732747 0.603367
 33.800000 1.987547 0.693074 5.721095
 34.000000 2.125756 0.682125 0.619851
 34.200000 1.966109 0.708308 8.280489
 34.400000 2.140161 0.661486 1.718700
 34.600000 2.168805 0.613569 6.343878
 34.800000 2.059271 0.709828 0.685250
 35.000000 2.086444 0.643132 1.544091
 35.200000 2.100234 0.646485 1.350726
 35.400000 1.990352 0.706567 5.448041
 35.600000 2.032158 0.759346 3.810362
 35.800000 2.017533 0.794612 7.608125
 36.000000 2.069465 0.723201 0.624994
 36.200000 2.173945 0.777025 6.276110
 36.400000 2.002036 0.667905 4.721884
 36.600000 2.095902 0.732336 0.586089
 36.800000 2.022475 0.647814 3.852192
 37.000000 2.010237 0.707372 3.584003
 37.200000 2.192865 0.697094 4.848653
 37.400000 2.061664 0.679112 0.716531
 37.600000 2.092841 0.658404 0.790358
 37.800000 2.108453 0.658076 0.901030
 38.000000 2.000955 0.693627 4.375668
 38.200000 2.056461 0.700767 0.722962
 38.400000 2.101323 0.713083 0.135768
 38.600000 1.923409 0.665398 15.153868
 38.800000 2.138460 0.745438 2.089805
 39.000000 2.101937 0.607470 4.138242
 39.200000 2.136992 0.693474 0.918106
 39.400000 2.215436 0.646519 8.657349
 39.600000 2.041023 0.652326 2.473367
 39.800000 2.074552 0.762900 2.294322
 40.000000 2.038071 0.659642 2.326941
 40.200000 2.027672 0.766941 4.593324
 40.400000 2.065480 0.716187 0.581041
 40.600000 2.056816 0.689349 0.744659
 40.800000 2.088006 0.729605 0.515704
 41.000000 2.209163 0.772983 9.387166
 41.200000 2.003969 0.626914 6.624453
 41.400000 2.080914 0.678704 0.279594
 41.600000 2.043699 0.722907 1.591922
 41.800000 2.019410 0.613735 6.372794
 42.000000 2.092696 0.663674 0.595122
 42.200000 2.092924 0.711870 0.095454
 42.400000 2.043378 0.569870 9.526906
 42.600000 2.020306 0.691015 2.769934
 42.800000 2.050058 0.660340 1.697000
 43.000000 2.025836 0.739233 3.194796
 43.200000 2.071858 0.731452 0.809092
 43.400000 2.073079 0.726901 0.641031
 43.600000 2.120522 0.668458 0.781556
 43.800000 2.153776 0.725813 2.146198
 44.000000 2.092248 0.627837 2.472973
 44.200000 2.088737 0.643834 1.490148
 44.400000 2.038747 0.677469 1.761839
 44.600000 2.057904 0.682725 0.784474
 44.800000 2.005099 0.699870 3.988433
 45.000000 2.107439 0.751949 1.533204
 45.200000 2.018929 0.634475 4.873683
 45.400000 2.091234 0.634162 2.051037
 45.600000 2.046871 0.684313 1.224738
 45.800000 2.046336 0.645821 2.523055
 46.000000 2.109108 0.747794 1.341391
 46.200000 2.055312 0.784987 4.535659
 46.400000 1.992758 0.699579 5.166084
 46.600000 2.134901 0.714952 0.961817
 46.800000 2.062879 0.654966 1.428291
 47.000000 2.042432 0.631787 3.550897
 47.200000 2.102915 0.796496 4.874060
 47.400000 2.081769 0.700593 0.082735
 47.600000 2.145795 0.774040 4.201969
 47.800000 2.099176 0.691448 0.033762
 48.000000 2.054310 0.624047 3.547716
 48.200000 2.014649 0.684967 3.266379
 48.400000 2.074616 0.703757 0.211428
 48.600000 1.992752 0.676086 5.408637
 48.800000 2.041776 0.753079 2.893987
 49.000000 2.035591 0.705712 1.757669
 49.200000 2.040798 0.714626 1.572328
 49.400000 2.053637 0.550079 11.790474
 49.600000 2.125518 0.748649 1.760309
 49.800000 2.035393 0.588800 7.717343
 50.000000 2.044579 0.637426 3.083371
 50.200000 2.130048 0.663236 1.244426
 50.400000 2.036589 0.624192 4.404312
 50.600000 2.017123 0.632250 5.155687
 50.800000 2.062253 0.685271 0.599252
 51.000000 2.031083 0.662193 2.650041
 51.200000 2.155390 0.667253 2.336919
 51.400000 2.079363 0.761728 2.135208
 51.600000 2.035750 0.713894 1.843884
 51.800000 2.048136 0.828343 9.547490
 52.000000 2.045010 0.672669 1.543623
 52.200000 1.991688 0.658590 6.056185
 52.400000 2.046228 0.633938 3.220442
 52.600000 2.034720 0.659723 2.518199
 52.800000 1.957672 0.557392 19.250476
 53.000000 2.107098 0.654645 1.026247
 53.200000 1.975951 0.699519 7.015465
 53.400000 1.978229 0.781621 10.232544
 53.600000 2.092522 0.677074 0.223478
 53.800000 2.020111 0.710600 2.836799
 54.000000 2.012538 0.695308 3.354302
 54.200000 2.113357 0.712437 0.282100
 54.400000 2.011432 0.749772 4.774838
 54.600000 2.133030 0.703062 0.758494
 54.800000 2.049729 0.671993 1.339149
 55.000000 2.027348 0.623540 5.029615
 55.200000 2.050796 0.636651 2.840384
 55.400000 2.051438 0.662127 1.570824
 55.600000 2.043872 0.596180 6.473379
 55.800000 2.090863 0.672345 0.338708
 56.000000 2.052664 0.722449 1.166396
 56.200000 2.016139 0.692703 3.076710
 56.400000 2.079618 0.728758 0.578149
 56.600000 2.165192 0.674090 2.795073
 56.800000 1.999571 0.612904 8.127739
 57.000000 2.049695 0.583914 7.521910
 57.200000 2.005605 0.666954 4.427896
 57.400000 2.020596 0.587410 8.852824
 57.600000 2.053633 0.660832 1.526406
 57.800000 2.100953 0.694515 0.028042
 58.000000 2.058603 0.747193 1.844045
 58.200000 2.076579 0.720075 0.399448
 58.400000 2.093148 0.731016 0.541450
 58.600000 2.122689 0.609953 4.288055
 58.800000 2.040817 0.746906 2.624787
 59.000000 1.972404 0.606596 11.630280
 59.200000 2.097233 0.767619 2.418260
 59.400000 2.061440 0.771143 3.208393
 59.600000 2.101519 0.685294 0.107775
 59.800000 2.079950 0.677716 0.312726
 60.000000 2.072341 0.688533 0.289252
 60.200000 2.057606 0.551972 11.358107
 60.400000 2.110618 0.704074 0.149250
 60.600000 2.025556 0.692112 2.387522
 60.800000 2.082155 0.761557 2.086317
 61.000000 1.983840 0.730908 6.648304
 61.200000 2.030686 0.751397 3.447969
 61.400000 2.096765 0.706713 0.039630
 61.600000 2.089230 0.715265 0.160107
 61.800000 2.104179 0.658430 0.835968
 62.000000 2.072794 0.687423 0.290651
 62.200000 2.042934 0.732876 1.927692
 62.400000 2.147396 0.744025 2.457623
 62.600000 1.942116 0.642548 13.139283
 62.800000 1.978240 0.719074 6.965307
 63.000000 2.078778 0.765228 2.372923
 63.200000 1.954367 0.690732 9.831274
 63.400000 2.112491 0.659110 0.925067
 63.600000 2.102250 0.595668 5.280299
 63.800000 1.942537 0.659591 12.273193
 64.000000 2.095229 0.642128 1.568542
 64.200000 2.052870 0.645652 2.239216
 64.400000 1.957276 0.631359 11.630168
 64.600000 2.031190 0.730521 2.521975
 64.800000 1.975557 0.739179 7.903697
 65.000000 2.098559 0.677580 0.219849
 65.200000 2.125462 0.643289 1.986441
 65.400000 2.030944 0.595859 7.242819
 65.600000 2.065142 0.598557 5.385389
 65.800000 2.107616 0.606785 4.259499
 66.000000 2.116071 0.632969 2.358028
 66.200000 2.121215 0.711336 0.446833
 66.400000 2.021924 0.787360 6.606914
 66.600000 2.085298 0.764861 2.267774
 66.800000 2.022714 0.749051 3.865513
 67.000000 2.114926 0.749218 1.515636
 67.200000 1.995444 0.654522 5.846629
 67.400000 2.068721 0.615869 3.713140
 67.600000 2.120830 0.672128 0.687491
 67.800000 2.027006 0.714969 2.412399
 68.000000 2.106268 0.691207 0.094459
 68.200000 2.073821 0.735824 0.922024
 68.400000 2.015989 0.730704 3.604236
 68.600000 2.016122 0.651669 4.142745
 68.800000 2.044712 0.730415 1.755299
 69.000000 2.097598 0.621195 2.964791
 69.200000 2.070605 0.706261 0.316021
 69.400000 2.075165 0.582892 6.825042
 69.600000 2.056490 0.698047 0.718408
 69.800000 1.975488 0.699246 7.070011
 70.000000 2.041602 0.628322 3.830244
 70.200000 2.057159 0.665978 1.210182
 70.400000 2.010829 0.623439 6.281179
 70.600000 2.018810 0.670224 3.245984
 70.800000 2.114104 0.565121 9.040108
 71.000000 2.094580 0.632784 2.135182
 71.200000 2.081647 0.640435 1.745707
 71.400000 1.990999 0.739328 6.193918
 71.600000 2.012004 0.722980 3.702821
 71.800000 2.070243 0.715758 0.447004
 72.000000 2.018881 0.742910 3.853692
 72.200000 2.073337 0.655153 1.145328
 72.400000 2.121265 0.734165 1.010188
 72.600000 2.108322 0.641538 1.698423
 72.800000 2.125867 0.706812 0.532920
 73.000000 2.040456 0.701195 1.459391
 73.200000 2.072615 0.728613 0.701727
 73.400000 2.050201 0.688467 1.023261
 73.600000 2.009663 0.706793 3.627230
 73.800000 2.011402 0.742479 4.427299
 74.000000 2.026263 0.579914 9.308721
 74.200000 2.177855 0.646570 4.812077
 74.400000 2.091426 0.623330 2.802049
 74.600000 2.107857 0.677700 0.299328
 74.800000 2.018761 0.757405 4.616925
 75.000000 2.042430 0.688364 1.397870
 75.200000 2.035431 0.752808 3.233127
 75.400000 2.053797 0.727458 1.254097
 75.600000 2.035376 0.749263 3.048797
 75.800000 2.037893 0.653415 2.596030
 76.000000 2.020238 0.694575 2.755949
 76.200000 2.006395 0.704750 3.893878
 76.400000 2.052138 0.717601 1.082343
 76.600000 1.997147 0.670866 5.100345
 76.800000 2.012977 0.721958 3.598268
 77.000000 2.068307 0.738756 1.165455
 77.200000 2.009785 0.693557 3.589907
 77.400000 2.007270 0.706821 3.833179
 77.600000 2.122016 0.688720 0.425745
 77.800000 2.026254 0.617449 5.576526
 78.000000 2.153857 0.671093 2.133438
 78.200000 2.107719 0.625726 2.710045
 78.400000 2.034297 0.556821 11.790317
 78.600000 2.058282 0.790177 4.888268
 78.800000 1.915755 0.723850 16.286924
 79.000000 1.932366 0.709552 13.191933
 79.200000 2.033650 0.676644 2.075856
 79.400000 2.045008 0.603061 5.738770
 79.600000 2.067866 0.547504 11.696310
 79.800000 2.147714 0.601499 6.090404
 80.000000 2.013376 0.682707 3.400985
 80.200000 2.072472 0.697036 0.240905
 80.400000 2.006026 0.785282 7.702094
 80.600000 1.906986 0.636817 19.440786
 80.800000 2.023126 0.682505 2.661725
 81.000000 2.080303 0.634398 2.130291
 81.200000 2.075544 0.629657 2.522095
 81.400000 2.064279 0.614778 3.927383
 81.600000 2.024609 0.590086 8.271964
 81.800000 2.074337 0.732467 0.790594
 82.000000 2.108911 0.726914 0.519561
 82.200000 2.062772 0.789203 4.647022
 82.400000 2.078423 0.659121 0.888473
 82.600000 1.993499 0.681614 5.226443
 82.800000 2.074934 0.684331 0.284593
 83.000000 2.083751 0.676514 0.290309
 83.200000 2.010116 0.636846 5.429487
 83.400000 2.045647 0.708135 1.238222
 83.600000 2.102293 0.798551 5.073195
 83.800000 2.055826 0.646314 2.086313
 84.000000 2.044098 0.717608 1.454584
 84.200000 2.031178 0.591477 7.685791
 84.400000 2.084680 0.654254 1.009835
 84.600000 2.082456 0.659696 0.809938
 84.800000 2.005086 0.647514 5.269130
 85.000000 1.991048 0.714108 5.467914
 85.200000 2.088366 0.651427 1.108856
 85.400000 2.003973 0.720446 4.337036
 85.600000 2.004415 0.648258 5.291940
 85.800000 1.963488 0.607386 12.685733
 86.000000 2.056504 0.686956 0.780335
 86.200000 2.084387 0.626832 2.591890
 86.400000 2.000272 0.732930 5.035009
 86.600000 2.135999 0.721788 1.145242
 86.800000 1.982562 0.746897 7.442405
 87.000000 2.020783 0.694730 2.715125
 87.200000 2.026557 0.707664 2.346465
 87.400000 1.989882 0.630466 7.750752
 87.600000 2.079156 0.630537 2.400633
 87.800000 2.172954 0.668964 3.511120
 88.000000 1.994702 0.650358 6.110561
 88.200000 2.003923 0.749410 5.407338
 88.400000 2.080508 0.699632 0.097555
 88.600000 1.994842 0.726501 5.357847
 88.800000 2.144360 0.717624 1.438230
 89.000000 2.087071 0.640109 1.710127
 89.200000 2.053483 0.663053 1.452174
 89.400000 2.165559 0.659721 3.269847
 89.600000 2.009114 0.668343 4.080133
 89.800000 1.991154 0.722699 5.631125
 90.000000 2.097939 0.646596 1.334221
 90.200000 1.988119 0.626870 8.186451
 90.400000 2.036180 0.698603 1.694602
 90.600000 2.076177 0.634910 2.164451
 90.800000 2.063972 0.611094 4.250550
 91.000000 2.128011 0.675080 0.830716
 91.200000 2.141856 0.787918 5.157032
 91.400000 2.078610 0.732844 0.727037
 91.600000 2.089721 0.753577 1.548020
 91.800000 2.069408 0.761228 2.302764
 92.000000 2.046880 0.668329 1.572963
 92.200000 1.956318 0.632169 11.708186
 92.400000 2.086936 0.618762 3.177574
 92.600000 2.056727 0.626512 3.274103
 92.800000 2.045353 0.632675 3.344856
 93.000000 2.142839 0.671541 1.526930
 93.200000 1.965670 0.667816 8.744645
 93.400000 2.126019 0.739916 1.372991
 93.600000 2.110822 0.789551 4.313694
 93.800000 1.956049 0.689925 9.603540
 94.000000 2.049778 0.710757 1.075041
 94.200000 2.119984 0.642830 1.856511
 94.400000 1.960607 0.676634 9.180658
 94.600000 2.121415 0.763835 2.523511
 94.800000 2.073740 0.765710 2.496741
 95.000000 1.952348 0.712772 10.195902
 95.200000 2.115872 0.701055 0.234909
 95.400000 2.033788 0.773539 4.679746
 95.600000 2.023690 0.719813 2.734665
 95.800000 2.062600 0.662757 1.131121
 96.000000 2.066711 0.588187 6.427062
 96.200000 2.094050 0.641398 1.609439
 96.400000 2.123474 0.753431 1.951796
 96.600000 2.040472 0.649374 2.642492
 96.800000 2.039353 0.681943 1.645836
 97.000000 1.973667 0.653231 8.295726
 97.200000 2.073538 0.681943 0.348551
 97.400000 2.104089 0.635180 2.028457
 97.600000 2.116869 0.670071 0.646228
 97.800000 2.079428 0.625668 2.737539
 98.000000 2.088866 0.645355 1.407996
 98.200000 2.047591 0.685843 1.170825
 98.400000 2.063428 0.710093 0.551035
 98.600000 2.018098 0.629105 5.292939
 98.800000 1.985567 0.660325 6.636448
 99.000000 2.050188 0.740108 1.858131
 99.200000 2.052637 0.703412 0.885804
 99.400000 2.094740 0.664406 0.568756
 99.600000 2.012189 0.732593 3.972692
 99.800000 2.093162 0.697181 0.001212
 100.000000 2.087137 0.688309 0.074582
 100.200000 2.062116 0.650286 1.665568
 100.400000 2.069429 0.667648 0.776306
 100.600000 2.004927 0.678432 4.196303
 100.800000 2.086261 0.654115 1.001810
 101.000000 2.092487 0.629382 2.365109
 101.200000 2.177024 0.646166 4.764022
 101.400000 2.038930 0.724697 1.891050
 101.600000 2.051015 0.696115 0.942935
 101.800000 2.015005 0.763018 5.256506
 102.000000 2.061450 0.668890 0.970222
 102.200000 2.039096 0.708130 1.578953
 102.400000 2.063035 0.686151 0.563500
 102.600000 2.090796 0.745677 1.136741
 102.800000 2.091656 0.618801 3.150404
 103.000000 2.133651 0.708290 0.822101
 103.200000 2.125230 0.689614 0.511676
 103.400000 2.067037 0.668090 0.825498
 103.600000 2.067618 0.587683 6.457984
 103.800000 2.087331 0.655423 0.936961
 104.000000 2.102914 0.577934 7.260028
 104.200000 2.072105 0.638022 2.055034
 104.400000 2.087522 0.699813 0.025033
 104.600000 2.109575 0.707196 0.156302
 104.800000 2.051043 0.811708 7.389502
 105.000000 2.068515 0.702743 0.345516
 105.200000 1.977847 0.769254 9.320938
 105.400000 2.067998 0.691425 0.370886
 105.600000 2.076666 0.716122 0.318989
 105.800000 2.045211 0.674997 1.477151
 106.000000 2.096401 0.685257 0.084892
 106.200000 1.982067 0.705397 6.335194
 106.400000 2.086235 0.672643 0.358122
 106.600000 2.067883 0.831103 9.192171
 106.800000 2.036017 0.745783 2.839372
 107.000000 2.029317 0.704375 2.137040
 107.200000 2.167727 0.667644 3.153556
 107.400000 2.053713 0.720090 1.068621
 107.600000 2.114725 0.661432 0.880106
 107.800000 2.177029 0.674899 3.684067
 108.000000 1.974392 0.719458 7.427745
 108.200000 2.017384 0.803700 8.537680
 108.400000 2.078893 0.770501 2.738849
 108.600000 2.023789 0.745401 3.609785
 108.800000 2.115002 0.617062 3.498482
 109.000000 2.188553 0.651595 5.515696
 109.200000 2.038988 0.670330 1.921417
 109.400000 2.108390 0.686386 0.166907
 109.600000 2.127866 0.710255 0.633639
 109.800000 2.032744 0.731580 2.459828
 110.000000 2.126392 0.719493 0.740051
 110.200000 2.062671 0.773340 3.331341
 110.400000 2.015582 0.648437 4.340526
 110.600000 2.101017 0.629820 2.355175
 110.800000 2.108093 0.644141 1.551284
 111.000000 2.096659 0.590160 5.831527
 111.200000 2.120197 0.723492 0.654441
 111.400000 2.136002 0.695635 0.868666
 111.600000 2.032090 0.790900 6.243947
 111.800000 2.041486 0.749350 2.711334
 112.000000 2.145494 0.700681 1.308798
 112.200000 2.072789 0.684577 0.325280
 112.400000 2.161357 0.662749 2.867931
 112.600000 2.094089 0.679449 0.174568
 112.800000 2.077274 0.605527 4.434363
 113.000000 2.129959 0.677763 0.839850
 113.200000 2.097529 0.777559 3.159287
 113.400000 2.036082 0.694386 1.707230
 113.600000 1.980620 0.703982 6.489487
 113.800000 2.055393 0.636133 2.682481
 114.000000 2.039402 0.609331 5.454923
 114.200000 2.181644 0.623612 6.582827
 114.400000 2.115973 0.708968 0.291523
 114.600000 2.064187 0.656275 1.332271
 114.800000 2.147703 0.660573 2.126196
 115.000000 2.044562 0.748332 2.501708
 115.200000 2.000617 0.726400 4.796681
 115.400000 2.129341 0.746643 1.787298
 115.600000 2.073369 0.687141 0.281451
 115.800000 2.014237 0.616417 6.551373
 116.000000 2.046954 0.633078 3.241345
 116.200000 1.964445 0.678470 8.636794
 116.400000 2.028794 0.768103 4.599724
 116.600000 1.994025 0.787363 9.018220
 116.800000 2.017747 0.699834 2.938950
 117.000000 2.051112 0.684482 1.029875
 117.200000 2.109108 0.629732 2.447526
 117.400000 2.027302 0.608656 6.253742
 117.600000 2.146556 0.645229 2.759749
 117.800000 2.132654 0.751942 2.179638
 118.000000 2.003812 0.656236 4.980241
 118.200000 2.060832 0.581751 7.335492
 118.400000 2.114500 0.689210 0.241892
 118.600000 1.959282 0.637856 10.944402
 118.800000 1.925064 0.704484 14.356692
 119.000000 1.984662 0.688521 6.066900
 119.200000 1.974889 0.506945 25.417119
 119.400000 2.100960 0.683631 0.126694
 119.600000 2.157786 0.616125 5.371768
 119.800000 2.022639 0.704089 2.592180
 120.000000 2.073284 0.662475 0.858554
 120.200000 2.064230 0.783051 4.060633
 120.400000 2.012659 0.640196 5.018690
 120.600000 1.983084 0.630137 8.506766
 120.800000 2.016546 0.695467 3.033779
 121.000000 2.063074 0.627972 2.951718
 121.200000 2.044663 0.706250 1.269618
 121.400000 2.143772 0.653608 2.210198
 121.600000 2.038949 0.740208 2.422337
 121.800000 1.957397 0.620884 12.367771
 122.000000 2.105256 0.759744 1.957006
 122.200000 2.102064 0.611448 3.786450
 122.400000 1.949912 0.653944 11.413929
 122.600000 2.171029 0.713009 3.047023
 122.800000 2.106851 0.657749 0.892978
 123.000000 2.127234 0.639817 2.239493
 123.200000 2.078700 0.689716 0.158584
 123.400000 2.065990 0.658624 1.183838
 123.600000 2.049738 0.691378 1.019950
 123.800000 2.192056 0.674498 5.048082
 124.000000 2.092759 0.627365 2.505332
 124.200000 2.024299 0.735581 3.157982
 124.400000 2.126800 0.639725 2.230735
 124.600000 2.062165 0.657334 1.351648
 124.800000 2.028863 0.649727 3.318759
 125.000000 2.017481 0.558007 12.775326
 125.200000 2.066203 0.732504 0.988141
 125.400000 2.023530 0.664759 3.067809
 125.600000 2.103553 0.724583 0.391760
 125.800000 2.047196 0.768313 3.576555
 126.000000 2.063817 0.656485 1.334726
 126.200000 2.092441 0.704421 0.021689
 126.400000 2.088994 0.605901 4.267813
 126.600000 2.053657 0.644659 2.259465
 126.800000 2.035839 0.656557 2.578592
 127.000000 2.087287 0.706314 0.058738
 127.200000 2.047511 0.706149 1.131200
 127.400000 1.967867 0.690566 8.033339
 127.600000 2.087299 0.709068 0.084978
 127.800000 1.997863 0.622733 7.501740
 128.000000 1.937073 0.679522 12.548300
 128.200000 2.053870 0.647393 2.108318
 128.400000 2.008465 0.626665 6.245699
 128.600000 2.073851 0.658682 0.989164
 128.800000 2.094082 0.720180 0.243111
 129.000000 1.989242 0.681862 5.660928
 129.200000 2.047355 0.736303 1.834928
 129.400000 2.056263 0.742092 1.693267
 129.600000 2.153399 0.653647 2.730143
 129.800000 2.153869 0.729938 2.274419
 130.000000 2.043003 0.657142 2.160681
 130.200000 2.193205 0.684368 4.976451
 130.400000 1.969308 0.661797 8.483542
 130.600000 2.145703 0.722070 1.602793
 130.800000 2.103054 0.712777 0.144731
 131.000000 2.013019 0.669888 3.709915
 131.200000 2.135043 0.624730 3.520005
 131.400000 2.087076 0.775739 3.038245
 131.600000 2.034813 0.696355 1.776611
 131.800000 2.091621 0.682924 0.119482
 132.000000 2.119572 0.794270 4.938238
 132.200000 2.125970 0.673554 0.800531
 132.400000 2.105671 0.693014 0.076673
 132.600000 2.086271 0.594610 5.391373
 132.800000 2.034994 0.698133 1.764217
 133.000000 2.007383 0.706503 3.820597
 133.200000 2.036689 0.731389 2.218042
 133.400000 1.969187 0.745112 8.942079
 133.600000 2.111369 0.692727 0.158659
 133.800000 2.103045 0.748782 1.320158
 134.000000 2.082274 0.678523 0.265718
 134.200000 2.063807 0.631430 2.692352
 134.400000 2.043026 0.662723 1.946292
 134.600000 2.041942 0.629249 3.748060
 134.800000 1.899598 0.692811 18.987090
 135.000000 2.045394 0.723470 1.521584
 135.200000 2.041632 0.655775 2.289019
 135.400000 2.122055 0.683447 0.490362
 135.600000 2.097408 0.642502 1.551864
 135.800000 2.081690 0.658777 0.855111
 136.000000 2.045163 0.645429 2.600691
 136.200000 2.024853 0.665064 2.964785
 136.400000 2.088363 0.647233 1.313554
 136.600000 1.962288 0.655891 9.618255
 136.800000 2.075534 0.668912 0.604756
 137.000000 1.951104 0.604482 14.651270
 137.200000 2.106836 0.680543 0.232073
 137.400000 2.113232 0.634557 2.198305
 137.600000 1.979159 0.650783 7.760643
 137.800000 2.116040 0.704682 0.255706
 138.000000 2.120005 0.716442 0.495559
 138.200000 2.152977 0.695073 1.720624
 138.400000 2.038532 0.665493 2.092978
 138.600000 2.123193 0.670043 0.809137
 138.800000 1.992189 0.628800 7.626485
 139.000000 2.103487 0.686223 0.112234
 139.200000 2.079228 0.734071 0.760852
 139.400000 2.051286 0.752249 2.393540
 139.600000 2.040572 0.693077 1.461220
 139.800000 2.138809 0.681891 1.118181
 140.000000 2.091790 0.734746 0.673708
 140.200000 2.009060 0.653300 4.645963
 140.400000 2.097675 0.801457 5.343431
 140.600000 2.070776 0.694261 0.286424
 140.800000 1.923168 0.774934 17.608675
 141.000000 2.088170 0.674082 0.308557
 141.200000 2.029414 0.678564 2.302742
 141.400000 2.088127 0.589717 5.896547
 141.600000 2.090459 0.645210 1.408110
 141.800000 2.071732 0.664647 0.817431
 142.000000 1.984108 0.681310 6.223112
 142.200000 2.086333 0.720248 0.277058
 142.400000 2.029659 0.694721 2.101193
 142.600000 2.035312 0.649452 2.930268
 142.800000 2.118939 0.666826 0.791219
 143.000000 1.987800 0.583580 12.242327
 143.200000 2.025822 0.607947 6.417814
 143.400000 2.010847 0.655621 4.393712
 143.600000 1.949850 0.665558 10.977173
 143.800000 2.016484 0.761591 5.048585
 144.000000 2.076714 0.683176 0.268153
 144.200000 2.016542 0.664275 3.603697
 144.400000 2.123591 0.689022 0.467705
 144.600000 2.115148 0.645955 1.576531
 144.800000 2.040448 0.671160 1.818865
 145.000000 2.116372 0.732202 0.821880
 145.200000 2.042097 0.653395 2.368234
 145.400000 2.108122 0.813858 6.790487
 145.600000 2.128880 0.702154 0.602706
 145.800000 2.011883 0.778055 6.597975
 146.000000 2.109804 0.738292 0.925136
 146.200000 2.084699 0.698574 0.047107
 146.400000 2.076145 0.708984 0.225431
 146.600000 2.167346 0.686285 2.731128
 146.800000 2.125254 0.716884 0.651970
 147.000000 2.055945 0.629100 3.121871
 147.200000 2.226674 0.677231 8.967307
 147.400000 2.066341 0.605742 4.661462
 147.600000 2.028575 0.643695 3.647797
 147.800000 2.044209 0.628362 3.693252
 148.000000 2.134174 0.652427 1.835645
 148.200000 2.029677 0.739118 2.934185
 148.400000 2.122588 0.651691 1.475780
 148.600000 2.081830 0.742547 1.065325
 148.800000 2.110793 0.783945 3.816385
 149.000000 2.095397 0.655078 0.927296
 149.200000 2.043528 0.675203 1.556573
 149.400000 2.012384 0.649865 4.527750
 149.600000 2.009862 0.665491 4.105616
 149.800000 2.026528 0.768221 4.759279
 150.000000 2.030124 0.739739 2.930961
 150.200000 2.021654 0.668858 3.074145
 150.400000 2.084908 0.670412 0.429200
 150.600000 2.020709 0.644300 4.163725
 150.800000 1.985432 0.622834 8.771312
 151.000000 2.045969 0.738377 1.982403
 151.200000 1.921483 0.668381 15.391883
 151.400000 2.009751 0.715133 3.726858
 151.600000 2.093548 0.668588 0.436762
 151.800000 2.078783 0.757096 1.860251
 152.000000 2.007908 0.658191 4.537595
 152.200000 2.126026 0.710745 0.579816
 152.400000 2.044211 0.666957 1.745171
 152.600000 2.055213 0.684175 0.865000
 152.800000 2.142792 0.676234 1.410897
 153.000000 2.031010 0.669837 2.409158
 153.200000 2.095326 0.642050 1.573014
 153.400000 2.141089 0.738262 1.895371
 153.600000 2.049564 0.789856 5.211574
 153.800000 2.062401 0.731306 1.062069
 154.000000 2.104645 0.729108 0.532297
 154.200000 2.063700 0.658656 1.250233
 154.400000 2.104227 0.693494 0.059093
 154.600000 2.186999 0.715131 4.432261
 154.800000 1.986592 0.675523 6.066348
 155.000000 1.990361 0.720819 5.668894
 155.200000 2.031852 0.692922 1.969370
 155.400000 2.014350 0.695940 3.206014
 155.600000 2.074620 0.651098 1.301633
 155.800000 2.058975 0.687664 0.682070
 156.000000 2.070674 0.639051 2.026575
 156.200000 2.023346 0.717388 2.709414
 156.400000 2.099711 0.669776 0.416141
 156.600000 2.008149 0.683664 3.823816
 156.800000 2.023208 0.688320 2.581950
 157.000000 1.926426 0.655755 15.004714
 157.200000 2.045447 0.769150 3.719734
 157.400000 2.054570 0.641789 2.380298
 157.600000 2.033476 0.727197 2.277944
 157.800000 2.073885 0.707092 0.250467
 158.000000 2.112047 0.737284 0.922258
 158.200000 2.046226 0.670274 1.548139
 158.400000 2.065622 0.652267 1.465725
 158.600000 2.023686 0.656802 3.353925
 158.800000 2.050860 0.631651 3.157481
 159.000000 2.128023 0.690503 0.594517
 159.200000 2.065642 0.709294 0.475674
 159.400000 2.061848 0.699512 0.530602
 159.600000 2.039583 0.737833 2.290254
 159.800000 2.075345 0.701065 0.185750
 160.000000 2.133162 0.682224 0.877984
 160.200000 2.075736 0.633095 2.288991
 160.400000 2.139851 0.698451 1.033152
 160.600000 1.971443 0.627874 10.026634
 160.800000 2.070638 0.679432 0.457046
 161.000000 2.092546 0.685427 0.082417
 161.200000 1.952763 0.687431 10.087023
 161.400000 2.161238 0.701457 2.239493
 161.600000 2.013281 0.681471 3.428514
 161.800000 1.997699 0.681140 4.819444
 162.000000 2.002446 0.711459 4.316153
 162.200000 2.009981 0.707925 3.610813
 162.400000 2.024713 0.615946 5.805003
 162.600000 2.037320 0.773285 4.452790
 162.800000 1.980351 0.600752 11.244445
 163.000000 2.120833 0.697569 0.349631
 163.200000 2.137339 0.626416 3.493662
 163.400000 2.016997 0.649955 4.155745
 163.600000 2.114664 0.714655 0.341917
 163.800000 2.042703 0.679728 1.505377
 164.000000 2.039168 0.622246 4.404318
 164.200000 2.079915 0.686841 0.168583
 164.400000 2.104509 0.775926 3.077122
 164.600000 2.020716 0.678058 2.915780
 164.800000 2.123647 0.669518 0.837205
 165.000000 2.066131 0.683716 0.503329
 165.200000 2.081034 0.662148 0.736669
 165.400000 2.085274 0.751713 1.477054
 165.600000 2.019122 0.633760 4.904845
 165.800000 2.037888 0.679566 1.768858
 166.000000 2.119878 0.747460 1.541309
 166.200000 2.092185 0.728710 0.469949
 166.400000 2.121022 0.673097 0.667859
 166.600000 2.106052 0.678838 0.254065
 166.800000 1.965311 0.641242 9.949528
 167.000000 2.059063 0.641847 2.208197
 167.200000 1.988204 0.738291 6.444671
 167.400000 2.026310 0.689501 2.355051
 167.600000 2.028041 0.651429 3.292038
 167.800000 2.075622 0.672467 0.505543
 168.000000 2.048953 0.726778 1.442801
 168.200000 2.015775 0.623730 5.858426
 168.400000 2.001391 0.714801 4.463796
 168.600000 2.004698 0.675499 4.278891
 168.800000 2.032127 0.667831 2.397697
 169.000000 2.032922 0.676776 2.117510
 169.200000 2.029505 0.607781 6.187018
 169.400000 2.024759 0.672909 2.742686
 169.600000 2.000758 0.651028 5.493315
 169.800000 1.978160 0.669183 7.174358
 170.000000 2.172428 0.714364 3.176339
 170.200000 2.041548 0.683705 1.500488
 170.400000 2.058822 0.678933 0.817025
 170.600000 2.081159 0.734932 0.764721
 170.800000 2.094786 0.685998 0.073688
 171.000000 2.100526 0.673349 0.325880
 171.200000 2.049758 0.698376 0.996248
 171.400000 2.040783 0.684764 1.526470
 171.600000 2.038713 0.676235 1.789980
 171.800000 2.071761 0.644528 1.692841
 172.000000 2.143122 0.516434 17.694277
 172.200000 2.067357 0.697291 0.365889
 172.400000 1.963059 0.634682 10.637500
 172.600000 2.002128 0.724071 4.593058
 172.800000 2.083122 0.698702 0.063701
 173.000000 2.027154 0.748410 3.524667
 173.200000 1.997165 0.689128 4.767368
 173.400000 2.004612 0.613297 7.628976
 173.600000 2.062575 0.620260 3.538258
 173.800000 2.101977 0.692332 0.045560
 174.000000 2.025680 0.660071 3.085206
 174.200000 2.001949 0.578062 11.481564
 174.400000 2.052587 0.669981 1.270197
 174.600000 2.080188 0.613836 3.653789
 174.800000 2.073387 0.594763 5.563246
 175.000000 2.047908 0.600342 5.861992
 175.200000 2.008212 0.613631 7.283969
 175.400000 2.072573 0.681538 0.375768
 175.600000 2.026144 0.703263 2.342296
 175.800000 1.875507 0.639791 25.657800
 176.000000 2.028766 0.698774 2.153773
 176.200000 1.997279 0.646468 6.050346
 176.400000 2.031789 0.673175 2.271205
 176.600000 2.011414 0.639064 5.187402
 176.800000 2.027077 0.634247 4.306533
 177.000000 2.062405 0.720670 0.765693
 177.200000 2.045263 0.629210 3.582074
 177.400000 2.012887 0.666891 3.809790
 177.600000 2.131822 0.659455 1.448340
 177.800000 1.972307 0.588923 13.415984
 178.000000 2.069126 0.673644 0.619089
 178.200000 2.063622 0.622848 3.307337
 178.400000 2.041455 0.670012 1.796691
 178.600000 2.078376 0.703769 0.144199
 178.800000 2.105782 0.709155 0.125592
 179.000000 1.944271 0.720581 11.520553
 179.200000 2.106597 0.767631 2.489526
 179.400000 2.026668 0.667469 2.763582
 179.600000 1.988507 0.629801 7.940624
 179.800000 2.136438 0.722784 1.187641
 180.000000 2.124118 0.542071 12.619126
 180.200000 2.105992 0.641743 1.657075
 180.400000 2.043152 0.754717 2.913880
 180.600000 2.074789 0.683739 0.295773
 180.800000 2.030292 0.733251 2.671308
 181.000000 2.045843 0.648666 2.402059
 181.200000 1.985728 0.701404 5.909674
 181.400000 1.980832 0.710339 6.522843
 181.600000 2.055551 0.621468 3.693120
 181.800000 2.017415 0.607294 7.088765
 182.000000 2.159888 0.605789 6.408215
 182.200000 2.126527 0.627210 3.031187
 182.400000 2.125170 0.667777 0.934254
 182.600000 2.032040 0.704488 1.964266
 182.800000 2.063643 0.707398 0.515767
 183.000000 1.970548 0.744939 8.764531
 183.200000 2.071949 0.674124 0.540087
 183.400000 1.988819 0.667976 6.027840
 183.600000 1.982791 0.594953 11.550651
 183.800000 2.116126 0.750684 1.617007
 184.000000 1.932211 0.650939 14.265462
 184.200000 2.039131 0.748088 2.774869
 184.400000 2.031802 0.784947 5.727427
 184.600000 1.994284 0.565791 13.768230
 184.800000 2.098314 0.714975 0.149521
 185.000000 2.132428 0.677566 0.934733
 185.200000 2.071714 0.546364 11.773973
 185.400000 2.113526 0.669473 0.593665
 185.600000 2.073645 0.648562 1.443843
 185.800000 2.073187 0.642490 1.772880
 186.000000 2.097408 0.737231 0.768898
 186.200000 2.027747 0.693485 2.231812
 186.400000 1.951290 0.668465 10.679573
 186.600000 2.013647 0.690901 3.286288
 186.800000 2.072847 0.577085 7.558337
 187.000000 2.021702 0.629916 4.968822
 187.200000 2.090972 0.634176 2.051012
 187.400000 2.086349 0.688922 0.074777
 187.600000 1.997197 0.741356 5.657885
 187.800000 1.990460 0.738949 6.234279
 188.000000 2.051240 0.724993 1.291934
 188.200000 2.000395 0.622349 7.289520
 188.400000 2.091565 0.678817 0.190532
 188.600000 2.094816 0.585569 6.335301
 188.800000 2.075885 0.574030 7.871918
 189.000000 2.042835 0.633957 3.388446
 189.200000 2.053696 0.647895 2.090030
 189.400000 2.030008 0.762002 4.112546
 189.600000 2.069249 0.673788 0.612462
 189.800000 1.989111 0.723517 5.864589
 190.000000 2.096281 0.610614 3.831481
 190.200000 2.180165 0.614291 7.192858
 190.400000 2.122962 0.622879 3.239516
 190.600000 2.154270 0.580995 8.652971
 190.800000 2.068955 0.626589 2.882786
 191.000000 2.053955 0.655353 1.732711
 191.200000 1.965186 0.744762 9.434675
 191.400000 2.071710 0.707270 0.299055
 191.600000 2.012377 0.776652 6.446204
 191.800000 2.119789 0.678203 0.520998
 192.000000 2.107462 0.634266 2.124754
 192.200000 2.094871 0.617132 3.280551
 192.400000 2.067921 0.683511 0.457320
 192.600000 2.004118 0.720078 4.315844
 192.800000 2.088235 0.693771 0.028479
 193.000000 2.054417 0.731080 1.341898
 193.200000 2.108945 0.673037 0.420730
 193.400000 2.024289 0.639732 4.162651
 193.600000 2.071904 0.537150 13.210516
 193.800000 2.074784 0.624860 2.876676
 194.000000 2.033460 0.636861 3.733561
 194.200000 2.016862 0.720509 3.256104
 194.400000 2.011988 0.741214 4.323458
 194.600000 1.964150 0.787357 12.462417
 194.800000 2.035272 0.731671 2.310214
 195.000000 1.972685 0.703064 7.418872
 195.200000 2.063265 0.644876 1.902630
 195.400000 1.999891 0.574787 12.072446
 195.600000 2.046424 0.626814 3.693688
 195.800000 1.977030 0.650387 8.027092
 196.000000 2.113864 0.624737 2.882895
 196.200000 2.065233 0.709298 0.487559
 196.400000 2.058939 0.723076 0.939694
 196.600000 2.101013 0.673158 0.333752
 196.800000 2.044636 0.652520 2.278209
 197.000000 1.994944 0.639051 6.690510
 197.200000 2.079301 0.630084 2.429134
 197.400000 2.121443 0.684057 0.464847
 197.600000 2.103828 0.641818 1.630088
 197.800000 2.042807 0.724444 1.676821
 198.000000 2.044358 0.714242 1.381636
 198.200000 2.000113 0.739917 5.317579
 198.400000 2.011415 0.705582 3.470568
 198.600000 2.064890 0.675062 0.701393
 198.800000 1.966785 0.652611 9.178230
 199.000000 2.064139 0.592283 6.059642
 199.200000 2.119618 0.757174 2.061095
 199.400000 2.111830 0.692420 0.168294
 199.600000 1.946524 0.693437 10.944005
 199.800000 1.998488 0.756849 6.322960
 200.000000 2.110911 0.663001 0.753470
