#! FIELDS time phi psi restraint.bias
#! SET min_phi -pi
#! SET max_phi pi
#! SET min_psi -pi
#! SET max_psi pi
 0.000000 -3.042094 -1.963729 82.148184
 0.200000 -3.126617 -1.660125 4.101917
 0.400000 -3.039304 -1.634537 7.262885
 0.600000 -3.041351 -1.622590 6.365494
 0.800000 -3.043858 -1.670504 9.746845
 1.000000 -3.053437 -1.713944 14.131279
 1.200000 -3.062032 -1.685341 9.725138
 1.400000 -3.034756 -1.677431 11.392458
 1.600000 -3.033124 -1.646944 8.781971
 1.800000 -3.046972 -1.538628 4.993921
 2.000000 3.129296 -1.598072 0.447599
 2.200000 -3.050905 -1.509988 5.960983
 2.400000 -3.096062 -1.602645 1.543684
 2.600000 -3.056429 -1.567929 3.630501
 2.800000 -3.096137 -1.617160 2.107889
 3.000000 -3.105971 -1.649015 3.693544
 3.200000 -3.075290 -1.549542 2.423921
 3.400000 -2.995178 -1.508608 12.652371
 3.600000 -3.102156 -1.568075 0.781309
 3.800000 -3.036651 -1.492813 8.547031
 4.000000 -3.115121 -1.527447 1.289962
 4.200000 -3.023555 -1.524126 8.055490
 4.400000 -2.991890 -1.599772 11.625301
 4.600000 -2.991591 -1.486756 14.781644
 4.800000 3.121653 -1.537369 0.757497
 5.000000 -3.102329 -1.598708 1.160337
 5.200000 -3.114623 -1.554977 0.488808
 5.400000 -3.091734 -1.587787 1.387309
 5.600000 3.105881 -1.585082 0.739699
 5.800000 -3.108267 -1.517510 1.975026
 6.000000 -3.076884 -1.607329 2.760913
 6.200000 -3.135308 -1.550025 0.235476
 6.400000 -3.092508 -1.628760 2.884595
 6.600000 -3.026849 -1.532646 7.310732
 6.800000 3.108920 -1.590063 0.719360
 7.000000 -3.113035 -1.565946 0.419537
 7.200000 -3.129997 -1.551042 0.262337
 7.400000 3.135872 -1.627090 1.600830
 7.600000 3.107822 -1.578234 0.597882
 7.800000 3.121556 -1.497943 2.854526
 8.000000 3.113677 -1.534875 1.034825
 8.200000 3.132806 -1.494336 2.961661
 8.400000 -3.099539 -1.530343 1.702454
 8.600000 3.137976 -1.504464 2.206539
 8.800000 3.028776 -1.496047 9.157531
 9.000000 3.051552 -1.526251 5.045769
 9.200000 -3.119583 -1.537073 0.810833
 9.400000 -3.083256 -1.572885 1.703750
 9.600000 -3.134433 -1.541680 0.449508
 9.800000 3.102435 -1.452725 7.737105
 10.000000 3.104450 -1.457225 7.139016
 10.200000 -3.117699 -1.526090 1.284758
 10.400000 -3.100175 -1.538772 1.370484
 10.600000 -3.068444 -1.537117 3.242527
 10.800000 3.075845 -1.606738 2.807295
 11.000000 -3.138048 -1.459806 6.165752
 11.200000 -3.107295 -1.477511 4.939191
 11.400000 -3.083813 -1.433881 11.042129
 11.600000 -3.141591 -1.542424 0.402491
 11.800000 3.116753 -1.584972 0.408989
 12.000000 -3.114998 -1.580259 0.398414
 12.200000 -3.048058 -1.600131 4.804600
 12.400000 -3.093531 -1.674771 6.560370
 12.600000 -3.120830 -1.571432 0.215736
 12.800000 -3.064772 -1.546188 3.253513
 13.000000 -3.141223 -1.603162 0.523849
 13.200000 -3.057195 -1.664617 7.962635
 13.400000 -3.040892 -1.696373 12.955021
 13.600000 -3.118141 -1.648458 3.290697
 13.800000 -3.069462 -1.586695 2.727765
 14.000000 -3.032143 -1.582728 6.060812
 14.200000 -3.117462 -1.631241 2.117912
 14.400000 3.135216 -1.672305 5.172357
 14.600000 -3.062685 -1.589740 3.292672
 14.800000 -3.027943 -1.672156 11.594938
 15.000000 -3.068849 -1.611720 3.483172
 15.200000 -3.046718 -1.633767 6.483274
 15.400000 -3.053822 -1.578478 3.881352
 15.600000 -3.065974 -1.611245 3.677156
 15.800000 -3.046206 -1.587617 4.690750
 16.000000 -3.087410 -1.563722 1.492900
 16.200000 -3.140726 -1.567921 0.004510
 16.400000 -3.114658 -1.681452 6.485107
 16.600000 -3.011588 -1.577716 8.474527
 16.800000 3.131969 -1.597746 0.409443
 17.000000 3.126120 -1.576835 0.137930
 17.200000 -2.993898 -1.463723 16.639211
 17.400000 -3.090209 -1.538015 1.857463
 17.600000 -3.126066 -1.610018 0.889700
 17.800000 -3.057838 -1.602511 4.010344
 18.000000 -3.071494 -1.585708 2.568068
 18.200000 -3.130037 -1.572828 0.068836
 18.400000 -3.131303 -1.556710 0.152153
 18.600000 -3.049829 -1.546406 4.507770
 18.800000 -3.062000 -1.621884 4.472484
 19.000000 3.133361 -1.660055 4.017431
 19.200000 3.131067 -1.562567 0.089257
 19.400000 3.125975 -1.564858 0.139586
 19.600000 3.123752 -1.528171 1.067613
 19.800000 3.125195 -1.546792 0.422526
 20.000000 -3.137801 -1.546023 0.314055
 20.200000 -3.116753 -1.569336 0.309579
 20.400000 -3.075607 -1.618910 3.334512
 20.600000 -3.074947 -1.555506 2.337734
 20.800000 -3.124293 -1.568649 0.151937
 21.000000 -3.039036 -1.540080 5.730707
 21.200000 -3.104793 -1.540283 1.142638
 21.400000 -3.078135 -1.598859 2.407191
 21.600000 -3.129893 -1.600717 0.516056
 21.800000 -3.114648 -1.567289 0.369146
 22.000000 -3.038543 -1.567519 5.315001
 22.200000 -3.060365 -1.560183 3.355315
 22.400000 -3.068943 -1.581629 2.697679
 22.600000 -3.066394 -1.583123 2.903395
 22.800000 -3.119204 -1.539972 0.725704
 23.000000 -3.089195 -1.662246 5.554275
 23.200000 -3.098037 -1.665714 5.453201
 23.400000 -3.044159 -1.520910 5.990989
 23.600000 -3.120803 -1.578113 0.242872
 23.800000 -3.116174 -1.534336 0.987722
 24.000000 -3.026591 -1.517342 8.041404
 24.200000 -3.097493 -1.607288 1.638176
 24.400000 -3.046516 -1.588627 4.678729
 24.600000 -3.090198 -1.608556 2.033604
 24.800000 -3.076513 -1.524222 3.202265
 25.000000 -3.080603 -1.501537 4.258262
 25.200000 3.123398 -1.581765 0.225682
 25.400000 -3.046183 -1.529619 5.399310
 25.600000 -3.121781 -1.614448 1.148990
 25.800000 3.141330 -1.611999 0.848865
 26.000000 -3.108641 -1.536229 1.140335
 26.200000 -3.101815 -1.582850 0.863798
 26.400000 -3.054649 -1.573825 3.784159
 26.600000 -3.084083 -1.513962 3.268710
 26.800000 -3.064114 -1.555409 3.119820
 27.000000 -3.080896 -1.629227 3.549086
 27.200000 -3.047617 -1.562502 4.450117
 27.400000 -3.078877 -1.588515 2.123639
 27.600000 3.123430 -1.601595 0.639217
 27.800000 -3.131011 -1.509049 1.962322
 28.000000 -3.124294 -1.518778 1.502544
 28.200000 3.081294 -1.620097 3.033252
 28.400000 -3.118753 -1.608365 0.966523
 28.600000 -3.092357 -1.630356 2.985771
 28.800000 3.117465 -1.686826 7.022478
 29.000000 -3.080700 -1.638306 4.132749
 29.200000 -3.042894 -1.542485 5.271441
 29.400000 3.121251 -1.547131 0.486898
 29.600000 -3.068243 -1.564044 2.712915
 29.800000 -3.019521 -1.495977 10.249769
 30.000000 -3.129906 -1.619485 1.253579
 30.200000 -3.073008 -1.626142 3.883494
 30.400000 -3.079763 -1.509246 3.805713
 30.600000 -3.110186 -1.556073 0.601575
 30.800000 -3.086498 -1.522054 2.705599
 31.000000 -3.070114 -1.583021 2.629309
 31.200000 -3.109124 -1.576893 0.545682
 31.400000 3.064523 -1.665500 7.454261
 31.600000 3.135978 -1.591150 0.222902
 31.800000 3.084734 -1.521825 2.815560
 32.000000 3.139199 -1.591953 0.226663
 32.200000 3.105472 -1.529349 1.511305
 32.400000 3.138132 -1.551539 0.191404
 32.600000 -3.108033 -1.549257 0.795103
 32.800000 -3.098228 -1.558040 1.021595
 33.000000 3.129918 -1.602084 0.557608
 33.200000 -3.138034 -1.565985 0.017904
 33.400000 -3.116840 -1.497904 2.962996
 33.600000 3.103449 -1.504609 2.917835
 33.800000 -3.070046 -1.458242 8.893712
 34.000000 -3.082202 -1.547894 2.025896
 34.200000 3.118562 -1.588080 0.414578
 34.400000 -3.065668 -1.499405 5.430697
 34.600000 -3.114299 -1.576401 0.388185
 34.800000 -3.083239 -1.541186 2.140954
 35.000000 -3.086764 -1.517758 2.909650
 35.200000 -3.088011 -1.573462 1.439024
 35.400000 -3.136748 -1.529746 0.854302
 35.600000 3.135695 -1.525655 1.036276
 35.800000 -3.080453 -1.514731 3.440680
 36.000000 -3.130278 -1.576811 0.082092
 36.200000 -3.089020 -1.516764 2.841696
 36.400000 -3.057822 -1.415122 15.625949
 36.600000 3.060827 -1.560150 3.318238
 36.800000 3.134368 -1.494843 2.910586
 37.000000 -3.087910 -1.567408 1.446672
 37.200000 -3.074680 -1.479411 6.414293
 37.400000 -3.130358 -1.558316 0.140984
 37.600000 -3.112941 -1.551497 0.596675
 37.800000 -3.132778 -1.451978 7.097774
 38.000000 -3.123724 -1.501898 2.533164
 38.200000 -3.122568 -1.419981 11.553568
 38.400000 -3.121355 -1.497209 2.912339
 38.600000 -3.032352 -1.624780 7.423878
 38.800000 -3.047073 -1.553764 4.612073
 39.000000 3.100187 -1.548058 1.115731
 39.200000 -3.090267 -1.523581 2.431797
 39.400000 -3.110506 -1.512809 2.164465
 39.600000 3.132640 -1.558023 0.121648
 39.800000 -3.036963 -1.442216 13.740167
 40.000000 -3.066933 -1.628622 4.458904
 40.200000 -3.076393 -1.551003 2.321404
 40.400000 -3.093726 -1.564065 1.168280
 40.600000 3.127648 -1.617358 1.181195
 40.800000 -3.137451 -1.622366 1.338306
 41.000000 -3.048364 -1.626636 5.904830
 41.200000 -2.990412 -1.573696 11.432019
 41.400000 -3.078305 -1.566323 2.012640
 41.600000 -3.067405 -1.551098 2.945904
 41.800000 -3.065030 -1.573484 2.934507
 42.000000 -3.095898 -1.719104 12.041564
 42.200000 -3.011302 -1.651559 11.749128
 42.400000 -3.038057 -1.638254 7.635100
 42.600000 -3.118734 -1.557541 0.349112
 42.800000 -3.129723 -1.518515 1.437097
 43.000000 -3.076543 -1.590524 2.310315
 43.200000 -3.108546 -1.640520 2.976727
 43.400000 -2.988547 -1.560746 11.761926
 43.600000 -3.072862 -1.508546 4.299536
 43.800000 3.132951 -1.516701 1.500512
 44.000000 -3.093005 -1.478114 5.475352
 44.200000 3.106899 -1.602704 1.110883
 44.400000 -3.132790 -1.601714 0.516688
 44.600000 -3.081556 -1.626105 3.331690
 44.800000 -3.132824 -1.540536 0.496300
 45.000000 3.123138 -1.507869 2.150195
 45.200000 -3.101168 -1.568652 0.819360
 45.400000 -3.110672 -1.597360 0.830874
 45.600000 -3.069639 -1.586730 2.715585
 45.800000 -3.051089 -1.545269 4.421247
 46.000000 -3.083994 -1.559907 1.718082
 46.200000 -3.061756 -1.484024 6.951618
 46.400000 -3.128522 -1.553979 0.226833
 46.600000 -3.081639 -1.586611 1.922262
 46.800000 3.131034 -1.596077 0.375298
 47.000000 -3.050179 -1.587221 4.313129
 47.200000 -3.053115 -1.594737 4.200774
 47.400000 -3.066797 -1.502866 5.104458
 47.600000 -3.024205 -1.467374 12.238075
 47.800000 -3.112115 -1.562719 0.467077
 48.000000 -3.091231 -1.616062 2.292658
 48.200000 -2.997691 -1.488194 13.765443
 48.400000 -3.074874 -1.620410 3.456449
 48.600000 -3.085359 -1.588116 1.731089
 48.800000 -3.089009 -1.449788 8.704047
 49.000000 -3.124073 -1.550952 0.350373
 49.200000 -3.136156 -1.566298 0.024895
 49.400000 -3.098683 -1.528781 1.803280
 49.600000 -3.132718 -1.632860 1.965324
 49.800000 -3.111863 -1.517465 1.864031
 50.000000 -3.128390 -1.579898 0.128578
 50.200000 -3.050679 -1.554654 4.262970
 50.400000 -3.060144 -1.604905 3.898664
 50.600000 -3.095295 -1.565917 1.083623
 50.800000 3.107911 -1.545927 0.876454
 51.000000 3.133742 -1.574676 0.038344
 51.200000 -3.133111 -1.600803 0.486162
 51.400000 3.124774 -1.493262 3.147255
 51.600000 3.136178 -1.571383 0.014833
 51.800000 -3.075102 -1.624264 3.639887
 52.000000 -3.032836 -1.564297 5.935161
 52.200000 3.092083 -1.628388 2.884045
 52.400000 3.135572 -1.566078 0.029255
 52.600000 -3.056523 -1.662959 7.865400
 52.800000 -3.061682 -1.578629 3.223493
 53.000000 -3.049478 -1.610006 5.011267
 53.200000 -3.089967 -1.565471 1.346794
 53.400000 3.105501 -1.534519 1.309316
 53.600000 -3.097794 -1.567540 0.964453
 53.800000 -3.140045 -1.567557 0.006446
 54.000000 -3.050267 -1.590478 4.363845
 54.200000 -3.079898 -1.591649 2.120503
 54.400000 -3.049949 -1.459123 10.434725
 54.600000 3.118206 -1.579394 0.310423
 54.800000 3.073501 -1.523601 3.431891
 55.000000 -3.038059 -1.574555 5.366706
 55.200000 -3.048977 -1.574001 4.293938
 55.400000 -3.057560 -1.545426 3.852557
 55.600000 -3.050933 -1.588623 4.268524
 55.800000 3.137091 -1.552431 0.178766
 56.000000 -3.060289 -1.567959 3.309153
 56.200000 -3.080996 -1.593040 2.083380
 56.400000 -2.986379 -1.530659 12.851176
 56.600000 -3.131436 -1.633101 1.992545
 56.800000 3.114876 -1.560449 0.410430
 57.000000 -3.076057 -1.589091 2.314788
 57.200000 -3.027794 -1.580066 6.518010
 57.400000 -3.067345 -1.569658 2.757024
 57.600000 -3.093228 -1.614153 2.109509
 57.800000 3.121716 -1.596239 0.521204
 58.000000 -3.117695 -1.590292 0.475578
 58.200000 -3.104853 -1.638382 2.958806
 58.400000 -3.059492 -1.543008 3.756381
 58.600000 -3.079612 -1.631419 3.758372
 58.800000 -3.045431 -1.529389 5.480764
 59.000000 -3.123393 -1.622891 1.522544
 59.200000 -3.102803 -1.504068 2.978678
 59.400000 3.089144 -1.633962 3.370401
 59.600000 -3.054509 -1.554322 3.927463
 59.800000 -3.017931 -1.558625 7.720190
 60.000000 3.097570 -1.615626 1.973852
 60.200000 -3.130528 -1.590357 0.252523
 60.400000 -3.061727 -1.559869 3.248936
 60.600000 -3.124004 -1.639506 2.515220
 60.800000 -3.019128 -1.594742 7.785520
 61.000000 -3.075486 -1.649803 5.306074
 61.200000 3.095635 -1.634943 3.113455
 61.400000 -3.097632 -1.666596 5.555038
 61.600000 -3.043752 -1.581505 4.843771
 61.800000 3.126552 -1.582222 0.178375
 62.000000 -3.070590 -1.644366 5.226980
 62.200000 -3.085655 -1.608180 2.263321
 62.400000 -2.993397 -1.631266 12.809332
 62.600000 -3.128483 -1.575435 0.096689
 62.800000 -3.097161 -1.612228 1.845383
 63.000000 -3.057867 -1.621554 4.793131
 63.200000 -3.049076 -1.625953 5.800845
 63.400000 -3.130151 -1.625563 1.565165
 63.600000 -3.058811 -1.533736 4.113136
 63.800000 -3.073690 -1.556043 2.414185
 64.000000 3.112254 -1.590653 0.627503
 64.200000 3.096365 -1.557409 1.112400
 64.400000 -3.100889 -1.516605 2.296746
 64.600000 -3.108761 -1.590911 0.741256
 64.800000 -2.974262 -1.606727 14.645345
 65.000000 -3.115213 -1.535875 0.957715
 65.200000 3.131769 -1.502927 2.351365
 65.400000 -3.052841 -1.582269 4.004224
 65.600000 -3.120447 -1.562757 0.255880
 65.800000 -3.122939 -1.564447 0.194131
 66.000000 -3.047956 -1.676168 9.935454
 66.200000 -3.095646 -1.611198 1.871731
 66.400000 -3.057115 -1.555363 3.687299
 66.600000 -3.046067 -1.534084 5.236464
 66.800000 -3.026406 -1.571042 6.634070
 67.000000 -3.103420 -1.666104 5.270303
 67.200000 -2.992476 -1.556825 11.215498
 67.400000 -3.087674 -1.606041 2.074680
 67.600000 -3.126398 -1.611860 0.958553
 67.800000 -3.071003 -1.559877 2.551037
 68.000000 -3.115863 -1.651998 3.627881
 68.200000 -3.125314 -1.609831 0.894337
 68.400000 -3.078755 -1.528587 2.865133
 68.600000 -3.100711 -1.552316 1.006401
 68.800000 -3.066048 -1.581005 2.905595
 69.000000 -3.107257 -1.568623 0.591822
 69.200000 -3.097099 -1.640527 3.421076
 69.400000 -3.120037 -1.591190 0.440279
 69.600000 -3.095864 -1.487613 4.505255
 69.800000 3.134331 -1.555486 0.143571
 70.000000 -3.104210 -1.550860 0.897465
 70.200000 -3.089148 -1.594846 1.664397
 70.400000 -3.115305 -1.587662 0.487759
 70.600000 -3.019577 -1.539906 7.921000
 70.800000 -3.133943 -1.575999 0.042791
 71.000000 -3.118055 -1.549284 0.508387
 71.200000 -3.114876 -1.633540 2.325278
 71.400000 -3.071952 -1.548685 2.669393
 71.600000 3.107691 -1.554275 0.711162
 71.800000 3.103398 -1.563607 0.755251
 72.000000 3.139698 -1.546752 0.290871
 72.200000 3.140615 -1.565892 0.012503
 72.400000 -3.114072 -1.552316 0.549460
 72.600000 -3.075605 -1.542276 2.583886
 72.800000 -3.106384 -1.544220 0.972968
 73.000000 -3.055348 -1.530128 4.546054
 73.200000 3.139038 -1.538994 0.508959
 73.400000 -3.101061 -1.522030 2.010527
 73.600000 -3.086315 -1.534199 2.197495
 73.800000 3.114546 -1.516033 1.865268
 74.000000 -3.059699 -1.524003 4.448072
 74.200000 3.086158 -1.556930 1.632646
 74.400000 3.122970 -1.537158 0.739180
 74.600000 -3.115004 -1.628448 2.015329
 74.800000 -3.104521 -1.534852 1.333121
 75.000000 -3.031978 -1.495975 8.806809
 75.200000 -3.130573 -1.495147 2.922135
 75.400000 -3.131561 -1.479588 4.209763
 75.600000 -3.075068 -1.579674 2.252163
 75.800000 -3.127375 -1.498603 2.707016
 76.000000 3.135565 -1.575082 0.027350
 76.200000 3.043984 -1.543106 5.147086
 76.400000 -3.126340 -1.551924 0.294394
 76.600000 -3.091701 -1.567811 1.249055
 76.800000 3.129901 -1.573313 0.071517
 77.000000 -3.070535 -1.473978 7.211461
 77.200000 -3.104350 -1.534231 1.362013
 77.400000 -3.133015 -1.616347 1.074214
 77.600000 -3.070909 -1.533937 3.177365
 77.800000 3.081684 -1.557127 1.887927
 78.000000 -3.127214 -1.584847 0.202079
 78.200000 -3.054466 -1.515466 5.326301
 78.400000 -3.133555 -1.612246 0.891331
 78.600000 -3.064240 -1.590704 3.189846
 78.800000 3.111039 -1.632389 2.363563
 79.000000 -3.118474 -1.596140 0.588377
 79.200000 -3.085678 -1.504937 3.731995
 79.400000 -3.093439 -1.611420 1.984548
 79.600000 -3.073421 -1.623645 3.720166
 79.800000 -3.095306 -1.597287 1.422077
 80.000000 -3.134746 -1.600739 0.471718
 80.200000 -3.051187 -1.595527 4.392361
 80.400000 -3.094795 -1.558539 1.170118
 80.600000 -3.041066 -1.578353 5.081359
 80.800000 -3.114398 -1.547693 0.636657
 81.000000 -3.110113 -1.632399 2.392933
 81.200000 -3.033199 -1.595642 6.183268
 81.400000 -3.002989 -1.598181 9.980419
 81.600000 -3.025503 -1.606051 7.359853
 81.800000 -3.071729 -1.528396 3.339325
 82.000000 3.129953 -1.603328 0.596875
 82.200000 -2.992909 -1.665103 15.500390
 82.400000 -3.061681 -1.565151 3.208887
 82.600000 3.138248 -1.591689 0.223854
 82.800000 -3.082041 -1.599747 2.192249
 83.000000 -3.131853 -1.584928 0.147291
 83.200000 -3.109890 -1.591042 0.707475
 83.400000 -3.106372 -1.597934 0.988472
 83.600000 -3.103213 -1.605590 1.341795
 83.800000 -3.078288 -1.676547 7.595330
 84.000000 -3.082996 -1.591965 1.940827
 84.200000 -3.119657 -1.575773 0.252959
 84.400000 -3.115126 -1.515967 1.853377
 84.600000 -3.122028 -1.492285 3.273368
 84.800000 -3.098706 -1.546268 1.220458
 85.000000 -3.124298 -1.635277 2.228426
 85.200000 -3.097170 -1.606778 1.634057
 85.400000 -3.110957 -1.597370 0.822338
 85.600000 -3.127131 -1.552307 0.275505
 85.800000 -3.080797 -1.473714 6.560515
 86.000000 3.073332 -1.476088 6.814627
 86.200000 -3.099942 -1.561525 0.910370
 86.400000 -3.072029 -1.571058 2.419607
 86.600000 3.112180 -1.550613 0.636243
 86.800000 3.034605 -1.625069 7.195961
 87.000000 3.120389 -1.478516 4.482622
 87.200000 -3.097868 -1.545479 1.276413
 87.400000 3.128802 -1.592962 0.327462
 87.600000 -3.113185 -1.502670 2.724058
 87.800000 3.137472 -1.495468 2.845637
 88.000000 -3.139681 -1.502608 2.326669
 88.200000 3.118914 -1.527714 1.185209
 88.400000 -3.138909 -1.594405 0.282293
 88.600000 -3.124928 -1.567210 0.145288
 88.800000 -3.108072 -1.615396 1.556393
 89.000000 -3.076895 -1.589297 2.264033
 89.200000 -3.081636 -1.508481 3.738990
 89.400000 3.132471 -1.551411 0.229494
 89.600000 -3.116625 -1.525321 1.345678
 89.800000 -3.045753 -1.541712 5.015565
 90.000000 -3.129223 -1.618703 1.224036
 90.200000 -3.135382 -1.546252 0.320501
 90.400000 -3.015814 -1.543881 8.272383
 90.600000 3.075255 -1.605218 2.792747
 90.800000 -3.121691 -1.580645 0.246527
 91.000000 -3.022691 -1.599178 7.471566
 91.200000 -3.138788 -1.619617 1.195684
 91.400000 -3.018718 -1.598251 7.925916
 91.600000 -3.103615 -1.565301 0.736242
 91.800000 -3.124179 -1.513466 1.795005
 92.000000 -3.085441 -1.564957 1.593526
 92.200000 -3.091374 -1.495498 4.095893
 92.400000 -3.122701 -1.566950 0.185838
 92.600000 3.049716 -1.711771 14.157648
 92.800000 -3.033028 -1.594344 6.170382
 93.000000 -3.073142 -1.607330 3.010079
 93.200000 -3.133034 -1.671734 5.130886
 93.400000 -3.047182 -1.573232 4.459609
 93.600000 -3.041578 -1.557027 5.096304
 93.800000 3.134346 -1.675816 5.540786
 94.000000 -3.033994 -1.634675 7.829009
 94.200000 -3.061379 -1.583252 3.294694
 94.400000 3.090100 -1.651290 4.565339
 94.600000 -3.061461 -1.524958 4.261083
 94.800000 -3.080294 -1.521713 3.083370
 95.000000 3.103391 -1.648932 3.782266
 95.200000 -3.032933 -1.564555 5.922947
 95.400000 -3.067393 -1.661870 6.900036
 95.600000 -3.120876 -1.563224 0.243269
 95.800000 -3.045356 -1.532591 5.360549
 96.000000 -3.110516 -1.537846 1.025726
 96.200000 -3.083017 -1.515725 3.231975
 96.400000 -3.068048 -1.597596 3.063541
 96.600000 -3.136682 -1.601844 0.494041
 96.800000 -3.080514 -1.550495 2.071371
 97.000000 -3.069545 -1.577347 2.616868
 97.200000 -3.098968 -1.527490 1.846183
 97.400000 -3.106242 -1.599759 1.044233
 97.600000 -3.118064 -1.532435 1.012599
 97.800000 -3.104092 -1.583769 0.787300
 98.000000 -3.134265 -1.581431 0.083398
 98.200000 3.116324 -1.511657 2.068000
 98.400000 -3.136504 -1.490243 3.257383
 98.600000 3.097840 -1.575809 0.969701
 98.800000 -3.126580 -1.466382 5.563909
 99.000000 -3.080320 -1.482069 5.813447
 99.200000 3.107339 -1.562703 0.619408
 99.400000 -3.090071 -1.561133 1.373947
 99.600000 3.140144 -1.483877 3.778555
 99.800000 -3.134773 -1.497107 2.738312
 100.000000 -3.128452 -1.543555 0.457374
 100.200000 3.119273 -1.519874 1.545606
 100.400000 -3.049361 -1.599622 4.668820
 100.600000 -3.070637 -1.523549 3.633534
 100.800000 -3.111646 -1.506115 2.540199
 101.000000 3.139452 -1.534818 0.649518
 101.200000 -3.132553 -1.475833 4.549868
 101.400000 -3.046932 -1.602407 4.979896
 101.600000 -3.107957 -1.553202 0.720447
 101.800000 -3.059079 -1.517669 4.815534
 102.000000 -3.116870 -1.566748 0.313793
 102.200000 -3.138076 -1.515070 1.558886
 102.400000 3.131709 -1.525576 1.071298
 102.600000 -3.098232 -1.559113 1.008334
 102.800000 -3.047460 -1.604685 5.004679
 103.000000 -3.063043 -1.599443 3.495365
 103.200000 3.115272 -1.521220 1.575279
 103.400000 -3.080434 -1.500558 4.336878
 103.600000 3.106999 -1.497399 3.291968
 103.800000 -3.096143 -1.519476 2.349711
 104.000000 3.134339 -1.585224 0.130384
 104.200000 -3.115961 -1.519876 1.624938
 104.400000 -3.085081 -1.598002 1.966831
 104.600000 -3.127586 -1.548202 0.353345
 104.800000 -3.112647 -1.505249 2.567121
 105.000000 3.075054 -1.546920 2.498747
 105.200000 3.128161 -1.558016 0.171879
 105.400000 -3.027772 -1.563889 6.501377
 105.600000 -3.092435 -1.594537 1.490058
 105.800000 -3.084551 -1.567332 1.632899
 106.000000 3.130099 -1.502600 2.391407
 106.200000 -3.095226 -1.567988 1.078898
 106.400000 -3.098740 -1.630051 2.673767
 106.600000 -3.086995 -1.646718 4.372539
 106.800000 -3.014689 -1.579877 8.093459
 107.000000 3.136901 -1.571639 0.011362
 107.200000 -3.102132 -1.466758 6.190514
 107.400000 -3.092759 -1.506756 3.242903
 107.600000 -3.119009 -1.609012 0.985212
 107.800000 -3.049961 -1.639822 6.580395
 108.000000 -3.091158 -1.628728 2.949903
 108.200000 -3.104027 -1.545223 1.032589
 108.400000 -3.031680 -1.553662 6.187166
 108.600000 -3.086967 -1.546105 1.796837
 108.800000 -3.050424 -1.620091 5.370802
 109.000000 -3.109542 -1.576451 0.529604
 109.200000 3.089335 -1.546307 1.665292
 109.400000 3.080842 -1.497109 4.560169
 109.600000 -3.114298 -1.586174 0.490735
 109.800000 -3.087916 -1.624452 2.880043
 110.000000 -3.030701 -1.592884 6.392462
 110.200000 -3.112601 -1.590885 0.622026
 110.400000 -3.046414 -1.566018 4.540869
 110.600000 -3.065310 -1.565220 2.925087
 110.800000 3.127667 -1.528475 0.992483
 111.000000 -3.122950 -1.578116 0.200556
 111.200000 -3.056706 -1.553014 3.760973
 111.400000 -3.042695 -1.564763 4.908548
 111.600000 -3.090980 -1.518436 2.651613
 111.800000 3.134901 -1.613249 0.923484
 112.000000 3.133672 -1.553291 0.184591
 112.200000 3.126459 -1.626466 1.664088
 112.400000 -3.088447 -1.502301 3.758040
 112.600000 -3.000955 -1.548165 10.145596
 112.800000 -3.013086 -1.500797 10.707003
 113.000000 -3.049376 -1.554562 4.383702
 113.200000 -3.047427 -1.621247 5.706200
 113.400000 -3.094892 -1.597287 1.441356
 113.600000 -3.080091 -1.551753 2.072538
 113.800000 3.132669 -1.559062 0.108663
 114.000000 -3.046302 -1.500310 7.024309
 114.200000 -3.098547 -1.561207 0.972442
 114.400000 -3.103203 -1.657018 4.453953
 114.600000 -3.030663 -1.583270 6.230467
 114.800000 -3.064508 -1.546097 3.276055
 115.000000 -3.105037 -1.577894 0.693341
 115.200000 -3.111707 -1.499774 2.968661
 115.400000 -3.113375 -1.496222 3.178765
 115.600000 3.137461 -1.573255 0.011557
 115.800000 -3.083980 -1.579336 1.696076
 116.000000 -3.080109 -1.564369 1.910772
 116.200000 3.136834 -1.544948 0.345391
 116.400000 -3.125929 -1.570641 0.122693
 116.600000 -3.086229 -1.549989 1.749028
 116.800000 -3.060098 -1.522371 4.493168
 117.000000 3.125581 -1.592481 0.363294
 117.200000 -3.127018 -1.505667 2.227132
 117.400000 3.135429 -1.527790 0.943774
 117.600000 3.128066 -1.611657 0.926301
 117.800000 3.136949 -1.543538 0.382293
 118.000000 -3.036625 -1.578877 5.541779
 118.200000 -3.083808 -1.540273 2.135383
 118.400000 -3.116777 -1.616085 1.333438
 118.600000 -3.047241 -1.502522 6.781826
 118.800000 -3.118861 -1.555926 0.368919
 119.000000 3.088651 -1.566265 1.411691
 119.200000 -3.078014 -1.519662 3.328491
 119.400000 -3.096510 -1.579387 1.053110
 119.600000 -3.110092 -1.518957 1.839794
 119.800000 -3.096569 -1.539605 1.500033
 120.000000 -3.087940 -1.558872 1.510419
 120.200000 3.139457 -1.573382 0.005625
 120.400000 -3.053483 -1.538245 4.411486
 120.600000 3.128928 -1.518397 1.453038
 120.800000 -3.109592 -1.597528 0.869291
 121.000000 -3.092048 -1.574562 1.234434
 121.200000 -3.115240 -1.578354 0.375790
 121.400000 -3.107350 -1.507529 2.587636
 121.600000 -3.105308 -1.557713 0.743888
 121.800000 -3.110373 -1.529031 1.359507
 122.000000 -3.113614 -1.514160 1.995254
 122.200000 3.131933 -1.539736 0.529025
 122.400000 -3.021848 -1.603051 7.689574
 122.600000 -3.088972 -1.518658 2.743656
 122.800000 -3.091583 -1.582351 1.317239
 123.000000 -3.098464 -1.593697 1.192276
 123.200000 3.139726 -1.647218 2.921888
 123.400000 -3.061227 -1.598959 3.625910
 123.600000 -3.124041 -1.562012 0.192609
 123.800000 3.133499 -1.548050 0.291456
 124.000000 -3.107732 -1.587435 0.711682
 124.200000 -3.027658 -1.610151 7.264951
 124.400000 -2.957999 -1.634304 18.869926
 124.600000 -3.112826 -1.594691 0.699228
 124.800000 -3.129490 -1.597558 0.431333
 125.000000 -3.057265 -1.562083 3.593543
 125.200000 3.132946 -1.634277 2.052312
 125.400000 -3.108625 -1.601272 1.007834
 125.600000 -3.103910 -1.568490 0.712657
 125.800000 -3.110979 -1.656668 4.155582
 126.000000 -3.040201 -1.616826 6.199480
 126.200000 -3.046875 -1.560510 4.538644
 126.400000 3.093309 -1.622622 2.508579
 126.600000 -3.075352 -1.505465 4.328016
 126.800000 -3.112060 -1.542595 0.833748
 127.000000 -3.123489 -1.517111 1.604934
 127.200000 -3.140749 -1.549810 0.220574
 127.400000 -3.090815 -1.599733 1.707871
 127.600000 -3.063754 -1.656345 6.688716
 127.800000 3.141585 -1.567459 0.005568
 128.000000 -3.128984 -1.501324 2.492654
 128.200000 -3.116485 -1.463565 6.064427
 128.400000 -3.057824 -1.549399 3.737539
 128.600000 -3.073353 -1.528560 3.220255
 128.800000 3.139958 -1.597818 0.366415
 129.000000 -3.112713 -1.553242 0.571099
 129.200000 -3.125797 -1.497709 2.795630
 129.400000 3.119426 -1.526279 1.236594
 129.600000 -3.080410 -1.500531 4.340271
 129.800000 -3.063113 -1.515459 4.610656
 130.000000 3.106982 -1.622177 1.918910
 130.200000 3.065200 -1.556694 3.017382
 130.400000 3.122029 -1.556016 0.300595
 130.600000 3.084145 -1.564862 1.667733
 130.800000 3.122851 -1.529784 1.016611
 131.000000 -3.038861 -1.547879 5.539522
 131.200000 -3.078301 -1.541253 2.439341
 131.400000 -3.076769 -1.570188 2.101244
 131.600000 -3.121355 -1.575888 0.217743
 131.800000 -3.085396 -1.551577 1.763727
 132.000000 -3.132379 -1.603545 0.578685
 132.200000 3.071179 -1.538752 2.992467
 132.400000 -3.124138 -1.581381 0.208342
 132.600000 -3.130058 -1.659332 3.985780
 132.800000 -3.113579 -1.632233 2.279630
 133.000000 -2.989455 -1.568586 11.575327
 133.200000 3.132906 -1.632578 1.946199
 133.400000 -3.101058 -1.606345 1.453392
 133.600000 -3.123528 -1.636358 2.312323
 133.800000 -3.127888 -1.581689 0.153227
 134.000000 3.140689 -1.506288 2.081052
 134.200000 -3.066876 -1.546500 3.086425
 134.400000 -3.040876 -1.582769 5.143569
 134.600000 -3.033585 -1.627771 7.455896
 134.800000 -3.124905 -1.639203 2.478967
 135.000000 -3.129108 -1.581025 0.130254
 135.200000 -3.086783 -1.526395 2.487766
 135.400000 3.132262 -1.599324 0.450448
 135.600000 -3.080163 -1.596232 2.210309
 135.800000 -3.106236 -1.594320 0.901735
 136.000000 -3.130226 -1.633971 2.060116
 136.200000 -3.044012 -1.553198 4.915875
 136.400000 -3.062954 -1.620225 4.313602
 136.600000 -3.085525 -1.598110 1.944812
 136.800000 -3.069324 -1.583401 2.690846
 137.000000 -3.131116 -1.597197 0.403390
 137.200000 -3.086192 -1.548585 1.781301
 137.400000 -3.100981 -1.671115 5.856632
 137.600000 -3.112820 -1.610725 1.211085
 137.800000 -3.049473 -1.547045 4.525057
 138.000000 -3.044438 -1.506472 6.788333
 138.200000 -3.135403 -1.609480 0.767383
 138.400000 -3.083923 -1.608002 2.355027
 138.600000 -3.130568 -1.552479 0.228538
 138.800000 3.107793 -1.537702 1.118808
 139.000000 3.112017 -1.505311 2.581529
 139.200000 3.091136 -1.514586 2.852750
 139.400000 3.118383 -1.586124 0.386818
 139.600000 -3.057332 -1.588097 3.699573
 139.800000 3.082774 -1.549430 1.958080
 140.000000 -3.135723 -1.514514 1.601052
 140.200000 -3.114138 -1.527752 1.303305
 140.400000 3.099374 -1.559925 0.950307
 140.600000 -3.116557 -1.474720 4.928765
 140.800000 3.128780 -1.534485 0.741332
 141.000000 3.076726 -1.568387 2.106718
 141.200000 -3.084405 -1.487455 5.108114
 141.400000 3.106143 -1.570675 0.628341
 141.600000 3.076353 -1.588902 2.292019
 141.800000 -3.119865 -1.475862 4.742351
 142.000000 3.140689 -1.563918 0.024066
 142.200000 3.105677 -1.498657 3.247041
 142.400000 -3.117126 -1.538948 0.806464
 142.600000 -3.068308 -1.520841 3.933031
 142.800000 3.128814 -1.609362 0.825295
 143.000000 -3.086329 -1.562382 1.562437
 143.200000 -3.090113 -1.525935 2.331362
 143.400000 -3.132643 -1.621889 1.345259
 143.600000 -3.122228 -1.503816 2.430657
 143.800000 -3.081580 -1.467701 7.115107
 144.000000 -3.113247 -1.526809 1.369183
 144.200000 3.138618 -1.517581 1.420378
 144.400000 -3.139198 -1.570618 0.002883
 144.600000 -3.123742 -1.612718 1.038032
 144.800000 -3.104244 -1.614970 1.673132
 145.000000 -3.077586 -1.582175 2.113177
 145.200000 -3.119072 -1.517112 1.694628
 145.400000 -3.066844 -1.526459 3.776531
 145.600000 -3.098325 -1.533190 1.643167
 145.800000 -3.079663 -1.540108 2.388542
 146.000000 3.131299 -1.643428 2.690670
 146.200000 -3.113971 -1.581530 0.439097
 146.400000 -3.137196 -1.549443 0.237638
 146.600000 -3.130587 -1.585081 0.162593
 146.800000 -3.026292 -1.597469 7.002829
 147.000000 -3.100650 -1.661581 4.959119
 147.200000 -3.026251 -1.575197 6.661516
 147.400000 -3.097328 -1.581148 1.033265
 147.600000 3.136848 -1.531016 0.802498
 147.800000 -3.125532 -1.598445 0.511202
 148.000000 -3.128884 -1.632182 1.964872
 148.200000 -3.139247 -1.619018 1.165436
 148.400000 -3.033778 -1.543749 6.177786
 148.600000 -3.068651 -1.638518 4.953327
 148.800000 -3.102959 -1.561280 0.791559
 149.000000 -3.006793 -1.622394 10.416572
 149.200000 -3.089553 -1.650501 4.530518
 149.400000 3.087824 -1.630828 3.247427
 149.600000 -3.062396 -1.544412 3.484110
 149.800000 -3.106061 -1.535595 1.250793
 150.000000 -3.119663 -1.534156 0.911702
 150.200000 -3.124944 -1.646982 3.040718
 150.400000 -3.021187 -1.621851 8.551999
 150.600000 -3.066068 -1.665406 7.327529
 150.800000 -2.994939 -1.609688 11.510013
 151.000000 -3.035280 -1.582641 5.721355
 151.200000 -3.078579 -1.570638 1.985395
 151.400000 -3.105771 -1.623485 2.029629
 151.600000 -3.102879 -1.573275 0.752446
 151.800000 -3.075942 -1.674047 7.485365
 152.000000 -3.094126 -1.615123 2.108970
 152.200000 -3.000304 -1.538833 10.492034
 152.400000 -3.086644 -1.538470 2.032191
 152.600000 -3.006805 -1.606321 9.714914
 152.800000 -3.016981 -1.550290 7.974220
 153.000000 -3.074885 -1.659108 6.124473
 153.200000 -3.058162 -1.585015 3.581384
 153.400000 3.108584 -1.558103 0.625335
 153.600000 -3.101969 -1.532271 1.527120
 153.800000 -3.093260 -1.543720 1.534567
 154.000000 -3.087549 -1.498664 4.061895
 154.200000 -3.084884 -1.510998 3.395860
 154.400000 -3.119205 -1.584723 0.347566
 154.600000 3.123684 -1.651640 3.428214
 154.800000 -3.060130 -1.594467 3.598203
 155.000000 -3.087348 -1.486774 5.001062
 155.200000 -3.033747 -1.474818 10.421267
 155.400000 -3.092404 -1.425628 11.746650
 155.600000 -3.136390 -1.496372 2.783035
 155.800000 -3.101510 -1.601405 1.271745
 156.000000 -3.106046 -1.583037 0.706699
 156.200000 -3.080057 -1.540451 2.353738
 156.400000 -3.096532 -1.457880 7.390258
 156.600000 -3.092136 -1.438638 9.955953
 156.800000 -3.128438 -1.535172 0.721071
 157.000000 3.132788 -1.577629 0.062102
 157.200000 -3.082231 -1.527209 2.711818
 157.400000 -3.042258 -1.543182 5.314983
 157.600000 -3.091672 -1.463750 6.975451
 157.800000 3.114156 -1.482262 4.295580
 158.000000 -3.129016 -1.467106 5.454909
 158.200000 -3.080710 -1.546703 2.143581
 158.400000 -3.115242 -1.653965 3.805673
 158.600000 -3.077279 -1.520724 3.321760
 158.800000 3.136336 -1.529384 0.871288
 159.000000 3.059361 -1.533134 4.090234
 159.200000 -3.118628 -1.483601 4.065209
 159.400000 -3.059026 -1.590365 3.600067
 159.600000 -3.073706 -1.549051 2.540731
 159.800000 -3.080996 -1.544317 2.186567
 160.000000 3.129788 -1.489284 3.391790
 160.200000 -3.104237 -1.498349 3.322008
 160.400000 -3.122837 -1.577272 0.196863
 160.600000 -3.095067 -1.514830 2.648460
 160.800000 3.130069 -1.562799 0.098370
 161.000000 -3.118288 -1.591831 0.492780
 161.200000 -3.106638 -1.491681 3.740524
 161.400000 3.107565 -1.504942 2.747363
 161.600000 -3.107004 -1.598263 0.975405
 161.800000 -3.070668 -1.521412 3.734584
 162.000000 3.135624 -1.530724 0.820719
 162.200000 -3.125009 -1.574660 0.144972
 162.400000 3.133866 -1.556793 0.127901
 162.600000 -3.032057 -1.573971 6.004073
 162.800000 -3.093910 -1.635245 3.213652
 163.000000 -3.099959 -1.622223 2.189041
 163.200000 -3.088473 -1.523069 2.549822
 163.400000 -3.100584 -1.544002 1.199826
 163.600000 -3.114044 -1.548112 0.636765
 163.800000 -3.019105 -1.540589 7.957818
 164.000000 -3.070605 -1.517346 3.948110
 164.200000 -3.105950 -1.601978 1.121364
 164.400000 -3.059813 -1.519446 4.662407
 164.600000 -3.048182 -1.564430 4.383033
 164.800000 3.128105 -1.608119 0.787441
 165.000000 -3.030510 -1.594152 6.442443
 165.200000 -3.114073 -1.549846 0.598130
 165.400000 -3.121810 -1.605416 0.794953
 165.600000 -3.123090 -1.503312 2.448216
 165.800000 -3.028412 -1.562614 6.438362
 166.000000 -3.016496 -1.594552 8.106709
 166.200000 -3.137133 -1.616615 1.059604
 166.400000 -3.122843 -1.597087 0.521362
 166.600000 3.102245 -1.550781 0.974417
 166.800000 -3.135646 -1.584172 0.107142
 167.000000 -3.080994 -1.639671 4.207957
 167.200000 -3.063212 -1.504855 5.245945
 167.400000 -3.096560 -1.524106 2.103998
 167.600000 -3.100985 -1.598883 1.218919
 167.800000 -3.064539 -1.540902 3.415443
 168.000000 3.128775 -1.590085 0.268171
 168.200000 3.130048 -1.552113 0.241175
 168.400000 -3.036058 -1.523920 6.667523
 168.600000 -3.071678 -1.508728 4.370260
 168.800000 -3.138835 -1.587366 0.141086
 169.000000 -3.120959 -1.543859 0.575667
 169.200000 3.141554 -1.525246 1.037412
 169.400000 3.107598 -1.550972 0.774303
 169.600000 -3.131963 -1.525134 1.088893
 169.800000 -3.077518 -1.466666 7.474362
 170.000000 3.122243 -1.526931 1.149275
 170.200000 3.098518 -1.449467 8.288128
 170.400000 -3.061180 -1.479394 7.410356
 170.600000 -3.129276 -1.507767 2.062192
 170.800000 -3.102866 -1.591498 0.964149
 171.000000 -3.127434 -1.552322 0.270880
 171.200000 -3.136037 -1.513440 1.660288
 171.400000 3.133245 -1.463642 5.775897
 171.600000 -3.113675 -1.441584 8.737566
 171.800000 -3.130036 -1.500229 2.556675
 172.000000 -3.054733 -1.580198 3.816478
 172.200000 -3.083725 -1.547879 1.936950
 172.400000 -3.122398 -1.590991 0.388127
 172.600000 -3.125085 -1.514129 1.741816
 172.800000 -3.103121 -1.496653 3.488641
 173.000000 -3.035957 -1.466206 11.049062
 173.200000 -3.122999 -1.553937 0.314967
 173.400000 -3.087864 -1.517281 2.875301
 173.600000 -3.131670 -1.541224 0.486482
 173.800000 -3.140357 -1.627944 1.633664
 174.000000 -3.060464 -1.555184 3.412793
 174.200000 -3.059329 -1.555676 3.497996
 174.400000 -3.098606 -1.606527 1.562255
 174.600000 -3.047142 -1.483233 8.294159
 174.800000 -3.084083 -1.583635 1.736097
 175.000000 -3.062816 -1.513955 4.718314
 175.200000 -3.021774 -1.609911 7.943230
 175.400000 -3.044223 -1.545502 5.060275
 175.600000 -3.068034 -1.544647 3.047334
 175.800000 -3.042958 -1.517869 6.265049
 176.000000 -3.013314 -1.592501 8.463286
 176.200000 -3.084550 -1.524211 2.712015
 176.400000 -2.968636 -1.562631 14.990411
 176.600000 -3.083919 -1.627754 3.285219
 176.800000 3.140597 -1.621031 1.262281
 177.000000 -3.054005 -1.574015 3.841021
 177.200000 -3.077401 -1.648300 5.063729
 177.400000 -3.009566 -1.503363 10.989193
 177.600000 -3.050538 -1.612532 5.016391
 177.800000 -3.012153 -1.616867 9.438600
 178.000000 -3.039918 -1.550817 5.368448
 178.200000 3.122986 -1.613634 1.090625
 178.400000 -3.041250 -1.581414 5.090714
 178.600000 -3.115660 -1.576496 0.352499
 178.800000 -3.046019 -1.534017 5.243556
 179.000000 -3.106510 -1.550197 0.827555
 179.200000 -3.110728 -1.676172 6.028395
 179.400000 -3.009024 -1.532620 9.515945
 179.600000 3.116699 -1.551710 0.491993
 179.800000 -3.085820 -1.580413 1.601521
 180.000000 -3.082791 -1.487450 5.202102
 180.200000 -3.121229 -1.562658 0.240466
 180.400000 -3.043869 -1.586854 4.903834
 180.600000 3.137201 -1.551218 0.201298
 180.800000 -3.101931 -1.612264 1.646336
 181.000000 -3.116496 -1.518012 1.708003
 181.200000 -3.125527 -1.600959 0.583956
 181.400000 -3.141149 -1.501958 2.369468
 181.600000 -3.111583 -1.518976 1.792944
 181.800000 -3.105423 -1.533487 1.350123
 182.000000 -3.079589 -1.563303 1.950286
 182.200000 -3.078087 -1.523430 3.138284
 182.400000 3.128685 -1.588565 0.241170
 182.600000 3.106800 -1.487123 4.105899
 182.800000 -3.108415 -1.448792 7.992906
 183.000000 3.136823 -1.461789 5.952729
 183.200000 3.113654 -1.552447 0.558644
 183.400000 -3.029286 -1.512297 8.017417
 183.600000 -3.107639 -1.508892 2.492537
 183.800000 3.132332 -1.570060 0.043149
 184.000000 -3.133511 -1.466994 5.420076
 184.200000 3.094594 -1.424914 11.745316
 184.400000 -3.110671 -1.604983 1.062444
 184.600000 -3.086383 -1.497386 4.218554
 184.800000 -3.129719 -1.547083 0.351658
 185.000000 -3.118658 -1.575508 0.274105
 185.200000 -3.094777 -1.577899 1.121073
 185.400000 -3.129611 -1.584213 0.161774
 185.600000 -3.063669 -1.544030 3.394223
 185.800000 -3.118787 -1.549300 0.491094
 186.000000 -3.093356 -1.577927 1.188808
 186.200000 -3.082512 -1.525225 2.783589
 186.400000 3.108099 -1.676060 6.101160
 186.600000 -3.032574 -1.655614 9.539487
 186.800000 -3.048774 -1.590825 4.508227
 187.000000 -3.117024 -1.582439 0.369586
 187.200000 -3.138450 -1.564858 0.022569
 187.400000 -3.110812 -1.613246 1.374710
 187.600000 -3.126808 -1.628518 1.775188
 187.800000 -3.059646 -1.666663 7.952789
 188.000000 -3.093649 -1.662606 5.363773
 188.200000 -3.093508 -1.606152 1.781117
 188.400000 3.121823 -1.580354 0.241089
 188.600000 -3.085797 -1.518653 2.916044
 188.800000 3.134238 -1.602085 0.516545
 189.000000 -3.108995 -1.659317 4.449282
 189.200000 -3.127378 -1.655764 3.710788
 189.400000 -3.120819 -1.641232 2.696384
 189.600000 3.137476 -1.525552 1.032022
 189.800000 3.116792 -1.554982 0.432596
 190.000000 3.073580 -1.575790 2.325303
 190.200000 -3.037370 -1.560704 5.482078
 190.400000 -3.078034 -1.547978 2.280181
 190.600000 -3.101407 -1.620991 2.067205
 190.800000 -3.138491 -1.496059 2.797659
 191.000000 -3.120084 -1.548856 0.471993
 191.200000 -3.138865 -1.556727 0.102697
 191.400000 -3.121585 -1.563004 0.230510
 191.600000 -3.096776 -1.575421 1.014956
 191.800000 -3.064049 -1.536969 3.578660
 192.000000 3.138854 -1.496198 2.786236
 192.200000 -3.062649 -1.431429 12.827677
 192.400000 -3.039585 -1.518490 6.570806
 192.600000 -3.137036 -1.595701 0.320501
 192.800000 -3.094090 -1.513971 2.742816
 193.000000 3.139341 -1.585546 0.111310
 193.200000 3.123967 -1.574916 0.163818
 193.400000 -3.071144 -1.446229 10.240004
 193.600000 -3.122327 -1.493314 3.187328
 193.800000 3.113718 -1.437492 9.273496
 194.000000 -3.114006 -1.432358 9.963159
 194.200000 3.129674 -1.550087 0.285469
 194.400000 -3.057305 -1.559518 3.615797
 194.600000 -3.052627 -1.551035 4.152717
 194.800000 3.120333 -1.603166 0.749902
 195.000000 3.122556 -1.548454 0.430789
 195.200000 -3.132375 -1.584599 0.137733
 195.400000 -3.067193 -1.539059 3.271295
 195.600000 3.127189 -1.564422 0.124047
 195.800000 3.137571 -1.551173 0.200622
 196.000000 3.119822 -1.590770 0.436455
 196.200000 -3.091738 -1.603067 1.763436
 196.400000 3.137588 -1.586807 0.136189
 196.600000 -3.120249 -1.624183 1.652860
 196.800000 -3.044742 -1.617414 5.776574
 197.000000 -3.097389 -1.577916 1.002309
 197.200000 -3.128579 -1.600343 0.521186
 197.400000 -3.081325 -1.554501 1.948889
 197.600000 3.140558 -1.549688 0.223316
 197.800000 3.136333 -1.609775 0.773518
 198.000000 -3.123866 -1.586384 0.278593
 198.200000 -3.066221 -1.624411 4.277699
 198.400000 3.133737 -1.642362 2.591681
 198.600000 -3.096093 -1.613274 1.937269
 198.800000 -3.103102 -1.531081 1.529425
 199.000000 -3.125286 -1.659058 4.028013
 199.200000 -3.120772 -1.496364 2.986826
 199.400000 -3.046835 -1.477068 8.882039
 199.600000 3.138723 -1.585078 0.106107
 199.800000 -3.064879 -1.540493 3.401622
 200.000000 -3.108752 -1.577801 0.563781
