#! FIELDS time phi psi restraint.bias
#! SET min_phi -pi
#! SET max_phi pi
#! SET min_psi -pi
#! SET max_psi pi
 0.000000 -2.015499 0.294638 172.979145
 0.200000 -2.350475 0.552313 14.954807
 0.400000 -2.523219 0.653417 4.180398
 0.600000 -2.418536 0.654994 1.241045
 0.800000 -2.328097 0.642520 8.200795
 1.000000 -2.345440 0.595169 10.104669
 1.200000 -2.365615 0.669064 3.452447
 1.400000 -2.465445 0.694522 0.248168
 1.600000 -2.458032 0.657616 0.926928
 1.800000 -2.367531 0.683807 2.985318
 2.000000 -2.342538 0.506546 23.445187
 2.200000 -2.357086 0.615918 7.109836
 2.400000 -2.362311 0.670253 3.681252
 2.600000 -2.319028 0.593208 13.246230
 2.800000 -2.348531 0.635128 6.490613
 3.000000 -2.422011 0.677453 0.443859
 3.200000 -2.371767 0.584397 9.037767
 3.400000 -2.381045 0.628300 4.386056
 3.600000 -2.420111 0.673951 0.564968
 3.800000 -2.473287 0.583928 6.966074
 4.000000 -2.336012 0.531865 19.594988
 4.200000 -2.365915 0.670968 3.375662
 4.400000 -2.426189 0.639644 1.859583
 4.600000 -2.450272 0.634274 2.062095
 4.800000 -2.415013 0.687307 0.463234
 5.000000 -2.486199 0.683342 1.022657
 5.200000 -2.372444 0.764722 4.738871
 5.400000 -2.367856 0.582167 9.581923
 5.600000 -2.360663 0.672587 3.754007
 5.800000 -2.476307 0.633666 2.617364
 6.000000 -2.404262 0.645111 2.173901
 6.200000 -2.402252 0.637551 2.684076
 6.400000 -2.359687 0.670690 3.885615
 6.600000 -2.406925 0.687764 0.721177
 6.800000 -2.360590 0.753706 4.978059
 7.000000 -2.395330 0.623850 3.917174
 7.200000 -2.402889 0.619624 3.904795
 7.400000 -2.440476 0.624022 2.750616
 7.600000 -2.361630 0.652731 4.378794
 7.800000 -2.452669 0.709178 0.103396
 8.000000 -2.477441 0.678182 0.776320
 8.200000 -2.362432 0.590732 9.050199
 8.400000 -2.293782 0.592186 16.814180
 8.600000 -2.388190 0.634197 3.571286
 8.800000 -2.498988 0.617214 4.815442
 9.000000 -2.336385 0.696529 5.733952
 9.200000 -2.310981 0.641822 10.360930
 9.400000 -2.452067 0.639166 1.775488
 9.600000 -2.448773 0.694160 0.022000
 9.800000 -2.353637 0.623522 6.817548
 10.000000 -2.461955 0.634178 2.216033
 10.200000 -2.432802 0.681874 0.188969
 10.400000 -2.365000 0.674230 3.363711
 10.600000 -2.357028 0.645024 5.145522
 10.800000 -2.413334 0.704573 0.474566
 11.000000 -2.424162 0.706274 0.219375
 11.200000 -2.426729 0.677604 0.350667
 11.400000 -2.431153 0.650659 1.202575
 11.600000 -2.447965 0.610757 3.827291
 11.800000 -2.384872 0.683147 1.828587
 12.000000 -2.398568 0.726001 1.396069
 12.200000 -2.456510 0.648229 1.330294
 12.400000 -2.435695 0.647109 1.331822
 12.600000 -2.301282 0.662511 10.741879
 12.800000 -2.397276 0.663141 1.678678
 13.000000 -2.488369 0.630976 3.263284
 13.200000 -2.395373 0.625407 3.800708
 13.400000 -2.364158 0.690256 3.175518
 13.600000 -2.444182 0.651472 1.088828
 13.800000 -2.408804 0.620740 3.595302
 14.000000 -2.365579 0.679157 3.212802
 14.200000 -2.366298 0.693714 2.986842
 14.400000 -2.382931 0.667377 2.304839
 14.600000 -2.500667 0.641432 3.243723
 14.800000 -2.345169 0.623254 7.633994
 15.000000 -2.350620 0.635844 6.249635
 15.200000 -2.418817 0.711722 0.396007
 15.400000 -2.497452 0.647108 2.759225
 15.600000 -2.365672 0.627530 5.517875
 15.800000 -2.312858 0.681587 8.665402
 16.000000 -2.362589 0.720516 3.520707
 16.200000 -2.436828 0.644114 1.480968
 16.400000 -2.373264 0.689809 2.498446
 16.600000 -2.336451 0.680025 5.889479
 16.800000 -2.419787 0.656329 1.153977
 17.000000 -2.395310 0.635396 3.127113
 17.200000 -2.353568 0.624483 6.752440
 17.400000 -2.433827 0.626732 2.595338
 17.600000 -2.427953 0.684913 0.207617
 17.800000 -2.415913 0.636163 2.299522
 18.000000 -2.377841 0.662200 2.798505
 18.200000 -2.328432 0.638811 8.375276
 18.400000 -2.445325 0.606629 4.188125
 18.600000 -2.456842 0.600988 4.807943
 18.800000 -2.358669 0.700650 3.598036
 19.000000 -2.416152 0.582830 7.020140
 19.200000 -2.420934 0.675575 0.508127
 19.400000 -2.369944 0.693807 2.711709
 19.600000 -2.469534 0.650514 1.473642
 19.800000 -2.446007 0.658945 0.771040
 20.000000 -2.344758 0.673781 5.167602
 20.200000 -2.435907 0.653004 1.046764
 20.400000 -2.459826 0.658788 0.907877
 20.600000 -2.365576 0.683851 3.135018
 20.800000 -2.398675 0.587745 7.095561
 21.000000 -2.382774 0.602133 6.449337
 21.200000 -2.366896 0.745427 4.049482
 21.400000 -2.452023 0.696143 0.038630
 21.600000 -2.443043 0.710460 0.076078
 21.800000 -2.365621 0.695314 3.033477
 22.000000 -2.368870 0.561020 12.181703
 22.200000 -2.369785 0.652309 3.763916
 22.400000 -2.410595 0.680823 0.689861
 22.600000 -2.441676 0.604476 4.387286
 22.800000 -2.405981 0.719758 0.936235
 23.000000 -2.420584 0.734381 0.918694
 23.200000 -2.421590 0.666933 0.725835
 23.400000 -2.422332 0.612343 3.903083
 23.600000 -2.432053 0.674474 0.344917
 23.800000 -2.419385 0.668011 0.743466
 24.000000 -2.452110 0.685284 0.119938
 24.200000 -2.487590 0.703619 0.988725
 24.400000 -2.373046 0.746779 3.662403
 24.600000 -2.425655 0.634500 2.183006
 24.800000 -2.488818 0.639472 2.749153
 25.000000 -2.400749 0.669022 1.335865
 25.200000 -2.319185 0.716760 7.895806
 25.400000 -2.493475 0.681375 1.391076
 25.600000 -2.488461 0.672687 1.336218
 25.800000 -2.402814 0.706066 0.857576
 26.000000 -2.423798 0.736075 0.913139
 26.200000 -2.488306 0.664461 1.572389
 26.400000 -2.389326 0.660647 2.167869
 26.600000 -2.357029 0.667809 4.194979
 26.800000 -2.395061 0.734051 1.816359
 27.000000 -2.474540 0.749259 1.789975
 27.200000 -2.482037 0.625187 3.404528
 27.400000 -2.363254 0.754354 4.797075
 27.600000 -2.425295 0.725388 0.536464
 27.800000 -2.486943 0.661286 1.624122
 28.000000 -2.428936 0.671973 0.447630
 28.200000 -2.393077 0.672677 1.593261
 28.400000 -2.512325 0.751153 3.776774
 28.600000 -2.471395 0.795609 5.141039
 28.800000 -2.442679 0.697799 0.000361
 29.000000 -2.437659 0.701674 0.023105
 29.200000 -2.484943 0.690125 0.892423
 29.400000 -2.413918 0.738686 1.258708
 29.600000 -2.456545 0.734881 0.760869
 29.800000 -2.499195 0.705994 1.584044
 30.000000 -2.396577 0.711356 1.186483
 30.200000 -2.405087 0.703890 0.752846
 30.400000 -2.433509 0.751357 1.465968
 30.600000 -2.425310 0.714760 0.302994
 30.800000 -2.392202 0.785688 5.146750
 31.000000 -2.446406 0.695899 0.006829
 31.200000 -2.376871 0.655015 3.146618
 31.400000 -2.435692 0.746590 1.204269
 31.600000 -2.443848 0.712660 0.105611
 31.800000 -2.398104 0.761223 3.018890
 32.000000 -2.494200 0.708317 1.339089
 32.200000 -2.497371 0.658938 2.221243
 32.400000 -2.448173 0.730464 0.533788
 32.600000 -2.354003 0.769366 6.538532
 32.800000 -2.527180 0.704725 3.526215
 33.000000 -2.447821 0.678979 0.192928
 33.200000 -2.428029 0.615727 3.514323
 33.400000 -2.370148 0.682928 2.802999
 33.600000 -2.501779 0.778908 4.962857
 33.800000 -2.491619 0.691597 1.180956
 34.000000 -2.387964 0.635707 3.488376
 34.200000 -2.339119 0.633907 7.506006
 34.400000 -2.485361 0.635675 2.828225
 34.600000 -2.454200 0.728861 0.529799
 34.800000 -2.423882 0.744693 1.275634
 35.000000 -2.436477 0.634828 2.028088
 35.200000 -2.406773 0.674175 0.959981
 35.400000 -2.423587 0.671351 0.556091
 35.600000 -2.407013 0.764534 2.868883
 35.800000 -2.471684 0.730227 0.913318
 36.000000 -2.427015 0.702385 0.144288
 36.200000 -2.403074 0.756660 2.528335
 36.400000 -2.419912 0.619240 3.389189
 36.600000 -2.411419 0.610513 4.351818
 36.800000 -2.407898 0.758290 2.441879
 37.000000 -2.471890 0.745020 1.503356
 37.200000 -2.490551 0.684416 1.202797
 37.400000 -2.392417 0.755698 2.959687
 37.600000 -2.400038 0.688178 0.992338
 37.800000 -2.428105 0.688784 0.161599
 38.000000 -2.429603 0.740333 0.986496
 38.200000 -2.429219 0.803246 5.625874
 38.400000 -2.431838 0.620431 3.086266
 38.600000 -2.433528 0.625303 2.701342
 38.800000 -2.401466 0.665870 1.402190
 39.000000 -2.411820 0.683886 0.602060
 39.200000 -2.479827 0.727444 1.090845
 39.400000 -2.484884 0.689305 0.896908
 39.600000 -2.382417 0.590950 7.607173
 39.800000 -2.429892 0.607136 4.232207
 40.000000 -2.422106 0.650432 1.365635
 40.200000 -2.377907 0.685176 2.232594
 40.400000 -2.424561 0.738375 0.988381
 40.600000 -2.475329 0.600051 5.317755
 40.800000 -2.378983 0.699087 2.079146
 41.000000 -2.444645 0.644640 1.431406
 41.200000 -2.459017 0.654883 1.056200
 41.400000 -2.417827 0.739169 1.170593
 41.600000 -2.475756 0.692710 0.536167
 41.800000 -2.408878 0.648392 1.835041
 42.000000 -2.392851 0.697614 1.280839
 42.200000 -2.433271 0.723001 0.361170
 42.400000 -2.484937 0.745978 2.004755
 42.600000 -2.421167 0.648026 1.503799
 42.800000 -2.461053 0.600566 4.914242
 43.000000 -2.407621 0.724489 0.989597
 43.200000 -2.467218 0.680595 0.435982
 43.400000 -2.411798 0.716717 0.673979
 43.600000 -2.424599 0.724969 0.538023
 43.800000 -2.477277 0.607989 4.634621
 44.000000 -2.434027 0.678211 0.242906
 44.200000 -2.420304 0.681091 0.413301
 44.400000 -2.528697 0.706772 3.669907
 44.600000 -2.404147 0.821203 8.346058
 44.800000 -2.360362 0.714107 3.580351
 45.000000 -2.461833 0.614305 3.682208
 45.200000 -2.410701 0.636061 2.462960
 45.400000 -2.382474 0.687369 1.917629
 45.600000 -2.546266 0.699545 5.285452
 45.800000 -2.433733 0.747315 1.256820
 46.000000 -2.305561 0.690472 9.537519
 46.200000 -2.392057 0.707279 1.363040
 46.400000 -2.459720 0.782733 3.710873
 46.600000 -2.457153 0.706487 0.128641
 46.800000 -2.434624 0.611954 3.752373
 47.000000 -2.470836 0.571528 8.388905
 47.200000 -2.415180 0.686575 0.466686
 47.400000 -2.491588 0.767724 3.579638
 47.600000 -2.494986 0.799836 6.499344
 47.800000 -2.336436 0.707040 5.766809
 48.000000 -2.360987 0.731172 3.946858
 48.200000 -2.429263 0.747782 1.333351
 48.400000 -2.499619 0.681430 1.716342
 48.600000 -2.370134 0.642443 4.239016
 48.800000 -2.359443 0.746152 4.682483
 49.000000 -2.434395 0.707026 0.080648
 49.200000 -2.409270 0.684601 0.676059
 49.400000 -2.427146 0.765035 2.371152
 49.600000 -2.484836 0.702625 0.866041
 49.800000 -2.361902 0.738182 4.127936
 50.000000 -2.420160 0.632924 2.397464
 50.200000 -2.505275 0.681160 2.054534
 50.400000 -2.413188 0.779440 3.763753
 50.600000 -2.442042 0.736826 0.749615
 50.800000 -2.458623 0.721209 0.381231
 51.000000 -2.411652 0.664370 1.075827
 51.200000 -2.423290 0.669668 0.608530
 51.400000 -2.493138 0.699863 1.235420
 51.600000 -2.409864 0.672625 0.889687
 51.800000 -2.476017 0.679417 0.705067
 52.000000 -2.452066 0.770009 2.620174
 52.200000 -2.378157 0.779007 5.402735
 52.400000 -2.486980 0.701124 0.951432
 52.600000 -2.481966 0.612100 4.442043
 52.800000 -2.405789 0.671471 1.064991
 53.000000 -2.476384 0.648431 1.777047
 53.200000 -2.467271 0.699316 0.284150
 53.400000 -2.382674 0.761731 3.869972
 53.600000 -2.398510 0.745034 2.110216
 53.800000 -2.451542 0.689216 0.072401
 54.000000 -2.447153 0.672438 0.336899
 54.200000 -2.471484 0.647697 1.664476
 54.400000 -2.448189 0.693388 0.022429
 54.600000 -2.392852 0.716060 1.441333
 54.800000 -2.525002 0.722489 3.621140
 55.000000 -2.441630 0.784958 3.771040
 55.200000 -2.462132 0.740111 1.055411
 55.400000 -2.394956 0.644586 2.609914
 55.600000 -2.439610 0.654414 0.963032
 55.800000 -2.512302 0.694828 2.374996
 56.000000 -2.435438 0.653670 1.020623
 56.200000 -2.409607 0.758768 2.411449
 56.400000 -2.482335 0.732152 1.334290
 56.600000 -2.434659 0.626016 2.639056
 56.800000 -2.458439 0.654743 1.053444
 57.000000 -2.464252 0.676962 0.440216
 57.200000 -2.455717 0.775274 3.050614
 57.400000 -2.518239 0.701057 2.800143
 57.600000 -2.442686 0.710095 0.071866
 57.800000 -2.329501 0.706531 6.528659
 58.000000 -2.389718 0.567898 9.924586
 58.200000 -2.509179 0.519480 18.117645
 58.400000 -2.368587 0.702904 2.814463
 58.600000 -2.415028 0.707901 0.451944
 58.800000 -2.537367 0.707706 4.455013
 59.000000 -2.428456 0.750434 1.480363
 59.200000 -2.431284 0.728694 0.541167
 59.400000 -2.467292 0.645798 1.653364
 59.600000 -2.475056 0.691502 0.521102
 59.800000 -2.422669 0.690099 0.248426
 60.000000 -2.421512 0.672401 0.571924
 60.200000 -2.427478 0.730795 0.661185
 60.400000 -2.509192 0.821894 9.818794
 60.600000 -2.431587 0.799221 5.180064
 60.800000 -2.486436 0.755947 2.594706
 61.000000 -2.500842 0.704793 1.668487
 61.200000 -2.440712 0.715742 0.158839
 61.400000 -2.486752 0.697786 0.937138
 61.600000 -2.488696 0.757078 2.760412
 61.800000 -2.415076 0.751668 1.835914
 62.000000 -2.478030 0.677555 0.809211
 62.200000 -2.458261 0.655921 1.000413
 62.400000 -2.406273 0.748771 1.973622
 62.600000 -2.433294 0.641564 1.651653
 62.800000 -2.443519 0.681334 0.141079
 63.000000 -2.421041 0.716354 0.417352
 63.200000 -2.375768 0.666413 2.794219
 63.400000 -2.528419 0.710512 3.685595
 63.600000 -2.419859 0.730328 0.796820
 63.800000 -2.342454 0.740078 5.980976
 64.000000 -2.467965 0.650532 1.433075
 64.200000 -2.480905 0.704411 0.720734
 64.400000 -2.410688 0.685670 0.614668
 64.600000 -2.377887 0.705721 2.178768
 64.800000 -2.471950 0.656400 1.276549
 65.000000 -2.436793 0.695667 0.025268
 65.200000 -2.392594 0.789933 5.507491
 65.400000 -2.469159 0.701860 0.337156
 65.600000 -2.440019 0.621186 2.966212
 65.800000 -2.437090 0.704520 0.040700
 66.000000 -2.387346 0.746796 2.758549
 66.200000 -2.557861 0.659637 7.284544
 66.400000 -2.382996 0.831642 10.740539
 66.600000 -2.441334 0.749259 1.309241
 66.800000 -2.477851 0.745867 1.730665
 67.000000 -2.538886 0.714955 4.694522
 67.200000 -2.437704 0.671162 0.380247
 67.400000 -2.411432 0.678984 0.696260
 67.600000 -2.421151 0.804797 5.937563
 67.800000 -2.472384 0.775228 3.390227
 68.000000 -2.468091 0.689033 0.344702
 68.200000 -2.406465 0.758927 2.532393
 68.400000 -2.456912 0.733321 0.709593
 68.600000 -2.466315 0.637161 2.119849
 68.800000 -2.392686 0.695517 1.292455
 69.000000 -2.360121 0.795274 8.191135
 69.200000 -2.517911 0.692956 2.784796
 69.400000 -2.434781 0.705530 0.065033
 69.600000 -2.353888 0.676837 4.238406
 69.800000 -2.422359 0.679306 0.399865
 70.000000 -2.435007 0.759098 1.894175
 70.200000 -2.414157 0.664611 0.991183
 70.400000 -2.329512 0.649617 7.668965
 70.600000 -2.411968 0.710184 0.568520
 70.800000 -2.541145 0.676182 5.011955
 71.000000 -2.439989 0.768770 2.500947
 71.200000 -2.376377 0.785439 6.061416
 71.400000 -2.410167 0.681950 0.685152
 71.600000 -2.507442 0.779000 5.316640
 71.800000 -2.389049 0.671941 1.823270
 72.000000 -2.409737 0.632862 2.698757
 72.200000 -2.394991 0.725503 1.549274
 72.400000 -2.415636 0.666953 0.873164
 72.600000 -2.424861 0.727263 0.597302
 72.800000 -2.359246 0.704895 3.568923
 73.000000 -2.314345 0.665053 8.882571
 73.200000 -2.427407 0.696662 0.129944
 73.400000 -2.403922 0.766700 3.132499
 73.600000 -2.467494 0.664214 0.863984
 73.800000 -2.430031 0.675191 0.353329
 74.000000 -2.396827 0.665627 1.615664
 74.200000 -2.423173 0.690216 0.237122
 74.400000 -2.496979 0.676684 1.662090
 74.600000 -2.395922 0.630837 3.394310
 74.800000 -2.417302 0.711012 0.425106
 75.000000 -2.460936 0.678699 0.341512
 75.200000 -2.440272 0.613336 3.600224
 75.400000 -2.378318 0.730521 2.646346
 75.600000 -2.416583 0.739061 1.198836
 75.800000 -2.492421 0.710685 1.277315
 76.000000 -2.489157 0.726195 1.437869
 76.200000 -2.303715 0.717730 9.956484
 76.400000 -2.361945 0.657134 4.162849
 76.600000 -2.484999 0.631252 3.099180
 76.800000 -2.443455 0.648936 1.210106
 77.000000 -2.325308 0.726611 7.385603
 77.200000 -2.448890 0.674123 0.302945
 77.400000 -2.429153 0.612032 3.808982
 77.600000 -2.443738 0.722462 0.296029
 77.800000 -2.409039 0.763686 2.741134
 78.000000 -2.485558 0.638778 2.647468
 78.200000 -2.392461 0.697262 1.300881
 78.400000 -2.430833 0.630411 2.372803
 78.600000 -2.416781 0.663033 0.971871
 78.800000 -2.456457 0.711539 0.174320
 79.000000 -2.444174 0.752011 1.451717
 79.200000 -2.527570 0.691130 3.561647
 79.400000 -2.410483 0.705632 0.571885
 79.600000 -2.403858 0.678564 0.975629
 79.800000 -2.436412 0.671697 0.374237
 80.000000 -2.492595 0.818697 8.475058
 80.200000 -2.474406 0.750153 1.831915
 80.400000 -2.402856 0.780847 4.245333
 80.600000 -2.454479 0.726829 0.472464
 80.800000 -2.461471 0.668002 0.616091
 81.000000 -2.426654 0.759483 2.023252
 81.200000 -2.506910 0.761694 4.032975
 81.400000 -2.537721 0.690395 4.472416
 81.600000 -2.395545 0.670921 1.518183
 81.800000 -2.471542 0.622357 3.265183
 82.000000 -2.409773 0.708090 0.617032
 82.200000 -2.384072 0.754016 3.325020
 82.400000 -2.437199 0.622137 2.907175
 82.600000 -2.499938 0.690550 1.623580
 82.800000 -2.340128 0.770455 7.954197
 83.000000 -2.395122 0.675037 1.434981
 83.200000 -2.451329 0.626113 2.624322
 83.400000 -2.472331 0.650062 1.572086
 83.600000 -2.461483 0.770297 2.766296
 83.800000 -2.386845 0.770375 4.212216
 84.000000 -2.550669 0.695040 5.751512
 84.200000 -2.513820 0.687388 2.532909
 84.400000 -2.356729 0.658797 4.534811
 84.600000 -2.370129 0.698538 2.688850
 84.800000 -2.507033 0.782171 5.551993
 85.000000 -2.516825 0.739298 3.538445
 85.200000 -2.386450 0.808136 7.675607
 85.400000 -2.454991 0.766210 2.383775
 85.600000 -2.505666 0.688124 1.984826
 85.800000 -2.389618 0.673820 1.745065
 86.000000 -2.407064 0.679305 0.839575
 86.200000 -2.475823 0.673336 0.831064
 86.400000 -2.465340 0.699524 0.240320
 86.600000 -2.412951 0.596305 5.649787
 86.800000 -2.438717 0.695714 0.014175
 87.000000 -2.368956 0.799851 7.948975
 87.200000 -2.439890 0.673151 0.318384
 87.400000 -2.459972 0.667383 0.609038
 87.600000 -2.421943 0.616025 3.602288
 87.800000 -2.446826 0.615812 3.393944
 88.000000 -2.431345 0.736744 0.818856
 88.200000 -2.484555 0.718331 1.048357
 88.400000 -2.431544 0.677415 0.285601
 88.600000 -2.391783 0.767182 3.719255
 88.800000 -2.436980 0.737033 0.777649
 89.000000 -2.554980 0.644570 7.652659
 89.200000 -2.403560 0.681335 0.937110
 89.400000 -2.319039 0.651903 8.808988
 89.600000 -2.442506 0.750819 1.388416
 89.800000 -2.515154 0.741599 3.514629
 90.000000 -2.398323 0.712329 1.119495
 90.200000 -2.397842 0.653313 2.044897
 90.400000 -2.484405 0.642499 2.385667
 90.600000 -2.457033 0.735866 0.804031
 90.800000 -2.419240 0.735106 0.976880
 91.000000 -2.469522 0.705925 0.369962
 91.200000 -2.471496 0.732933 0.998541
 91.400000 -2.421003 0.746972 1.444846
 91.600000 -2.416056 0.742976 1.381026
 91.800000 -2.391745 0.684866 1.425288
 92.000000 -2.488447 0.709661 1.078323
 92.200000 -2.432626 0.671806 0.405212
 92.400000 -2.415859 0.660055 1.105869
 92.600000 -2.457874 0.773931 2.976615
 92.800000 -2.415301 0.737518 1.172136
 93.000000 -2.450312 0.732991 0.631052
 93.200000 -2.440179 0.667412 0.477247
 93.400000 -2.368519 0.728276 3.262465
 93.600000 -2.464665 0.734625 0.890697
 93.800000 -2.517491 0.587877 8.818238
 94.000000 -2.354630 0.674413 4.226767
 94.200000 -2.405105 0.704983 0.759071
 94.400000 -2.501616 0.803703 7.263633
 94.600000 -2.451641 0.762553 2.108537
 94.800000 -2.408532 0.672824 0.930247
 95.000000 -2.368259 0.610875 6.634499
 95.200000 -2.449174 0.665712 0.541849
 95.400000 -2.409808 0.755696 2.223055
 95.600000 -2.469628 0.667094 0.824043
 95.800000 -2.390951 0.682862 1.495220
 96.000000 -2.328017 0.643282 8.167883
 96.200000 -2.393700 0.632202 3.411479
 96.400000 -2.511581 0.621811 5.232580
 96.600000 -2.294949 0.667368 11.501026
 96.800000 -2.417728 0.690169 0.362803
 97.000000 -2.438328 0.601791 4.653959
 97.200000 -2.382142 0.561537 11.209012
 97.400000 -2.327937 0.689961 6.706330
 97.600000 -2.440412 0.647455 1.288734
 97.800000 -2.404563 0.593878 6.190937
 98.000000 -2.344995 0.731363 5.399903
 98.200000 -2.416992 0.703395 0.364151
 98.400000 -2.464720 0.679001 0.408977
 98.600000 -2.426701 0.750240 1.498089
 98.800000 -2.334525 0.667732 6.395557
 99.000000 -2.443446 0.724326 0.343079
 99.200000 -2.489654 0.749484 2.385444
 99.400000 -2.438206 0.692036 0.032384
 99.600000 -2.355920 0.770967 6.484220
 99.800000 -2.446713 0.656873 0.856410
 100.000000 -2.497326 0.675423 1.708566
 100.200000 -2.365112 0.783826 6.741012
 100.400000 -2.398734 0.625038 3.671634
 100.600000 -2.457822 0.717770 0.295938
 100.800000 -2.386039 0.666908 2.136094
 101.000000 -2.474065 0.682553 0.589665
 101.200000 -2.429612 0.760962 2.069747
 101.400000 -2.427404 0.658218 0.925446
 101.600000 -2.441312 0.676852 0.228718
 101.800000 -2.404099 0.752313 2.242463
 102.000000 -2.508461 0.644721 3.538840
 102.200000 -2.454395 0.699126 0.060276
 102.400000 -2.395310 0.697334 1.159564
 102.600000 -2.401954 0.716251 1.025590
 102.800000 -2.463605 0.684698 0.293128
 103.000000 -2.446251 0.659541 0.748495
 103.200000 -2.385623 0.640748 3.319029
 103.400000 -2.431810 0.694942 0.072958
 103.600000 -2.483639 0.704513 0.827503
 103.800000 -2.412987 0.700385 0.466857
 104.000000 -2.364904 0.665054 3.632622
 104.200000 -2.432631 0.609263 4.007499
 104.400000 -2.334797 0.724435 6.249807
 104.600000 -2.365559 0.719114 3.254464
 104.800000 -2.463835 0.621682 3.129855
 105.000000 -2.381220 0.600061 6.745862
 105.200000 -2.387589 0.598329 6.541163
 105.400000 -2.432294 0.652903 1.085172
 105.600000 -2.418414 0.667258 0.790271
 105.800000 -2.387238 0.642639 3.120208
 106.000000 -2.428352 0.637770 1.935911
 106.200000 -2.399427 0.720356 1.216450
 106.400000 -2.419824 0.679999 0.443738
 106.600000 -2.446918 0.626806 2.549656
 106.800000 -2.340544 0.564201 14.264646
 107.000000 -2.419859 0.622318 3.152361
 107.200000 -2.433907 0.609621 3.962716
 107.400000 -2.395108 0.584031 7.678544
 107.600000 -2.349967 0.718988 4.588075
 107.800000 -2.390317 0.738574 2.229958
 108.000000 -2.390877 0.667880 1.840146
 108.200000 -2.456469 0.612194 3.777219
 108.400000 -2.407382 0.636201 2.568580
 108.600000 -2.419840 0.725307 0.648218
 108.800000 -2.490568 0.702236 1.117973
 109.000000 -2.401370 0.683813 0.988336
 109.200000 -2.359931 0.713898 3.612912
 109.400000 -2.390863 0.698995 1.383627
 109.600000 -2.432052 0.730928 0.602891
 109.800000 -2.464989 0.748423 1.496320
 110.000000 -2.379388 0.635257 4.029279
 110.200000 -2.315270 0.662160 8.863413
 110.400000 -2.453547 0.611117 3.836628
 110.600000 -2.525110 0.690055 3.365923
 110.800000 -2.375336 0.775920 5.345987
 111.000000 -2.453011 0.726877 0.458759
 111.200000 -2.433426 0.702490 0.059849
 111.400000 -2.452089 0.716774 0.210984
 111.600000 -2.444823 0.763583 2.142857
 111.800000 -2.460470 0.747239 1.350416
 112.000000 -2.451883 0.700813 0.039055
 112.200000 -2.508747 0.651132 3.235636
 112.400000 -2.471161 0.648239 1.628300
 112.600000 -2.466574 0.758857 2.110854
 112.800000 -2.455668 0.776853 3.172998
 113.000000 -2.479142 0.735645 1.340206
 113.200000 -2.456667 0.752171 1.547304
 113.400000 -2.389335 0.776671 4.549074
 113.600000 -2.407895 0.685769 0.708881
 113.800000 -2.529461 0.679093 3.879277
 114.000000 -2.540975 0.761330 6.751539
 114.200000 -2.406030 0.759200 2.565199
 114.400000 -2.390235 0.767847 3.846663
 114.600000 -2.440378 0.714025 0.131050
 114.800000 -2.440594 0.676587 0.236194
 115.000000 -2.465407 0.711894 0.335508
 115.200000 -2.400696 0.717802 1.107867
 115.400000 -2.415454 0.697926 0.392223
 115.600000 -2.452771 0.734642 0.709840
 115.800000 -2.389864 0.717154 1.617262
 116.000000 -2.413141 0.672860 0.778984
 116.200000 -2.487859 0.691410 1.008200
 116.400000 -2.340966 0.704824 5.275041
 116.600000 -2.371912 0.589491 8.461084
 116.800000 -2.529994 0.663873 4.330798
 117.000000 -2.423894 0.777627 3.351156
 117.200000 -2.359293 0.686630 3.608289
 117.400000 -2.453154 0.644922 1.462632
 117.600000 -2.313138 0.677771 8.699353
 117.800000 -2.343633 0.647646 6.257221
 118.000000 -2.505940 0.645730 3.324790
 118.200000 -2.391395 0.567202 9.926766
 118.400000 -2.365623 0.694096 3.037483
 118.600000 -2.481274 0.703913 0.731622
 118.800000 -2.478584 0.661106 1.302279
 119.000000 -2.330953 0.704841 6.351583
 119.200000 -2.455457 0.689738 0.107173
 119.400000 -2.467047 0.636502 2.177260
 119.600000 -2.529242 0.678873 3.864604
 119.800000 -2.404979 0.709663 0.806924
 120.000000 -2.344749 0.717276 5.055321
 120.200000 -2.463649 0.721776 0.483316
 120.400000 -2.482204 0.656169 1.630943
 120.600000 -2.443929 0.773493 2.839790
 120.800000 -2.402799 0.681536 0.964400
 121.000000 -2.439963 0.543849 11.907671
 121.200000 -2.437552 0.665635 0.545470
 121.400000 -2.432689 0.703960 0.075000
 121.600000 -2.383877 0.734445 2.434461
 121.800000 -2.435734 0.683795 0.132630
 122.000000 -2.435465 0.627859 2.501093
 122.200000 -2.449176 0.730438 0.538180
 122.400000 -2.419737 0.664051 0.862161
 122.600000 -2.364819 0.646594 4.420334
 122.800000 -2.417232 0.679891 0.510345
 123.000000 -2.387462 0.707534 1.612158
 123.200000 -2.376582 0.716501 2.405120
 123.400000 -2.429611 0.657674 0.914311
 123.600000 -2.461347 0.613635 3.729771
 123.800000 -2.409285 0.728555 1.046777
 124.000000 -2.483483 0.672285 1.134932
 124.200000 -2.438172 0.648223 1.259437
 124.400000 -2.383740 0.725448 2.156356
 124.600000 -2.484086 0.705800 0.854589
 124.800000 -2.443564 0.713203 0.113585
 125.000000 -2.329083 0.748172 7.793175
 125.200000 -2.432941 0.681721 0.189987
 125.400000 -2.552282 0.733251 6.537691
 125.600000 -2.439016 0.698714 0.010047
 125.800000 -2.450211 0.723142 0.335538
 126.000000 -2.421037 0.763388 2.380620
 126.200000 -2.408154 0.680246 0.783244
 126.400000 -2.446688 0.678161 0.204626
 126.600000 -2.507911 0.661978 2.730457
 126.800000 -2.461710 0.743215 1.182783
 127.000000 -2.477211 0.759092 2.427609
 127.200000 -2.458524 0.666498 0.613788
 127.400000 -2.373142 0.702616 2.482421
 127.600000 -2.483278 0.675450 1.049922
 127.800000 -2.369369 0.797442 7.676093
 128.000000 -2.498600 0.743632 2.555314
 128.200000 -2.480420 0.723664 1.008961
 128.400000 -2.372191 0.686908 2.602709
 128.600000 -2.413736 0.709928 0.511362
 128.800000 -2.512126 0.681280 2.499441
 129.000000 -2.379214 0.786101 5.933109
 129.200000 -2.460444 0.728109 0.593512
 129.400000 -2.556049 0.673653 6.637666
 129.600000 -2.333152 0.711446 6.172676
 129.800000 -2.372609 0.712207 2.609045
 130.000000 -2.467133 0.758098 2.078145
 130.200000 -2.510570 0.750502 3.623143
 130.400000 -2.416105 0.745131 1.478647
 130.600000 -2.360896 0.624686 6.105544
 130.800000 -2.456077 0.753477 1.611138
 131.000000 -2.477762 0.758458 2.407934
 131.200000 -2.388170 0.746750 2.710428
 131.400000 -2.414331 0.759548 2.310257
 131.600000 -2.499090 0.668355 1.990606
 131.800000 -2.412207 0.759697 2.383559
 132.000000 -2.340495 0.664919 5.852485
 132.200000 -2.504617 0.708916 1.928195
 132.400000 -2.489967 0.693729 1.091098
 132.600000 -2.373609 0.656666 3.299393
 132.800000 -2.334960 0.706253 5.919225
 133.000000 -2.423622 0.712010 0.293090
 133.200000 -2.472293 0.678795 0.602609
 133.400000 -2.478978 0.651251 1.729630
 133.600000 -2.372663 0.755970 4.178818
 133.800000 -2.355911 0.753833 5.383777
 134.000000 -2.474131 0.627433 2.969508
 134.200000 -2.458268 0.712734 0.216229
 134.400000 -2.411444 0.761636 2.528906
 134.600000 -2.390549 0.700425 1.402479
 134.800000 -2.419030 0.618465 3.471840
 135.000000 -2.442525 0.661435 0.673748
 135.200000 -2.422680 0.703943 0.232816
 135.400000 -2.494191 0.578828 8.403427
 135.600000 -2.370177 0.648270 3.928361
 135.800000 -2.325210 0.722373 7.285427
 136.000000 -2.403135 0.763649 2.959358
 136.200000 -2.387770 0.614672 5.033468
 136.400000 -2.396542 0.582614 7.772812
 136.600000 -2.461438 0.634792 2.167552
 136.800000 -2.422589 0.697761 0.217885
 137.000000 -2.495172 0.629237 3.710252
 137.200000 -2.353649 0.648846 5.247635
 137.400000 -2.394934 0.759295 3.047929
 137.600000 -2.509386 0.622594 5.026052
 137.800000 -2.381855 0.706029 1.928801
 138.000000 -2.383348 0.670576 2.186442
 138.200000 -2.483374 0.588816 6.771531
 138.400000 -2.425580 0.708449 0.213099
 138.600000 -2.374691 0.691101 2.389380
 138.800000 -2.515397 0.607417 6.701973
 139.000000 -2.429389 0.693336 0.110507
 139.200000 -2.404247 0.693730 0.778555
 139.400000 -2.374801 0.731738 2.921822
 139.600000 -2.449512 0.692427 0.034577
 139.800000 -2.476383 0.626110 3.135497
 140.000000 -2.411663 0.675912 0.752423
 140.200000 -2.439296 0.618371 3.189559
 140.400000 -2.466725 0.645841 1.637779
 140.600000 -2.437366 0.732107 0.595725
 140.800000 -2.390900 0.740768 2.290272
 141.000000 -2.476140 0.696296 0.535649
 141.200000 -2.422622 0.753865 1.770235
 141.400000 -2.382889 0.760024 3.749770
 141.600000 -2.413540 0.624535 3.155883
 141.800000 -2.485073 0.512700 18.058264
 142.000000 -2.339109 0.649205 6.641539
 142.200000 -2.313351 0.675809 8.713477
 142.400000 -2.438056 0.741561 0.957648
 142.600000 -2.431131 0.760837 2.041993
 142.800000 -2.433910 0.678781 0.232837
 143.000000 -2.341626 0.690308 5.215809
 143.200000 -2.467208 0.645496 1.667238
 143.400000 -2.483551 0.685443 0.884098
 143.600000 -2.419211 0.736043 1.012660
 143.800000 -2.415716 0.705904 0.415103
 144.000000 -2.418431 0.619586 3.397973
 144.200000 -2.407089 0.698116 0.661470
 144.400000 -2.407760 0.744502 1.712386
 144.600000 -2.412859 0.716895 0.644265
 144.800000 -2.335749 0.679729 5.970273
 145.000000 -2.503307 0.722387 2.084970
 145.200000 -2.519699 0.710236 2.979336
 145.400000 -2.385771 0.736136 2.386253
 145.600000 -2.398217 0.737242 1.788305
 145.800000 -2.427459 0.766527 2.467010
 146.000000 -2.423490 0.777668 3.362399
 146.200000 -2.451305 0.653329 1.034403
 146.400000 -2.427012 0.656711 0.993116
 146.600000 -2.407712 0.724031 0.974381
 146.800000 -2.522871 0.642856 4.680700
 147.000000 -2.366829 0.704480 2.956354
 147.200000 -2.358939 0.761154 5.557859
 147.400000 -2.478232 0.712339 0.705426
 147.600000 -2.454279 0.825262 8.139513
 147.800000 -2.398160 0.694571 1.032417
 148.000000 -2.460947 0.635699 2.101808
 148.200000 -2.480739 0.631770 2.896780
 148.400000 -2.415316 0.713535 0.514709
 148.600000 -2.436971 0.781686 3.511744
 148.800000 -2.454954 0.700138 0.068054
 149.000000 -2.505370 0.743918 2.964569
 149.200000 -2.380921 0.649361 3.144937
 149.400000 -2.365700 0.606300 7.239944
 149.600000 -2.411481 0.630879 2.772815
 149.800000 -2.514166 0.666050 3.014194
 150.000000 -2.444272 0.726299 0.397024
 150.200000 -2.393735 0.625535 3.871506
 150.400000 -2.453513 0.713353 0.166362
 150.600000 -2.447948 0.673809 0.305862
 150.800000 -2.396944 0.710709 1.161018
 151.000000 -2.410269 0.729043 1.028584
 151.200000 -2.544879 0.616013 8.514518
 151.400000 -2.455743 0.759754 1.974111
 151.600000 -2.362774 0.696388 3.256695
 151.800000 -2.352980 0.694372 4.100428
 152.000000 -2.436101 0.751037 1.426587
 152.200000 -2.413219 0.735969 1.173121
 152.400000 -2.419594 0.753844 1.836759
 152.600000 -2.413009 0.637318 2.312822
 152.800000 -2.449514 0.565034 8.875800
 153.000000 -2.401024 0.677006 1.123608
 153.200000 -2.406239 0.753582 2.230093
 153.400000 -2.382139 0.690666 1.908039
 153.600000 -2.378635 0.765335 4.359345
 153.800000 -2.482137 0.729256 1.232276
 154.000000 -2.471351 0.747078 1.586770
 154.200000 -2.394930 0.648260 2.421186
 154.400000 -2.423117 0.653950 1.182951
 154.600000 -2.510724 0.740876 3.175696
 154.800000 -2.369553 0.696392 2.732743
 155.000000 -2.411111 0.765131 2.767752
 155.200000 -2.484653 0.770998 3.503163
 155.400000 -2.416875 0.662612 0.984225
 155.600000 -2.389384 0.686484 1.529999
 155.800000 -2.435943 0.618632 3.188352
 156.000000 -2.444248 0.646266 1.345325
 156.200000 -2.400152 0.783948 4.620079
 156.400000 -2.460157 0.672484 0.468278
 156.600000 -2.369878 0.605375 7.009128
 156.800000 -2.366622 0.691738 2.972578
 157.000000 -2.443155 0.728331 0.456055
 157.200000 -2.491703 0.682001 1.293763
 157.400000 -2.425096 0.695953 0.171013
 157.600000 -2.330298 0.751080 7.804697
 157.800000 -2.417523 0.689391 0.374602
 158.000000 -2.384620 0.680495 1.886656
 158.200000 -2.421769 0.752808 1.729997
 158.400000 -2.405751 0.716327 0.876545
 158.600000 -2.441382 0.634104 2.051931
 158.800000 -2.488233 0.697379 1.002544
 159.000000 -2.370986 0.675293 2.887138
 159.200000 -2.338711 0.668228 5.933361
 159.400000 -2.455813 0.721866 0.357941
 159.600000 -2.510765 0.687005 2.326837
 159.800000 -2.449321 0.760315 1.950557
 160.000000 -2.433230 0.704268 0.071156
 160.200000 -2.418350 0.654247 1.278227
 160.400000 -2.509046 0.831008 10.978799
 160.600000 -2.445607 0.801970 5.393467
 160.800000 -2.430066 0.696999 0.090348
 161.000000 -2.454725 0.692993 0.076643
 161.200000 -2.447232 0.659230 0.763788
 161.400000 -2.400135 0.717674 1.129509
 161.600000 -2.464917 0.749106 1.529373
 161.800000 -2.473661 0.685185 0.539824
 162.000000 -2.357395 0.666950 4.189850
 162.200000 -2.451144 0.746263 1.187839
 162.400000 -2.389337 0.810667 7.796821
 162.600000 -2.431695 0.669120 0.490075
 162.800000 -2.450032 0.735104 0.705067
 163.000000 -2.510305 0.760115 4.155010
 163.200000 -2.361784 0.722033 3.621160
 163.400000 -2.459011 0.669178 0.540057
 163.600000 -2.531147 0.704421 3.864222
 163.800000 -2.450608 0.668200 0.473499
 164.000000 -2.380703 0.683075 2.082658
 164.200000 -2.521911 0.716314 3.242500
 164.400000 -2.500089 0.638539 3.379051
 164.600000 -2.412264 0.691894 0.506068
 164.800000 -2.462935 0.637120 2.050865
 165.000000 -2.473324 0.725398 0.817626
 165.200000 -2.450497 0.700517 0.027595
 165.400000 -2.374840 0.707213 2.395670
 165.600000 -2.456832 0.698022 0.089393
 165.800000 -2.522258 0.704742 3.126341
 166.000000 -2.432056 0.753452 1.595231
 166.200000 -2.364020 0.775400 6.140645
 166.400000 -2.508392 0.652614 3.143955
 166.600000 -2.485154 0.576458 8.271371
 166.800000 -2.358045 0.695127 3.652428
 167.000000 -2.408404 0.604349 5.012134
 167.200000 -2.420611 0.696858 0.261882
 167.400000 -2.448530 0.693135 0.025332
 167.600000 -2.413780 0.693457 0.451409
 167.800000 -2.457209 0.832725 9.152161
 168.000000 -2.387147 0.689946 1.619136
 168.200000 -2.369213 0.593615 8.218273
 168.400000 -2.465070 0.737138 0.994198
 168.600000 -2.523430 0.657550 4.020977
 168.800000 -2.427627 0.669791 0.526960
 169.000000 -2.434746 0.672576 0.364515
 169.200000 -2.457373 0.653390 1.097711
 169.400000 -2.425795 0.719042 0.374652
 169.600000 -2.374911 0.716151 2.511927
 169.800000 -2.502364 0.651452 2.824277
 170.000000 -2.487188 0.662773 1.581143
 170.200000 -2.392781 0.707796 1.330945
 170.400000 -2.489617 0.721574 1.339977
 170.600000 -2.505380 0.698484 1.917034
 170.800000 -2.376718 0.727605 2.661632
 171.000000 -2.380145 0.627787 4.478668
 171.200000 -2.442977 0.724008 0.334906
 171.400000 -2.461993 0.708555 0.226046
 171.600000 -2.424878 0.742691 1.165402
 171.800000 -2.427407 0.649910 1.291518
 172.000000 -2.453723 0.731232 0.600453
 172.200000 -2.493784 0.766372 3.594603
 172.400000 -2.458944 0.677051 0.342062
 172.600000 -2.330690 0.682251 6.484702
 172.800000 -2.384101 0.648684 2.984382
 173.000000 -2.488219 0.704139 1.019707
 173.200000 -2.467748 0.727113 0.714894
 173.400000 -2.414094 0.724905 0.789622
 173.600000 -2.461028 0.659484 0.901110
 173.800000 -2.475060 0.649872 1.663759
 174.000000 -2.413125 0.743939 1.509298
 174.200000 -2.407589 0.697184 0.643832
 174.400000 -2.376902 0.751303 3.628622
 174.600000 -2.470864 0.669502 0.785276
 174.800000 -2.521071 0.704948 3.034883
 175.000000 -2.336910 0.690514 5.705529
 175.200000 -2.400707 0.692593 0.929285
 175.400000 -2.561578 0.665946 7.493820
 175.600000 -2.470935 0.785614 4.204031
 175.800000 -2.425517 0.745884 1.301112
 176.000000 -2.459512 0.617750 3.359432
 176.200000 -2.467619 0.691573 0.313305
 176.400000 -2.393619 0.693305 1.253756
 176.600000 -2.354440 0.668791 4.392803
 176.800000 -2.399549 0.666696 1.458210
 177.000000 -2.416896 0.650978 1.464591
 177.200000 -2.441886 0.611808 3.727162
 177.400000 -2.392186 0.755893 2.982778
 177.600000 -2.442745 0.673127 0.312877
 177.800000 -2.428772 0.739559 0.965992
 178.000000 -2.524923 0.741154 4.243525
 178.200000 -2.392252 0.728991 1.787349
 178.400000 -2.444322 0.680989 0.147312
 178.600000 -2.458106 0.659564 0.850995
 178.800000 -2.503392 0.692874 1.809677
 179.000000 -2.423383 0.776062 3.238150
 179.200000 -2.487297 0.684511 1.053555
 179.400000 -2.465613 0.764206 2.428233
 179.600000 -2.464171 0.792541 4.671034
 179.800000 -2.496800 0.736626 2.163465
 180.000000 -2.419752 0.708872 0.338741
 180.200000 -2.483726 0.632067 2.992955
 180.400000 -2.493739 0.746165 2.417528
 180.600000 -2.391385 0.771067 4.015761
 180.800000 -2.423961 0.776248 3.241246
 181.000000 -2.512008 0.801795 7.722345
 181.200000 -2.486773 0.676674 1.168159
 181.400000 -2.385414 0.720875 1.943372
 181.600000 -2.457522 0.743443 1.125412
 181.800000 -2.482213 0.689246 0.790333
 182.000000 -2.472423 0.653794 1.402316
 182.200000 -2.421726 0.719823 0.471472
 182.400000 -2.518666 0.793683 7.392848
 182.600000 -2.487191 0.773402 3.788930
 182.800000 -2.475111 0.722951 0.808842
 183.000000 -2.423212 0.759295 2.075506
 183.200000 -2.513228 0.754061 3.997727
 183.400000 -2.427457 0.746945 1.319414
 183.600000 -2.508635 0.740885 3.037718
 183.800000 -2.383722 0.795931 6.566730
 184.000000 -2.493797 0.751657 2.699364
 184.200000 -2.498487 0.756811 3.235579
 184.400000 -2.538833 0.730368 5.067479
 184.600000 -2.444138 0.757702 1.774511
 184.800000 -2.417501 0.817828 7.500561
 185.000000 -2.509010 0.783040 5.753026
 185.200000 -2.505719 0.753889 3.492515
 185.400000 -2.460657 0.822527 7.885006
 185.600000 -2.458232 0.706975 0.148187
 185.800000 -2.517179 0.735522 3.416173
 186.000000 -2.345713 0.686945 4.839854
 186.200000 -2.413327 0.711324 0.541048
 186.400000 -2.470619 0.674686 0.643626
 186.600000 -2.501549 0.658254 2.482211
 186.800000 -2.378466 0.680416 2.269084
 187.000000 -2.363672 0.629927 5.509029
 187.200000 -2.410002 0.733686 1.191800
 187.400000 -2.411496 0.685982 0.584689
 187.600000 -2.427262 0.647121 1.432246
 187.800000 -2.427758 0.704354 0.142656
 188.000000 -2.363072 0.799026 8.320999
 188.200000 -2.446413 0.678680 0.193549
 188.400000 -2.478797 0.652132 1.682320
 188.600000 -2.359549 0.710690 3.599442
 188.800000 -2.433396 0.690818 0.077396
 189.000000 -2.492127 0.665904 1.703505
 189.200000 -2.357225 0.674041 4.008523
 189.400000 -2.417471 0.770033 2.922662
 189.600000 -2.396763 0.696961 1.091029
 189.800000 -2.459250 0.697825 0.124696
 190.000000 -2.455217 0.633199 2.177221
 190.200000 -2.422543 0.741997 1.180849
 190.400000 -2.473101 0.767541 2.848079
 190.600000 -2.440198 0.666929 0.492143
 190.800000 -2.396208 0.758797 2.956578
 191.000000 -2.406134 0.789616 4.881358
 191.200000 -2.474052 0.700919 0.471798
 191.400000 -2.455076 0.674328 0.350762
 191.600000 -2.434742 0.622695 2.883397
 191.800000 -2.420515 0.636069 2.189149
 192.000000 -2.407724 0.737794 1.425115
 192.200000 -2.508658 0.665190 2.667931
 192.400000 -2.453189 0.728169 0.498431
 192.600000 -2.390016 0.782502 4.987346
 192.800000 -2.495229 0.779059 4.614567
 193.000000 -2.517472 0.707372 2.781502
 193.200000 -2.428685 0.701392 0.114480
 193.400000 -2.488279 0.702912 1.015736
 193.600000 -2.471418 0.743673 1.427808
 193.800000 -2.479782 0.654480 1.612339
 194.000000 -2.442755 0.687007 0.062124
 194.200000 -2.415570 0.733161 1.002471
 194.400000 -2.433069 0.739754 0.920202
 194.600000 -2.494963 0.732723 1.924507
 194.800000 -2.494198 0.643824 2.761820
 195.000000 -2.416364 0.716820 0.541743
 195.200000 -2.382376 0.721696 2.143320
 195.400000 -2.552540 0.699894 5.950713
 195.600000 -2.514877 0.749856 3.887825
 195.800000 -2.452391 0.770867 2.685065
 196.000000 -2.450059 0.680967 0.169087
 196.200000 -2.401782 0.725890 1.253834
 196.400000 -2.486991 0.638626 2.717914
 196.600000 -2.477590 0.632101 2.762453
 196.800000 -2.435306 0.689563 0.069960
 197.000000 -2.456513 0.686330 0.154808
 197.200000 -2.457624 0.664589 0.662838
 197.400000 -2.376545 0.771853 4.956296
 197.600000 -2.494592 0.727020 1.724464
 197.800000 -2.471364 0.596758 5.527654
 198.000000 -2.427905 0.583894 6.646073
 198.200000 -2.392976 0.690803 1.301243
 198.400000 -2.429201 0.708104 0.151397
 198.600000 -2.446306 0.740288 0.892630
 198.800000 -2.470782 0.632151 2.549911
 199.000000 -2.393470 0.711480 1.338663
 199.200000 -2.328991 0.727938 6.995888
 199.400000 -2.460254 0.616549 3.468867
 199.600000 -2.456218 0.626449 2.650539
 199.800000 -2.432098 0.703316 0.077999
 200.000000 -2.387800 0.639033 3.295397
