#! FIELDS time phi psi restraint.bias
#! SET min_phi -pi
#! SET max_phi pi
#! SET min_psi -pi
#! SET max_psi pi
 0.000000 0.378470 -1.365274 82.752360
 0.200000 0.613125 -1.661818 7.494525
 0.400000 0.650982 -1.674459 10.624614
 0.600000 0.631841 -1.664939 9.089417
 0.800000 0.556226 -1.597877 11.403370
 1.000000 0.571790 -1.680879 3.238137
 1.200000 0.585615 -1.625558 9.095599
 1.400000 0.611446 -1.663808 7.181437
 1.600000 0.575036 -1.664940 4.554121
 1.800000 0.604535 -1.686862 4.984494
 2.000000 0.618412 -1.656738 8.418964
 2.200000 0.631522 -1.742701 5.827187
 2.400000 0.497582 -1.686179 2.087795
 2.600000 0.561820 -1.653023 4.990640
 2.800000 0.626138 -1.723260 5.500666
 3.000000 0.659341 -1.644743 14.271786
 3.200000 0.626380 -1.647192 10.097453
 3.400000 0.550242 -1.684512 2.204322
 3.600000 0.572592 -1.691750 2.635563
 3.800000 0.554914 -1.723693 0.724375
 4.000000 0.619071 -1.681759 6.578051
 4.200000 0.589116 -1.680607 4.240729
 4.400000 0.523540 -1.704281 0.842486
 4.600000 0.618167 -1.706701 5.217617
 4.800000 0.624545 -1.766019 5.309059
 5.000000 0.586854 -1.691274 3.461632
 5.200000 0.494847 -1.655480 4.449804
 5.400000 0.523733 -1.641616 5.378273
 5.600000 0.627214 -1.728832 5.504166
 5.800000 0.547851 -1.730751 0.400334
 6.000000 0.561161 -1.682219 2.696909
 6.200000 0.615794 -1.645541 9.228829
 6.400000 0.582242 -1.728863 1.855109
 6.600000 0.609689 -1.643205 8.920468
 6.800000 0.579717 -1.786880 2.437837
 7.000000 0.679963 -1.663988 15.533047
 7.200000 0.439460 -1.791222 4.592699
 7.400000 0.590744 -1.711040 2.842107
 7.600000 0.589304 -1.848193 7.449035
 7.800000 0.567431 -1.619607 8.863725
 8.000000 0.569768 -1.698347 2.169473
 8.200000 0.560208 -1.706299 1.431816
 8.400000 0.544479 -1.769163 0.502018
 8.600000 0.523824 -1.717488 0.387595
 8.800000 0.581052 -1.733349 1.722172
 9.000000 0.557802 -1.740278 0.597677
 9.200000 0.585555 -1.673105 4.527497
 9.400000 0.596930 -1.719216 3.029680
 9.600000 0.554131 -1.797247 1.813832
 9.800000 0.620656 -1.668491 7.662105
 10.000000 0.509733 -1.730593 0.204714
 10.200000 0.533664 -1.636957 5.922881
 10.400000 0.583170 -1.719385 2.110933
 10.600000 0.566265 -1.697002 2.077989
 10.800000 0.616089 -1.744148 4.277965
 11.000000 0.456760 -1.709424 2.878328
 11.200000 0.642099 -1.750727 7.035675
 11.400000 0.583624 -1.667372 4.840124
 11.600000 0.533442 -1.768431 0.315294
 11.800000 0.627242 -1.635547 11.397059
 12.000000 0.599174 -1.799085 4.300633
 12.200000 0.616971 -1.666126 7.495780
 12.400000 0.554407 -1.697394 1.623467
 12.600000 0.602390 -1.793027 4.241599
 12.800000 0.557302 -1.674621 3.067811
 13.000000 0.586351 -1.741401 1.976609
 13.200000 0.606053 -1.740210 3.412436
 13.400000 0.510882 -1.705935 0.856812
 13.600000 0.519388 -1.773719 0.411869
 13.800000 0.490192 -1.739032 0.577820
 14.000000 0.593913 -1.693791 3.800152
 14.200000 0.570740 -1.721909 1.385406
 14.400000 0.571680 -1.714801 1.621885
 14.600000 0.558372 -1.762707 0.755592
 14.800000 0.538887 -1.730858 0.221571
 15.000000 0.533720 -1.698921 1.128094
 15.200000 0.574053 -1.706536 2.025275
 15.400000 0.519199 -1.728689 0.148123
 15.600000 0.596752 -1.684022 4.554982
 15.800000 0.610495 -1.762238 3.918415
 16.000000 0.526012 -1.704415 0.839912
 16.200000 0.582875 -1.685905 3.522463
 16.400000 0.504549 -1.757264 0.252664
 16.600000 0.552026 -1.662726 3.815715
 16.800000 0.567438 -1.745669 0.961017
 17.000000 0.620400 -1.796155 5.976902
 17.200000 0.494706 -1.674057 2.957247
 17.400000 0.590479 -1.757644 2.312317
 17.600000 0.633391 -1.737894 6.054809
 17.800000 0.549016 -1.687123 2.016971
 18.000000 0.453835 -1.751922 2.455252
 18.200000 0.602178 -1.723693 3.321420
 18.400000 0.574957 -1.719231 1.659413
 18.600000 0.602738 -1.766284 3.351028
 18.800000 0.480466 -1.714189 1.415092
 19.000000 0.505438 -1.639908 5.721682
 19.200000 0.646480 -1.861947 14.349742
 19.400000 0.575768 -1.706688 2.107421
 19.600000 0.460549 -1.714659 2.457980
 19.800000 0.567163 -1.749398 0.957207
 20.000000 0.580154 -1.770915 1.926575
 20.200000 0.518499 -1.815633 2.484312
 20.400000 0.612544 -1.644619 9.026925
 20.600000 0.563968 -1.868059 8.346164
 20.800000 0.504559 -1.682271 2.169458
 21.000000 0.533662 -1.722356 0.314520
 21.200000 0.584808 -1.751837 1.894456
 21.400000 0.522569 -1.673670 2.568058
 21.600000 0.580930 -1.834396 5.609881
 21.800000 0.617880 -1.737059 4.478660
 22.000000 0.548637 -1.738596 0.336123
 22.200000 0.638292 -1.759928 6.683825
 22.400000 0.589518 -1.774996 2.612728
 22.600000 0.547827 -1.711338 0.871200
 22.800000 0.564367 -1.782220 1.511514
 23.000000 0.585981 -1.782328 2.630192
 23.200000 0.526681 -1.682320 1.989833
 23.400000 0.515640 -1.708724 0.701644
 23.600000 0.632639 -1.690991 7.421162
 23.800000 0.470307 -1.696208 2.626476
 24.000000 0.569638 -1.807353 2.983269
 24.200000 0.631064 -1.771490 6.116619
 24.400000 0.456671 -1.668224 5.212288
 24.600000 0.483423 -1.658696 4.559688
 24.800000 0.547378 -1.765939 0.495102
 25.000000 0.537326 -1.751193 0.111409
 25.200000 0.541550 -1.659048 3.883330
 25.400000 0.591351 -1.803215 3.970563
 25.600000 0.582497 -1.680393 3.842861
 25.800000 0.573005 -1.792633 2.339316
 26.000000 0.573007 -1.757866 1.299177
 26.200000 0.468737 -1.740322 1.517424
 26.400000 0.637504 -1.727541 6.645388
 26.600000 0.679003 -1.769426 12.365637
 26.800000 0.466040 -1.745970 1.656716
 27.000000 0.558300 -1.764503 0.785921
 27.200000 0.536690 -1.817237 2.671077
 27.400000 0.577542 -1.767700 1.705146
 27.600000 0.579144 -1.741846 1.548686
 27.800000 0.574484 -1.800488 2.815863
 28.000000 0.556576 -1.741313 0.551803
 28.200000 0.567112 -1.787761 1.846930
 28.400000 0.611595 -1.684388 5.728531
 28.600000 0.567675 -1.699520 2.020598
 28.800000 0.565377 -1.738920 0.893236
 29.000000 0.604966 -1.659928 6.956980
 29.200000 0.532080 -1.670746 2.817331
 29.400000 0.679507 -1.678815 14.365698
 29.600000 0.602069 -1.690895 4.560367
 29.800000 0.580700 -1.656336 5.590186
 30.000000 0.604312 -1.739910 3.272033
 30.200000 0.514510 -1.661119 3.587006
 30.400000 0.647530 -1.755203 7.728229
 30.600000 0.501148 -1.707981 0.949444
 30.800000 0.590461 -1.644707 7.297673
 31.000000 0.651775 -1.815818 10.698941
 31.200000 0.536240 -1.671574 2.799821
 31.400000 0.573709 -1.684143 3.127392
 31.600000 0.535850 -1.798537 1.490597
 31.800000 0.534400 -1.652705 4.347939
 32.000000 0.533816 -1.784283 0.810874
 32.200000 0.632729 -1.696642 7.139875
 32.400000 0.547309 -1.721667 0.561043
 32.600000 0.481935 -1.683480 2.780640
 32.800000 0.625347 -1.702765 6.082230
 33.000000 0.562308 -1.759955 0.856145
 33.200000 0.505420 -1.701006 1.147524
 33.400000 0.576967 -1.750931 1.439765
 33.600000 0.557027 -1.699064 1.628967
 33.800000 0.564935 -1.699230 1.916891
 34.000000 0.601604 -1.735946 3.086408
 34.200000 0.602048 -1.706804 3.819258
 34.400000 0.480897 -1.688035 2.553026
 34.600000 0.583503 -1.678063 4.056677
 34.800000 0.626299 -1.790854 6.309958
 35.000000 0.531181 -1.700261 1.044328
 35.200000 0.436791 -1.589951 15.839061
 35.400000 0.632645 -1.844969 10.909619
 35.600000 0.622950 -1.781539 5.590878
 35.800000 0.470575 -1.693010 2.774407
 36.000000 0.492440 -1.752568 0.511634
 36.200000 0.520039 -1.741909 0.012185
 36.400000 0.471119 -1.804982 3.156296
 36.600000 0.580045 -1.749753 1.602888
 36.800000 0.566253 -1.797083 2.248925
 37.000000 0.536961 -1.655544 4.119966
 37.200000 0.525014 -1.812402 2.250410
 37.400000 0.596087 -1.722825 2.880507
 37.600000 0.479153 -1.756881 1.054452
 37.800000 0.578261 -1.775257 1.941816
 38.000000 0.585871 -1.705099 2.748117
 38.200000 0.568362 -1.735859 1.046704
 38.400000 0.630432 -1.718764 6.059507
 38.600000 0.526350 -1.680204 2.124432
 38.800000 0.572054 -1.749417 1.182318
 39.000000 0.631201 -1.727592 5.946378
 39.200000 0.593589 -1.784990 3.235772
 39.400000 0.641191 -1.756395 6.975214
 39.600000 0.556493 -1.747833 0.544150
 39.800000 0.515507 -1.745485 0.032753
 40.000000 0.490885 -1.788393 1.462341
 40.200000 0.687951 -1.778529 14.056904
 40.400000 0.550117 -1.709126 1.006933
 40.600000 0.555642 -1.709245 1.164433
 40.800000 0.658784 -1.676161 11.529624
 41.000000 0.527202 -1.758327 0.090963
 41.200000 0.566199 -1.676274 3.291695
 41.400000 0.575858 -1.792213 2.464573
 41.600000 0.613684 -1.727125 4.223389
 41.800000 0.600114 -1.715335 3.377092
 42.000000 0.544327 -1.700696 1.210885
 42.200000 0.636264 -1.654259 10.493675
 42.400000 0.520429 -1.757601 0.080325
 42.600000 0.498662 -1.701229 1.283327
 42.800000 0.568047 -1.743524 0.989437
 43.000000 0.605466 -1.686950 5.055199
 43.200000 0.596146 -1.708873 3.296050
 43.400000 0.517436 -1.753478 0.052195
 43.600000 0.519737 -1.663933 3.320119
 43.800000 0.552271 -1.698791 1.493966
 44.000000 0.644406 -1.701826 8.243519
 44.200000 0.544809 -1.638046 5.979761
 44.400000 0.597654 -1.760260 2.853586
 44.600000 0.556481 -1.777118 1.045895
 44.800000 0.572290 -1.613498 9.875124
 45.000000 0.585152 -1.725914 2.082897
 45.200000 0.615531 -1.707450 4.943193
 45.400000 0.580520 -1.637028 7.484550
 45.600000 0.594859 -1.687796 4.194017
 45.800000 0.575720 -1.730858 1.463032
 46.000000 0.529251 -1.734494 0.074683
 46.200000 0.606086 -1.630126 10.037973
 46.400000 0.566057 -1.731640 0.995022
 46.600000 0.564040 -1.702051 1.754274
 46.800000 0.519059 -1.728825 0.146496
 47.000000 0.553069 -1.703172 1.322859
 47.200000 0.564775 -1.690500 2.350860
 47.400000 0.618088 -1.707895 5.164769
 47.600000 0.564923 -1.743445 0.855604
 47.800000 0.606079 -1.725484 3.598442
 48.000000 0.535299 -1.721619 0.349538
 48.200000 0.531562 -1.716177 0.456626
 48.400000 0.531051 -1.730839 0.132750
 48.600000 0.573636 -1.775418 1.704537
 48.800000 0.655096 -1.748913 8.652143
 49.000000 0.469207 -1.695335 2.728936
 49.200000 0.609496 -1.698964 4.764055
 49.400000 0.540033 -1.828869 3.624507
 49.600000 0.633836 -1.738770 6.097651
 49.800000 0.578251 -1.760851 1.613891
 50.000000 0.561462 -1.655291 4.770225
 50.200000 0.509718 -1.761631 0.229219
 50.400000 0.505740 -1.665551 3.341730
 50.600000 0.588925 -1.771070 2.465040
 50.800000 0.547937 -1.683550 2.204479
 51.000000 0.521895 -1.659062 3.722447
 51.200000 0.597804 -1.723187 2.998333
 51.400000 0.594131 -1.699448 3.539899
 51.600000 0.580182 -1.666714 4.690994
 51.800000 0.554044 -1.740171 0.476756
 52.000000 0.592065 -1.704411 3.180993
 52.200000 0.513736 -1.711745 0.612595
 52.400000 0.592306 -1.717173 2.756746
 52.600000 0.561140 -1.656975 4.607945
 52.800000 0.605768 -1.706606 4.125628
 53.000000 0.622619 -1.703682 5.769791
 53.200000 0.559263 -1.732970 0.712347
 53.400000 0.609911 -1.669640 6.589373
 53.600000 0.583156 -1.824453 4.903797
 53.800000 0.558235 -1.680431 2.705690
 54.000000 0.539438 -1.796859 1.453088
 54.200000 0.626582 -1.713863 5.797809
 54.400000 0.560655 -1.719596 1.017685
 54.600000 0.482057 -1.821461 3.760882
 54.800000 0.567339 -1.794151 2.148380
 55.000000 0.492539 -1.764214 0.660663
 55.200000 0.603006 -1.803598 4.850375
 55.400000 0.590561 -1.788484 3.173162
 55.600000 0.541833 -1.791549 1.234364
 55.800000 0.529383 -1.727447 0.176622
 56.000000 0.560531 -1.808060 2.649603
 56.200000 0.579418 -1.685078 3.373026
 56.400000 0.550404 -1.771184 0.693496
 56.600000 0.602105 -1.775710 3.543092
 56.800000 0.492146 -1.674397 3.010343
 57.000000 0.529932 -1.777035 0.522695
 57.200000 0.616446 -1.703186 5.198369
 57.400000 0.492567 -1.758101 0.563049
 57.600000 0.582612 -1.700909 2.727872
 57.800000 0.568716 -1.820547 3.846642
 58.000000 0.581405 -1.703174 2.559321
 58.200000 0.543252 -1.792207 1.291865
 58.400000 0.541042 -1.635823 6.147959
 58.600000 0.497345 -1.813056 2.638110
 58.800000 0.435935 -1.721936 4.116125
 59.000000 0.534322 -1.747779 0.060497
 59.200000 0.611828 -1.823882 6.977439
 59.400000 0.514855 -1.713471 0.545713
 59.600000 0.487248 -1.763519 0.826127
 59.800000 0.538774 -1.740762 0.125573
 60.000000 0.566398 -1.783922 1.660589
 60.200000 0.487435 -1.730522 0.763545
 60.400000 0.550709 -1.811260 2.540899
 60.600000 0.539364 -1.710675 0.724712
 60.800000 0.470060 -1.796932 2.764631
 61.000000 0.561004 -1.722572 0.958503
 61.200000 0.534731 -1.767042 0.297692
 61.400000 0.575607 -1.744769 1.352582
 61.600000 0.470530 -1.782466 2.097732
 61.800000 0.547815 -1.793116 1.434985
 62.000000 0.613477 -1.672433 6.695970
 62.200000 0.531903 -1.809050 2.064642
 62.400000 0.508644 -1.645593 5.085484
 62.600000 0.583225 -1.833287 5.645900
 62.800000 0.575346 -1.813241 3.644875
 63.000000 0.488273 -1.744717 0.624134
 63.200000 0.624749 -1.719877 5.439613
 63.400000 0.617667 -1.783970 5.170965
 63.600000 0.513824 -1.737359 0.079540
 63.800000 0.524388 -1.743960 0.001249
 64.000000 0.560399 -1.756459 0.739065
 64.200000 0.563218 -1.776381 1.266953
 64.400000 0.456567 -1.727527 2.405056
 64.600000 0.583526 -1.754414 1.836922
 64.800000 0.609914 -1.735892 3.769714
 65.000000 0.612817 -1.751886 4.001445
 65.200000 0.528125 -1.754996 0.056971
 65.400000 0.535782 -1.721589 0.356024
 65.600000 0.581934 -1.698676 2.789789
 65.800000 0.552798 -1.755641 0.479470
 66.000000 0.624245 -1.732144 5.151801
 66.200000 0.599066 -1.752005 2.869958
 66.400000 0.563622 -1.653088 5.055115
 66.600000 0.509400 -1.672591 2.746203
 66.800000 0.615733 -1.697334 5.396075
 67.000000 0.531359 -1.738662 0.052332
 67.200000 0.570742 -1.664694 4.362262
 67.400000 0.570902 -1.748275 1.123132
 67.600000 0.648281 -1.673245 10.370873
 67.800000 0.525790 -1.753860 0.038785
 68.000000 0.569203 -1.668349 4.002847
 68.200000 0.630064 -1.743690 5.668719
 68.400000 0.550706 -1.684462 2.219801
 68.600000 0.575856 -1.652976 5.629990
 68.800000 0.599014 -1.816911 5.405693
 69.000000 0.591340 -1.668400 5.253506
 69.200000 0.474907 -1.705563 1.976139
 69.400000 0.650741 -1.704691 8.908290
 69.600000 0.601724 -1.705161 3.858536
 69.800000 0.507744 -1.723863 0.356092
 70.000000 0.586247 -1.668636 4.903326
 70.200000 0.567943 -1.788295 1.906242
 70.400000 0.647778 -1.683573 9.617188
 70.600000 0.581795 -1.758592 1.781355
 70.800000 0.588889 -1.698173 3.243267
 71.000000 0.571519 -1.729101 1.279866
 71.200000 0.542593 -1.650574 4.669641
 71.400000 0.611070 -1.729164 3.956260
 71.600000 0.593510 -1.716380 2.862843
 71.800000 0.544583 -1.747701 0.222989
 72.000000 0.474934 -1.678664 3.406235
 72.200000 0.583273 -1.647449 6.570750
 72.400000 0.720660 -1.751493 19.435564
 72.600000 0.539672 -1.764438 0.311748
 72.800000 0.529556 -1.684310 1.879405
 73.000000 0.577189 -1.691116 2.905508
 73.200000 0.621780 -1.731994 4.908661
 73.400000 0.572352 -1.700935 2.173859
 73.600000 0.578371 -1.756843 1.566279
 73.800000 0.542373 -1.785833 0.996512
 74.000000 0.487051 -1.783627 1.401233
 74.200000 0.635302 -1.705905 7.015984
 74.400000 0.535202 -1.805530 1.879405
 74.600000 0.510639 -1.638565 5.783326
 74.800000 0.533658 -1.787184 0.926511
 75.000000 0.608024 -1.756792 3.629489
 75.200000 0.571530 -1.702418 2.069401
 75.400000 0.518994 -1.669484 2.886847
 75.600000 0.538187 -1.695267 1.359542
 75.800000 0.576177 -1.794404 2.586415
 76.000000 0.612691 -1.705568 4.759186
 76.200000 0.560070 -1.734603 0.722615
 76.400000 0.535662 -1.811692 2.274789
 76.600000 0.556579 -1.715191 0.997989
 76.800000 0.496211 -1.807701 2.320194
 77.000000 0.553962 -1.748265 0.465271
 77.200000 0.477412 -1.733096 1.141415
 77.400000 0.593231 -1.751567 2.443780
 77.600000 0.537843 -1.780682 0.726364
 77.800000 0.542398 -1.711304 0.755558
 78.000000 0.600085 -1.771144 3.258300
 78.200000 0.501595 -1.789591 1.221617
 78.400000 0.548398 -1.666772 3.393115
 78.600000 0.540983 -1.825007 3.325364
 78.800000 0.622079 -1.745001 4.849261
 79.000000 0.495051 -1.760391 0.520923
 79.200000 0.620929 -1.744166 4.737231
 79.400000 0.593998 -1.805291 4.275690
 79.600000 0.479689 -1.690974 2.441311
 79.800000 0.564544 -1.754382 0.879214
 80.000000 0.595294 -1.795852 3.846406
 80.200000 0.552223 -1.701341 1.377162
 80.400000 0.547912 -1.797136 1.637554
 80.600000 0.679884 -1.742434 12.216791
 80.800000 0.556263 -1.786618 1.385835
 81.000000 0.505071 -1.700802 1.162978
 81.200000 0.637627 -1.685336 8.300762
 81.400000 0.501214 -1.730080 0.366807
 81.600000 0.585849 -1.733770 2.004349
 81.800000 0.554973 -1.777992 1.025591
 82.000000 0.468533 -1.666737 4.604543
 82.200000 0.603470 -1.757432 3.262928
 82.400000 0.657382 -1.714443 9.425965
 82.600000 0.492646 -1.711532 1.050183
 82.800000 0.456696 -1.687599 3.904437
 83.000000 0.709376 -1.763556 17.422760
 83.200000 0.575146 -1.726194 1.511631
 83.400000 0.573434 -1.719719 1.569743
 83.600000 0.576928 -1.783157 2.137481
 83.800000 0.479683 -1.660743 4.541676
 84.000000 0.552744 -1.748288 0.429100
 84.200000 0.639957 -1.687889 8.419272
 84.400000 0.575162 -1.774561 1.756638
 84.600000 0.516136 -1.667500 3.056553
 84.800000 0.612228 -1.723770 4.159972
 85.000000 0.577009 -1.738506 1.449631
 85.200000 0.587192 -1.589878 14.104539
 85.400000 0.600562 -1.693316 4.314340
 85.600000 0.624734 -1.691456 6.565368
 85.800000 0.516887 -1.806477 1.892033
 86.000000 0.597753 -1.669301 5.639569
 86.200000 0.572624 -1.728137 1.349535
 86.400000 0.552522 -1.641528 5.805593
 86.600000 0.615158 -1.734153 4.254013
 86.800000 0.589132 -1.791364 3.206910
 87.000000 0.465647 -1.662255 5.129881
 87.200000 0.606188 -1.828954 6.907055
 87.400000 0.596482 -1.693847 3.981181
 87.600000 0.447517 -1.751343 2.912273
 87.800000 0.603480 -1.743776 3.191725
 88.000000 0.576379 -1.841963 6.061887
 88.200000 0.582059 -1.786419 2.552955
 88.400000 0.507517 -1.729733 0.250933
 88.600000 0.569993 -1.705764 1.858879
 88.800000 0.614606 -1.815132 6.577396
 89.000000 0.448471 -1.779785 3.415678
 89.200000 0.509690 -1.757024 0.165110
 89.400000 0.588139 -1.803248 3.760011
 89.600000 0.542474 -1.675035 2.648802
 89.800000 0.522922 -1.794840 1.225872
 90.000000 0.567969 -1.747760 0.987320
 90.200000 0.554125 -1.735812 0.511217
 90.400000 0.468485 -1.687510 3.190298
 90.600000 0.608123 -1.644152 8.690609
 90.800000 0.593397 -1.829463 5.975143
 91.000000 0.537378 -1.691058 1.567629
 91.200000 0.527375 -1.788603 0.943426
 91.400000 0.515956 -1.666827 3.110494
 91.600000 0.624789 -1.750949 5.135570
 91.800000 0.533202 -1.812883 2.327885
 92.000000 0.511498 -1.633975 6.273101
 92.200000 0.607477 -1.799664 4.993958
 92.400000 0.652579 -1.719692 8.646632
 92.600000 0.510915 -1.736394 0.120359
 92.800000 0.590367 -1.717565 2.614418
 93.000000 0.555970 -1.753099 0.554137
 93.200000 0.535478 -1.789532 1.047516
 93.400000 0.578459 -1.695417 2.750435
 93.600000 0.561266 -1.789366 1.679028
 93.800000 0.551682 -1.746192 0.394693
 94.000000 0.529079 -1.826801 3.333879
 94.200000 0.482045 -1.746835 0.864486
 94.400000 0.553745 -1.734161 0.516754
 94.600000 0.550153 -1.763551 0.518589
 94.800000 0.529214 -1.751315 0.033682
 95.000000 0.510812 -1.747691 0.084539
 95.200000 0.516451 -1.750746 0.040217
 95.400000 0.574718 -1.801368 2.876745
 95.600000 0.575483 -1.697695 2.480492
 95.800000 0.529028 -1.760186 0.125106
 96.000000 0.546283 -1.700723 1.252168
 96.200000 0.536376 -1.723032 0.330211
 96.400000 0.555969 -1.739323 0.541969
 96.600000 0.540995 -1.749947 0.161972
 96.800000 0.470052 -1.756633 1.497543
 97.000000 0.594924 -1.728015 2.693571
 97.200000 0.702785 -1.779431 16.635339
 97.400000 0.553341 -1.765278 0.641286
 97.600000 0.543388 -1.729368 0.323184
 97.800000 0.549113 -1.752892 0.354074
 98.000000 0.583166 -1.809656 3.843110
 98.200000 0.577645 -1.787636 2.355446
 98.400000 0.493583 -1.729862 0.570087
 98.600000 0.459370 -1.783093 2.775700
 98.800000 0.573338 -1.732711 1.316623
 99.000000 0.581697 -1.852101 7.387787
 99.200000 0.557819 -1.703450 1.462425
 99.400000 0.522471 -1.771874 0.352953
 99.600000 0.533322 -1.779491 0.630788
 99.800000 0.610111 -1.766396 3.964053
 100.000000 0.580045 -1.757214 1.663687
 100.200000 0.527296 -1.776504 0.492765
 100.400000 0.499530 -1.695908 1.510903
 100.600000 0.615583 -1.807054 6.135513
 100.800000 0.604015 -1.828814 6.718231
 101.000000 0.560298 -1.771563 1.017527
 101.200000 0.520602 -1.714597 0.476716
 101.400000 0.528078 -1.686207 1.757781
 101.600000 0.553356 -1.785010 1.230022
 101.800000 0.541579 -1.701096 1.139911
 102.000000 0.523352 -1.816241 2.514294
 102.200000 0.491755 -1.734890 0.561505
 102.400000 0.603512 -1.739620 3.209324
 102.600000 0.642177 -1.761775 7.165630
 102.800000 0.547919 -1.836356 4.438660
 103.000000 0.511989 -1.664019 3.373033
 103.200000 0.482959 -1.771302 1.163109
 103.400000 0.658862 -1.744213 9.148731
 103.600000 0.567096 -1.810371 3.061244
 103.800000 0.484328 -1.690647 2.266188
 104.000000 0.573708 -1.811904 3.471545
 104.200000 0.618474 -1.713010 5.022940
 104.400000 0.583297 -1.859230 8.268664
 104.600000 0.562852 -1.678534 3.001176
 104.800000 0.470768 -1.733147 1.469722
 105.000000 0.587059 -1.691805 3.446056
 105.200000 0.623417 -1.745893 4.981978
 105.400000 0.580868 -1.777557 2.159216
 105.600000 0.474234 -1.645450 6.206302
 105.800000 0.573759 -1.715524 1.702194
 106.000000 0.659475 -1.680054 11.361651
 106.200000 0.569446 -1.741811 1.057157
 106.400000 0.515815 -1.733905 0.095556
 106.600000 0.552593 -1.623320 7.863402
 106.800000 0.522346 -1.688478 1.616839
 107.000000 0.665143 -1.718972 10.364792
 107.200000 0.586844 -1.709029 2.658830
 107.400000 0.542176 -1.716835 0.578535
 107.600000 0.629701 -1.711554 6.199230
 107.800000 0.528710 -1.781988 0.685007
 108.000000 0.569292 -1.612333 9.887959
 108.200000 0.529737 -1.729384 0.145968
 108.400000 0.633854 -1.629444 12.792894
 108.600000 0.500180 -1.661400 3.796307
 108.800000 0.622979 -1.666003 8.084510
 109.000000 0.586172 -1.756902 2.024670
 109.200000 0.479151 -1.612507 9.808720
 109.400000 0.508714 -1.686900 1.817757
 109.600000 0.663530 -1.725015 9.996681
 109.800000 0.555216 -1.627269 7.468966
 110.000000 0.511472 -1.645295 5.076974
 110.200000 0.563755 -1.707111 1.536591
 110.400000 0.573910 -1.681433 3.306975
 110.600000 0.550381 -1.661626 3.861758
 110.800000 0.589369 -1.732813 2.241185
 111.000000 0.548003 -1.756529 0.360501
 111.200000 0.570679 -1.647308 5.912366
 111.400000 0.579669 -1.824955 4.742060
 111.600000 0.529796 -1.701555 0.977298
 111.800000 0.512535 -1.641190 5.483720
 112.000000 0.637774 -1.813125 8.816113
 112.200000 0.584949 -1.732332 1.966387
 112.400000 0.528939 -1.735862 0.059077
 112.600000 0.615363 -1.728209 4.356860
 112.800000 0.569556 -1.760647 1.173363
 113.000000 0.557352 -1.743387 0.571515
 113.200000 0.651778 -1.690902 9.696181
 113.400000 0.559291 -1.789555 1.614953
 113.600000 0.560141 -1.674463 3.178722
 113.800000 0.521392 -1.770545 0.320362
 114.000000 0.615032 -1.757989 4.260132
 114.200000 0.565345 -1.807432 2.799762
 114.400000 0.608232 -1.770750 3.904464
 114.600000 0.573630 -1.778464 1.800543
 114.800000 0.540406 -1.807853 2.095855
 115.000000 0.595736 -1.785426 3.405725
 115.200000 0.514013 -1.826845 3.368336
 115.400000 0.531449 -1.792904 1.162510
 115.600000 0.410222 -1.742508 6.431180
 115.800000 0.583455 -1.845572 6.815706
 116.000000 0.614383 -1.722910 4.372171
 116.200000 0.544200 -1.831666 3.939196
 116.400000 0.554688 -1.701230 1.455644
 116.600000 0.452332 -1.731404 2.636461
 116.800000 0.576908 -1.786683 2.276006
 117.000000 0.560854 -1.745123 0.693980
 117.200000 0.478562 -1.800828 2.554172
 117.400000 0.544246 -1.768287 0.476701
 117.600000 0.476456 -1.741722 1.117710
 117.800000 0.530296 -1.792334 1.127125
 118.000000 0.555254 -1.758013 0.581479
 118.200000 0.468898 -1.822750 4.493127
 118.400000 0.586211 -1.739892 1.974921
 118.600000 0.542034 -1.835621 4.246251
 118.800000 0.528270 -1.762108 0.151672
 119.000000 0.420205 -1.759989 5.452601
 119.200000 0.508412 -1.797909 1.497656
 119.400000 0.602464 -1.776785 3.604568
 119.600000 0.537804 -1.727175 0.265685
 119.800000 0.526079 -1.722876 0.255148
 120.000000 0.551005 -1.741943 0.381279
 120.200000 0.562840 -1.765264 0.968632
 120.400000 0.543426 -1.809431 2.251109
 120.600000 0.532022 -1.774761 0.468581
 120.800000 0.547022 -1.777951 0.806417
 121.000000 0.565867 -1.773148 1.280245
 121.200000 0.564310 -1.791105 1.876415
 121.400000 0.587043 -1.740072 2.026430
 121.600000 0.590715 -1.771155 2.585765
 121.800000 0.518796 -1.787279 0.891430
 122.000000 0.497183 -1.688563 1.960101
 122.200000 0.617375 -1.769002 4.677209
 122.400000 0.532767 -1.787483 0.930493
 122.600000 0.494698 -1.665358 3.615299
 122.800000 0.519087 -1.815329 2.460152
 123.000000 0.627594 -1.799182 6.857612
 123.200000 0.511562 -1.698312 1.177732
 123.400000 0.534296 -1.660252 3.676305
 123.600000 0.632401 -1.791412 6.980789
 123.800000 0.495973 -1.767892 0.636126
 124.000000 0.522650 -1.724618 0.214923
 124.200000 0.551241 -1.762636 0.531808
 124.400000 0.552757 -1.800950 1.971930
 124.600000 0.538503 -1.652480 4.421554
 124.800000 0.559848 -1.756042 0.714371
 125.000000 0.615637 -1.689812 5.776575
 125.200000 0.552432 -1.757785 0.493248
 125.400000 0.645571 -1.631767 13.886807
 125.600000 0.537978 -1.744759 0.103546
 125.800000 0.597889 -1.743577 2.761048
 126.000000 0.514797 -1.663035 3.424879
 126.200000 0.518353 -1.659719 3.678335
 126.400000 0.599462 -1.693059 4.243715
 126.600000 0.583969 -1.685107 3.635634
 126.800000 0.573098 -1.725570 1.420291
 127.000000 0.540020 -1.646426 5.025805
 127.200000 0.544599 -1.738051 0.247003
 127.400000 0.581286 -1.766901 1.896610
 127.600000 0.503709 -1.716828 0.603956
 127.800000 0.521424 -1.751395 0.020765
 128.000000 0.620796 -1.671747 7.430797
 128.200000 0.608769 -1.718474 3.987589
 128.400000 0.550292 -1.736629 0.394123
 128.600000 0.532332 -1.623566 7.451299
 128.800000 0.456721 -1.743360 2.238272
 129.000000 0.612669 -1.732274 4.051996
 129.200000 0.565946 -1.726479 1.074301
 129.400000 0.528884 -1.719220 0.354816
 129.600000 0.645955 -1.691356 8.942020
 129.800000 0.604344 -1.757707 3.336471
 130.000000 0.567016 -1.632423 7.316421
 130.200000 0.476733 -1.798415 2.507272
 130.400000 0.594226 -1.759530 2.594946
 130.600000 0.528255 -1.698788 1.093881
 130.800000 0.586173 -1.735843 2.002783
 131.000000 0.563840 -1.683056 2.748677
 131.200000 0.599174 -1.690396 4.364599
 131.400000 0.634463 -1.773111 6.531379
 131.600000 0.494065 -1.753856 0.472461
 131.800000 0.538473 -1.764143 0.287590
 132.000000 0.523292 -1.773764 0.404302
 132.200000 0.544494 -1.742777 0.221558
 132.400000 0.547245 -1.696920 1.451311
 132.600000 0.598438 -1.742959 2.803242
 132.800000 0.646008 -1.754591 7.534837
 133.000000 0.498747 -1.699798 1.345354
 133.200000 0.529727 -1.728092 0.167336
 133.400000 0.662348 -1.811299 11.801649
 133.600000 0.546508 -1.697323 1.414689
 133.800000 0.584152 -1.703413 2.711851
 134.000000 0.599613 -1.782798 3.591025
 134.200000 0.541933 -1.685435 1.961730
 134.400000 0.596151 -1.754419 2.673219
 134.600000 0.550678 -1.760338 0.479268
 134.800000 0.574983 -1.700597 2.320687
 135.000000 0.560110 -1.780338 1.279314
 135.200000 0.608739 -1.670411 6.430767
 135.400000 0.503575 -1.734343 0.260818
 135.600000 0.546175 -1.701387 1.220303
 135.800000 0.553879 -1.717140 0.855756
 136.000000 0.556464 -1.709057 1.197913
 136.200000 0.488024 -1.660234 4.253386
 136.400000 0.552708 -1.684834 2.253521
 136.600000 0.588419 -1.776830 2.596943
 136.800000 0.535232 -1.679468 2.236511
 137.000000 0.476903 -1.732459 1.173056
 137.200000 0.618316 -1.774371 4.907363
 137.400000 0.534048 -1.751524 0.073779
 137.600000 0.555059 -1.713042 1.016118
 137.800000 0.587954 -1.823178 5.101039
 138.000000 0.563582 -1.795204 2.043084
 138.200000 0.554021 -1.703289 1.346430
 138.400000 0.494995 -1.784953 1.194105
 138.600000 0.654434 -1.700176 9.578375
 138.800000 0.561511 -1.798478 2.131052
 139.000000 0.542502 -1.758792 0.269292
 139.200000 0.459919 -1.724868 2.236918
 139.400000 0.578777 -1.786150 2.355474
 139.600000 0.600521 -1.708208 3.647537
 139.800000 0.435651 -1.737862 3.895277
 140.000000 0.579786 -1.793363 2.732148
 140.200000 0.571008 -1.795847 2.399844
 140.400000 0.528968 -1.778645 0.569375
 140.600000 0.506943 -1.732712 0.218312
 140.800000 0.546636 -1.781346 0.913954
 141.000000 0.599718 -1.796787 4.220978
 141.200000 0.522265 -1.771414 0.341098
 141.400000 0.478057 -1.723466 1.276019
 141.600000 0.593672 -1.762407 2.600913
 141.800000 0.531596 -1.800804 1.570687
 142.000000 0.416566 -1.723951 5.956521
 142.200000 0.529335 -1.849818 5.475410
 142.400000 0.619650 -1.807291 6.532499
 142.600000 0.585430 -1.743562 1.913138
 142.800000 0.566673 -1.773741 1.331316
 143.000000 0.541410 -1.695901 1.380210
 143.200000 0.526008 -1.800908 1.547409
 143.400000 0.531145 -1.707834 0.731429
 143.600000 0.540552 -1.710119 0.763590
 143.800000 0.584170 -1.785133 2.626618
 144.000000 0.455711 -1.707456 3.021560
 144.200000 0.575285 -1.784614 2.107374
 144.400000 0.617310 -1.834411 8.358710
 144.600000 0.498227 -1.730521 0.431519
 144.800000 0.562918 -1.727605 0.930083
 145.000000 0.598068 -1.789561 3.751079
 145.200000 0.562772 -1.748006 0.770838
 145.400000 0.554432 -1.760125 0.584816
 145.600000 0.532517 -1.784203 0.795361
 145.800000 0.578671 -1.701244 2.488194
 146.000000 0.580829 -1.811592 3.833035
 146.200000 0.646161 -1.736811 7.547007
 146.400000 0.534073 -1.725699 0.247529
 146.600000 0.616677 -1.710491 4.938592
 146.800000 0.585775 -1.776087 2.405977
 147.000000 0.528179 -1.747489 0.012822
 147.200000 0.576004 -1.758224 1.456309
 147.400000 0.573487 -1.729965 1.362467
 147.600000 0.525256 -1.710695 0.601141
 147.800000 0.577248 -1.782337 2.123892
 148.000000 0.602688 -1.726271 3.309127
 148.200000 0.580868 -1.718677 1.995038
 148.400000 0.508415 -1.676506 2.483599
 148.600000 0.560441 -1.693892 2.001564
 148.800000 0.608768 -1.785405 4.429949
 149.000000 0.517529 -1.745994 0.018641
 149.200000 0.551235 -1.770505 0.698792
 149.400000 0.567723 -1.780521 1.592698
 149.600000 0.555449 -1.662374 3.947989
 149.800000 0.530111 -1.676331 2.401552
 150.000000 0.674466 -1.793283 12.530186
 150.200000 0.566064 -1.773763 1.305869
 150.400000 0.535596 -1.675273 2.525890
 150.600000 0.630155 -1.809570 7.740532
 150.800000 0.525320 -1.691490 1.450829
 151.000000 0.518311 -1.661634 3.516410
 151.200000 0.615036 -1.797510 5.541788
 151.400000 0.602997 -1.664701 6.402515
 151.600000 0.577115 -1.715814 1.867594
 151.800000 0.680415 -1.671901 14.991556
 152.000000 0.625933 -1.775950 5.704948
 152.200000 0.459529 -1.712131 2.603546
 152.400000 0.532381 -1.742823 0.041707
 152.600000 0.627097 -1.734415 5.415521
 152.800000 0.622972 -1.561524 21.829746
 153.000000 0.534095 -1.695573 1.292918
 153.200000 0.577242 -1.683788 3.332447
 153.400000 0.558634 -1.798736 2.039888
 153.600000 0.570384 -1.700981 2.077828
 153.800000 0.609803 -1.767740 3.966698
 154.000000 0.592872 -1.668185 5.375041
 154.200000 0.539411 -1.684324 1.985843
 154.400000 0.573518 -1.683832 3.136957
 154.600000 0.539338 -1.779758 0.716527
 154.800000 0.594286 -1.694614 3.784349
 155.000000 0.571062 -1.695876 2.349185
 155.200000 0.635069 -1.701344 7.180158
 155.400000 0.556768 -1.736170 0.592033
 155.600000 0.545031 -1.667399 3.266242
 155.800000 0.540134 -1.730952 0.240058
 156.000000 0.574723 -1.695994 2.523850
 156.200000 0.575506 -1.791298 2.403742
 156.400000 0.523742 -1.726756 0.172487
 156.600000 0.618089 -1.736997 4.498935
 156.800000 0.494643 -1.772781 0.796009
 157.000000 0.573908 -1.692139 2.680132
 157.200000 0.627262 -1.795342 6.623632
 157.400000 0.548339 -1.626688 7.343927
 157.600000 0.545905 -1.699324 1.307039
 157.800000 0.610870 -1.734595 3.865751
 158.000000 0.548626 -1.703453 1.189973
 158.200000 0.512961 -1.744160 0.057261
 158.400000 0.498196 -1.731498 0.418304
 158.600000 0.571265 -1.731603 1.230231
 158.800000 0.643668 -1.728863 7.343831
 159.000000 0.542120 -1.654617 4.285836
 159.200000 0.527740 -1.661908 3.488111
 159.400000 0.688222 -1.809721 15.623536
 159.600000 0.563376 -1.681147 2.850765
 159.800000 0.495077 -1.701799 1.354182
 160.000000 0.587358 -1.796569 3.345374
 160.200000 0.538999 -1.751444 0.137275
 160.400000 0.572702 -1.760999 1.328341
 160.600000 0.600677 -1.768432 3.237403
 160.800000 0.532498 -1.676283 2.423292
 161.000000 0.592626 -1.730776 2.488304
 161.200000 0.575035 -1.799755 2.803924
 161.400000 0.557549 -1.713578 1.080363
 161.600000 0.590493 -1.774590 2.665538
 161.800000 0.516578 -1.725262 0.225998
 162.000000 0.494065 -1.724469 0.653707
 162.200000 0.545789 -1.683490 2.158280
 162.400000 0.670115 -1.817364 13.328003
 162.600000 0.547109 -1.729345 0.404104
 162.800000 0.497918 -1.776682 0.821264
 163.000000 0.538793 -1.695920 1.336089
 163.200000 0.508938 -1.812231 2.345359
 163.400000 0.504770 -1.704527 1.009683
 163.600000 0.570310 -1.768075 1.349643
 163.800000 0.490738 -1.795360 1.791474
 164.000000 0.560429 -1.715047 1.136735
 164.200000 0.545973 -1.784804 1.029405
 164.400000 0.538304 -1.768108 0.367557
 164.600000 0.547090 -1.762111 0.416743
 164.800000 0.447111 -1.738149 2.950986
 165.000000 0.557480 -1.723599 0.810078
 165.200000 0.533860 -1.855431 6.113820
 165.400000 0.505816 -1.610563 9.239095
 165.600000 0.461369 -1.789769 2.923706
 165.800000 0.655991 -1.812897 11.046622
 166.000000 0.526932 -1.769440 0.296226
 166.200000 0.544670 -1.808453 2.214302
 166.400000 0.575159 -1.753426 1.361997
 166.600000 0.528754 -1.824359 3.136152
 166.800000 0.576374 -1.752609 1.419108
 167.000000 0.496389 -1.820476 3.193692
 167.200000 0.550083 -1.756957 0.418310
 167.400000 0.526261 -1.784840 0.784086
 167.600000 0.488456 -1.659833 4.272338
 167.800000 0.632267 -1.793676 7.073087
 168.000000 0.554973 -1.770739 0.814983
 168.200000 0.534299 -1.710216 0.673726
 168.400000 0.554568 -1.749552 0.488469
 168.600000 0.591119 -1.771082 2.611097
 168.800000 0.525188 -1.743596 0.002765
 169.000000 0.467301 -1.740441 1.596642
 169.200000 0.567220 -1.751006 0.967530
 169.400000 0.533602 -1.723936 0.278869
 169.600000 0.553641 -1.723665 0.685952
 169.800000 0.550311 -1.729358 0.484304
 170.000000 0.478472 -1.709174 1.671790
 170.200000 0.558054 -1.760888 0.714624
 170.400000 0.642151 -1.725267 7.228623
 170.600000 0.601206 -1.756066 3.069042
 170.800000 0.527053 -1.750191 0.017784
 171.000000 0.552318 -1.720979 0.708858
 171.200000 0.667280 -1.774058 10.734834
 171.400000 0.637281 -1.738998 6.481829
 171.600000 0.527333 -1.681622 2.036304
 171.800000 0.561781 -1.717056 1.128640
 172.000000 0.587546 -1.718019 2.417531
 172.200000 0.534636 -1.689719 1.607184
 172.400000 0.564363 -1.742902 0.833817
 172.600000 0.573169 -1.768827 1.504658
 172.800000 0.489637 -1.702760 1.482790
 173.000000 0.616211 -1.703855 5.148567
 173.200000 0.622551 -1.805417 6.701003
 173.400000 0.551460 -1.747263 0.390001
 173.600000 0.489409 -1.735870 0.629211
 173.800000 0.580615 -1.731462 1.721556
 174.000000 0.608797 -1.778489 4.179178
 174.200000 0.578854 -1.659141 5.240772
 174.400000 0.555025 -1.832632 4.304676
 174.600000 0.501981 -1.780799 0.862726
 174.800000 0.542246 -1.701519 1.133541
 175.000000 0.612614 -1.765194 4.159143
 175.200000 0.577933 -1.794231 2.671792
 175.400000 0.548802 -1.707826 1.020873
 175.600000 0.597015 -1.769696 2.991857
 175.800000 0.610560 -1.693751 5.111249
 176.000000 0.512129 -1.736816 0.102020
 176.200000 0.578482 -1.794698 2.724690
 176.400000 0.542744 -1.725796 0.374036
 176.600000 0.449486 -1.696370 3.944822
 176.800000 0.615182 -1.798862 5.626560
 177.000000 0.651926 -1.740503 8.245621
 177.200000 0.415660 -1.660278 9.442284
 177.400000 0.552562 -1.680704 2.507662
 177.600000 0.624605 -1.786169 5.935058
 177.800000 0.592319 -1.714269 2.843608
 178.000000 0.552230 -1.698901 1.487655
 178.200000 0.595389 -1.721010 2.872608
 178.400000 0.596004 -1.667031 5.686559
 178.600000 0.505435 -1.713321 0.677210
 178.800000 0.615391 -1.675458 6.653914
 179.000000 0.577124 -1.781168 2.074701
 179.200000 0.520787 -1.651054 4.447854
 179.400000 0.539910 -1.766594 0.359116
 179.600000 0.665632 -1.774559 10.513949
 179.800000 0.600033 -1.730601 3.029570
 180.000000 0.565188 -1.719716 1.192823
 180.200000 0.674084 -1.792880 12.453459
 180.400000 0.581504 -1.673746 4.238549
 180.600000 0.570154 -1.658100 4.888157
 180.800000 0.551055 -1.762297 0.520866
 181.000000 0.561625 -1.656189 4.695938
 181.200000 0.533770 -1.802178 1.667641
 181.400000 0.597254 -1.721835 2.988551
 181.600000 0.694712 -1.778978 15.205911
 181.800000 0.551886 -1.658879 4.136866
 182.000000 0.535822 -1.698878 1.153567
 182.200000 0.611186 -1.709307 4.484595
 182.400000 0.608507 -1.710383 4.215307
 182.600000 0.506716 -1.801735 1.733298
 182.800000 0.573364 -1.726518 1.415208
 183.000000 0.507050 -1.714734 0.604962
 183.200000 0.588391 -1.739106 2.118383
 183.400000 0.615279 -1.734855 4.257503
 183.600000 0.648164 -1.786765 8.616781
 183.800000 0.499416 -1.764890 0.483709
 184.000000 0.512618 -1.680481 2.162945
 184.200000 0.585734 -1.784830 2.710572
 184.400000 0.516157 -1.791307 1.084685
 184.600000 0.530770 -1.798495 1.439018
 184.800000 0.516365 -1.770549 0.344181
 185.000000 0.568576 -1.726362 1.191351
 185.200000 0.543226 -1.731113 0.293667
 185.400000 0.626197 -1.789452 6.236592
 185.600000 0.541504 -1.780766 0.788181
 185.800000 0.477984 -1.859327 7.538113
 186.000000 0.560151 -1.723167 0.913622
 186.200000 0.578064 -1.776189 1.959364
 186.400000 0.502843 -1.752220 0.239147
 186.600000 0.544642 -1.715657 0.661611
 186.800000 0.627285 -1.840578 9.911617
 187.000000 0.575941 -1.740909 1.379630
 187.200000 0.520973 -1.686891 1.710971
 187.400000 0.539443 -1.764487 0.309034
 187.600000 0.646200 -1.872426 15.592233
 187.800000 0.515495 -1.698251 1.141039
 188.000000 0.499864 -1.814218 2.654480
 188.200000 0.568421 -1.750179 1.016284
 188.400000 0.505895 -1.731693 0.249681
 188.600000 0.509209 -1.808819 2.119024
 188.800000 0.474006 -1.768375 1.495240
 189.000000 0.568956 -1.773549 1.426815
 189.200000 0.636757 -1.813284 8.711278
 189.400000 0.607360 -1.709158 4.162133
 189.600000 0.582860 -1.724258 1.977948
 189.800000 0.558003 -1.754523 0.634092
 190.000000 0.604891 -1.717527 3.690691
 190.200000 0.534826 -1.724659 0.276668
 190.400000 0.578158 -1.710222 2.104596
 190.600000 0.574831 -1.706868 2.052015
 190.800000 0.652091 -1.717662 8.637868
 191.000000 0.639712 -1.669442 9.620619
 191.200000 0.487686 -1.764970 0.837755
 191.400000 0.529222 -1.781183 0.658560
 191.600000 0.585333 -1.755843 1.960831
 191.800000 0.566755 -1.766750 1.160645
 192.000000 0.585070 -1.670365 4.699151
 192.200000 0.552162 -1.752961 0.437059
 192.400000 0.555259 -1.713842 0.996916
 192.600000 0.596437 -1.788840 3.599319
 192.800000 0.652572 -1.749799 8.327052
 193.000000 0.577813 -1.718786 1.821851
 193.200000 0.535070 -1.868199 7.614307
 193.400000 0.557310 -1.748320 0.572687
 193.600000 0.555546 -1.676650 2.868748
 193.800000 0.598154 -1.817005 5.347914
 194.000000 0.585290 -1.748559 1.908096
 194.200000 0.555609 -1.764275 0.691806
 194.400000 0.583144 -1.802867 3.428108
 194.600000 0.577201 -1.737065 1.470747
 194.800000 0.436506 -1.757954 3.872299
 195.000000 0.566767 -1.763876 1.103754
 195.200000 0.613300 -1.830139 7.619536
 195.400000 0.589164 -1.778339 2.694238
 195.600000 0.495985 -1.773191 0.769395
 195.800000 0.543302 -1.789901 1.187437
 196.000000 0.555627 -1.745442 0.512905
 196.200000 0.581151 -1.785744 2.472785
 196.400000 0.552268 -1.793546 1.573408
 196.600000 0.541508 -1.714413 0.638289
 196.800000 0.450054 -1.753554 2.738230
 197.000000 0.565949 -1.781953 1.567437
 197.200000 0.466442 -1.754724 1.677603
 197.400000 0.561669 -1.761746 0.859404
 197.600000 0.510316 -1.824366 3.211580
 197.800000 0.483036 -1.679764 2.972085
 198.000000 0.541810 -1.717630 0.549463
 198.200000 0.566354 -1.789631 1.895334
 198.400000 0.544583 -1.740500 0.231839
 198.600000 0.575164 -1.753964 1.366765
 198.800000 0.545524 -1.773162 0.627691
 199.000000 0.498210 -1.734590 0.379974
 199.200000 0.481513 -1.730282 0.998831
 199.400000 0.556375 -1.766051 0.751828
 199.600000 0.578727 -1.750546 1.533142
 199.800000 0.448245 -1.707136 3.568461
 200.000000 0.548615 -1.722071 0.583386
