#! FIELDS time phi psi restraint.bias
#! SET min_phi -pi
#! SET max_phi pi
#! SET min_psi -pi
#! SET max_psi pi
 0.000000 1.463117 2.431372 161.084683
 0.200000 1.968365 2.209757 7.830428
 0.400000 1.914781 2.093521 0.013289
 0.600000 1.877260 2.134308 1.703967
 0.800000 2.015786 2.045110 5.815183
 1.000000 1.984217 2.018901 4.920461
 1.200000 1.908930 2.193378 4.958613
 1.400000 1.902460 2.175535 3.443296
 1.600000 1.845192 2.160726 4.987671
 1.800000 2.034595 2.133465 7.345087
 2.000000 1.928326 2.115253 0.253338
 2.200000 1.852789 2.079145 2.365669
 2.400000 1.899429 2.106366 0.280400
 2.600000 1.840586 2.136824 4.042469
 2.800000 1.777157 2.035251 11.931323
 3.000000 1.903831 2.133509 0.893457
 3.200000 1.917420 2.068328 0.342723
 3.400000 1.961903 2.072590 1.121462
 3.600000 1.972786 2.114375 1.600074
 3.800000 1.837720 2.088231 3.392704
 4.000000 1.873047 2.131534 1.785483
 4.200000 1.873131 2.106044 1.159761
 4.400000 1.792467 2.142694 9.281119
 4.600000 1.863942 2.086861 1.591905
 4.800000 1.852820 2.057467 2.929156
 5.000000 1.944755 2.076978 0.461504
 5.200000 1.888646 2.114453 0.688405
 5.400000 1.857579 2.168075 4.653922
 5.600000 1.980868 2.128585 2.445332
 5.800000 1.847911 2.132571 3.317181
 6.000000 1.979159 2.028797 3.909630
 6.200000 1.877945 2.144472 2.132383
 6.400000 1.909083 2.066085 0.458816
 6.600000 1.965414 2.143302 2.233415
 6.800000 1.963725 2.108246 1.057912
 7.000000 1.793433 2.166586 10.597964
 7.200000 1.798710 2.215731 14.700128
 7.400000 1.983552 2.061442 2.571166
 7.600000 1.949343 2.128124 1.003361
 7.800000 1.974003 2.031697 3.431131
 8.000000 1.921706 2.053950 0.819605
 8.200000 1.876566 2.040603 2.384096
 8.400000 1.819102 2.108556 5.176552
 8.600000 1.906920 2.078706 0.206821
 8.800000 1.935710 2.126202 0.631404
 9.000000 1.915124 2.166813 2.633383
 9.200000 1.991008 2.147409 3.936126
 9.400000 1.935804 2.102785 0.162260
 9.600000 1.868086 2.152178 3.009803
 9.800000 1.815026 2.099767 5.509786
 10.000000 1.848512 2.112787 2.714564
 10.200000 1.910050 2.090471 0.055834
 10.400000 1.907590 2.123412 0.496308
 10.600000 1.922885 2.024692 2.433844
 10.800000 1.913098 2.103007 0.059962
 11.000000 1.948565 2.156436 2.336466
 11.200000 1.934989 2.102994 0.151387
 11.400000 1.932666 2.206803 6.399695
 11.600000 1.894388 2.142416 1.477502
 11.800000 1.875081 2.081230 1.089352
 12.000000 1.931098 2.030664 2.093953
 12.200000 1.823630 2.046306 5.786542
 12.400000 1.894728 2.021911 2.942856
 12.600000 1.943989 2.099973 0.306608
 12.800000 1.886010 2.205395 6.733424
 13.000000 1.817218 2.123353 5.687227
 13.200000 1.880578 2.171765 3.764635
 13.400000 1.876618 2.150435 2.505255
 13.600000 1.841002 2.094336 3.109439
 13.800000 1.975635 2.152731 3.256809
 14.000000 1.918705 2.133545 0.767041
 14.200000 1.989827 2.153727 4.207686
 14.400000 1.899182 2.166764 2.832455
 14.600000 1.844788 2.102255 2.848951
 14.800000 1.868981 2.096500 1.296638
 15.000000 1.901326 2.061644 0.708120
 15.200000 1.862074 2.077931 1.805256
 15.400000 1.841965 2.059709 3.635528
 15.600000 1.822403 2.106540 4.822850
 15.800000 1.945086 2.178903 3.888934
 16.000000 1.952632 2.131566 1.227784
 16.200000 1.966225 2.166453 3.670931
 16.400000 1.896814 2.161505 2.517480
 16.600000 1.948169 2.004464 4.444444
 16.800000 1.915058 2.125645 0.499814
 17.000000 1.828030 2.041134 5.634887
 17.200000 1.872022 2.049522 2.151112
 17.400000 1.929010 2.081124 0.129903
 17.600000 1.887450 2.201054 6.213392
 17.800000 1.974249 2.140369 2.535790
 18.000000 1.922003 2.169035 2.787828
 18.200000 1.850305 2.255527 15.400919
 18.400000 1.921665 2.093645 0.001907
 18.600000 1.910307 2.160013 2.198472
 18.800000 1.927373 2.102129 0.058116
 19.000000 1.851474 2.136588 3.228599
 19.200000 1.832122 2.129731 4.473524
 19.400000 1.910193 2.103779 0.090771
 19.600000 1.900995 1.976254 7.156686
 19.800000 1.936417 1.983177 6.321767
 20.000000 1.855776 2.030089 4.121155
 20.200000 1.780095 2.031824 11.725041
 20.400000 1.855214 2.082605 2.159199
 20.600000 1.902612 2.156768 2.093967
 20.800000 1.894500 2.142035 1.456404
 21.000000 1.968972 2.160476 3.389195
 21.200000 1.991526 2.181112 6.327823
 21.400000 1.967037 2.212222 8.054323
 21.600000 1.908897 2.159931 2.207612
 21.800000 1.866536 2.160046 3.576880
 22.000000 1.921051 2.072840 0.233011
 22.200000 1.822972 2.069096 5.013871
 22.400000 1.899897 2.044126 1.462779
 22.600000 1.876372 2.095072 0.945906
 22.800000 1.893426 2.057866 1.016626
 23.000000 1.923438 2.122531 0.402200
 23.200000 1.873585 2.154030 2.848964
 23.400000 1.839221 2.212958 10.280099
 23.600000 1.855567 2.148791 3.546427
 23.800000 1.845120 2.146980 4.175781
 24.000000 1.932684 2.062910 0.577858
 24.200000 1.922731 2.084109 0.057018
 24.400000 1.789769 2.073211 8.686443
 24.600000 1.963135 2.071729 1.193141
 24.800000 1.952363 2.150437 2.098462
 25.000000 1.833273 2.177021 7.162362
 25.200000 1.851726 2.168350 5.055930
 25.400000 1.880235 2.112447 0.948083
 25.600000 1.847393 2.113080 2.800449
 25.800000 1.798024 2.039617 8.922564
 26.000000 1.861555 2.047956 2.778150
 26.200000 1.837229 2.058959 4.041938
 26.400000 1.857132 2.105294 2.026963
 26.600000 1.887930 2.094466 0.509829
 26.800000 1.849087 2.177244 5.936522
 27.000000 1.897462 2.146860 1.627198
 27.200000 1.959205 2.154095 2.555946
 27.400000 1.846921 2.085132 2.703119
 27.600000 1.864141 2.064403 2.002217
 27.800000 1.995327 2.079407 2.959808
 28.000000 1.894986 2.082683 0.378008
 28.200000 1.856430 2.125291 2.489076
 28.400000 1.895862 2.132444 1.011852
 28.600000 1.896060 2.158085 2.311480
 28.800000 1.927126 2.111210 0.167761
 29.000000 1.903287 2.151568 1.771756
 29.200000 1.926490 2.167787 2.715164
 29.400000 1.881085 2.166956 3.384407
 29.600000 1.878697 2.060728 1.414018
 29.800000 1.943841 2.092204 0.289902
 30.000000 1.870541 2.095148 1.216562
 30.200000 1.870092 2.100056 1.254554
 30.400000 1.902542 2.139924 1.186416
 30.600000 2.021320 2.120101 5.477249
 30.800000 1.942577 2.081664 0.339025
 31.000000 1.814064 2.172344 8.634705
 31.200000 1.789723 2.108415 8.566367
 31.400000 1.887945 2.132508 1.235637
 31.600000 1.924783 2.106034 0.079839
 31.800000 1.822555 2.107549 4.820823
 32.000000 1.863071 2.047468 2.713735
 32.200000 1.942183 2.084710 0.296012
 32.400000 1.936828 2.047037 1.265317
 32.600000 1.728007 2.064725 18.844429
 32.800000 1.911657 2.134531 0.839088
 33.000000 1.923363 2.029992 2.080001
 33.200000 1.893060 2.160391 2.536882
 33.400000 1.857157 2.132921 2.708061
 33.600000 1.796369 2.072776 7.858936
 33.800000 2.031069 2.085787 6.220536
 34.000000 1.988156 2.149834 3.868785
 34.200000 1.842004 2.162025 5.317809
 34.400000 1.905500 2.107427 0.188054
 34.600000 1.851577 2.188454 6.754956
 34.800000 1.920539 2.088703 0.016426
 35.000000 1.993134 2.184880 6.778115
 35.200000 1.908181 2.266514 14.880667
 35.400000 1.973412 2.170898 4.360115
 35.600000 1.892287 2.224248 8.811048
 35.800000 1.885541 2.156083 2.491638
 36.000000 1.859399 2.077710 1.967095
 36.200000 1.926282 2.078213 0.151531
 36.400000 1.929943 2.092906 0.051925
 36.600000 1.867313 2.001523 5.693324
 36.800000 1.830162 2.094672 4.023069
 37.000000 1.816714 2.150583 6.898338
 37.200000 1.875513 2.022868 3.541481
 37.400000 1.965901 2.165797 3.608877
 37.600000 1.902852 2.170562 3.045382
 37.800000 1.940932 2.073212 0.446323
 38.000000 1.937140 2.139638 1.172727
 38.200000 1.889362 2.151329 2.085870
 38.400000 1.855197 2.047291 3.200187
 38.600000 1.915218 2.050886 0.957315
 38.800000 1.819946 2.108268 5.087899
 39.000000 1.787964 2.005224 12.674214
 39.200000 1.915943 2.128380 0.585165
 39.400000 1.953375 2.111645 0.710334
 39.600000 1.935886 2.077610 0.269246
 39.800000 1.927040 2.274453 16.236100
 40.000000 1.902244 2.123721 0.585202
 40.200000 1.917276 2.197595 5.328481
 40.400000 1.998919 2.136637 4.017237
 40.600000 1.931301 2.025695 2.425251
 40.800000 1.820892 1.993354 10.002219
 41.000000 1.894083 2.084975 0.376665
 41.200000 1.885486 2.005524 4.539913
 41.400000 1.787891 2.029148 10.836756
 41.600000 1.779284 2.101810 9.908649
 41.800000 1.880408 2.099469 0.791197
 42.000000 1.916269 2.118826 0.304901
 42.200000 1.954537 2.128555 1.184630
 42.400000 1.965748 2.169133 3.845657
 42.600000 1.928799 2.113632 0.224962
 42.800000 1.968924 2.242150 12.119302
 43.000000 1.986919 2.169287 5.052732
 43.200000 1.897569 2.110289 0.374795
 43.400000 1.869012 2.101075 1.315164
 43.600000 1.901331 2.065445 0.590765
 43.800000 1.885331 2.067713 0.952150
 44.000000 1.878324 2.097796 0.868477
 44.200000 1.886547 2.127319 1.096942
 44.400000 1.780062 2.163258 12.143117
 44.600000 1.865786 2.216105 8.868795
 44.800000 1.932052 2.192329 4.869802
 45.000000 1.882064 2.076975 0.866092
 45.200000 1.972499 2.157673 3.387366
 45.400000 1.915470 2.078172 0.141247
 45.600000 1.898174 2.058448 0.881273
 45.800000 1.962272 2.117654 1.169760
 46.000000 1.888777 2.116566 0.728915
 46.200000 1.918976 2.169038 2.786159
 46.400000 1.889169 2.130978 1.140171
 46.600000 1.921594 2.137207 0.917936
 46.800000 1.967846 2.103216 1.190115
 47.000000 1.863222 2.131556 2.294515
 47.200000 1.856098 2.111172 2.173691
 47.400000 1.967478 2.065999 1.536806
 47.600000 1.899746 2.094585 0.202350
 47.800000 1.851383 2.095517 2.345360
 48.000000 1.882731 2.119684 1.009139
 48.200000 1.962151 2.118086 1.174823
 48.400000 1.880405 2.137700 1.716087
 48.600000 1.838809 2.113417 3.465695
 48.800000 1.895717 2.087530 0.315050
 49.000000 1.874007 2.144412 2.302195
 49.200000 1.842654 2.095614 2.981282
 49.400000 1.903979 2.092900 0.127262
 49.600000 1.849949 2.062722 2.945478
 49.800000 1.834393 2.014130 6.873730
 50.000000 1.917437 2.121679 0.375149
 50.200000 1.880851 2.127064 1.294555
 50.400000 1.846249 2.131144 3.384709
 50.600000 1.909779 2.113508 0.233482
 50.800000 1.911308 2.142013 1.170306
 51.000000 2.021983 2.199506 10.738516
 51.200000 1.916202 2.118124 0.288222
 51.400000 1.885577 2.157355 2.569735
 51.600000 1.828029 2.174120 7.394735
 51.800000 1.774073 2.070156 10.921067
 52.000000 1.882660 2.100966 0.713606
 52.200000 1.971382 2.070228 1.619164
 52.400000 1.930623 2.116603 0.304499
 52.600000 1.906567 2.049136 1.112570
 52.800000 1.891137 2.099737 0.426840
 53.000000 1.905030 2.108091 0.203793
 53.200000 1.802807 2.112028 7.006369
 53.400000 1.920292 2.140018 1.040802
 53.600000 1.959360 2.125064 1.250356
 53.800000 1.861293 2.149456 3.231077
 54.000000 1.940693 2.122905 0.623358
 54.200000 1.887941 2.154672 2.326117
 54.400000 1.905211 2.106430 0.179755
 54.600000 1.908939 2.117666 0.330430
 54.800000 1.816050 2.183657 9.372335
 55.000000 1.871145 2.108903 1.291942
 55.200000 1.881607 2.091470 0.736006
 55.400000 1.949034 2.186412 4.659012
 55.600000 1.891922 2.085736 0.427815
 55.800000 1.836534 2.190989 8.137013
 56.000000 1.952059 2.163025 2.873367
 56.200000 1.887295 2.132474 1.255300
 56.400000 1.832946 2.090019 3.786781
 56.600000 1.850851 2.075041 2.568582
 56.800000 1.986766 2.075359 2.419233
 57.000000 1.894599 2.048889 1.354541
 57.200000 1.736672 2.102246 16.810125
 57.400000 1.886690 2.125569 1.036103
 57.600000 1.915586 2.115721 0.236547
 57.800000 1.809665 2.166450 8.667660
 58.000000 1.885799 2.068818 0.907254
 58.200000 1.838464 2.084584 3.360948
 58.400000 1.993949 2.123461 3.166885
 58.600000 1.934996 2.096149 0.116047
 58.800000 1.783866 2.123222 9.663014
 59.000000 1.886662 2.165759 3.097550
 59.200000 1.891765 2.216785 7.884349
 59.400000 1.884691 2.152631 2.314245
 59.600000 1.889772 2.128497 1.034191
 59.800000 1.853252 2.108932 2.324130
 60.000000 1.943987 2.012828 3.617607
 60.200000 1.898348 2.163638 2.628686
 60.400000 1.745651 2.182770 19.079819
 60.600000 1.839110 2.089100 3.274511
 60.800000 1.844406 2.069509 3.156458
 61.000000 1.896949 2.142174 1.403905
 61.200000 1.896818 2.027151 2.526424
 61.400000 1.892056 2.047151 1.502583
 61.600000 1.864359 2.165710 4.083260
 61.800000 1.886044 2.160240 2.739581
 62.000000 1.811431 2.152324 7.556595
 62.200000 1.882384 2.161178 2.932250
 62.400000 1.902858 2.102527 0.177637
 62.600000 1.974758 2.023879 3.993089
 62.800000 1.901324 2.053032 1.027280
 63.000000 1.886261 2.053595 1.396849
 63.200000 1.854149 2.156474 4.086048
 63.400000 1.820609 2.172330 7.962553
 63.600000 1.882322 2.093590 0.704955
 63.800000 1.946519 2.151987 2.013707
 64.000000 1.863338 2.113145 1.773257
 64.200000 1.934012 2.028210 2.290328
 64.400000 1.899243 2.093164 0.213340
 64.600000 1.941583 2.083478 0.295487
 64.800000 1.931688 2.109029 0.177009
 65.000000 1.911615 2.212466 7.004351
 65.200000 1.894102 2.204937 6.441610
 65.400000 1.862398 2.156281 3.566013
 65.600000 1.915625 2.116412 0.251341
 65.800000 1.935906 2.116563 0.374418
 66.000000 1.853380 2.151339 3.831262
 66.200000 1.834833 2.207078 9.963664
 66.400000 1.855509 2.135868 2.930674
 66.600000 1.848540 2.070816 2.821423
 66.800000 1.908018 2.157535 2.063481
 67.000000 1.861408 2.132321 2.427628
 67.200000 1.924944 2.076805 0.167622
 67.400000 1.911710 2.117999 0.311808
 67.600000 1.890887 2.063721 0.890220
 67.800000 1.873538 2.017839 4.003359
 68.000000 1.861652 2.074201 1.898131
 68.200000 1.977206 2.093914 1.644270
 68.400000 1.948646 2.058789 1.048163
 68.600000 1.797415 2.173376 10.615645
 68.800000 1.893948 2.162884 2.681142
 69.000000 1.818278 2.166523 7.760875
 69.200000 1.912040 2.175508 3.320278
 69.400000 1.996906 2.238713 13.381671
 69.600000 1.859086 2.042452 3.195922
 69.800000 1.989683 2.067217 2.806792
 70.000000 1.892283 2.068208 0.723180
 70.200000 1.893082 2.121669 0.730522
 70.400000 1.924797 2.131903 0.715608
 70.600000 1.821545 2.125630 5.320956
 70.800000 1.880009 2.084811 0.840062
 71.000000 1.912718 2.171856 3.025583
 71.200000 1.894315 2.029899 2.406200
 71.400000 1.891593 2.062871 0.896429
 71.600000 1.951992 2.062705 1.018311
 71.800000 1.859079 2.094540 1.847293
 72.000000 1.794573 2.076315 8.012144
 72.200000 1.877119 2.111872 1.066189
 72.400000 1.944215 2.115663 0.522690
 72.600000 1.950119 2.094820 0.457834
 72.800000 1.905574 2.256754 13.282267
 73.000000 1.897340 2.132690 0.986855
 73.200000 1.922330 2.119348 0.314370
 73.400000 1.853764 2.221805 10.301089
 73.600000 1.814415 2.041924 6.936146
 73.800000 1.870349 2.095480 1.226361
 74.000000 1.906015 2.114048 0.288996
 74.200000 1.846408 2.054283 3.502230
 74.400000 1.908344 2.097604 0.071488
 74.600000 1.916418 2.156682 1.945744
 74.800000 1.803741 2.118395 7.030032
 75.000000 1.894325 2.171138 3.270840
 75.200000 2.019443 2.249835 17.038952
 75.400000 1.943007 2.057718 0.940428
 75.600000 1.989368 2.154155 4.201105
 75.800000 1.861732 2.176701 5.076678
 76.000000 1.990512 2.116976 2.750648
 76.200000 1.917061 2.178752 3.561924
 76.400000 1.814162 2.183396 9.546863
 76.600000 1.811011 2.148857 7.407354
 76.800000 1.895096 2.117017 0.562553
 77.000000 1.932769 2.092367 0.085347
 77.200000 1.895641 2.001944 4.566973
 77.400000 1.852930 2.031513 4.217022
 77.600000 1.976006 2.104733 1.629483
 77.800000 1.826623 2.104841 4.401306
 78.000000 1.733012 2.146952 18.837688
 78.200000 1.911888 2.127936 0.594299
 78.400000 1.930980 2.088927 0.076753
 78.600000 1.967171 2.097293 1.123270
 78.800000 1.907189 2.135196 0.912675
 79.000000 1.876597 2.148603 2.405190
 79.200000 1.965455 2.215939 8.425772
 79.400000 1.849816 2.229096 11.525471
 79.600000 1.863102 2.210936 8.401731
 79.800000 1.942020 2.094786 0.245555
 80.000000 1.909581 2.096547 0.055163
 80.200000 1.806916 2.014913 9.537108
 80.400000 1.841033 2.094111 3.107043
 80.600000 1.873647 2.071372 1.332953
 80.800000 1.790874 2.033880 10.150090
 81.000000 1.854954 2.085652 2.144765
 81.200000 1.960765 2.205021 6.955545
 81.400000 1.944457 2.074212 0.506134
 81.600000 1.888788 2.176075 3.818600
 81.800000 1.973346 2.197963 6.793448
 82.000000 1.910915 2.149352 1.550180
 82.200000 1.962424 2.115925 1.137537
 82.400000 1.895536 2.103893 0.340978
 82.600000 1.814700 2.033104 7.407886
 82.800000 1.847615 2.085667 2.647923
 83.000000 1.856948 2.150909 3.575999
 83.200000 1.849353 2.122996 2.894821
 83.400000 1.825492 2.111436 4.598029
 83.600000 1.834228 2.091581 3.670586
 83.800000 1.892602 2.131787 1.070617
 84.000000 1.845151 2.130922 3.457988
 84.200000 1.870998 2.155644 3.069569
 84.400000 1.929876 2.027792 2.268093
 84.600000 1.948726 2.121805 0.792188
 84.800000 1.999157 2.180860 6.881911
 85.000000 1.866814 2.170272 4.285703
 85.200000 1.891633 2.174550 3.610843
 85.400000 1.957160 2.218755 8.428254
 85.600000 1.879376 2.086810 0.848351
 85.800000 1.843111 2.001211 7.286991
 86.000000 1.878135 1.973538 8.173805
 86.200000 1.890440 2.011743 3.848470
 86.400000 1.842852 2.043688 4.250898
 86.600000 1.782751 2.142460 10.554902
 86.800000 1.953018 2.136849 1.450837
 87.000000 1.991844 2.125439 3.072590
 87.200000 1.999412 2.121212 3.523653
 87.400000 1.910705 2.152522 1.731291
 87.600000 1.924054 2.038808 1.553764
 87.800000 1.871613 2.106952 1.242800
 88.000000 1.851763 2.047170 3.433853
 88.200000 1.842467 2.024844 5.413687
 88.400000 1.916958 2.096906 0.007370
 88.600000 1.899322 2.089107 0.224928
 88.800000 1.905630 2.101478 0.126369
 89.000000 1.938037 2.139799 1.195930
 89.200000 1.827499 2.206261 10.522415
 89.400000 1.919540 2.104450 0.050605
 89.600000 1.921524 2.142689 1.167519
 89.800000 1.862502 2.097650 1.650375
 90.000000 1.829100 2.113774 4.306685
 90.200000 1.913040 2.138526 0.997027
 90.400000 1.993115 2.196417 7.887227
 90.600000 1.912831 2.115395 0.245225
 90.800000 1.909614 2.158797 2.126304
 91.000000 1.930364 2.168214 2.779787
 91.200000 1.920856 2.039854 1.487846
 91.400000 1.878335 2.078715 0.985201
 91.600000 1.840489 2.098774 3.159601
 91.800000 1.857433 2.037927 3.543019
 92.000000 1.906759 2.100876 0.106847
 92.200000 1.831191 2.157131 5.899207
 92.400000 1.763203 2.166445 14.866639
 92.600000 1.915972 2.108999 0.114206
 92.800000 1.958419 2.193421 5.646378
 93.000000 1.889296 2.116295 0.706947
 93.200000 1.981533 2.130290 2.545849
 93.400000 1.814265 2.124498 6.028482
 93.600000 1.910230 2.086163 0.080278
 93.800000 1.967412 2.146849 2.506187
 94.000000 1.913334 2.179208 3.617886
 94.200000 1.889568 2.181079 4.215960
 94.400000 1.882884 2.122100 1.067478
 94.600000 1.896958 2.045282 1.468363
 94.800000 1.837624 2.083470 3.441203
 95.000000 1.893456 2.109257 0.459062
 95.200000 1.896746 2.183616 4.247398
 95.400000 1.801344 2.160262 9.192511
 95.600000 1.828039 2.129849 4.844262
 95.800000 1.870764 2.044177 2.466233
 96.000000 1.864085 2.034431 3.353389
 96.200000 1.890320 2.031080 2.440789
 96.400000 1.908233 2.130529 0.720461
 96.600000 1.879748 2.108281 0.901004
 96.800000 1.831464 2.137084 4.818258
 97.000000 1.874620 2.200569 6.659861
 97.200000 1.918428 2.066493 0.390287
 97.400000 1.980910 2.204531 7.928356
 97.600000 1.872186 2.074939 1.325768
 97.800000 1.874049 2.055354 1.811528
 98.000000 1.891197 2.179210 4.007613
 98.200000 1.870106 2.127167 1.774819
 98.400000 1.888826 2.128721 1.070739
 98.600000 1.939076 2.127990 0.748891
 98.800000 1.919645 2.080492 0.096670
 99.000000 1.941421 2.137760 1.172630
 99.200000 1.881739 2.066235 1.123196
 99.400000 1.911839 2.156412 1.955217
 99.600000 1.771291 2.159590 13.161886
 99.800000 1.853555 2.050739 3.151203
 100.000000 1.930186 2.120742 0.400377
 100.200000 1.827219 2.056830 4.996887
 100.400000 1.892018 2.061854 0.917107
 100.600000 1.904272 2.111591 0.269378
 100.800000 1.844414 2.069073 3.166823
 101.000000 1.904217 2.146026 1.455265
 101.200000 1.939655 2.163466 2.581278
 101.400000 1.968693 2.103716 1.235677
 101.600000 1.907726 2.146435 1.427705
 101.800000 1.911032 2.114390 0.238884
 102.000000 1.977542 2.123827 2.096598
 102.200000 1.861612 2.110205 1.821518
 102.400000 1.902419 2.112353 0.313376
 102.600000 1.868856 2.103493 1.342197
 102.800000 1.837773 2.111394 3.513836
 103.000000 1.870517 2.151575 2.852277
 103.200000 1.891762 2.136375 1.275989
 103.400000 1.936221 2.130355 0.780378
 103.600000 1.973747 2.070909 1.727559
 103.800000 1.873258 2.169443 3.902048
 104.000000 1.880033 2.055835 1.536618
 104.200000 1.873922 2.083644 1.113031
 104.400000 1.876523 2.114625 1.143750
 104.600000 1.846101 2.091618 2.724184
 104.800000 1.895982 2.106385 0.357007
 105.000000 1.914201 2.168972 2.796875
 105.200000 1.936370 2.143471 1.340505
 105.400000 1.976660 2.159610 3.739513
 105.600000 1.930994 2.216224 7.483130
 105.800000 1.869692 2.098447 1.266707
 106.000000 1.912521 2.110931 0.163659
 106.200000 1.892757 2.083923 0.422174
 106.400000 1.883901 2.102942 0.683126
 106.600000 1.825435 2.080184 4.559272
 106.800000 1.830792 2.176646 7.349393
 107.000000 2.006886 2.086398 3.818544
 107.200000 1.908669 2.122336 0.452986
 107.400000 1.854101 2.093887 2.162386
 107.600000 1.839988 2.049540 4.195944
 107.800000 1.893485 2.093100 0.348724
 108.000000 1.844968 2.088119 2.824261
 108.200000 1.850369 2.135041 3.240685
 108.400000 1.869150 2.195332 6.379950
 108.600000 1.887422 2.141985 1.658592
 108.800000 1.907065 2.134051 0.868183
 109.000000 1.970884 2.091198 1.306721
 109.200000 1.928188 2.097578 0.039723
 109.400000 1.880407 2.133431 1.540241
 109.600000 1.839253 2.118670 3.543570
 109.800000 1.855744 2.109481 2.169340
 110.000000 1.915876 2.088694 0.024194
 110.200000 1.917464 2.051907 0.905504
 110.400000 1.937353 2.034860 1.925157
 110.600000 1.952631 2.091347 0.541550
 110.800000 1.889631 2.089518 0.468853
 111.000000 1.826244 2.211508 11.239976
 111.200000 1.923499 2.125767 0.498720
 111.400000 1.844621 2.108850 2.935059
 111.600000 1.874093 2.109030 1.154495
 111.800000 1.956523 2.089939 0.681945
 112.000000 1.921045 2.121828 0.376978
 112.200000 1.925425 2.093012 0.016431
 112.400000 1.875085 2.129206 1.608383
 112.600000 1.839706 2.168628 5.967704
 112.800000 1.867177 2.187225 5.696577
 113.000000 1.864473 2.153589 3.285941
 113.200000 1.951013 2.103264 0.524521
 113.400000 1.865699 2.096394 1.468842
 113.600000 1.800930 2.072995 7.301384
 113.800000 1.924401 2.116840 0.262200
 114.000000 1.892881 2.161269 2.600065
 114.200000 1.756714 2.160436 15.489353
 114.400000 1.888643 2.053900 1.307231
 114.600000 1.878854 2.078087 0.973805
 114.800000 1.871724 1.966891 9.287293
 115.000000 1.845788 2.060941 3.303093
 115.200000 1.798167 2.114358 7.604058
 115.400000 1.878195 2.092996 0.869059
 115.600000 1.941737 2.162279 2.543373
 115.800000 1.840773 2.144672 4.391435
 116.000000 1.945848 2.122318 0.727459
 116.200000 1.949657 2.077830 0.581077
 116.400000 1.881391 2.085465 0.779877
 116.600000 1.867237 2.108214 1.480214
 116.800000 1.928942 2.136507 0.927923
 117.000000 1.855205 2.174245 5.278274
 117.200000 1.867716 2.115076 1.573456
 117.400000 1.897246 2.123538 0.680413
 117.600000 1.977321 2.156376 3.571570
 117.800000 1.975607 2.043037 2.872586
 118.000000 1.781703 2.143548 10.751977
 118.200000 1.892450 2.222612 8.595510
 118.400000 1.915546 2.166036 2.575513
 118.600000 1.936768 2.235163 10.050685
 118.800000 1.947581 2.175776 3.695568
 119.000000 1.919213 2.151947 1.656296
 119.200000 1.956227 2.116072 0.896167
 119.400000 1.923262 2.168679 2.764828
 119.600000 1.814098 2.087718 5.615362
 119.800000 1.795271 2.143740 8.978925
 120.000000 1.838806 2.093015 3.285992
 120.200000 1.959272 2.025154 3.173721
 120.400000 1.952134 2.009692 4.108064
 120.600000 1.864744 2.047725 2.608075
 120.800000 1.875147 2.017521 3.954579
 121.000000 1.863629 2.112250 1.740480
 121.200000 1.917069 2.159155 2.100795
 121.400000 1.887345 2.127443 1.074750
 121.600000 1.863116 2.115084 1.824103
 121.800000 1.949932 2.108359 0.549596
 122.000000 1.957918 2.060663 1.293059
 122.200000 1.836834 2.080545 3.542772
 122.400000 1.923728 2.154602 1.819881
 122.600000 1.850695 2.161707 4.657501
 122.800000 1.892676 2.147195 1.763472
 123.000000 1.983881 2.064948 2.482742
 123.200000 1.872296 2.075050 1.318373
 123.400000 1.915821 2.078880 0.128519
 123.600000 1.897755 2.104585 0.296282
 123.800000 1.868467 2.192288 6.112182
 124.000000 1.824969 2.172675 7.566257
 124.200000 1.815870 2.182568 9.294469
 124.400000 1.917301 2.019886 2.779055
 124.600000 1.941619 2.028576 2.402787
 124.800000 2.040147 2.001604 11.539362
 125.000000 1.936283 2.094906 0.134945
 125.200000 1.863708 2.172341 4.614418
 125.400000 1.867034 2.077498 1.538187
 125.600000 1.819120 2.176225 8.422494
 125.800000 1.891319 2.110668 0.539750
 126.000000 1.984275 2.116911 2.327998
 126.200000 1.884751 2.078351 0.745090
 126.400000 1.870789 2.081992 1.281002
 126.600000 1.920623 2.135571 0.848021
 126.800000 1.841376 2.084327 3.130734
 127.000000 1.870303 2.129627 1.848700
 127.200000 1.916971 2.080581 0.099588
 127.400000 1.818554 2.042841 6.460585
 127.600000 2.010890 2.124651 4.600797
 127.800000 1.911798 2.176469 3.400551
 128.000000 1.896899 2.124058 0.703602
 128.200000 1.955831 2.204034 6.657231
 128.400000 1.854083 2.209774 8.819597
 128.600000 1.790980 2.164807 10.784175
 128.800000 1.922217 2.176773 3.395810
 129.000000 1.954067 2.063115 1.074208
 129.200000 1.981713 2.004419 5.960632
 129.400000 1.852201 2.207061 8.635872
 129.600000 1.846200 2.094524 2.713043
 129.800000 1.865189 2.128676 2.082148
 130.000000 1.935595 2.233019 9.732121
 130.200000 1.838028 2.208647 9.875167
 130.400000 1.892880 2.096784 0.366874
 130.600000 1.973824 2.163385 3.835701
 130.800000 1.892494 1.985954 6.254304
 131.000000 1.831484 2.009059 7.546447
 131.200000 1.841664 2.085232 3.099459
 131.400000 1.900680 2.041357 1.590470
 131.600000 1.897833 2.061764 0.775051
 131.800000 1.844717 2.178207 6.335604
 132.000000 1.927166 1.996092 4.858474
 132.200000 1.962667 2.124215 1.360726
 132.400000 1.924183 2.235386 9.948507
 132.600000 1.851315 2.130004 2.983329
 132.800000 1.897296 2.186438 4.490528
 133.000000 1.929335 2.171839 3.043617
 133.200000 1.892335 2.040447 1.834037
 133.400000 1.879075 2.110844 0.967093
 133.600000 1.923538 2.105732 0.071018
 133.800000 1.871218 2.071759 1.439347
 134.000000 1.929560 2.185261 4.175286
 134.200000 1.878220 2.157861 2.881012
 134.400000 1.884890 2.154718 2.430928
 134.600000 1.960384 2.173181 3.924599
 134.800000 1.932769 2.117147 0.342119
 135.000000 1.862307 2.034747 3.435241
 135.200000 1.898491 2.088533 0.245546
 135.400000 1.907194 2.193071 4.948759
 135.600000 1.830156 2.115790 4.252454
 135.800000 1.847583 2.183765 6.605622
 136.000000 1.892968 2.177150 3.785834
 136.200000 1.899587 2.129053 0.806136
 136.400000 1.868136 2.136251 2.213755
 136.600000 1.932968 2.141614 1.200687
 136.800000 1.883271 2.107837 0.759801
 137.000000 1.892919 2.027800 2.580416
 137.200000 1.961795 2.126037 1.379818
 137.400000 1.942548 2.156417 2.180661
 137.600000 1.881817 2.143868 1.947538
 137.800000 1.886290 2.193875 5.511683
 138.000000 1.876061 2.134704 1.771670
 138.200000 1.894632 2.124285 0.764996
 138.400000 1.903492 2.123331 0.552656
 138.600000 1.989789 2.148784 3.923983
 138.800000 1.965674 2.043378 2.350721
 139.000000 1.875515 2.170596 3.886610
 139.200000 1.970954 2.111216 1.446691
 139.400000 1.903161 2.116283 0.379002
 139.600000 1.854699 2.141498 3.232513
 139.800000 1.873555 2.102832 1.107746
 140.000000 1.873785 2.082070 1.137488
 140.200000 1.909807 2.115160 0.266151
 140.400000 1.828371 2.151327 5.805956
 140.600000 1.879729 2.119103 1.110599
 140.800000 1.921222 2.166121 2.573217
 141.000000 1.906197 2.204004 6.100474
 141.200000 1.923936 2.118788 0.305812
 141.400000 1.951210 2.156852 2.441765
 141.600000 1.978853 2.040540 3.190130
 141.800000 1.811350 2.174644 9.107448
 142.000000 1.884724 2.122625 1.015792
 142.200000 1.907798 2.124829 0.535896
 142.400000 1.861477 2.115311 1.923128
 142.600000 1.886396 2.084326 0.610691
 142.800000 1.866269 2.185264 5.564655
 143.000000 1.837558 2.137724 4.325684
 143.200000 1.877415 2.201007 6.583864
 143.400000 1.923854 2.132924 0.750205
 143.600000 1.980477 2.098158 1.844157
 143.800000 1.940397 2.175506 3.500349
 144.000000 1.875863 2.079495 1.078979
 144.200000 1.931671 2.051990 0.968827
 144.400000 1.922986 2.074159 0.209629
 144.600000 1.923627 2.157643 2.007224
 144.800000 1.881728 2.079889 0.832306
 145.000000 1.868687 2.134709 2.122033
 145.200000 1.890705 2.141869 1.551947
 145.400000 1.888109 2.060475 1.079439
 145.600000 1.913346 2.073031 0.249449
 145.800000 1.908814 2.096759 0.063824
 146.000000 1.891336 2.054907 1.186518
 146.200000 1.967126 2.144690 2.381732
 146.400000 1.947928 2.234221 10.169537
 146.600000 1.836620 2.130255 4.107584
 146.800000 1.884021 2.174826 3.876893
 147.000000 1.939948 2.107563 0.288416
 147.200000 1.967730 2.018727 4.008503
 147.400000 1.903987 2.090534 0.133465
 147.600000 1.900850 2.092093 0.183388
 147.800000 1.864609 2.082339 1.599146
 148.000000 1.959702 2.123611 1.220412
 148.200000 1.895346 2.080734 0.393823
 148.400000 1.833157 2.103402 3.799445
 148.600000 1.925754 2.108616 0.118471
 148.800000 1.947884 2.146834 1.767512
 149.000000 1.874529 2.114410 1.227839
 149.200000 1.952253 2.192866 5.372823
 149.400000 1.910136 2.163904 2.463048
 149.600000 1.809456 2.147068 7.481946
 149.800000 1.872318 2.105499 1.191866
 150.000000 1.978999 2.115340 1.967950
 150.200000 1.886163 2.053143 1.418676
 150.400000 1.768307 2.080825 11.576528
 150.600000 1.796504 2.144993 8.888650
 150.800000 1.859706 2.062438 2.320024
 151.000000 1.827754 2.142931 5.419842
 151.200000 1.816633 2.095741 5.329070
 151.400000 1.867159 2.106007 1.456226
 151.600000 1.851565 2.109925 2.452847
 151.800000 1.953201 2.103409 0.596353
 152.000000 1.927945 2.099872 0.047663
 152.200000 1.883883 2.128769 1.238024
 152.400000 1.939281 2.157794 2.198220
 152.600000 1.950876 2.137734 1.420055
 152.800000 1.965362 2.158673 3.100936
 153.000000 1.900511 2.252974 12.760892
 153.200000 1.885729 2.108017 0.675325
 153.400000 1.914665 2.057265 0.702842
 153.600000 1.910708 2.152865 1.751286
 153.800000 1.945828 2.120119 0.667971
 154.000000 1.919000 2.193665 4.927585
 154.200000 1.876380 2.216709 8.425721
 154.400000 1.845984 2.163708 5.131081
 154.600000 1.869739 2.146193 2.597657
 154.800000 1.834683 2.055539 4.382695
 155.000000 1.819550 2.055671 5.781088
 155.200000 1.843127 2.055195 3.712436
 155.400000 1.912397 2.016852 3.034303
 155.600000 1.875377 1.971878 8.494649
 155.800000 1.876860 2.050822 1.873882
 156.000000 1.891873 2.074937 0.581011
 156.200000 1.869209 2.110761 1.416790
 156.400000 1.904342 2.133543 0.886719
 156.600000 1.801803 2.134925 7.790314
 156.800000 1.931809 2.107722 0.160173
 157.000000 1.842267 2.162352 5.319519
 157.200000 1.875062 2.154825 2.829397
 157.400000 1.894414 2.087268 0.349200
 157.600000 1.879154 2.188279 5.235677
 157.800000 1.851858 2.080603 2.407372
 158.000000 1.918373 2.214919 7.264059
 158.200000 1.893625 2.147728 1.766409
 158.400000 1.890530 2.121790 0.805419
 158.600000 1.853616 2.142700 3.360982
 158.800000 1.952797 2.188559 4.975770
 159.000000 1.941197 2.131788 0.926712
 159.200000 1.880686 2.168914 3.543912
 159.400000 1.930496 2.034698 1.838393
 159.600000 1.865829 2.123008 1.869114
 159.800000 1.823593 2.154620 6.447411
 160.000000 1.818301 2.121548 5.525987
 160.200000 1.806039 2.055175 7.246932
 160.400000 1.952712 2.070642 0.821655
 160.600000 1.836727 2.180660 7.176516
 160.800000 1.838921 2.129108 3.878251
 161.000000 1.982752 2.084974 2.021940
 161.200000 1.843665 2.171078 5.843138
 161.400000 1.930795 2.041556 1.455755
 161.600000 2.009685 2.105805 4.099182
 161.800000 1.931872 2.106083 0.140425
 162.000000 1.925744 2.073682 0.231825
 162.200000 1.933082 2.114950 0.298635
 162.400000 1.799616 2.157285 9.207130
 162.600000 1.833839 2.261133 17.600798
 162.800000 1.844736 2.172223 5.850567
 163.000000 1.898239 2.034712 2.014834
 163.200000 1.921783 2.073564 0.218805
 163.400000 1.839039 2.081219 3.353031
 163.600000 1.903324 2.105604 0.199563
 163.800000 1.923208 2.085625 0.044056
 164.000000 1.886520 2.219040 8.324054
 164.200000 1.827753 2.158947 6.325547
 164.400000 1.873545 2.038078 2.658435
 164.600000 2.031610 2.110259 6.369576
 164.800000 1.927663 2.097422 0.035012
 165.000000 1.881933 2.028870 2.866105
 165.200000 1.883596 2.094306 0.657626
 165.400000 1.851240 2.150847 3.947911
 165.600000 1.749896 2.133952 15.226601
 165.800000 1.843955 2.164686 5.351337
 166.000000 1.848015 2.164031 5.005580
 166.200000 1.875381 2.107513 1.075338
 166.400000 2.013536 2.050182 5.364769
 166.600000 1.936630 2.161892 2.418530
 166.800000 1.873291 2.081752 1.164339
 167.000000 1.819392 2.180138 8.723034
 167.200000 1.968655 2.158948 3.273914
 167.400000 1.907391 2.093498 0.078163
 167.600000 1.865664 2.080072 1.571281
 167.800000 1.869685 2.060359 1.838101
 168.000000 1.896230 2.068505 0.614392
 168.200000 1.827642 2.124479 4.704761
 168.400000 1.789788 2.105990 8.526905
 168.600000 1.865931 2.068020 1.802082
 168.800000 1.904344 2.080630 0.215143
 169.000000 1.947057 2.070627 0.652230
 169.200000 1.828048 2.078242 4.345398
 169.400000 1.977855 2.133075 2.429655
 169.600000 1.928420 2.128395 0.614606
 169.800000 1.834143 2.075798 3.846852
 170.000000 1.875283 2.158098 3.022676
 170.200000 1.823494 2.093034 4.644345
 170.400000 1.914080 2.162917 2.364320
 170.600000 1.927317 2.119697 0.347879
 170.800000 1.912819 2.084122 0.077567
 171.000000 1.917628 2.102496 0.035309
 171.200000 1.894743 2.156895 2.268579
 171.400000 1.944057 2.151685 1.933778
 171.600000 1.884027 2.154637 2.456659
 171.800000 1.822828 2.111345 4.851466
 172.000000 1.895355 2.099823 0.315018
 172.200000 1.888691 2.093469 0.486258
 172.400000 1.927582 2.142143 1.169715
 172.600000 1.941802 2.128106 0.808903
 172.800000 1.901629 2.145697 1.482152
 173.000000 1.951748 2.240065 11.118233
 173.200000 1.936144 2.085423 0.172793
 173.400000 1.863318 2.068697 1.928819
 173.600000 1.864406 2.109691 1.654697
 173.800000 1.806353 1.994688 11.412910
 174.000000 1.863635 2.078222 1.711563
 174.200000 1.881244 2.089180 0.759269
 174.400000 1.853573 2.066534 2.585256
 174.600000 1.851350 2.139842 3.379640
 174.800000 1.871322 2.186844 5.451464
 175.000000 1.944391 2.179237 3.899903
 175.200000 1.953730 2.132606 1.303528
 175.400000 1.922723 2.186885 4.281296
 175.600000 1.923550 2.073899 0.216852
 175.800000 1.838486 2.121815 3.686939
 176.000000 1.793216 2.157429 10.006282
 176.200000 1.833331 2.061640 4.280306
 176.400000 1.862698 2.094136 1.633901
 176.600000 1.948808 2.084603 0.466861
 176.800000 1.872520 2.042675 2.458151
 177.000000 1.959008 2.175069 4.020355
 177.200000 1.970062 2.032679 3.164470
 177.400000 1.857424 2.042182 3.312362
 177.600000 1.815233 2.149722 7.004195
 177.800000 1.803899 2.098365 6.731597
 178.000000 1.838179 2.071859 3.589997
 178.200000 1.874397 2.066946 1.410290
 178.400000 1.893592 2.016778 3.357297
 178.600000 1.987959 2.076544 2.477900
 178.800000 1.894217 2.119927 0.654790
 179.000000 1.911412 2.188895 4.500793
 179.200000 1.945409 2.210060 7.015507
 179.400000 1.945256 2.099911 0.337633
 179.600000 1.838584 2.154549 5.112326
 179.800000 1.849223 2.096821 2.497858
 180.000000 1.922001 2.054114 0.813575
 180.200000 1.903008 2.053035 0.997362
 180.400000 1.879268 2.038832 2.367573
 180.600000 1.825907 2.136955 5.319431
 180.800000 1.822029 2.123156 5.199247
 181.000000 1.927532 2.186074 4.231933
 181.200000 1.935337 2.071686 0.377584
 181.400000 1.877048 2.075761 1.090128
 181.600000 1.879455 2.096876 0.819439
 181.800000 1.894516 2.093466 0.321649
 182.000000 1.877101 2.090527 0.921742
 182.200000 1.864247 2.131313 2.227959
 182.400000 1.936724 2.076954 0.294258
 182.600000 1.929507 2.122586 0.443875
 182.800000 1.821321 2.096290 4.856999
 183.000000 1.832238 2.127714 4.394070
 183.200000 1.871426 2.164208 3.609965
 183.400000 1.871372 2.141201 2.271044
 183.600000 1.847280 2.107000 2.713546
 183.800000 1.915196 2.093907 0.011008
 184.000000 1.919729 2.143017 1.182075
 184.200000 1.876284 2.146953 2.330702
 184.400000 1.864404 2.169656 4.369913
 184.600000 2.078202 2.160390 14.713445
 184.800000 1.983667 2.176506 5.406616
 185.000000 1.896969 2.178197 3.773403
 185.200000 1.867544 2.155117 3.212165
 185.400000 1.933851 2.104395 0.147845
 185.600000 1.917535 2.114970 0.214367
 185.800000 1.854320 2.048538 3.199345
 186.000000 1.883387 2.091362 0.669819
 186.200000 1.927553 2.064827 0.466721
 186.400000 1.843460 2.053602 3.750683
 186.600000 1.787306 2.040444 10.240964
 186.800000 1.842848 2.069026 3.287390
 187.000000 1.953837 2.199083 6.056951
 187.200000 1.940552 2.131133 0.888868
 187.400000 1.845744 2.155076 4.587877
 187.600000 1.902077 2.162193 2.456411
 187.800000 1.876820 2.100440 0.944603
 188.000000 1.971010 2.078466 1.434917
 188.200000 1.908789 2.167331 2.721157
 188.400000 1.800195 2.105524 7.222105
 188.600000 1.982707 2.161185 4.205213
 188.800000 1.940416 2.137737 1.150509
 189.000000 1.887151 2.097812 0.540856
 189.200000 1.909047 2.227417 8.905890
 189.400000 1.905845 2.084464 0.147556
 189.600000 1.834733 2.058860 4.254884
 189.800000 1.809508 2.105571 6.151464
 190.000000 1.863236 2.081001 1.692956
 190.200000 1.879951 2.001589 5.102979
 190.400000 1.856844 2.066730 2.368326
 190.600000 1.920290 2.070791 0.278661
 190.800000 1.811017 2.016165 8.983630
 191.000000 1.951532 2.143159 1.690443
 191.200000 2.015851 2.106018 4.674461
 191.400000 1.837706 2.157610 5.372857
 191.600000 1.847631 2.221372 10.670191
 191.800000 1.888320 2.140444 1.557730
 192.000000 1.964600 2.068031 1.348266
 192.200000 1.981747 2.073998 2.122867
 192.400000 1.887231 2.058039 1.193267
 192.600000 1.935191 2.006311 3.996905
 192.800000 1.866622 2.105106 1.474618
 193.000000 1.839802 2.131253 3.884088
 193.200000 1.816280 2.067408 5.728782
 193.400000 1.881575 2.051097 1.670278
 193.600000 1.929476 2.100957 0.067738
 193.800000 1.848700 2.076862 2.685736
 194.000000 1.908628 2.160915 2.275558
 194.200000 1.894004 2.193708 5.265823
 194.400000 1.778782 2.124886 10.416604
 194.600000 1.872272 2.131240 1.811169
 194.800000 1.948087 2.103922 0.443712
 195.000000 1.857006 2.017349 4.943459
 195.200000 1.905857 2.085440 0.138160
 195.400000 1.921352 2.102835 0.036722
 195.600000 1.762591 2.126414 12.879766
 195.800000 1.964690 2.242467 11.967413
 196.000000 1.891989 2.129702 1.011751
 196.200000 1.867521 2.088813 1.385403
 196.400000 1.928352 2.038464 1.600209
 196.600000 1.889760 2.123331 0.871735
 196.800000 1.934194 2.051756 1.011727
 197.000000 1.949094 2.185953 4.618702
 197.200000 1.935264 2.177827 3.599006
 197.400000 1.871673 2.149729 2.692004
 197.600000 1.869063 2.180411 4.989623
 197.800000 1.970156 2.139396 2.277264
 198.000000 1.944015 2.142069 1.428059
 198.200000 1.833596 2.129677 4.343286
 198.400000 1.904902 2.023950 2.593181
 198.600000 1.870153 2.171138 4.180284
 198.800000 1.954448 2.240542 11.277595
 199.000000 1.873100 2.125326 1.571700
 199.200000 1.810324 2.085005 6.043403
 199.400000 1.888385 2.149153 1.994621
 199.600000 1.939284 2.053618 1.019983
 199.800000 1.808232 2.031685 8.196920
 200.000000 1.844723 2.085363 2.863757
