#! FIELDS time phi psi restraint.bias
#! SET min_phi -pi
#! SET max_phi pi
#! SET min_psi -pi
#! SET max_psi pi
 0.000000 1.110569 1.729614 214.071822
 0.200000 1.827278 1.624566 4.803418
 0.400000 1.775051 1.615492 1.440560
 0.600000 1.655817 1.589383 4.178930
 0.800000 1.813923 1.530682 3.157114
 1.000000 1.649584 1.561358 4.628128
 1.200000 1.703202 1.549668 1.110539
 1.400000 1.756975 1.554702 0.197321
 1.600000 1.626055 1.582715 7.184211
 1.800000 1.727016 1.576951 0.186635
 2.000000 1.654586 1.669720 9.010121
 2.200000 1.724104 1.522862 1.374075
 2.400000 1.697752 1.559812 1.192133
 2.600000 1.742987 1.529436 0.858086
 2.800000 1.694184 1.538847 1.818297
 3.000000 1.753159 1.526303 1.020467
 3.200000 1.695311 1.550707 1.452694
 3.400000 1.710092 1.671907 5.732499
 3.600000 1.728044 1.638879 2.467039
 3.800000 1.638716 1.607800 6.367883
 4.000000 1.694945 1.557924 1.352164
 4.200000 1.756470 1.534963 0.704084
 4.400000 1.655148 1.524289 5.147858
 4.600000 1.673216 1.505039 4.762189
 4.800000 1.754152 1.497845 2.699886
 5.000000 1.692244 1.596824 1.747739
 5.200000 1.592229 1.651622 14.986298
 5.400000 1.670240 1.636555 4.981296
 5.600000 1.718965 1.579717 0.387319
 5.800000 1.727104 1.535060 0.804627
 6.000000 1.702762 1.496889 3.637090
 6.200000 1.742094 1.505853 2.114050
 6.400000 1.734420 1.530395 0.875630
 6.600000 1.692161 1.614461 2.366742
 6.800000 1.747797 1.686226 6.665036
 7.000000 1.697494 1.625006 2.613444
 7.200000 1.657478 1.571868 3.859530
 7.400000 1.727068 1.546699 0.457062
 7.600000 1.646944 1.555522 4.956514
 7.800000 1.786305 1.552274 1.011069
 8.000000 1.711251 1.577147 0.600841
 8.200000 1.619418 1.496512 10.685859
 8.400000 1.741494 1.622173 1.327143
 8.600000 1.703219 1.645637 3.687174
 8.800000 1.624685 1.547385 7.551535
 9.000000 1.720817 1.572625 0.302098
 9.200000 1.632405 1.557549 6.463660
 9.400000 1.764642 1.517132 1.626434
 9.600000 1.728308 1.648802 3.187325
 9.800000 1.600074 1.524808 11.607005
 10.000000 1.723713 1.603678 0.774238
 10.200000 1.753221 1.676285 5.595103
 10.400000 1.672025 1.597783 3.050925
 10.600000 1.673871 1.608601 3.267764
 10.800000 1.582673 1.502508 15.560098
 11.000000 1.724156 1.572298 0.225290
 11.200000 1.745062 1.585894 0.114005
 11.400000 1.671393 1.563756 2.758083
 11.600000 1.769531 1.531878 1.050173
 11.800000 1.625624 1.716115 17.723439
 12.000000 1.754856 1.638523 2.338795
 12.200000 1.801034 1.554752 1.680220
 12.400000 1.670205 1.575656 2.833649
 12.600000 1.746276 1.546812 0.288071
 12.800000 1.646998 1.673627 10.121652
 13.000000 1.739442 1.552564 0.183530
 13.200000 1.704615 1.536910 1.402974
 13.400000 1.676574 1.530255 3.185430
 13.600000 1.727860 1.602457 0.653767
 13.800000 1.690542 1.620888 2.755403
 14.000000 1.734575 1.530854 0.855509
 14.200000 1.662204 1.558180 3.534471
 14.400000 1.671260 1.457568 9.153386
 14.600000 1.708872 1.540470 1.124421
 14.800000 1.628234 1.604408 7.420479
 15.000000 1.632026 1.460884 12.459112
 15.200000 1.712555 1.490762 3.739828
 15.400000 1.746024 1.526419 0.984907
 15.600000 1.641154 1.545483 5.746671
 15.800000 1.740690 1.552850 0.171805
 16.000000 1.700916 1.602946 1.503098
 16.200000 1.724332 1.635598 2.320047
 16.400000 1.727622 1.603486 0.691075
 16.600000 1.702758 1.637697 3.144019
 16.800000 1.742170 1.582637 0.075097
 17.000000 1.707647 1.588206 0.861506
 17.200000 1.792554 1.562044 1.153407
 17.400000 1.736483 1.546826 0.326415
 17.600000 1.715088 1.621524 1.743877
 17.800000 1.713660 1.623515 1.891113
 18.000000 1.749056 1.630705 1.801472
 18.200000 1.658325 1.642905 6.384677
 18.400000 1.715319 1.561215 0.496211
 18.600000 1.679884 1.651531 5.400635
 18.800000 1.763523 1.595610 0.473357
 19.000000 1.670743 1.536394 3.373295
 19.200000 1.709096 1.538522 1.177239
 19.400000 1.769141 1.512931 1.957676
 19.600000 1.700370 1.543643 1.379324
 19.800000 1.623117 1.633447 9.430469
 20.000000 1.689466 1.537028 2.130480
 20.200000 1.711281 1.607348 1.247672
 20.400000 1.722703 1.638887 2.574117
 20.600000 1.683554 1.638203 4.179904
 20.800000 1.658529 1.557370 3.857255
 21.000000 1.669478 1.598919 3.272146
 21.200000 1.794076 1.658238 5.011152
 21.400000 1.747053 1.606747 0.647698
 21.600000 1.656887 1.604951 4.494320
 21.800000 1.737687 1.603745 0.572020
 22.000000 1.761871 1.620530 1.373525
 22.200000 1.746672 1.632878 1.927964
 22.400000 1.705995 1.574894 0.781975
 22.600000 1.720181 1.528618 1.205708
 22.800000 1.741103 1.658638 3.866989
 23.000000 1.756999 1.585127 0.170779
 23.200000 1.606207 1.563256 9.705957
 23.400000 1.810081 1.543854 2.459308
 23.600000 1.664956 1.591152 3.437099
 23.800000 1.679972 1.515844 3.645683
 24.000000 1.733890 1.525270 1.101730
 24.200000 1.719161 1.525666 1.360772
 24.400000 1.577535 1.528380 14.977066
 24.600000 1.641934 1.558065 5.426312
 24.800000 1.708418 1.621566 1.970007
 25.000000 1.631692 1.642368 9.017915
 25.200000 1.736387 1.562851 0.071551
 25.400000 1.706481 1.548230 1.009223
 25.600000 1.657537 1.602346 4.351377
 25.800000 1.738533 1.530109 0.850810
 26.000000 1.746284 1.480882 4.042740
 26.200000 1.714036 1.505518 2.620252
 26.400000 1.679217 1.639853 4.569861
 26.600000 1.714554 1.592442 0.707825
 26.800000 1.655608 1.620972 5.283739
 27.000000 1.697219 1.512961 2.829790
 27.200000 1.669247 1.532575 3.624711
 27.400000 1.713002 1.493054 3.544445
 27.600000 1.697253 1.459319 7.369224
 27.800000 1.718647 1.498493 2.969830
 28.000000 1.706939 1.542132 1.147746
 28.200000 1.585863 1.533458 13.411863
 28.400000 1.689812 1.631691 3.395155
 28.600000 1.740198 1.652436 3.345662
 28.800000 1.645838 1.638924 7.269974
 29.000000 1.710470 1.546352 0.906352
 29.200000 1.755457 1.567851 0.055624
 29.400000 1.702834 1.561268 0.948322
 29.600000 1.700550 1.489447 4.311467
 29.800000 1.747208 1.588911 0.165837
 30.000000 1.733249 1.602332 0.570224
 30.200000 1.664553 1.551339 3.451700
 30.400000 1.613223 1.541052 9.168348
 30.600000 1.704680 1.588263 0.978717
 30.800000 1.678181 1.650957 5.467288
 31.000000 1.706818 1.517374 2.168530
 31.200000 1.706610 1.510848 2.546492
 31.400000 1.672035 1.494442 5.600970
 31.600000 1.776884 1.471613 5.416526
 31.800000 1.675035 1.590163 2.658159
 32.000000 1.708203 1.602016 1.176510
 32.200000 1.697500 1.623830 2.550108
 32.400000 1.635978 1.608283 6.681466
 32.600000 1.730609 1.571554 0.108631
 32.800000 1.767012 1.627417 1.838007
 33.000000 1.690851 1.571763 1.484434
 33.200000 1.795055 1.537846 1.779192
 33.400000 1.641014 1.597537 5.798403
 33.600000 1.683654 1.635156 3.972974
 33.800000 1.713690 1.596826 0.839282
 34.000000 1.682224 1.547041 2.273286
 34.200000 1.799524 1.653224 4.865717
 34.400000 1.714087 1.686622 7.195858
 34.600000 1.662966 1.543868 3.754463
 34.800000 1.811816 1.542873 2.600114
 35.000000 1.761550 1.532897 0.849719
 35.200000 1.816295 1.605834 3.131886
 35.400000 1.689470 1.650821 4.762142
 35.600000 1.674915 1.605668 3.087076
 35.800000 1.749063 1.662589 4.219896
 36.000000 1.664894 1.659378 7.158232
 36.200000 1.682281 1.567995 1.991450
 36.400000 1.720007 1.524466 1.393872
 36.600000 1.715942 1.539642 0.917119
 36.800000 1.739377 1.493122 3.034381
 37.000000 1.685215 1.476759 6.228408
 37.200000 1.647303 1.544976 5.137917
 37.400000 1.696086 1.622171 2.532115
 37.600000 1.629526 1.593582 6.964763
 37.800000 1.676117 1.486906 5.913958
 38.000000 1.763083 1.542510 0.557656
 38.200000 1.678343 1.501830 4.621790
 38.400000 1.639487 1.521764 6.803367
 38.600000 1.696314 1.603889 1.748827
 38.800000 1.680491 1.511221 3.876627
 39.000000 1.675481 1.572524 2.440851
 39.200000 1.601084 1.596045 10.722086
 39.400000 1.616076 1.541363 8.786297
 39.600000 1.697133 1.575095 1.170685
 39.800000 1.767354 1.438607 8.979522
 40.000000 1.660492 1.545336 3.922799
 40.200000 1.766013 1.574805 0.221933
 40.400000 1.630625 1.542323 6.983954
 40.600000 1.705253 1.558585 0.877601
 40.800000 1.785792 1.590485 1.012448
 41.000000 1.669883 1.540668 3.299898
 41.200000 1.668427 1.531155 3.742676
 41.400000 1.733640 1.629933 1.816911
 41.600000 1.749315 1.564275 0.029206
 41.800000 1.694921 1.533962 1.948895
 42.000000 1.711850 1.612111 1.413891
 42.200000 1.737232 1.586034 0.148884
 42.400000 1.620183 1.609976 8.598358
 42.600000 1.721973 1.530910 1.068248
 42.800000 1.649764 1.570979 4.566355
 43.000000 1.764555 1.532564 0.915659
 43.200000 1.734477 1.616600 1.107863
 43.400000 1.684313 1.559561 1.924602
 43.600000 1.772855 1.552654 0.543389
 43.800000 1.659850 1.634753 5.698640
 44.000000 1.654920 1.570704 4.086953
 44.200000 1.639668 1.665058 10.024733
 44.400000 1.697736 1.518486 2.500738
 44.600000 1.736024 1.588595 0.201696
 44.800000 1.771334 1.513143 2.000094
 45.000000 1.655512 1.537438 4.589947
 45.200000 1.786095 1.495353 3.676737
 45.400000 1.650728 1.545004 4.807291
 45.600000 1.728323 1.550927 0.341990
 45.800000 1.698433 1.643966 3.776548
 46.000000 1.619180 1.605137 8.546502
 46.200000 1.675111 1.593623 2.725799
 46.400000 1.696878 1.567922 1.177894
 46.600000 1.762711 1.475411 4.700262
 46.800000 1.756918 1.487515 3.535068
 47.000000 1.644353 1.608581 5.811963
 47.200000 1.629865 1.649750 9.782894
 47.400000 1.747100 1.641726 2.517047
 47.600000 1.753571 1.564772 0.052114
 47.800000 1.693968 1.562767 1.351212
 48.000000 1.684035 1.587360 2.015681
 48.200000 1.716743 1.657113 4.133887
 48.400000 1.711919 1.626409 2.104483
 48.600000 1.672444 1.631870 4.521171
 48.800000 1.665545 1.627292 4.778645
 49.000000 1.721250 1.666181 4.838980
 49.200000 1.638573 1.698275 13.823883
 49.400000 1.650115 1.476957 8.935834
 49.600000 1.812570 1.488294 5.663956
 49.800000 1.864993 1.511777 8.901337
 50.000000 1.720110 1.537202 0.882306
 50.200000 1.661982 1.650791 6.673021
 50.400000 1.710401 1.516893 2.062810
 50.600000 1.747290 1.594273 0.277501
 50.800000 1.661138 1.623931 4.955774
 51.000000 1.645773 1.623549 6.347103
 51.200000 1.741067 1.560175 0.065483
 51.400000 1.705720 1.505560 2.912334
 51.600000 1.779395 1.601665 1.056681
 51.800000 1.765493 1.564402 0.223734
 52.000000 1.604897 1.548104 10.118016
 52.200000 1.690450 1.603294 2.033891
 52.400000 1.749078 1.629456 1.727514
 52.600000 1.777312 1.531756 1.273509
 52.800000 1.611022 1.556584 9.120163
 53.000000 1.718681 1.534800 1.002962
 53.200000 1.738911 1.553180 0.175770
 53.400000 1.779417 1.622952 1.941109
 53.600000 1.644568 1.577388 5.098108
 53.800000 1.668362 1.640452 5.387952
 54.000000 1.712284 1.594794 0.833923
 54.200000 1.584398 1.541274 13.385193
 54.400000 1.718245 1.529945 1.201171
 54.600000 1.783520 1.539976 1.204207
 54.800000 1.669672 1.507092 4.891101
 55.000000 1.658493 1.590408 3.962529
 55.200000 1.694657 1.580910 1.335005
 55.400000 1.681538 1.485990 5.630708
 55.600000 1.797948 1.502698 3.703054
 55.800000 1.661397 1.538829 4.033231
 56.000000 1.640357 1.521596 6.719989
 56.200000 1.704590 1.635422 2.918069
 56.400000 1.713018 1.552185 0.695204
 56.600000 1.669660 1.546457 3.159141
 56.800000 1.744339 1.637438 2.221058
 57.000000 1.737508 1.550107 0.244612
 57.200000 1.671867 1.554856 2.825373
 57.400000 1.782998 1.567870 0.713763
 57.600000 1.693060 1.572357 1.367234
 57.800000 1.711100 1.606782 1.233299
 58.000000 1.612452 1.616394 9.867709
 58.200000 1.597096 1.621826 12.288485
 58.400000 1.701094 1.584259 1.068987
 58.600000 1.711093 1.623830 1.992337
 58.800000 1.602009 1.538693 10.785612
 59.000000 1.721100 1.516176 1.785191
 59.200000 1.698559 1.538809 1.605302
 59.400000 1.739077 1.526565 0.997770
 59.600000 1.748455 1.550798 0.204843
 59.800000 1.653545 1.607798 4.896771
 60.000000 1.717041 1.613241 1.300878
 60.200000 1.664770 1.640926 5.704014
 60.400000 1.732558 1.609278 0.821961
 60.600000 1.749427 1.512468 1.709480
 60.800000 1.789625 1.636508 3.140081
 61.000000 1.773025 1.591321 0.594156
 61.200000 1.606021 1.579203 9.738666
 61.400000 1.722894 1.579468 0.289277
 61.600000 1.737890 1.598864 0.421557
 61.800000 1.666640 1.668946 7.912671
 62.000000 1.723127 1.547686 0.513522
 62.200000 1.585122 1.588004 12.981259
 62.400000 1.764503 1.475003 4.771961
 62.600000 1.692060 1.472647 6.235436
 62.800000 1.625512 1.601285 7.642887
 63.000000 1.705452 1.643006 3.402214
 63.200000 1.628809 1.570772 6.788538
 63.400000 1.694730 1.538062 1.815888
 63.600000 1.698981 1.609836 1.836099
 63.800000 1.667178 1.470915 8.041961
 64.000000 1.650001 1.534320 5.209004
 64.200000 1.717045 1.496115 3.188637
 64.400000 1.582162 1.585488 13.419716
 64.600000 1.730296 1.631054 1.928516
 64.800000 1.669046 1.540085 3.381144
 65.000000 1.724872 1.568597 0.211664
 65.200000 1.712936 1.626705 2.087531
 65.400000 1.624134 1.651247 10.580313
 65.600000 1.709900 1.499461 3.172004
 65.800000 1.712073 1.531978 1.306423
 66.000000 1.817383 1.559559 2.658981
 66.200000 1.706215 1.527172 1.716513
 66.400000 1.618305 1.584103 8.156140
 66.600000 1.718904 1.545404 0.671519
 66.800000 1.668963 1.677567 8.615928
 67.000000 1.714016 1.692304 7.872259
 67.200000 1.681396 1.640992 4.507508
 67.400000 1.714305 1.535947 1.088489
 67.600000 1.712458 1.590515 0.734659
 67.800000 1.740852 1.538077 0.545293
 68.000000 1.717259 1.526116 1.392157
 68.200000 1.662118 1.524315 4.542320
 68.400000 1.706729 1.533952 1.423732
 68.600000 1.711186 1.592166 0.811210
 68.800000 1.608544 1.656988 13.069675
 69.000000 1.692714 1.608671 2.101417
 69.200000 1.682892 1.525012 2.997321
 69.400000 1.706286 1.549267 0.993965
 69.600000 1.740105 1.570249 0.013796
 69.800000 1.651970 1.508788 6.280461
 70.000000 1.696810 1.590956 1.380291
 70.200000 1.815522 1.593029 2.710624
 70.400000 1.627776 1.589198 7.078668
 70.600000 1.710582 1.605499 1.205810
 70.800000 1.693342 1.571787 1.351849
 71.000000 1.769880 1.481766 4.264611
 71.200000 1.809835 1.531358 2.858179
 71.400000 1.705766 1.626272 2.321427
 71.600000 1.592413 1.591179 11.899399
 71.800000 1.707354 1.667016 5.350174
 72.000000 1.790965 1.590558 1.236563
 72.200000 1.717741 1.547277 0.657136
 72.400000 1.628800 1.528826 7.670293
 72.600000 1.750745 1.528566 0.906344
 72.800000 1.682601 1.566479 1.976733
 73.000000 1.701059 1.544033 1.338066
 73.200000 1.613059 1.551808 8.927929
 73.400000 1.698307 1.603453 1.638800
 73.600000 1.718771 1.741373 14.900880
 73.800000 1.717779 1.551529 0.565116
 74.000000 1.646146 1.475927 9.418766
 74.200000 1.686576 1.548951 1.964598
 74.400000 1.711642 1.560083 0.624802
 74.600000 1.702335 1.606477 1.560824
 74.800000 1.695365 1.572575 1.249770
 75.000000 1.719431 1.638730 2.642843
 75.200000 1.743096 1.652411 3.332976
 75.400000 1.661255 1.640774 5.982679
 75.600000 1.705184 1.587932 0.952628
 75.800000 1.806776 1.507675 3.879990
 76.000000 1.787256 1.554178 1.017006
 76.200000 1.762793 1.560672 0.203735
 76.400000 1.660480 1.580893 3.650663
 76.600000 1.718704 1.558922 0.424962
 76.800000 1.672392 1.611705 3.496658
 77.000000 1.686575 1.598965 2.122783
 77.200000 1.638820 1.533559 6.365456
 77.400000 1.640181 1.554273 5.664606
 77.600000 1.701548 1.469248 6.114395
 77.800000 1.652178 1.579454 4.376083
 78.000000 1.628875 1.596686 7.115904
 78.200000 1.720029 1.564842 0.337783
 78.400000 1.687217 1.587212 1.823265
 78.600000 1.733673 1.745857 15.390977
 78.800000 1.735131 1.597191 0.400341
 79.000000 1.675681 1.685114 8.959727
 79.200000 1.568298 1.575251 15.679923
 79.400000 1.792486 1.518156 2.497376
 79.600000 1.778318 1.582635 0.614192
 79.800000 1.687616 1.530657 2.471002
 80.000000 1.692972 1.578501 1.400324
 80.200000 1.672270 1.590538 2.863683
 80.400000 1.730852 1.714113 10.374631
 80.600000 1.672807 1.571714 2.630170
 80.800000 1.690396 1.501964 3.877770
 81.000000 1.812967 1.516830 3.743609
 81.200000 1.738156 1.456019 6.612588
 81.400000 1.712365 1.544160 0.898064
 81.600000 1.771007 1.681989 6.511602
 81.800000 1.650391 1.563781 4.531206
 82.000000 1.623900 1.645891 10.192084
 82.200000 1.798225 1.653107 4.786486
 82.400000 1.689314 1.584491 1.662633
 82.600000 1.697164 1.534872 1.805240
 82.800000 1.744091 1.484869 3.692495
 83.000000 1.812137 1.508079 4.198389
 83.200000 1.685288 1.598624 2.189650
 83.400000 1.633939 1.628765 7.884127
 83.600000 1.778880 1.630786 2.362199
 83.800000 1.657167 1.684414 10.340826
 84.000000 1.689550 1.594977 1.848039
 84.200000 1.721084 1.529353 1.152714
 84.400000 1.686405 1.507629 3.731131
 84.600000 1.757670 1.475950 4.574090
 84.800000 1.796332 1.558583 1.375250
 85.000000 1.699512 1.577422 1.071563
 85.200000 1.624177 1.708054 16.758850
 85.400000 1.684422 1.669760 6.751779
 85.600000 1.718582 1.628009 1.994365
 85.800000 1.745122 1.557738 0.085285
 86.000000 1.713490 1.563461 0.533773
 86.200000 1.739489 1.565420 0.031509
 86.400000 1.711664 1.548005 0.826382
 86.600000 1.709002 1.560194 0.716040
 86.800000 1.647669 1.528605 5.658781
 87.000000 1.601624 1.577235 10.346350
 87.200000 1.700921 1.605056 1.572923
 87.400000 1.730714 1.555611 0.222104
 87.600000 1.742356 1.563473 0.031233
 87.800000 1.710952 1.510172 2.428559
 88.000000 1.608579 1.639024 11.677840
 88.200000 1.788374 1.668581 5.707361
 88.400000 1.748031 1.683560 6.361453
 88.600000 1.676993 1.574498 2.341739
 88.800000 1.687423 1.620266 2.900209
 89.000000 1.709773 1.609501 1.381172
 89.200000 1.802904 1.534576 2.313394
 89.400000 1.761665 1.542770 0.526163
 89.600000 1.763072 1.445110 8.055923
 89.800000 1.631497 1.612829 7.362269
 90.000000 1.736434 1.626647 1.599192
 90.200000 1.687887 1.595584 1.956985
 90.400000 1.587019 1.631106 14.349695
 90.600000 1.754027 1.525262 1.074533
 90.800000 1.791556 1.575342 1.078786
 91.000000 1.800347 1.495747 4.329697
 91.200000 1.650915 1.597455 4.812360
 91.400000 1.764334 1.550305 0.390542
 91.600000 1.600072 1.633411 12.510221
 91.800000 1.700743 1.625725 2.502531
 92.000000 1.683980 1.582543 1.950872
 92.200000 1.626967 1.485242 10.664562
 92.400000 1.754616 1.487945 3.475281
 92.600000 1.729561 1.446037 7.906709
 92.800000 1.642919 1.513611 6.879026
 93.000000 1.640975 1.561271 5.490275
 93.200000 1.708996 1.568943 0.661756
 93.400000 1.660887 1.532185 4.310629
 93.600000 1.644494 1.586651 5.209603
 93.800000 1.652013 1.530364 5.171376
 94.000000 1.688309 1.577763 1.649932
 94.200000 1.759140 1.619528 1.282769
 94.400000 1.626079 1.513326 8.761744
 94.600000 1.637448 1.642722 8.405899
 94.800000 1.773973 1.563865 0.434253
 95.000000 1.693971 1.591383 1.530732
 95.200000 1.709355 1.534789 1.295357
 95.400000 1.662091 1.529857 4.302301
 95.600000 1.728958 1.526747 1.104198
 95.800000 1.683930 1.561237 1.930636
 96.000000 1.631971 1.561370 6.469517
 96.200000 1.750767 1.582482 0.083063
 96.400000 1.743308 1.647318 2.929806
 96.600000 1.624702 1.625811 8.788818
 96.800000 1.707184 1.614479 1.681606
 97.000000 1.727042 1.531244 0.949391
 97.200000 1.698527 1.548546 1.342746
 97.400000 1.760073 1.532279 0.850489
 97.600000 1.673513 1.539280 3.075435
 97.800000 1.728648 1.588957 0.304038
 98.000000 1.710818 1.664285 4.965596
 98.200000 1.729726 1.567856 0.126050
 98.400000 1.652372 1.606690 4.964731
 98.600000 1.735493 1.593502 0.306155
 98.800000 1.731237 1.530281 0.920034
 99.000000 1.739807 1.534215 0.684330
 99.200000 1.688853 1.558479 1.670632
 99.400000 1.650015 1.603242 5.068737
 99.600000 1.670746 1.583724 2.864894
 99.800000 1.598990 1.541516 11.136207
 100.000000 1.708943 1.526443 1.645597
 100.200000 1.677790 1.600362 2.717849
 100.400000 1.643509 1.403605 19.160103
 100.600000 1.669572 1.482316 6.783981
 100.800000 1.703500 1.484364 4.610079
 101.000000 1.656103 1.505993 6.080386
 101.200000 1.725751 1.610581 0.983072
 101.400000 1.749167 1.607767 0.690782
 101.600000 1.681185 1.584061 2.145234
 101.800000 1.646303 1.608657 5.619772
 102.000000 1.757236 1.625789 1.582960
 102.200000 1.685222 1.562374 1.841884
 102.400000 1.726108 1.500917 2.626273
 102.600000 1.740436 1.522470 1.179706
 102.800000 1.755103 1.469999 5.127829
 103.000000 1.642056 1.546671 5.623674
 103.200000 1.682239 1.600968 2.445398
 103.400000 1.700572 1.587354 1.138673
 103.600000 1.652720 1.586180 4.406552
 103.800000 1.738718 1.594173 0.295088
 104.000000 1.695313 1.625631 2.754217
 104.200000 1.695068 1.591368 1.474682
 104.400000 1.649056 1.526906 5.597488
 104.600000 1.642058 1.558941 5.402758
 104.800000 1.798281 1.545103 1.732015
 105.000000 1.687846 1.526688 2.624963
 105.200000 1.718589 1.500535 2.825840
 105.400000 1.733865 1.624706 1.518871
 105.600000 1.780701 1.536091 1.227819
 105.800000 1.717159 1.629521 2.121041
 106.000000 1.749209 1.643799 2.672201
 106.200000 1.652852 1.623534 5.666598
 106.400000 1.805051 1.608838 2.506963
 106.600000 1.657832 1.620014 5.039046
 106.800000 1.710900 1.610562 1.383327
 107.000000 1.756579 1.595764 0.374962
 107.200000 1.743562 1.576548 0.018100
 107.400000 1.716141 1.610476 1.213245
 107.600000 1.700195 1.583437 1.098427
 107.800000 1.668225 1.596097 3.292608
 108.000000 1.709456 1.585121 0.746054
 108.200000 1.695724 1.645964 4.055391
 108.400000 1.792412 1.531696 1.872832
 108.600000 1.704399 1.605923 1.454558
 108.800000 1.724386 1.530995 1.011404
 109.000000 1.706592 1.550793 0.950375
 109.200000 1.745981 1.621782 1.299982
 109.400000 1.779623 1.572959 0.590362
 109.600000 1.712067 1.570685 0.553205
 109.800000 1.723980 1.540118 0.698476
 110.000000 1.622583 1.549134 7.767918
 110.200000 1.661780 1.504408 5.693970
 110.400000 1.603177 1.606431 10.738529
 110.600000 1.736067 1.511087 1.825488
 110.800000 1.653292 1.519233 5.564777
 111.000000 1.696417 1.528530 2.089421
 111.200000 1.653485 1.536400 4.809291
 111.400000 1.717543 1.519630 1.695054
 111.600000 1.623336 1.588231 7.593164
 111.800000 1.701742 1.530182 1.774660
 112.000000 1.677891 1.596163 2.595707
 112.200000 1.674199 1.654769 6.055422
 112.400000 1.690920 1.572245 1.481239
 112.600000 1.639102 1.555992 5.751666
 112.800000 1.755039 1.533377 0.747258
 113.000000 1.643359 1.548898 5.438706
 113.200000 1.762263 1.503183 2.429117
 113.400000 1.621019 1.626521 9.279108
 113.600000 1.697729 1.545998 1.440397
 113.800000 1.744813 1.543326 0.377443
 114.000000 1.654055 1.564059 4.188147
 114.200000 1.667197 1.598237 3.428838
 114.400000 1.713316 1.598082 0.884666
 114.600000 1.694966 1.600228 1.701337
 114.800000 1.745325 1.574338 0.006273
 115.000000 1.774267 1.615926 1.437017
 115.200000 1.723076 1.627195 1.838014
 115.400000 1.755218 1.648276 3.050445
 115.600000 1.788629 1.671346 5.992600
 115.800000 1.767256 1.579694 0.279964
 116.000000 1.720593 1.658542 4.155632
 116.200000 1.778175 1.625955 2.060659
 116.400000 1.681659 1.586017 2.142778
 116.600000 1.735306 1.531926 0.805698
 116.800000 1.696214 1.524088 2.297004
 117.000000 1.682302 1.559827 2.046384
 117.200000 1.687422 1.646278 4.525353
 117.400000 1.637706 1.573028 5.793871
 117.600000 1.617798 1.546434 8.428888
 117.800000 1.656531 1.593593 4.202372
 118.000000 1.741645 1.561781 0.047428
 118.200000 1.650471 1.611020 5.308064
 118.400000 1.650659 1.540993 4.925327
 118.600000 1.690958 1.602249 1.972758
 118.800000 1.703466 1.493623 3.854130
 119.000000 1.682228 1.519626 3.300102
 119.200000 1.802917 1.543415 2.033026
 119.400000 1.646388 1.618693 6.041782
 119.600000 1.734262 1.599656 0.477676
 119.800000 1.758724 1.484743 3.792299
 120.000000 1.703643 1.540009 1.342775
 120.200000 1.754551 1.557638 0.129086
 120.400000 1.717163 1.662989 4.646433
 120.600000 1.690627 1.603060 2.016644
 120.800000 1.678076 1.662752 6.489410
 121.000000 1.804678 1.632671 3.675348
 121.200000 1.727906 1.589837 0.333073
 121.400000 1.610206 1.539848 9.608057
 121.600000 1.756788 1.507345 2.078691
 121.800000 1.741490 1.643317 2.636996
 122.000000 1.770356 1.489094 3.650763
 122.200000 1.773880 1.638189 2.678431
 122.400000 1.798314 1.665301 5.869309
 122.600000 1.608914 1.588919 9.468811
 122.800000 1.794599 1.686720 7.932883
 123.000000 1.800342 1.585189 1.616771
 123.200000 1.703305 1.557948 0.965547
 123.400000 1.713600 1.553469 0.653480
 123.600000 1.688665 1.630499 3.387650
 123.800000 1.830214 1.510798 5.402631
 124.000000 1.666563 1.548697 3.346247
 124.200000 1.693337 1.520188 2.632197
 124.400000 1.682557 1.614752 2.936275
 124.600000 1.734437 1.542239 0.467099
 124.800000 1.649856 1.530607 5.365140
 125.000000 1.725350 1.537768 0.745011
 125.200000 1.764284 1.506764 2.229710
 125.400000 1.699923 1.582878 1.103853
 125.600000 1.628703 1.560356 6.855309
 125.800000 1.743274 1.581153 0.055741
 126.000000 1.675986 1.613383 3.311037
 126.200000 1.786317 1.661228 4.928878
 126.400000 1.675927 1.607838 3.094391
 126.600000 1.582011 1.544440 13.683688
 126.800000 1.739863 1.584421 0.107758
 127.000000 1.685758 1.564791 1.792405
 127.200000 1.641509 1.509702 7.255553
 127.400000 1.654482 1.497308 6.826853
 127.600000 1.780622 1.464389 6.284100
 127.800000 1.661722 1.531970 4.248782
 128.000000 1.678522 1.568863 2.233491
 128.200000 1.605298 1.637774 12.047357
 128.400000 1.726088 1.534615 0.839646
 128.600000 1.720913 1.586568 0.422442
 128.800000 1.662091 1.512757 5.148625
 129.000000 1.711967 1.520421 1.825380
 129.200000 1.701489 1.575795 0.973480
 129.400000 1.747815 1.481720 3.970422
 129.600000 1.707925 1.587825 0.844516
 129.800000 1.737365 1.622138 1.349713
 130.000000 1.604831 1.608081 10.564965
 130.200000 1.664552 1.675464 8.740147
 130.400000 1.711219 1.543792 0.946366
 130.600000 1.666939 1.449082 10.479627
 130.800000 1.710094 1.564199 0.642528
 131.000000 1.670626 1.617379 3.875282
 131.200000 1.706049 1.537400 1.329137
 131.400000 1.718193 1.703824 9.216402
 131.600000 1.667500 1.546017 3.335703
 131.800000 1.728390 1.574480 0.150256
 132.000000 1.705135 1.619622 1.999794
 132.200000 1.623988 1.563390 7.389219
 132.400000 1.725951 1.514458 1.774789
 132.600000 1.663647 1.478170 7.625878
 132.800000 1.689286 1.535878 2.180041
 133.000000 1.672844 1.630850 4.430281
 133.200000 1.687786 1.498532 4.266662
 133.400000 1.632640 1.540657 6.803599
 133.600000 1.714294 1.514621 2.059435
 133.800000 1.756367 1.579817 0.101596
 134.000000 1.762334 1.545372 0.467786
 134.200000 1.691136 1.532842 2.188714
 134.400000 1.629617 1.654561 10.202864
 134.600000 1.704762 1.574857 0.831082
 134.800000 1.722655 1.635290 2.336791
 135.000000 1.769718 1.576548 0.313940
 135.200000 1.673475 1.618725 3.730041
 135.400000 1.666198 1.658925 7.014273
 135.600000 1.745170 1.599608 0.415068
 135.800000 1.808493 1.596042 2.313496
 136.000000 1.748559 1.525338 1.038464
 136.200000 1.649989 1.598355 4.924675
 136.400000 1.727251 1.647161 3.079218
 136.600000 1.682689 1.565406 1.976413
 136.800000 1.767270 1.564292 0.261863
 137.000000 1.757022 1.544525 0.413455
 137.200000 1.635242 1.521495 7.274955
 137.400000 1.770697 1.575501 0.332821
 137.600000 1.735923 1.604393 0.608599
 137.800000 1.672447 1.518318 4.032865
 138.000000 1.761142 1.570990 0.125046
 138.200000 1.674989 1.656164 6.117707
 138.400000 1.841276 1.591506 4.817293
 138.600000 1.676352 1.633380 4.337291
 138.800000 1.610539 1.437052 18.028042
 139.000000 1.775668 1.502630 2.783529
 139.200000 1.668575 1.666652 7.539734
 139.400000 1.670584 1.589296 2.964546
 139.600000 1.648560 1.608396 5.388985
 139.800000 1.606798 1.491222 12.761471
 140.000000 1.684294 1.570140 1.862864
 140.200000 1.684106 1.654862 5.407684
 140.400000 1.804905 1.590945 1.977644
 140.600000 1.687719 1.595474 1.963934
 140.800000 1.710485 1.571875 0.607637
 141.000000 1.741445 1.546382 0.305574
 141.200000 1.705798 1.646437 3.642075
 141.400000 1.767689 1.581153 0.303621
 141.600000 1.722851 1.553384 0.404221
 141.800000 1.680984 1.563140 2.099441
 142.000000 1.687424 1.618529 2.815689
 142.200000 1.695108 1.614499 2.216089
 142.400000 1.621521 1.568395 7.667135
 142.600000 1.666449 1.523700 4.220062
 142.800000 1.728171 1.595764 0.458894
 143.000000 1.739733 1.654970 3.558271
 143.200000 1.657073 1.524760 4.954199
 143.400000 1.670737 1.556112 2.889820
 143.600000 1.642094 1.569777 5.329235
 143.800000 1.723354 1.550608 0.445242
 144.000000 1.765810 1.541948 0.625865
 144.200000 1.659945 1.540637 4.099987
 144.400000 1.635229 1.565815 6.073437
 144.600000 1.713267 1.531601 1.282126
 144.800000 1.670675 1.538284 3.315116
 145.000000 1.701205 1.603140 1.496546
 145.200000 1.601745 1.574621 10.315470
 145.400000 1.700999 1.596621 1.316052
 145.600000 1.650739 1.593711 4.736218
 145.800000 1.698137 1.560003 1.171807
 146.000000 1.748778 1.661826 4.149174
 146.200000 1.717242 1.554378 0.529239
 146.400000 1.687702 1.538906 2.168916
 146.600000 1.772234 1.554160 0.500317
 146.800000 1.713389 1.604154 1.066450
 147.000000 1.750272 1.564994 0.029047
 147.200000 1.711784 1.549426 0.790981
 147.400000 1.697893 1.561246 1.170678
 147.600000 1.746155 1.591101 0.206484
 147.800000 1.733562 1.621067 1.332788
 148.000000 1.699514 1.572675 1.051290
 148.200000 1.769121 1.551963 0.460384
 148.400000 1.679791 1.582280 2.213571
 148.600000 1.630733 1.606648 7.208840
 148.800000 1.830006 1.678093 9.341353
 149.000000 1.743103 1.572774 0.004433
 149.200000 1.660732 1.582407 3.645717
 149.400000 1.682503 1.543871 2.336031
 149.600000 1.799835 1.554384 1.620131
 149.800000 1.757102 1.610825 0.870429
 150.000000 1.645851 1.512756 6.632297
 150.200000 1.598776 1.535511 11.361457
 150.400000 1.768865 1.602836 0.790248
 150.600000 1.643137 1.648315 8.226200
 150.800000 1.656324 1.517903 5.359818
 151.000000 1.631059 1.622185 7.849270
 151.200000 1.742062 1.561592 0.047698
 151.400000 1.709513 1.570383 0.641484
 151.600000 1.697237 1.556297 1.261555
 151.800000 1.659668 1.602616 4.175141
 152.000000 1.706655 1.646571 3.618728
 152.200000 1.740268 1.625298 1.498044
 152.400000 1.717711 1.579274 0.417329
 152.600000 1.694198 1.569634 1.307863
 152.800000 1.716396 1.526381 1.404923
 153.000000 1.783069 1.558969 0.782074
 153.200000 1.711770 1.594416 0.842061
 153.400000 1.655565 1.602948 4.545688
 153.600000 1.659340 1.626864 5.268870
 153.800000 1.729413 1.576548 0.143211
 154.000000 1.725204 1.562279 0.238797
 154.200000 1.647896 1.557190 4.839227
 154.400000 1.625104 1.510628 9.037247
 154.600000 1.650023 1.565515 4.555557
 154.800000 1.841800 1.527122 5.607059
 155.000000 1.711091 1.565087 0.602431
 155.200000 1.583521 1.608932 13.818168
 155.400000 1.695815 1.666220 5.778653
 155.600000 1.670498 1.587790 2.944264
 155.800000 1.703247 1.514568 2.466236
 156.000000 1.721977 1.516412 1.751474
 156.200000 1.748473 1.512164 1.723792
 156.400000 1.697822 1.553467 1.278603
 156.600000 1.701791 1.510522 2.764308
 156.800000 1.680674 1.569684 2.090764
 157.000000 1.790961 1.557900 1.124287
 157.200000 1.710060 1.643611 3.272906
 157.400000 1.611089 1.630105 10.769018
 157.600000 1.661322 1.579211 3.564007
 157.800000 1.698476 1.549230 1.330155
 158.000000 1.797397 1.556007 1.464906
 158.200000 1.758742 1.529131 0.957945
 158.400000 1.761985 1.501042 2.571499
 158.600000 1.735074 1.571850 0.053139
 158.800000 1.692955 1.539539 1.860045
 159.000000 1.684573 1.593258 2.097919
 159.200000 1.711397 1.694208 8.190929
 159.400000 1.674961 1.603810 3.020798
 159.600000 1.627260 1.609038 7.701415
 159.800000 1.788107 1.532313 1.655478
 160.000000 1.792212 1.545073 1.429835
 160.200000 1.725659 1.556826 0.291043
 160.400000 1.686445 1.558269 1.812131
 160.600000 1.667119 1.591931 3.281753
 160.800000 1.762380 1.687612 6.968340
 161.000000 1.727622 1.647597 3.105970
 161.200000 1.624140 1.561696 7.384879
 161.400000 1.710076 1.553708 0.767408
 161.600000 1.780304 1.520868 1.858009
 161.800000 1.742021 1.535049 0.644421
 162.000000 1.722239 1.518532 1.632342
 162.200000 1.693203 1.596823 1.697282
 162.400000 1.692394 1.644817 4.140603
 162.600000 1.628632 1.653466 10.226254
 162.800000 1.665381 1.556591 3.296794
 163.000000 1.673720 1.555309 2.683905
 163.200000 1.712740 1.585038 0.632438
 163.400000 1.692037 1.488314 4.821700
 163.600000 1.692383 1.528744 2.285871
 163.800000 1.646769 1.459870 11.009363
 164.000000 1.638981 1.549331 5.885337
 164.200000 1.686760 1.600775 2.164502
 164.400000 1.648410 1.543356 5.073171
 164.600000 1.622239 1.532602 8.304976
 164.800000 1.712550 1.496459 3.300263
 165.000000 1.729600 1.582766 0.195335
 165.200000 1.733136 1.495429 2.914443
 165.400000 1.664966 1.530550 4.039034
 165.600000 1.741676 1.601304 0.472029
 165.800000 1.702446 1.584693 1.016065
 166.000000 1.705876 1.607308 1.444842
 166.200000 1.720117 1.578040 0.344066
 166.400000 1.678631 1.572697 2.226138
 166.600000 1.750755 1.565417 0.029189
 166.800000 1.707443 1.566241 0.728076
 167.000000 1.829861 1.545640 3.889189
 167.200000 1.646778 1.651393 8.104078
 167.400000 1.730300 1.574481 0.119724
 167.600000 1.780599 1.675224 6.074588
 167.800000 1.730841 1.571703 0.105365
 168.000000 1.708629 1.513132 2.336038
 168.200000 1.743285 1.597904 0.369501
 168.400000 1.723568 1.548563 0.483933
 168.600000 1.734885 1.542228 0.462610
 168.800000 1.721987 1.595685 0.582149
 169.000000 1.668012 1.611764 3.828139
 169.200000 1.683474 1.624974 3.380665
 169.400000 1.698639 1.588576 1.248031
 169.600000 1.656887 1.506426 5.982828
 169.800000 1.697309 1.500032 3.656791
 170.000000 1.635806 1.572447 5.999061
 170.200000 1.623603 1.540169 7.877649
 170.400000 1.763020 1.531507 0.928324
 170.600000 1.704717 1.566863 0.832423
 170.800000 1.601045 1.633791 12.393196
 171.000000 1.779773 1.572400 0.594464
 171.200000 1.638048 1.687260 12.536554
 171.400000 1.783963 1.582979 0.820506
 171.600000 1.710128 1.541603 1.045677
 171.800000 1.681731 1.409942 14.959439
 172.000000 1.724736 1.610822 1.013082
 172.200000 1.679455 1.580765 2.219415
 172.400000 1.667787 1.606899 3.658099
 172.600000 1.771524 1.596512 0.673742
 172.800000 1.674571 1.611099 3.315510
 173.000000 1.718750 1.650080 3.496140
 173.200000 1.735867 1.482511 3.941874
 173.400000 1.750999 1.558259 0.094671
 173.600000 1.759117 1.560287 0.150279
 173.800000 1.638203 1.572548 5.739525
 174.000000 1.742787 1.598015 0.373651
 174.200000 1.781980 1.551386 0.860031
 174.400000 1.644757 1.496990 7.781117
 174.600000 1.762245 1.581182 0.197009
 174.800000 1.722753 1.645887 3.074136
 175.000000 1.738268 1.572131 0.025819
 175.200000 1.685259 1.606296 2.434327
 175.400000 1.741483 1.574789 0.015370
 175.600000 1.798903 1.573423 1.438541
 175.800000 1.743185 1.546075 0.307871
 176.000000 1.729900 1.529274 0.981072
 176.200000 1.692121 1.634996 3.476367
 176.400000 1.724419 1.657510 3.978223
 176.600000 1.783180 1.625895 2.234278
 176.800000 1.705662 1.611957 1.633854
 177.000000 1.669396 1.567048 2.889950
 177.200000 1.714966 1.603208 0.986230
 177.400000 1.796831 1.561205 1.372207
 177.600000 1.703312 1.521619 2.091923
 177.800000 1.643287 1.598508 5.590237
 178.000000 1.753973 1.624947 1.503512
 178.200000 1.760446 1.648323 3.119469
 178.400000 1.672643 1.558034 2.723088
 178.600000 1.614524 1.529369 9.413083
 178.800000 1.682760 1.552744 2.120423
 179.000000 1.715453 1.549396 0.675282
 179.200000 1.716096 1.532681 1.153677
 179.400000 1.655836 1.636794 6.182314
 179.600000 1.597188 1.579626 11.011898
 179.800000 1.639711 1.609111 6.311590
 180.000000 1.718205 1.586512 0.491356
 180.200000 1.688037 1.467422 6.984297
 180.400000 1.582083 1.510860 15.120859
 180.600000 1.773183 1.506226 2.472620
 180.800000 1.667237 1.563036 3.079305
 181.000000 1.726047 1.547422 0.459072
 181.200000 1.655127 1.576977 4.087333
 181.400000 1.706558 1.630395 2.527604
 181.600000 1.737472 1.653951 3.488253
 181.800000 1.726780 1.646202 3.015068
 182.000000 1.755404 1.652726 3.407001
 182.200000 1.800240 1.553563 1.656063
 182.400000 1.733367 1.639144 2.407263
 182.600000 1.734832 1.548962 0.293455
 182.800000 1.679687 1.598115 2.527631
 183.000000 1.706052 1.574055 0.776661
 183.200000 1.668161 1.564584 2.996731
 183.400000 1.654688 1.591959 4.331803
 183.600000 1.700843 1.526708 1.961407
 183.800000 1.663179 1.552008 3.550808
 184.000000 1.709002 1.574778 0.667762
 184.200000 1.649676 1.597933 4.942963
 184.400000 1.684616 1.590590 2.038952
 184.600000 1.715987 1.590342 0.621513
 184.800000 1.644702 1.708599 14.557810
 185.000000 1.717537 1.627034 1.967511
 185.200000 1.684792 1.588510 1.989294
 185.400000 1.772245 1.608641 1.078354
 185.600000 1.762683 1.593351 0.404926
 185.800000 1.640298 1.527975 6.432636
 186.000000 1.793004 1.539628 1.622187
 186.200000 1.670953 1.603038 3.285665
 186.400000 1.741198 1.501497 2.409747
 186.600000 1.699131 1.565947 1.078890
 186.800000 1.629113 1.601915 7.237276
 187.000000 1.749592 1.560033 0.067007
 187.200000 1.586808 1.590034 12.749564
 187.400000 1.616326 1.549972 8.537700
 187.600000 1.788416 1.617765 2.031273
 187.800000 1.604272 1.532190 10.693794
 188.000000 1.711582 1.561837 0.609566
 188.200000 1.794577 1.566589 1.221533
 188.400000 1.630482 1.509930 8.447274
 188.600000 1.690067 1.561787 1.567552
 188.800000 1.718135 1.597133 0.716569
 189.000000 1.702016 1.581693 0.997401
 189.200000 1.694689 1.580567 1.329958
 189.400000 1.643245 1.469402 10.350995
 189.600000 1.687953 1.588494 1.802639
 189.800000 1.691692 1.510651 3.247175
 190.000000 1.689529 1.645226 4.326698
 190.200000 1.737273 1.559459 0.096725
 190.400000 1.695375 1.482778 5.121326
 190.600000 1.756930 1.540395 0.529412
 190.800000 1.624500 1.543048 7.684819
 191.000000 1.652392 1.620268 5.542397
 191.200000 1.769398 1.574740 0.297437
 191.400000 1.605538 1.581593 9.829030
 191.600000 1.713034 1.593888 0.788110
 191.800000 1.674062 1.622701 3.886596
 192.000000 1.766991 1.534003 0.911490
 192.200000 1.740167 1.603554 0.549856
 192.400000 1.609359 1.546473 9.539744
 192.600000 1.727139 1.642161 2.711909
 192.800000 1.766719 1.690276 7.366475
 193.000000 1.715213 1.518351 1.828736
 193.200000 1.722689 1.593412 0.512031
 193.400000 1.714730 1.523546 1.584457
 193.600000 1.685489 1.545697 2.105412
 193.800000 1.791269 1.581053 1.107811
 194.000000 1.694955 1.491643 4.401405
 194.200000 1.642642 1.487172 8.768792
 194.400000 1.709185 1.617240 1.731733
 194.600000 1.729607 1.569193 0.124872
 194.800000 1.719517 1.534647 0.986538
 195.000000 1.670878 1.521168 4.003006
 195.200000 1.777875 1.544667 0.871005
 195.400000 1.699135 1.694395 8.705304
 195.600000 1.668275 1.559948 3.027532
 195.800000 1.598505 1.520878 12.024522
 196.000000 1.874178 1.596490 8.631131
 196.200000 1.741968 1.577892 0.030824
 196.400000 1.659162 1.609266 4.452360
 196.600000 1.660870 1.605798 4.179273
 196.800000 1.692968 1.495996 4.168388
 197.000000 1.688735 1.613669 2.520502
 197.200000 1.726740 1.594917 0.463697
 197.400000 1.633880 1.546982 6.494072
 197.600000 1.752555 1.464925 5.630499
 197.800000 1.661011 1.570151 3.554982
 198.000000 1.698463 1.545219 1.425325
 198.200000 1.755429 1.520728 1.304401
 198.400000 1.604494 1.490616 13.131710
 198.600000 1.647803 1.544881 5.091458
 198.800000 1.683012 1.545553 2.260361
 199.000000 1.672107 1.596768 3.017982
 199.200000 1.735338 1.499499 2.591543
 199.400000 1.672021 1.498059 5.332353
 199.600000 1.661147 1.556465 3.646042
 199.800000 1.714279 1.565762 0.494720
 200.000000 1.618023 1.570706 8.103443
