#! FIELDS time phi psi restraint.bias
#! SET min_phi -pi
#! SET max_phi pi
#! SET min_psi -pi
#! SET max_psi pi
 0.000000 -3.057340 -2.002147 66.462665
 0.200000 2.996011 -1.869758 8.160353
 0.400000 3.094039 -1.721331 8.349792
 0.600000 3.018793 -1.807499 3.270713
 0.800000 3.043723 -1.777094 3.443144
 1.000000 3.062681 -1.735935 4.615807
 1.200000 3.000073 -1.743377 0.546846
 1.400000 3.022607 -1.809670 3.612647
 1.600000 3.031199 -1.826886 5.382642
 1.800000 2.961728 -1.788547 0.948087
 2.000000 2.970910 -1.785593 0.817988
 2.200000 3.024149 -1.834482 5.603708
 2.400000 3.101982 -1.746990 9.103356
 2.600000 3.037021 -1.845298 7.444155
 2.800000 3.042597 -1.799734 4.332873
 3.000000 -3.138597 -1.839724 20.213463
 3.200000 3.057677 -1.906830 17.147082
 3.400000 2.975283 -1.925177 16.206434
 3.600000 3.117018 -1.806232 13.098254
 3.800000 2.994122 -1.826281 3.642775
 4.000000 3.024804 -1.775323 2.116973
 4.200000 2.958291 -1.810662 2.172620
 4.400000 3.003897 -1.798233 2.077898
 4.600000 2.945910 -1.788036 1.135617
 4.800000 2.981358 -1.754753 0.146628
 5.000000 3.026391 -1.720092 2.078548
 5.200000 3.017383 -1.792838 2.394744
 5.400000 3.017985 -1.806493 3.167191
 5.600000 2.957245 -1.787822 0.950987
 5.800000 3.054080 -1.743752 3.787542
 6.000000 3.123098 -1.776173 12.649654
 6.200000 2.972336 -1.857883 6.348128
 6.400000 3.044502 -1.756651 3.062724
 6.600000 3.031965 -1.760004 2.214039
 6.800000 3.074620 -1.785028 6.572661
 7.000000 2.955234 -1.833206 3.931118
 7.200000 3.005637 -1.795407 1.997966
 7.400000 2.917442 -1.768422 1.497613
 7.600000 2.999658 -1.783481 1.259097
 7.800000 3.007534 -1.829887 4.394119
 8.000000 3.029009 -1.827830 5.322027
 8.200000 3.060892 -1.764995 4.595609
 8.400000 3.055329 -1.798725 5.321256
 8.600000 3.019900 -1.842939 6.159851
 8.800000 3.040033 -1.750786 2.677436
 9.000000 3.070998 -1.817800 8.027545
 9.200000 3.028331 -1.839510 6.312075
 9.400000 3.058682 -1.763414 4.360888
 9.600000 3.054891 -1.749460 3.865742
 9.800000 3.004562 -1.847251 5.897220
 10.000000 -3.130674 -1.769172 17.480330
 10.200000 2.965555 -1.863931 7.034304
 10.400000 3.022436 -1.738141 1.559118
 10.600000 3.055452 -1.762796 4.059151
 10.800000 2.918853 -1.834853 5.169171
 11.000000 2.948756 -1.830810 3.820995
 11.200000 -3.115668 -1.763282 20.252734
 11.400000 3.042110 -1.867461 10.274364
 11.600000 3.019357 -1.847908 6.628647
 11.800000 3.021602 -1.812042 3.712702
 12.000000 3.016488 -1.808182 3.196836
 12.200000 3.014894 -1.876522 9.749797
 12.400000 3.133262 -1.823171 16.841317
 12.600000 3.014431 -1.832213 4.896410
 12.800000 3.091442 -1.763482 7.900270
 13.000000 3.053120 -1.762206 3.845632
 13.200000 3.009662 -1.791059 1.953070
 13.400000 2.938530 -1.738651 0.429277
 13.600000 3.006084 -1.701245 1.733178
 13.800000 2.993674 -1.707935 1.053323
 14.000000 3.047036 -1.757541 3.272657
 14.200000 2.943885 -1.709214 0.920679
 14.400000 3.021486 -1.704653 2.308356
 14.600000 3.037205 -1.826836 5.781825
 14.800000 3.068594 -1.837420 9.394969
 15.000000 3.052486 -1.791983 4.737136
 15.200000 3.100055 -1.754366 8.884684
 15.400000 3.065626 -1.838003 9.151904
 15.600000 3.025354 -1.783670 2.434124
 15.800000 2.979628 -1.795619 1.343528
 16.000000 3.103828 -1.784032 10.101761
 16.200000 3.020604 -1.750322 1.445960
 16.400000 3.004653 -1.719010 1.052980
 16.600000 3.007882 -1.693455 2.178722
 16.800000 3.020280 -1.718360 1.779843
 17.000000 3.055950 -1.721820 4.227028
 17.200000 2.995229 -1.722205 0.664110
 17.400000 2.867830 -1.732189 5.009643
 17.600000 3.037863 -1.756236 2.566016
 17.800000 3.063017 -1.669314 7.493116
 18.000000 3.031077 -1.765000 2.242548
 18.200000 2.940048 -1.739339 0.382768
 18.400000 3.015630 -1.675283 3.632749
 18.600000 2.976217 -1.695930 1.262057
 18.800000 2.977572 -1.694420 1.351113
 19.000000 2.976110 -1.696503 1.232969
 19.200000 3.017434 -1.742835 1.271890
 19.400000 3.003894 -1.746761 0.679397
 19.600000 2.941642 -1.711256 0.903523
 19.800000 2.956119 -1.680578 2.156238
 20.000000 2.982142 -1.816698 2.660511
 20.200000 3.003717 -1.760857 0.792423
 20.400000 3.076098 -1.672025 8.631404
 20.600000 3.006920 -1.698831 1.875451
 20.800000 2.975510 -1.715802 0.471639
 21.000000 3.092771 -1.735500 7.949913
 21.200000 2.920586 -1.660501 4.677824
 21.400000 2.996648 -1.669091 3.343858
 21.600000 3.020900 -1.774030 1.861275
 21.800000 3.009570 -1.772099 1.261887
 22.000000 2.962505 -1.709836 0.640273
 22.200000 2.930118 -1.718744 1.035743
 22.400000 3.028843 -1.750022 1.919627
 22.600000 2.963454 -1.719364 0.343591
 22.800000 2.908917 -1.729820 1.810576
 23.000000 3.118891 -1.740476 11.538081
 23.200000 3.094939 -1.669942 11.018140
 23.400000 3.021086 -1.841897 6.122041
 23.600000 3.025246 -1.744944 1.692902
 23.800000 3.075908 -1.748277 5.928289
 24.000000 3.015693 -1.848256 6.479505
 24.200000 2.968028 -1.773206 0.389030
 24.400000 3.030908 -1.732187 2.124649
 24.600000 3.023375 -1.769379 1.874927
 24.800000 2.972044 -1.729792 0.133132
 25.000000 3.023259 -1.731155 1.679633
 25.200000 2.979049 -1.762200 0.214180
 25.400000 2.997463 -1.749938 0.472785
 25.600000 3.047175 -1.766100 3.424912
 25.800000 3.088664 -1.726888 7.563875
 26.000000 3.095185 -1.743236 8.210223
 26.200000 3.061670 -1.663886 7.792090
 26.400000 3.040873 -1.803691 4.427205
 26.600000 3.092618 -1.782667 8.579557
 26.800000 3.028042 -1.742306 1.863979
 27.000000 3.029621 -1.788857 2.904272
 27.200000 3.020501 -1.743195 1.430260
 27.400000 3.096915 -1.709698 9.065921
 27.600000 3.024104 -1.716546 2.041277
 27.800000 3.033211 -1.750112 2.199438
 28.000000 2.965488 -1.708708 0.671775
 28.200000 3.064510 -1.661716 8.243842
 28.400000 3.011242 -1.736073 1.018863
 28.600000 3.086945 -1.786192 8.021165
 28.800000 2.974673 -1.707601 0.740685
 29.000000 3.015110 -1.688855 2.749077
 29.200000 2.976711 -1.734505 0.105151
 29.400000 3.045939 -1.794742 4.331766
 29.600000 2.939828 -1.777222 0.879380
 29.800000 2.960886 -1.745941 0.019245
 30.000000 3.000247 -1.763812 0.721493
 30.200000 3.061785 -1.837146 8.701615
 30.400000 3.072168 -1.738441 5.547585
 30.600000 3.029361 -1.715250 2.393131
 30.800000 2.986796 -1.774670 0.625198
 31.000000 3.052629 -1.804862 5.433140
 31.200000 2.982798 -1.826014 3.378888
 31.400000 2.941607 -1.822138 3.273741
 31.600000 3.107838 -1.750684 9.923558
 31.800000 2.999341 -1.733351 0.592791
 32.000000 3.056689 -1.709235 4.668101
 32.200000 3.102157 -1.664573 12.386353
 32.400000 3.017711 -1.669895 4.127913
 32.600000 2.966197 -1.742850 0.003446
 32.800000 3.090001 -1.663600 10.897060
 33.000000 3.008230 -1.706661 1.595086
 33.200000 3.026871 -1.813511 4.113087
 33.400000 3.065114 -1.735142 4.859201
 33.600000 3.052494 -1.841167 8.241910
 33.800000 3.016009 -1.845115 6.176654
 34.000000 3.129643 -1.762834 13.369814
 34.200000 3.100029 -1.799729 10.320028
 34.400000 3.012173 -1.833278 4.885092
 34.600000 3.047707 -1.750857 3.267284
 34.800000 2.973206 -1.860037 6.597833
 35.000000 2.994491 -1.764777 0.565353
 35.200000 2.984091 -1.758621 0.233363
 35.400000 2.949891 -1.729437 0.273654
 35.600000 2.916730 -1.751226 1.283916
 35.800000 3.021588 -1.733173 1.560539
 36.000000 3.038010 -1.746348 2.517501
 36.200000 3.019731 -1.790856 2.423489
 36.400000 3.033721 -1.713027 2.743574
 36.600000 3.056934 -1.689766 5.582380
 36.800000 2.999619 -1.803584 2.226848
 37.000000 2.997131 -1.741471 0.459592
 37.200000 2.997426 -1.747632 0.463707
 37.400000 2.986252 -1.759295 0.281705
 37.600000 3.035355 -1.769388 2.621534
 37.800000 3.030324 -1.831730 5.733698
 38.000000 2.959522 -1.807165 1.940252
 38.200000 3.112119 -1.735055 10.573807
 38.400000 3.108604 -1.716741 10.426042
 38.600000 2.998168 -1.813332 2.796087
 38.800000 2.991442 -1.725640 0.491097
 39.000000 3.002004 -1.747900 0.613868
 39.200000 3.001829 -1.786891 1.468160
 39.400000 3.027561 -1.790054 2.830320
 39.600000 2.958947 -1.733616 0.101500
 39.800000 3.010127 -1.760912 1.048817
 40.000000 3.018442 -1.753326 1.352038
 40.200000 3.098175 -1.770778 8.919493
 40.400000 2.919379 -1.711757 1.700249
 40.600000 3.012801 -1.695522 2.286519
 40.800000 2.954458 -1.713902 0.573225
 41.000000 2.997859 -1.724179 0.697943
 41.200000 2.942010 -1.742977 0.316508
 41.400000 3.007597 -1.797194 2.166633
 41.600000 2.980793 -1.817617 2.707097
 41.800000 3.080992 -1.731521 6.585594
 42.000000 3.087419 -1.719941 7.565475
 42.200000 2.991667 -1.794563 1.514726
 42.400000 3.037926 -1.795453 3.767152
 42.600000 3.063901 -1.747181 4.690830
 42.800000 2.970626 -1.826656 3.313383
 43.000000 3.031942 -1.770368 2.418366
 43.200000 2.953780 -1.721422 0.373958
 43.400000 3.059537 -1.747003 4.277439
 43.600000 2.999766 -1.824838 3.695648
 43.800000 3.050056 -1.733224 3.517450
 44.000000 2.978888 -1.798347 1.475391
 44.200000 2.949638 -1.756936 0.219123
 44.400000 3.041470 -1.796746 4.090293
 44.600000 3.048930 -1.751302 3.369170
 44.800000 3.057942 -1.738966 4.150015
 45.000000 3.001134 -1.731154 0.680999
 45.200000 2.891888 -1.784300 3.584714
 45.400000 2.971253 -1.745784 0.008896
 45.600000 3.054944 -1.752700 3.888985
 45.800000 3.018019 -1.751891 1.319938
 46.000000 3.036603 -1.712613 2.953299
 46.200000 3.005071 -1.738088 0.748661
 46.400000 2.974244 -1.753355 0.058019
 46.600000 3.068350 -1.730369 5.241775
 46.800000 3.008956 -1.768212 1.139451
 47.000000 3.048157 -1.752810 3.316396
 47.200000 3.006375 -1.797848 2.151950
 47.400000 3.136554 -1.672424 17.021753
 47.600000 3.109846 -1.771138 10.526931
 47.800000 3.013829 -1.858532 7.501151
 48.000000 3.062283 -1.746661 4.534582
 48.200000 2.989244 -1.770688 0.567601
 48.400000 3.050358 -1.810036 5.562723
 48.600000 -3.131178 -1.641192 22.525063
 48.800000 2.988929 -1.668101 3.221253
 49.000000 3.006734 -1.785404 1.590046
 49.200000 3.051812 -1.704468 4.426276
 49.400000 2.946335 -1.712635 0.749221
 49.600000 2.878784 -1.753854 3.932601
 49.800000 3.041049 -1.646483 7.622475
 50.000000 3.035838 -1.768163 2.625924
 50.200000 2.945174 -1.732228 0.325318
 50.400000 3.063729 -1.679783 6.820675
 50.600000 2.996765 -1.730753 0.547430
 50.800000 2.949267 -1.706648 0.906400
 51.000000 3.002115 -1.689126 2.193856
 51.200000 2.976106 -1.626632 7.085396
 51.400000 2.959618 -1.693708 1.360096
 51.600000 3.027002 -1.699181 2.861412
 51.800000 3.054930 -1.745906 3.860734
 52.000000 3.016219 -1.796260 2.505301
 52.200000 3.097073 -1.753061 8.481619
 52.400000 3.046350 -1.647560 7.922903
 52.600000 2.926169 -1.713661 1.337471
 52.800000 3.027350 -1.697709 2.951293
 53.000000 3.031782 -1.627545 9.031063
 53.200000 2.910274 -1.711833 2.173308
 53.400000 2.949407 -1.716748 0.564255
 53.600000 3.030299 -1.722730 2.254938
 53.800000 2.936883 -1.747595 0.457887
 54.000000 2.962248 -1.706635 0.760203
 54.200000 3.123815 -1.746173 12.286448
 54.400000 3.067770 -1.694350 6.370665
 54.600000 2.972963 -1.752106 0.040388
 54.800000 3.055576 -1.733415 3.988552
 55.000000 3.031008 -1.755080 2.092231
 55.200000 2.962362 -1.860872 6.686070
 55.400000 3.046486 -1.779460 3.736747
 55.600000 3.064236 -1.859868 11.281187
 55.800000 3.066925 -1.777124 5.492031
 56.000000 3.056598 -1.656588 7.946033
 56.200000 2.860577 -1.769447 5.960115
 56.400000 2.983504 -1.748372 0.139844
 56.600000 2.976568 -1.695656 1.278922
 56.800000 2.858401 -1.807490 7.835358
 57.000000 2.990488 -1.732990 0.350583
 57.200000 3.057314 -1.722572 4.331895
 57.400000 3.018632 -1.698616 2.420947
 57.600000 3.034872 -1.699165 3.364859
 57.800000 2.985313 -1.761831 0.302750
 58.000000 3.026815 -1.733234 1.858494
 58.200000 3.041328 -1.805249 4.553068
 58.400000 2.933527 -1.791399 1.623426
 58.600000 3.041694 -1.736761 2.821852
 58.800000 3.051162 -1.784310 4.296328
 59.000000 2.943423 -1.748850 0.285553
 59.200000 2.969423 -1.657212 3.885125
 59.400000 3.114408 -1.764872 11.046779
 59.600000 3.004144 -1.701545 1.646136
 59.800000 2.942760 -1.625902 7.426629
 60.000000 3.013236 -1.734692 1.122690
 60.200000 3.063975 -1.767724 4.947037
 60.400000 2.925103 -1.748149 0.884148
 60.600000 2.985566 -1.750316 0.183668
 60.800000 2.979676 -1.818635 2.766468
 61.000000 3.026302 -1.732383 1.838613
 61.200000 2.971686 -1.751077 0.027223
 61.400000 3.048317 -1.798558 4.718064
 61.600000 3.056480 -1.753025 4.027638
 61.800000 2.989419 -1.703095 1.141813
 62.000000 2.956660 -1.712615 0.589186
 62.200000 3.046215 -1.659192 6.842627
 62.400000 2.986545 -1.730771 0.295809
 62.600000 2.983333 -1.716890 0.536800
 62.800000 2.927601 -1.756665 0.842728
 63.000000 2.975005 -1.831159 3.714934
 63.200000 2.985196 -1.806645 2.044300
 63.400000 3.016676 -1.762264 1.374288
 63.600000 3.040529 -1.800441 4.217534
 63.800000 3.067385 -1.657095 8.925170
 64.000000 3.029604 -1.767349 2.198352
 64.200000 3.074236 -1.643499 10.928166
 64.400000 3.076942 -1.670032 8.871851
 64.600000 2.977312 -1.753980 0.089981
 64.800000 2.957288 -1.774273 0.466606
 65.000000 3.007874 -1.781840 1.499457
 65.200000 2.993244 -1.911492 14.147791
 65.400000 2.953372 -1.820102 2.889156
 65.600000 3.028556 -1.768479 2.158866
 65.800000 3.090227 -1.721441 7.870443
 66.000000 3.005966 -1.710954 1.347689
 66.200000 3.014379 -1.737398 1.151029
 66.400000 3.073041 -1.758683 5.705132
 66.600000 3.131912 -1.820806 16.436543
 66.800000 3.062659 -1.860428 11.193463
 67.000000 3.024632 -1.849490 7.081981
 67.200000 3.075902 -1.765436 6.125514
 67.400000 3.062892 -1.695015 5.857682
 67.600000 2.997113 -1.764584 0.636967
 67.800000 3.040016 -1.618491 10.705292
 68.000000 2.937510 -1.702043 1.373443
 68.200000 2.950399 -1.818452 2.812216
 68.400000 3.074229 -1.748252 5.746887
 68.600000 2.961176 -1.789473 0.991651
 68.800000 3.009354 -1.868500 8.479868
 69.000000 3.088997 -1.838522 11.776799
 69.200000 2.994947 -1.761122 0.513553
 69.400000 3.063834 -1.708105 5.375454
 69.600000 3.081689 -1.753688 6.604908
 69.800000 2.948599 -1.730172 0.285280
 70.000000 3.048171 -1.691345 4.746676
 70.200000 2.957203 -1.702745 0.955272
 70.400000 2.940271 -1.684701 2.196733
 70.600000 3.030307 -1.713685 2.500780
 70.800000 3.021160 -1.825544 4.680680
 71.000000 2.975734 -1.774092 0.451258
 71.200000 3.013076 -1.761016 1.181789
 71.400000 3.102878 -1.688025 10.865254
 71.600000 3.065358 -1.707128 5.560929
 71.800000 2.989129 -1.683739 2.140191
 72.000000 2.968323 -1.683886 1.888406
 72.200000 2.985841 -1.661169 3.717830
 72.400000 2.934935 -1.704273 1.358838
 72.600000 2.970702 -1.821417 2.901331
 72.800000 3.008467 -1.796686 2.176032
 73.000000 2.977019 -1.756624 0.113377
 73.200000 3.022385 -1.737484 1.561200
 73.400000 3.077759 -1.743724 6.128505
 73.600000 3.019402 -1.744121 1.370595
 73.800000 2.969249 -1.707582 0.714833
 74.000000 3.007361 -1.724788 1.023086
 74.200000 2.995477 -1.827139 3.750144
 74.400000 2.973026 -1.767890 0.272293
 74.600000 2.972611 -1.753899 0.052127
 74.800000 3.000180 -1.775908 1.015996
 75.000000 2.941183 -1.760017 0.442680
 75.200000 2.965012 -1.708992 0.662297
 75.400000 2.995487 -1.658389 4.183350
 75.600000 3.005521 -1.749680 0.749099
 75.800000 3.029434 -1.740549 1.956725
 76.000000 2.984952 -1.739732 0.175736
 76.200000 2.957206 -1.839301 4.463913
 76.400000 2.988769 -1.814188 2.606426
 76.600000 3.019143 -1.789485 2.331194
 76.800000 2.991233 -1.778618 0.846250
 77.000000 2.957280 -1.729496 0.173160
 77.200000 3.028307 -1.763809 2.046381
 77.400000 3.052284 -1.750127 3.643081
 77.600000 2.985568 -1.750595 0.185140
 77.800000 3.028515 -1.800230 3.395395
 78.000000 2.999455 -1.804528 2.276952
 78.200000 3.066195 -1.796856 6.241418
 78.400000 3.022881 -1.745135 1.558027
 78.600000 3.030861 -1.702356 2.958660
 78.800000 3.036573 -1.780387 3.030595
 79.000000 3.046066 -1.727908 3.272744
 79.200000 2.954776 -1.762314 0.219682
 79.400000 3.014434 -1.776821 1.618004
 79.600000 3.060548 -1.739133 4.389248
 79.800000 2.996319 -1.769707 0.725180
 80.000000 2.978766 -1.719789 0.394680
 80.200000 3.049689 -1.731712 3.506527
 80.400000 3.015802 -1.782700 1.886168
 80.600000 3.039273 -1.735958 2.651266
 80.800000 3.029426 -1.792583 3.061226
 81.000000 3.019270 -1.775018 1.803695
 81.200000 3.006670 -1.794306 1.983852
 81.400000 3.015301 -1.768874 1.440769
 81.600000 2.927409 -1.725797 0.976859
 81.800000 3.024135 -1.675146 4.091618
 82.000000 2.948263 -1.727056 0.343628
 82.200000 2.937866 -1.759293 0.523638
 82.400000 3.039677 -1.730121 2.752268
 82.600000 3.043205 -1.729162 3.029706
 82.800000 3.036346 -1.796393 3.704039
 83.000000 2.979573 -1.681154 2.137495
 83.200000 2.973537 -1.702272 0.947947
 83.400000 2.960902 -1.709371 0.665467
 83.600000 2.956564 -1.739859 0.070045
 83.800000 2.928344 -1.751918 0.771170
 84.000000 2.973264 -1.652871 4.293466
 84.200000 3.030874 -1.650676 6.515677
 84.400000 3.049553 -1.695881 4.625139
 84.600000 3.089249 -1.627872 14.363291
 84.800000 3.059599 -1.626025 11.398489
 85.000000 2.939192 -1.719404 0.724343
 85.200000 2.960958 -1.697289 1.172546
 85.400000 3.053894 -1.725594 3.964804
 85.600000 2.998295 -1.692213 1.898472
 85.800000 3.005699 -1.695080 2.008986
 86.000000 3.030491 -1.711462 2.585212
 86.200000 2.967636 -1.695997 1.216992
 86.400000 2.983515 -1.802771 1.785179
 86.600000 3.008323 -1.763604 1.018321
 86.800000 3.003601 -1.775111 1.111120
 87.000000 2.974865 -1.811919 2.247586
 87.200000 3.018926 -1.661204 4.883568
 87.400000 2.987671 -1.690208 1.731585
 87.600000 2.971675 -1.636159 5.969686
 87.800000 3.010599 -1.594557 12.314010
 88.000000 2.987610 -1.639819 5.777382
 88.200000 3.026191 -1.618921 9.737693
 88.400000 3.023630 -1.700654 2.598017
 88.600000 2.966625 -1.724470 0.217639
 88.800000 2.919467 -1.764392 1.314228
 89.000000 3.013853 -1.690395 2.603721
 89.200000 3.058848 -1.681729 6.235023
 89.400000 3.045681 -1.771485 3.432716
 89.600000 2.997338 -1.773071 0.843195
 89.800000 2.931877 -1.680226 2.738137
 90.000000 3.006210 -1.697447 1.912761
 90.200000 3.063010 -1.706700 5.349353
 90.400000 2.981673 -1.712735 0.637968
 90.600000 2.960215 -1.691428 1.476121
 90.800000 3.051364 -1.680306 5.667603
 91.000000 3.029098 -1.704817 2.745015
 91.200000 2.975693 -1.767939 0.292872
 91.400000 2.955134 -1.738263 0.096081
 91.600000 2.972873 -1.693694 1.350007
 91.800000 2.970158 -1.710612 0.607451
 92.000000 3.058543 -1.716100 4.611751
 92.200000 3.054378 -1.675016 6.284209
 92.400000 2.986032 -1.677622 2.472108
 92.600000 2.986958 -1.725718 0.390275
 92.800000 3.059696 -1.724586 4.505830
 93.000000 3.018983 -1.794221 2.543232
 93.200000 2.974727 -1.752803 0.057320
 93.400000 3.045347 -1.771692 3.411962
 93.600000 3.027713 -1.774995 2.279403
 93.800000 3.025115 -1.726963 1.853858
 94.000000 2.934654 -1.732774 0.603890
 94.200000 3.093034 -1.872995 16.084150
 94.400000 3.048609 -1.801913 4.926024
 94.600000 3.070123 -1.721263 5.600612
 94.800000 3.068563 -1.763718 5.320543
 95.000000 3.060124 -1.815006 6.757945
 95.200000 3.098767 -1.761948 8.811492
 95.400000 3.120335 -1.762967 11.902151
 95.600000 3.045084 -1.788547 3.977782
 95.800000 3.031312 -1.739428 2.081573
 96.000000 3.031720 -1.704125 2.939367
 96.200000 3.055572 -1.782963 4.625381
 96.400000 2.999790 -1.808523 2.532343
 96.600000 3.059068 -1.736798 4.269180
 96.800000 3.007943 -1.758459 0.921916
 97.000000 2.982787 -1.788834 1.070004
 97.200000 3.056884 -1.797254 5.382311
 97.400000 3.089457 -1.732259 7.576014
 97.600000 2.926563 -1.795854 2.096381
 97.800000 3.023818 -1.736942 1.645917
 98.000000 3.023096 -1.704891 2.387632
 98.200000 3.067518 -1.674476 7.556036
 98.400000 3.009020 -1.754459 0.922000
 98.600000 2.993958 -1.778271 0.904321
 98.800000 3.078830 -1.841141 10.836296
 99.000000 2.978602 -1.825628 3.290537
 99.200000 3.025006 -1.772682 2.052949
 99.400000 2.978930 -1.791757 1.148213
 99.600000 3.033239 -1.722090 2.459891
 99.800000 3.042570 -1.757552 2.925622
 100.000000 3.033592 -1.754632 2.256571
 100.200000 3.040440 -1.766701 2.920677
 100.400000 3.021403 -1.766355 1.697625
 100.600000 2.956888 -1.845518 5.070628
 100.800000 3.058804 -1.858515 10.613983
 101.000000 3.099860 -1.756770 8.883463
 101.200000 3.085143 -1.748370 6.976497
 101.400000 3.027922 -1.703143 2.741957
 101.600000 3.018739 -1.711737 1.899619
 101.800000 2.988712 -1.700638 1.233038
 102.000000 2.962375 -1.681519 2.046815
 102.200000 3.010421 -1.724599 1.154987
 102.400000 2.929906 -1.733487 0.760317
 102.600000 2.918057 -1.756406 1.261992
 102.800000 2.992330 -1.788949 1.270629
 103.000000 2.905345 -1.760961 2.026517
 103.200000 2.958083 -1.789737 1.026313
 103.400000 3.013748 -1.705502 1.883003
 103.600000 2.958168 -1.761761 0.174529
 103.800000 2.989370 -1.751567 0.268318
 104.000000 3.022526 -1.691183 3.004156
 104.200000 2.949978 -1.763000 0.302026
 104.400000 2.952124 -1.743742 0.112804
 104.600000 2.981149 -1.786178 0.933549
 104.800000 2.933486 -1.794394 1.767301
 105.000000 2.970111 -1.747918 0.008005
 105.200000 3.001207 -1.809377 2.634030
 105.400000 3.087278 -1.731391 7.323344
 105.600000 3.040068 -1.775073 3.107444
 105.800000 3.108870 -1.767787 10.307245
 106.000000 3.042031 -1.742854 2.813387
 106.200000 3.006669 -1.840348 5.298726
 106.400000 3.022609 -1.808750 3.553939
 106.600000 3.018056 -1.678020 3.565583
 106.800000 2.988159 -1.750095 0.233956
 107.000000 3.068353 -1.581128 18.611233
 107.200000 2.966234 -1.630582 6.583824
 107.400000 3.001722 -1.671704 3.311110
 107.600000 3.016087 -1.667228 4.251739
 107.800000 2.937522 -1.755746 0.490492
 108.000000 2.979401 -1.661983 3.549448
 108.200000 3.066425 -1.698521 6.032227
 108.400000 2.968833 -1.741864 0.007574
 108.600000 2.973053 -1.697666 1.153831
 108.800000 3.058546 -1.717011 4.585814
 109.000000 2.999731 -1.770029 0.838735
 109.200000 3.052347 -1.743687 3.638306
 109.400000 3.009899 -1.767826 1.170655
 109.600000 2.953234 -1.794163 1.287946
 109.800000 3.011474 -1.773103 1.372005
 110.000000 3.033581 -1.703901 3.070666
 110.200000 2.946427 -1.740123 0.226418
 110.400000 2.981787 -1.737298 0.140695
 110.600000 3.107537 -1.665508 13.052685
 110.800000 2.924772 -1.727153 1.059296
 111.000000 2.971863 -1.759549 0.112634
 111.200000 2.984931 -1.750640 0.173796
 111.400000 3.005805 -1.780771 1.378676
 111.600000 3.003206 -1.689485 2.212542
 111.800000 3.065146 -1.678611 7.036074
 112.000000 3.018927 -1.630921 7.889794
 112.200000 3.014782 -1.656973 5.042115
 112.400000 3.007905 -1.763449 0.998325
 112.600000 2.991705 -1.732241 0.389350
 112.800000 3.058637 -1.750623 4.207195
 113.000000 2.947813 -1.750735 0.199838
 113.200000 2.936357 -1.716461 0.888026
 113.400000 3.050054 -1.747935 3.447428
 113.600000 2.987708 -1.717708 0.594640
 113.800000 3.040788 -1.661422 6.238140
 114.000000 3.014479 -1.607269 10.654588
 114.200000 3.029674 -1.638218 7.696700
 114.400000 3.021456 -1.753200 1.510464
 114.600000 2.978486 -1.712521 0.603462
 114.800000 2.961076 -1.730397 0.129397
 115.000000 2.920495 -1.775099 1.527245
 115.200000 2.988174 -1.740825 0.233054
 115.400000 3.023042 -1.759922 1.673461
 115.600000 3.008457 -1.727725 1.011820
 115.800000 3.019495 -1.679580 3.536208
 116.000000 2.929555 -1.781240 1.348097
 116.200000 2.892076 -1.708071 3.505382
 116.400000 3.046598 -1.743951 3.164107
 116.600000 3.030797 -1.716361 2.450812
 116.800000 2.951983 -1.756916 0.180781
 117.000000 3.070645 -1.693209 6.723269
 117.200000 2.954783 -1.726830 0.246461
 117.400000 3.029965 -1.792321 3.082635
 117.600000 3.042819 -1.723134 3.116014
 117.800000 3.060661 -1.720160 4.697369
 118.000000 3.015073 -1.782791 1.854325
 118.200000 2.996637 -1.685091 2.251761
 118.400000 2.979681 -1.731745 0.171921
 118.600000 3.082889 -1.716013 7.137904
 118.800000 2.981827 -1.703471 0.985075
 119.000000 2.980542 -1.682579 2.059684
 119.200000 3.040704 -1.772415 3.078516
 119.400000 3.021138 -1.798222 2.861060
 119.600000 3.042245 -1.739102 2.845777
 119.800000 3.022804 -1.739502 1.570693
 120.000000 3.041897 -1.713914 3.293744
 120.200000 3.024828 -1.725662 1.862010
 120.400000 2.939653 -1.796315 1.675309
 120.600000 2.992624 -1.790960 1.367832
 120.800000 3.084798 -1.800242 8.438860
 121.000000 3.037198 -1.886563 12.433161
 121.200000 3.055957 -1.744164 3.952036
 121.400000 3.013258 -1.726583 1.242846
 121.600000 3.108520 -1.716142 10.431403
 121.800000 2.992316 -1.705532 1.110865
 122.000000 3.027708 -1.679621 3.997895
 122.200000 2.926236 -1.669986 3.671544
 122.400000 2.945906 -1.722863 0.476108
 122.600000 2.982151 -1.741536 0.121073
 122.800000 3.059042 -1.721683 4.509940
 123.000000 2.962652 -1.770705 0.331672
 123.200000 2.986533 -1.748253 0.193871
 123.400000 3.112837 -1.684557 12.472158
 123.600000 3.072535 -1.785279 6.360445
 123.800000 3.055134 -1.786648 4.732107
 124.000000 2.996027 -1.794232 1.615295
 124.200000 2.994110 -1.798526 1.780798
 124.400000 3.083203 -1.774373 7.166372
 124.600000 3.058510 -1.843994 9.048923
 124.800000 2.990233 -1.813073 2.563128
 125.000000 3.051494 -1.801636 5.149821
 125.200000 3.023368 -1.857233 7.846592
 125.400000 3.042339 -1.748210 2.837643
 125.600000 2.974646 -1.748272 0.033102
 125.800000 2.969285 -1.768835 0.278744
 126.000000 2.978801 -1.728149 0.216516
 126.200000 2.974506 -1.707232 0.753418
 126.400000 2.989347 -1.708990 0.908642
 126.600000 3.045220 -1.680003 5.188290
 126.800000 2.946116 -1.742733 0.222682
 127.000000 2.999075 -1.655600 4.538119
 127.200000 3.053890 -1.677088 6.098256
 127.400000 2.987333 -1.724409 0.424337
 127.600000 2.946198 -1.597619 11.126733
 127.800000 3.033981 -1.646026 7.169832
 128.000000 3.003881 -1.658436 4.453143
 128.200000 3.001846 -1.703032 1.499557
 128.400000 3.050538 -1.700172 4.503899
 128.600000 2.965768 -1.674234 2.528084
 128.800000 2.960354 -1.723406 0.262793
 129.000000 2.994242 -1.782213 1.049644
 129.200000 3.090095 -1.741612 7.575803
 129.400000 2.983358 -1.770047 0.438307
 129.600000 3.011647 -1.734256 1.055311
 129.800000 3.103018 -1.714896 9.705435
 130.000000 3.093385 -1.703560 8.851421
 130.200000 3.011052 -1.805965 2.806012
 130.400000 3.016281 -1.803443 2.899981
 130.600000 2.974586 -1.789698 1.012637
 130.800000 2.986919 -1.784022 0.945740
 131.000000 2.999038 -1.821969 3.448148
 131.200000 3.013803 -1.771859 1.444360
 131.400000 3.025037 -1.742593 1.684448
 131.600000 2.903879 -1.716715 2.405309
 131.800000 3.018601 -1.832046 5.088121
 132.000000 3.015694 -1.773795 1.587817
 132.200000 3.043589 -1.773778 3.333042
 132.400000 3.002447 -1.816745 3.176190
 132.600000 3.010954 -1.706000 1.736766
 132.800000 2.945952 -1.722294 0.488072
 133.000000 3.058515 -1.761797 4.317641
 133.200000 2.992118 -1.681374 2.359072
 133.400000 3.035963 -1.714787 2.840287
 133.600000 2.983628 -1.752299 0.161532
 133.800000 3.004749 -1.760246 0.821494
 134.000000 2.978926 -1.838401 4.401596
 134.200000 3.004525 -1.801323 2.269457
 134.400000 2.983317 -1.715205 0.585893
 134.600000 2.933836 -1.673464 3.134199
 134.800000 2.964381 -1.633320 6.276647
 135.000000 2.937080 -1.707272 1.173598
 135.200000 2.926383 -1.668833 3.753160
 135.400000 2.946862 -1.657185 4.088669
 135.600000 2.983479 -1.690924 1.614752
 135.800000 2.941192 -1.647625 5.107606
 136.000000 2.945189 -1.675557 2.673241
 136.200000 2.938125 -1.655088 4.490321
 136.400000 3.010101 -1.728774 1.063294
 136.600000 2.984525 -1.668518 3.102530
 136.800000 2.962149 -1.679689 2.166361
 137.000000 2.943235 -1.753994 0.321352
 137.200000 3.031515 -1.624992 9.317828
 137.400000 3.004106 -1.736301 0.726975
 137.600000 2.995697 -1.798916 1.845781
 137.800000 2.956128 -1.684063 1.936500
 138.000000 3.024939 -1.777370 2.188309
 138.200000 2.879928 -1.748980 3.802615
 138.400000 3.028374 -1.755454 1.931001
 138.600000 3.047271 -1.746690 3.217829
 138.800000 2.972117 -1.793835 1.189204
 139.000000 3.082644 -1.764329 6.860305
 139.200000 3.068602 -1.787563 6.047305
 139.400000 3.034324 -1.753061 2.292125
 139.600000 3.005981 -1.830900 4.418627
 139.800000 2.971936 -1.782370 0.697887
 140.000000 3.010838 -1.725921 1.146594
 140.200000 3.028852 -1.731756 2.001249
 140.400000 2.987988 -1.734622 0.276326
 140.600000 3.108597 -1.683420 11.932810
 140.800000 3.036155 -1.689880 3.924401
 141.000000 3.062822 -1.815635 7.056645
 141.200000 3.034269 -1.822854 5.263586
 141.400000 3.011277 -1.827026 4.314761
 141.600000 3.011541 -1.848181 6.278475
 141.800000 2.979197 -1.745004 0.073704
 142.000000 3.031583 -1.771917 2.435109
 142.200000 3.089022 -1.778084 7.973873
 142.400000 3.071718 -1.791379 6.536938
 142.600000 3.044220 -1.856811 9.190971
 142.800000 2.995182 -1.863239 7.346791
 143.000000 2.940826 -1.829162 3.858045
 143.200000 2.986175 -1.750373 0.195420
 143.400000 3.077361 -1.779386 6.663133
 143.600000 3.110750 -1.725945 10.511326
 143.800000 3.006842 -1.813936 3.144714
 144.000000 3.053319 -1.798526 5.135241
 144.200000 3.066882 -1.812520 7.239565
 144.400000 2.952591 -1.828571 3.569257
 144.600000 2.988920 -1.790905 1.277523
 144.800000 3.047322 -1.760297 3.333016
 145.000000 3.045107 -1.711842 3.606370
 145.200000 3.094051 -1.770887 8.390029
 145.400000 3.056355 -1.773146 4.373706
 145.600000 2.956890 -1.815592 2.520165
 145.800000 3.031127 -1.827213 5.404791
 146.000000 3.017142 -1.804632 3.012547
 146.200000 2.927147 -1.835779 4.887079
 146.400000 3.074521 -1.733067 5.849166
 146.600000 3.133378 -1.677830 16.108890
 146.800000 2.974321 -1.771703 0.374163
 147.000000 2.964021 -1.741296 0.012751
 147.200000 3.096338 -1.656458 12.305521
 147.400000 2.930247 -1.848832 6.033969
 147.600000 3.029678 -1.785500 2.767342
 147.800000 3.026801 -1.730718 1.891279
 148.000000 3.117865 -1.756613 11.434805
 148.200000 2.991082 -1.774405 0.711235
 148.400000 3.076336 -1.746623 5.971522
 148.600000 2.966499 -1.795285 1.247941
 148.800000 3.016460 -1.787755 2.120174
 149.000000 3.028986 -1.774662 2.347655
 149.200000 3.041423 -1.717936 3.140153
 149.400000 3.038698 -1.752851 2.594279
 149.600000 3.047061 -1.686536 4.928423
 149.800000 3.031327 -1.714838 2.530027
 150.000000 2.981526 -1.779091 0.674559
 150.200000 2.977098 -1.769761 0.348853
 150.400000 2.953603 -1.812105 2.320040
 150.600000 3.015471 -1.838297 5.493372
 150.800000 3.012571 -1.772644 1.408703
 151.000000 3.043521 -1.789090 3.880630
 151.200000 3.033888 -1.716478 2.649202
 151.400000 3.092637 -1.696575 9.073348
 151.600000 2.999972 -1.702753 1.447945
 151.800000 2.981430 -1.708540 0.779957
 152.000000 2.914508 -1.783726 2.118017
 152.200000 3.004477 -1.716578 1.113372
 152.400000 3.004834 -1.742005 0.718985
 152.600000 2.993501 -1.766901 0.582246
 152.800000 3.002907 -1.725324 0.842620
 153.000000 3.082780 -1.751201 6.712788
 153.200000 2.988567 -1.799970 1.724088
 153.400000 3.021690 -1.683260 3.418562
 153.600000 2.967655 -1.765727 0.208220
 153.800000 3.032276 -1.819393 4.869318
 154.000000 3.086447 -1.781899 7.795350
 154.200000 3.091484 -1.757756 7.817937
 154.400000 3.050580 -1.768619 3.759029
 154.600000 3.070373 -1.708647 6.009603
 154.800000 3.043077 -1.748469 2.894214
 155.000000 3.070587 -1.689163 6.936224
 155.200000 2.959142 -1.701516 0.991125
 155.400000 3.002345 -1.700025 1.648765
 155.600000 2.964234 -1.723981 0.231864
 155.800000 2.898206 -1.889395 12.747902
 156.000000 3.023558 -1.837561 5.849318
 156.200000 3.006277 -1.752380 0.793871
 156.400000 2.986698 -1.772484 0.561515
 156.600000 2.972095 -1.693686 1.346175
 156.800000 3.093726 -1.683579 9.928689
 157.000000 2.928766 -1.716065 1.161402
 157.200000 2.938938 -1.690965 1.873141
 157.400000 3.026216 -1.712217 2.297968
 157.600000 3.010445 -1.742656 0.944698
 157.800000 3.000276 -1.808859 2.569709
 158.000000 3.059402 -1.707464 4.980404
 158.200000 2.923203 -1.729618 1.085139
 158.400000 3.084945 -1.721386 7.235137
 158.600000 2.948362 -1.686082 1.929944
 158.800000 3.017115 -1.656132 5.230892
 159.000000 2.951744 -1.751298 0.135100
 159.200000 2.944537 -1.720214 0.569028
 159.400000 2.965127 -1.757010 0.070092
 159.600000 2.992123 -1.755842 0.369350
 159.800000 3.011810 -1.726225 1.183771
 160.000000 3.017164 -1.728297 1.400269
 160.200000 3.073943 -1.759603 5.813895
 160.400000 3.063576 -1.720187 4.973748
 160.600000 3.047230 -1.755712 3.267515
 160.800000 3.037234 -1.754195 2.501529
 161.000000 3.011483 -1.706249 1.750346
 161.200000 2.928441 -1.691096 2.216328
 161.400000 2.968961 -1.724055 0.228113
 161.600000 3.008478 -1.735199 0.909045
 161.800000 3.012643 -1.664652 4.293315
 162.000000 3.029372 -1.675536 4.376942
 162.200000 3.021759 -1.689004 3.082247
 162.400000 3.059144 -1.670043 7.073790
 162.600000 3.030105 -1.696739 3.167890
 162.800000 2.987768 -1.707102 0.945066
 163.000000 2.970571 -1.729108 0.137726
 163.200000 2.954140 -1.739819 0.098638
 163.400000 3.017878 -1.688749 2.891933
 163.600000 3.063028 -1.678062 6.867433
 163.800000 2.921730 -1.690403 2.535800
 164.000000 2.888375 -1.680403 5.203308
 164.200000 2.950319 -1.675241 2.596341
 164.400000 2.953655 -1.695453 1.333670
 164.600000 2.997247 -1.704765 1.278365
 164.800000 2.969882 -1.673670 2.571532
 165.000000 3.004554 -1.805734 2.527298
 165.200000 3.011095 -1.807638 2.910741
 165.400000 3.015725 -1.720192 1.500070
 165.600000 3.026339 -1.796612 3.071962
 165.800000 2.970854 -1.764378 0.188622
 166.000000 3.086667 -1.809047 9.182951
 166.200000 3.030678 -1.756810 2.089528
 166.400000 2.906540 -1.755080 1.878862
 166.600000 2.949405 -1.722971 0.405796
 166.800000 3.043848 -1.597127 13.930218
 167.000000 3.006917 -1.726807 0.965826
 167.200000 2.969157 -1.687741 1.660389
 167.400000 3.032610 -1.675504 4.586160
 167.600000 3.058190 -1.780426 4.768247
 167.800000 2.971924 -1.791227 1.065126
 168.000000 3.093132 -1.709859 8.576193
 168.200000 3.023072 -1.813280 3.877331
 168.400000 3.063374 -1.736691 4.675524
 168.600000 3.089244 -1.713616 7.967324
 168.800000 3.071968 -1.700925 6.488677
 169.000000 3.075065 -1.755347 5.882779
 169.200000 3.022537 -1.671735 4.246942
 169.400000 2.918192 -1.727214 1.358094
 169.600000 3.063760 -1.789342 5.644030
 169.800000 2.960488 -1.688820 1.618228
 170.000000 2.971070 -1.781592 0.665533
 170.200000 3.034319 -1.765225 2.459802
 170.400000 3.052979 -1.719465 4.025558
 170.600000 3.002144 -1.738342 0.639866
 170.800000 3.066407 -1.714554 5.408485
 171.000000 2.991065 -1.814226 2.661483
 171.200000 2.873427 -1.792190 5.481525
 171.400000 3.042960 -1.791164 3.930865
 171.600000 3.093308 -1.827458 11.341854
 171.800000 2.912156 -1.786435 2.352068
 172.000000 3.015658 -1.803490 2.872221
 172.200000 3.080591 -1.727853 6.597332
 172.400000 2.967756 -1.748880 0.006547
 172.600000 2.983275 -1.809985 2.221640
 172.800000 2.990693 -1.695049 1.543341
 173.000000 2.928903 -1.731902 0.818114
 173.200000 2.891674 -1.687419 4.518313
 173.400000 2.969338 -1.747675 0.005346
 173.600000 2.980467 -1.744523 0.090197
 173.800000 2.939633 -1.681722 2.399053
 174.000000 2.986521 -1.767163 0.427717
 174.200000 2.970997 -1.786198 0.842857
 174.400000 2.969350 -1.746118 0.002933
 174.600000 3.019204 -1.697794 2.489318
 174.800000 2.950391 -1.739897 0.153675
 175.000000 2.982995 -1.695968 1.345225
 175.200000 2.948005 -1.668366 3.143247
 175.400000 2.959237 -1.759790 0.135146
 175.600000 2.990901 -1.743598 0.285700
 175.800000 3.006417 -1.714095 1.262272
 176.000000 3.015839 -1.704795 2.011213
 176.200000 3.033881 -1.706364 2.991681
 176.400000 3.056526 -1.777195 4.509845
 176.600000 3.077121 -1.720186 6.372833
 176.800000 3.004080 -1.668140 3.664295
 177.000000 3.055466 -1.769697 4.204691
 177.200000 3.074769 -1.769376 6.089758
 177.400000 2.956014 -1.746370 0.061548
 177.600000 2.963288 -1.756492 0.069413
 177.800000 2.957420 -1.732115 0.133773
 178.000000 3.083232 -1.756952 6.815518
 178.200000 3.024305 -1.735077 1.691061
 178.400000 3.064057 -1.703474 5.580112
 178.600000 2.983236 -1.705516 0.923390
 178.800000 3.037164 -1.750536 2.470879
 179.000000 3.069984 -1.710008 5.920495
 179.200000 3.035930 -1.749741 2.381280
 179.400000 3.009249 -1.777179 1.397179
 179.600000 -3.141277 -1.837049 19.492274
 179.800000 3.020144 -1.831295 5.104031
 180.000000 3.008400 -1.798216 2.253014
 180.200000 3.009662 -1.756727 0.972421
 180.400000 2.979797 -1.727520 0.239705
 180.600000 2.979930 -1.715136 0.538644
 180.800000 3.013097 -1.687392 2.738075
 181.000000 3.014803 -1.640510 6.633223
 181.200000 2.939704 -1.699655 1.417231
 181.400000 2.990838 -1.695963 1.501249
 181.600000 2.921831 -1.724304 1.243834
 181.800000 2.970581 -1.672029 2.692671
 182.000000 2.970273 -1.689716 1.551575
 182.200000 3.042780 -1.723797 3.098609
 182.400000 2.986630 -1.783664 0.926258
 182.600000 3.044856 -1.762836 3.179380
 182.800000 3.018264 -1.797786 2.686767
 183.000000 3.027928 -1.844413 6.761288
 183.200000 3.027026 -1.716539 2.212395
 183.400000 2.943015 -1.755190 0.337697
 183.600000 3.022587 -1.798042 2.930939
 183.800000 3.043762 -1.711194 3.524214
 184.000000 3.036098 -1.761816 2.519056
 184.200000 2.972118 -1.813045 2.305472
 184.400000 3.038166 -1.793561 3.691184
 184.600000 3.019900 -1.859115 7.869603
 184.800000 3.119570 -1.782036 12.303431
 185.000000 3.068752 -1.782029 5.844158
 185.200000 2.942842 -1.781807 0.958560
 185.400000 2.959632 -1.757370 0.100080
 185.600000 3.078872 -1.725797 6.441724
 185.800000 2.960249 -1.740518 0.034766
 186.000000 3.036657 -1.792885 3.552671
 186.200000 2.977391 -1.675570 2.486572
 186.400000 3.017537 -1.722773 1.528369
 186.600000 2.997797 -1.744871 0.472508
 186.800000 2.973288 -1.732649 0.099792
 187.000000 2.904449 -1.746959 1.961375
 187.200000 3.049653 -1.746820 3.411899
 187.400000 2.982368 -1.769722 0.414674
 187.600000 3.009917 -1.729813 1.038770
 187.800000 2.991726 -1.744510 0.304556
 188.000000 3.051349 -1.791259 4.607154
 188.200000 3.028855 -1.753440 1.942195
 188.400000 3.067866 -1.762105 5.221671
 188.600000 3.080547 -1.707954 7.138136
 188.800000 2.983125 -1.771280 0.465765
 189.000000 3.025387 -1.793601 2.866150
 189.200000 3.035865 -1.770335 2.679711
 189.400000 3.005989 -1.761266 0.884721
 189.600000 3.041719 -1.765176 2.983986
 189.800000 3.039807 -1.749176 2.653484
 190.000000 2.988288 -1.790969 1.266815
 190.200000 3.026603 -1.751198 1.789933
 190.400000 3.065414 -1.695354 6.085560
 190.600000 3.033521 -1.792958 3.342854
 190.800000 3.016146 -1.752332 1.229262
 191.000000 2.984015 -1.779299 0.720733
 191.200000 3.004388 -1.779936 1.295512
 191.400000 3.057405 -1.753179 4.111952
 191.600000 3.065719 -1.845095 9.843448
 191.800000 3.049697 -1.778434 3.962386
 192.000000 2.948559 -1.767811 0.423855
 192.200000 2.970097 -1.686666 1.725304
 192.400000 2.919540 -1.669428 4.009556
 192.600000 2.938607 -1.660062 4.040037
 192.800000 2.960215 -1.698412 1.124052
 193.000000 3.030830 -1.722093 2.303260
 193.200000 2.992472 -1.758679 0.412016
 193.400000 3.067956 -1.703570 5.961932
 193.600000 3.045730 -1.760974 3.216899
 193.800000 3.019713 -1.640235 6.908624
 194.000000 2.983503 -1.726399 0.314368
 194.200000 3.029926 -1.715171 2.430875
 194.400000 3.035443 -1.675393 4.783664
 194.600000 3.089734 -1.734564 7.582487
 194.800000 3.048925 -1.672363 6.013032
 195.000000 2.962555 -1.671240 2.754721
 195.200000 2.985012 -1.771229 0.496540
 195.400000 2.985939 -1.701348 1.145390
 195.600000 3.002164 -1.741262 0.624422
 195.800000 3.035204 -1.772129 2.680904
 196.000000 3.022688 -1.760667 1.664888
 196.200000 3.065331 -1.711953 5.385581
 196.400000 3.034872 -1.696839 3.474930
 196.600000 3.023190 -1.768450 1.842602
 196.800000 3.001814 -1.719000 0.950537
 197.000000 2.947966 -1.732517 0.264377
 197.200000 3.024937 -1.776056 2.146940
 197.400000 3.010104 -1.718318 1.291183
 197.600000 2.973499 -1.758894 0.112737
 197.800000 3.069895 -1.735072 5.340117
 198.000000 3.034790 -1.702995 3.189800
 198.200000 2.989488 -1.764348 0.432359
 198.400000 2.996255 -1.763297 0.587591
 198.600000 2.988658 -1.775584 0.690928
 198.800000 3.040929 -1.748228 2.732521
 199.000000 2.959463 -1.732605 0.109809
 199.200000 3.065552 -1.657917 8.670748
 199.400000 3.003373 -1.710889 1.252404
 199.600000 3.014932 -1.786378 1.988366
 199.800000 2.990800 -1.694068 1.595667
 200.000000 2.954424 -1.726337 0.260176
