#! FIELDS time phi psi restraint.bias
#! SET min_phi -pi
#! SET max_phi pi
#! SET min_psi -pi
#! SET max_psi pi
 0.000000 -1.361810 2.059288 59.210468
 0.200000 -1.133378 1.904316 3.834358
 0.400000 -0.981928 1.932713 2.212636
 0.600000 -1.033969 1.939124 0.273013
 0.800000 -1.072472 1.959859 1.119280
 1.000000 -0.957548 1.860311 5.791702
 1.200000 -1.025990 1.957695 0.940550
 1.400000 -1.050739 1.878423 0.864866
 1.600000 -1.107842 1.903751 1.968682
 1.800000 -1.080660 1.902184 0.716111
 2.000000 -1.065818 1.922534 0.176922
 2.200000 -1.020068 1.887716 0.884677
 2.400000 -1.098781 1.901595 1.497282
 2.600000 -1.047253 1.948257 0.403135
 2.800000 -1.155322 2.013303 10.211062
 3.000000 -1.073450 1.932202 0.420740
 3.200000 -0.964708 1.822299 8.161545
 3.400000 -1.063703 1.994059 2.888764
 3.600000 -1.056270 1.929800 0.090540
 3.800000 -1.022498 1.870725 1.512267
 4.000000 -0.983624 1.959457 2.804682
 4.200000 -1.035850 1.944447 0.366581
 4.400000 -0.984420 1.861413 3.678641
 4.600000 -1.068913 1.891451 0.639364
 4.800000 -1.101046 1.905286 1.556048
 5.000000 -1.146649 1.939656 5.141178
 5.200000 -1.079867 1.830898 4.490907
 5.400000 -1.147356 1.934214 5.118881
 5.600000 -1.159619 1.891487 6.721860
 5.800000 -1.175745 1.970961 9.567786
 6.000000 -1.095492 1.822731 5.883386
 6.200000 -1.063070 1.891916 0.516445
 6.400000 -1.059537 1.897455 0.327186
 6.600000 -1.048885 1.898500 0.229589
 6.800000 -1.023776 1.834756 3.895848
 7.000000 -1.091331 1.987534 3.263652
 7.200000 -1.127770 1.881330 3.988343
 7.400000 -1.051517 1.886410 0.568848
 7.600000 -1.086192 1.936825 0.904162
 7.800000 -1.103628 1.847351 4.221155
 8.000000 -1.120521 1.871770 3.844645
 8.200000 -1.085426 1.910423 0.775251
 8.400000 -1.038479 1.936572 0.177610
 8.600000 -1.124349 1.910818 3.017063
 8.800000 -1.069758 1.895955 0.540270
 9.000000 -1.107337 1.962499 2.717353
 9.200000 -1.052465 1.889879 0.463369
 9.400000 -1.111555 1.902704 2.218111
 9.600000 -1.061219 1.886188 0.665265
 9.800000 -1.065465 1.866084 1.612883
 10.000000 -1.012816 1.961906 1.474866
 10.200000 -1.060591 1.893394 0.439969
 10.400000 -1.059832 1.911343 0.116106
 10.600000 -1.112474 1.954532 2.731514
 10.800000 -1.026563 1.937439 0.367364
 11.000000 -1.082675 1.983508 2.654740
 11.200000 -1.050658 2.034817 6.613238
 11.400000 -1.005755 1.927860 0.890733
 11.600000 -1.071561 1.926374 0.317988
 11.800000 -1.035582 1.924681 0.079076
 12.000000 -1.008029 1.977991 2.456563
 12.200000 -1.079891 1.967102 1.650261
 12.400000 -1.015892 1.901485 0.658888
 12.600000 -1.086089 1.920253 0.756348
 12.800000 -1.119818 2.028080 8.492459
 13.000000 -1.044871 1.947307 0.379310
 13.200000 -1.118258 1.906819 2.609884
 13.400000 -1.020516 1.964929 1.371460
 13.600000 -1.039391 1.929681 0.078679
 13.800000 -1.012701 1.874804 1.610135
 14.000000 -0.988802 1.855989 3.744908
 14.200000 -1.021530 1.934738 0.440055
 14.400000 -1.060413 1.938880 0.268172
 14.600000 -1.130875 1.903085 3.641724
 14.800000 -1.107747 1.885252 2.432046
 15.000000 -1.116903 1.830458 6.425917
 15.200000 -1.047811 1.814395 5.561890
 15.400000 -1.099793 1.885357 1.978471
 15.600000 -1.074105 1.887916 0.872275
 15.800000 -1.001415 1.916863 1.052499
 16.000000 -1.120440 1.901598 2.849004
 16.200000 -1.144427 1.895101 5.033311
 16.400000 -1.047517 1.809085 6.135838
 16.600000 -1.032003 1.902502 0.266127
 16.800000 -1.154993 1.891039 6.225309
 17.000000 -1.071771 1.887803 0.815829
 17.200000 -1.037237 1.819120 5.124105
 17.400000 -1.070325 1.917120 0.271202
 17.600000 -1.111839 1.887976 2.597615
 17.800000 -1.005165 1.840760 4.011941
 18.000000 -1.126244 1.880760 3.888642
 18.200000 -1.118144 1.932784 2.600210
 18.400000 -1.029121 1.879545 0.976118
 18.600000 -1.075314 1.871748 1.552723
 18.800000 -1.126414 1.994102 5.893445
 19.000000 -1.142022 1.889129 4.968145
 19.200000 -1.009516 1.862160 2.374695
 19.400000 -1.050052 1.955186 0.627948
 19.600000 -1.137675 1.959590 4.882210
 19.800000 -0.989517 1.859559 3.481766
 20.000000 -0.973366 1.912604 2.751921
 20.200000 -1.027086 1.916641 0.207425
 20.400000 -1.047042 1.943737 0.285025
 20.600000 -1.024456 1.855105 2.355369
 20.800000 -1.092774 1.927984 1.071611
 21.000000 -1.009858 1.969249 1.916629
 21.200000 -1.034450 1.945264 0.403890
 21.400000 -1.014381 1.920676 0.538785
 21.600000 -1.038576 1.903162 0.176610
 21.800000 -1.113477 1.956392 2.863691
 22.000000 -1.044994 1.947119 0.373892
 22.200000 -1.046303 1.932094 0.075205
 22.400000 -1.102523 1.984213 3.600991
 22.600000 -1.094768 1.867658 2.494093
 22.800000 -0.991536 1.956560 2.222459
 23.000000 -1.043708 1.961799 0.885419
 23.200000 -1.165773 1.930202 7.083574
 23.400000 -1.018502 1.996531 3.350745
 23.600000 -1.050274 1.958114 0.736329
 23.800000 -1.127515 1.947964 3.620310
 24.000000 -1.062819 1.965432 1.160315
 24.200000 -1.059039 1.964983 1.088054
 24.400000 -1.093116 2.014341 5.517422
 24.600000 -1.073928 1.833470 4.089023
 24.800000 -1.009726 1.836965 4.138055
 25.000000 -1.062388 1.917679 0.117761
 25.200000 -1.093549 1.910954 1.113887
 25.400000 -1.048585 1.925740 0.018238
 25.600000 -1.007932 1.928370 0.807087
 25.800000 -1.088469 1.910818 0.892569
 26.000000 -1.086939 2.007090 4.594060
 26.200000 -1.011055 1.882304 1.358477
 26.400000 -1.150798 1.872808 6.473604
 26.600000 -1.112265 1.928287 2.152396
 26.800000 -1.049209 1.871634 1.165000
 27.000000 -1.037970 1.847427 2.665971
 27.200000 -1.111433 1.915357 2.073265
 27.400000 -1.043421 1.950581 0.478958
 27.600000 -1.048106 1.981473 1.898341
 27.800000 -1.042367 1.875086 1.014112
 28.000000 -1.056056 1.969352 1.263866
 28.200000 -1.054991 1.911858 0.062402
 28.400000 -1.144883 1.948954 5.194429
 28.600000 -1.133710 1.927087 3.768336
 28.800000 -0.985693 1.930459 1.947572
 29.000000 -1.111827 1.853578 4.285223
 29.200000 -0.969264 1.952505 3.569586
 29.400000 -1.009546 1.984271 2.783036
 29.600000 -0.975985 1.904736 2.650030
 29.800000 -1.129131 1.850494 5.762544
 30.000000 -0.996564 1.909199 1.338715
 30.200000 -1.078644 1.837242 3.907532
 30.400000 -1.104821 1.969299 2.882199
 30.600000 -1.165451 1.926733 7.015501
 30.800000 -1.012930 1.957922 1.311420
 31.000000 -1.122849 1.970388 4.138023
 31.200000 -1.087203 1.917778 0.802395
 31.400000 -1.066907 1.911528 0.228952
 31.600000 -0.994382 1.913524 1.414840
 31.800000 -1.081002 1.811134 6.482241
 32.000000 -0.972251 1.968151 3.974370
 32.200000 -1.135651 1.931899 3.984478
 32.400000 -1.012819 1.908674 0.653536
 32.600000 -1.105027 1.940132 1.877548
 32.800000 -1.016666 1.904014 0.591662
 33.000000 -1.125838 1.963686 4.052421
 33.200000 -1.111026 1.944578 2.342496
 33.400000 -1.107222 1.925434 1.816980
 33.600000 -1.045826 1.843103 2.946940
 33.800000 -1.096090 1.933804 1.292430
 34.000000 -1.093282 1.922494 1.065334
 34.200000 -0.954796 1.926026 4.288051
 34.400000 -1.073658 1.831981 4.211601
 34.600000 -1.122164 1.983832 4.856024
 34.800000 -1.120052 1.830093 6.683145
 35.000000 -1.022672 1.910706 0.342665
 35.200000 -1.073347 1.925643 0.358605
 35.400000 -1.129721 1.955537 4.041369
 35.600000 -1.097208 1.966232 2.325564
 35.800000 -1.086349 1.916358 0.772570
 36.000000 -1.077004 1.900864 0.624689
 36.200000 -1.095605 1.871886 2.322529
 36.400000 -1.029595 1.923368 0.161077
 36.600000 -1.058488 1.850866 2.443987
 36.800000 -1.045111 1.847316 2.633618
 37.000000 -1.090029 1.945123 1.236327
 37.200000 -1.070929 1.932499 0.361424
 37.400000 -1.093248 1.919871 1.060317
 37.600000 -1.082512 1.916196 0.630267
 37.800000 -1.116286 1.888478 2.879061
 38.000000 -1.065197 1.909268 0.218104
 38.200000 -1.131248 1.950381 3.997896
 38.400000 -1.069400 1.880763 1.010841
 38.600000 -1.056825 1.874087 1.094006
 38.800000 -1.084138 1.980845 2.541734
 39.000000 -1.048887 1.892389 0.378817
 39.200000 -0.993293 1.845483 4.219026
 39.400000 -1.083901 1.934266 0.777318
 39.600000 -1.102565 1.905558 1.635076
 39.800000 -1.217667 1.917270 14.533323
 40.000000 -1.082311 1.882733 1.305766
 40.200000 -1.004909 1.877159 1.805933
 40.400000 -1.074384 1.915240 0.380226
 40.600000 -0.955729 1.932849 4.267559
 40.800000 -0.974338 1.854187 4.810845
 41.000000 -1.129067 1.947509 3.733477
 41.200000 -1.133221 1.952478 4.231953
 41.400000 -1.033195 1.826693 4.438263
 41.600000 -1.046531 1.893853 0.338470
 41.800000 -1.134076 1.958161 4.507327
 42.000000 -1.012425 1.879250 1.429232
 42.200000 -1.046940 1.896359 0.276239
 42.400000 -1.067577 1.900721 0.390868
 42.600000 -1.105912 1.926918 1.748601
 42.800000 -1.049732 1.853765 2.187627
 43.000000 -1.105783 1.949310 2.149704
 43.200000 -1.075763 1.940392 0.618739
 43.400000 -1.081225 1.867796 1.934378
 43.600000 -1.088043 1.992834 3.496607
 43.800000 -1.026708 1.942174 0.458832
 44.000000 -1.009677 1.934793 0.815354
 44.200000 -1.064587 1.987643 2.448320
 44.400000 -1.042800 1.996180 2.921894
 44.600000 -1.068580 1.918947 0.229025
 44.800000 -1.095571 1.951131 1.658852
 45.000000 -1.105973 1.978327 3.436382
 45.200000 -1.038030 1.918164 0.043464
 45.400000 -1.052494 1.936081 0.145555
 45.600000 -1.031314 1.888526 0.617130
 45.800000 -0.986201 1.975260 3.394710
 46.000000 -1.028706 1.915710 0.179595
 46.200000 -1.017164 2.050893 9.035531
 46.400000 -1.060257 1.953674 0.656885
 46.600000 -0.959653 2.036321 10.613364
 46.800000 -1.071514 2.002423 3.703822
 47.000000 -1.096671 2.009010 5.197441
 47.200000 -1.140651 1.959359 5.146776
 47.400000 -1.029199 1.973597 1.605671
 47.600000 -1.011975 1.954475 1.219319
 47.800000 -1.015749 1.956557 1.167777
 48.000000 -1.017864 1.985751 2.600914
 48.200000 -0.990265 1.972623 3.012505
 48.400000 -1.038789 1.994598 2.828052
 48.600000 -1.058344 1.999109 3.202129
 48.800000 -1.107160 1.989858 4.247451
 49.000000 -1.099497 1.950525 1.837715
 49.200000 -1.066388 1.925230 0.198545
 49.400000 -1.085807 1.886116 1.314730
 49.600000 -1.039370 1.899580 0.236323
 49.800000 -1.058407 1.941594 0.298949
 50.000000 -1.105880 1.943963 2.012240
 50.200000 -1.101026 1.934123 1.550463
 50.400000 -1.090194 1.934684 1.034173
 50.600000 -1.016115 1.814003 6.086139
 50.800000 -1.236723 1.900253 18.152205
 51.000000 -1.090468 1.899589 1.141676
 51.200000 -1.115111 1.898629 2.531519
 51.400000 -1.067233 1.887960 0.709575
 51.600000 -1.108292 1.907104 1.947673
 51.800000 -1.029316 1.857693 2.092408
 52.000000 -1.058038 1.855544 2.127178
 52.200000 -1.114800 1.869134 3.571709
 52.400000 -1.144161 1.912850 4.725581
 52.600000 -1.139590 1.883497 4.929440
 52.800000 -1.048502 1.818032 5.185526
 53.000000 -1.128306 1.970531 4.572967
 53.200000 -1.031798 1.766292 11.910472
 53.400000 -1.097860 1.843477 4.200741
 53.600000 -1.037863 1.883566 0.702291
 53.800000 -1.088744 1.951134 1.352000
 54.000000 -1.067799 1.912808 0.237096
 54.200000 -1.099998 1.912350 1.422152
 54.400000 -1.151935 1.899205 5.698312
 54.600000 -1.089562 1.924179 0.906686
 54.800000 -1.039042 1.818935 5.126437
 55.000000 -1.117987 1.878972 3.341591
 55.200000 -1.078442 1.924238 0.497666
 55.400000 -0.972170 1.904507 2.932482
 55.600000 -1.082797 1.899849 0.833933
 55.800000 -1.075154 1.996859 3.355055
 56.000000 -1.055052 1.953266 0.588765
 56.200000 -0.987800 1.833607 5.484039
 56.400000 -1.015884 1.835216 4.072758
 56.600000 -1.041924 1.915651 0.022771
 56.800000 -1.012105 1.835703 4.157117
 57.000000 -1.070067 1.901718 0.426123
 57.200000 -1.090151 1.905781 1.021617
 57.400000 -1.033022 1.941841 0.342002
 57.600000 -1.105215 1.930491 1.739470
 57.800000 -0.999522 1.897800 1.379840
 58.000000 -1.146485 1.936717 5.071073
 58.200000 -1.118179 1.963240 3.460015
 58.400000 -1.081102 1.862015 2.247886
 58.600000 -1.045516 1.999973 3.210323
 58.800000 -1.057986 1.967305 1.183619
 59.000000 -1.027224 1.905304 0.305439
 59.200000 -1.057047 2.002033 3.424557
 59.400000 -1.072959 2.037137 7.208556
 59.600000 -1.035363 1.937687 0.228892
 59.800000 -1.110124 1.933566 2.073752
 60.000000 -1.106663 1.944478 2.071021
 60.200000 -1.118117 1.868569 3.830285
 60.400000 -1.028756 1.970005 1.427204
 60.600000 -1.120968 1.916114 2.728029
 60.800000 -1.048183 1.983861 2.048382
 61.000000 -1.044651 1.928276 0.038636
 61.200000 -1.084587 1.927716 0.729838
 61.400000 -1.148221 1.861814 6.787698
 61.600000 -1.038471 1.975002 1.558270
 61.800000 -1.033250 1.906458 0.187109
 62.000000 -1.080461 1.922990 0.558116
 62.200000 -1.019637 1.919259 0.379987
 62.400000 -0.953507 1.928632 4.427450
 62.600000 -1.090991 1.936311 1.094231
 62.800000 -1.118623 1.989831 4.998626
 63.000000 -1.005499 1.891934 1.259366
 63.200000 -1.079716 1.963466 1.479362
 63.400000 -1.074055 1.958936 1.124055
 63.600000 -1.101139 1.969714 2.697448
 63.800000 -1.018506 1.931099 0.474732
 64.000000 -1.015799 1.902457 0.644394
 64.200000 -1.072218 1.995295 3.158076
 64.400000 -1.088177 1.921452 0.840934
 64.600000 -0.953492 1.920321 4.390447
 64.800000 -1.061625 1.995431 2.959413
 65.000000 -1.079700 1.958442 1.272403
 65.200000 -1.083300 1.952485 1.183820
 65.400000 -0.983405 2.002977 5.488753
 65.600000 -1.052174 1.891103 0.425920
 65.800000 -1.033566 1.970279 1.363834
 66.000000 -1.028171 1.949768 0.628171
 66.200000 -1.063024 1.939614 0.320314
 66.400000 -1.131381 2.016879 8.249495
 66.600000 -1.042719 2.009866 4.060331
 66.800000 -1.059646 1.900176 0.271258
 67.000000 -1.020423 2.040411 7.624456
 67.200000 -1.018321 1.921271 0.417915
 67.400000 -1.001015 1.822589 5.797453
 67.600000 -0.984359 1.980533 3.814823
 67.800000 -1.068182 1.944156 0.515258
 68.000000 -1.129752 1.930567 3.464886
 68.200000 -1.082305 2.011948 4.856213
 68.400000 -1.093632 1.862493 2.723706
 68.600000 -1.077616 1.990493 2.957012
 68.800000 -1.116200 1.936486 2.518874
 69.000000 -1.036656 1.908184 0.123746
 69.200000 -1.066707 1.956383 0.857203
 69.400000 -1.079124 1.969619 1.747505
 69.600000 -1.079457 1.895409 0.819303
 69.800000 -1.011627 1.959208 1.406679
 70.000000 -1.107063 1.949584 2.233606
 70.200000 -0.973849 1.866940 4.090342
 70.400000 -1.049289 1.924736 0.014064
 70.600000 -0.995489 1.898887 1.556856
 70.800000 -1.037937 1.829420 4.132800
 71.000000 -1.039589 1.895300 0.330594
 71.200000 -1.018878 1.931088 0.464011
 71.400000 -1.109212 1.931641 1.992257
 71.600000 -1.100580 2.018031 6.243423
 71.800000 -1.181973 1.944281 9.380331
 72.000000 -1.103662 1.913595 1.613781
 72.200000 -1.125877 1.937180 3.245167
 72.400000 -1.064035 1.892446 0.517578
 72.600000 -1.005152 1.865438 2.364939
 72.800000 -1.044755 1.936570 0.142552
 73.000000 -1.019015 1.872820 1.503644
 73.200000 -1.029792 1.866458 1.577478
 73.400000 -1.090036 1.877255 1.825255
 73.600000 -1.034712 1.815028 5.573001
 73.800000 -1.034061 1.901714 0.250976
 74.000000 -1.067544 1.889976 0.653577
 74.200000 -1.067361 1.968024 1.363065
 74.400000 -1.093077 1.903333 1.189049
 74.600000 -1.107461 1.971035 3.125164
 74.800000 -1.115371 1.956526 2.995955
 75.000000 -1.136486 1.881740 4.712883
 75.200000 -1.085014 1.914129 0.731491
 75.400000 -1.076288 1.940672 0.639646
 75.600000 -1.012127 1.906953 0.698290
 75.800000 -1.051102 1.838910 3.284224
 76.000000 -0.971003 1.907669 2.977117
 76.200000 -1.103264 1.894707 1.888145
 76.400000 -1.085447 1.896740 0.998819
 76.600000 -1.116357 1.915116 2.402784
 76.800000 -1.115398 1.844596 5.158167
 77.000000 -1.090097 1.965172 1.946687
 77.200000 -1.036368 1.884845 0.671737
 77.400000 -1.097127 1.957528 1.955815
 77.600000 -1.135565 1.906957 3.987656
 77.800000 -1.032567 1.911081 0.145578
 78.000000 -1.099034 1.917691 1.345863
 78.200000 -1.093334 1.966424 2.148250
 78.400000 -1.030775 1.920676 0.135178
 78.600000 -1.040499 1.963365 0.968700
 78.800000 -1.129823 1.942769 3.675830
 79.000000 -1.169039 1.992508 10.061366
 79.200000 -1.112065 1.931037 2.166335
 79.400000 -1.080528 1.915687 0.564171
 79.600000 -1.094899 1.995858 4.025422
 79.800000 -0.994131 1.909435 1.462363
 80.000000 -0.992697 1.957594 2.197043
 80.200000 -0.993670 1.980151 3.249958
 80.400000 -1.050238 1.948265 0.407989
 80.600000 -1.127665 1.929544 3.284372
 80.800000 -1.180517 1.932578 8.967902
 81.000000 -1.030252 1.908121 0.212501
 81.200000 -1.129173 1.888435 3.853793
 81.400000 -1.058322 1.920075 0.061903
 81.600000 -1.005304 1.932029 0.951532
 81.800000 -1.050872 2.027233 5.770972
 82.000000 -1.052112 1.876212 0.964742
 82.200000 -1.023024 1.945254 0.614557
 82.400000 -1.126416 1.961457 4.002865
 82.600000 -1.072489 1.925764 0.337241
 82.800000 -1.059143 1.858075 1.980185
 83.000000 -1.100284 1.953932 1.989454
 83.200000 -1.116285 1.918181 2.387970
 83.400000 -1.063393 1.928558 0.168953
 83.600000 -1.122089 1.946217 3.151663
 83.800000 -1.083826 1.914308 0.686246
 84.000000 -1.055189 1.904927 0.143452
 84.200000 -1.063340 1.901625 0.296590
 84.400000 -1.089345 1.910876 0.928594
 84.600000 -1.120422 1.929798 2.730235
 84.800000 -1.217941 1.951700 15.083513
 85.000000 -1.154449 1.900601 5.936911
 85.200000 -1.110582 1.884617 2.629931
 85.400000 -1.134496 1.898594 4.036672
 85.600000 -1.029820 1.811176 6.057294
 85.800000 -1.028724 1.933972 0.270194
 86.000000 -1.054388 1.852752 2.277725
 86.200000 -1.054696 1.911245 0.065242
 86.400000 -1.071375 1.928069 0.325947
 86.600000 -1.077636 1.947461 0.844110
 86.800000 -1.061649 1.940321 0.313700
 87.000000 -1.112249 1.953158 2.670140
 87.200000 -1.120604 1.919749 2.694252
 87.400000 -1.116620 1.802769 9.265064
 87.600000 -1.134071 1.960100 4.583043
 87.800000 -1.070068 1.964821 1.272166
 88.000000 -1.080997 1.901303 0.743420
 88.200000 -1.095282 1.960291 1.973285
 88.400000 -1.073119 1.919056 0.336286
 88.600000 -1.074690 1.834544 4.017463
 88.800000 -1.084653 1.849659 3.165719
 89.000000 -1.078358 1.946929 0.851785
 89.200000 -1.045254 1.865584 1.474968
 89.400000 -1.089518 1.845437 3.665091
 89.600000 -1.130281 1.937367 3.604627
 89.800000 -1.048952 1.908113 0.070558
 90.000000 -1.181600 1.871943 10.180191
 90.200000 -1.118131 1.960099 3.325249
 90.400000 -1.120563 1.875324 3.683030
 90.600000 -1.084521 1.868781 2.001139
 90.800000 -1.074611 1.957222 1.073626
 91.000000 -1.028835 1.799185 7.450148
 91.200000 -1.075976 1.907182 0.494490
 91.400000 -1.129216 1.929766 3.412543
 91.600000 -1.047391 1.904366 0.120090
 91.800000 -1.092156 1.806666 7.417342
 92.000000 -1.144876 1.963814 5.736469
 92.200000 -1.067052 1.877240 1.105406
 92.400000 -1.021625 1.890176 0.767606
 92.600000 -1.055277 1.930061 0.084647
 92.800000 -1.084277 1.899862 0.887425
 93.000000 -1.133730 1.986985 5.996658
 93.200000 -1.148331 1.835195 8.698283
 93.400000 -1.062263 1.930604 0.171174
 93.600000 -1.032498 1.868346 1.434992
 93.800000 -1.127651 1.895555 3.531759
 94.000000 -1.028537 1.883037 0.852173
 94.200000 -1.070233 1.998727 3.375129
 94.400000 -1.063167 1.928364 0.163642
 94.600000 -1.094038 1.939275 1.285441
 94.800000 -1.078737 1.971844 1.848428
 95.000000 -1.089512 1.898608 1.121140
 95.200000 -1.025408 1.922014 0.239705
 95.400000 -0.959617 1.926686 3.858448
 95.600000 -1.110689 1.971908 3.369987
 95.800000 -1.087028 1.895170 1.098090
 96.000000 -1.122939 2.052883 11.715633
 96.200000 -1.081358 2.009758 4.624134
 96.400000 -1.061792 1.838252 3.436625
 96.600000 -0.980446 1.982101 4.164694
 96.800000 -1.110236 1.921245 1.987898
 97.000000 -1.023097 1.895339 0.591118
 97.200000 -1.080451 1.955462 1.186574
 97.400000 -1.033522 1.938468 0.266602
 97.600000 -1.014648 1.964497 1.525875
 97.800000 -1.052461 1.951775 0.523063
 98.000000 -1.036132 1.926091 0.080623
 98.200000 -0.985898 1.875088 2.881190
 98.400000 -1.041917 1.930644 0.072061
 98.600000 -1.045614 1.903921 0.128317
 98.800000 -1.067151 1.881533 0.933646
 99.000000 -1.019605 1.926238 0.401000
 99.200000 -1.055620 1.972167 1.403349
 99.400000 -1.128771 1.902762 3.473307
 99.600000 -1.030761 1.850526 2.538846
 99.800000 -1.069316 1.944560 0.549609
 100.000000 -1.076224 2.017836 5.220725
 100.200000 -1.015553 1.888818 0.982556
 100.400000 -1.024105 1.907098 0.348103
 100.600000 -1.129793 1.922272 3.413884
 100.800000 -1.079140 1.966272 1.587079
 101.000000 -1.004709 1.925869 0.920699
 101.200000 -0.982657 1.903622 2.214622
 101.400000 -1.085568 1.998709 3.844541
 101.600000 -1.076551 1.985432 2.580497
 101.800000 -1.076860 1.829252 4.545044
 102.000000 -1.064804 1.929598 0.202391
 102.200000 -1.139589 1.975470 5.814201
 102.400000 -1.000681 1.894222 1.410601
 102.600000 -1.050164 1.900288 0.195975
 102.800000 -1.154467 1.954391 6.349509
 103.000000 -1.128649 1.962277 4.216641
 103.200000 -1.016370 1.894172 0.805145
 103.400000 -1.059461 1.815598 5.510723
 103.600000 -1.135689 1.935531 4.038092
 103.800000 -1.045374 1.896822 0.267093
 104.000000 -1.070397 1.839994 3.458559
 104.200000 -1.120902 1.960604 3.546098
 104.400000 -1.014299 1.796477 8.153076
 104.600000 -1.114909 1.861625 3.988163
 104.800000 -1.145543 1.887089 5.372912
 105.000000 -1.065054 1.865687 1.626888
 105.200000 -1.106998 1.881776 2.513324
 105.400000 -1.113948 1.961827 3.108348
 105.600000 -1.128436 1.813923 8.911377
 105.800000 -1.025405 1.950459 0.705528
 106.000000 -1.080819 1.856179 2.592977
 106.200000 -1.151248 1.909119 5.470944
 106.400000 -1.134383 1.964641 4.803164
 106.600000 -1.165897 1.810604 13.013438
 106.800000 -1.113630 1.818049 7.389583
 107.000000 -1.116042 1.936780 2.512875
 107.200000 -1.101448 1.903420 1.606727
 107.400000 -0.987713 1.831802 5.646539
 107.600000 -1.070790 1.910403 0.323036
 107.800000 -1.111739 1.901111 2.258579
 108.000000 -1.104710 1.883014 2.332758
 108.200000 -1.051708 1.919810 0.010174
 108.400000 -1.189411 1.920084 10.112378
 108.600000 -1.027996 1.888233 0.684556
 108.800000 -1.103842 1.894905 1.915734
 109.000000 -1.119989 1.874788 3.665147
 109.200000 -1.060860 1.835886 3.619301
 109.400000 -1.039407 1.872840 1.135893
 109.600000 -1.101546 1.908377 1.542847
 109.800000 -1.034167 1.916107 0.091954
 110.000000 -1.067296 1.937371 0.355243
 110.200000 -1.059775 1.909907 0.128646
 110.400000 -1.160707 1.895936 6.728402
 110.600000 -1.112832 1.960456 2.977855
 110.800000 -1.099659 1.925463 1.391790
 111.000000 -1.035822 1.947319 0.441640
 111.200000 -1.023599 1.962987 1.208303
 111.400000 -1.013784 1.859966 2.352019
 111.600000 -1.066827 1.926147 0.212410
 111.800000 -1.143046 1.871614 5.757355
 112.000000 -1.039747 1.890354 0.463110
 112.200000 -1.084787 1.959772 1.502879
 112.400000 -1.089467 1.958794 1.651184
 112.600000 -1.136268 1.871044 5.158381
 112.800000 -1.087902 1.953465 1.392989
 113.000000 -1.038108 1.858375 1.931660
 113.200000 -1.080314 1.943731 0.833222
 113.400000 -1.060029 1.965599 1.128260
 113.600000 -1.003505 1.875036 1.959177
 113.800000 -1.140529 1.975504 5.903340
 114.000000 -1.073453 1.848663 2.879321
 114.200000 -1.033847 1.861909 1.768417
 114.400000 -1.078895 1.940940 0.724514
 114.600000 -1.181557 1.905710 9.126434
 114.800000 -1.059947 1.896591 0.352043
 115.000000 -1.047488 1.899685 0.203610
 115.200000 -1.087720 1.965675 1.870454
 115.400000 -1.079709 1.899925 0.727227
 115.600000 -1.057193 1.891966 0.439064
 115.800000 -1.045327 1.940787 0.220677
 116.000000 -1.044960 1.904878 0.114763
 116.200000 -1.063560 1.942799 0.396919
 116.400000 -1.029377 1.827555 4.419124
 116.600000 -1.100765 1.915637 1.443644
 116.800000 -1.155194 1.923299 5.837497
 117.000000 -1.118369 1.890128 2.974737
 117.200000 -1.052095 1.881014 0.766592
 117.400000 -0.985180 1.982750 3.900509
 117.600000 -1.118137 1.851975 4.820593
 117.800000 -0.972380 1.944256 3.096317
 118.000000 -1.088259 1.898835 1.064102
 118.200000 -1.076972 1.944818 0.754670
 118.400000 -1.133458 1.907111 3.801775
 118.600000 -1.096434 1.951425 1.710251
 118.800000 -1.048904 1.869144 1.287618
 119.000000 -1.091657 1.866810 2.395574
 119.200000 -1.059834 1.903353 0.216108
 119.400000 -1.031954 1.896059 0.399466
 119.600000 -1.090409 1.913491 0.953910
 119.800000 -1.162708 1.929870 6.721373
 120.000000 -1.059139 1.962709 0.989217
 120.200000 -1.116515 1.887173 2.936726
 120.400000 -0.999114 1.921303 1.157072
 120.600000 -1.028749 1.950121 0.627969
 120.800000 -1.028870 1.880043 0.960747
 121.000000 -1.099622 1.864907 2.884200
 121.200000 -1.107427 1.943488 2.092879
 121.400000 -1.065699 1.914030 0.188166
 121.600000 -1.073380 1.847138 2.987170
 121.800000 -1.048514 1.941528 0.235564
 122.000000 -1.094928 1.869646 2.399917
 122.200000 -1.068310 1.904110 0.346947
 122.400000 -1.061794 1.839694 3.320022
 122.600000 -1.074533 1.971899 1.727557
 122.800000 -1.067578 1.854440 2.347728
 123.000000 -1.063827 1.908174 0.206582
 123.200000 -1.112441 1.943378 2.404872
 123.400000 -1.123664 1.925907 2.941824
 123.600000 -1.085168 1.835583 4.272318
 123.800000 -1.059117 1.861045 1.800737
 124.000000 -1.100602 1.903644 1.557540
 124.200000 -1.137666 1.871807 5.246893
 124.400000 -1.068574 1.955507 0.863764
 124.600000 -1.140597 1.948359 4.767745
 124.800000 -1.158776 1.930318 6.279575
 125.000000 -1.022606 1.916817 0.307008
 125.200000 -1.034811 1.893810 0.416079
 125.400000 -1.063406 1.943490 0.410490
 125.600000 -1.013243 1.859336 2.408169
 125.800000 -1.070964 1.888701 0.767938
 126.000000 -1.108595 1.993785 4.617142
 126.200000 -1.079743 1.869893 1.778079
 126.400000 -1.063490 1.903738 0.262713
 126.600000 -1.128869 1.982132 5.273905
 126.800000 -1.064687 1.959529 0.939654
 127.000000 -1.094034 1.961368 1.958185
 127.200000 -1.044078 1.893882 0.342343
 127.400000 -1.033194 2.025316 5.658319
 127.600000 -1.085874 1.956313 1.412247
 127.800000 -1.136394 1.962322 4.879407
 128.000000 -1.041624 1.913236 0.037486
 128.200000 -1.057559 1.916292 0.060053
 128.400000 -1.031069 1.937143 0.279374
 128.600000 -1.070172 1.881789 0.988708
 128.800000 -1.019193 1.920487 0.392314
 129.000000 -1.096514 1.900782 1.398085
 129.200000 -1.068459 1.935117 0.342370
 129.400000 -1.066175 1.948865 0.600644
 129.600000 -1.040422 1.921101 0.023720
 129.800000 -1.055369 1.974590 1.530930
 130.000000 -1.032310 1.919153 0.111066
 130.200000 -1.078272 1.936671 0.624062
 130.400000 -0.983033 2.001687 5.406208
 130.600000 -1.122870 2.030324 8.964012
 130.800000 -1.030706 1.981166 2.015097
 131.000000 -0.996965 1.897211 1.518190
 131.200000 -1.073851 2.032051 6.648353
 131.400000 -1.023847 1.822901 4.973397
 131.600000 -1.034540 1.970284 1.351279
 131.800000 -0.992303 1.914650 1.520274
 132.000000 -1.048631 1.957878 0.723622
 132.200000 -1.090341 1.911591 0.964873
 132.400000 -1.062548 1.982834 2.100566
 132.600000 -1.041880 1.902790 0.159865
 132.800000 -1.065611 1.935488 0.291609
 133.000000 -1.089919 1.936311 1.047852
 133.200000 -1.124774 1.924608 3.020331
 133.400000 -1.041171 1.895164 0.323157
 133.600000 -1.025812 1.896100 0.510985
 133.800000 -1.040238 1.903831 0.152725
 134.000000 -1.013356 1.943182 0.844531
 134.200000 -1.039485 1.911062 0.068467
 134.400000 -1.083342 1.925889 0.671371
 134.600000 -1.046073 1.914180 0.016776
 134.800000 -1.055614 1.970173 1.301030
 135.000000 -1.124865 1.917798 3.018246
 135.200000 -1.061669 1.972298 1.479473
 135.400000 -1.023636 1.957170 0.973505
 135.600000 -1.117300 1.936479 2.595209
 135.800000 -1.065293 1.794192 8.060200
 136.000000 -1.064912 2.002429 3.565504
 136.200000 -1.022707 1.835326 3.873073
 136.400000 -1.090450 1.938920 1.116970
 136.600000 -1.105440 1.878589 2.547813
 136.800000 -1.137584 1.966810 5.186872
 137.000000 -1.017343 1.923587 0.452597
 137.200000 -1.070474 1.904880 0.383119
 137.400000 -1.050542 1.911249 0.042683
 137.600000 -1.117838 1.987204 4.762506
 137.800000 -1.031848 1.920262 0.117877
 138.000000 -1.131509 1.948861 3.974631
 138.200000 -0.948475 1.887236 5.405287
 138.400000 -1.056007 1.864776 1.556037
 138.600000 -1.079311 1.941670 0.753426
 138.800000 -1.124014 1.857928 4.868289
 139.000000 -1.098224 1.951524 1.803118
 139.200000 -1.112599 1.896183 2.418991
 139.400000 -1.141925 1.968390 5.664166
 139.600000 -1.080113 1.863256 2.143860
 139.800000 -1.053275 1.978564 1.741440
 140.000000 -1.122586 1.916248 2.848262
 140.200000 -1.102381 1.911231 1.559877
 140.400000 -1.094657 1.916637 1.131395
 140.600000 -1.040358 1.940827 0.243148
 140.800000 -1.050351 1.832565 3.815390
 141.000000 -1.033873 1.969147 1.303270
 141.200000 -0.996535 1.870554 2.499022
 141.400000 -1.117734 1.846814 5.155683
 141.600000 -1.082916 1.951126 1.126600
 141.800000 -1.081620 1.904741 0.706772
 142.000000 -1.067481 1.924719 0.217499
 142.200000 -1.107740 1.919630 1.832739
 142.400000 -1.069882 1.928385 0.293607
 142.600000 -1.124942 1.908039 3.091997
 142.800000 -1.131458 1.994960 6.369817
 143.000000 -1.078753 1.895395 0.797211
 143.200000 -1.097049 1.901960 1.402822
 143.400000 -1.078903 1.907837 0.574900
 143.600000 -1.038586 1.947904 0.430251
 143.800000 -1.003488 1.853975 3.125831
 144.000000 -1.084219 1.969268 1.905754
 144.200000 -1.036784 1.868062 1.395855
 144.400000 -1.081478 1.942816 0.851020
 144.600000 -1.101151 1.912612 1.481771
 144.800000 -1.020355 1.865072 1.861264
 145.000000 -1.055436 1.982601 2.001994
 145.200000 -0.988855 1.885062 2.307434
 145.400000 -0.959469 1.877182 4.758956
 145.600000 -0.982970 1.900499 2.250072
 145.800000 -1.083078 1.893609 0.988310
 146.000000 -1.100437 1.993960 4.162485
 146.200000 -1.109522 1.981855 3.863726
 146.400000 -1.058835 1.943598 0.349421
 146.600000 -1.050514 1.926775 0.029397
 146.800000 -1.107454 1.967075 2.929929
 147.000000 -1.070037 1.905540 0.363373
 147.200000 -1.032731 1.937450 0.259313
 147.400000 -1.077988 1.906423 0.564349
 147.600000 -1.095595 1.983277 3.181906
 147.800000 -1.067785 1.932767 0.295199
 148.000000 -1.057616 1.990709 2.563871
 148.200000 -1.056409 1.904578 0.159219
 148.400000 -1.030334 1.941777 0.382319
 148.600000 -1.063131 1.876871 1.051040
 148.800000 -0.932905 1.808666 12.713616
 149.000000 -1.034899 1.973988 1.540431
 149.200000 -1.106052 1.879671 2.539580
 149.400000 -0.974550 1.785622 11.649079
 149.600000 -1.007157 1.908142 0.870322
 149.800000 -1.106357 1.898227 1.983992
 150.000000 -1.020441 1.858072 2.267001
 150.200000 -1.110910 1.915892 2.037527
 150.400000 -1.049472 1.971171 1.318888
 150.600000 -1.086712 1.914041 0.797635
 150.800000 -1.111093 1.923114 2.046626
 151.000000 -1.141651 1.926746 4.484398
 151.200000 -1.061020 1.917959 0.097345
 151.400000 -1.099340 1.863401 2.953340
 151.600000 -1.142707 1.899295 4.772502
 151.800000 -1.112379 1.974166 3.598735
 152.000000 -1.077216 1.875350 1.441228
 152.200000 -1.092667 1.870115 2.271105
 152.400000 -1.064586 1.991533 2.719545
 152.600000 -1.024409 1.867879 1.610775
 152.800000 -0.922490 1.941883 8.018429
 153.000000 -1.047927 1.950310 0.463797
 153.200000 -1.050461 1.846157 2.721526
 153.400000 -1.084162 1.909865 0.733166
 153.600000 -1.103421 1.977555 3.244799
 153.800000 -1.049001 1.897814 0.244690
 154.000000 -1.047438 1.942319 0.252184
 154.200000 -1.089452 1.848856 3.413691
 154.400000 -1.077437 1.930257 0.511246
 154.600000 -1.151390 1.929333 5.472849
 154.800000 -1.048243 1.881372 0.741299
 155.000000 -1.125437 1.923464 3.067160
 155.200000 -1.167745 1.993668 9.989509
 155.400000 -1.018180 1.885036 1.027449
 155.600000 -1.082532 1.867232 2.009214
 155.800000 -1.107750 1.882178 2.543328
 156.000000 -1.063836 1.964528 1.135926
 156.200000 -1.047639 1.811149 5.909378
 156.400000 -1.036751 1.893693 0.396986
 156.600000 -1.143203 1.982769 6.587201
 156.800000 -1.080960 1.946174 0.916122
 157.000000 -0.996831 1.903316 1.405290
 157.200000 -1.087961 1.899832 1.031409
 157.400000 -1.103582 1.908258 1.656914
 157.600000 -1.060673 1.919910 0.090798
 157.800000 -1.007550 1.862615 2.424594
 158.000000 -1.077131 2.000686 3.714242
 158.200000 -1.090478 2.015942 5.552230
 158.400000 -0.973610 1.934121 2.809240
 158.600000 -1.017950 1.869109 1.715641
 158.800000 -1.111654 1.896705 2.345431
 159.000000 -1.051900 1.915647 0.019941
 159.200000 -1.078500 1.872569 1.608226
 159.400000 -1.117950 1.900196 2.696359
 159.600000 -1.045659 1.947918 0.394737
 159.800000 -0.948526 1.973543 6.308906
 160.000000 -1.023041 2.003796 3.814189
 160.200000 -1.015726 1.921095 0.495996
 160.400000 -1.079161 1.923015 0.515799
 160.600000 -1.102869 1.904614 1.665890
 160.800000 -1.023682 1.866614 1.694177
 161.000000 -1.078521 1.916523 0.496148
 161.200000 -1.065933 1.935342 0.295329
 161.400000 -1.067545 1.951561 0.709412
 161.600000 -1.054846 1.953297 0.588197
 161.800000 -1.015632 1.885164 1.100184
 162.000000 -1.057792 1.952833 0.599669
 162.200000 -1.059186 1.930907 0.132855
 162.400000 -1.069694 1.889900 0.701900
 162.600000 -1.194828 2.002349 14.299405
 162.800000 -1.140935 1.936905 4.538535
 163.000000 -1.107725 1.873458 2.908455
 163.200000 -0.991440 1.944473 1.857295
 163.400000 -1.103173 1.897251 1.822248
 163.600000 -0.985940 1.924509 1.887071
 163.800000 -1.052141 1.855156 2.105678
 164.000000 -1.031626 1.944331 0.420597
 164.200000 -1.128895 1.925398 3.352547
 164.400000 -1.102380 1.889025 1.998025
 164.600000 -1.090698 1.936784 1.089342
 164.800000 -1.191304 1.920606 10.383576
 165.000000 -1.107122 1.875685 2.771294
 165.200000 -1.176736 1.869560 9.655232
 165.400000 -1.098970 1.794184 9.237708
 165.600000 -1.031002 1.856211 2.156883
 165.800000 -1.034510 1.876020 1.041573
 166.000000 -1.120039 1.944152 2.947906
 166.200000 -1.034036 1.860660 1.839057
 166.400000 -1.079959 1.920775 0.537072
 166.600000 -1.134602 1.868730 5.127016
 166.800000 -1.055639 1.864106 1.589996
 167.000000 -1.117567 1.824932 6.981778
 167.200000 -1.165149 1.837440 10.352957
 167.400000 -1.077723 1.860224 2.244250
 167.600000 -1.064041 1.906668 0.228890
 167.800000 -1.053212 1.889793 0.470173
 168.000000 -1.100390 1.914317 1.430088
 168.200000 -1.032602 1.913621 0.125993
 168.400000 -1.091102 1.868286 2.293836
 168.600000 -1.100263 1.885541 1.996943
 168.800000 -1.158496 1.907193 6.273922
 169.000000 -1.088901 1.938240 1.038462
 169.200000 -0.987861 1.879085 2.591830
 169.400000 -1.109230 1.954337 2.518266
 169.600000 -1.096566 1.996760 4.175306
 169.800000 -1.059640 1.863928 1.641735
 170.000000 -1.120172 1.908307 2.729386
 170.200000 -1.067084 1.807347 6.527522
 170.400000 -1.048549 1.892782 0.367576
 170.600000 -1.088540 1.883150 1.528519
 170.800000 -1.059766 1.886346 0.640651
 171.000000 -1.071145 1.887512 0.810003
 171.200000 -1.109891 1.943276 2.239331
 171.400000 -1.058353 1.893438 0.411351
 171.600000 -1.056856 1.875598 1.026319
 171.800000 -1.092198 1.906237 1.105318
 172.000000 -1.129107 1.901216 3.528410
 172.200000 -1.089980 1.930353 0.970197
 172.400000 -1.155057 1.915762 5.825275
 172.600000 -1.078649 1.972650 1.887911
 172.800000 -1.174132 1.911626 8.090104
 173.000000 -1.055713 2.013455 4.416021
 173.200000 -1.016940 1.891972 0.846708
 173.400000 -1.003032 1.855234 3.063676
 173.600000 -1.088128 1.893784 1.177678
 173.800000 -1.062752 1.998435 3.207797
 174.000000 -1.091334 1.935996 1.104154
 174.200000 -1.085157 1.947891 1.113255
 174.400000 -1.023305 1.978256 1.990314
 174.600000 -1.016860 1.920860 0.460671
 174.800000 -1.076937 1.959667 1.234430
 175.000000 -1.061310 1.899694 0.302945
 175.200000 -1.029833 1.975614 1.704914
 175.400000 -1.122906 1.892641 3.236380
 175.600000 -1.004440 1.898563 1.140922
 175.800000 -1.107527 1.961274 2.677304
 176.000000 -1.050442 1.952140 0.526196
 176.200000 -1.126635 1.995392 6.007525
 176.400000 -1.061813 1.964715 1.112690
 176.600000 -1.048813 1.965736 1.053505
 176.800000 -1.104478 1.943835 1.927862
 177.000000 -1.055882 2.017891 4.842551
 177.200000 -0.959517 1.934889 3.956802
 177.400000 -1.071943 1.981738 2.220492
 177.600000 -1.093541 1.938310 1.244018
 177.800000 -1.005721 1.946404 1.212379
 178.000000 -1.088328 1.982280 2.793853
 178.200000 -1.065618 1.966143 1.240594
 178.400000 -1.030197 1.953904 0.723922
 178.600000 -1.006912 1.932893 0.896347
 178.800000 -1.109563 1.869850 3.195334
 179.000000 -1.076950 1.957055 1.134234
 179.200000 -1.061872 1.954700 0.714516
 179.400000 -1.064193 1.899172 0.358463
 179.600000 -1.204061 1.953640 12.873529
 179.800000 -1.088767 1.992832 3.526323
 180.000000 -1.011304 1.874739 1.662261
 180.200000 -1.026738 1.869228 1.491176
 180.400000 -1.085702 1.933797 0.838402
 180.600000 -0.986764 1.885200 2.426846
 180.800000 -1.158368 1.932277 6.256543
 181.000000 -1.130292 1.945419 3.778879
 181.200000 -1.176445 1.851620 10.680998
 181.400000 -1.076015 1.871620 1.578884
 181.600000 -1.118077 1.893020 2.872158
 181.800000 -1.103704 1.875700 2.571627
 182.000000 -1.102522 1.839925 4.725341
 182.200000 -1.105586 1.893889 2.041934
 182.400000 -1.066694 1.862376 1.842413
 182.600000 -1.096469 1.912276 1.242591
 182.800000 -1.029248 1.914679 0.174522
 183.000000 -1.107794 1.853853 4.014595
 183.200000 -1.068077 1.924017 0.226611
 183.400000 -1.022335 1.891801 0.702772
 183.600000 -1.081679 1.822893 5.296013
 183.800000 -1.060381 1.894582 0.406433
 184.000000 -1.060224 1.960469 0.909310
 184.200000 -1.015272 1.856196 2.536307
 184.400000 -1.104375 1.912275 1.663386
 184.600000 -1.070184 1.988462 2.617173
 184.800000 -1.136926 1.899554 4.231804
 185.000000 -1.088439 1.831873 4.721498
 185.200000 -1.094065 1.835920 4.621431
 185.400000 -1.099305 1.932307 1.435004
 185.600000 -1.060262 1.891695 0.482029
 185.800000 -1.049544 1.940757 0.221054
 186.000000 -1.095804 1.946149 1.526781
 186.200000 -1.051287 1.960725 0.843265
 186.400000 -1.090909 1.908743 1.017149
 186.600000 -1.063451 1.833880 3.828526
 186.800000 -1.123492 1.975595 4.463513
 187.000000 -1.011033 1.807563 6.959446
 187.200000 -1.035072 1.893059 0.432712
 187.400000 -1.028888 1.883989 0.811051
 187.600000 -1.039846 1.934119 0.128645
 187.800000 -1.064657 1.882742 0.841356
 188.000000 -0.973121 1.899430 2.952368
 188.200000 -1.085423 1.905760 0.830008
 188.400000 -1.131115 1.888378 4.016655
 188.600000 -0.992983 1.858184 3.371724
 188.800000 -1.117020 1.979568 4.219945
 189.000000 -1.144204 1.892115 5.090100
 189.200000 -1.063846 1.918406 0.139644
 189.400000 -1.138566 1.957724 4.890804
 189.600000 -1.049112 1.877177 0.912865
 189.800000 -1.076090 1.969814 1.664960
 190.000000 -1.046848 1.924567 0.011128
 190.200000 -1.128326 1.828274 7.485129
 190.400000 -1.129313 1.902083 3.529517
 190.600000 -1.128410 1.898007 3.536536
 190.800000 -1.147279 1.813791 10.633665
 191.000000 -1.058960 1.900566 0.255355
 191.200000 -1.132656 1.881208 4.398676
 191.400000 -0.986834 1.908357 1.888052
 191.600000 -1.075010 1.956864 1.071321
 191.800000 -1.004301 1.916148 0.926947
 192.000000 -1.096659 1.894036 1.556706
 192.200000 -1.077092 1.970690 1.738590
 192.400000 -1.104473 1.897003 1.901507
 192.600000 -1.015618 1.961628 1.370810
 192.800000 -1.074347 1.965397 1.405276
 193.000000 -1.051444 1.904336 0.129543
 193.200000 -1.092558 1.974283 2.509609
 193.400000 -1.034707 1.976751 1.696192
 193.600000 -1.063962 1.954743 0.748874
 193.800000 -1.101314 1.946599 1.821712
 194.000000 -1.146231 1.985110 7.032453
 194.200000 -1.092068 1.936125 1.138893
 194.400000 -1.059817 1.963035 1.011566
 194.600000 -1.037214 2.021997 5.265601
 194.800000 -0.998155 1.929497 1.248984
 195.000000 -1.035421 1.985980 2.255160
 195.200000 -1.089598 1.894193 1.228346
 195.400000 -1.012659 1.918941 0.596895
 195.600000 -1.023781 1.892764 0.641313
 195.800000 -0.994593 1.912517 1.410601
 196.000000 -1.017932 1.922875 0.432760
 196.200000 -1.028736 2.022576 5.445517
 196.400000 -1.090750 1.964609 1.949540
 196.600000 -1.062912 1.960640 0.954865
 196.800000 -1.105210 1.999027 4.816265
 197.000000 -1.070756 2.001502 3.609990
 197.200000 -0.975504 1.900778 2.752063
 197.400000 -1.045374 1.919172 0.001900
 197.600000 -1.028973 1.949434 0.603326
 197.800000 -1.033172 1.902300 0.252562
 198.000000 -1.045362 1.973401 1.434888
 198.200000 -1.122001 1.927510 2.827003
 198.400000 -1.134004 1.958290 4.506007
 198.600000 -1.071783 1.926329 0.323144
 198.800000 -1.015351 1.840305 3.671769
 199.000000 -1.040163 1.979917 1.828019
 199.200000 -1.078436 1.940376 0.698338
 199.400000 -1.061794 1.905881 0.204265
 199.600000 -1.095047 1.983210 3.151227
 199.800000 -0.995161 1.940092 1.558535
 200.000000 -1.068659 1.890493 0.661554
