#! FIELDS time phi psi restraint.bias
#! SET min_phi -pi
#! SET max_phi pi
#! SET min_psi -pi
#! SET max_psi pi
 0.000000 1.104788 2.806260 1.752659
 0.200000 1.078669 2.787143 0.509720
 0.400000 1.102536 2.763450 1.953872
 0.600000 1.091689 2.764419 1.384766
 0.800000 1.040398 2.720263 2.634147
 1.000000 1.102187 2.750650 2.388745
 1.200000 1.059781 2.812458 0.277800
 1.400000 1.036998 2.812882 0.259192
 1.600000 1.039690 2.809699 0.175629
 1.800000 1.046300 2.795139 0.003815
 2.000000 1.031909 2.834962 1.017243
 2.200000 1.059310 2.815716 0.342225
 2.400000 1.069068 2.769795 0.497523
 2.600000 1.102250 2.837804 2.540410
 2.800000 0.983813 2.881445 5.962004
 3.000000 1.082958 2.824480 1.149909
 3.200000 1.016806 2.733716 2.191204
 3.400000 0.966554 2.863875 5.796960
 3.600000 1.019193 2.784250 0.426369
 3.800000 1.034636 2.807208 0.186658
 4.000000 1.013395 2.834349 1.445881
 4.200000 1.047163 2.772430 0.201936
 4.400000 1.052699 2.825042 0.543747
 4.600000 1.102286 2.772493 1.718070
 4.800000 1.099214 2.816093 1.630540
 5.000000 1.112974 2.862845 4.635613
 5.200000 1.037782 2.751538 0.884364
 5.400000 1.047336 2.892555 5.002840
 5.600000 1.022061 2.800292 0.346068
 5.800000 1.110064 2.864280 4.550363
 6.000000 1.064688 2.864723 2.759102
 6.200000 1.045783 2.819261 0.358350
 6.400000 1.094775 2.854441 3.048493
 6.600000 1.068897 2.831100 0.979375
 6.800000 1.080801 2.780883 0.632376
 7.000000 1.116888 2.835046 3.332312
 7.200000 1.049251 2.812458 0.200725
 7.400000 1.019114 2.820815 0.794453
 7.600000 1.062048 2.787582 0.122491
 7.800000 0.996160 2.754957 2.008167
 8.000000 0.962797 2.817498 3.873481
 8.200000 1.055881 2.710789 3.378194
 8.400000 1.022905 2.764896 0.676809
 8.600000 1.097607 2.802238 1.317728
 8.800000 1.025937 2.708151 3.785677
 9.000000 1.097039 2.840843 2.409317
 9.200000 1.062152 2.797338 0.123396
 9.400000 1.103294 2.890011 6.325019
 9.600000 1.065541 2.876394 3.685072
 9.800000 1.079513 2.807985 0.641623
 10.000000 1.153901 2.810781 5.859403
 10.200000 1.020491 2.880682 4.242328
 10.400000 1.111397 2.887296 6.551460
 10.600000 0.987514 2.897557 7.296781
 10.800000 1.067364 2.826483 0.779876
 11.000000 1.039163 2.822562 0.483320
 11.200000 1.114526 2.813559 2.487752
 11.400000 1.094167 2.794867 1.105804
 11.600000 1.121388 2.797262 2.763301
 11.800000 0.986459 2.814816 2.093008
 12.000000 1.010544 2.700674 4.890187
 12.200000 0.969536 2.804187 3.083617
 12.400000 0.945173 2.786077 5.225271
 12.600000 1.006291 2.784449 0.869279
 12.800000 1.037977 2.791075 0.043561
 13.000000 1.009514 2.749994 1.614538
 13.200000 1.088745 2.814162 1.097130
 13.400000 1.097046 2.818554 1.581144
 13.600000 1.089820 2.871657 4.039101
 13.800000 1.104732 2.814735 1.901699
 14.000000 1.058432 2.844206 1.398466
 14.200000 1.075091 2.818403 0.723802
 14.400000 1.015230 2.783186 0.554598
 14.600000 1.138873 2.892580 9.207501
 14.800000 1.034914 2.871823 3.219384
 15.000000 1.050014 2.849915 1.650651
 15.200000 1.043406 2.798468 0.024837
 15.400000 1.048929 2.797663 0.014689
 15.600000 1.057804 2.768365 0.348145
 15.800000 0.985108 2.774935 2.082267
 16.000000 1.021593 2.860948 2.668541
 16.200000 1.058587 2.759567 0.608026
 16.400000 1.016465 2.904675 6.760873
 16.600000 1.075769 2.762634 0.854945
 16.800000 1.069899 2.774834 0.414197
 17.000000 1.105702 2.842630 2.966584
 17.200000 1.038110 2.770010 0.294807
 17.400000 1.091150 2.898387 6.569096
 17.600000 1.106341 2.715558 4.711073
 17.800000 1.034804 2.920824 8.306843
 18.000000 1.087084 2.760725 1.301118
 18.200000 1.104619 2.756660 2.291841
 18.400000 1.108811 2.878501 5.593933
 18.600000 1.063869 2.808021 0.259005
 18.800000 1.069865 2.773810 0.432071
 19.000000 1.054019 2.865672 2.698389
 19.200000 1.049245 2.788271 0.011152
 19.400000 1.029864 2.822912 0.611870
 19.600000 1.069416 2.850543 1.929764
 19.800000 1.039954 2.760487 0.539520
 20.000000 1.057344 2.875380 3.483796
 20.200000 1.066204 2.790096 0.183580
 20.400000 1.024923 2.755098 0.948542
 20.600000 1.077891 2.905580 6.861577
 20.800000 1.081456 2.843904 1.906605
 21.000000 1.068914 2.782862 0.282518
 21.200000 1.098507 2.863841 3.859204
 21.400000 1.107164 2.827276 2.401728
 21.600000 1.068221 2.810475 0.382052
 21.800000 1.079459 2.793927 0.521368
 22.000000 1.026857 2.748904 1.158358
 22.200000 1.075871 2.743915 1.592615
 22.400000 1.081811 2.840164 1.733695
 22.600000 1.041582 2.812911 0.223533
 22.800000 1.071526 2.871879 3.444281
 23.000000 0.997562 2.821615 1.654898
 23.200000 1.065292 2.861037 2.510560
 23.400000 0.943861 2.841256 6.526467
 23.600000 1.071774 2.849939 1.950094
 23.800000 1.026652 2.839032 1.292417
 24.000000 1.145104 2.762612 5.240316
 24.200000 1.080090 2.837853 1.568213
 24.400000 1.084834 2.789067 0.714244
 24.600000 1.039139 2.871362 3.140006
 24.800000 1.049322 2.859344 2.234545
 25.000000 1.083541 2.850081 2.316691
 25.200000 1.016493 2.876152 3.967950
 25.400000 1.028543 2.727363 2.297118
 25.600000 1.049074 2.801632 0.043210
 25.800000 1.016966 2.832687 1.263378
 26.000000 1.062411 2.847279 1.614616
 26.200000 0.998440 2.829993 1.890487
 26.400000 1.142262 2.809061 4.655283
 26.600000 1.018948 2.804210 0.467273
 26.800000 1.041469 2.863757 2.553308
 27.000000 1.071145 2.852219 2.068295
 27.200000 0.924656 2.811570 7.689588
 27.400000 1.153470 2.843565 6.949335
 27.600000 1.020797 2.827944 0.975694
 27.800000 1.101142 2.768917 1.733691
 28.000000 1.124982 2.840518 4.176801
 28.200000 1.066019 2.821150 0.586755
 28.400000 1.082236 2.816128 0.892344
 28.600000 0.945015 2.768836 5.501231
 28.800000 1.026018 2.858925 2.428690
 29.000000 1.005618 2.812953 1.073041
 29.200000 1.035958 2.744921 1.196309
 29.400000 1.075547 2.804781 0.476934
 29.600000 1.033697 2.821599 0.513721
 29.800000 1.135009 2.824153 4.355537
 30.000000 1.093774 2.854884 3.028889
 30.200000 1.083794 2.794340 0.671298
 30.400000 1.147791 2.816303 5.342196
 30.600000 1.017679 2.853947 2.321906
 30.800000 1.123983 2.789963 2.951282
 31.000000 1.036925 2.903217 6.178977
 31.200000 1.048322 2.722151 2.477043
 31.400000 1.078038 2.890346 5.259843
 31.600000 1.044844 2.836039 0.949445
 31.800000 1.080638 2.802515 0.609021
 32.000000 1.014485 2.881098 4.457494
 32.200000 1.109590 2.771458 2.168364
 32.400000 1.038120 2.760337 0.559276
 32.600000 1.065744 2.746281 1.241308
 32.800000 1.049826 2.864901 2.622486
 33.000000 1.009457 2.844700 2.073170
 33.200000 0.986539 2.756028 2.505831
 33.400000 1.090547 2.841456 2.136629
 33.600000 1.051546 2.808631 0.139130
 33.800000 1.059001 2.799990 0.097511
 34.000000 1.133401 2.826982 4.309068
 34.200000 1.094003 2.789996 1.098596
 34.400000 1.125569 2.931935 12.788449
 34.600000 1.069220 2.830697 0.970993
 34.800000 1.087299 2.765085 1.180583
 35.000000 1.088542 2.842749 2.115830
 35.200000 1.030993 2.777397 0.245739
 35.400000 1.080498 2.842888 1.822591
 35.600000 1.032955 2.776886 0.223748
 35.800000 1.061252 2.844776 1.463729
 36.000000 1.083947 2.827021 1.270184
 36.200000 0.980411 2.792294 2.230266
 36.400000 1.046707 2.704123 3.907769
 36.600000 1.082545 2.805001 0.702505
 36.800000 1.068941 2.857148 2.324302
 37.000000 1.055257 2.809678 0.179551
 37.200000 1.099549 2.806956 1.474426
 37.400000 1.037642 2.816484 0.332633
 37.600000 1.039101 2.841082 1.211588
 37.800000 1.105992 2.781092 1.793798
 38.000000 1.047561 2.846834 1.474685
 38.200000 1.108284 2.896709 7.292777
 38.400000 1.076883 2.827355 1.047114
 38.600000 1.069434 2.786125 0.267710
 38.800000 0.974824 2.827943 3.246122
 39.000000 1.018229 2.793491 0.420045
 39.200000 1.088801 2.819381 1.225991
 39.400000 1.036682 2.710254 3.439688
 39.600000 1.086200 2.823252 1.232618
 39.800000 1.091606 2.900279 6.791300
 40.000000 1.091049 2.770926 1.194783
 40.200000 1.050602 2.746611 1.059918
 40.400000 1.082319 2.781679 0.675600
 40.600000 1.104497 2.865148 4.278484
 40.800000 1.022312 2.819674 0.678121
 41.000000 1.110747 2.901688 7.977367
 41.200000 1.007806 2.911855 7.895448
 41.400000 1.036848 2.790485 0.055643
 41.600000 1.016869 2.754423 1.185870
 41.800000 1.011793 2.823522 1.107078
 42.000000 1.029472 2.867179 2.943578
 42.200000 1.065061 2.843105 1.438634
 42.400000 1.057379 2.847584 1.567473
 42.600000 1.011490 2.716804 3.504513
 42.800000 1.098804 2.780334 1.405965
 43.000000 1.110594 2.768009 2.310137
 43.200000 1.004945 2.758031 1.487626
 43.400000 1.110103 2.795793 1.983888
 43.600000 1.022706 2.867104 3.080778
 43.800000 1.037468 2.756169 0.708270
 44.000000 1.015886 2.772997 0.680907
 44.200000 1.010514 2.831961 1.450391
 44.400000 1.006601 2.983934 19.142329
 44.600000 1.023654 2.774652 0.436917
 44.800000 1.079329 2.871567 3.639868
 45.000000 0.996326 2.893084 6.349861
 45.200000 1.037531 2.793869 0.047625
 45.400000 1.080183 2.739228 1.964412
 45.600000 0.995540 2.799641 1.359571
 45.800000 1.091532 2.885711 5.324460
 46.000000 1.031785 2.773044 0.308563
 46.200000 1.179357 2.768871 9.012903
 46.400000 1.122736 2.800484 2.884706
 46.600000 1.077876 2.769425 0.737421
 46.800000 1.045033 2.820653 0.397877
 47.000000 0.970606 2.748081 3.920876
 47.200000 0.977416 2.862139 4.857625
 47.400000 0.994765 2.831932 2.150980
 47.600000 1.041758 2.815712 0.283579
 47.800000 1.021995 2.821159 0.727483
 48.000000 1.077286 2.832147 1.237512
 48.200000 1.068837 2.847885 1.766423
 48.400000 1.120181 2.805503 2.747476
 48.600000 0.982550 2.795069 2.092879
 48.800000 1.079296 2.824430 1.024037
 49.000000 1.049006 2.866222 2.717123
 49.200000 1.050280 2.818052 0.330517
 49.400000 1.054613 2.771780 0.242701
 49.600000 1.112108 2.773188 2.293695
 49.800000 1.064141 2.827492 0.754825
 50.000000 1.068196 2.749889 1.129448
 50.200000 1.090345 2.823808 1.420098
 50.400000 1.113911 2.804072 2.291955
 50.600000 1.053841 2.776044 0.157916
 50.800000 1.113610 2.763268 2.633370
 51.000000 1.013252 2.786647 0.593440
 51.200000 1.109433 2.889260 6.615246
 51.400000 1.057477 2.789203 0.058354
 51.600000 1.038986 2.823036 0.499104
 51.800000 0.996539 2.784551 1.314934
 52.000000 0.955239 2.869820 7.215275
 52.200000 1.111882 2.783669 2.131288
 52.400000 1.046216 2.799128 0.022271
 52.600000 1.111890 2.832226 2.880567
 52.800000 1.124723 2.848187 4.554086
 53.000000 1.033680 2.778032 0.196413
 53.200000 1.069557 2.840288 1.390559
 53.400000 0.985757 2.818205 2.217144
 53.600000 1.037620 2.761975 0.512560
 53.800000 1.084606 2.791372 0.700348
 54.000000 0.966516 2.712480 6.458455
 54.200000 0.985711 2.841562 3.092541
 54.400000 1.055127 2.862330 2.467705
 54.600000 1.095515 2.808665 1.297513
 54.800000 1.187435 2.797773 9.847076
 55.000000 1.016924 2.801442 0.497989
 55.200000 1.097323 2.760532 1.768119
 55.400000 1.092908 2.828437 1.689515
 55.600000 1.015500 2.852087 2.276073
 55.800000 1.061080 2.885374 4.406704
 56.000000 1.105899 2.797629 1.735929
 56.200000 1.057014 2.762696 0.493111
 56.400000 1.065719 2.824871 0.694593
 56.600000 1.069011 2.795245 0.241606
 56.800000 1.048094 2.785604 0.024367
 57.000000 1.160128 2.817523 6.689094
 57.200000 1.030934 2.772819 0.326451
 57.400000 1.022763 2.834986 1.199922
 57.600000 1.071182 2.768963 0.565253
 57.800000 1.061037 2.841895 1.314387
 58.000000 1.052727 2.772183 0.222219
 58.200000 1.029229 2.860963 2.503179
 58.400000 1.041575 2.854203 1.917775
 58.600000 1.063644 2.846991 1.618398
 58.800000 1.018966 2.865594 3.067925
 59.000000 1.133369 2.781694 3.771431
 59.200000 1.028435 2.863567 2.699352
 59.400000 1.102473 2.887692 6.055889
 59.600000 0.991041 2.777107 1.695689
 59.800000 1.068388 2.789799 0.228232
 60.000000 0.999708 2.820860 1.529029
 60.200000 1.016149 2.781611 0.541594
 60.400000 1.046419 2.803216 0.057432
 60.600000 1.042560 2.783999 0.047117
 60.800000 1.091989 2.864635 3.602897
 61.000000 0.978908 2.769844 2.589011
 61.200000 1.034026 2.735639 1.704825
 61.400000 1.093275 2.864862 3.677733
 61.600000 1.074110 2.832535 1.162471
 61.800000 1.083609 2.889210 5.336707
 62.000000 1.099220 2.806791 1.454880
 62.200000 1.074601 2.800763 0.409377
 62.400000 1.012579 2.915609 8.173817
 62.600000 1.083302 2.792897 0.651845
 62.800000 1.083398 2.817966 0.978807
 63.000000 1.085810 2.817230 1.050590
 63.200000 1.051660 2.886514 4.426778
 63.400000 1.058685 2.818968 0.415556
 63.600000 1.028010 2.726187 2.384582
 63.800000 0.973328 2.798578 2.746672
 64.000000 1.062200 2.868686 3.012673
 64.200000 0.998956 2.829385 1.842920
 64.400000 1.045303 2.803628 0.063416
 64.600000 1.035563 2.832916 0.883310
 64.800000 1.154001 2.833779 6.554330
 65.000000 1.129297 2.883833 7.538541
 65.200000 1.108944 2.773311 2.090921
 65.400000 1.165328 2.905214 13.326640
 65.600000 1.090721 2.820487 1.338057
 65.800000 1.016359 2.889136 5.142147
 66.000000 1.025789 2.872591 3.434253
 66.200000 1.045173 2.842835 1.267505
 66.400000 1.050775 2.920977 8.256167
 66.600000 1.094677 2.828085 1.759347
 66.800000 1.080137 2.783303 0.585051
 67.000000 1.040762 2.871489 3.138222
 67.200000 1.044557 2.764426 0.398307
 67.400000 1.092933 2.765397 1.413880
 67.600000 1.009829 2.743250 1.912327
 67.800000 1.057788 2.822188 0.495981
 68.000000 1.050588 2.726844 2.162834
 68.200000 1.031958 2.789646 0.120269
 68.400000 1.046231 2.794943 0.003386
 68.600000 1.029360 2.787584 0.171308
 68.800000 0.991895 2.789083 1.535120
 69.000000 1.011570 2.782149 0.688501
 69.200000 1.016263 2.812472 0.677395
 69.400000 1.053494 2.795589 0.024509
 69.600000 1.062945 2.805009 0.201884
 69.800000 1.066595 2.795687 0.193128
 70.000000 1.018140 2.886247 4.813926
 70.200000 1.060432 2.895418 5.380888
 70.400000 1.116861 2.817678 2.742767
 70.600000 1.061872 2.846131 1.544348
 70.800000 1.090908 2.836111 1.905078
 71.000000 1.120073 2.816312 2.938276
 71.200000 0.994522 2.839569 2.493825
 71.400000 1.034236 2.851334 1.813151
 71.600000 0.996885 2.786322 1.284940
 71.800000 1.053283 2.825827 0.572955
 72.000000 1.044529 2.767472 0.317429
 72.200000 1.108157 2.868582 4.750244
 72.400000 1.143447 2.762603 5.079649
 72.600000 1.080514 2.866482 3.289645
 72.800000 1.091326 2.755678 1.652586
 73.000000 1.033542 2.816858 0.389254
 73.200000 1.106598 2.904912 8.079496
 73.400000 1.084786 2.782317 0.758578
 73.600000 1.030475 2.854314 2.048630
 73.800000 1.101543 2.849376 3.092610
 74.000000 1.033321 2.814526 0.338270
 74.200000 1.082668 2.860864 2.964031
 74.400000 1.101903 2.847665 3.016469
 74.600000 1.070730 2.727099 2.417320
 74.800000 1.065331 2.807504 0.276569
 75.000000 1.019136 2.730811 2.298132
 75.200000 1.043037 2.741999 1.285205
 75.400000 1.067759 2.778890 0.304365
 75.600000 1.014279 2.844103 1.871871
 75.800000 0.982457 2.853441 3.950958
 76.000000 0.981642 2.774597 2.309519
 76.200000 1.014232 2.762290 1.000479
 76.400000 1.028402 2.810206 0.332923
 76.600000 1.041128 2.855824 2.021714
 76.800000 1.035902 2.847176 1.557053
 77.000000 1.036273 2.844398 1.405009
 77.200000 1.103930 2.860238 3.901676
 77.400000 1.096965 2.796738 1.247271
 77.600000 1.095933 2.844330 2.529336
 77.800000 1.054270 2.863343 2.532469
 78.000000 1.098423 2.841657 2.518914
 78.200000 1.034134 2.841158 1.267824
 78.400000 1.093893 2.812074 1.281276
 78.600000 1.050375 2.827299 0.609618
 78.800000 1.051360 2.834978 0.909732
 79.000000 1.043571 2.754773 0.719264
 79.200000 1.059448 2.730993 1.968232
 79.400000 1.068920 2.819931 0.611430
 79.600000 1.052293 2.806740 0.113989
 79.800000 1.054312 2.799101 0.046917
 80.000000 1.088605 2.818892 1.204852
 80.200000 1.084507 2.791106 0.697010
 80.400000 1.052627 2.851677 1.764110
 80.600000 1.035534 2.863413 2.580424
 80.800000 1.111412 2.848906 3.651029
 81.000000 1.030429 2.879513 3.923937
 81.200000 1.143910 2.799289 4.699502
 81.400000 1.071127 2.832649 1.091221
 81.600000 1.041890 2.869832 3.002149
 81.800000 1.066204 2.774526 0.342640
 82.000000 1.092329 2.839530 2.123049
 82.200000 1.001704 2.780744 1.104268
 82.400000 1.076180 2.831507 1.179703
 82.600000 1.071480 2.742389 1.551719
 82.800000 1.049123 2.726013 2.213867
 83.000000 1.049098 2.826601 0.582343
 83.200000 1.029936 2.799201 0.171256
 83.400000 1.040295 2.782955 0.069633
 83.600000 1.051919 2.856857 2.080323
 83.800000 1.027550 2.801513 0.233394
 84.000000 1.040145 2.828444 0.669884
 84.200000 0.974480 2.802643 2.695073
 84.400000 1.110867 2.847995 3.565243
 84.600000 1.109284 2.863186 4.423729
 84.800000 1.099786 2.769493 1.648043
 85.000000 1.069869 2.881444 4.210163
 85.200000 1.013654 2.756331 1.217670
 85.400000 1.031886 2.782047 0.172143
 85.600000 1.060177 2.800134 0.113167
 85.800000 1.110290 2.779836 2.070842
 86.000000 1.013965 2.850634 2.240428
 86.200000 1.053159 2.809343 0.159156
 86.400000 1.020152 2.746154 1.440941
 86.600000 1.105377 2.827711 2.311396
 86.800000 1.117243 2.810739 2.619036
 87.000000 1.078480 2.812873 0.696282
 87.200000 1.141782 2.869738 7.453924
 87.400000 1.024956 2.851657 1.995502
 87.600000 1.099112 2.813974 1.577524
 87.800000 1.024449 2.795252 0.262457
 88.000000 1.080323 2.854682 2.480287
 88.200000 1.062977 2.819106 0.477735
 88.400000 1.038732 2.786366 0.054813
 88.600000 1.073023 2.885680 4.672254
 88.800000 1.069227 2.759819 0.777536
 89.000000 1.072664 2.790900 0.325593
 89.200000 1.037309 2.793531 0.049394
 89.400000 1.007664 2.858159 2.935232
 89.600000 1.031958 2.821185 0.526780
 89.800000 0.994185 2.771749 1.621039
 90.000000 1.138777 2.843066 5.470474
 90.200000 1.073915 2.709250 3.824414
 90.400000 1.055075 2.895481 5.330837
 90.600000 1.106377 2.780945 1.818193
 90.800000 1.049305 2.910171 6.922349
 91.000000 1.036154 2.834079 0.924269
 91.200000 1.109113 2.809608 2.062657
 91.400000 1.086757 2.840758 1.945605
 91.600000 1.102877 2.865887 4.240938
 91.800000 1.036718 2.797660 0.068083
 92.000000 1.137972 2.803486 4.180021
 92.200000 1.032825 2.816645 0.394146
 92.400000 1.080203 2.782572 0.594230
 92.600000 1.134423 2.794079 3.805382
 92.800000 1.085760 2.792751 0.743568
 93.000000 1.043321 2.721128 2.556423
 93.200000 0.997080 2.806366 1.351677
 93.400000 1.132696 2.831786 4.425650
 93.600000 1.011541 2.869249 3.578876
 93.800000 1.119384 2.824441 3.114708
 94.000000 1.056210 2.850804 1.738697
 94.200000 0.993637 2.865034 4.063035
 94.400000 1.053849 2.843431 1.317752
 94.600000 1.061785 2.847466 1.615532
 94.800000 1.140219 2.774897 4.481917
 95.000000 1.040971 2.843518 1.319450
 95.200000 1.074253 2.803349 0.424570
 95.400000 1.001875 2.785623 1.050901
 95.600000 1.028074 2.755965 0.851249
 95.800000 1.137033 2.819858 4.408708
 96.000000 1.102358 2.820739 1.919336
 96.200000 1.093652 2.805017 1.157024
 96.400000 1.060977 2.816324 0.378088
 96.600000 1.070719 2.817985 0.600685
 96.800000 0.957566 2.811483 4.196605
 97.000000 1.121510 2.842911 4.030457
 97.200000 1.049242 2.775433 0.148186
 97.400000 1.055786 2.914884 7.522524
 97.600000 1.081501 2.831959 1.365814
 97.800000 1.107382 2.840588 2.966024
 98.000000 1.115650 2.836750 3.320734
 98.200000 1.021565 2.726728 2.493256
 98.400000 1.129977 2.862792 5.894816
 98.600000 1.012202 2.843183 1.895356
 98.800000 1.044855 2.799779 0.029042
 99.000000 1.090619 2.860248 3.235837
 99.200000 1.035632 2.789114 0.072706
 99.400000 1.039862 2.793507 0.027385
 99.600000 1.012186 2.821133 1.022049
 99.800000 1.117483 2.872095 5.635551
 100.000000 1.042798 2.927051 9.058116
 100.200000 1.123189 2.777446 3.001041
 100.400000 1.092597 2.799724 1.056457
 100.600000 1.064532 2.804363 0.220290
 100.800000 1.062281 2.821708 0.539516
 101.000000 1.039862 2.878895 3.756672
 101.200000 1.062753 2.745216 1.240115
 101.400000 1.116687 2.792856 2.414454
 101.600000 1.036590 2.824944 0.581706
 101.800000 1.066438 2.813255 0.399919
 102.000000 1.030025 2.812652 0.349966
 102.200000 1.044209 2.779248 0.092629
 102.400000 1.070353 2.882383 4.305163
 102.600000 1.132261 2.799824 3.644486
 102.800000 1.108368 2.843038 3.146603
 103.000000 1.092909 2.845967 2.472686
 103.200000 1.051122 2.778146 0.111102
 103.400000 1.035184 2.817238 0.377475
 103.600000 0.983523 2.795139 2.030624
 103.800000 1.068434 2.875907 3.701592
 104.000000 1.025319 2.770296 0.486433
 104.200000 1.102603 2.863147 4.028507
 104.400000 1.112559 2.732818 3.918637
 104.600000 1.050831 2.816256 0.288126
 104.800000 1.064622 2.871847 3.297680
 105.000000 1.058302 2.807435 0.172778
 105.200000 1.033529 2.832438 0.889865
 105.400000 1.087231 2.793816 0.802160
 105.600000 1.001163 2.804737 1.134131
 105.800000 1.106071 2.756234 2.391627
 106.000000 1.073011 2.902595 6.390619
 106.200000 1.103771 2.820432 1.989667
 106.400000 1.064776 2.849897 1.800151
 106.600000 1.096475 2.710304 4.594451
 106.800000 1.120140 2.860695 4.983689
 107.000000 1.109355 2.814274 2.168236
 107.200000 0.998817 2.858546 3.349637
 107.400000 1.070206 2.917798 8.111129
 107.600000 1.046875 2.790717 0.001689
 107.800000 1.066227 2.816642 0.471848
 108.000000 1.001254 2.799676 1.080965
 108.200000 1.017908 2.706095 4.164208
 108.400000 1.084822 2.879789 4.515174
 108.600000 1.062834 2.705402 3.917576
 108.800000 1.017197 2.881813 4.436032
 109.000000 1.036309 2.745110 1.183463
 109.200000 1.134192 2.849888 5.429190
 109.400000 1.026194 2.905773 6.632870
 109.600000 1.074505 2.770112 0.624062
 109.800000 1.043455 2.850595 1.692980
 110.000000 1.067726 2.817560 0.524032
 110.200000 1.042409 2.833258 0.840978
 110.400000 1.112324 2.780704 2.190644
 110.600000 1.062950 2.808959 0.259071
 110.800000 1.106718 2.800109 1.800064
 111.000000 1.078009 2.799412 0.498390
 111.200000 1.000867 2.766252 1.418451
 111.400000 1.027256 2.860312 2.496274
 111.600000 0.984120 2.843798 3.303764
 111.800000 1.091335 2.849912 2.620595
 112.000000 1.123526 2.765866 3.268429
 112.200000 1.028511 2.791309 0.175340
 112.400000 1.115163 2.850330 3.980256
 112.600000 1.098318 2.814808 1.554899
 112.800000 1.068070 2.843788 1.531689
 113.000000 1.061529 2.816241 0.383876
 113.200000 1.023677 2.814292 0.513457
 113.400000 0.984076 2.807453 2.103563
 113.600000 1.002951 2.773168 1.166233
 113.800000 1.149043 2.759060 5.746269
 114.000000 1.045352 2.827651 0.618543
 114.200000 1.069971 2.790922 0.260597
 114.400000 0.995002 2.815387 1.623482
 114.600000 1.073323 2.793206 0.341488
 114.800000 1.051034 2.807957 0.126410
 115.000000 1.123192 2.874967 6.285714
 115.200000 1.106730 2.823539 2.252932
 115.400000 1.063909 2.866769 2.895557
 115.600000 1.052093 2.848719 1.590771
 115.800000 1.007970 2.853980 2.657648
 116.000000 1.019369 2.753221 1.159670
 116.200000 1.028763 2.846683 1.636396
 116.400000 1.084859 2.774385 0.873765
 116.600000 1.057803 2.807317 0.165615
 116.800000 1.174687 2.773288 8.311901
 117.000000 1.119493 2.803368 2.672080
 117.200000 1.118221 2.779765 2.603583
 117.400000 1.068724 2.815688 0.499921
 117.600000 1.143070 2.869165 7.532430
 117.800000 1.051334 2.840548 1.161592
 118.000000 1.071344 2.860813 2.623024
 118.200000 1.049885 2.747648 1.010649
 118.400000 1.043387 2.863682 2.538756
 118.600000 1.079894 2.798378 0.551636
 118.800000 1.053013 2.763558 0.436521
 119.000000 1.162991 2.790831 6.705507
 119.200000 1.067064 2.806050 0.288779
 119.400000 1.052285 2.725566 2.254801
 119.600000 0.975122 2.836511 3.564776
 119.800000 1.041329 2.797337 0.028790
 120.000000 1.033709 2.766811 0.421624
 120.200000 1.109406 2.878908 5.665812
 120.400000 1.092591 2.794271 1.031804
 120.600000 1.081033 2.875604 4.023340
 120.800000 1.080707 2.834238 1.431347
 121.000000 1.024728 2.832391 1.047001
 121.200000 0.978250 2.833214 3.204563
 121.400000 1.022912 2.801481 0.334986
 121.600000 1.053319 2.800488 0.050426
 121.800000 1.094795 2.764954 1.512875
 122.000000 1.077456 2.798567 0.476033
 122.200000 1.128842 2.844678 4.692742
 122.400000 1.008967 2.683018 6.726825
 122.600000 1.011384 2.854128 2.538654
 122.800000 0.987019 2.864312 4.387339
 123.000000 1.013231 2.831770 1.346885
 123.200000 1.129580 2.855245 5.360179
 123.400000 1.106832 2.797760 1.791804
 123.600000 1.153625 2.896435 11.061919
 123.800000 1.069098 2.818139 0.567808
 124.000000 1.025024 2.859023 2.456719
 124.200000 1.079742 2.772111 0.737970
 124.400000 0.971960 2.912358 10.010150
 124.600000 1.102258 2.756125 2.178385
 124.800000 0.965136 2.781414 3.428812
 125.000000 1.087486 2.773360 0.995237
 125.200000 0.985922 2.760058 2.404440
 125.400000 1.063921 2.819439 0.501960
 125.600000 0.995682 2.775827 1.466381
 125.800000 1.060127 2.820913 0.486486
 126.000000 1.095222 2.796843 1.162487
 126.200000 1.052469 2.804878 0.090172
 126.400000 1.163949 2.876403 10.333023
 126.600000 1.034782 2.827928 0.703702
 126.800000 1.137266 2.858748 6.248817
 127.000000 1.016505 2.866022 3.171801
 127.200000 1.043281 2.756061 0.672539
 127.400000 1.056612 2.815439 0.306797
 127.600000 1.108416 2.794422 1.875657
 127.800000 1.052676 2.844880 1.385437
 128.000000 1.058231 2.819450 0.423299
 128.200000 1.010322 2.699630 4.994777
 128.400000 1.072951 2.761079 0.826120
 128.600000 1.050298 2.754618 0.723330
 128.800000 1.065340 2.809159 0.302893
 129.000000 1.122085 2.860893 5.141041
 129.200000 1.041365 2.741275 1.330386
 129.400000 1.158508 2.802894 6.248725
 129.600000 1.062805 2.714905 3.134408
 129.800000 1.152517 2.807637 5.660213
 130.000000 1.104111 2.876410 5.137775
 130.200000 1.072374 2.748611 1.281203
 130.400000 1.112343 2.867171 4.907841
 130.600000 0.990752 2.803460 1.652826
 130.800000 1.050477 2.805711 0.092288
 131.000000 1.001701 2.841738 2.245839
 131.200000 1.066466 2.778438 0.284883
 131.400000 1.066455 2.805075 0.264154
 131.600000 1.038868 2.764407 0.430068
 131.800000 1.043655 2.711858 3.259973
 132.000000 1.088627 2.836547 1.827108
 132.200000 1.062589 2.822660 0.572439
 132.400000 1.049162 2.826150 0.567201
 132.600000 1.081591 2.812610 0.793135
 132.800000 1.078112 2.819250 0.834927
 133.000000 1.108161 2.847080 3.346281
 133.200000 1.123290 2.793487 2.895486
 133.400000 1.097848 2.836058 2.230211
 133.600000 1.044841 2.911118 7.034717
 133.800000 1.094138 2.794017 1.102820
 134.000000 1.024426 2.809828 0.408943
 134.200000 1.096940 2.793329 1.237490
 134.400000 1.054311 2.798526 0.043292
 134.600000 1.050732 2.901547 5.948937
 134.800000 1.064945 2.714587 3.194777
 135.000000 1.002746 2.770090 1.239686
 135.200000 1.095815 2.836513 2.149253
 135.400000 1.070021 2.856151 2.284477
 135.600000 1.033670 2.739202 1.513250
 135.800000 1.116004 2.757503 2.980487
 136.000000 1.087259 2.856165 2.827413
 136.200000 1.060429 2.778598 0.184538
 136.400000 1.069959 2.740612 1.606625
 136.600000 1.036536 2.911336 7.114623
 136.800000 1.032353 2.832593 0.912814
 137.000000 1.062714 2.784512 0.152500
 137.200000 1.113818 2.818259 2.550177
 137.400000 1.118351 2.815198 2.788368
 137.600000 0.996609 2.858879 3.480957
 137.800000 1.128158 2.802448 3.326500
 138.000000 1.072987 2.815871 0.605011
 138.200000 1.069729 2.760593 0.763710
 138.400000 1.045542 2.714031 3.082140
 138.600000 1.092027 2.755566 1.687878
 138.800000 1.112766 2.784870 2.178956
 139.000000 1.098995 2.911251 8.389244
 139.200000 1.062194 2.807211 0.220247
 139.400000 1.062530 2.745294 1.233029
 139.600000 1.062322 2.860265 2.408612
 139.800000 1.061923 2.737470 1.624068
 140.000000 1.164301 2.785563 6.880911
 140.200000 1.066891 2.857363 2.295791
 140.400000 1.006051 2.915754 8.439015
 140.600000 0.991226 2.748022 2.556724
 140.800000 1.076069 2.827286 1.020902
 141.000000 1.030691 2.859961 2.409952
 141.200000 1.134303 2.735187 5.437648
 141.400000 1.065951 2.848182 1.724570
 141.600000 1.028816 2.745641 1.268063
 141.800000 1.100099 2.864059 3.957706
 142.000000 1.046396 2.791070 0.001383
 142.200000 0.996502 2.791971 1.285168
 142.400000 1.083884 2.821309 1.087131
 142.600000 1.090862 2.916318 8.615376
 142.800000 0.975362 2.782857 2.626912
 143.000000 1.030193 2.766956 0.471520
 143.200000 1.070689 2.859089 2.491198
 143.400000 1.071771 2.819371 0.662234
 143.600000 1.121193 2.833345 3.570690
 143.800000 1.117441 2.758112 3.059275
 144.000000 1.134625 2.799807 3.848247
 144.200000 0.973129 2.869129 5.677012
 144.400000 1.037619 2.758650 0.619683
 144.600000 1.025418 2.842148 1.468282
 144.800000 1.042000 2.813985 0.243729
 145.000000 1.042173 2.782083 0.067155
 145.200000 1.086511 2.778745 0.867754
 145.400000 1.092426 2.821398 1.439576
 145.600000 1.066993 2.822527 0.645956
 145.800000 1.094988 2.781767 1.199871
 146.000000 1.098045 2.758903 1.857990
 146.200000 1.053213 2.854108 1.914239
 146.400000 1.109505 2.867642 4.762209
 146.600000 1.080609 2.837270 1.559144
 146.800000 1.163239 2.759052 7.293081
 147.000000 1.047392 2.851334 1.729155
 147.200000 1.113627 2.841011 3.381835
 147.400000 1.038891 2.808076 0.155380
 147.600000 1.014667 2.764997 0.908060
 147.800000 1.153697 2.750747 6.543829
 148.000000 0.978643 2.785913 2.371722
 148.200000 1.036008 2.736935 1.607806
 148.400000 1.058484 2.824461 0.573574
 148.600000 0.931433 2.862247 9.131130
 148.800000 1.029448 2.826364 0.729982
 149.000000 1.057560 2.789931 0.057055
 149.200000 1.123875 2.753415 3.704636
 149.400000 1.083777 2.865386 3.323247
 149.600000 1.070429 2.786796 0.286261
 149.800000 1.122470 2.798007 2.847963
 150.000000 1.093149 2.849720 2.691310
 150.200000 1.092131 2.831382 1.764362
 150.400000 1.014842 2.760895 1.023720
 150.600000 1.060301 2.723590 2.461980
 150.800000 1.039369 2.817919 0.353018
 151.000000 1.114209 2.794005 2.246356
 151.200000 1.000082 2.799231 1.132389
 151.400000 1.015674 2.781302 0.559858
 151.600000 1.052802 2.895129 5.279317
 151.800000 1.089981 2.834760 1.807020
 152.000000 1.073611 2.834298 1.221227
 152.200000 1.014554 2.836625 1.505134
 152.400000 1.002312 2.880737 4.897868
 152.600000 0.984119 2.825341 2.527835
 152.800000 1.080930 2.697999 5.036705
 153.000000 1.003872 2.914542 8.382367
 153.200000 1.052306 2.819419 0.374636
 153.400000 1.082232 2.726129 2.818066
 153.600000 1.066792 2.808643 0.321835
 153.800000 1.022896 2.789156 0.300974
 154.000000 1.043216 2.801180 0.045370
 154.200000 1.074846 2.762813 0.823681
 154.400000 0.979022 2.845052 3.703448
 154.600000 1.083575 2.896903 6.108817
 154.800000 1.128992 2.820882 3.747145
 155.000000 1.014666 2.775362 0.676463
 155.200000 1.087189 2.823934 1.292850
 155.400000 1.031253 2.866592 2.869957
 155.600000 1.077743 2.856683 2.524492
 155.800000 1.038430 2.769976 0.292713
 156.000000 1.030632 2.829863 0.834224
 156.200000 1.076797 2.891685 5.354227
 156.400000 1.044700 2.732722 1.791399
 156.600000 1.149226 2.821587 5.627106
 156.800000 0.915409 2.820779 9.083135
 157.000000 1.071076 2.856060 2.303332
 157.200000 1.024891 2.782858 0.295528
 157.400000 0.979156 2.771725 2.531161
 157.600000 1.094683 2.946760 13.021290
 157.800000 1.064231 2.727548 2.256174
 158.000000 1.198853 2.793799 11.500458
 158.200000 1.076165 2.874920 3.813861
 158.400000 1.081990 2.772124 0.813380
 158.600000 1.066115 2.774519 0.341075
 158.800000 1.111130 2.760348 2.561376
 159.000000 0.989191 2.839244 2.773658
 159.200000 1.050962 2.898396 5.611253
 159.400000 0.968430 2.712590 6.297103
 159.600000 1.067274 2.874892 3.593533
 159.800000 1.059924 2.849727 1.716904
 160.000000 1.145294 2.768434 5.101695
 160.200000 1.065475 2.778295 0.268302
 160.400000 1.079979 2.761681 1.013053
 160.600000 1.025981 2.829847 0.921473
 160.800000 1.092417 2.756773 1.661565
 161.000000 1.023616 2.815682 0.546115
 161.200000 1.060247 2.786630 0.102523
 161.400000 0.929131 2.888795 11.603630
 161.600000 1.105788 2.793858 1.717293
 161.800000 1.028404 2.709864 3.593189
 162.000000 1.107112 2.892115 6.753836
 162.200000 1.076126 2.842977 1.691074
 162.400000 1.010114 2.808476 0.814804
 162.600000 1.087835 2.814724 1.072034
 162.800000 1.074635 2.790414 0.378631
 163.000000 1.035012 2.784738 0.104584
 163.200000 1.059464 2.787299 0.088901
 163.400000 1.011495 2.811152 0.810774
 163.600000 0.976655 2.886436 6.897537
 163.800000 1.070954 2.848754 1.862911
 164.000000 1.051262 2.725164 2.277145
 164.200000 1.059028 2.935037 10.224588
 164.400000 1.077119 2.792760 0.447660
 164.600000 0.963635 2.849222 5.098542
 164.800000 1.003017 2.796542 0.984025
 165.000000 1.045817 2.807098 0.107113
 165.200000 1.140211 2.822272 4.768194
 165.400000 1.008943 2.770561 0.972946
 165.600000 1.079310 2.738207 1.990945
 165.800000 1.045049 2.961229 14.232573
 166.000000 1.083546 2.779800 0.741592
 166.200000 1.092296 2.757567 1.628027
 166.400000 1.079724 2.800301 0.559192
 166.600000 1.111540 2.849348 3.684305
 166.800000 1.123683 2.873706 6.220017
 167.000000 1.104499 2.719663 4.296323
 167.200000 1.112564 2.804408 2.206941
 167.400000 1.007854 2.850017 2.426501
 167.600000 1.057366 2.803536 0.112306
 167.800000 1.012802 2.830448 1.310548
 168.000000 0.987449 2.833968 2.643623
 168.200000 1.060568 2.881039 4.006616
 168.400000 1.133566 2.774772 3.887409
 168.600000 1.087941 2.743842 2.015109
 168.800000 1.143215 2.841682 5.817797
 169.000000 1.015041 2.727384 2.638805
 169.200000 1.090993 2.797303 0.970449
 169.400000 1.007863 2.771692 0.990638
 169.600000 1.044618 2.798698 0.022372
 169.800000 1.058307 2.831988 0.840303
 170.000000 1.113354 2.815364 2.449125
 170.200000 1.060986 2.852184 1.874521
 170.400000 1.004880 2.870958 3.971123
 170.600000 1.098607 2.864751 3.929598
 170.800000 1.037835 2.819687 0.412675
 171.000000 1.065347 2.780106 0.241832
 171.200000 1.026371 2.836640 1.189855
 171.400000 0.988527 2.897696 7.251386
 171.600000 1.047421 2.780138 0.076769
 171.800000 1.045645 2.748759 0.959021
 172.000000 1.057764 2.763931 0.464680
 172.200000 1.027307 2.799327 0.220934
 172.400000 1.092582 2.691830 6.099846
 172.600000 1.066624 2.785967 0.210203
 172.800000 0.994087 2.770334 1.656649
 173.000000 1.079071 2.778176 0.610926
 173.200000 1.010862 2.801570 0.701015
 173.400000 1.011007 2.901456 6.587684
 173.600000 1.087617 2.892013 5.765665
 173.800000 1.054980 2.809157 0.168558
 174.000000 1.084530 2.806034 0.788088
 174.200000 1.063664 2.893970 5.280906
 174.400000 1.072040 2.875439 3.745776
 174.600000 1.023639 2.799006 0.298493
 174.800000 1.034809 2.800585 0.109201
 175.000000 0.960053 2.893828 8.928040
 175.200000 0.976044 2.738505 3.990577
 175.400000 1.124144 2.733928 4.677276
 175.600000 1.009590 2.784474 0.739572
 175.800000 1.124818 2.809276 3.152752
 176.000000 1.056978 2.813485 0.267447
 176.200000 1.029554 2.789386 0.160585
 176.400000 1.045458 2.862324 2.437306
 176.600000 1.032879 2.826185 0.668964
 176.800000 1.138497 2.741233 5.483313
 177.000000 1.118429 2.801102 2.573704
 177.200000 1.061100 2.827801 0.718761
 177.400000 1.102639 2.861094 3.887611
 177.600000 1.045145 2.822263 0.444237
 177.800000 1.018254 2.855219 2.384020
 178.000000 1.061816 2.857008 2.185780
 178.200000 1.087936 2.783907 0.866958
 178.400000 1.069586 2.830036 0.954099
 178.600000 1.075372 2.781522 0.457463
 178.800000 1.073585 2.809296 0.488757
 179.000000 1.021497 2.794060 0.331440
 179.200000 1.033533 2.721094 2.644700
 179.400000 0.998911 2.795758 1.171036
 179.600000 1.030394 2.766869 0.470349
 179.800000 0.990766 2.752466 2.394696
 180.000000 1.128097 2.830147 3.979978
 180.200000 1.061395 2.781213 0.164779
 180.400000 1.045594 2.817521 0.313642
 180.600000 1.088823 2.855131 2.825980
 180.800000 0.993030 2.839573 2.573738
 181.000000 1.034238 2.891934 5.024886
 181.200000 1.079474 2.833907 1.377036
 181.400000 1.088630 2.874792 4.242138
 181.600000 1.127789 2.826790 3.834444
 181.800000 1.000938 2.842023 2.294899
 182.000000 1.078270 2.810217 0.639225
 182.200000 1.043549 2.848105 1.551119
 182.400000 1.026221 2.812862 0.426756
 182.600000 1.053841 2.855269 1.990354
 182.800000 1.019408 2.797295 0.397494
 183.000000 1.050947 2.768057 0.306413
 183.200000 1.070393 2.844569 1.623219
 183.400000 1.099352 2.795046 1.363214
 183.600000 1.048602 2.785177 0.027993
 183.800000 1.038624 2.783116 0.081032
 184.000000 1.088111 2.811758 1.021871
 184.200000 0.913074 2.752118 9.811027
 184.400000 1.027601 2.795975 0.197960
 184.600000 1.038648 2.821461 0.455142
 184.800000 1.031210 2.803890 0.192353
 185.000000 1.115282 2.795019 2.320882
 185.200000 1.004938 2.818804 1.238196
 185.400000 1.021982 2.899967 6.089634
 185.600000 1.164145 2.823282 7.311290
 185.800000 1.060141 2.802051 0.129130
 186.000000 1.131114 2.799156 3.542941
 186.200000 1.069995 2.874711 3.636948
 186.400000 1.089738 2.886342 5.305473
 186.600000 1.032104 2.818854 0.460459
 186.800000 1.076216 2.761711 0.895835
 187.000000 1.101800 2.822085 1.927567
 187.200000 1.028185 2.850921 1.885674
 187.400000 0.994896 2.827176 1.968028
 187.600000 1.049095 2.785502 0.026476
 187.800000 1.025324 2.868122 3.096540
 188.000000 0.984010 2.856921 4.069605
 188.200000 1.089441 2.719150 3.584374
 188.400000 1.009024 2.810813 0.895813
 188.600000 1.007755 2.863499 3.296382
 188.800000 1.208448 2.767099 13.324190
 189.000000 1.084298 2.745343 1.801391
 189.200000 1.110168 2.784511 2.014795
 189.400000 1.113204 2.872598 5.384147
 189.600000 0.934137 2.828232 7.028768
 189.800000 1.083847 2.863137 3.164487
 190.000000 1.019879 2.777764 0.482131
 190.200000 0.993004 2.876659 5.007611
 190.400000 1.129179 2.921633 11.694720
 190.600000 1.024136 2.769209 0.537793
 190.800000 1.079671 2.793627 0.527867
 191.000000 1.091818 2.851070 2.709148
 191.200000 1.056240 2.808470 0.167966
 191.400000 1.034437 2.799912 0.108681
 191.600000 1.056303 2.834111 0.906085
 191.800000 1.116604 2.820205 2.791659
 192.000000 1.052750 2.777233 0.132372
 192.200000 1.113875 2.804925 2.299765
 192.400000 1.036215 2.810204 0.216548
 192.600000 1.102588 2.896527 6.942100
 192.800000 1.039616 2.815513 0.292934
 193.000000 1.079964 2.883800 4.702208
 193.200000 1.004842 2.806066 0.988665
 193.400000 1.049023 2.819086 0.354348
 193.600000 1.099887 2.842423 2.632933
 193.800000 1.202318 2.748493 13.000605
 194.000000 1.091680 2.779876 1.069369
 194.200000 1.108338 2.793220 1.869348
 194.400000 1.057484 2.875716 3.513108
 194.600000 0.955809 2.843525 5.476380
 194.800000 1.010874 2.889044 5.317489
 195.000000 0.956769 2.773933 4.261537
 195.200000 1.133750 2.875609 7.196964
 195.400000 1.045955 2.811010 0.171579
 195.600000 1.123982 2.775254 3.097084
 195.800000 1.068811 2.769372 0.501639
 196.000000 1.129097 2.871218 6.449950
 196.200000 1.012905 2.768767 0.870244
 196.400000 1.040068 2.828830 0.684372
 196.600000 1.060397 2.844206 1.422462
 196.800000 1.012385 2.896424 6.003280
 197.000000 1.042448 2.757673 0.618657
 197.200000 1.063009 2.763249 0.553603
 197.400000 1.056686 2.849867 1.688946
 197.600000 1.022003 2.870782 3.379320
 197.800000 1.157019 2.811871 6.217524
 198.000000 1.096843 2.748096 2.219377
 198.200000 1.053357 2.874035 3.340728
 198.400000 1.063183 2.787002 0.143031
 198.600000 0.942666 2.782483 5.513879
 198.800000 0.982983 2.870723 5.119108
 199.000000 1.096097 2.819020 1.546531
 199.200000 1.118566 2.809895 2.697535
 199.400000 1.053670 2.690273 5.248867
 199.600000 1.128184 2.764850 3.662452
 199.800000 1.080206 2.908513 7.271127
 200.000000 1.069387 2.746179 1.320225
