#! FIELDS time phi psi restraint.bias
#! SET min_phi -pi
#! SET max_phi pi
#! SET min_psi -pi
#! SET max_psi pi
 0.000000 -0.533143 -1.466552 60.107734
 0.200000 -0.869306 -1.359889 0.667188
 0.400000 -0.948706 -1.281954 9.424531
 0.600000 -0.852797 -1.335115 2.066935
 0.800000 -0.885882 -1.331018 2.215845
 1.000000 -0.875964 -1.375556 0.219841
 1.200000 -0.888972 -1.329027 2.393316
 1.400000 -0.865827 -1.365802 0.487323
 1.600000 -0.930587 -1.377121 1.860714
 1.800000 -0.859659 -1.375211 0.306171
 2.000000 -0.818726 -1.420835 1.756554
 2.200000 -0.885310 -1.312510 3.587280
 2.400000 -1.004452 -1.452988 10.292770
 2.600000 -0.909951 -1.332642 2.718970
 2.800000 -0.805132 -1.437766 3.141587
 3.000000 -0.962355 -1.384219 4.094707
 3.200000 -0.911896 -1.331323 2.878179
 3.400000 -0.852768 -1.407844 0.264995
 3.600000 -0.904697 -1.381425 0.623123
 3.800000 -0.919423 -1.289061 6.839306
 4.000000 -0.830634 -1.484880 4.809715
 4.200000 -0.912289 -1.382510 0.879628
 4.400000 -0.892715 -1.384963 0.264847
 4.600000 -0.840073 -1.366894 0.962398
 4.800000 -0.931909 -1.356227 2.556398
 5.000000 -0.917156 -1.311385 4.591929
 5.200000 -0.985231 -1.406800 6.391149
 5.400000 -0.908205 -1.315024 3.931487
 5.600000 -0.820392 -1.329662 3.584051
 5.800000 -0.882690 -1.410355 0.149533
 6.000000 -0.809973 -1.383992 2.040427
 6.200000 -0.978757 -1.297831 10.472254
 6.400000 -0.903401 -1.205403 18.686238
 6.600000 -0.799304 -1.321198 5.508251
 6.800000 -0.855587 -1.398664 0.148703
 7.000000 -0.860199 -1.390811 0.092563
 7.200000 -0.898567 -1.301821 4.795170
 7.400000 -0.897014 -1.351706 1.289114
 7.600000 -0.871299 -1.308780 3.827596
 7.800000 -0.869974 -1.398904 0.007106
 8.000000 -0.860885 -1.402656 0.089807
 8.200000 -0.894550 -1.280704 6.916431
 8.400000 -0.949022 -1.394606 2.916626
 8.600000 -0.941948 -1.367344 2.818243
 8.800000 -0.848416 -1.391786 0.304029
 9.000000 -0.914563 -1.359128 1.567264
 9.200000 -0.792940 -1.319139 6.152076
 9.400000 -0.859916 -1.458840 2.039168
 9.600000 -0.934997 -1.390017 1.962146
 9.800000 -0.910886 -1.417906 0.964653
 10.000000 -0.925457 -1.365185 1.876466
 10.200000 -0.884019 -1.331691 2.149283
 10.400000 -0.859351 -1.327842 2.429363
 10.600000 -0.860519 -1.375055 0.298667
 10.800000 -0.869211 -1.427943 0.507767
 11.000000 -0.902662 -1.413181 0.593015
 11.200000 -0.912121 -1.361650 1.377447
 11.400000 -0.901375 -1.352984 1.348684
 11.600000 -0.907494 -1.345704 1.884675
 11.800000 -0.944209 -1.397571 2.560177
 12.000000 -0.877021 -1.387898 0.044482
 12.200000 -0.835208 -1.294442 5.885302
 12.400000 -0.828088 -1.450077 2.441454
 12.600000 -1.008267 -1.325766 11.679013
 12.800000 -0.926847 -1.363410 2.007523
 13.000000 -0.838600 -1.389473 0.603250
 13.200000 -0.842752 -1.346683 1.676477
 13.400000 -0.843562 -1.379961 0.556384
 13.600000 -0.927314 -1.451046 2.993804
 13.800000 -0.951429 -1.388539 3.131718
 14.000000 -0.841546 -1.283782 6.810211
 14.200000 -0.869248 -1.446939 1.289848
 14.400000 -0.850537 -1.338040 1.939810
 14.600000 -0.949208 -1.435363 3.693842
 14.800000 -0.968918 -1.331691 6.717188
 15.000000 -0.944930 -1.306127 6.673444
 15.200000 -0.893699 -1.460582 2.289692
 15.400000 -0.765011 -1.347213 6.997638
 15.600000 -0.904311 -1.374498 0.737627
 15.800000 -0.807425 -1.400833 2.138563
 16.000000 -0.809514 -1.326989 4.393422
 16.200000 -0.974407 -1.364545 5.678754
 16.400000 -0.904140 -1.378904 0.646013
 16.600000 -0.862635 -1.325258 2.571179
 16.800000 -0.856337 -1.395822 0.133391
 17.000000 -0.871124 -1.337367 1.735568
 17.200000 -0.881071 -1.346646 1.266271
 17.400000 -0.895590 -1.348959 1.381657
 17.600000 -0.824594 -1.369753 1.506780
 17.800000 -0.923069 -1.344316 2.619536
 18.000000 -0.898040 -1.351355 1.330309
 18.200000 -0.820859 -1.320884 4.182944
 18.400000 -0.886036 -1.356405 0.883742
 18.600000 -0.916487 -1.329066 3.217921
 18.800000 -0.804568 -1.396946 2.318792
 19.000000 -0.843850 -1.361417 1.022258
 19.200000 -0.899337 -1.420985 0.661272
 19.400000 -0.946280 -1.292921 8.049451
 19.600000 -0.906456 -1.339454 2.184555
 19.800000 -0.894011 -1.454375 1.916329
 20.000000 -0.859520 -1.301115 4.613015
 20.200000 -0.913168 -1.383105 0.906835
 20.400000 -0.905747 -1.344222 1.901354
 20.600000 -0.868335 -1.345570 1.294274
 20.800000 -0.856266 -1.489078 4.441700
 21.000000 -0.918707 -1.318594 4.076210
 21.200000 -0.808418 -1.405563 2.107028
 21.400000 -0.876281 -1.429149 0.547283
 21.600000 -0.936387 -1.325746 4.516622
 21.800000 -0.924741 -1.426407 1.810324
 22.000000 -0.823875 -1.364670 1.689271
 22.200000 -0.783475 -1.321454 6.775637
 22.400000 -0.955715 -1.355333 4.286322
 22.600000 -0.902648 -1.402767 0.470648
 22.800000 -0.907620 -1.278586 7.534958
 23.000000 -0.909911 -1.457689 2.580239
 23.200000 -0.883130 -1.337567 1.777373
 23.400000 -0.926816 -1.381629 1.573245
 23.600000 -0.848671 -1.435599 1.061479
 23.800000 -0.815153 -1.384584 1.721985
 24.000000 -0.879040 -1.369419 0.380636
 24.200000 -0.864627 -1.342921 1.455025
 24.400000 -0.828721 -1.484769 4.882136
 24.600000 -1.071773 -1.382871 19.911676
 24.800000 -0.859790 -1.363197 0.629563
 25.000000 -0.803330 -1.379864 2.538121
 25.200000 -0.942971 -1.402629 2.491715
 25.400000 -0.939655 -1.390005 2.263440
 25.600000 -0.817162 -1.380711 1.661224
 25.800000 -0.867122 -1.371951 0.310907
 26.000000 -0.912518 -1.320855 3.637393
 26.200000 -0.859728 -1.487513 4.246879
 26.400000 -0.957899 -1.419203 3.895535
 26.600000 -0.954647 -1.312285 6.886776
 26.800000 -0.849848 -1.378185 0.423712
 27.000000 -0.829427 -1.426029 1.377756
 27.200000 -0.956514 -1.399720 3.521315
 27.400000 -0.927922 -1.295430 6.610367
 27.600000 -0.887107 -1.325567 2.603261
 27.800000 -0.857840 -1.384928 0.174126
 28.000000 -0.887152 -1.444022 1.245391
 28.200000 -0.930305 -1.323066 4.340196
 28.400000 -0.817885 -1.398211 1.502284
 28.600000 -0.862190 -1.324984 2.595273
 28.800000 -0.909651 -1.387749 0.720229
 29.000000 -0.918703 -1.406703 1.114233
 29.200000 -0.891675 -1.414397 0.345121
 29.400000 -0.834703 -1.268741 8.851492
 29.600000 -0.916023 -1.309542 4.700276
 29.800000 -0.931738 -1.403332 1.769794
 30.000000 -0.874967 -1.345097 1.311654
 30.200000 -0.817132 -1.315076 4.837609
 30.400000 -0.861162 -1.429690 0.624827
 30.600000 -0.902085 -1.402072 0.449648
 30.800000 -0.919191 -1.395697 1.082491
 31.000000 -0.826904 -1.386554 1.094164
 31.200000 -0.845583 -1.312902 3.841267
 31.400000 -0.888874 -1.376738 0.321978
 31.600000 -0.959807 -1.256315 13.589591
 31.800000 -0.889808 -1.369275 0.511119
 32.000000 -0.888170 -1.295818 5.164806
 32.200000 -0.868218 -1.390284 0.027765
 32.400000 -0.879693 -1.436431 0.831437
 32.600000 -0.886587 -1.286666 6.102659
 32.800000 -0.741923 -1.320566 11.411714
 33.000000 -0.937850 -1.304969 6.291906
 33.200000 -0.868121 -1.245844 11.323362
 33.400000 -0.935734 -1.389555 2.011373
 33.600000 -0.889720 -1.310390 3.832597
 33.800000 -0.893709 -1.367426 0.637226
 34.000000 -0.915318 -1.396356 0.909673
 34.200000 -0.903962 -1.402726 0.510660
 34.400000 -0.837548 -1.336232 2.418487
 34.600000 -0.867284 -1.304025 4.268443
 34.800000 -0.808313 -1.351615 3.067330
 35.000000 -0.887163 -1.386541 0.152363
 35.200000 -0.934419 -1.380327 2.033794
 35.400000 -0.847637 -1.302750 4.685570
 35.600000 -0.876443 -1.349548 1.098281
 35.800000 -0.941943 -1.341177 3.916994
 36.000000 -0.908683 -1.346342 1.894738
 36.200000 -0.802900 -1.305960 6.510923
 36.400000 -0.914306 -1.348477 2.008763
 36.600000 -0.743135 -1.336455 10.177400
 36.800000 -0.851672 -1.342407 1.670575
 37.000000 -0.911507 -1.385918 0.807872
 37.200000 -0.868659 -1.255607 9.900172
 37.400000 -0.899792 -1.352329 1.333090
 37.600000 -0.841151 -1.289590 6.186171
 37.800000 -0.752163 -1.249377 18.048162
 38.000000 -0.956875 -1.369938 3.892260
 38.200000 -0.847877 -1.280860 6.966132
 38.400000 -0.871888 -1.364117 0.516992
 38.600000 -0.839705 -1.434520 1.274961
 38.800000 -0.812877 -1.322695 4.493424
 39.000000 -0.943319 -1.322117 5.244828
 39.200000 -0.904594 -1.313824 3.907868
 39.400000 -0.913583 -1.409094 0.919452
 39.600000 -0.911973 -1.424935 1.183624
 39.800000 -0.853913 -1.310159 3.882814
 40.000000 -0.903174 -1.414628 0.634028
 40.200000 -0.786989 -1.404019 3.700215
 40.400000 -0.796467 -1.326776 5.317319
 40.600000 -0.984898 -1.356516 7.088106
 40.800000 -0.824296 -1.317461 4.274688
 41.000000 -0.948246 -1.424316 3.249743
 41.200000 -0.913861 -1.293603 6.118102
 41.400000 -0.808645 -1.298749 6.803758
 41.600000 -0.905295 -1.444702 1.705513
 41.800000 -0.919055 -1.252422 11.421174
 42.000000 -0.873744 -1.330651 2.153108
 42.200000 -0.798858 -1.359193 3.410771
 42.400000 -0.842204 -1.284385 6.722258
 42.600000 -0.938820 -1.400757 2.198352
 42.800000 -0.846924 -1.377977 0.498483
 43.000000 -0.949888 -1.326202 5.436016
 43.200000 -0.907560 -1.333520 2.577214
 43.400000 -0.814374 -1.319600 4.637573
 43.600000 -0.891105 -1.348845 1.294294
 43.800000 -0.833465 -1.404614 0.803169
 44.000000 -0.863684 -1.382821 0.130679
 44.200000 -0.845532 -1.390913 0.382405
 44.400000 -0.904163 -1.332518 2.527820
 44.600000 -0.935081 -1.317748 5.030299
 44.800000 -0.949355 -1.327268 5.320900
 45.000000 -0.817563 -1.349446 2.613991
 45.200000 -0.873618 -1.276624 7.157244
 45.400000 -0.899551 -1.351966 1.342563
 45.600000 -0.938526 -1.327025 4.565801
 45.800000 -0.752977 -1.455328 8.906822
 46.000000 -0.844585 -1.279975 7.155729
 46.200000 -0.839864 -1.308004 4.432769
 46.400000 -0.889506 -1.389651 0.163682
 46.600000 -0.860618 -1.317915 3.141788
 46.800000 -0.862119 -1.331843 2.130589
 47.000000 -0.791580 -1.304364 7.510105
 47.200000 -0.903419 -1.331244 2.586638
 47.400000 -0.822342 -1.341386 2.771920
 47.600000 -0.870913 -1.343743 1.380719
 47.800000 -0.851298 -1.223579 15.138229
 48.000000 -0.840832 -1.214972 16.939877
 48.200000 -0.950323 -1.380901 3.133402
 48.400000 -0.756027 -1.343480 8.195223
 48.600000 -0.963567 -1.309033 7.936243
 48.800000 -0.860783 -1.291559 5.552069
 49.000000 -0.956624 -1.325986 5.994078
 49.200000 -0.890712 -1.385943 0.216099
 49.400000 -0.836172 -1.327257 3.046787
 49.600000 -0.794187 -1.353587 3.989997
 49.800000 -0.830510 -1.375803 1.097827
 50.000000 -0.856882 -1.408102 0.194623
 50.200000 -0.844294 -1.347030 1.614408
 50.400000 -0.932233 -1.374816 2.004203
 50.600000 -0.840375 -1.269045 8.613503
 50.800000 -0.846155 -1.355271 1.191563
 51.000000 -0.889902 -1.440315 1.118830
 51.200000 -0.890864 -1.340858 1.700504
 51.400000 -0.866853 -1.354927 0.871228
 51.600000 -0.879831 -1.260136 9.291039
 51.800000 -0.852012 -1.339688 1.813661
 52.000000 -0.907104 -1.332501 2.625855
 52.200000 -0.885262 -1.289613 5.766532
 52.400000 -0.836492 -1.329370 2.891606
 52.600000 -0.904637 -1.305123 4.664457
 52.800000 -0.853770 -1.396066 0.178529
 53.000000 -0.887329 -1.432182 0.752599
 53.200000 -0.912183 -1.334384 2.695360
 53.400000 -0.823740 -1.293717 6.454673
 53.600000 -0.866417 -1.386355 0.068603
 53.800000 -0.886867 -1.401055 0.112334
 54.000000 -0.943558 -1.329186 4.762593
 54.200000 -0.871617 -1.401250 0.012981
 54.400000 -0.933546 -1.383098 1.939946
 54.600000 -0.811089 -1.389119 1.921298
 54.800000 -0.929020 -1.446483 2.848961
 55.000000 -0.821151 -1.412516 1.458883
 55.200000 -0.888896 -1.299918 4.772982
 55.400000 -0.917081 -1.412487 1.118015
 55.600000 -0.887942 -1.361272 0.728905
 55.800000 -0.909097 -1.394102 0.665991
 56.000000 -0.884017 -1.373363 0.326646
 56.200000 -0.901717 -1.305243 4.564408
 56.400000 -0.771529 -1.389514 5.137028
 56.600000 -0.955999 -1.431852 4.105604
 56.800000 -0.860490 -1.309163 3.867340
 57.000000 -0.863908 -1.349998 1.108585
 57.200000 -0.769786 -1.422246 5.629576
 57.400000 -0.825944 -1.354345 1.970010
 57.600000 -0.908909 -1.393391 0.660966
 57.800000 -0.942912 -1.272499 10.126168
 58.000000 -0.894090 -1.254422 10.289070
 58.200000 -0.873335 -1.350901 1.029083
 58.400000 -0.873934 -1.343001 1.419230
 58.600000 -0.885175 -1.325308 2.595601
 58.800000 -0.884838 -1.211031 17.229654
 59.000000 -0.911545 -1.344794 2.080384
 59.200000 -0.829717 -1.401748 0.937280
 59.400000 -0.875650 -1.322651 2.713853
 59.600000 -0.904087 -1.342511 1.938325
 59.800000 -0.786092 -1.409417 3.833895
 60.000000 -0.935630 -1.308689 5.816998
 60.200000 -0.926629 -1.378793 1.608677
 60.400000 -0.862292 -1.321274 2.865535
 60.600000 -0.907543 -1.250010 11.303231
 60.800000 -0.852221 -1.380873 0.327409
 61.000000 -0.833387 -1.381864 0.875054
 61.200000 -0.838485 -1.415061 0.760804
 61.400000 -0.866819 -1.312147 3.554848
 61.600000 -0.944288 -1.249004 13.407618
 61.800000 -0.889706 -1.390943 0.159350
 62.000000 -0.850760 -1.361714 0.836741
 62.200000 -0.789105 -1.344352 4.838487
 62.400000 -0.941785 -1.301150 6.912061
 62.600000 -0.784566 -1.294837 9.024316
 62.800000 -0.883263 -1.401509 0.069920
 63.000000 -0.954316 -1.312572 6.835555
 63.200000 -0.952785 -1.302854 7.572303
 63.400000 -0.918389 -1.379788 1.181076
 63.600000 -0.804202 -1.342559 3.785648
 63.800000 -0.838409 -1.349081 1.699822
 64.000000 -0.832948 -1.358553 1.499750
 64.200000 -0.895760 -1.281831 6.814109
 64.400000 -0.905803 -1.341151 2.067750
 64.600000 -0.894422 -1.286219 6.291516
 64.800000 -0.791342 -1.350214 4.366968
 65.000000 -0.851741 -1.354287 1.099897
 65.200000 -0.926485 -1.276400 8.631945
 65.400000 -0.824123 -1.347690 2.357833
 65.600000 -0.935842 -1.363119 2.545001
 65.800000 -0.834530 -1.354402 1.603303
 66.000000 -0.944144 -1.291082 8.086286
 66.200000 -0.916546 -1.411969 1.086140
 66.400000 -0.877665 -1.367201 0.434806
 66.600000 -0.840036 -1.319795 3.456042
 66.800000 -0.889869 -1.319304 3.109407
 67.000000 -0.889177 -1.364862 0.629345
 67.200000 -0.934635 -1.362671 2.484350
 67.400000 -0.860284 -1.342255 1.535080
 67.600000 -0.893389 -1.307408 4.162360
 67.800000 -0.806358 -1.428281 2.710804
 68.000000 -0.982638 -1.394935 6.048005
 68.200000 -0.900687 -1.322653 3.101863
 68.400000 -0.882870 -1.295505 5.128159
 68.600000 -0.986907 -1.297112 11.441190
 68.800000 -0.848448 -1.384599 0.361240
 69.000000 -0.869314 -1.344314 1.354977
 69.200000 -0.861824 -1.312513 3.565833
 69.400000 -0.958582 -1.336453 5.479572
 69.600000 -0.918015 -1.306365 5.069141
 69.800000 -0.808069 -1.404850 2.123132
 70.000000 -0.939111 -1.379578 2.346782
 70.200000 -0.867529 -1.232381 13.441893
 70.400000 -0.872213 -1.399011 0.003877
 70.600000 -0.968548 -1.384929 4.661008
 70.800000 -0.806163 -1.314536 5.550957
 71.000000 -0.872067 -1.458692 1.948845
 71.200000 -0.995921 -1.239929 19.816302
 71.400000 -0.817601 -1.324262 4.108122
 71.600000 -0.858408 -1.453570 1.743641
 71.800000 -0.846053 -1.249544 11.117435
 72.000000 -1.003019 -1.322404 11.223769
 72.200000 -0.827481 -1.448922 2.407266
 72.400000 -0.889132 -1.310118 3.846094
 72.600000 -0.893316 -1.340121 1.789219
 72.800000 -0.819973 -1.444444 2.548935
 73.000000 -0.931220 -1.420028 1.996758
 73.200000 -0.879519 -1.342220 1.483859
 73.400000 -0.859517 -1.379364 0.229221
 73.600000 -0.823259 -1.396205 1.220443
 73.800000 -0.880264 -1.387068 0.071156
 74.000000 -0.947742 -1.380972 2.935246
 74.200000 -0.874367 -1.351957 0.982970
 74.400000 -0.878243 -1.317150 3.145011
 74.600000 -0.943236 -1.413026 2.630689
 74.800000 -0.853954 -1.424306 0.568236
 75.000000 -0.830295 -1.427065 1.371977
 75.200000 -0.817247 -1.280355 8.252985
 75.400000 -0.890561 -1.347541 1.347067
 75.600000 -0.839304 -1.334298 2.476287
 75.800000 -0.871271 -1.472089 2.875743
 76.000000 -0.938563 -1.319652 5.105969
 76.200000 -0.822706 -1.312641 4.744308
 76.400000 -0.858297 -1.420428 0.395175
 76.600000 -0.891745 -1.375050 0.407044
 76.800000 -0.835812 -1.422629 1.026629
 77.000000 -0.813783 -1.326519 4.165658
 77.200000 -0.803838 -1.336961 4.126921
 77.400000 -0.884013 -1.391410 0.076174
 77.600000 -0.916851 -1.397780 0.977377
 77.800000 -0.977507 -1.313793 8.896715
 78.000000 -0.835982 -1.395787 0.672907
 78.200000 -0.863727 -1.306639 4.056213
 78.400000 -0.825314 -1.350417 2.171954
 78.600000 -0.842937 -1.447576 1.758367
 78.800000 -0.927860 -1.383582 1.603641
 79.000000 -0.905600 -1.402779 0.563610
 79.200000 -0.818979 -1.240634 13.551342
 79.400000 -0.832891 -1.358535 1.502687
 79.600000 -0.895788 -1.350766 1.302342
 79.800000 -0.956268 -1.337434 5.225208
 80.000000 -0.880262 -1.385399 0.087874
 80.200000 -0.851093 -1.335676 2.068065
 80.400000 -0.914157 -1.356228 1.662257
 80.600000 -0.860895 -1.364313 0.579672
 80.800000 -0.820966 -1.357809 2.075733
 81.000000 -0.884692 -1.368997 0.444044
 81.200000 -0.926403 -1.237342 14.071994
 81.400000 -0.829552 -1.383955 1.005100
 81.600000 -0.971280 -1.433186 5.544134
 81.800000 -0.956600 -1.300997 8.060392
 82.000000 -0.848853 -1.293196 5.594938
 82.200000 -0.818856 -1.359546 2.121745
 82.400000 -0.910521 -1.398621 0.719338
 82.600000 -0.885024 -1.359576 0.749367
 82.800000 -0.841474 -1.354189 1.371568
 83.000000 -0.859570 -1.312587 3.586614
 83.200000 -0.892775 -1.299424 4.891120
 83.400000 -0.918340 -1.378332 1.203884
 83.600000 -0.885757 -1.348119 1.244662
 83.800000 -0.920019 -1.350990 2.146047
 84.000000 -0.902362 -1.318089 3.496569
 84.200000 -0.768713 -1.313033 8.866596
 84.400000 -0.923776 -1.363551 1.841219
 84.600000 -0.950626 -1.346728 4.265868
 84.800000 -0.913670 -1.344392 2.186018
 85.000000 -0.803833 -1.359073 3.060422
 85.200000 -0.769598 -1.333227 7.298183
 85.400000 -0.835901 -1.346390 1.919473
 85.600000 -0.916417 -1.367257 1.377807
 85.800000 -0.958731 -1.283329 10.080834
 86.000000 -0.842816 -1.359293 1.128870
 86.200000 -0.805234 -1.372407 2.557986
 86.400000 -0.795519 -1.318821 5.974390
 86.600000 -0.844439 -1.375608 0.611669
 86.800000 -0.927203 -1.400178 1.494897
 87.000000 -0.894460 -1.344011 1.602678
 87.200000 -0.893030 -1.307940 4.107925
 87.400000 -0.862910 -1.380565 0.170800
 87.600000 -0.861216 -1.411167 0.176596
 87.800000 -0.914009 -1.377396 1.032682
 88.000000 -0.841773 -1.290061 6.116666
 88.200000 -0.897841 -1.318447 3.344592
 88.400000 -0.843561 -1.390668 0.439157
 88.600000 -0.880413 -1.388245 0.062172
 88.800000 -0.897626 -1.352089 1.287200
 89.000000 -0.876965 -1.326565 2.438193
 89.200000 -0.852393 -1.368762 0.583650
 89.400000 -0.896605 -1.329871 2.490534
 89.600000 -0.930558 -1.465592 4.079023
 89.800000 -0.913049 -1.332048 2.877282
 90.000000 -0.793311 -1.311182 6.767958
 90.200000 -0.908323 -1.414015 0.793315
 90.400000 -0.892485 -1.360287 0.843588
 90.600000 -0.927664 -1.438691 2.412542
 90.800000 -0.886961 -1.344926 1.419954
 91.000000 -0.869762 -1.354659 0.869696
 91.200000 -0.876280 -1.363843 0.532066
 91.400000 -0.764084 -1.335550 7.737945
 91.600000 -0.972204 -1.349878 6.029820
 91.800000 -0.911469 -1.335716 2.585863
 92.000000 -0.899735 -1.411376 0.480606
 92.200000 -0.835265 -1.315098 3.993248
 92.400000 -0.777715 -1.359332 5.189718
 92.600000 -0.971831 -1.368271 5.308788
 92.800000 -0.821975 -1.393608 1.288258
 93.000000 -0.855436 -1.369505 0.506417
 93.200000 -0.873997 -1.332210 2.052279
 93.400000 -0.851096 -1.364337 0.742270
 93.600000 -0.887223 -1.401151 0.117919
 93.800000 -0.883076 -1.402352 0.072734
 94.000000 -0.952417 -1.360738 3.811249
 94.200000 -0.849342 -1.291226 5.788372
 94.400000 -0.855826 -1.349979 1.212865
 94.600000 -0.874819 -1.472131 2.880256
 94.800000 -0.989708 -1.365020 7.337620
 95.000000 -0.843799 -1.360263 1.064618
 95.200000 -0.930428 -1.316106 4.880953
 95.400000 -0.845491 -1.311624 3.951132
 95.600000 -0.864893 -1.406386 0.081430
 95.800000 -0.912310 -1.485478 4.765509
 96.000000 -0.895568 -1.357744 1.004147
 96.200000 -0.924440 -1.400226 1.348194
 96.400000 -0.884998 -1.355126 0.922202
 96.600000 -0.889248 -1.348554 1.275603
 96.800000 -0.920936 -1.374979 1.391595
 97.000000 -0.846644 -1.323438 2.990272
 97.200000 -0.832655 -1.384216 0.872956
 97.400000 -0.885213 -1.364712 0.576473
 97.600000 -0.893428 -1.425271 0.636269
 97.800000 -0.864261 -1.247733 11.065962
 98.000000 -0.905540 -1.233950 13.713257
 98.200000 -0.868688 -1.328231 2.322115
 98.400000 -0.856664 -1.377695 0.300413
 98.600000 -0.878989 -1.303099 4.359838
 98.800000 -0.819003 -1.347047 2.650947
 99.000000 -0.867592 -1.245371 11.397169
 99.200000 -0.847830 -1.319330 3.267764
 99.400000 -0.887047 -1.282942 6.524349
 99.600000 -0.906299 -1.274711 7.953119
 99.800000 -0.874525 -1.316347 3.195046
 100.000000 -0.905806 -1.378802 0.701644
 100.200000 -0.786997 -1.326395 6.110305
 100.400000 -0.927123 -1.353062 2.416014
 100.600000 -0.823007 -1.385491 1.290962
 100.800000 -0.905939 -1.338068 2.246939
 101.000000 -0.858524 -1.327758 2.446450
 101.200000 -0.880626 -1.260829 9.202936
 101.400000 -0.857837 -1.399399 0.114841
 101.600000 -0.853669 -1.410146 0.276789
 101.800000 -0.876722 -1.361279 0.620181
 102.000000 -0.837024 -1.328680 2.918845
 102.200000 -0.963606 -1.306326 8.179513
 102.400000 -0.877969 -1.316276 3.213047
 102.600000 -0.833056 -1.385691 0.840316
 102.800000 -0.889484 -1.284130 6.428437
 103.000000 -0.776364 -1.321505 7.431245
 103.200000 -0.858873 -1.327804 2.438427
 103.400000 -0.997754 -1.324025 10.432844
 103.600000 -0.785668 -1.278244 10.748485
 103.800000 -0.911109 -1.298071 5.559818
 104.000000 -0.758619 -1.269918 14.484863
 104.200000 -0.974921 -1.371263 5.540729
 104.400000 -0.906440 -1.383232 0.655282
 104.600000 -0.853846 -1.270792 8.048550
 104.800000 -0.861403 -1.340155 1.637508
 105.000000 -0.881587 -1.345203 1.343397
 105.200000 -0.948851 -1.376398 3.099528
 105.400000 -0.882939 -1.431479 0.672847
 105.600000 -0.801026 -1.319311 5.526903
 105.800000 -0.770537 -1.368507 5.600257
 106.000000 -0.890832 -1.332939 2.170037
 106.200000 -0.891322 -1.329484 2.403775
 106.400000 -0.966873 -1.375078 4.662029
 106.600000 -0.905110 -1.319354 3.483896
 106.800000 -0.784971 -1.376910 4.032341
 107.000000 -0.941208 -1.380774 2.469056
 107.200000 -0.821630 -1.380622 1.424581
 107.400000 -0.814181 -1.372887 1.983396
 107.600000 -0.908685 -1.331704 2.732732
 107.800000 -0.836033 -1.262234 9.652908
 108.000000 -0.915387 -1.362354 1.487510
 108.200000 -0.940241 -1.328080 4.607808
 108.400000 -0.866375 -1.248435 10.946449
 108.600000 -0.916537 -1.425247 1.382433
 108.800000 -0.915281 -1.278871 7.798597
 109.000000 -0.873743 -1.232142 13.468576
 109.200000 -0.822207 -1.355952 2.085468
 109.400000 -0.891709 -1.327963 2.513794
 109.600000 -0.869712 -1.391133 0.017520
 109.800000 -0.883620 -1.356193 0.862849
 110.000000 -0.839904 -1.343015 1.954346
 110.200000 -0.906759 -1.314555 3.919352
 110.400000 -0.792710 -1.385053 3.259229
 110.600000 -0.851004 -1.376362 0.432629
 110.800000 -0.885880 -1.345600 1.370716
 111.000000 -0.876580 -1.305956 4.085348
 111.200000 -0.888033 -1.320266 3.005920
 111.400000 -0.856615 -1.385380 0.188017
 111.600000 -0.899880 -1.333263 2.354855
 111.800000 -0.811475 -1.364764 2.368222
 112.000000 -0.885961 -1.308914 3.903384
 112.200000 -0.938447 -1.357269 2.923929
 112.400000 -0.879234 -1.302688 4.399737
 112.600000 -0.938060 -1.349190 3.246253
 112.800000 -0.867767 -1.297084 4.930278
 113.000000 -0.878367 -1.318662 3.027286
 113.200000 -0.796760 -1.386113 2.932294
 113.400000 -0.894175 -1.355405 1.066047
 113.600000 -0.856481 -1.297675 4.990765
 113.800000 -0.863909 -1.363414 0.577864
 114.000000 -0.867631 -1.272644 7.653559
 114.200000 -0.953361 -1.397156 3.256325
 114.400000 -0.816830 -1.355703 2.381317
 114.600000 -0.800882 -1.326089 5.038607
 114.800000 -0.840683 -1.322539 3.229053
 115.000000 -0.870749 -1.387156 0.043308
 115.200000 -0.988950 -1.269360 14.813381
 115.400000 -0.848243 -1.336294 2.096398
 115.600000 -0.890174 -1.415757 0.343294
 115.800000 -0.822209 -1.318120 4.326086
 116.000000 -0.890153 -1.375488 0.368724
 116.200000 -0.850529 -1.352385 1.207657
 116.400000 -1.030644 -1.299353 17.174645
 116.600000 -0.872428 -1.423055 0.358927
 116.800000 -0.825454 -1.301274 5.625884
 117.000000 -0.773128 -1.423433 5.322900
 117.200000 -0.937773 -1.417355 2.342005
 117.400000 -0.879173 -1.334954 1.900632
 117.600000 -0.959548 -1.421405 4.090418
 117.800000 -0.861099 -1.343820 1.442056
 118.000000 -0.808623 -1.388838 2.078213
 118.200000 -0.995127 -1.372703 7.776065
 118.400000 -0.843972 -1.260839 9.581594
 118.600000 -0.877796 -1.416550 0.218933
 118.800000 -0.838730 -1.418312 0.818852
 119.000000 -0.860298 -1.337513 1.802256
 119.200000 -0.955914 -1.354846 4.322935
 119.400000 -0.816316 -1.334815 3.475545
 119.600000 -0.967816 -1.307820 8.437966
 119.800000 -0.848699 -1.414416 0.451943
 120.000000 -0.885903 -1.299160 4.802156
 120.200000 -0.942875 -1.408281 2.536932
 120.400000 -0.901573 -1.391701 0.428249
 120.600000 -0.780322 -1.288791 10.038722
 120.800000 -0.883101 -1.276173 7.265347
 121.000000 -0.923883 -1.305887 5.395661
 121.200000 -0.884675 -1.397962 0.073563
 121.400000 -0.981028 -1.283455 12.234101
 121.600000 -0.841635 -1.249174 11.299112
 121.800000 -0.841126 -1.418262 0.739298
 122.000000 -0.841583 -1.345983 1.747065
 122.200000 -0.939228 -1.335848 4.040372
 122.400000 -0.898962 -1.377888 0.514590
 122.600000 -0.854942 -1.362555 0.725182
 122.800000 -0.802917 -1.377558 2.607312
 123.000000 -0.785863 -1.345463 5.057601
 123.200000 -0.891227 -1.334154 2.101071
 123.400000 -0.998972 -1.358401 8.693513
 123.600000 -0.965274 -1.300803 8.844599
 123.800000 -0.806448 -1.373719 2.446468
 124.000000 -0.836852 -1.388400 0.672195
 124.200000 -0.826231 -1.342784 2.508085
 124.400000 -0.938876 -1.338392 3.866562
 124.600000 -0.848433 -1.393576 0.297207
 124.800000 -0.898315 -1.311077 3.957334
 125.000000 -0.870908 -1.323037 2.682599
 125.200000 -0.868300 -1.328894 2.278831
 125.400000 -1.021992 -1.407295 11.210237
 125.600000 -0.870186 -1.378273 0.164904
 125.800000 -0.852553 -1.327024 2.599260
 126.000000 -0.917611 -1.340803 2.547985
 126.200000 -0.817907 -1.391444 1.510798
 126.400000 -0.902238 -1.374090 0.683122
 126.600000 -0.847542 -1.314610 3.649175
 126.800000 -0.928556 -1.422471 1.905371
 127.000000 -0.799941 -1.383043 2.731716
 127.200000 -0.882688 -1.310431 3.733809
 127.400000 -0.853207 -1.453447 1.824287
 127.600000 -0.953316 -1.281424 9.846364
 127.800000 -0.852238 -1.348070 1.369935
 128.000000 -0.852441 -1.280543 6.900088
 128.200000 -0.900316 -1.285581 6.507607
 128.400000 -0.847577 -1.336392 2.106974
 128.600000 -0.841829 -1.309154 4.269439
 128.800000 -0.816356 -1.325908 4.060276
 129.000000 -0.915196 -1.304407 5.123216
 129.200000 -0.882905 -1.335502 1.898398
 129.400000 -0.935928 -1.310405 5.686902
 129.600000 -0.848256 -1.301181 4.818255
 129.800000 -0.894618 -1.287009 6.209274
 130.000000 -0.893194 -1.371111 0.527054
 130.200000 -0.857829 -1.393170 0.114830
 130.400000 -0.823876 -1.386658 1.236317
 130.600000 -0.846794 -1.372156 0.625234
 130.800000 -0.957676 -1.366733 4.049512
 131.000000 -0.849203 -1.369029 0.646074
 131.200000 -0.894887 -1.334095 2.179358
 131.400000 -0.958912 -1.421261 4.031714
 131.600000 -0.835446 -1.298997 5.422958
 131.800000 -0.933588 -1.456917 3.695287
 132.000000 -0.864881 -1.481351 3.650254
 132.200000 -0.856144 -1.266838 8.511961
 132.400000 -0.892068 -1.466624 2.663534
 132.600000 -0.836174 -1.333261 2.650440
 132.800000 -0.896225 -1.366536 0.719425
 133.000000 -0.938999 -1.325351 4.714447
 133.200000 -0.846106 -1.308978 4.162028
 133.400000 -0.919817 -1.356717 1.893628
 133.600000 -1.014009 -1.224148 24.801033
 133.800000 -0.769266 -1.384581 5.413865
 134.000000 -0.950761 -1.316701 6.214562
 134.200000 -0.825013 -1.274756 8.517293
 134.400000 -0.892823 -1.302843 4.566884
 134.600000 -0.867110 -1.361434 0.621976
 134.800000 -0.918219 -1.276613 8.195773
 135.000000 -0.969222 -1.362851 5.219831
 135.200000 -0.860886 -1.263759 8.848127
 135.400000 -0.806564 -1.386837 2.229046
 135.600000 -0.910509 -1.303350 5.032610
 135.800000 -0.896197 -1.363502 0.813557
 136.000000 -0.981341 -1.364274 6.416984
 136.200000 -0.804659 -1.359429 2.990777
 136.400000 -0.937296 -1.369777 2.439358
 136.600000 -0.821718 -1.385382 1.357012
 136.800000 -0.910441 -1.372143 1.004434
 137.000000 -0.911864 -1.432468 1.423662
 137.200000 -0.889365 -1.397086 0.139797
 137.400000 -0.831765 -1.399647 0.842095
 137.600000 -0.839536 -1.389435 0.572076
 137.800000 -0.865895 -1.333183 2.012478
 138.000000 -0.890504 -1.357276 0.919142
 138.200000 -0.935145 -1.360487 2.591860
 138.400000 -0.758403 -1.330212 8.709227
 138.600000 -0.949007 -1.338258 4.596416
 138.800000 -0.836709 -1.319585 3.586193
 139.000000 -0.859681 -1.321417 2.885251
 139.200000 -0.868088 -1.335100 1.880924
 139.400000 -0.882544 -1.381470 0.158218
 139.600000 -0.903782 -1.327919 2.819596
 139.800000 -0.907999 -1.400277 0.632313
 140.000000 -0.828344 -1.316541 4.160001
 140.200000 -0.933489 -1.299501 6.531255
 140.400000 -0.881068 -1.370478 0.367763
 140.600000 -0.839024 -1.372664 0.844316
 140.800000 -0.934855 -1.475191 5.048594
 141.000000 -0.882196 -1.455743 1.814334
 141.200000 -0.849059 -1.438742 1.180826
 141.400000 -0.902429 -1.376512 0.638037
 141.600000 -0.856144 -1.428550 0.657676
 141.800000 -0.930694 -1.301369 6.186115
 142.000000 -0.929667 -1.390545 1.640981
 142.200000 -0.870216 -1.365341 0.481085
 142.400000 -0.775796 -1.401431 4.705113
 142.600000 -0.819366 -1.424833 1.828491
 142.800000 -0.919927 -1.329377 3.353738
 143.000000 -0.869439 -1.343999 1.371003
 143.200000 -0.941298 -1.349098 3.467564
 143.400000 -0.842748 -1.271646 8.212253
 143.600000 -0.838275 -1.323994 3.202765
 143.800000 -0.900218 -1.370870 0.702017
 144.000000 -0.900351 -1.362517 0.952672
 144.200000 -0.823772 -1.319729 4.123941
 144.400000 -0.940986 -1.328550 4.626517
 144.600000 -0.831306 -1.300124 5.476657
 144.800000 -0.891867 -1.366610 0.624029
 145.000000 -0.842274 -1.322954 3.148925
 145.200000 -0.915890 -1.359131 1.623594
 145.400000 -0.902045 -1.348232 1.585131
 145.600000 -0.832613 -1.382154 0.901612
 145.800000 -0.922616 -1.328182 3.565100
 146.000000 -0.903618 -1.395139 0.479687
 146.200000 -0.956219 -1.363863 4.015581
 146.400000 -0.859853 -1.386362 0.131087
 146.600000 -0.859329 -1.413591 0.239046
 146.800000 -0.895375 -1.366579 0.698451
 147.000000 -0.884944 -1.379428 0.217114
 147.200000 -0.865234 -1.419048 0.287182
 147.400000 -0.957991 -1.306069 7.707744
 147.600000 -0.856821 -1.378453 0.284115
 147.800000 -0.888603 -1.397639 0.127967
 148.000000 -0.878151 -1.326433 2.453186
 148.200000 -0.837670 -1.304413 4.830602
 148.400000 -0.859783 -1.436765 0.903141
 148.600000 -0.860606 -1.312391 3.589961
 148.800000 -0.970007 -1.299262 9.442348
 149.000000 -0.830714 -1.310679 4.542315
 149.200000 -0.815582 -1.321470 4.426199
 149.400000 -0.890426 -1.238509 12.600887
 149.600000 -0.817726 -1.396414 1.509122
 149.800000 -0.887509 -1.351268 1.122483
 150.000000 -0.913376 -1.268020 9.051955
 150.200000 -0.894167 -1.383038 0.318626
 150.400000 -0.848026 -1.357919 1.038676
 150.600000 -0.982790 -1.301901 10.515952
 150.800000 -0.912485 -1.365623 1.262235
 151.000000 -0.874694 -1.415767 0.192250
 151.200000 -0.897322 -1.337341 2.039895
 151.400000 -0.942013 -1.360542 3.042599
 151.600000 -0.832634 -1.426980 1.273008
 151.800000 -0.823853 -1.348774 2.318886
 152.000000 -0.960844 -1.371594 4.192117
 152.200000 -0.890998 -1.358544 0.879454
 152.400000 -0.927711 -1.456101 3.305345
 152.600000 -0.891764 -1.456294 1.984219
 152.800000 -0.863604 -1.414778 0.212444
 153.000000 -0.897298 -1.393855 0.306313
 153.200000 -0.864207 -1.418056 0.273220
 153.400000 -0.883856 -1.366236 0.513440
 153.600000 -0.888486 -1.420107 0.409421
 153.800000 -0.912940 -1.380607 0.933622
 154.000000 -0.893765 -1.428430 0.739954
 154.200000 -0.830853 -1.334366 2.789710
 154.400000 -0.865439 -1.405287 0.066817
 154.600000 -0.927942 -1.490373 5.956090
 154.800000 -0.962796 -1.356685 4.845087
 155.000000 -0.937549 -1.288662 7.893974
 155.200000 -0.900094 -1.406307 0.426621
 155.400000 -0.905154 -1.355657 1.352214
 155.600000 -0.904258 -1.438636 1.396797
 155.800000 -0.878632 -1.479796 3.506659
 156.000000 -0.807071 -1.383035 2.238731
 156.200000 -0.941524 -1.400864 2.381414
 156.400000 -0.910249 -1.442204 1.761579
 156.600000 -0.967109 -1.366570 4.900691
 156.800000 -0.936872 -1.407623 2.125820
 157.000000 -0.855353 -1.397804 0.151025
 157.200000 -0.886360 -1.348444 1.237132
 157.400000 -0.942869 -1.403371 2.489569
 157.600000 -0.842105 -1.462384 2.652907
 157.800000 -0.891497 -1.304281 4.407751
 158.000000 -0.854104 -1.440497 1.150567
 158.200000 -0.870963 -1.406688 0.055780
 158.400000 -0.962216 -1.313798 7.410029
 158.600000 -0.886493 -1.407662 0.160586
 158.800000 -0.820929 -1.354037 2.229806
 159.000000 -0.880999 -1.398514 0.037261
 159.200000 -0.863793 -1.293001 5.370890
 159.400000 -0.924184 -1.368905 1.701376
 159.600000 -0.929311 -1.408865 1.683782
 159.800000 -0.808428 -1.349149 3.173099
 160.000000 -0.894865 -1.407939 0.314589
 160.200000 -0.816431 -1.379963 1.713936
 160.400000 -0.857106 -1.309910 3.849517
 160.600000 -0.982667 -1.419211 6.313574
 160.800000 -0.807237 -1.306959 6.127973
 161.000000 -0.932036 -1.396222 1.762506
 161.200000 -0.873557 -1.359296 0.683699
 161.400000 -0.830436 -1.396427 0.891660
 161.600000 -0.892838 -1.406416 0.255027
 161.800000 -0.824070 -1.381954 1.283085
 162.000000 -0.813899 -1.295826 6.770516
 162.200000 -0.951803 -1.385496 3.189440
 162.400000 -0.805061 -1.335597 4.125365
 162.600000 -0.878525 -1.363478 0.554604
 162.800000 -0.916640 -1.417222 1.186540
 163.000000 -0.894510 -1.373585 0.495775
 163.200000 -0.895328 -1.481412 3.881989
 163.400000 -0.853244 -1.332921 2.194712
 163.600000 -0.954532 -1.352243 4.320007
 163.800000 -0.928554 -1.379769 1.697836
 164.000000 -0.740348 -1.401864 8.769585
 164.200000 -0.972333 -1.389655 4.988712
 164.400000 -0.873014 -1.376911 0.187311
 164.600000 -0.896185 -1.353983 1.170425
 164.800000 -0.876512 -1.411510 0.123624
 165.000000 -0.883328 -1.393539 0.060560
 165.200000 -0.994006 -1.373162 7.628705
 165.400000 -0.776393 -1.385534 4.691687
 165.600000 -0.896912 -1.339472 1.906597
 165.800000 -0.940710 -1.352593 3.268599
 166.000000 -0.835971 -1.336959 2.431714
 166.200000 -0.953724 -1.436310 4.087208
 166.400000 -0.858729 -1.392165 0.105497
 166.600000 -0.935117 -1.353974 2.844306
 166.800000 -0.844153 -1.390480 0.423187
 167.000000 -0.891283 -1.295027 5.297684
 167.200000 -0.951699 -1.425091 3.538760
 167.400000 -0.846623 -1.342297 1.795271
 167.600000 -0.871853 -1.358065 0.729896
 167.800000 -0.932485 -1.377283 1.969386
 168.000000 -0.843273 -1.403786 0.460235
 168.200000 -0.919919 -1.364344 1.625901
 168.400000 -0.874596 -1.306514 4.029368
 168.600000 -0.797550 -1.377717 2.993053
 168.800000 -0.889682 -1.427575 0.635017
 169.000000 -0.859772 -1.298824 4.830356
 169.200000 -0.923477 -1.354168 2.176973
 169.400000 -0.841405 -1.406306 0.539020
 169.600000 -0.889450 -1.369672 0.494421
 169.800000 -0.976761 -1.368522 5.802796
 170.000000 -0.794787 -1.394666 3.033721
 170.200000 -0.833919 -1.400417 0.759245
 170.400000 -0.985800 -1.363112 6.949305
 170.600000 -0.899420 -1.391078 0.371358
 170.800000 -0.886522 -1.411420 0.210883
 171.000000 -0.905451 -1.415444 0.721434
 171.200000 -0.841054 -1.337744 2.211898
 171.400000 -0.809233 -1.466500 4.478372
 171.600000 -0.965492 -1.409399 4.394727
 171.800000 -0.882538 -1.225138 14.690745
 172.000000 -0.831699 -1.456458 2.650781
 172.200000 -0.861140 -1.355384 0.901982
 172.400000 -0.876395 -1.285227 6.171489
 172.600000 -0.815033 -1.429988 2.229365
 172.800000 -0.881792 -1.264866 8.674255
 173.000000 -0.938122 -1.253261 12.367248
 173.200000 -0.790617 -1.389264 3.390414
 173.400000 -0.834482 -1.279612 7.532739
 173.600000 -0.897225 -1.278019 7.292509
 173.800000 -0.884973 -1.284850 6.282254
 174.000000 -0.843265 -1.386317 0.481624
 174.200000 -0.940759 -1.239210 14.651376
 174.400000 -0.880065 -1.266100 8.498588
 174.600000 -0.747016 -1.403033 7.916687
 174.800000 -0.876564 -1.288148 5.852038
 175.000000 -0.913498 -1.308250 4.706877
 175.200000 -0.894564 -1.372787 0.515360
 175.400000 -0.958620 -1.267346 12.003967
 175.600000 -0.881754 -1.288808 5.814589
 175.800000 -0.783366 -1.406535 4.039870
 176.000000 -0.954639 -1.320015 6.266815
 176.200000 -0.858853 -1.323853 2.716996
 176.400000 -0.888164 -1.315758 3.360677
 176.600000 -0.889136 -1.415069 0.312478
 176.800000 -0.876287 -1.359320 0.688952
 177.000000 -0.906906 -1.379082 0.733828
 177.200000 -0.937995 -1.415077 2.310992
 177.400000 -0.842345 -1.429192 1.001801
 177.600000 -0.904365 -1.367562 0.914358
 177.800000 -0.855955 -1.368805 0.516578
 178.000000 -0.897848 -1.367430 0.732775
 178.200000 -0.890482 -1.460739 2.237282
 178.400000 -0.982974 -1.395261 6.084585
 178.600000 -0.870338 -1.361603 0.603389
 178.800000 -0.809784 -1.395404 1.977328
 179.000000 -0.882776 -1.380151 0.180934
 179.200000 -0.869835 -1.308502 3.855014
 179.400000 -0.950720 -1.363092 3.596501
 179.600000 -0.809092 -1.444199 3.169637
 179.800000 -0.853811 -1.290141 5.808767
 180.000000 -0.885419 -1.380792 0.201011
 180.200000 -0.863317 -1.308083 3.931546
 180.400000 -0.803062 -1.249227 13.232132
 180.600000 -0.859732 -1.364978 0.572998
 180.800000 -0.866532 -1.297954 4.851196
 181.000000 -0.932165 -1.345848 3.040968
 181.200000 -0.845702 -1.306932 4.353557
 181.400000 -0.800556 -1.310458 6.281161
 181.600000 -0.910402 -1.409338 0.797516
 181.800000 -0.780881 -1.286573 10.228113
 182.000000 -0.930312 -1.277691 8.691313
 182.200000 -0.976859 -1.394804 5.429311
 182.400000 -0.848140 -1.384289 0.372435
 182.600000 -0.851903 -1.379468 0.356578
 182.800000 -0.903801 -1.424196 0.874853
 183.000000 -0.894034 -1.308959 4.039356
 183.200000 -0.818516 -1.423971 1.849893
 183.400000 -0.841549 -1.403793 0.512424
 183.600000 -0.908103 -1.407546 0.691600
 183.800000 -0.933989 -1.394654 1.881638
 184.000000 -0.951342 -1.436403 3.900672
 184.200000 -0.899361 -1.417436 0.580465
 184.400000 -0.814967 -1.371751 1.964934
 184.600000 -0.826387 -1.411931 1.193542
 184.800000 -0.902558 -1.385129 0.508783
 185.000000 -0.883640 -1.302323 4.472605
 185.200000 -0.952441 -1.309927 6.909088
 185.400000 -0.846888 -1.270399 8.253109
 185.600000 -0.878766 -1.344588 1.353801
 185.800000 -0.940088 -1.330757 4.418474
 186.000000 -0.698026 -1.355604 16.075918
 186.200000 -0.908018 -1.371181 0.939482
 186.400000 -0.836477 -1.227223 14.942014
 186.600000 -0.917614 -1.409891 1.103055
 186.800000 -0.929718 -1.424012 2.012507
 187.000000 -0.879869 -1.251024 10.573230
 187.200000 -0.913051 -1.379304 0.959347
 187.400000 -0.831078 -1.465067 3.231694
 187.600000 -0.949679 -1.308866 6.784731
 187.800000 -0.888828 -1.386576 0.177549
 188.000000 -0.810869 -1.384772 1.975383
 188.200000 -0.929031 -1.418143 1.827932
 188.400000 -0.911930 -1.458328 2.696909
 188.600000 -0.884093 -1.376856 0.253620
 188.800000 -0.936574 -1.370906 2.363696
 189.000000 -0.929557 -1.418183 1.858586
 189.200000 -0.948703 -1.420549 3.185833
 189.400000 -0.872409 -1.374628 0.234085
 189.600000 -0.809575 -1.430391 2.572511
 189.800000 -0.969548 -1.322769 7.393886
 190.000000 -0.899248 -1.404065 0.383762
 190.200000 -0.970315 -1.437071 5.600411
 190.400000 -0.795044 -1.396989 3.012742
 190.600000 -0.891361 -1.270221 8.118135
 190.800000 -0.915371 -1.398778 0.915066
 191.000000 -0.861322 -1.385710 0.120019
 191.200000 -0.935673 -1.331878 4.057776
 191.400000 -0.833829 -1.320281 3.640800
 191.600000 -0.813582 -1.392151 1.753828
 191.800000 -0.953687 -1.313628 6.696675
 192.000000 -0.900793 -1.423988 0.779916
 192.200000 -0.878401 -1.380118 0.146794
 192.400000 -0.855824 -1.295461 5.222393
 192.600000 -0.986774 -1.419455 6.779412
 192.800000 -0.856168 -1.442428 1.201658
 193.000000 -0.942760 -1.335947 4.275671
 193.200000 -0.939988 -1.400926 2.277061
 193.400000 -0.878365 -1.391409 0.028030
 193.600000 -0.841960 -1.438568 1.366248
 193.800000 -0.986864 -1.408161 6.591539
 194.000000 -0.822319 -1.444644 2.437707
 194.200000 -0.985702 -1.352758 7.335129
 194.400000 -0.952952 -1.342324 4.677773
 194.600000 -0.862389 -1.438710 0.953660
 194.800000 -0.975658 -1.445062 6.494450
 195.000000 -0.847085 -1.333288 2.310081
 195.200000 -0.954488 -1.349686 4.432273
 195.400000 -0.813303 -1.396547 1.761948
 195.600000 -0.891873 -1.379486 0.325221
 195.800000 -0.960712 -1.384464 3.945748
 196.000000 -0.828539 -1.331310 3.083020
 196.200000 -0.934149 -1.437536 2.741880
 196.400000 -0.842222 -1.420111 0.747733
 196.600000 -0.837832 -1.310721 4.265429
 196.800000 -0.914866 -1.429345 1.437681
 197.000000 -0.770578 -1.371951 5.506418
 197.200000 -1.028460 -1.360752 12.766566
 197.400000 -0.868662 -1.283801 6.331877
 197.600000 -0.937950 -1.330241 4.310601
 197.800000 -0.936281 -1.408784 2.101882
 198.000000 -0.838940 -1.366505 1.011454
 198.200000 -0.846184 -1.426919 0.820490
 198.400000 -0.838718 -1.351046 1.598504
 198.600000 -0.926669 -1.321291 4.268669
 198.800000 -0.946275 -1.326944 5.111779
 199.000000 -0.828891 -1.419881 1.236957
 199.200000 -0.918670 -1.392744 1.064461
 199.400000 -0.858824 -1.380471 0.220479
 199.600000 -0.943527 -1.402182 2.528232
 199.800000 -0.868156 -1.399377 0.015013
 200.000000 -0.911784 -1.328118 3.087057
