#! FIELDS time phi psi restraint.bias
#! SET min_phi -pi
#! SET max_phi pi
#! SET min_psi -pi
#! SET max_psi pi
 0.000000 -2.217637 -3.075081 117.371607
 0.200000 -1.893364 -3.020464 12.383216
 0.400000 -1.840889 -3.017155 5.820551
 0.600000 -1.869827 -2.997453 8.211697
 0.800000 -1.699778 -2.873836 5.382793
 1.000000 -1.729241 -3.014902 1.273855
 1.200000 -1.672123 -2.955828 2.742633
 1.400000 -1.693415 -2.962298 1.358860
 1.600000 -1.755368 -2.988822 0.287195
 1.800000 -1.733948 -2.963659 0.070552
 2.000000 -1.842260 -3.017652 5.977563
 2.200000 -1.797481 -3.043950 4.315976
 2.400000 -1.718770 -3.083530 7.135364
 2.600000 -1.782369 -2.969854 0.689890
 2.800000 -1.754364 -2.969209 0.043125
 3.000000 -1.753174 -2.931788 0.652830
 3.200000 -1.643775 -2.977779 5.214120
 3.400000 -1.729213 -3.002421 0.755088
 3.600000 -1.732544 -3.004822 0.794740
 3.800000 -1.803099 -3.013007 2.724274
 4.000000 -1.774301 -3.084775 7.348063
 4.200000 -1.729949 -3.044514 3.117824
 4.400000 -1.725452 -2.998922 0.705152
 4.600000 -1.783131 -3.012131 1.730203
 4.800000 -1.702308 -2.954094 1.009454
 5.000000 -1.777381 -2.859565 6.291177
 5.200000 -1.785860 -2.869209 5.608770
 5.400000 -1.721069 -2.864533 5.550179
 5.600000 -1.800681 -3.005120 2.256198
 5.800000 -1.784079 -3.014605 1.881065
 6.000000 -1.832957 -3.025446 5.543810
 6.200000 -1.763657 -3.050272 3.630123
 6.400000 -1.812555 -3.058235 6.416057
 6.600000 -1.715244 -3.013382 1.525436
 6.800000 -1.772753 -2.984753 0.532553
 7.000000 -1.645885 -2.930588 5.609633
 7.200000 -1.752040 -3.002873 0.663800
 7.400000 -1.735899 -3.007574 0.865164
 7.600000 -1.738977 -2.997026 0.469161
 7.800000 -1.882046 -2.943878 9.614484
 8.000000 -1.791609 -2.979221 1.144873
 8.200000 -1.849255 -2.966813 5.400346
 8.400000 -1.843056 -2.966856 4.775318
 8.600000 -1.740819 -3.087119 7.217229
 8.800000 -1.796311 -3.030707 3.325005
 9.000000 -1.689517 -3.028361 3.436406
 9.200000 -1.682344 -3.011419 2.967468
 9.400000 -1.718278 -2.988304 0.591538
 9.600000 -1.804876 -2.921949 2.790383
 9.800000 -1.789234 -2.947623 1.152708
 10.000000 -1.785890 -2.952370 0.930480
 10.200000 -1.815831 -2.977860 2.543577
 10.400000 -1.852678 -2.902131 7.869795
 10.600000 -1.781769 -2.971129 0.672193
 10.800000 -1.749444 -2.940924 0.350009
 11.000000 -1.803269 -2.944284 1.937866
 11.200000 -1.686963 -2.975121 1.735813
 11.400000 -1.711587 -2.992214 0.885657
 11.600000 -1.807787 -2.989969 2.212887
 11.800000 -1.779449 -3.018739 1.917465
 12.000000 -1.793855 -2.998622 1.675461
 12.200000 -1.754437 -3.051108 3.573501
 12.400000 -1.777350 -3.055530 4.426171
 12.600000 -1.791419 -3.029577 3.016296
 12.800000 -1.756183 -2.966834 0.058933
 13.000000 -1.760034 -2.953996 0.193447
 13.200000 -1.687391 -2.992683 2.006731
 13.400000 -1.754274 -2.942995 0.329553
 13.600000 -1.698304 -3.049765 4.525750
 13.800000 -1.776835 -2.974957 0.527478
 14.000000 -1.774761 -3.055119 4.310327
 14.200000 -1.768435 -3.014387 1.386859
 14.400000 -1.760340 -3.018151 1.417824
 14.600000 -1.734328 -3.084092 6.908766
 14.800000 -1.709531 -3.008947 1.518033
 15.000000 -1.742317 -2.955471 0.071682
 15.200000 -1.702459 -3.005280 1.649298
 15.400000 -1.788333 -3.013955 2.024259
 15.600000 -1.773888 -3.002977 1.052840
 15.800000 -1.741903 -3.038488 2.556841
 16.000000 -1.837971 -2.964462 4.294666
 16.200000 -1.711761 -2.968170 0.564040
 16.400000 -1.718114 -2.951611 0.489658
 16.600000 -1.802757 -2.968479 1.649985
 16.800000 -1.803007 -2.954677 1.740049
 17.000000 -1.676042 -2.962519 2.410670
 17.200000 -1.800164 -2.943929 1.770972
 17.400000 -1.808079 -2.944540 2.222310
 17.600000 -1.689113 -2.967967 1.580572
 17.800000 -1.736042 -2.983481 0.177961
 18.000000 -1.878502 -3.063224 13.491284
 18.200000 -1.792452 -2.993367 1.456296
 18.400000 -1.735309 -3.047208 3.262070
 18.600000 -1.786074 -3.006110 1.592560
 18.800000 -1.768304 -3.059739 4.558629
 19.000000 -1.744169 -2.934808 0.520773
 19.200000 -1.686065 -2.985689 1.929668
 19.400000 -1.753684 -2.962560 0.045028
 19.600000 -1.732710 -2.930957 0.731327
 19.800000 -1.724097 -3.014810 1.365469
 20.000000 -1.746845 -2.961466 0.016795
 20.200000 -1.806351 -3.024004 3.483177
 20.400000 -1.831493 -2.988163 3.934789
 20.600000 -1.739459 -3.030897 2.054852
 20.800000 -1.774219 -3.029427 2.362150
 21.000000 -1.799627 -3.035466 3.813813
 21.200000 -1.687194 -2.973450 1.710290
 21.400000 -1.720157 -3.004221 1.007312
 21.600000 -1.745590 -3.007614 0.822364
 21.800000 -1.753412 -3.031475 2.107337
 22.000000 -1.701863 -2.998027 1.424112
 22.200000 -1.829220 -3.055313 7.413144
 22.400000 -1.748069 -2.996362 0.433073
 22.600000 -1.784909 -2.953485 0.875413
 22.800000 -1.736909 -3.028337 1.912879
 23.000000 -1.734071 -2.880671 3.794910
 23.200000 -1.718717 -2.975457 0.389368
 23.400000 -1.781917 -2.932854 1.254342
 23.600000 -1.739473 -2.994537 0.394638
 23.800000 -1.814409 -3.033413 4.587381
 24.000000 -1.844353 -3.068142 10.011627
 24.200000 -1.749619 -3.009416 0.906216
 24.400000 -1.782288 -3.021249 2.151227
 24.600000 -1.775457 -2.968275 0.454580
 24.800000 -1.759433 -2.904815 2.036687
 25.000000 -1.751414 -2.963392 0.025240
 25.200000 -1.765227 -2.947784 0.383726
 25.400000 -1.805831 -2.961760 1.844266
 25.600000 -1.818624 -3.038891 5.265920
 25.800000 -1.807763 -3.078127 8.116961
 26.000000 -1.799703 -3.006710 2.264317
 26.200000 -1.753509 -3.002855 0.674088
 26.400000 -1.712758 -2.992459 0.853017
 26.600000 -1.767691 -3.035734 2.608139
 26.800000 -1.759406 -3.068086 5.202283
 27.000000 -1.713473 -3.015020 1.657493
 27.200000 -1.777034 -2.989017 0.743653
 27.400000 -1.753361 -2.980174 0.118247
 27.600000 -1.687385 -3.010580 2.625781
 27.800000 -1.779667 -2.977005 0.638990
 28.000000 -1.801153 -3.064075 6.264192
 28.200000 -1.724556 -3.037006 2.661986
 28.400000 -1.742032 -2.938817 0.404270
 28.600000 -1.761682 -2.944268 0.393439
 28.800000 -1.771636 -2.939618 0.722568
 29.000000 -1.766745 -2.938912 0.625474
 29.200000 -1.761212 -2.964189 0.130245
 29.400000 -1.719159 -2.969531 0.345489
 29.600000 -1.726518 -2.927155 0.973120
 29.800000 -1.805884 -2.979754 1.913989
 30.000000 -1.762448 -3.080520 6.583109
 30.200000 -1.746978 -3.057130 4.057672
 30.400000 -1.809183 -3.093366 10.015338
 30.600000 -1.736458 -3.018860 1.380985
 30.800000 -1.779647 -3.046570 3.749774
 31.000000 -1.691966 -3.014580 2.552944
 31.200000 -1.695066 -2.989863 1.523190
 31.400000 -1.680587 -2.984125 2.241406
 31.600000 -1.746613 -2.995711 0.411263
 31.800000 -1.789109 -3.006249 1.726207
 32.000000 -1.791189 -2.947577 1.241331
 32.200000 -1.666130 -2.977961 3.195649
 32.400000 -1.730625 -2.970661 0.114599
 32.600000 -1.860858 -3.009837 7.588401
 32.800000 -1.769144 -2.994929 0.671915
 33.000000 -1.695315 -3.023704 2.854970
 33.200000 -1.747908 -3.038497 2.554985
 33.400000 -1.710808 -2.999540 1.123317
 33.600000 -1.797224 -3.054198 5.143061
 33.800000 -1.672062 -2.929372 3.394194
 34.000000 -1.782993 -2.969213 0.711580
 34.200000 -1.794259 -2.963559 1.203210
 34.400000 -1.725537 -2.955561 0.261972
 34.600000 -1.819162 -3.070462 8.071727
 34.800000 -1.776164 -2.974855 0.505778
 35.000000 -1.753088 -2.977560 0.085224
 35.200000 -1.719633 -2.950113 0.473744
 35.400000 -1.806320 -2.960507 1.881398
 35.600000 -1.722994 -2.962306 0.260725
 35.800000 -1.720211 -2.981647 0.421865
 36.000000 -1.771956 -3.026240 2.105617
 36.200000 -1.713663 -2.979870 0.583430
 36.400000 -1.743680 -3.010757 0.956080
 36.600000 -1.744818 -3.047769 3.257148
 36.800000 -1.763345 -3.031311 2.226370
 37.000000 -1.751655 -3.095720 8.296796
 37.200000 -1.849799 -2.954755 5.532685
 37.400000 -1.691965 -2.976474 1.468189
 37.600000 -1.825803 -2.906316 5.082909
 37.800000 -1.766659 -2.963925 0.232384
 38.000000 -1.655212 -3.065251 8.881317
 38.200000 -1.693942 -2.964254 1.324253
 38.400000 -1.784160 -3.002018 1.364977
 38.600000 -1.727909 -2.922552 1.142208
 38.800000 -1.748785 -3.018992 1.354449
 39.000000 -1.788574 -2.957772 0.978190
 39.200000 -1.758754 -3.030678 2.113774
 39.400000 -1.718601 -3.060412 4.714497
 39.600000 -1.817750 -3.029957 4.600422
 39.800000 -1.798695 -3.083742 8.231326
 40.000000 -1.674789 -3.023990 4.108458
 40.200000 -1.756263 -3.031553 2.139434
 40.400000 -1.777589 -2.951025 0.648910
 40.600000 -1.703582 -3.055471 4.779725
 40.800000 -1.717491 -3.063993 5.085509
 41.000000 -1.646513 -3.031785 6.977020
 41.200000 -1.832733 -3.025112 5.504771
 41.400000 -1.720627 -2.947614 0.494164
 41.600000 -1.811039 -2.966491 2.159070
 41.800000 -1.797854 -2.916799 2.642510
 42.000000 -1.771285 -2.940357 0.693372
 42.200000 -1.714464 -2.976492 0.520817
 42.400000 -1.766203 -3.025181 1.906929
 42.600000 -1.735598 -3.040343 2.732548
 42.800000 -1.741580 -3.078201 6.183214
 43.000000 -1.709258 -3.003679 1.321071
 43.200000 -1.811751 -2.991809 2.512156
 43.400000 -1.705482 -3.014036 1.897268
 43.600000 -1.776479 -2.917659 1.705376
 43.800000 -1.787001 -2.949665 1.019548
 44.000000 -1.795017 -3.051563 4.804870
 44.200000 -1.829624 -3.031920 5.656213
 44.400000 -1.843011 -2.971523 4.780854
 44.600000 -1.759665 -3.033815 2.330881
 44.800000 -1.750412 -2.995848 0.427306
 45.000000 -1.705031 -3.043379 3.724287
 45.200000 -1.712489 -2.871092 5.144087
 45.400000 -1.708436 -2.978468 0.745639
 45.600000 -1.761736 -3.046836 3.316697
 45.800000 -1.779482 -3.089127 8.033477
 46.000000 -1.796401 -3.041620 4.083753
 46.200000 -1.810623 -3.126514 14.844510
 46.400000 -1.838151 -2.994958 4.697075
 46.600000 -1.763886 -2.920074 1.276028
 46.800000 -1.804043 -3.010772 2.679046
 47.000000 -1.755983 -2.951926 0.171267
 47.200000 -1.718918 -2.884969 3.718205
 47.400000 -1.734840 -3.020937 1.506375
 47.600000 -1.641107 -3.010650 6.381176
 47.800000 -1.867528 -2.962693 7.475780
 48.000000 -1.724965 -3.023980 1.827330
 48.200000 -1.703013 -3.041033 3.631350
 48.400000 -1.910068 -2.999349 14.090710
 48.600000 -1.747821 -3.062497 4.557262
 48.800000 -1.804045 -3.024903 3.396678
 49.000000 -1.761262 -3.027693 1.965127
 49.200000 -1.761486 -2.931136 0.775766
 49.400000 -1.705679 -2.979686 0.865763
 49.600000 -1.743454 -2.964741 0.004448
 49.800000 -1.764271 -2.969865 0.183339
 50.000000 -1.740310 -2.925866 0.861068
 50.200000 -1.744026 -3.055320 3.895822
 50.400000 -1.733628 -3.019600 1.448717
 50.600000 -1.754550 -3.015870 1.233735
 50.800000 -1.742210 -2.955465 0.072080
 51.000000 -1.749349 -2.976219 0.050027
 51.200000 -1.730915 -2.961564 0.118982
 51.400000 -1.797872 -3.049375 4.768294
 51.600000 -1.709774 -3.033056 2.809830
 51.800000 -1.721372 -3.010425 1.227247
 52.000000 -1.736320 -3.008064 0.881243
 52.200000 -1.699590 -2.966027 1.046575
 52.400000 -1.720695 -2.927912 1.069711
 52.600000 -1.802353 -2.978330 1.689386
 52.800000 -1.783956 -2.980774 0.840037
 53.000000 -1.713806 -3.011775 1.496596
 53.200000 -1.807086 -2.953060 2.004958
 53.400000 -1.764947 -2.987125 0.393741
 53.600000 -1.743766 -2.962692 0.010760
 53.800000 -1.758901 -3.033776 2.317601
 54.000000 -1.774202 -3.020458 1.842519
 54.200000 -1.759198 -2.999123 0.610180
 54.400000 -1.712619 -3.029421 2.479467
 54.600000 -1.830503 -3.000451 4.184770
 54.800000 -1.676496 -2.936062 2.849413
 55.000000 -1.788824 -3.030817 2.978396
 55.200000 -1.745111 -2.987517 0.209278
 55.400000 -1.735812 -2.909240 1.716853
 55.600000 -1.828791 -2.981435 3.586229
 55.800000 -1.768275 -2.975592 0.299661
 56.000000 -1.787753 -2.954475 0.979084
 56.200000 -1.793860 -3.034903 3.478944
 56.400000 -1.666046 -3.060786 7.535264
 56.600000 -1.789239 -2.942187 1.273385
 56.800000 -1.822116 -2.991224 3.240044
 57.000000 -1.637153 -2.979682 5.930678
 57.200000 -1.817103 -3.042068 5.388869
 57.400000 -1.780271 -2.948933 0.774740
 57.600000 -1.740560 -3.002579 0.642174
 57.800000 -1.725874 -3.066947 5.177969
 58.000000 -1.818238 -2.896041 5.179636
 58.200000 -1.750128 -3.040774 2.728410
 58.400000 -1.728081 -3.026032 1.887643
 58.600000 -1.742404 -2.975025 0.035999
 58.800000 -1.800063 -2.896441 3.991393
 59.000000 -1.719096 -2.981347 0.446147
 59.200000 -1.681522 -2.956681 2.089573
 59.400000 -1.752686 -3.039964 2.684567
 59.600000 -1.711070 -2.997922 1.063103
 59.800000 -1.778837 -2.986928 0.758771
 60.000000 -1.771794 -3.069427 5.589761
 60.200000 -1.745529 -3.001011 0.576380
 60.400000 -1.747896 -2.992447 0.325555
 60.600000 -1.698135 -3.065986 6.006912
 60.800000 -1.791585 -2.989548 1.322649
 61.000000 -1.802377 -2.953881 1.714041
 61.200000 -1.682988 -3.036981 4.387690
 61.400000 -1.719615 -2.932107 0.941465
 61.600000 -1.758628 -2.988771 0.324105
 61.800000 -1.781860 -3.080777 7.133084
 62.000000 -1.728674 -2.923868 1.071449
 62.200000 -1.779070 -2.975443 0.604373
 62.400000 -1.771965 -3.039089 2.948823
 62.600000 -1.768794 -2.965162 0.277100
 62.800000 -1.698140 -2.990343 1.384441
 63.000000 -1.720230 -3.028783 2.219835
 63.200000 -1.736517 -3.062740 4.616171
 63.400000 -1.737899 -3.009245 0.917396
 63.600000 -1.763819 -3.037187 2.629833
 63.800000 -1.696592 -3.017102 2.439758
 64.000000 -1.718866 -2.906686 2.172649
 64.200000 -1.778422 -2.944122 0.810619
 64.400000 -1.776494 -2.962527 0.495894
 64.600000 -1.783708 -3.046864 3.920850
 64.800000 -1.805260 -3.017833 3.084826
 65.000000 -1.768684 -3.022263 1.796445
 65.200000 -1.690043 -3.124383 13.903530
 65.400000 -1.747719 -2.985158 0.166631
 65.600000 -1.695973 -3.044886 4.246522
 65.800000 -1.699361 -3.070653 6.422332
 66.000000 -1.755519 -3.031035 2.098352
 66.200000 -1.795908 -2.910304 2.889729
 66.400000 -1.766458 -2.982516 0.342662
 66.600000 -1.768182 -3.002912 0.903808
 66.800000 -1.668023 -2.912052 4.501050
 67.000000 -1.822930 -2.864581 8.261938
 67.200000 -1.783728 -2.965667 0.738188
 67.400000 -1.752744 -3.004302 0.720980
 67.600000 -1.727551 -2.901294 2.320611
 67.800000 -1.745335 -3.104905 9.500696
 68.000000 -1.735669 -3.024370 1.688867
 68.200000 -1.807570 -2.976764 1.984058
 68.400000 -1.743918 -3.015810 1.189281
 68.600000 -1.688936 -3.045107 4.635783
 68.800000 -1.825073 -2.908273 4.907532
 69.000000 -1.746932 -3.060883 4.402644
 69.200000 -1.772115 -3.051656 3.936987
 69.400000 -1.779329 -3.006829 1.368775
 69.600000 -1.754082 -3.000710 0.604467
 69.800000 -1.810814 -3.011579 3.135100
 70.000000 -1.686066 -2.988171 1.978925
 70.200000 -1.795112 -2.888662 4.312250
 70.400000 -1.766333 -3.077109 6.275973
 70.600000 -1.759747 -3.001105 0.683481
 70.800000 -1.735219 -3.013766 1.141863
 71.000000 -1.767150 -2.984277 0.386296
 71.200000 -1.658877 -2.937984 4.159698
 71.400000 -1.685807 -2.850609 8.551816
 71.600000 -1.754487 -2.894926 2.643570
 71.800000 -1.683100 -2.958020 1.977075
 72.000000 -1.624871 -3.042978 10.136826
 72.200000 -1.924891 -3.043379 19.033489
 72.400000 -1.739978 -3.022955 1.576439
 72.600000 -1.812232 -3.025245 3.930774
 72.800000 -1.806833 -3.075543 7.775627
 73.000000 -1.805742 -3.051808 5.416040
 73.200000 -1.704236 -3.019120 2.199458
 73.400000 -1.714328 -3.016308 1.693219
 73.600000 -1.834300 -2.897434 6.381792
 73.800000 -1.682786 -2.951568 2.075804
 74.000000 -1.731851 -3.038005 2.607451
 74.200000 -1.800951 -2.922748 2.528681
 74.400000 -1.710313 -2.982031 0.725150
 74.600000 -1.779474 -2.957016 0.633382
 74.800000 -1.738106 -3.049735 3.443706
 75.000000 -1.710587 -2.904871 2.537203
 75.200000 -1.804794 -3.008643 2.632631
 75.400000 -1.780072 -3.062973 5.203197
 75.600000 -1.772534 -3.099676 9.163634
 75.800000 -1.811190 -3.036354 4.569720
 76.000000 -1.704247 -2.996527 1.278023
 76.200000 -1.653419 -2.948738 4.391560
 76.400000 -1.789688 -2.925168 1.861276
 76.600000 -1.744228 -3.031262 2.061541
 76.800000 -1.767234 -2.953000 0.338754
 77.000000 -1.843930 -2.983599 4.997802
 77.200000 -1.665728 -2.920805 4.237950
 77.400000 -1.765969 -3.088417 7.576811
 77.600000 -1.788986 -2.981913 1.063265
 77.800000 -1.762852 -2.994402 0.527328
 78.000000 -1.758488 -3.016812 1.324200
 78.200000 -1.656483 -2.990930 4.231723
 78.400000 -1.746602 -3.056711 4.019459
 78.600000 -1.812759 -2.970587 2.279596
 78.800000 -1.733190 -3.007188 0.878803
 79.000000 -1.719744 -2.986754 0.521245
 79.200000 -1.823070 -2.992728 3.351243
 79.400000 -1.745274 -2.988034 0.219957
 79.600000 -1.734433 -2.967799 0.059641
 79.800000 -1.802441 -2.915216 2.974778
 80.000000 -1.750752 -2.954893 0.088712
 80.200000 -1.761809 -3.047496 3.370763
 80.400000 -1.749296 -2.967935 0.008249
 80.600000 -1.829729 -3.031000 5.605892
 80.800000 -1.753088 -3.068190 5.143723
 81.000000 -1.760526 -3.001986 0.725382
 81.200000 -1.841833 -2.924449 5.564283
 81.400000 -1.717419 -3.024908 2.062698
 81.600000 -1.745451 -2.946922 0.202764
 81.800000 -1.716304 -2.931073 1.068746
 82.000000 -1.729756 -3.040006 2.781860
 82.200000 -1.746144 -3.002766 0.637791
 82.400000 -1.778198 -2.916280 1.829493
 82.600000 -1.862645 -3.023330 8.464682
 82.800000 -1.776656 -3.125454 13.035051
 83.000000 -1.814291 -3.008495 3.236301
 83.200000 -1.706300 -3.021813 2.260620
 83.400000 -1.731961 -3.036754 2.518016
 83.600000 -1.783528 -3.020627 2.164317
 83.800000 -1.725186 -2.948668 0.372008
 84.000000 -1.711376 -2.967557 0.576528
 84.200000 -1.722021 -3.011147 1.243470
 84.400000 -1.730285 -2.897041 2.564455
 84.600000 -1.782453 -3.016434 1.907999
 84.800000 -1.811206 -3.011477 3.156340
 85.000000 -1.798780 -2.907599 3.196308
 85.200000 -1.652295 -2.929927 5.017081
 85.400000 -1.811071 -3.031312 4.225210
 85.600000 -1.771379 -2.964902 0.341618
 85.800000 -1.769629 -3.008344 1.147455
 86.000000 -1.744538 -3.086947 7.186846
 86.200000 -1.702170 -3.081046 7.427788
 86.400000 -1.751795 -2.939545 0.399419
 86.600000 -1.758691 -2.946699 0.296535
 86.800000 -1.682581 -3.082666 8.651053
 87.000000 -1.788147 -2.951529 1.037269
 87.200000 -1.779298 -2.969231 0.579284
 87.400000 -1.723427 -3.105975 9.888629
 87.600000 -1.731129 -2.958095 0.141014
 87.800000 -1.849745 -3.041728 8.239006
 88.000000 -1.699041 -3.033332 3.267326
 88.200000 -1.824195 -3.030688 5.134169
 88.400000 -1.713366 -2.936025 0.992384
 88.600000 -1.738437 -2.991233 0.315924
 88.800000 -1.716078 -2.986167 0.610363
 89.000000 -1.702839 -3.007779 1.731745
 89.200000 -1.850431 -2.983643 5.660744
 89.400000 -1.666305 -3.066556 8.072129
 89.600000 -1.800145 -3.012585 2.538675
 89.800000 -1.790353 -2.932514 1.610252
 90.000000 -1.693863 -3.025546 3.034742
 90.200000 -1.713276 -3.051413 4.071452
 90.400000 -1.756059 -2.981715 0.164958
 90.600000 -1.755444 -3.014453 1.174226
 90.800000 -1.662844 -3.014208 4.513398
 91.000000 -1.816932 -2.956134 2.623173
 91.200000 -1.792274 -3.006425 1.876725
 91.400000 -1.706981 -3.040841 3.457128
 91.600000 -1.741663 -2.966818 0.006749
 91.800000 -1.741929 -3.017188 1.262226
 92.000000 -1.715914 -2.923856 1.365896
 92.200000 -1.751643 -3.059144 4.259720
 92.400000 -1.743154 -2.949318 0.159751
 92.600000 -1.774587 -3.064757 5.200364
 92.800000 -1.691471 -2.997940 1.927132
 93.000000 -1.812797 -2.934749 2.797901
 93.200000 -1.788706 -2.947538 1.131314
 93.400000 -1.738354 -3.005724 0.771773
 93.600000 -1.815386 -3.004114 3.140480
 93.800000 -1.766837 -2.986350 0.417354
 94.000000 -1.769803 -3.019783 1.689376
 94.200000 -1.763301 -2.959209 0.192318
 94.400000 -1.680632 -2.892513 4.871509
 94.600000 -1.762351 -2.919916 1.256139
 94.800000 -1.689493 -3.029335 3.497954
 95.000000 -1.745614 -2.985766 0.175001
 95.200000 -1.787069 -3.055437 4.776388
 95.400000 -1.772695 -2.977296 0.426835
 95.600000 -1.701758 -3.015239 2.109854
 95.800000 -1.824576 -3.007647 3.963662
 96.000000 -1.746419 -3.062118 4.518594
 96.200000 -1.828649 -3.018942 4.816961
 96.400000 -1.811389 -2.871947 6.705136
 96.600000 -1.741328 -2.931196 0.651096
 96.800000 -1.717909 -2.959375 0.405465
 97.000000 -1.828528 -2.999413 3.984434
 97.200000 -1.836966 -2.984881 4.357468
 97.400000 -1.725138 -3.018752 1.539892
 97.600000 -1.836011 -3.028679 6.009986
 97.800000 -1.738606 -2.939774 0.394861
 98.000000 -1.735643 -3.047448 3.278072
 98.200000 -1.720612 -3.067299 5.329444
 98.400000 -1.741587 -3.015533 1.181826
 98.600000 -1.694992 -2.990441 1.540254
 98.800000 -1.738392 -3.019300 1.388607
 99.000000 -1.776947 -2.998584 0.996737
 99.200000 -1.743553 -3.007156 0.805423
 99.400000 -1.767479 -3.003890 0.923539
 99.600000 -1.724306 -3.029102 2.145601
 99.800000 -1.719358 -2.969490 0.340211
 100.000000 -1.728190 -2.916795 1.410150
 100.200000 -1.712590 -2.973822 0.558800
 100.400000 -1.609572 -3.048456 12.527654
 100.600000 -1.819647 -2.981151 2.860841
 100.800000 -1.774726 -3.027395 2.252237
 101.000000 -1.707334 -2.978558 0.787926
 101.200000 -1.815224 -2.971821 2.453943
 101.400000 -1.780309 -2.998225 1.097429
 101.600000 -1.691366 -2.968182 1.456670
 101.800000 -1.840369 -2.970502 4.522237
 102.000000 -1.694175 -2.988491 1.538043
 102.200000 -1.744606 -2.949708 0.150804
 102.400000 -1.720747 -2.989411 0.551934
 102.600000 -1.695582 -3.023972 2.856899
 102.800000 -1.795495 -2.967711 1.258517
 103.000000 -1.765597 -3.020250 1.620006
 103.200000 -1.737414 -3.035112 2.346877
 103.400000 -1.835996 -3.085053 11.071446
 103.600000 -1.731292 -3.036808 2.530904
 103.800000 -1.768079 -2.947741 0.445373
 104.000000 -1.743981 -2.985252 0.166381
 104.200000 -1.776769 -2.934176 1.034898
 104.400000 -1.734737 -2.990324 0.326716
 104.600000 -1.769425 -2.932750 0.878861
 104.800000 -1.760925 -2.990795 0.403297
 105.000000 -1.735321 -2.949804 0.198968
 105.200000 -1.812612 -3.026447 4.026929
 105.400000 -1.737363 -2.959052 0.063796
 105.600000 -1.792636 -2.968296 1.119750
 105.800000 -1.852536 -3.011170 6.719443
 106.000000 -1.749386 -2.986782 0.202711
 106.200000 -1.730618 -2.994167 0.475624
 106.400000 -1.835142 -2.965119 4.035073
 106.600000 -1.641769 -2.996013 5.781524
 106.800000 -1.825365 -3.059185 7.446422
 107.000000 -1.744811 -3.004186 0.689315
 107.200000 -1.656242 -3.036327 6.367273
 107.400000 -1.768375 -3.044715 3.280714
 107.600000 -1.774399 -3.008513 1.281727
 107.800000 -1.807068 -3.023114 3.476901
 108.000000 -1.751197 -3.028463 1.902421
 108.200000 -1.832113 -2.876212 7.892427
 108.400000 -1.752648 -2.982792 0.150536
 108.600000 -1.749996 -2.932501 0.608036
 108.800000 -1.821923 -2.952415 3.040512
 109.000000 -1.818418 -3.031043 4.717910
 109.200000 -1.674550 -2.981941 2.615548
 109.400000 -1.781714 -3.009446 1.560213
 109.600000 -1.790724 -3.002699 1.665407
 109.800000 -1.635609 -2.999431 6.543221
 110.000000 -1.720219 -2.931856 0.934918
 110.200000 -1.730089 -3.053590 3.859868
 110.400000 -1.653028 -2.989566 4.513067
 110.600000 -1.785316 -2.986529 0.989010
 110.800000 -1.812431 -3.023262 3.830682
 111.000000 -1.755650 -2.967745 0.053494
 111.200000 -1.791070 -3.021511 2.528557
 111.400000 -1.811370 -2.953224 2.276417
 111.600000 -1.703970 -3.014017 1.957816
 111.800000 -1.666531 -2.963089 3.112473
 112.000000 -1.737572 -2.996675 0.468623
 112.200000 -1.674833 -2.950233 2.626407
 112.400000 -1.679625 -3.033719 4.380246
 112.600000 -1.748837 -2.972105 0.018880
 112.800000 -1.763686 -2.898405 2.525238
 113.000000 -1.828561 -3.054995 7.330095
 113.200000 -1.685689 -2.997089 2.229379
 113.400000 -1.811435 -2.934421 2.717624
 113.600000 -1.792509 -2.972328 1.126858
 113.800000 -1.692254 -2.926632 2.225695
 114.000000 -1.791660 -2.954870 1.147559
 114.200000 -1.771294 -2.936726 0.797153
 114.400000 -1.759065 -3.017808 1.382030
 114.600000 -1.813490 -3.082440 8.979259
 114.800000 -1.880282 -2.971620 9.116459
 115.000000 -1.768263 -2.991551 0.562868
 115.200000 -1.696200 -3.033999 3.447303
 115.400000 -1.764660 -2.917774 1.401390
 115.600000 -1.777539 -2.985599 0.690606
 115.800000 -1.736957 -3.041791 2.827417
 116.000000 -1.724607 -2.985873 0.391674
 116.200000 -1.817559 -2.939309 2.993652
 116.400000 -1.785816 -2.969321 0.822143
 116.600000 -1.791210 -3.049304 4.434591
 116.800000 -1.721946 -2.937484 0.710758
 117.000000 -1.839730 -2.974088 4.480433
 117.200000 -1.729616 -3.036263 2.517982
 117.400000 -1.692713 -2.961914 1.397480
 117.600000 -1.806524 -2.917745 3.088375
 117.800000 -1.682905 -3.049938 5.382762
 118.000000 -1.726834 -2.934706 0.694398
 118.200000 -1.789314 -2.908469 2.683756
 118.400000 -1.765461 -2.932374 0.804204
 118.600000 -1.761950 -2.988245 0.362531
 118.800000 -1.745629 -3.037000 2.445901
 119.000000 -1.882100 -2.974344 9.379679
 119.200000 -1.682902 -3.120700 13.751182
 119.400000 -1.702520 -2.937847 1.343001
 119.600000 -1.806387 -2.898552 4.210667
 119.800000 -1.708618 -2.932600 1.267597
 120.000000 -1.760973 -2.989711 0.378902
 120.200000 -1.713158 -2.916545 1.793380
 120.400000 -1.871323 -3.044654 10.947616
 120.600000 -1.760174 -3.053562 3.851524
 120.800000 -1.767111 -3.060216 4.576291
 121.000000 -1.794958 -3.023354 2.816002
 121.200000 -1.670571 -3.097965 11.362518
 121.400000 -1.759845 -2.987253 0.309234
 121.600000 -1.706721 -2.891534 3.597389
 121.800000 -1.604014 -3.000354 10.539290
 122.000000 -1.734068 -3.048812 3.405100
 122.200000 -1.743004 -2.937016 0.454022
 122.400000 -1.743745 -2.975417 0.036174
 122.600000 -1.736580 -3.043710 2.975910
 122.800000 -1.765365 -2.933386 0.767684
 123.000000 -1.794818 -2.894437 3.861595
 123.200000 -1.789151 -3.009366 1.855109
 123.400000 -1.818231 -3.030475 4.668125
 123.600000 -1.804236 -3.028035 3.594001
 123.800000 -1.756223 -3.015494 1.232271
 124.000000 -1.705361 -2.997046 1.248325
 124.200000 -1.767210 -2.948783 0.406403
 124.400000 -1.669508 -2.957629 2.918885
 124.600000 -1.785787 -3.060025 5.139662
 124.800000 -1.823510 -2.978017 3.116108
 125.000000 -1.669324 -2.991371 3.183914
 125.200000 -1.791723 -2.992883 1.409637
 125.400000 -1.717659 -2.980979 0.479677
 125.600000 -1.741830 -2.961257 0.022961
 125.800000 -1.749677 -2.989867 0.269540
 126.000000 -1.764182 -3.096600 8.568114
 126.200000 -1.740058 -2.974596 0.042292
 126.400000 -1.755525 -2.970100 0.056593
 126.600000 -1.714616 -2.935095 0.982499
 126.800000 -1.707555 -2.979490 0.790710
 127.000000 -1.876775 -2.890037 11.605191
 127.200000 -1.797640 -3.033127 3.550686
 127.400000 -1.775424 -3.028198 2.321795
 127.600000 -1.840059 -2.960225 4.510207
 127.800000 -1.787845 -3.033191 3.090429
 128.000000 -1.707620 -3.031532 2.789353
 128.200000 -1.792941 -2.920033 2.239227
 128.400000 -1.645119 -2.965852 5.021822
 128.600000 -1.714413 -2.992566 0.803183
 128.800000 -1.751557 -2.970384 0.024921
 129.000000 -1.720707 -2.972835 0.319814
 129.200000 -1.755037 -3.005178 0.773636
 129.400000 -1.829027 -2.974970 3.533938
 129.600000 -1.867393 -2.961630 7.464486
 129.800000 -1.787341 -3.004452 1.581580
 130.000000 -1.618555 -2.944727 8.285184
 130.200000 -1.675806 -2.960676 2.437150
 130.400000 -1.753757 -2.975168 0.068386
 130.600000 -1.775407 -3.079650 6.790659
 130.800000 -1.716786 -3.047538 3.645761
 131.000000 -1.824279 -2.955242 3.186344
 131.200000 -1.752902 -3.057579 4.125515
 131.400000 -1.805536 -3.025409 3.514746
 131.600000 -1.770524 -2.904247 2.290076
 131.800000 -1.796879 -2.970076 1.333244
 132.000000 -1.753948 -2.977084 0.087389
 132.200000 -1.726399 -2.839214 8.351472
 132.400000 -1.747297 -2.917257 1.242092
 132.600000 -1.709697 -3.005268 1.364748
 132.800000 -1.778512 -2.988225 0.774536
 133.000000 -1.788667 -2.978713 1.006964
 133.200000 -1.755898 -3.124796 12.496284
 133.400000 -1.702530 -3.059942 5.229404
 133.600000 -1.777118 -2.990652 0.783552
 133.800000 -1.655174 -3.016363 5.279379
 134.000000 -1.775309 -3.041862 3.247104
 134.200000 -1.757242 -3.053950 3.845912
 134.400000 -1.721181 -2.994911 0.679420
 134.600000 -1.772965 -3.005580 1.123749
 134.800000 -1.874585 -3.047339 11.575882
 135.000000 -1.701564 -2.942980 1.247587
 135.200000 -1.784553 -2.901857 2.894967
 135.400000 -1.733502 -2.995416 0.471974
 135.600000 -1.698818 -3.038470 3.631399
 135.800000 -1.848732 -3.015185 6.504065
 136.000000 -1.720082 -3.051505 3.884213
 136.200000 -1.772633 -2.946632 0.581407
 136.400000 -1.779541 -2.963481 0.591612
 136.600000 -1.732316 -2.957821 0.127346
 136.800000 -1.746748 -2.987414 0.208147
 137.000000 -1.704178 -2.993606 1.199088
 137.200000 -1.775952 -3.008815 1.340651
 137.400000 -1.683424 -3.013618 2.999965
 137.600000 -1.684268 -2.982791 1.987961
 137.800000 -1.804028 -3.006445 2.498374
 138.000000 -1.779140 -2.995778 0.983951
 138.200000 -1.770419 -3.038260 2.849504
 138.400000 -1.874735 -3.005129 9.097595
 138.600000 -1.766749 -2.902553 2.309976
 138.800000 -1.707487 -2.934048 1.260922
 139.000000 -1.647370 -2.952984 4.897056
 139.200000 -1.671700 -2.925894 3.557923
 139.400000 -1.721504 -3.009924 1.202515
 139.600000 -1.710519 -3.035846 2.971664
 139.800000 -1.722552 -2.978794 0.328244
 140.000000 -1.856638 -3.051849 9.789472
 140.200000 -1.794063 -3.026396 2.947887
 140.400000 -1.840506 -2.944281 4.788776
 140.600000 -1.849579 -2.931911 6.051765
 140.800000 -1.711669 -3.012682 1.607194
 141.000000 -1.811364 -3.045328 5.243289
 141.200000 -1.664624 -2.923305 4.213926
 141.400000 -1.796851 -2.986011 1.506809
 141.600000 -1.687458 -2.926159 2.510982
 141.800000 -1.732109 -3.012418 1.116100
 142.000000 -1.715713 -2.954538 0.516956
 142.200000 -1.762445 -3.077286 6.221398
 142.400000 -1.780872 -2.998046 1.111708
 142.600000 -1.738221 -3.024830 1.693954
 142.800000 -1.829224 -3.039250 6.124827
 143.000000 -1.711000 -3.098476 9.224359
 143.200000 -1.817767 -2.978083 2.684395
 143.400000 -1.832920 -2.929374 4.546183
 143.600000 -1.735163 -2.986822 0.246958
 143.800000 -1.760319 -2.954114 0.196147
 144.000000 -1.732714 -3.042221 2.904164
 144.200000 -1.778729 -3.097217 9.028206
 144.400000 -1.748240 -3.018972 1.351674
 144.600000 -1.790053 -3.015352 2.166157
 144.800000 -1.675763 -3.058477 6.598311
 145.000000 -1.734824 -3.060297 4.401780
 145.200000 -1.724983 -3.025572 1.918831
 145.400000 -1.732422 -2.945662 0.312219
 145.600000 -1.793386 -2.961045 1.172820
 145.800000 -1.730561 -2.967647 0.109217
 146.000000 -1.819907 -2.927509 3.563046
 146.200000 -1.803708 -2.974729 1.733425
 146.400000 -1.800937 -2.970992 1.553870
 146.600000 -1.790673 -2.992205 1.344195
 146.800000 -1.734122 -2.967845 0.063111
 147.000000 -1.760998 -2.988338 0.349133
 147.200000 -1.730711 -2.994082 0.471957
 147.400000 -1.665378 -2.981472 3.299924
 147.600000 -1.768542 -2.983922 0.411575
 147.800000 -1.711675 -3.040639 3.273274
 148.000000 -1.753432 -3.008147 0.876918
 148.200000 -1.801922 -3.021382 3.076799
 148.400000 -1.741377 -2.991428 0.304720
 148.600000 -1.809522 -3.030776 4.090177
 148.800000 -1.806467 -3.001338 2.456396
 149.000000 -1.814699 -3.029017 4.325460
 149.200000 -1.720149 -2.967313 0.317055
 149.400000 -1.709907 -2.953836 0.714794
 149.600000 -1.711316 -2.996438 1.009966
 149.800000 -1.692328 -2.975957 1.444155
 150.000000 -1.704037 -3.025613 2.566751
 150.200000 -1.744819 -2.971681 0.010809
 150.400000 -1.821149 -2.993417 3.221657
 150.600000 -1.766476 -3.002511 0.851975
 150.800000 -1.788551 -3.055144 4.813479
 151.000000 -1.775491 -3.030133 2.443974
 151.200000 -1.794419 -2.988672 1.438433
 151.400000 -1.781395 -2.986232 0.834156
 151.600000 -1.688498 -2.994708 1.997080
 151.800000 -1.720493 -2.859059 6.140542
 152.000000 -1.783640 -2.968070 0.734350
 152.200000 -1.730264 -3.033525 2.322306
 152.400000 -1.812026 -3.011791 3.224674
 152.600000 -1.790118 -2.961054 1.021069
 152.800000 -1.783342 -3.064152 5.435922
 153.000000 -1.822368 -3.068065 8.068529
 153.200000 -1.799002 -2.998880 1.946666
 153.400000 -1.779057 -2.978020 0.628826
 153.600000 -1.663014 -2.987228 3.591292
 153.800000 -1.660798 -2.986599 3.763690
 154.000000 -1.792818 -2.932310 1.731366
 154.200000 -1.784276 -2.987267 0.962594
 154.400000 -1.750201 -3.022787 1.564615
 154.600000 -1.835791 -2.990416 4.364428
 154.800000 -1.790079 -3.018836 2.341678
 155.000000 -1.759576 -2.959383 0.130954
 155.200000 -1.760087 -3.054096 3.896550
 155.400000 -1.709014 -2.951796 0.775877
 155.600000 -1.758886 -3.016544 1.316248
 155.800000 -1.755872 -2.973528 0.076502
 156.000000 -1.700052 -3.056349 5.011269
 156.200000 -1.668621 -2.947531 3.132778
 156.400000 -1.733440 -2.949999 0.216216
 156.600000 -1.757387 -3.006645 0.856187
 156.800000 -1.746518 -3.000328 0.554102
 157.000000 -1.806109 -2.947874 2.031101
 157.200000 -1.821274 -3.045895 5.991258
 157.400000 -1.810911 -3.025782 3.874608
 157.600000 -1.670939 -2.955176 2.837534
 157.800000 -1.801936 -2.981344 1.704196
 158.000000 -1.763070 -2.945018 0.400278
 158.200000 -1.682035 -2.963435 2.009629
 158.400000 -1.678740 -2.957432 2.263376
 158.600000 -1.696405 -2.965279 1.198390
 158.800000 -1.667162 -2.970874 3.062298
 159.000000 -1.727384 -3.008072 1.002009
 159.200000 -1.756531 -3.000547 0.623434
 159.400000 -1.827006 -3.068777 8.508740
 159.600000 -1.850065 -3.057046 9.533612
 159.800000 -1.737948 -3.027641 1.862268
 160.000000 -1.821021 -3.021207 4.330617
 160.200000 -1.703300 -2.940202 1.243913
 160.400000 -1.765523 -2.899973 2.454187
 160.600000 -1.735697 -2.920013 1.153063
 160.800000 -1.744805 -2.991987 0.310818
 161.000000 -1.742564 -2.944416 0.260196
 161.200000 -1.755469 -3.017348 1.315846
 161.400000 -1.747499 -2.982145 0.116136
 161.600000 -1.825271 -3.047271 6.412228
 161.800000 -1.727276 -2.974371 0.189677
 162.000000 -1.681813 -3.016232 3.226133
 162.200000 -1.715134 -2.955703 0.520353
 162.400000 -1.689796 -3.041481 4.311203
 162.600000 -1.738626 -2.986070 0.203164
 162.800000 -1.771498 -2.899094 2.652071
 163.000000 -1.746015 -2.922017 1.014663
 163.200000 -1.801807 -2.993580 1.946524
 163.400000 -1.860944 -2.997139 7.135755
 163.600000 -1.702571 -2.978922 0.984488
 163.800000 -1.844611 -3.007718 5.754999
 164.000000 -1.736281 -2.972559 0.056059
 164.200000 -1.698836 -2.978739 1.148995
 164.400000 -1.730054 -3.062860 4.705512
 164.600000 -1.624418 -2.980825 7.404545
 164.800000 -1.817894 -3.038508 5.185232
 165.000000 -1.716214 -3.024964 2.100327
 165.200000 -1.692663 -3.047769 4.643892
 165.400000 -1.833701 -2.990295 4.174712
 165.600000 -1.733633 -2.952403 0.175810
 165.800000 -1.807928 -3.011404 2.942535
 166.000000 -1.720129 -2.953583 0.408333
 166.200000 -1.778082 -2.978614 0.603117
 166.400000 -1.719688 -2.962811 0.337775
 166.600000 -1.836606 -3.022522 5.703763
 166.800000 -1.786175 -3.027064 2.634443
 167.000000 -1.659961 -2.968822 3.645388
 167.200000 -1.787431 -2.972473 0.900946
 167.400000 -1.730431 -2.964010 0.115637
 167.600000 -1.766956 -3.024808 1.901284
 167.800000 -1.718033 -3.058500 4.553162
 168.000000 -1.797121 -3.099128 10.062191
 168.200000 -1.772632 -3.057735 4.483712
 168.400000 -1.684754 -2.978337 1.898246
 168.600000 -1.740320 -2.998835 0.517370
 168.800000 -1.821038 -2.980249 2.952916
 169.000000 -1.730442 -2.941091 0.448008
 169.200000 -1.728748 -3.033700 2.357958
 169.400000 -1.828025 -2.976389 3.462833
 169.600000 -1.673465 -2.960772 2.602003
 169.800000 -1.718133 -2.944237 0.630271
 170.000000 -1.763352 -3.034401 2.429848
 170.200000 -1.774786 -2.974203 0.459350
 170.400000 -1.773204 -3.053746 4.145754
 170.600000 -1.720721 -3.068152 5.412617
 170.800000 -1.766620 -3.029992 2.206882
 171.000000 -1.756263 -2.956128 0.119527
 171.200000 -1.676492 -2.912432 3.861378
 171.400000 -1.732171 -2.993045 0.424194
 171.600000 -1.766846 -2.998824 0.735974
 171.800000 -1.795653 -2.996558 1.701319
 172.000000 -1.824974 -2.999581 3.700428
 172.200000 -1.764159 -2.997046 0.626884
 172.400000 -1.788003 -2.992213 1.226868
 172.600000 -1.806180 -3.001397 2.440965
 172.800000 -1.738566 -2.973299 0.042331
 173.000000 -1.608787 -3.002976 9.966807
 173.200000 -1.755052 -2.954584 0.125083
 173.400000 -1.818496 -3.018503 3.999842
 173.600000 -1.810377 -3.069591 7.371858
 173.800000 -1.864997 -3.007230 7.966968
 174.000000 -1.830155 -3.013423 4.672453
 174.200000 -1.840904 -2.959981 4.592286
 174.400000 -1.817939 -2.983339 2.768555
 174.600000 -1.715113 -2.913137 1.910352
 174.800000 -1.771443 -2.874532 4.621654
 175.000000 -1.730334 -2.923999 1.039537
 175.200000 -1.708762 -2.988322 0.894606
 175.400000 -1.768753 -2.986224 0.457956
 175.600000 -1.802090 -3.060258 5.953850
 175.800000 -1.769678 -3.047001 3.491754
 176.000000 -1.805294 -3.006040 2.557630
 176.200000 -1.766546 -3.049820 3.649700
 176.400000 -1.787484 -2.990558 1.164583
 176.600000 -1.707492 -2.980593 0.807413
 176.800000 -1.721858 -2.951893 0.390469
 177.000000 -1.668203 -2.961419 2.990101
 177.200000 -1.710178 -2.957609 0.662471
 177.400000 -1.699098 -2.992359 1.388670
 177.600000 -1.865424 -3.020171 8.621788
 177.800000 -1.800954 -3.039742 4.188421
 178.000000 -1.795774 -3.049664 4.684122
 178.200000 -1.814662 -3.010416 3.343407
 178.400000 -1.721897 -3.051308 3.823396
 178.600000 -1.772721 -2.986000 0.554527
 178.800000 -1.695673 -3.000359 1.787294
 179.000000 -1.733789 -2.989087 0.309196
 179.200000 -1.795558 -3.001821 1.865635
 179.400000 -1.810400 -2.984338 2.266396
 179.600000 -1.803110 -3.022025 3.179895
 179.800000 -1.746770 -2.948635 0.170771
 180.000000 -1.750092 -3.002437 0.637116
 180.200000 -1.766237 -2.997352 0.677384
 180.400000 -1.727769 -2.958674 0.189350
 180.600000 -1.754261 -3.055386 3.940670
 180.800000 -1.780956 -2.938857 1.032356
 181.000000 -1.730230 -2.992944 0.448976
 181.200000 -1.845095 -3.018313 6.290098
 181.400000 -1.669204 -2.995843 3.311743
 181.600000 -1.772801 -2.995785 0.789913
 181.800000 -1.787772 -2.972235 0.914065
 182.000000 -1.774417 -2.983552 0.559026
 182.200000 -1.800967 -3.002918 2.190682
 182.400000 -1.811657 -2.855149 8.461679
 182.600000 -1.747355 -2.947858 0.186404
 182.800000 -1.820855 -3.010095 3.778106
 183.000000 -1.737870 -3.017363 1.293010
 183.200000 -1.690070 -3.063604 6.187155
 183.400000 -1.736552 -3.032386 2.172314
 183.600000 -1.710532 -3.074826 6.412176
 183.800000 -1.732285 -3.073568 5.757081
 184.000000 -1.739515 -3.064679 4.781681
 184.200000 -1.782880 -3.002617 1.337198
 184.400000 -1.765344 -2.972841 0.217014
 184.600000 -1.780050 -2.858250 6.522588
 184.800000 -1.660498 -2.980832 3.693004
 185.000000 -1.787400 -2.921551 1.920509
 185.200000 -1.756556 -2.976247 0.105221
 185.400000 -1.735103 -3.058186 4.204319
 185.600000 -1.843413 -3.027621 6.644091
 185.800000 -1.811885 -2.970739 2.221590
 186.000000 -1.760446 -3.028525 2.003239
 186.200000 -1.717786 -3.072152 5.901479
 186.400000 -1.727289 -3.025843 1.890461
 186.600000 -1.739693 -2.968694 0.017219
 186.800000 -1.715096 -3.021217 1.923503
 187.000000 -1.737316 -2.945673 0.260810
 187.200000 -1.748308 -2.989322 0.252231
 187.400000 -1.811350 -3.077666 8.296244
 187.600000 -1.785088 -3.045148 3.839281
 187.800000 -1.803127 -2.983057 1.798216
 188.000000 -1.660770 -2.998981 4.084645
 188.200000 -1.798654 -2.999958 1.962877
 188.400000 -1.743060 -3.002739 0.639082
 188.600000 -1.722156 -3.037591 2.755821
 188.800000 -1.698276 -2.946534 1.317676
 189.000000 -1.752096 -2.992839 0.355166
 189.200000 -1.748574 -3.037320 2.473502
 189.400000 -1.735778 -2.967552 0.045730
 189.600000 -1.820862 -3.054530 6.678079
 189.800000 -1.748957 -3.075058 5.838391
 190.000000 -1.746551 -3.036616 2.419754
 190.200000 -1.733591 -3.036671 2.491742
 190.400000 -1.743844 -2.982869 0.126063
 190.600000 -1.711521 -2.922116 1.581491
 190.800000 -1.742453 -2.892390 2.791895
 191.000000 -1.788403 -2.964730 0.930375
 191.200000 -1.696529 -2.983031 1.318286
 191.400000 -1.755070 -3.000670 0.612276
 191.600000 -1.828363 -2.990908 3.731717
 191.800000 -1.840710 -3.014182 5.658962
 192.000000 -1.801308 -3.004638 2.272893
 192.200000 -1.860189 -2.993737 6.952233
 192.400000 -1.698293 -2.977371 1.159345
 192.600000 -1.745084 -2.982579 0.120447
 192.800000 -1.760508 -3.001914 0.722605
 193.000000 -1.673353 -2.966642 2.590352
 193.200000 -1.804137 -3.047778 4.986925
 193.400000 -1.688097 -3.011042 2.604992
 193.600000 -1.699121 -2.928012 1.829963
 193.800000 -1.746465 -2.946699 0.207925
 194.000000 -1.757024 -3.052231 3.695495
 194.200000 -1.767633 -3.012975 1.302831
 194.400000 -1.752406 -3.024498 1.674641
 194.600000 -1.776098 -3.072921 6.076707
 194.800000 -1.746758 -2.957476 0.046947
 195.000000 -1.686971 -3.045454 4.775724
 195.200000 -1.740057 -3.043883 2.964800
 195.400000 -1.710891 -3.004275 1.285483
 195.600000 -1.644390 -2.925295 5.966452
 195.800000 -1.661649 -2.937286 3.944458
 196.000000 -1.787493 -3.015300 2.052458
 196.200000 -1.704911 -2.996144 1.239763
 196.400000 -1.811753 -3.054812 6.056289
 196.600000 -1.795848 -3.011137 2.247465
 196.800000 -1.775384 -3.037996 2.967638
 197.000000 -1.780061 -2.970306 0.608401
 197.200000 -1.712447 -2.994811 0.925674
 197.400000 -1.788672 -2.951901 1.054215
 197.600000 -1.743900 -3.025868 1.730255
 197.800000 -1.754720 -3.025975 1.779617
 198.000000 -1.730266 -2.945303 0.350123
 198.200000 -1.759650 -2.965785 0.103353
 198.400000 -1.664783 -2.981241 3.344386
 198.600000 -1.819328 -3.010301 3.672787
 198.800000 -1.803899 -3.015893 2.907585
 199.000000 -1.775649 -2.998055 0.939983
 199.200000 -1.755264 -2.954727 0.125392
 199.400000 -1.816779 -2.947139 2.750948
 199.600000 -1.722330 -2.947594 0.453955
 199.800000 -1.705237 -3.024606 2.459494
 200.000000 -1.742463 -3.005581 0.746054
