#! FIELDS time phi psi restraint.bias
#! SET min_phi -pi
#! SET max_phi pi
#! SET min_psi -pi
#! SET max_psi pi
 0.000000 -2.445234 2.455205 126.635615
 0.200000 -2.097146 2.087507 0.027503
 0.400000 -1.993316 2.005004 9.103925
 0.600000 -2.073692 2.178526 3.753309
 0.800000 -2.103208 2.130550 0.692426
 1.000000 -2.061851 2.181383 4.312988
 1.200000 -2.054533 2.134007 1.579030
 1.400000 -2.065081 2.035911 2.139838
 1.600000 -2.101162 2.072259 0.267889
 1.800000 -2.206293 2.113490 6.442848
 2.000000 -2.052621 2.111144 1.012799
 2.200000 -2.077158 2.020275 2.895449
 2.400000 -2.132951 2.120521 1.084574
 2.600000 -2.063911 2.123125 0.877360
 2.800000 -2.147547 2.203412 7.354943
 3.000000 -2.081764 2.086034 0.114722
 3.200000 -1.987553 2.093447 5.708015
 3.400000 -2.120225 2.145707 1.650074
 3.600000 -2.174515 2.192746 8.046097
 3.800000 -2.024915 2.093455 2.414166
 4.000000 -1.987233 2.085548 5.780984
 4.200000 -1.977334 2.187951 11.227989
 4.400000 -2.092019 2.025712 2.361500
 4.600000 -2.110015 2.162527 2.442998
 4.800000 -2.077251 2.109614 0.262768
 5.000000 -2.026728 2.023483 4.803720
 5.200000 -2.154148 2.210073 8.475857
 5.400000 -2.159768 2.152480 3.823761
 5.600000 -2.054416 2.127592 1.350213
 5.800000 -2.005699 2.088994 3.948096
 6.000000 -2.048224 2.128807 1.657969
 6.200000 -2.038751 2.096419 1.550196
 6.400000 -2.171011 2.156121 4.840053
 6.600000 -2.147303 2.078496 1.526030
 6.800000 -2.116957 2.074588 0.450677
 7.000000 -2.182768 2.089288 3.917906
 7.200000 -2.112222 2.060572 0.730904
 7.400000 -2.123054 2.091249 0.415616
 7.600000 -2.091778 2.184694 4.080412
 7.800000 -2.092670 2.051235 0.932876
 8.000000 -2.094254 2.205306 6.150608
 8.200000 -2.111990 2.067828 0.507699
 8.400000 -2.172184 2.033829 4.859674
 8.600000 -2.113292 2.084971 0.222950
 8.800000 -2.142349 2.075213 1.333786
 9.000000 -2.131169 2.123986 1.113995
 9.200000 -2.112513 2.074483 0.362371
 9.400000 -2.147896 2.161991 3.715765
 9.600000 -2.166758 2.147903 4.049737
 9.800000 -2.080990 2.073856 0.300791
 10.000000 -2.052399 2.154216 2.671095
 10.200000 -2.075279 2.086106 0.217065
 10.400000 -2.032349 2.075035 2.112252
 10.600000 -2.138379 2.087084 0.994023
 10.800000 -2.123999 1.984660 6.459109
 11.000000 -2.050105 2.047967 2.058561
 11.200000 -2.115068 2.139107 1.213253
 11.400000 -2.074896 2.196450 5.397668
 11.600000 -2.118510 2.145869 1.615525
 11.800000 -2.163907 2.037001 4.062997
 12.000000 -2.089481 2.012750 3.345025
 12.200000 -2.029560 2.095129 2.102051
 12.400000 -2.079362 2.175670 3.415764
 12.600000 -1.987027 2.054823 6.546920
 12.800000 -2.065571 2.048640 1.462197
 13.000000 -2.225748 2.163641 11.024269
 13.200000 -2.111397 2.036011 1.848878
 13.400000 -2.082802 2.099005 0.077829
 13.600000 -2.031724 2.167352 4.625225
 13.800000 -1.998805 2.050711 5.522891
 14.000000 -2.069791 2.102915 0.338981
 14.200000 -2.139745 2.101948 1.056818
 14.400000 -2.101666 2.080664 0.120708
 14.600000 -2.174882 2.084597 3.287099
 14.800000 -2.158516 2.126396 2.567765
 15.000000 -2.011198 2.112225 3.619842
 15.200000 -2.184277 2.101163 4.062240
 15.400000 -2.192393 2.149152 6.300946
 15.600000 -2.102252 2.104984 0.086923
 15.800000 -2.189197 2.049299 5.510576
 16.000000 -2.102479 2.083898 0.087767
 16.200000 -2.022164 2.092651 2.610207
 16.400000 -2.125271 2.128554 1.060093
 16.600000 -2.140907 2.130246 1.724356
 16.800000 -2.128499 2.096379 0.583512
 17.000000 -2.158128 2.123862 2.465105
 17.200000 -2.030783 2.069874 2.323885
 17.400000 -2.039988 2.054963 2.257506
 17.600000 -2.049271 2.102602 1.051773
 17.800000 -2.070949 2.143472 1.479123
 18.000000 -2.134876 1.996160 5.644414
 18.200000 -2.146101 2.071738 1.593413
 18.400000 -2.082562 2.081586 0.152052
 18.600000 -2.102107 2.080219 0.130212
 18.800000 -2.128474 2.168805 3.349081
 19.000000 -1.990406 2.048106 6.478213
 19.200000 -2.002847 2.043773 5.471769
 19.400000 -2.130137 2.077257 0.785609
 19.600000 -2.123179 2.133669 1.185471
 19.800000 -2.114630 2.116967 0.459468
 20.000000 -2.169741 2.128933 3.434943
 20.200000 -2.062622 2.065030 0.935912
 20.400000 -2.084606 2.100003 0.063637
 20.600000 -2.083653 2.156041 1.957783
 20.800000 -2.039083 2.143000 2.710923
 21.000000 -2.091282 2.117815 0.279102
 21.200000 -2.116730 2.202533 6.096334
 21.400000 -2.009124 2.156511 5.564738
 21.600000 -2.062983 2.138946 1.485733
 21.800000 -2.105382 2.270207 15.515245
 22.000000 -2.062925 2.068782 0.823198
 22.200000 -2.063176 2.122510 0.882550
 22.400000 -2.090059 2.142073 1.146001
 22.600000 -2.087639 2.057294 0.711081
 22.800000 -2.053947 2.099619 0.831679
 23.000000 -2.059707 2.116217 0.839739
 23.200000 -2.008345 2.030368 5.751985
 23.400000 -2.065335 2.192743 5.258354
 23.600000 -2.130229 2.112835 0.812052
 23.800000 -2.041780 2.070020 1.681246
 24.000000 -2.148317 2.096601 1.456214
 24.200000 -2.125480 2.152150 2.150937
 24.400000 -2.121982 2.025082 2.782646
 24.600000 -2.098877 2.058754 0.645199
 24.800000 -2.136473 2.044290 2.140533
 25.000000 -2.067023 2.018427 3.260229
 25.200000 -2.160346 2.103322 2.214601
 25.400000 -2.068759 2.137579 1.261024
 25.600000 -2.013129 2.058200 3.957091
 25.800000 -2.084928 2.081012 0.134364
 26.000000 -2.135825 2.143827 2.079953
 26.200000 -2.040620 2.106589 1.520239
 26.400000 -2.088508 2.098475 0.025651
 26.600000 -1.999208 2.110407 4.658507
 26.800000 -2.055163 2.128841 1.362846
 27.000000 -2.126058 2.094325 0.501286
 27.200000 -2.038180 2.068115 1.925409
 27.400000 -2.095664 2.103753 0.044592
 27.600000 -2.101635 2.105892 0.092300
 27.800000 -2.088437 2.171216 2.968509
 28.000000 -2.074616 2.082612 0.265031
 28.200000 -2.083232 2.122365 0.453483
 28.400000 -2.003551 2.152714 5.826842
 28.600000 -2.187235 2.131006 4.979805
 28.800000 -2.100342 2.132580 0.746713
 29.000000 -2.117342 2.085045 0.306997
 29.200000 -2.107889 2.123510 0.514872
 29.400000 -2.074579 2.103565 0.238379
 29.600000 -2.177124 2.075979 3.591583
 29.800000 -2.104665 2.135936 0.915576
 30.000000 -2.229319 2.107666 9.190314
 30.200000 -2.162054 2.139107 3.288465
 30.400000 -2.062803 2.136986 1.406029
 30.600000 -2.110776 2.079723 0.241800
 30.800000 -2.106840 2.089491 0.089456
 31.000000 -2.139584 2.087662 1.043667
 31.200000 -2.206943 2.129040 6.933617
 31.400000 -2.061653 2.069549 0.844714
 31.600000 -2.025991 2.077336 2.485037
 31.800000 -2.099348 2.018955 2.857860
 32.000000 -2.127124 2.141937 1.665695
 32.200000 -2.215811 2.085144 7.413745
 32.400000 -2.174476 2.095586 3.207222
 32.600000 -2.080984 2.043795 1.370135
 32.800000 -2.043385 2.100452 1.319369
 33.000000 -2.145613 2.083877 1.366970
 33.200000 -2.133690 2.062941 1.266728
 33.400000 -2.029385 2.056095 2.846626
 33.600000 -2.123560 2.076238 0.590149
 33.800000 -2.137118 2.156231 2.824430
 34.000000 -2.133206 2.152473 2.439653
 34.200000 -2.124216 2.117200 0.704670
 34.400000 -2.078220 2.095357 0.131279
 34.600000 -2.056136 2.105651 0.795223
 34.800000 -2.131009 2.125140 1.142938
 35.000000 -2.111312 2.173633 3.282410
 35.200000 -2.176327 2.062286 3.871934
 35.400000 -2.063664 2.122150 0.857374
 35.600000 -2.069568 2.180102 3.981038
 35.800000 -2.046313 2.042763 2.488853
 36.000000 -2.035999 2.156784 3.651227
 36.200000 -2.102774 2.118861 0.334404
 36.400000 -2.131197 2.114085 0.871034
 36.600000 -2.158328 2.187487 6.376741
 36.800000 -2.105323 2.029387 2.172708
 37.000000 -2.158409 2.087711 2.071217
 37.200000 -2.136682 2.141109 1.985193
 37.400000 -2.018626 2.113106 3.045524
 37.600000 -2.025578 2.089198 2.381421
 37.800000 -2.075024 2.096968 0.190933
 38.000000 -2.147969 2.041610 2.828221
 38.200000 -2.126938 2.137929 1.477121
 38.400000 -2.125177 2.129687 1.096530
 38.600000 -2.047780 2.097460 1.091183
 38.800000 -2.142229 2.051489 2.064529
 39.000000 -2.163331 2.137911 3.322912
 39.200000 -2.173984 2.095181 3.167484
 39.400000 -2.038153 2.149997 3.127344
 39.600000 -2.040517 2.135223 2.284915
 39.800000 -2.045634 2.094832 1.188914
 40.000000 -2.120593 2.112739 0.511410
 40.200000 -2.145155 2.221783 9.402106
 40.400000 -2.115355 2.066261 0.615423
 40.600000 -2.088365 2.030362 2.068289
 40.800000 -2.073457 2.134805 1.035705
 41.000000 -2.131256 2.091253 0.684319
 41.200000 -2.129924 2.200639 6.274975
 41.400000 -2.187810 2.159033 6.452231
 41.600000 -2.103451 2.047576 1.137037
 41.800000 -2.102167 2.033174 1.904224
 42.000000 -2.143542 2.167460 3.876959
 42.200000 -2.137981 2.107411 1.034564
 42.400000 -2.102893 2.108340 0.133331
 42.600000 -2.078123 2.048982 1.163570
 42.800000 -2.044602 2.147500 2.649769
 43.000000 -2.095068 2.093336 0.000787
 43.200000 -2.112687 2.066146 0.566314
 43.400000 -2.102970 2.198372 5.442381
 43.600000 -2.067692 2.135716 1.210225
 43.800000 -2.109348 2.116258 0.350793
 44.000000 -2.110930 2.187364 4.458282
 44.200000 -2.019151 2.027144 5.092159
 44.400000 -2.029879 2.099767 2.095586
 44.600000 -2.097036 2.144462 1.256846
 44.800000 -2.111401 2.065108 0.573472
 45.000000 -2.083769 2.026343 2.371992
 45.200000 -2.100527 2.105941 0.085451
 45.400000 -2.089845 2.111839 0.162492
 45.600000 -2.054198 2.103160 0.846325
 45.800000 -2.065008 2.121988 0.812482
 46.000000 -2.065251 2.112600 0.590400
 46.200000 -2.063190 2.129250 1.094314
 46.400000 -2.088912 2.066965 0.391239
 46.600000 -2.114980 2.100935 0.233255
 46.800000 -2.035749 2.067867 2.071569
 47.000000 -2.090996 2.129867 0.634903
 47.200000 -2.123023 2.140513 1.473179
 47.400000 -2.121328 1.957085 9.789680
 47.600000 -2.109730 2.059375 0.730789
 47.800000 -2.131532 2.041328 2.097630
 48.000000 -2.136649 2.135180 1.724402
 48.200000 -2.153997 2.098609 1.785078
 48.400000 -2.080072 2.140832 1.180749
 48.600000 -2.088022 2.112159 0.178090
 48.800000 -2.136273 2.144179 2.116111
 49.000000 -2.107113 2.111513 0.227382
 49.200000 -2.092820 2.089629 0.012601
 49.400000 -2.123197 2.081576 0.496929
 49.600000 -2.045091 2.069219 1.532374
 49.800000 -2.102989 2.130320 0.682217
 50.000000 -2.167235 2.150863 4.247161
 50.200000 -2.030776 2.149546 3.544495
 50.400000 -2.127149 2.120869 0.886839
 50.600000 -2.112188 2.044550 1.400556
 50.800000 -2.083572 2.092761 0.059900
 51.000000 -2.223676 2.176432 11.721867
 51.200000 -2.071567 2.145074 1.544704
 51.400000 -2.047380 2.054287 1.909508
 51.600000 -2.142199 2.089863 1.152881
 51.800000 -2.184763 2.145372 5.382508
 52.000000 -2.121086 2.168374 3.092661
 52.200000 -2.057711 2.083895 0.728003
 52.400000 -2.055474 2.123716 1.187296
 52.600000 -2.195264 2.104934 5.142782
 52.800000 -2.177295 2.116528 3.681149
 53.000000 -1.982225 2.089205 6.304550
 53.200000 -1.973158 2.070656 7.630958
 53.400000 -2.152215 2.071014 1.944930
 53.600000 -2.140652 2.077346 1.215184
 53.800000 -2.044954 2.124046 1.661819
 54.000000 -2.056196 2.095971 0.730826
 54.200000 -2.031911 2.030880 3.969249
 54.400000 -2.053343 2.100318 0.860174
 54.600000 -2.121520 2.170398 3.256100
 54.800000 -2.054549 2.075497 0.972443
 55.000000 -2.049116 2.127651 1.578077
 55.200000 -2.211195 2.093644 6.821379
 55.400000 -2.142600 2.166371 3.752157
 55.600000 -2.151576 2.145097 2.920130
 55.800000 -2.222785 2.091783 8.245383
 56.000000 -2.053153 2.053422 1.689879
 56.200000 -2.086618 2.035795 1.747211
 56.400000 -2.170031 2.125565 3.346184
 56.600000 -2.109780 2.031281 2.110047
 56.800000 -2.097127 2.028348 2.184853
 57.000000 -2.136298 2.146299 2.224921
 57.200000 -2.164612 2.177833 5.946148
 57.400000 -2.081908 2.176014 3.408823
 57.600000 -2.134442 2.063741 1.271686
 57.800000 -2.085135 2.126860 0.569868
 58.000000 -2.138587 2.163070 3.334602
 58.200000 -2.220114 2.066466 8.292624
 58.400000 -2.117435 2.048021 1.340693
 58.600000 -2.091139 2.084627 0.053011
 58.800000 -2.147021 2.048166 2.453302
 59.000000 -2.068861 2.111410 0.470762
 59.200000 -2.068349 2.076523 0.498910
 59.400000 -2.104004 2.062391 0.558304
 59.600000 -2.076352 2.128465 0.743171
 59.800000 -2.143940 2.072313 1.471150
 60.000000 -2.122843 2.172058 3.420366
 60.200000 -2.099738 2.039937 1.497136
 60.400000 -2.145225 2.100586 1.310982
 60.600000 -2.157984 2.176834 5.419912
 60.800000 -2.080674 2.050802 1.044305
 61.000000 -2.044927 2.143867 2.447290
 61.200000 -2.073071 2.156906 2.181173
 61.400000 -2.117343 2.164748 2.738036
 61.600000 -2.044059 2.099724 1.281081
 61.800000 -2.041848 2.034065 3.200460
 62.000000 -2.103645 2.081990 0.119734
 62.200000 -2.118906 2.178496 3.836911
 62.400000 -2.139301 2.164630 3.474717
 62.600000 -2.016391 2.082833 3.109131
 62.800000 -2.057569 2.117605 0.947448
 63.000000 -2.110749 2.065114 0.562413
 63.200000 -2.028396 2.159107 4.271778
 63.400000 -2.018910 2.046078 4.016303
 63.600000 -2.069426 2.064831 0.748746
 63.800000 -2.079362 2.135025 0.938401
 64.000000 -2.127825 2.105235 0.617534
 64.200000 -2.154520 2.063197 2.294146
 64.400000 -2.022722 2.032042 4.512430
 64.600000 -2.067456 2.090824 0.369233
 64.800000 -2.105378 2.102066 0.089738
 65.000000 -2.093800 2.047433 1.102912
 65.200000 -2.097769 2.100442 0.023975
 65.400000 -2.094312 1.997844 4.661098
 65.600000 -2.036411 2.138619 2.658978
 65.800000 -2.039258 2.100121 1.536467
 66.000000 -2.127123 2.066634 0.920923
 66.200000 -2.167073 2.092139 2.643552
 66.400000 -2.101595 2.220623 7.992633
 66.600000 -2.046865 2.156533 3.060086
 66.800000 -2.025614 2.074605 2.561210
 67.000000 -2.007759 2.064371 4.203629
 67.200000 -2.074026 2.092688 0.208915
 67.400000 -2.164022 2.118727 2.719982
 67.600000 -2.164608 2.092805 2.466191
 67.800000 -2.070204 2.103652 0.335447
 68.000000 -2.044118 2.083667 1.321442
 68.200000 -2.061475 2.101527 0.567315
 68.400000 -2.151208 2.127018 2.146003
 68.600000 -2.105173 2.134859 0.876731
 68.800000 -2.085318 2.142486 1.197581
 69.000000 -2.055130 2.124767 1.232094
 69.200000 -2.036691 2.075710 1.839424
 69.400000 -2.125655 2.084308 0.539458
 69.600000 -2.133333 2.040231 2.224977
 69.800000 -2.069457 2.100569 0.330008
 70.000000 -2.102715 2.081136 0.122510
 70.200000 -2.055913 2.124177 1.183927
 70.400000 -2.129212 2.028251 2.793620
 70.600000 -2.134674 2.043513 2.105651
 70.800000 -2.090443 2.113048 0.181784
 71.000000 -2.102055 2.045229 1.237996
 71.200000 -2.083895 2.104725 0.108477
 71.400000 -2.041531 2.188463 5.821651
 71.600000 -2.125353 2.056407 1.200721
 71.800000 -2.125208 2.115951 0.707041
 72.000000 -2.118020 2.202707 6.144772
 72.200000 -2.163245 2.112374 2.531809
 72.400000 -2.125104 2.150606 2.051358
 72.600000 -2.029434 2.123203 2.524946
 72.800000 -2.022093 2.140530 3.678002
 73.000000 -2.054508 2.130997 1.465355
 73.200000 -2.152415 2.141877 2.810378
 73.400000 -2.112205 2.144539 1.415778
 73.600000 -2.119436 2.103667 0.356514
 73.800000 -2.110074 2.161562 2.378622
 74.000000 -2.097024 2.144061 1.236829
 74.200000 -2.099116 2.161824 2.284460
 74.400000 -2.061222 2.111592 0.698079
 74.600000 -2.123979 2.143802 1.658128
 74.800000 -2.122354 2.113656 0.576347
 75.000000 -2.162791 2.060899 2.899979
 75.200000 -2.130780 2.039459 2.170879
 75.400000 -2.067730 2.002505 4.577389
 75.600000 -2.026927 2.016070 5.343386
 75.800000 -2.109563 2.140446 1.175381
 76.000000 -2.101497 2.054451 0.822979
 76.200000 -2.113985 2.105772 0.256598
 76.400000 -2.057772 2.125307 1.148399
 76.600000 -2.118494 2.036694 1.955103
 76.800000 -2.105559 2.042020 1.433885
 77.000000 -2.044585 2.161538 3.494635
 77.200000 -2.099727 1.957684 9.359199
 77.400000 -2.090626 2.136130 0.878026
 77.600000 -2.104743 2.168282 2.783146
 77.800000 -2.121956 2.159841 2.521398
 78.000000 -2.117732 2.173041 3.364886
 78.200000 -2.086315 2.162537 2.354285
 78.400000 -2.114913 2.155182 2.058020
 78.600000 -2.104671 2.132196 0.767238
 78.800000 -2.040354 2.158126 3.491027
 79.000000 -2.014657 2.159171 5.276998
 79.200000 -2.031338 2.080070 2.090710
 79.400000 -2.116670 2.126818 0.773723
 79.600000 -2.151149 2.128784 2.201797
 79.800000 -2.143503 2.010999 4.683264
 80.000000 -2.083925 2.090977 0.060655
 80.200000 -2.128649 2.080714 0.680266
 80.400000 -2.135972 2.051027 1.804708
 80.600000 -2.078791 2.001292 4.455825
 80.800000 -2.096702 2.062099 0.524194
 81.000000 -2.086666 2.047422 1.133088
 81.200000 -2.093477 2.058934 0.629156
 81.400000 -2.109037 2.010454 3.630212
 81.600000 -2.076942 2.064523 0.598489
 81.800000 -2.138261 2.026588 3.260977
 82.000000 -2.178280 2.119736 3.839388
 82.200000 -2.150922 2.090512 1.605168
 82.400000 -2.134679 2.012602 4.156459
 82.600000 -2.084307 2.109410 0.163611
 82.800000 -2.081476 2.099250 0.095237
 83.000000 -2.100708 2.111455 0.165451
 83.200000 -2.066055 2.181716 4.214098
 83.400000 -2.105764 2.091176 0.069813
 83.600000 -2.148557 2.278841 18.476826
 83.800000 -2.070795 2.177607 3.740613
 84.000000 -2.061374 2.098150 0.552232
 84.200000 -2.069470 2.095772 0.311568
 84.400000 -2.144289 2.191327 5.942608
 84.600000 -2.160430 2.068813 2.507547
 84.800000 -2.098539 2.107937 0.100274
 85.000000 -2.104371 2.073148 0.275472
 85.200000 -2.060872 2.093510 0.562303
 85.400000 -2.107590 2.055293 0.851537
 85.600000 -2.093908 2.076981 0.151742
 85.800000 -2.068589 2.119462 0.647159
 86.000000 -2.029758 2.058207 2.743796
 86.200000 -2.089160 2.085792 0.050714
 86.400000 -2.062714 2.075534 0.679728
 86.600000 -2.122391 2.108241 0.487742
 86.800000 -2.125089 2.134791 1.286984
 87.000000 -2.078465 2.097100 0.130542
 87.200000 -2.077229 1.983389 6.308502
 87.400000 -2.067722 2.140538 1.420303
 87.600000 -2.064421 2.110236 0.574695
 87.800000 -2.089419 2.116492 0.256526
 88.000000 -2.097849 2.131609 0.698392
 88.200000 -2.030016 2.144124 3.308846
 88.400000 -2.102324 2.110154 0.155605
 88.600000 -2.031418 2.135033 2.808775
 88.800000 -1.992286 2.130713 5.872624
 89.000000 -2.143238 2.091745 1.196315
 89.200000 -2.125317 2.151111 2.086406
 89.400000 -2.060738 2.157021 2.527434
 89.600000 -2.113209 2.043912 1.451279
 89.800000 -2.186659 2.082392 4.328336
 90.000000 -2.091528 2.168030 2.715184
 90.200000 -2.167301 2.150185 4.213868
 90.400000 -2.072387 2.135652 1.093222
 90.600000 -2.035155 2.077917 1.890483
 90.800000 -2.163854 2.040803 3.848313
 91.000000 -2.138096 2.092635 0.956424
 91.200000 -2.161326 2.104710 2.293043
 91.400000 -2.179294 2.048810 4.642932
 91.600000 -2.123619 2.114881 0.636869
 91.800000 -2.099393 2.150893 1.608480
 92.000000 -2.132884 2.138245 1.702117
 92.200000 -2.170136 2.093059 2.869244
 92.400000 -2.049219 2.082196 1.094831
 92.600000 -2.039684 2.134620 2.305708
 92.800000 -2.185295 2.100856 4.152220
 93.000000 -2.079219 2.137098 1.026926
 93.200000 -2.082288 2.125481 0.556458
 93.400000 -2.162017 2.128467 2.866852
 93.600000 -2.131614 2.103621 0.735189
 93.800000 -2.112389 2.058461 0.807523
 94.000000 -2.058354 2.046328 1.804701
 94.200000 -2.064114 2.043733 1.741812
 94.400000 -2.072478 2.094518 0.240183
 94.600000 -2.162314 2.070175 2.599831
 94.800000 -2.090434 2.149332 1.516868
 95.000000 -2.096958 2.095827 0.004311
 95.200000 -2.005900 2.165424 6.438229
 95.400000 -2.069995 2.031028 2.305392
 95.600000 -2.130014 2.201818 6.404136
 95.800000 -2.165121 2.083229 2.563386
 96.000000 -2.149818 2.108001 1.628400
 96.200000 -2.073659 2.058212 0.869591
 96.400000 -1.981495 2.151014 7.976073
 96.600000 -2.061402 2.095004 0.544462
 96.800000 -2.191985 2.173344 7.878339
 97.000000 -2.096085 2.114111 0.195778
 97.200000 -2.078077 2.110367 0.260690
 97.400000 -2.142850 2.121010 1.528107
 97.600000 -2.018687 2.062478 3.375200
 97.800000 -2.043761 2.075125 1.467569
 98.000000 -2.219690 2.116936 8.103398
 98.200000 -2.073779 2.037085 1.854747
 98.400000 -2.120451 2.079982 0.443317
 98.600000 -2.160714 2.170534 5.097673
 98.800000 -2.099108 2.041326 1.419252
 99.000000 -2.143229 2.158090 3.220871
 99.200000 -2.103866 2.053853 0.866665
 99.400000 -1.988015 2.079834 5.764428
 99.600000 -2.053027 2.101221 0.878973
 99.800000 -2.109423 2.109023 0.219910
 100.000000 -2.042285 2.100717 1.377708
 100.200000 -2.036583 2.162133 3.965354
 100.400000 -2.058125 2.143495 1.863163
 100.600000 -2.031283 2.117205 2.251741
 100.800000 -2.069633 2.099577 0.320018
 101.000000 -2.124794 2.142272 1.608150
 101.200000 -2.071792 2.158907 2.336357
 101.400000 -2.066482 2.109951 0.510558
 101.600000 -2.031557 2.159567 4.098002
 101.800000 -2.029736 2.037936 3.684226
 102.000000 -2.118344 2.052810 1.151450
 102.200000 -2.187184 2.074117 4.510492
 102.400000 -2.160119 2.072559 2.398206
 102.600000 -2.161131 2.113320 2.405919
 102.800000 -2.070105 2.067608 0.653802
 103.000000 -2.022008 2.100949 2.641448
 103.200000 -2.121792 2.023653 2.877537
 103.400000 -2.110865 2.135148 0.966040
 103.600000 -2.108415 2.097073 0.101870
 103.800000 -2.136849 2.177023 4.314854
 104.000000 -2.116702 2.123545 0.673653
 104.200000 -2.180881 2.028451 5.914235
 104.400000 -2.173546 2.110014 3.254431
 104.600000 -2.185187 2.105197 4.179924
 104.800000 -2.056092 2.031082 2.737851
 105.000000 -2.045529 2.183577 5.170626
 105.200000 -2.058976 2.147438 2.034066
 105.400000 -2.120713 2.014325 3.551949
 105.600000 -2.113292 2.134881 0.998095
 105.800000 -2.146649 2.132130 2.077198
 106.000000 -2.069715 2.055933 1.044222
 106.200000 -2.069377 2.127314 0.854763
 106.400000 -2.045848 2.164465 3.633338
 106.600000 -2.081461 2.015560 3.191150
 106.800000 -2.047187 2.147010 2.498465
 107.000000 -2.047350 2.094079 1.106683
 107.200000 -2.104993 1.963211 8.660727
 107.400000 -2.171414 2.089357 2.978667
 107.600000 -2.123934 2.101378 0.460640
 107.800000 -2.036423 2.009488 5.284972
 108.000000 -2.070583 1.998112 4.918748
 108.200000 -2.137969 2.062502 1.457924
 108.400000 -2.156177 2.078779 2.030446
 108.600000 -2.155072 2.087429 1.865138
 108.800000 -2.042124 2.199591 6.899187
 109.000000 -2.080910 2.066919 0.468379
 109.200000 -2.113821 2.170255 3.066020
 109.400000 -2.133116 2.176594 4.128017
 109.600000 -2.052765 2.118227 1.150494
 109.800000 -2.008534 2.091257 3.691017
 110.000000 -2.138591 2.132896 1.717787
 110.200000 -2.121085 2.161509 2.608350
 110.400000 -2.090375 2.109318 0.119434
 110.600000 -2.094432 2.179634 3.632854
 110.800000 -2.020182 2.120910 3.105327
 111.000000 -2.125344 2.046071 1.646508
 111.200000 -2.184629 2.097861 4.077063
 111.400000 -2.072221 2.071154 0.515902
 111.600000 -2.059479 1.981659 6.964260
 111.800000 -2.163614 2.075729 2.569809
 112.000000 -2.118170 2.042888 1.609126
 112.200000 -2.108757 2.037083 1.745461
 112.400000 -2.201259 2.016228 8.765007
 112.600000 -2.030584 2.093235 2.036630
 112.800000 -2.016059 2.086761 3.097424
 113.000000 -2.063145 2.085420 0.528550
 113.200000 -2.041131 2.042882 2.745333
 113.400000 -2.087001 2.213587 7.130711
 113.600000 -2.093466 2.118415 0.288913
 113.800000 -2.085787 2.119598 0.354655
 114.000000 -1.989393 2.128879 6.107267
 114.200000 -2.061765 2.121482 0.899205
 114.400000 -2.050558 2.093911 0.960962
 114.600000 -2.073228 2.161744 2.491946
 114.800000 -2.115717 2.158436 2.277906
 115.000000 -2.036279 2.102852 1.724480
 115.200000 -2.003490 2.122793 4.535086
 115.400000 -2.205349 2.143143 7.343570
 115.600000 -2.118890 2.052700 1.169219
 115.800000 -2.101924 2.121270 0.389474
 116.000000 -2.103347 2.077057 0.190378
 116.200000 -2.159050 2.105418 2.150864
 116.400000 -1.998411 2.032626 6.514251
 116.600000 -1.971748 2.011277 10.975483
 116.800000 -2.056964 2.073113 0.927012
 117.000000 -2.121605 2.064926 0.804418
 117.200000 -2.159245 2.096168 2.104304
 117.400000 -2.115516 2.135980 1.087716
 117.600000 -2.056239 2.017081 3.716676
 117.800000 -2.110900 2.121318 0.498608
 118.000000 -2.184005 2.142286 5.161781
 118.200000 -2.078762 2.158678 2.188378
 118.400000 -2.066715 2.118105 0.664187
 118.600000 -1.997779 2.058518 5.310878
 118.800000 -2.041609 2.097254 1.397271
 119.000000 -1.995130 2.175031 8.177931
 119.200000 -2.113441 2.142872 1.356396
 119.400000 -2.100639 2.147048 1.405663
 119.600000 -2.162711 2.180971 6.081200
 119.800000 -2.097370 2.203618 5.969287
 120.000000 -2.077868 2.088885 0.151751
 120.200000 -2.095049 2.179651 3.634506
 120.400000 -2.206353 2.058661 6.905811
 120.600000 -2.202811 2.194463 10.883800
 120.800000 -2.138689 2.106023 1.048572
 121.000000 -2.096677 2.088114 0.022329
 121.200000 -2.069676 2.073945 0.514619
 121.400000 -2.118016 2.102287 0.310104
 121.600000 -2.123238 2.118488 0.706186
 121.800000 -2.102596 2.072303 0.277654
 122.000000 -2.113262 2.089684 0.189070
 122.200000 -2.128394 2.064243 1.032546
 122.400000 -2.112677 2.137291 1.087137
 122.600000 -2.141078 2.163776 3.496493
 122.800000 -2.130642 2.058726 1.293053
 123.000000 -2.153115 2.085747 1.761434
 123.200000 -2.113279 2.071414 0.442360
 123.400000 -2.146346 2.182403 5.222093
 123.600000 -2.047349 2.121786 1.481834
 123.800000 -2.057886 2.077459 0.809894
 124.000000 -2.117172 2.050489 1.223265
 124.200000 -2.094490 2.092885 0.001145
 124.400000 -2.149921 2.163635 3.938661
 124.600000 -2.127942 2.029404 2.674662
 124.800000 -2.051238 2.031717 2.895545
 125.000000 -2.128155 2.160642 2.764173
 125.200000 -2.105449 2.112392 0.223046
 125.400000 -1.984017 2.144179 7.330920
 125.600000 -2.037777 2.110016 1.724817
 125.800000 -2.061584 2.152631 2.233984
 126.000000 -2.066323 2.179811 4.041919
 126.200000 -2.043196 2.146999 2.694266
 126.400000 -2.025829 2.155840 4.238387
 126.600000 -2.100174 2.103568 0.058776
 126.800000 -2.158915 2.147904 3.513004
 127.000000 -2.099089 2.236156 10.059096
 127.200000 -2.032732 2.070994 2.174997
 127.400000 -1.993844 2.096530 5.057557
 127.600000 -2.056847 2.162030 2.992182
 127.800000 -2.044830 2.047788 2.314490
 128.000000 -2.043377 2.090397 1.309403
 128.200000 -2.007193 2.066109 4.202142
 128.400000 -2.072360 2.059498 0.851671
 128.600000 -2.065538 2.101957 0.444952
 128.800000 -2.053997 2.105434 0.876926
 129.000000 -2.097635 2.065283 0.429010
 129.200000 -2.123609 2.097617 0.431909
 129.400000 -2.111392 2.248268 11.982885
 129.600000 -2.100210 2.058421 0.663986
 129.800000 -2.087007 2.155463 1.891953
 130.000000 -2.072146 2.090380 0.255563
 130.200000 -2.082299 2.045886 1.249729
 130.400000 -2.142633 2.209119 7.744277
 130.600000 -2.064162 2.159053 2.547358
 130.800000 -2.033385 2.053062 2.715320
 131.000000 -2.126111 2.176057 3.837309
 131.200000 -2.150374 2.093276 1.567429
 131.400000 -2.148629 2.103144 1.508955
 131.600000 -2.136607 2.137504 1.820120
 131.800000 -2.037988 2.067000 1.966154
 132.000000 -1.983283 2.189668 10.711402
 132.200000 -2.169131 2.113077 2.967218
 132.400000 -2.063535 2.112268 0.635888
 132.600000 -2.055648 2.056996 1.449989
 132.800000 -2.094248 2.098221 0.007330
 133.000000 -2.015333 2.059538 3.732900
 133.200000 -2.109218 2.117101 0.367639
 133.400000 -2.042126 2.087843 1.387478
 133.600000 -2.086134 2.081430 0.118173
 133.800000 -2.145249 2.090278 1.301551
 134.000000 -2.158731 2.147485 3.478823
 134.200000 -2.031102 2.099544 2.016263
 134.400000 -2.079275 2.098854 0.124251
 134.600000 -2.146202 2.114537 1.544801
 134.800000 -2.079115 2.112673 0.283778
 135.000000 -2.077654 2.116018 0.373906
 135.200000 -2.070097 2.097809 0.301030
 135.400000 -2.022109 2.184611 6.682096
 135.600000 -2.097947 2.204046 6.017986
 135.800000 -2.096951 2.053896 0.823355
 136.000000 -1.953101 2.038782 11.528479
 136.200000 -2.098535 2.063873 0.474371
 136.400000 -2.196599 2.099728 5.237008
 136.600000 -2.120599 2.067121 0.715280
 136.800000 -2.068869 2.179284 3.928854
 137.000000 -2.025339 2.095229 2.384720
 137.200000 -2.044263 2.076859 1.410354
 137.400000 -2.107776 2.117965 0.367295
 137.600000 -2.110821 2.028164 2.328189
 137.800000 -2.130301 2.102165 0.674795
 138.000000 -2.138160 2.142473 2.113409
 138.200000 -2.081150 2.077780 0.225758
 138.400000 -1.985566 2.051583 6.838276
 138.600000 -2.052588 2.090275 0.882424
 138.800000 -2.217021 2.150217 9.076562
 139.000000 -2.140917 2.061833 1.612276
 139.200000 -2.096543 2.116250 0.241130
 139.400000 -2.040677 2.180702 5.167315
 139.600000 -2.066781 2.067059 0.754913
 139.800000 -2.111615 2.164648 2.615984
 140.000000 -2.131471 2.109719 0.804732
 140.200000 -2.152407 2.091645 1.686459
 140.400000 -2.130611 2.135847 1.514929
 140.600000 -2.115704 2.044169 1.488363
 140.800000 -1.997542 2.143960 5.918576
 141.000000 -2.062644 2.081427 0.588165
 141.200000 -2.172795 2.108719 3.175869
 141.400000 -2.127850 2.114450 0.760704
 141.600000 -2.106745 2.033967 1.902046
 141.800000 -2.055489 2.019427 3.566935
 142.000000 -2.016693 2.067909 3.369551
 142.200000 -2.112433 2.074185 0.366910
 142.400000 -2.184113 2.146344 5.373956
 142.600000 -2.133661 2.123135 1.183894
 142.800000 -2.105821 2.051208 0.997857
 143.000000 -2.056383 2.121681 1.094707
 143.200000 -2.039158 2.166914 4.155089
 143.400000 -2.084644 2.170768 2.963983
 143.600000 -2.131772 2.180943 4.443765
 143.800000 -2.083277 2.045407 1.261725
 144.000000 -2.042583 2.046543 2.487136
 144.200000 -2.111548 2.178605 3.692771
 144.400000 -2.099006 2.089277 0.023726
 144.600000 -2.077298 2.079798 0.252694
 144.800000 -2.101806 2.064213 0.482945
 145.000000 -2.022301 2.109963 2.719975
 145.200000 -2.029164 2.165850 4.680490
 145.400000 -2.138894 2.028854 3.137931
 145.600000 -2.131611 2.150022 2.239663
 145.800000 -2.103420 2.128464 0.621075
 146.000000 -2.153999 2.017563 4.727834
 146.200000 -2.180960 2.088969 3.761420
 146.400000 -2.139431 2.039632 2.513609
 146.600000 -2.100867 2.089858 0.031236
 146.800000 -2.159740 2.141120 3.226556
 147.000000 -2.055844 2.109736 0.860763
 147.200000 -2.030679 2.062136 2.550183
 147.400000 -2.024943 2.113704 2.598174
 147.600000 -2.038837 2.128890 2.138271
 147.800000 -2.054184 2.123095 1.220329
 148.000000 -2.112906 2.175727 3.478740
 148.200000 -2.097667 2.127660 0.558616
 148.400000 -2.115159 2.071742 0.472150
 148.600000 -2.089145 2.100107 0.030098
 148.800000 -2.082500 2.180008 3.735505
 149.000000 -2.097768 2.094615 0.005713
 149.200000 -2.088945 2.126437 0.528199
 149.400000 -2.115007 2.132131 0.924418
 149.600000 -2.119693 2.086236 0.353290
 149.800000 -2.068234 2.092683 0.343661
 150.000000 -2.083183 2.058650 0.701710
 150.200000 -2.066790 2.099139 0.392268
 150.400000 -2.134708 2.136110 1.682634
 150.600000 -2.140658 2.046022 2.240081
 150.800000 -2.094385 2.005228 3.975425
 151.000000 -2.123792 2.102625 0.465963
 151.200000 -2.134554 2.124662 1.264407
 151.400000 -2.009121 2.160771 5.838733
 151.600000 -2.131701 2.056007 1.432713
 151.800000 -2.096401 2.054298 0.805883
 152.000000 -2.088375 2.111633 0.166684
 152.200000 -2.163305 2.183976 6.386698
 152.400000 -2.138670 2.035444 2.717750
 152.600000 -1.995385 2.102349 4.933149
 152.800000 -2.119290 2.048372 1.368932
 153.000000 -2.150433 2.142716 2.737555
 153.200000 -2.165416 2.097745 2.527595
 153.400000 -2.143656 2.141332 2.314820
 153.600000 -2.060466 2.016241 3.629646
 153.800000 -2.059638 2.045745 1.787434
 154.000000 -2.183413 2.156064 5.863624
 154.200000 -2.170407 2.105907 2.955145
 154.400000 -2.116102 2.148476 1.697970
 154.600000 -2.055932 2.137881 1.685216
 154.800000 -2.085353 2.138138 0.997617
 155.000000 -2.072287 2.144189 1.484114
 155.200000 -2.080386 2.163103 2.458512
 155.400000 -2.047962 2.041862 2.457888
 155.600000 -2.098327 2.149718 1.538045
 155.800000 -2.114324 2.131545 0.888641
 156.000000 -2.096475 2.070607 0.285106
 156.200000 -2.077737 2.116893 0.391816
 156.400000 -2.048721 2.077127 1.192166
 156.600000 -2.099960 2.147489 1.424982
 156.800000 -2.138111 2.075554 1.133048
 157.000000 -2.134009 2.060287 1.366327
 157.200000 -2.079778 2.080636 0.201490
 157.400000 -2.065850 2.070573 0.691159
 157.600000 -2.169144 2.029842 4.877233
 157.800000 -2.089287 2.133170 0.764787
 158.000000 -1.987798 2.129287 6.290186
 158.200000 -2.063390 2.167588 3.159253
 158.400000 -2.126461 2.147900 1.945472
 158.600000 -2.100202 2.064231 0.471790
 158.800000 -2.112657 2.111097 0.306224
 159.000000 -2.101755 2.031443 2.008592
 159.200000 -2.135534 2.105779 0.911016
 159.400000 -2.135627 2.068248 1.191869
 159.600000 -2.041950 2.055231 2.142156
 159.800000 -2.083817 2.110706 0.188974
 160.000000 -2.081824 2.102835 0.114633
 160.200000 -2.147351 2.134107 2.190710
 160.400000 -2.168865 2.143260 3.966744
 160.600000 -2.066929 2.032134 2.315414
 160.800000 -2.085302 2.161876 2.318207
 161.000000 -2.087360 2.153144 1.750459
 161.200000 -2.023959 2.087394 2.505119
 161.400000 -2.008676 2.090980 3.679753
 161.600000 -2.032178 2.100547 1.954412
 161.800000 -2.113738 2.172099 3.206032
 162.000000 -2.100489 2.130035 0.653669
 162.200000 -2.028190 2.074406 2.391349
 162.400000 -1.956640 2.149088 10.983869
 162.600000 -2.050666 2.126201 1.461943
 162.800000 -2.118927 2.141192 1.395895
 163.000000 -2.065118 2.116718 0.677746
 163.200000 -2.019618 2.064294 3.248864
 163.400000 -2.095759 2.067194 0.370879
 163.600000 -2.134950 2.106482 0.895377
 163.800000 -2.121612 2.154089 2.152052
 164.000000 -2.082817 2.107439 0.152099
 164.200000 -2.073497 2.063153 0.706393
 164.400000 -2.127375 2.096057 0.545206
 164.600000 -2.112586 2.114772 0.373069
 164.800000 -2.092113 2.104979 0.058614
 165.000000 -2.119068 2.103937 0.349899
 165.200000 -2.111495 2.114539 0.349091
 165.400000 -2.086395 2.107400 0.116570
 165.600000 -2.150933 2.092138 1.600805
 165.800000 -2.195480 2.070370 5.397666
 166.000000 -2.189276 2.147837 5.929168
 166.200000 -2.134749 2.139333 1.823922
 166.400000 -2.014772 2.074754 3.362808
 166.600000 -2.137897 2.053592 1.778680
 166.800000 -2.138530 2.205763 7.175368
 167.000000 -2.153477 2.157430 3.732034
 167.200000 -2.089666 2.052641 0.882901
 167.400000 -2.086863 2.060203 0.612931
 167.600000 -2.124178 2.096978 0.446843
 167.800000 -2.197632 2.112606 5.494739
 168.000000 -2.097313 2.182518 3.887040
 168.200000 -2.073272 2.009589 3.819152
 168.400000 -2.059862 2.083408 0.656620
 168.600000 -2.104558 2.117501 0.318581
 168.800000 -2.106941 2.104505 0.129812
 169.000000 -2.120328 2.105152 0.394109
 169.200000 -2.035284 2.054735 2.533554
 169.400000 -2.038195 2.121093 1.935600
 169.600000 -2.032728 2.124975 2.368985
 169.800000 -2.005805 2.150925 5.521940
 170.000000 -2.114081 2.009030 3.837408
 170.200000 -2.150985 2.056557 2.317092
 170.400000 -2.085794 2.113634 0.222049
 170.600000 -2.073937 2.107074 0.289639
 170.800000 -2.050828 2.101611 0.975080
 171.000000 -2.199362 2.030973 7.520277
 171.200000 -2.155280 2.065329 2.275907
 171.400000 -2.021255 2.147514 4.085566
 171.600000 -2.154462 2.103717 1.847464
 171.800000 -2.122157 2.043852 1.662641
 172.000000 -2.119047 2.076669 0.460949
 172.200000 -2.145570 2.046869 2.438835
 172.400000 -2.156757 2.159287 4.049930
 172.600000 -2.134206 2.113130 0.967956
 172.800000 -2.077660 2.131781 0.838900
 173.000000 -2.127462 2.107149 0.628042
 173.200000 -2.241934 2.127971 11.447544
 173.400000 -2.163499 2.170600 5.291278
 173.600000 -2.046514 2.034418 2.944923
 173.800000 -2.150996 2.089230 1.615148
 174.000000 -2.128940 2.131289 1.277251
 174.200000 -2.148853 1.983238 7.660722
 174.400000 -2.097382 2.044758 1.236389
 174.600000 -2.065723 2.055229 1.178028
 174.800000 -2.136641 2.084970 0.936778
 175.000000 -2.149221 2.167311 4.161297
 175.200000 -2.086871 1.974395 7.228327
 175.400000 -2.117159 2.065817 0.667442
 175.600000 -2.145797 2.087651 1.343797
 175.800000 -2.008929 2.075031 3.839714
 176.000000 -2.029849 2.078354 2.211774
 176.200000 -2.169104 2.069608 3.097928
 176.400000 -2.125525 2.155992 2.381633
 176.600000 -2.060135 2.142581 1.747828
 176.800000 -2.022412 2.072121 2.838872
 177.000000 -2.087406 2.077868 0.161001
 177.200000 -2.058289 2.113845 0.840978
 177.400000 -2.134859 2.132755 1.554395
 177.600000 -2.060909 2.116813 0.811930
 177.800000 -2.113315 2.082757 0.246707
 178.000000 -2.170440 2.187278 7.205093
 178.200000 -2.059694 2.144433 1.853982
 178.400000 -2.046686 2.129516 1.754799
 178.600000 -2.077504 2.094386 0.142655
 178.800000 -2.118031 2.083155 0.342494
 179.000000 -2.093948 2.130209 0.641421
 179.200000 -2.103140 2.160706 2.236774
 179.400000 -2.088658 1.977396 6.860805
 179.600000 -2.112337 2.077505 0.303595
 179.800000 -2.105600 2.172204 3.089902
 180.000000 -2.214890 1.993005 12.399474
 180.200000 -2.137381 2.109308 1.035066
 180.400000 -2.053100 2.172246 3.883062
 180.600000 -2.084496 1.981166 6.459411
 180.800000 -2.144534 2.100849 1.277782
 181.000000 -2.165120 2.110643 2.633006
 181.200000 -2.193100 2.072408 5.112991
 181.400000 -2.124378 2.133913 1.230318
 181.600000 -2.063595 2.148537 1.940023
 181.800000 -2.081789 2.177554 3.537130
 182.000000 -2.186952 2.158424 6.333222
 182.200000 -2.158177 2.089955 2.043928
 182.400000 -2.011554 2.146909 4.810191
 182.600000 -2.104385 2.159998 2.201800
 182.800000 -2.121933 2.091761 0.382650
 183.000000 -2.078471 2.117242 0.387774
 183.200000 -2.113501 2.035725 1.903598
 183.400000 -2.012670 2.036566 5.011616
 183.600000 -1.991283 2.061819 5.846657
 183.800000 -2.082669 2.047848 1.152065
 184.000000 -2.086200 2.095474 0.034166
 184.200000 -2.092474 2.064223 0.457013
 184.400000 -2.168929 2.050069 3.760028
 184.600000 -2.198722 2.213999 12.594658
 184.800000 -2.130133 1.989517 6.138306
 185.000000 -2.011828 2.110357 3.536089
 185.200000 -2.091534 2.139077 1.002333
 185.400000 -2.140024 1.985492 6.970965
 185.600000 -2.126385 2.139785 1.541792
 185.800000 -2.070060 2.142861 1.470552
 186.000000 -2.054574 2.132835 1.531675
 186.200000 -2.046339 2.190356 5.758964
 186.400000 -2.055550 2.145881 2.079885
 186.600000 -2.064062 2.104620 0.512336
 186.800000 -2.121512 2.108416 0.465951
 187.000000 -2.099187 2.179109 3.599728
 187.200000 -2.069826 2.089642 0.313108
 187.400000 -2.063090 2.126317 0.999529
 187.600000 -2.141512 2.096776 1.112858
 187.800000 -2.095513 2.053940 0.818915
 188.000000 -2.082615 2.042981 1.391086
 188.200000 -2.144288 1.991522 6.536083
 188.400000 -2.195044 2.096350 5.067001
 188.600000 -2.157891 2.081859 2.094449
 188.800000 -2.088163 2.086246 0.052622
 189.000000 -2.036441 2.126255 2.186881
 189.200000 -2.047002 2.095126 1.123310
 189.400000 -2.080585 2.137530 1.025656
 189.600000 -2.035616 2.148364 3.183820
 189.800000 -2.067860 2.112711 0.519794
 190.000000 -2.076572 2.197579 5.482303
 190.200000 -2.074063 2.061797 0.738031
 190.400000 -2.067876 2.137762 1.291987
 190.600000 -2.168525 2.116659 2.995449
 190.800000 -2.119694 2.039985 1.800233
 191.000000 -2.115164 2.136921 1.119907
 191.200000 -2.101389 2.110983 0.162045
 191.400000 -2.047511 2.128393 1.677003
 191.600000 -2.105567 2.110466 0.191547
 191.800000 -2.144328 2.048394 2.304712
 192.000000 -2.168304 2.154568 4.541645
 192.200000 -2.146717 2.034190 3.181127
 192.400000 -2.076763 2.058655 0.794122
 192.600000 -2.098794 2.147214 1.404592
 192.800000 -2.123518 2.058283 1.076116
 193.000000 -2.140621 2.145896 2.394593
 193.200000 -2.112441 2.139214 1.167183
 193.400000 -2.020822 2.107338 2.790282
 193.600000 -2.065852 2.156144 2.313798
 193.800000 -2.078541 2.130034 0.760745
 194.000000 -2.082570 2.118347 0.356763
 194.200000 -2.072350 2.177558 3.701002
 194.400000 -2.139462 2.119420 1.328643
 194.600000 -2.115096 2.079396 0.326742
 194.800000 -2.057897 2.072683 0.901751
 195.000000 -2.019296 2.088460 2.837524
 195.200000 -2.055801 2.068562 1.078437
 195.400000 -2.133620 2.145283 2.064093
 195.600000 -2.168908 2.175268 6.046272
 195.800000 -2.001141 2.107691 4.436592
 196.000000 -1.999434 2.070752 4.788327
 196.200000 -2.053886 2.118725 1.116491
 196.400000 -2.057185 2.175043 3.944326
 196.600000 -2.115617 2.102869 0.261097
 196.800000 -2.134930 2.091068 0.827091
 197.000000 -2.108718 2.121396 0.467104
 197.200000 -2.102571 2.059039 0.658460
 197.400000 -2.128947 2.127772 1.153930
 197.600000 -2.151577 2.081171 1.722296
 197.800000 -2.240953 2.094712 10.739718
 198.000000 -2.175874 2.104918 3.374745
 198.200000 -1.982039 2.097479 6.316647
 198.400000 -2.011495 2.084498 3.485222
 198.600000 -2.090966 2.126563 0.523265
 198.800000 -2.169762 2.122791 3.243262
 199.000000 -2.300138 2.114024 21.357766
 199.200000 -2.144973 2.032312 3.206239
 199.400000 -2.068909 2.040118 1.797768
 199.600000 -1.995456 2.115991 5.127629
 199.800000 -2.185465 2.066156 4.545561
 200.000000 -2.143170 2.098326 1.197236
