#! FIELDS time phi psi restraint.bias
#! SET min_phi -pi
#! SET max_phi pi
#! SET min_psi -pi
#! SET max_psi pi
 0.000000 1.327790 -1.533480 15.038544
 0.200000 1.160558 -1.361964 2.459233
 0.400000 1.253521 -1.333087 2.500939
 0.600000 1.212606 -1.353976 0.935738
 0.800000 1.146941 -1.348987 3.914287
 1.000000 1.212761 -1.392303 0.048066
 1.200000 1.264700 -1.364908 1.414756
 1.400000 1.206810 -1.381712 0.217183
 1.600000 1.151873 -1.345346 3.736294
 1.800000 1.203281 -1.381065 0.285683
 2.000000 1.253962 -1.422792 0.871322
 2.200000 1.150880 -1.383465 2.591784
 2.400000 1.162223 -1.305538 5.886142
 2.600000 1.149763 -1.416416 2.792746
 2.800000 1.227369 -1.404823 0.052525
 3.000000 1.162614 -1.406827 1.803178
 3.200000 1.190878 -1.397702 0.476979
 3.400000 1.186763 -1.407712 0.676881
 3.600000 1.136324 -1.368633 4.028875
 3.800000 1.192593 -1.361877 1.015696
 4.000000 1.218235 -1.363438 0.544878
 4.200000 1.190780 -1.318333 3.515544
 4.400000 1.190697 -1.271717 8.237478
 4.600000 1.325405 -1.354964 6.227063
 4.800000 1.224753 -1.294562 5.176114
 5.000000 1.210841 -1.343586 1.446749
 5.200000 1.122184 -1.355430 5.788410
 5.400000 1.251443 -1.389779 0.462433
 5.600000 1.219313 -1.399602 0.008497
 5.800000 1.144316 -1.332908 5.003447
 6.000000 1.171878 -1.339126 2.874986
 6.200000 1.319654 -1.363128 5.343436
 6.400000 1.210534 -1.340216 1.633317
 6.600000 1.158067 -1.290400 7.630004
 6.800000 1.226531 -1.397229 0.011987
 7.000000 1.225976 -1.435909 0.794917
 7.200000 1.187095 -1.372478 0.882699
 7.400000 1.188701 -1.340434 2.103916
 7.600000 1.165307 -1.457545 3.469510
 7.800000 1.149715 -1.357898 3.329097
 8.000000 1.150486 -1.409630 2.627199
 8.200000 1.198654 -1.489772 4.638217
 8.400000 1.239381 -1.449817 1.589762
 8.600000 1.119524 -1.402921 5.245235
 8.800000 1.183054 -1.418594 0.997267
 9.000000 1.242977 -1.438886 1.134045
 9.200000 1.125911 -1.439109 5.508558
 9.400000 1.167413 -1.431715 2.103595
 9.600000 1.263317 -1.458356 2.792459
 9.800000 1.218670 -1.337304 1.742807
 10.000000 1.140913 -1.306969 7.252493
 10.200000 1.204599 -1.379376 0.289342
 10.400000 1.298989 -1.393521 2.988193
 10.600000 1.193516 -1.440069 1.357512
 10.800000 1.152540 -1.366571 2.834500
 11.000000 1.222287 -1.371969 0.295276
 11.200000 1.151144 -1.390029 2.510640
 11.400000 1.117030 -1.347500 6.670035
 11.600000 1.142267 -1.366189 3.609461
 11.800000 1.268147 -1.425294 1.498616
 12.000000 1.227418 -1.372286 0.303640
 12.200000 1.161263 -1.356526 2.617660
 12.400000 1.194975 -1.342218 1.818403
 12.600000 1.261167 -1.395543 0.777896
 12.800000 1.164364 -1.400238 1.653374
 13.000000 1.138914 -1.316877 6.580418
 13.200000 1.253331 -1.386254 0.549381
 13.400000 1.180065 -1.381399 0.978486
 13.600000 1.179741 -1.322296 3.617145
 13.800000 1.163888 -1.341951 3.147799
 14.000000 1.253021 -1.393165 0.494349
 14.200000 1.276804 -1.434718 2.255898
 14.400000 1.160067 -1.329176 4.151514
 14.600000 1.146119 -1.330420 5.026184
 14.800000 1.245794 -1.447181 1.585826
 15.000000 1.273563 -1.379723 1.480106
 15.200000 1.178012 -1.377106 1.139179
 15.400000 1.140111 -1.398122 3.332591
 15.600000 1.232863 -1.434232 0.782774
 15.800000 1.256876 -1.409994 0.711853
 16.000000 1.213830 -1.341035 1.556302
 16.200000 1.242987 -1.403731 0.253813
 16.400000 1.189067 -1.416158 0.731349
 16.600000 1.254805 -1.315918 3.774652
 16.800000 1.158861 -1.320745 4.827833
 17.000000 1.252756 -1.396986 0.481544
 17.200000 1.162054 -1.416282 1.981004
 17.400000 1.154117 -1.363174 2.833243
 17.600000 1.097286 -1.326071 10.206670
 17.800000 1.165115 -1.407511 1.665919
 18.000000 1.228850 -1.412352 0.154764
 18.200000 1.130476 -1.338738 5.818215
 18.400000 1.140206 -1.333018 5.323138
 18.600000 1.217827 -1.411313 0.120865
 18.800000 1.218720 -1.343573 1.392695
 19.000000 1.199986 -1.406412 0.287907
 19.200000 1.219607 -1.384166 0.075433
 19.400000 1.164125 -1.430898 2.258992
 19.600000 1.205447 -1.403303 0.157357
 19.800000 1.163034 -1.363382 2.263204
 20.000000 1.109726 -1.372616 6.552078
 20.200000 1.167305 -1.409384 1.567116
 20.400000 1.217520 -1.426345 0.461325
 20.600000 1.188239 -1.412915 0.699467
 20.800000 1.217055 -1.335032 1.885548
 21.000000 1.190155 -1.389161 0.523732
 21.200000 1.177550 -1.482907 4.729493
 21.400000 1.247534 -1.392872 0.338657
 21.600000 1.135445 -1.349564 4.812977
 21.800000 1.236025 -1.396120 0.102171
 22.000000 1.221306 -1.489363 4.333849
 22.200000 1.227590 -1.349159 1.126563
 22.400000 1.180263 -1.367368 1.277253
 22.600000 1.228557 -1.316617 3.195046
 22.800000 1.215521 -1.374701 0.251745
 23.000000 1.196311 -1.299832 4.972545
 23.200000 1.217234 -1.270729 7.889529
 23.400000 1.283565 -1.434336 2.636521
 23.600000 1.197084 -1.482685 4.038079
 23.800000 1.173287 -1.298554 5.946971
 24.000000 1.213085 -1.308145 3.919762
 24.200000 1.242678 -1.325297 2.737552
 24.400000 1.260924 -1.273554 8.296852
 24.600000 1.204517 -1.381304 0.260042
 24.800000 1.192851 -1.273537 7.947835
 25.000000 1.256027 -1.390600 0.604171
 25.200000 1.253114 -1.286837 6.479547
 25.400000 1.168027 -1.288354 7.264316
 25.600000 1.161396 -1.341497 3.319761
 25.800000 1.293397 -1.434997 3.318161
 26.000000 1.158523 -1.440744 2.986888
 26.200000 1.145419 -1.326370 5.354269
 26.400000 1.222291 -1.389142 0.025512
 26.600000 1.241741 -1.386712 0.245836
 26.800000 1.157475 -1.371631 2.367767
 27.000000 1.188174 -1.373846 0.814271
 27.200000 1.254094 -1.445250 1.723568
 27.400000 1.154061 -1.439943 3.243506
 27.600000 1.113490 -1.380072 5.989056
 27.800000 1.219174 -1.389911 0.023446
 28.000000 1.219600 -1.445887 1.233508
 28.200000 1.142771 -1.406567 3.170363
 28.400000 1.102766 -1.418982 7.334362
 28.600000 1.218031 -1.388177 0.039539
 28.800000 1.157002 -1.482276 5.793984
 29.000000 1.170965 -1.391644 1.299213
 29.200000 1.143691 -1.407652 3.109944
 29.400000 1.181250 -1.363762 1.347481
 29.600000 1.166509 -1.313962 4.911432
 29.800000 1.187527 -1.427433 1.070707
 30.000000 1.253621 -1.436074 1.300925
 30.200000 1.140056 -1.296949 8.267061
 30.400000 1.206787 -1.373113 0.379619
 30.600000 1.279737 -1.313189 5.133098
 30.800000 1.251192 -1.376061 0.638056
 31.000000 1.117196 -1.374555 5.699404
 31.200000 1.207774 -1.363405 0.637216
 31.400000 1.233955 -1.341395 1.579994
 31.600000 1.221417 -1.384853 0.065148
 31.800000 1.189878 -1.250384 11.147730
 32.000000 1.194390 -1.373824 0.625514
 32.200000 1.194582 -1.428284 0.881195
 32.400000 1.269707 -1.357645 1.896557
 32.600000 1.185782 -1.368685 1.026431
 32.800000 1.172363 -1.285195 7.386700
 33.000000 1.247939 -1.336340 2.138869
 33.200000 1.192585 -1.477893 3.756412
 33.400000 1.214604 -1.377936 0.193330
 33.600000 1.193616 -1.347748 1.572093
 33.800000 1.236389 -1.339234 1.733597
 34.000000 1.257440 -1.369837 0.986761
 34.200000 1.213534 -1.357447 0.786962
 34.400000 1.236567 -1.312313 3.633883
 34.600000 1.184320 -1.397295 0.700309
 34.800000 1.272201 -1.452842 2.874193
 35.000000 1.189721 -1.359266 1.196716
 35.200000 1.180144 -1.363266 1.409120
 35.400000 1.196608 -1.349358 1.415658
 35.600000 1.204418 -1.398172 0.151689
 35.800000 1.204517 -1.385321 0.208014
 36.000000 1.219626 -1.404697 0.037781
 36.200000 1.205417 -1.463527 2.395283
 36.400000 1.210868 -1.447811 1.387553
 36.600000 1.151553 -1.444936 3.646961
 36.800000 1.107380 -1.425846 6.975609
 37.000000 1.273135 -1.436100 2.114694
 37.200000 1.295608 -1.450118 4.179140
 37.400000 1.148410 -1.473994 5.708964
 37.600000 1.198313 -1.400804 0.284493
 37.800000 1.132268 -1.428314 4.515441
 38.000000 1.169709 -1.360703 1.985420
 38.200000 1.190738 -1.417675 0.709499
 38.400000 1.123817 -1.481457 8.422497
 38.600000 1.206885 -1.433524 0.804372
 38.800000 1.209531 -1.444054 1.216366
 39.000000 1.181458 -1.408526 0.886143
 39.200000 1.200964 -1.344098 1.576252
 39.400000 1.256441 -1.358953 1.298427
 39.600000 1.177032 -1.423249 1.363088
 39.800000 1.101324 -1.410365 7.348350
 40.000000 1.218913 -1.386749 0.049233
 40.200000 1.234337 -1.418502 0.326740
 40.400000 1.187292 -1.339158 2.223537
 40.600000 1.242964 -1.311744 3.797207
 40.800000 1.201645 -1.358978 0.896794
 41.000000 1.261297 -1.303228 5.110573
 41.200000 1.193691 -1.392697 0.399469
 41.400000 1.245889 -1.252819 10.579980
 41.600000 1.254875 -1.296679 5.507763
 41.800000 1.230134 -1.328066 2.360733
 42.000000 1.297358 -1.295644 7.921945
 42.200000 1.188948 -1.360430 1.179357
 42.400000 1.206901 -1.323931 2.725914
 42.600000 1.260619 -1.354355 1.634332
 42.800000 1.229535 -1.332416 2.068734
 43.000000 1.285551 -1.324301 4.625837
 43.200000 1.220065 -1.383418 0.083884
 43.400000 1.209782 -1.411145 0.182122
 43.600000 1.206845 -1.358621 0.819277
 43.800000 1.184058 -1.321324 3.517564
 44.000000 1.249608 -1.374799 0.618931
 44.200000 1.231763 -1.363422 0.589619
 44.400000 1.179465 -1.391378 0.905098
 44.600000 1.178903 -1.352069 1.893671
 44.800000 1.209092 -1.382753 0.171135
 45.000000 1.176285 -1.353844 1.932329
 45.200000 1.166323 -1.328375 3.839434
 45.400000 1.195219 -1.409688 0.441551
 45.600000 1.193705 -1.393057 0.397869
 45.800000 1.226133 -1.371139 0.325312
 46.000000 1.179670 -1.467595 3.428668
 46.200000 1.204847 -1.401959 0.158741
 46.400000 1.140563 -1.445540 4.508155
 46.600000 1.274256 -1.396855 1.379614
 46.800000 1.190050 -1.460065 2.537178
 47.000000 1.215814 -1.426849 0.485245
 47.200000 1.127918 -1.466783 6.886911
 47.400000 1.223080 -1.427181 0.478859
 47.600000 1.120095 -1.441938 6.207947
 47.800000 1.106388 -1.407710 6.717408
 48.000000 1.146244 -1.411740 2.968843
 48.200000 1.287281 -1.433571 2.844367
 48.400000 1.136069 -1.437958 4.538139
 48.600000 1.148940 -1.383363 2.732409
 48.800000 1.120441 -1.401233 5.142098
 49.000000 1.193340 -1.421405 0.719046
 49.200000 1.204883 -1.392832 0.147800
 49.400000 1.167228 -1.404407 1.518396
 49.600000 1.180870 -1.425534 1.263187
 49.800000 1.284115 -1.421678 2.268894
 50.000000 1.188776 -1.282137 7.055365
 50.200000 1.141429 -1.290212 8.847575
 50.400000 1.162780 -1.388735 1.765940
 50.600000 1.276807 -1.406790 1.572101
 50.800000 1.260422 -1.366319 1.196861
 51.000000 1.156853 -1.387837 2.140024
 51.200000 1.167059 -1.395782 1.494588
 51.400000 1.143068 -1.349032 4.209307
 51.600000 1.175008 -1.325936 3.564451
 51.800000 1.221229 -1.388164 0.032927
 52.000000 1.179237 -1.379622 1.041321
 52.200000 1.120315 -1.350253 6.201046
 52.400000 1.194077 -1.354131 1.269904
 52.600000 1.220776 -1.364389 0.508448
 52.800000 1.217679 -1.479512 3.473363
 53.000000 1.098533 -1.340322 9.153494
 53.200000 1.214117 -1.404057 0.059357
 53.400000 1.240147 -1.372857 0.443508
 53.600000 1.188696 -1.445066 1.736497
 53.800000 1.218332 -1.272550 7.658304
 54.000000 1.223390 -1.400128 0.008845
 54.200000 1.261119 -1.486817 4.875671
 54.400000 1.156987 -1.315674 5.343188
 54.600000 1.093025 -1.371405 8.591489
 54.800000 1.263559 -1.320668 3.732129
 55.000000 1.250841 -1.429325 0.970269
 55.200000 1.101131 -1.394789 7.273224
 55.400000 1.252794 -1.381911 0.585471
 55.600000 1.238918 -1.453546 1.788381
 55.800000 1.142739 -1.372385 3.404920
 56.000000 1.182951 -1.233914 13.930521
 56.200000 1.226605 -1.412958 0.151235
 56.400000 1.271093 -1.395950 1.218394
 56.600000 1.214473 -1.319009 3.010439
 56.800000 1.221584 -1.419415 0.268013
 57.000000 1.296116 -1.359264 3.451061
 57.200000 1.195163 -1.361174 0.968560
 57.400000 1.161479 -1.343438 3.210427
 57.600000 1.149668 -1.312563 6.099409
 57.800000 1.270411 -1.478865 4.596386
 58.000000 1.192740 -1.417726 0.650540
 58.200000 1.142193 -1.382311 3.260482
 58.400000 1.148408 -1.394230 2.690182
 58.600000 1.212849 -1.395007 0.040227
 58.800000 1.140700 -1.393348 3.287205
 59.000000 1.122235 -1.398685 4.952584
 59.200000 1.223284 -1.472024 2.871040
 59.400000 1.181015 -1.342064 2.297676
 59.600000 1.175337 -1.386615 1.122728
 59.800000 1.176107 -1.428209 1.550994
 60.000000 1.192240 -1.425721 0.868720
 60.200000 1.150280 -1.372965 2.823978
 60.400000 1.182628 -1.359185 1.451889
 60.600000 1.271323 -1.413245 1.373872
 60.800000 1.153463 -1.363179 2.877499
 61.000000 1.142283 -1.366875 3.587819
 61.200000 1.222923 -1.422400 0.342278
 61.400000 1.275066 -1.444938 2.606942
 61.600000 1.155184 -1.365723 2.680564
 61.800000 1.211010 -1.323981 2.669802
 62.000000 1.302672 -1.442180 4.329908
 62.200000 1.182348 -1.389031 0.801635
 62.400000 1.164233 -1.346503 2.891013
 62.600000 1.227530 -1.427723 0.511681
 62.800000 1.238867 -1.405089 0.185774
 63.000000 1.148474 -1.329321 4.923920
 63.200000 1.136088 -1.361611 4.267693
 63.400000 1.272861 -1.386513 1.354716
 63.600000 1.219682 -1.341309 1.512084
 63.800000 1.209636 -1.385461 0.131489
 64.000000 1.251403 -1.278394 7.386784
 64.200000 1.191461 -1.331606 2.548374
 64.400000 1.248858 -1.431625 0.993167
 64.600000 1.204263 -1.334734 2.045519
 64.800000 1.137828 -1.351303 4.530522
 65.000000 1.314643 -1.320061 7.219738
 65.200000 1.295430 -1.322073 5.467918
 65.400000 1.141065 -1.367451 3.668570
 65.600000 1.168688 -1.367174 1.829855
 65.800000 1.252445 -1.407701 0.537096
 66.000000 1.146749 -1.401522 2.824939
 66.200000 1.171489 -1.324654 3.826056
 66.400000 1.193468 -1.394648 0.400677
 66.600000 1.178033 -1.281674 7.520120
 66.800000 1.227623 -1.313707 3.425177
 67.000000 1.197411 -1.417793 0.527461
 67.200000 1.218577 -1.449131 1.402487
 67.400000 1.181860 -1.303852 5.064720
 67.600000 1.213156 -1.392459 0.043998
 67.800000 1.286777 -1.420467 2.408454
 68.000000 1.183119 -1.414044 0.903521
 68.200000 1.100540 -1.393702 7.346816
 68.400000 1.180737 -1.442274 1.898690
 68.600000 1.243470 -1.375703 0.447684
 68.800000 1.145621 -1.463272 5.141433
 69.000000 1.140929 -1.359702 3.932785
 69.200000 1.164216 -1.401257 1.666426
 69.400000 1.203060 -1.378604 0.330225
 69.600000 1.184872 -1.416787 0.889882
 69.800000 1.191160 -1.460980 2.561434
 70.000000 1.162741 -1.354018 2.632198
 70.200000 1.237453 -1.405797 0.169045
 70.400000 1.234953 -1.359593 0.759766
 70.600000 1.206619 -1.422997 0.471502
 70.800000 1.168345 -1.371915 1.721438
 71.000000 1.169969 -1.358835 2.040038
 71.200000 1.247062 -1.427629 0.812729
 71.400000 1.206015 -1.366231 0.574461
 71.600000 1.101991 -1.399521 7.174133
 71.800000 1.224409 -1.421435 0.320401
 72.000000 1.275496 -1.422304 1.784419
 72.200000 1.230153 -1.431267 0.648101
 72.400000 1.149499 -1.313408 6.041183
 72.600000 1.242236 -1.414527 0.377023
 72.800000 1.208488 -1.312806 3.570270
 73.000000 1.253788 -1.369177 0.880682
 73.200000 1.232880 -1.331239 2.176213
 73.400000 1.207904 -1.371632 0.398937
 73.600000 1.237532 -1.284795 6.337422
 73.800000 1.243800 -1.390455 0.260402
 74.000000 1.206119 -1.347808 1.295815
 74.200000 1.172172 -1.411281 1.340796
 74.400000 1.179682 -1.395069 0.884731
 74.600000 1.211611 -1.354692 0.915308
 74.800000 1.250534 -1.431509 1.035931
 75.000000 1.161408 -1.419924 2.099286
 75.200000 1.117864 -1.376404 5.591300
 75.400000 1.196067 -1.440810 1.321509
 75.600000 1.247964 -1.365207 0.826333
 75.800000 1.192119 -1.412752 0.574360
 76.000000 1.118793 -1.326113 7.758599
 76.200000 1.204761 -1.470275 2.882803
 76.400000 1.255553 -1.400456 0.580787
 76.600000 1.077538 -1.342674 11.831606
 76.800000 1.190479 -1.367360 0.906043
 77.000000 1.216845 -1.425686 0.444783
 77.200000 1.145529 -1.390571 2.919543
 77.400000 1.222708 -1.360653 0.634534
 77.600000 1.181960 -1.353927 1.687036
 77.800000 1.221090 -1.352585 0.954109
 78.000000 1.219654 -1.291505 5.489269
 78.200000 1.133832 -1.344475 5.204083
 78.400000 1.253720 -1.356012 1.321744
 78.600000 1.263047 -1.393951 0.856185
 78.800000 1.242275 -1.417428 0.434992
 79.000000 1.235526 -1.348583 1.231891
 79.200000 1.166706 -1.360022 2.170565
 79.400000 1.282089 -1.315948 5.046846
 79.600000 1.197652 -1.322294 3.025648
 79.800000 1.152745 -1.359352 3.060735
 80.000000 1.253172 -1.363357 1.035688
 80.200000 1.279530 -1.306246 5.721992
 80.400000 1.243741 -1.335170 2.108425
 80.600000 1.146370 -1.370596 3.168971
 80.800000 1.241212 -1.346415 1.432182
 81.000000 1.188833 -1.357249 1.302167
 81.200000 1.204292 -1.436222 0.950393
 81.400000 1.197246 -1.396614 0.299813
 81.600000 1.193292 -1.322605 3.117130
 81.800000 1.124356 -1.394000 4.743464
 82.000000 1.199661 -1.377145 0.426290
 82.200000 1.174223 -1.365038 1.616012
 82.400000 1.223378 -1.396816 0.001510
 82.600000 1.233434 -1.450562 1.542658
 82.800000 1.225693 -1.407320 0.068975
 83.000000 1.118953 -1.325807 7.763606
 83.200000 1.224897 -1.347427 1.197509
 83.400000 1.201859 -1.489181 4.514299
 83.600000 1.053968 -1.402856 14.093922
 83.800000 1.173054 -1.399634 1.190379
 84.000000 1.245629 -1.399499 0.290799
 84.200000 1.263511 -1.387217 0.913714
 84.400000 1.089138 -1.332618 10.815765
 84.600000 1.127266 -1.360781 5.091305
 84.800000 1.359366 -1.441838 10.510261
 85.000000 1.166767 -1.296482 6.488648
 85.200000 1.061045 -1.329614 15.130986
 85.400000 1.197910 -1.416210 0.482652
 85.600000 1.203594 -1.432698 0.828189
 85.800000 1.087260 -1.378537 9.198297
 86.000000 1.146774 -1.386729 2.854691
 86.200000 1.214061 -1.413237 0.173467
 86.400000 1.189513 -1.451007 2.017421
 86.600000 1.191599 -1.360976 1.076541
 86.800000 1.239916 -1.340989 1.692959
 87.000000 1.172924 -1.374700 1.423527
 87.200000 1.222122 -1.373066 0.269127
 87.400000 1.209023 -1.389357 0.104597
 87.600000 1.236617 -1.364228 0.623937
 87.800000 1.180586 -1.328994 3.109069
 88.000000 1.153131 -1.314984 5.656144
 88.200000 1.199563 -1.346151 1.501301
 88.400000 1.252840 -1.388612 0.513170
 88.600000 1.211713 -1.408389 0.123693
 88.800000 1.175636 -1.286061 7.134582
 89.000000 1.227104 -1.314972 3.318558
 89.200000 1.248116 -1.354081 1.237769
 89.400000 1.195997 -1.274186 7.782562
 89.600000 1.239616 -1.312557 3.663292
 89.800000 1.257747 -1.418060 0.886127
 90.000000 1.181218 -1.446303 2.072634
 90.200000 1.148026 -1.294777 7.865958
 90.400000 1.242381 -1.393701 0.216514
 90.600000 1.292475 -1.299407 7.193000
 90.800000 1.156465 -1.374341 2.370114
 91.000000 1.179807 -1.420532 1.173253
 91.200000 1.265257 -1.305049 5.107313
 91.400000 1.226169 -1.363664 0.541201
 91.600000 1.254584 -1.333210 2.527545
 91.800000 1.124653 -1.404498 4.745895
 92.000000 1.223113 -1.422226 0.337981
 92.200000 1.273315 -1.411689 1.449467
 92.400000 1.142663 -1.436595 3.939129
 92.600000 1.187099 -1.415359 0.781988
 92.800000 1.143532 -1.460901 5.146469
 93.000000 1.243226 -1.355704 1.053548
 93.200000 1.186261 -1.409040 0.710671
 93.400000 1.207397 -1.429213 0.645564
 93.600000 1.157217 -1.383486 2.162609
 93.800000 1.203452 -1.393868 0.169926
 94.000000 1.268786 -1.357872 1.844077
 94.200000 1.178173 -1.465943 3.376226
 94.400000 1.163174 -1.398677 1.717350
 94.600000 1.141631 -1.411689 3.326910
 94.800000 1.170968 -1.429014 1.824714
 95.000000 1.200263 -1.413000 0.370468
 95.200000 1.215592 -1.479449 3.478740
 95.400000 1.134427 -1.412198 3.937926
 95.600000 1.183976 -1.410397 0.812577
 95.800000 1.193033 -1.439340 1.339561
 96.000000 1.222793 -1.492776 4.657885
 96.200000 1.150336 -1.388413 2.579369
 96.400000 1.147342 -1.378732 2.920492
 96.600000 1.265836 -1.345824 2.244701
 96.800000 1.133294 -1.444748 5.085870
 97.000000 1.078487 -1.367023 10.686865
 97.200000 1.152248 -1.444267 3.566066
 97.400000 1.209752 -1.470958 2.861365
 97.600000 1.185197 -1.417851 0.900374
 97.800000 1.163553 -1.358688 2.398280
 98.000000 1.172015 -1.369944 1.582171
 98.200000 1.249597 -1.457081 2.237641
 98.400000 1.178958 -1.334888 2.798201
 98.600000 1.221480 -1.337950 1.700252
 98.800000 1.145559 -1.328448 5.200506
 99.000000 1.229750 -1.441270 1.044949
 99.200000 1.186723 -1.368624 0.994720
 99.400000 1.087359 -1.364944 9.518278
 99.600000 1.183926 -1.451303 2.229283
 99.800000 1.132315 -1.430043 4.568098
 100.000000 1.127216 -1.277080 11.568885
 100.200000 1.192903 -1.373591 0.672539
 100.400000 1.231660 -1.395634 0.049499
 100.600000 1.119753 -1.384375 5.270403
 100.800000 1.211114 -1.336201 1.860125
 101.000000 1.260220 -1.391910 0.750217
 101.200000 1.289661 -1.429586 2.862456
 101.400000 1.082995 -1.337934 11.324990
 101.600000 1.153984 -1.338644 3.954780
 101.800000 1.334783 -1.466980 8.890915
 102.000000 1.170490 -1.324929 3.857065
 102.200000 1.137889 -1.285438 9.655862
 102.400000 1.202581 -1.445005 1.371239
 102.600000 1.222269 -1.387842 0.035606
 102.800000 1.155872 -1.330895 4.305191
 103.000000 1.201587 -1.380448 0.327952
 103.200000 1.227390 -1.336981 1.773208
 103.400000 1.180083 -1.340149 2.441653
 103.600000 1.155241 -1.312016 5.759202
 103.800000 1.204872 -1.383514 0.223388
 104.000000 1.241424 -1.436236 0.992842
 104.200000 1.169963 -1.386192 1.390670
 104.400000 1.159482 -1.281906 8.476238
 104.600000 1.230437 -1.365071 0.524381
 104.800000 1.220662 -1.316437 3.186666
 105.000000 1.093051 -1.403006 8.301966
 105.200000 1.207336 -1.362044 0.689092
 105.400000 1.286033 -1.365382 2.544206
 105.600000 1.152461 -1.270395 10.320548
 105.800000 1.109383 -1.418820 6.565343
 106.000000 1.205943 -1.342730 1.557509
 106.200000 1.187026 -1.439097 1.519534
 106.400000 1.113614 -1.397922 5.846009
 106.600000 1.125273 -1.355066 5.500655
 106.800000 1.208533 -1.374084 0.333047
 107.000000 1.172149 -1.396244 1.229159
 107.200000 1.185426 -1.425775 1.094466
 107.400000 1.195953 -1.407158 0.391569
 107.600000 1.200877 -1.403681 0.244942
 107.800000 1.142606 -1.381327 3.241873
 108.000000 1.179505 -1.359919 1.551951
 108.200000 1.135354 -1.424110 4.118195
 108.400000 1.163312 -1.371824 2.004979
 108.600000 1.223471 -1.455606 1.762316
 108.800000 1.154619 -1.451709 3.789113
 109.000000 1.235561 -1.371819 0.394408
 109.200000 1.144014 -1.368420 3.407589
 109.400000 1.236198 -1.460902 2.193727
 109.600000 1.220936 -1.457503 1.875443
 109.800000 1.181577 -1.372275 1.093865
 110.000000 1.139803 -1.459931 5.382818
 110.200000 1.146602 -1.420063 3.105359
 110.400000 1.162912 -1.527614 10.356234
 110.600000 1.180860 -1.439969 1.790299
 110.800000 1.137819 -1.405578 3.563912
 111.000000 1.173261 -1.336218 2.977416
 111.200000 1.243997 -1.417511 0.473639
 111.400000 1.144200 -1.355558 3.833948
 111.600000 1.220079 -1.368374 0.390282
 111.800000 1.207748 -1.338915 1.742167
 112.000000 1.197684 -1.355433 1.122672
 112.200000 1.296531 -1.342303 4.253482
 112.400000 1.151259 -1.305078 6.640516
 112.600000 1.206506 -1.310357 3.805821
 112.800000 1.169684 -1.282073 7.874129
 113.000000 1.213639 -1.373141 0.300070
 113.200000 1.344090 -1.371346 7.796409
 113.400000 1.183121 -1.358733 1.449588
 113.600000 1.195401 -1.317645 3.437041
 113.800000 1.236207 -1.402857 0.126531
 114.000000 1.223672 -1.265180 8.593258
 114.200000 1.201607 -1.310701 3.862979
 114.400000 1.291584 -1.349165 3.548897
 114.600000 1.246509 -1.381948 0.409445
 114.800000 1.192327 -1.351828 1.419545
 115.000000 1.259952 -1.350223 1.790332
 115.200000 1.190552 -1.333506 2.455319
 115.400000 1.176779 -1.405233 1.050549
 115.600000 1.229863 -1.429031 0.569918
 115.800000 1.194030 -1.461530 2.513545
 116.000000 1.134643 -1.427085 4.267103
 116.200000 1.185797 -1.374175 0.889569
 116.400000 1.161872 -1.466366 4.248668
 116.600000 1.175517 -1.452794 2.665705
 116.800000 1.201607 -1.407047 0.260619
 117.000000 1.152220 -1.482224 6.110468
 117.200000 1.186783 -1.396044 0.610670
 117.400000 1.194701 -1.427402 0.850105
 117.600000 1.175087 -1.400970 1.098892
 117.800000 1.204305 -1.357863 0.889107
 118.000000 1.181557 -1.414638 0.975775
 118.200000 1.219375 -1.424112 0.390545
 118.400000 1.224481 -1.376111 0.206849
 118.600000 1.158171 -1.394435 2.021591
 118.800000 1.203424 -1.389143 0.192916
 119.000000 1.207506 -1.391573 0.112168
 119.200000 1.174048 -1.470478 3.890701
 119.400000 1.195537 -1.330649 2.495698
 119.600000 1.217598 -1.424441 0.405518
 119.800000 1.132418 -1.377098 4.172040
 120.000000 1.195459 -1.433985 1.056559
 120.200000 1.156798 -1.363270 2.652367
 120.400000 1.236086 -1.430345 0.683814
 120.600000 1.167702 -1.380346 1.586244
 120.800000 1.148994 -1.405155 2.684802
 121.000000 1.220382 -1.367309 0.420094
 121.200000 1.150414 -1.338568 4.207430
 121.400000 1.226878 -1.432068 0.654236
 121.600000 1.231879 -1.345859 1.321785
 121.800000 1.163538 -1.263562 10.497990
 122.000000 1.235245 -1.349672 1.176718
 122.200000 1.305804 -1.413837 3.688615
 122.400000 1.224423 -1.405618 0.047377
 122.600000 1.173672 -1.364941 1.645343
 122.800000 1.236251 -1.374094 0.351172
 123.000000 1.190641 -1.368065 0.880857
 123.200000 1.184043 -1.345700 1.988466
 123.400000 1.144512 -1.413904 3.136902
 123.600000 1.173867 -1.409280 1.230172
 123.800000 1.196819 -1.452100 1.869138
 124.000000 1.198797 -1.348659 1.396060
 124.200000 1.139929 -1.446108 4.588006
 124.400000 1.212895 -1.415270 0.219654
 124.600000 1.224208 -1.390933 0.017276
 124.800000 1.141924 -1.378750 3.337886
 125.000000 1.237120 -1.446917 1.401295
 125.200000 1.183098 -1.421397 1.062109
 125.400000 1.151731 -1.399156 2.454176
 125.600000 1.145311 -1.300189 7.535185
 125.800000 1.243041 -1.373309 0.490512
 126.000000 1.196888 -1.395358 0.308989
 126.200000 1.241145 -1.390867 0.203023
 126.400000 1.249782 -1.408470 0.467954
 126.600000 1.216114 -1.406003 0.063202
 126.800000 1.181099 -1.335217 2.688756
 127.000000 1.172824 -1.405819 1.241560
 127.200000 1.210835 -1.453556 1.700556
 127.400000 1.128987 -1.445605 5.518007
 127.600000 1.208342 -1.412018 0.213721
 127.800000 1.299345 -1.392545 3.018957
 128.000000 1.165095 -1.342216 3.064373
 128.200000 1.212944 -1.245287 11.435506
 128.400000 1.265630 -1.384964 1.027429
 128.600000 1.139835 -1.336531 5.137392
 128.800000 1.244311 -1.366245 0.705491
 129.000000 1.247627 -1.379744 0.471774
 129.200000 1.238357 -1.428576 0.660256
 129.400000 1.148927 -1.409541 2.738346
 129.600000 1.170143 -1.358051 2.060707
 129.800000 1.251201 -1.280044 7.187668
 130.000000 1.228722 -1.316055 3.241132
 130.200000 1.225116 -1.381147 0.119979
 130.400000 1.111697 -1.380222 6.182390
 130.600000 1.275550 -1.344902 2.767250
 130.800000 1.172418 -1.436815 2.038101
 131.000000 1.167647 -1.335659 3.298963
 131.200000 1.116914 -1.342392 6.944365
 131.400000 1.218380 -1.390740 0.020866
 131.600000 1.254230 -1.459554 2.530929
 131.800000 1.136896 -1.412834 3.735756
 132.000000 1.167280 -1.375169 1.704899
 132.200000 1.164335 -1.415564 1.833392
 132.400000 1.208530 -1.432483 0.743055
 132.600000 1.128477 -1.387689 4.384906
 132.800000 1.135129 -1.373990 3.997934
 133.000000 1.171630 -1.494522 6.082375
 133.200000 1.156555 -1.448257 3.475548
 133.400000 1.207449 -1.495096 4.985908
 133.600000 1.185385 -1.421082 0.968476
 133.800000 1.180399 -1.440474 1.831427
 134.000000 1.252070 -1.420142 0.745334
 134.200000 1.241282 -1.333988 2.130263
 134.400000 1.231461 -1.375236 0.268419
 134.600000 1.164667 -1.373712 1.882424
 134.800000 1.160689 -1.454687 3.569704
 135.000000 1.115963 -1.403826 5.621954
 135.200000 1.201322 -1.430646 0.799338
 135.400000 1.189335 -1.425935 0.964917
 135.600000 1.145896 -1.414697 3.045323
 135.800000 1.198173 -1.345608 1.560483
 136.000000 1.219082 -1.425563 0.432740
 136.200000 1.255592 -1.480441 4.116244
 136.400000 1.240716 -1.339548 1.788547
 136.600000 1.184958 -1.306847 4.673744
 136.800000 1.259321 -1.337983 2.404869
 137.000000 1.226245 -1.321173 2.829511
 137.200000 1.207266 -1.454458 1.797906
 137.400000 1.220000 -1.315250 3.283047
 137.600000 1.240541 -1.399714 0.182864
 137.800000 1.229034 -1.320734 2.879037
 138.000000 1.280918 -1.268805 9.874421
 138.200000 1.200589 -1.303588 4.517808
 138.400000 1.185180 -1.307825 4.578660
 138.600000 1.208341 -1.322331 2.822609
 138.800000 1.244744 -1.383331 0.348441
 139.000000 1.281066 -1.342695 3.195109
 139.200000 1.222991 -1.326305 2.447871
 139.400000 1.134952 -1.207632 21.556127
 139.600000 1.259820 -1.383061 0.812566
 139.800000 1.225493 -1.388006 0.041166
 140.000000 1.239700 -1.423652 0.536517
 140.200000 1.121851 -1.277835 12.000594
 140.400000 1.237315 -1.398113 0.123152
 140.600000 1.238365 -1.390458 0.155207
 140.800000 1.220024 -1.306361 4.042721
 141.000000 1.159204 -1.386888 1.998718
 141.200000 1.161083 -1.350524 2.885097
 141.400000 1.138501 -1.458615 5.407427
 141.600000 1.217925 -1.398864 0.010621
 141.800000 1.205120 -1.319070 3.117401
 142.000000 1.232038 -1.378301 0.214442
 142.200000 1.215960 -1.397940 0.018055
 142.400000 1.200488 -1.376616 0.418648
 142.600000 1.111164 -1.357317 6.870854
 142.800000 1.215120 -1.396600 0.021909
 143.000000 1.158317 -1.446193 3.257152
 143.200000 1.128527 -1.396210 4.343424
 143.400000 1.168648 -1.395652 1.409036
 143.600000 1.237351 -1.435024 0.873202
 143.800000 1.112697 -1.366800 6.378160
 144.000000 1.186684 -1.378987 0.763359
 144.200000 1.224161 -1.405320 0.043965
 144.400000 1.168781 -1.403879 1.430813
 144.600000 1.171231 -1.277500 8.327511
 144.800000 1.245680 -1.414687 0.456499
 145.000000 1.211079 -1.428157 0.565339
 145.200000 1.236937 -1.360886 0.741406
 145.400000 1.165861 -1.361528 2.163998
 145.600000 1.184712 -1.400541 0.694331
 145.800000 1.260852 -1.364876 1.257853
 146.000000 1.216427 -1.338344 1.691398
 146.200000 1.172517 -1.360919 1.835587
 146.400000 1.153754 -1.444473 3.472492
 146.600000 1.226670 -1.451732 1.550608
 146.800000 1.160670 -1.329243 4.110056
 147.000000 1.230790 -1.409430 0.127712
 147.200000 1.156223 -1.416463 2.349590
 147.400000 1.309707 -1.397989 3.871451
 147.600000 1.227943 -1.310900 3.662736
 147.800000 1.240761 -1.303354 4.497176
 148.000000 1.194887 -1.339072 1.995698
 148.200000 1.208213 -1.346025 1.353334
 148.400000 1.231000 -1.300921 4.588010
 148.600000 1.195742 -1.359089 1.028676
 148.800000 1.170222 -1.343767 2.704505
 149.000000 1.161560 -1.387077 1.852419
 149.200000 1.205245 -1.404297 0.168149
 149.400000 1.248803 -1.324352 2.952116
 149.600000 1.179369 -1.395301 0.897721
 149.800000 1.083391 -1.339744 11.166179
 150.000000 1.186089 -1.379319 0.778716
 150.200000 1.288389 -1.460381 4.277225
 150.400000 1.090869 -1.312382 12.080413
 150.600000 1.134416 -1.440286 4.780960
 150.800000 1.229415 -1.479551 3.497932
 151.000000 1.119169 -1.407422 5.321635
 151.200000 1.143796 -1.373608 3.293546
 151.400000 1.286339 -1.447255 3.387191
 151.600000 1.151539 -1.404647 2.498547
 151.800000 1.147890 -1.354224 3.609856
 152.000000 1.193814 -1.417211 0.609070
 152.200000 1.223724 -1.511319 6.620935
 152.400000 1.140013 -1.436612 4.152848
 152.600000 1.119159 -1.339736 6.858098
 152.800000 1.236485 -1.421838 0.435866
 153.000000 1.167420 -1.376613 1.667902
 153.200000 1.139292 -1.364406 3.905528
 153.400000 1.208101 -1.363975 0.614142
 153.600000 1.332353 -1.373311 6.382122
 153.800000 1.183024 -1.353633 1.657761
 154.000000 1.168322 -1.336314 3.223190
 154.200000 1.292137 -1.377053 2.663039
 154.400000 1.239861 -1.410871 0.271043
 154.600000 1.159357 -1.329714 4.159635
 154.800000 1.115237 -1.375646 5.883001
 155.000000 1.288657 -1.441420 3.259127
 155.200000 1.238540 -1.335338 1.997254
 155.400000 1.209676 -1.365943 0.532322
 155.600000 1.233150 -1.374906 0.293272
 155.800000 1.227138 -1.373385 0.276322
 156.000000 1.122505 -1.360392 5.566179
 156.200000 1.175127 -1.427763 1.582037
 156.400000 1.231340 -1.536219 9.839998
 156.600000 1.083916 -1.390708 9.511851
 156.800000 1.233045 -1.327298 2.442102
 157.000000 1.155568 -1.392798 2.194746
 157.200000 1.182184 -1.357247 1.543068
 157.400000 1.135045 -1.356069 4.564985
 157.600000 1.251203 -1.324824 2.986123
 157.800000 1.251103 -1.341209 1.946887
 158.000000 1.181532 -1.486973 4.922049
 158.200000 1.157891 -1.385107 2.099983
 158.400000 1.165074 -1.368346 1.994647
 158.600000 1.147197 -1.416041 2.973166
 158.800000 1.137381 -1.391460 3.568915
 159.000000 1.229328 -1.377357 0.207590
 159.200000 1.248108 -1.389532 0.370546
 159.400000 1.127738 -1.361212 5.031577
 159.600000 1.148746 -1.484329 6.541154
 159.800000 1.265306 -1.448437 2.310479
 160.000000 1.063020 -1.360121 13.247606
 160.200000 1.166171 -1.389035 1.569565
 160.400000 1.208770 -1.430487 0.669607
 160.600000 1.168210 -1.448719 2.808047
 160.800000 1.175083 -1.235501 14.010254
 161.000000 1.262900 -1.410462 0.948266
 161.200000 1.173825 -1.333248 3.132904
 161.400000 1.209141 -1.304466 4.292660
 161.600000 1.287427 -1.354673 3.022910
 161.800000 1.186696 -1.336398 2.405634
 162.000000 1.175807 -1.350429 2.104884
 162.200000 1.174879 -1.395226 1.098081
 162.400000 1.234918 -1.450284 1.546081
 162.600000 1.182661 -1.299519 5.442920
 162.800000 1.204566 -1.274166 7.601200
 163.000000 1.319437 -1.424573 5.174059
 163.200000 1.206537 -1.357463 0.868144
 163.400000 1.181520 -1.394802 0.809517
 163.600000 1.173401 -1.427678 1.661288
 163.800000 1.335350 -1.473685 9.451762
 164.000000 1.184663 -1.340745 2.228145
 164.200000 1.135228 -1.365391 4.217901
 164.400000 1.222231 -1.441983 1.045252
 164.600000 1.209840 -1.421945 0.400456
 164.800000 1.160325 -1.304531 6.092789
 165.000000 1.191181 -1.293784 5.717619
 165.200000 1.225243 -1.342193 1.467973
 165.400000 1.197175 -1.387124 0.343249
 165.600000 1.222908 -1.419703 0.275410
 165.800000 1.106900 -1.460182 8.635749
 166.000000 1.199792 -1.463487 2.500167
 166.200000 1.165545 -1.380985 1.695118
 166.400000 1.211135 -1.446430 1.314464
 166.600000 1.146471 -1.379581 2.971173
 166.800000 1.179342 -1.387461 0.937129
 167.000000 1.214440 -1.325675 2.517903
 167.200000 1.236954 -1.451493 1.641025
 167.400000 1.195764 -1.457593 2.217773
 167.600000 1.125934 -1.375227 4.809777
 167.800000 1.167307 -1.440550 2.461599
 168.000000 1.185177 -1.556019 13.429027
 168.200000 1.125650 -1.410996 4.724253
 168.400000 1.120307 -1.304158 9.385066
 168.600000 1.156443 -1.400624 2.140706
 168.800000 1.265794 -1.384488 1.040139
 169.000000 1.208698 -1.323319 2.745388
 169.200000 1.177286 -1.323976 3.600381
 169.400000 1.280799 -1.363685 2.275215
 169.600000 1.299765 -1.372475 3.327613
 169.800000 1.162534 -1.299183 6.464378
 170.000000 1.219452 -1.309990 3.724152
 170.200000 1.277516 -1.459446 3.552030
 170.400000 1.158097 -1.406706 2.079121
 170.600000 1.164058 -1.277769 8.683552
 170.800000 1.241352 -1.373694 0.447201
 171.000000 1.133125 -1.359308 4.608272
 171.200000 1.116199 -1.396406 5.568449
 171.400000 1.228239 -1.376243 0.221580
 171.600000 1.240592 -1.372070 0.470528
 171.800000 1.201202 -1.338733 1.865588
 172.000000 1.164164 -1.364942 2.147487
 172.200000 1.316385 -1.466803 6.967671
 172.400000 1.180747 -1.375622 1.052864
 172.600000 1.162555 -1.369726 2.102979
 172.800000 1.149483 -1.393980 2.612478
 173.000000 1.184228 -1.451998 2.256430
 173.200000 1.237010 -1.407334 0.178020
 173.400000 1.132777 -1.359837 4.619815
 173.600000 1.260554 -1.402537 0.773331
 173.800000 1.189030 -1.410940 0.642369
 174.000000 1.224993 -1.360502 0.644742
 174.200000 1.212488 -1.359728 0.710129
 174.400000 1.140372 -1.380348 3.436257
 174.600000 1.311443 -1.402056 4.040991
 174.800000 1.211140 -1.467375 2.584533
 175.000000 1.187336 -1.371003 0.910534
 175.200000 1.206514 -1.401662 0.130338
 175.400000 1.220466 -1.406387 0.052046
 175.600000 1.243565 -1.393655 0.241772
 175.800000 1.183835 -1.394809 0.719081
 176.000000 1.158118 -1.394649 2.024579
 176.200000 1.217962 -1.341276 1.518917
 176.400000 1.198775 -1.402038 0.280150
 176.600000 1.262430 -1.439126 1.746825
 176.800000 1.225660 -1.266313 8.451271
 177.000000 1.204798 -1.393900 0.146142
 177.200000 1.256315 -1.357580 1.346251
 177.400000 1.186954 -1.323565 3.247263
 177.600000 1.104381 -1.339893 8.474235
 177.800000 1.264764 -1.322041 3.680428
 178.000000 1.223152 -1.428649 0.525410
 178.200000 1.256872 -1.366168 1.070340
 178.400000 1.247248 -1.343149 1.736159
 178.600000 1.148105 -1.433549 3.405477
 178.800000 1.242679 -1.370300 0.556461
 179.000000 1.176254 -1.379159 1.180340
 179.200000 1.165005 -1.476699 4.843869
 179.400000 1.289483 -1.377136 2.478111
 179.600000 1.199209 -1.391393 0.265463
 179.800000 1.217445 -1.428213 0.519581
 180.000000 1.196728 -1.347821 1.485868
 180.200000 1.197436 -1.426591 0.754997
 180.400000 1.171446 -1.315621 4.515844
 180.600000 1.157487 -1.323040 4.744426
 180.800000 1.238020 -1.459555 2.135566
 181.000000 1.226880 -1.329640 2.232574
 181.200000 1.214849 -1.384602 0.091672
 181.400000 1.159992 -1.367840 2.309752
 181.600000 1.169173 -1.361391 1.989161
 181.800000 1.179759 -1.408412 0.954602
 182.000000 1.248703 -1.360707 0.995880
 182.200000 1.189106 -1.292094 5.957814
 182.400000 1.157879 -1.411539 2.155179
 182.600000 1.241813 -1.327444 2.569731
 182.800000 1.231499 -1.367282 0.467687
 183.000000 1.180694 -1.435778 1.622671
 183.200000 1.210644 -1.397034 0.061748
 183.400000 1.249792 -1.422710 0.743433
 183.600000 1.196606 -1.369966 0.661386
 183.800000 1.126148 -1.288248 10.401647
 184.000000 1.225911 -1.370556 0.339164
 184.200000 1.230745 -1.475585 3.186592
 184.400000 1.193789 -1.337617 2.110087
 184.600000 1.204932 -1.378135 0.305415
 184.800000 1.252580 -1.434552 1.208864
 185.000000 1.232836 -1.294605 5.228852
 185.200000 1.120506 -1.377361 5.301804
 185.400000 1.201324 -1.395467 0.208533
 185.600000 1.288058 -1.395820 2.199761
 185.800000 1.183447 -1.346734 1.959403
 186.000000 1.204595 -1.262423 9.103446
 186.200000 1.230622 -1.392482 0.046681
 186.400000 1.212884 -1.326458 2.475510
 186.600000 1.292543 -1.411416 2.622025
 186.800000 1.197758 -1.398931 0.290898
 187.000000 1.213908 -1.386870 0.074716
 187.200000 1.175195 -1.371850 1.380783
 187.400000 1.213042 -1.344916 1.355996
 187.600000 1.179457 -1.413700 1.045549
 187.800000 1.171715 -1.435093 2.004632
 188.000000 1.192265 -1.395406 0.434479
 188.200000 1.146062 -1.361555 3.465171
 188.400000 1.245635 -1.380932 0.403233
 188.600000 1.183712 -1.454059 2.392858
 188.800000 1.186870 -1.405773 0.652856
 189.000000 1.198419 -1.327578 2.630530
 189.200000 1.157033 -1.389315 2.117051
 189.400000 1.199758 -1.385539 0.298895
 189.600000 1.220706 -1.371416 0.309227
 189.800000 1.158784 -1.337514 3.706864
 190.000000 1.229091 -1.421431 0.343783
 190.200000 1.221559 -1.398084 0.001673
 190.400000 1.185550 -1.373866 0.905311
 190.600000 1.162883 -1.334723 3.625098
 190.800000 1.229922 -1.355093 0.881052
 191.000000 1.187635 -1.410593 0.683929
 191.200000 1.205933 -1.350729 1.161451
 191.400000 1.188205 -1.405883 0.608262
 191.600000 1.205298 -1.443887 1.269019
 191.800000 1.241724 -1.302789 4.568601
 192.000000 1.104753 -1.318726 9.847878
 192.200000 1.282629 -1.371392 2.163596
 192.400000 1.277190 -1.325857 4.016425
 192.600000 1.132826 -1.431299 4.565772
 192.800000 1.264770 -1.317101 4.059540
 193.000000 1.179693 -1.386457 0.931669
 193.200000 1.221440 -1.369896 0.347670
 193.400000 1.325690 -1.418401 5.648860
 193.600000 1.262164 -1.394283 0.819383
 193.800000 1.118634 -1.331613 7.404270
 194.000000 1.209430 -1.432589 0.735438
 194.200000 1.190380 -1.352029 1.469764
 194.400000 1.127778 -1.363115 4.962968
 194.600000 1.216340 -1.445137 1.208842
 194.800000 1.284865 -1.427906 2.493601
 195.000000 1.189716 -1.296142 5.524626
 195.200000 1.146857 -1.299302 7.503744
 195.400000 1.166497 -1.403585 1.552157
 195.600000 1.145686 -1.358371 3.609327
 195.800000 1.146467 -1.356860 3.608598
 196.000000 1.261155 -1.414145 0.937027
 196.200000 1.158730 -1.407800 2.051090
 196.400000 1.137699 -1.302625 7.914746
 196.600000 1.166009 -1.388419 1.583192
 196.800000 1.168558 -1.419598 1.685915
 197.000000 1.193212 -1.386114 0.458165
 197.200000 1.140588 -1.368999 3.663683
 197.400000 1.221095 -1.426119 0.445868
 197.600000 1.209035 -1.380019 0.212539
 197.800000 1.172387 -1.396535 1.217411
 198.000000 1.153541 -1.417728 2.555261
 198.200000 1.215482 -1.358270 0.741283
 198.400000 1.173193 -1.398380 1.180182
 198.600000 1.196279 -1.385089 0.386324
 198.800000 1.171007 -1.379132 1.433194
 199.000000 1.136047 -1.468099 6.251014
 199.200000 1.192573 -1.326355 2.868691
 199.400000 1.158346 -1.403323 2.033711
 199.600000 1.170498 -1.449397 2.723997
 199.800000 1.183068 -1.373300 1.011045
 200.000000 1.119621 -1.410969 5.321297
