#! FIELDS time phi psi restraint.bias
#! SET min_phi -pi
#! SET max_phi pi
#! SET min_psi -pi
#! SET max_psi pi
 0.000000 1.333340 2.660460 7.130036
 0.200000 1.182150 2.603764 0.884555
 0.400000 1.198422 2.670141 1.631303
 0.600000 1.215695 2.648351 0.478978
 0.800000 1.170151 2.605105 1.413279
 1.000000 1.202514 2.708604 4.289748
 1.200000 1.180471 2.636614 1.024538
 1.400000 1.229047 2.644467 0.377177
 1.600000 1.226128 2.716019 4.814173
 1.800000 1.258462 2.690937 3.334941
 2.000000 1.231559 2.623626 0.064163
 2.200000 1.235283 2.718935 5.186446
 2.400000 1.208485 2.646861 0.504359
 2.600000 1.260087 2.704885 4.510619
 2.800000 1.204782 2.654683 0.816664
 3.000000 1.108293 2.630690 6.514673
 3.200000 1.196868 2.592286 0.639522
 3.400000 1.162300 2.688182 4.229198
 3.600000 1.224944 2.590835 0.373968
 3.800000 1.251987 2.579511 1.198206
 4.000000 1.288787 2.617577 2.248392
 4.200000 1.163015 2.627154 1.765679
 4.400000 1.198255 2.623362 0.289954
 4.600000 1.176314 2.647499 1.466575
 4.800000 1.221499 2.609967 0.032245
 5.000000 1.233903 2.568174 1.315115
 5.200000 1.207902 2.636092 0.259375
 5.400000 1.227971 2.661911 0.983833
 5.600000 1.245278 2.629044 0.338286
 5.800000 1.240394 2.660241 1.066582
 6.000000 1.198335 2.636330 0.441772
 6.200000 1.182311 2.685497 3.055265
 6.400000 1.237282 2.698732 3.380293
 6.600000 1.281074 2.637065 1.942692
 6.800000 1.309844 2.555007 5.865667
 7.000000 1.262342 2.674816 2.439043
 7.200000 1.182878 2.705196 4.556895
 7.400000 1.287559 2.732303 8.699950
 7.600000 1.163057 2.671059 3.129229
 7.800000 1.271433 2.666944 2.433195
 8.000000 1.238670 2.678879 1.997002
 8.200000 1.236662 2.693166 2.936924
 8.400000 1.157479 2.689320 4.607872
 8.600000 1.248795 2.724119 5.997503
 8.800000 1.130086 2.658195 5.007443
 9.000000 1.239508 2.682725 2.253067
 9.200000 1.204621 2.716265 4.974946
 9.400000 1.231730 2.643763 0.382012
 9.600000 1.212593 2.672833 1.545393
 9.800000 1.092563 2.703333 11.983558
 10.000000 1.232710 2.613911 0.068607
 10.200000 1.223354 2.653868 0.644806
 10.400000 1.252203 2.626209 0.498031
 10.600000 1.245447 2.661673 1.235201
 10.800000 1.196695 2.647791 0.757332
 11.000000 1.221288 2.651300 0.554738
 11.200000 1.263318 2.535507 4.266859
 11.400000 1.301106 2.587366 3.619268
 11.600000 1.178971 2.697150 4.047013
 11.800000 1.221170 2.657365 0.775186
 12.000000 1.213299 2.581561 0.699235
 12.200000 1.228240 2.576704 0.873602
 12.400000 1.248733 2.645797 0.751091
 12.600000 1.190539 2.610700 0.513037
 12.800000 1.176504 2.662452 2.011000
 13.000000 1.139644 2.558119 5.161568
 13.200000 1.185436 2.594904 0.925220
 13.400000 1.237000 2.617015 0.117057
 13.600000 1.313784 2.623413 4.251630
 13.800000 1.224927 2.623360 0.019507
 14.000000 1.262731 2.607194 0.898838
 14.200000 1.154790 2.618483 2.240629
 14.400000 1.182099 2.647707 1.226760
 14.600000 1.142702 2.622621 3.133461
 14.800000 1.201592 2.635469 0.355462
 15.000000 1.192832 2.632272 0.519494
 15.200000 1.199208 2.695267 3.239174
 15.400000 1.152545 2.614993 2.397810
 15.600000 1.253449 2.677455 2.270834
 15.800000 1.229388 2.638498 0.239524
 16.000000 1.207189 2.660701 1.017666
 16.200000 1.235018 2.666665 1.272732
 16.400000 1.294414 2.645017 3.006613
 16.600000 1.246389 2.634368 0.438074
 16.800000 1.253957 2.704894 4.295109
 17.000000 1.207482 2.623547 0.116931
 17.200000 1.183689 2.727664 6.737302
 17.400000 1.281432 2.656759 2.533489
 17.600000 1.211044 2.632952 0.168977
 17.800000 1.216822 2.718187 5.031412
 18.000000 1.115643 2.701485 9.112682
 18.200000 1.221157 2.695121 2.974453
 18.400000 1.169413 2.598199 1.564452
 18.600000 1.268202 2.614200 1.087017
 18.800000 1.226559 2.682900 2.118076
 19.000000 1.324830 2.605294 5.395386
 19.200000 1.095197 2.624590 8.027117
 19.400000 1.202810 2.624404 0.199532
 19.600000 1.125519 2.652658 5.229144
 19.800000 1.205788 2.619850 0.128808
 20.000000 1.144465 2.626824 3.023961
 20.200000 1.192657 2.597271 0.637336
 20.400000 1.131754 2.631077 4.133447
 20.600000 1.202597 2.630905 0.266393
 20.800000 1.158699 2.621857 1.993973
 21.000000 1.143021 2.560639 4.742402
 21.200000 1.093956 2.691933 10.896636
 21.400000 1.201186 2.676769 1.938318
 21.600000 1.195618 2.611682 0.360851
 21.800000 1.238568 2.549751 2.470284
 22.000000 1.102256 2.757204 16.826837
 22.200000 1.231707 2.603866 0.149555
 22.400000 1.140851 2.521329 7.942780
 22.600000 1.281497 2.615255 1.789771
 22.800000 1.209647 2.699380 3.384873
 23.000000 1.290415 2.621055 2.363484
 23.200000 1.184089 2.532677 4.347914
 23.400000 1.177587 2.701331 4.446893
 23.600000 1.203437 2.712150 4.599996
 23.800000 1.328058 2.570780 6.767313
 24.000000 1.184384 2.730846 7.065226
 24.200000 1.224342 2.653571 0.636266
 24.400000 1.153852 2.682681 4.395917
 24.600000 1.233821 2.639838 0.311681
 24.800000 1.171994 2.648697 1.708174
 25.000000 1.215864 2.640413 0.268510
 25.200000 1.175955 2.678566 2.882213
 25.400000 1.167361 2.587306 1.948882
 25.600000 1.222666 2.563248 1.498997
 25.800000 1.239807 2.636761 0.339475
 26.000000 1.259062 2.715046 5.406420
 26.200000 1.227729 2.574634 0.958047
 26.400000 1.251928 2.604974 0.540690
 26.600000 1.217417 2.687098 2.397003
 26.800000 1.313968 2.665452 5.380058
 27.000000 1.244069 2.572314 1.292839
 27.200000 1.304915 2.600258 3.617097
 27.400000 1.219180 2.721682 5.378878
 27.600000 1.199087 2.675174 1.891156
 27.800000 1.218078 2.658339 0.820543
 28.000000 1.163898 2.602268 1.795919
 28.200000 1.143540 2.687001 5.437889
 28.400000 1.231606 2.667905 1.294339
 28.600000 1.217526 2.608764 0.051437
 28.800000 1.188142 2.625500 0.592272
 29.000000 1.192485 2.601307 0.566882
 29.200000 1.197318 2.670909 1.697976
 29.400000 1.142007 2.621441 3.183826
 29.600000 1.237076 2.534808 3.577658
 29.800000 1.251178 2.594685 0.705229
 30.000000 1.253230 2.687784 2.931440
 30.200000 1.226375 2.648113 0.464367
 30.400000 1.151819 2.679205 4.317238
 30.600000 1.164199 2.618067 1.654953
 30.800000 1.155462 2.595498 2.448752
 31.000000 1.204017 2.653417 0.784279
 31.200000 1.253101 2.585793 1.010506
 31.400000 1.147367 2.572133 3.816556
 31.600000 1.233550 2.646929 0.488460
 31.800000 1.234205 2.597641 0.284930
 32.000000 1.140569 2.641884 3.578982
 32.200000 1.173673 2.596481 1.386156
 32.400000 1.181619 2.587884 1.257779
 32.600000 1.187691 2.686504 2.926153
 32.800000 1.172987 2.660467 2.089964
 33.000000 1.193805 2.515507 5.641701
 33.200000 1.266776 2.750301 9.767127
 33.400000 1.252454 2.652619 1.071424
 33.600000 1.246399 2.616680 0.305134
 33.800000 1.235566 2.687082 2.482270
 34.000000 1.189688 2.682846 2.616244
 34.200000 1.224949 2.763866 10.644538
 34.400000 1.183780 2.656154 1.448222
 34.600000 1.258265 2.700577 4.077387
 34.800000 1.229614 2.639838 0.269656
 35.000000 1.273881 2.654618 2.030474
 35.200000 1.267118 2.675916 2.707518
 35.400000 1.186039 2.589938 1.030480
 35.600000 1.171981 2.676361 2.940829
 35.800000 1.280692 2.717055 6.644815
 36.000000 1.181645 2.581709 1.461712
 36.200000 1.214042 2.672311 1.504754
 36.400000 1.250873 2.661914 1.389113
 36.600000 1.263251 2.676148 2.552923
 36.800000 1.209013 2.536242 3.422526
 37.000000 1.193391 2.612181 0.418453
 37.200000 1.240131 2.685210 2.428318
 37.400000 1.200087 2.698506 3.475294
 37.600000 1.155417 2.555661 4.141425
 37.800000 1.272740 2.587373 1.769812
 38.000000 1.254872 2.708479 4.642961
 38.200000 1.248234 2.611258 0.373918
 38.400000 1.186628 2.652271 1.203559
 38.600000 1.215050 2.586346 0.523118
 38.800000 1.199770 2.642883 0.550863
 39.000000 1.193353 2.613096 0.414625
 39.200000 1.169093 2.641192 1.654403
 39.400000 1.266079 2.687153 3.374919
 39.600000 1.201742 2.562037 1.765377
 39.800000 1.237506 2.614653 0.130007
 40.000000 1.183372 2.639332 0.963352
 40.200000 1.183612 2.698243 3.946459
 40.400000 1.228701 2.680366 1.969425
 40.600000 1.235491 2.695015 3.060777
 40.800000 1.223356 2.632118 0.101065
 41.000000 1.261441 2.638455 0.997802
 41.200000 1.254190 2.651789 1.097836
 41.400000 1.281480 2.572667 2.812285
 41.600000 1.183631 2.689181 3.259622
 41.800000 1.225976 2.642721 0.314725
 42.000000 1.169272 2.703424 5.025134
 42.200000 1.219832 2.648738 0.474402
 42.400000 1.206163 2.670030 1.475055
 42.600000 1.281623 2.628663 1.850479
 42.800000 1.187587 2.723541 6.152963
 43.000000 1.248855 2.608569 0.412300
 43.200000 1.242516 2.676766 1.943129
 43.400000 1.251452 2.635391 0.593014
 43.600000 1.203404 2.671737 1.612121
 43.800000 1.234755 2.658301 0.897136
 44.000000 1.207614 2.637637 0.292555
 44.200000 1.197481 2.731943 6.786245
 44.400000 1.115024 2.646446 6.097877
 44.600000 1.188119 2.637282 0.750881
 44.800000 1.267680 2.651917 1.631039
 45.000000 1.334874 2.655779 7.114547
 45.200000 1.275442 2.613642 1.451947
 45.400000 1.209611 2.678928 1.929910
 45.600000 1.256535 2.722104 6.025111
 45.800000 1.247334 2.608415 0.373657
 46.000000 1.272877 2.630923 1.391568
 46.200000 1.285966 2.708384 6.148265
 46.400000 1.225273 2.629569 0.073272
 46.600000 1.205957 2.625732 0.154332
 46.800000 1.244587 2.687183 2.654806
 47.000000 1.228862 2.612405 0.041045
 47.200000 1.255017 2.616331 0.555393
 47.400000 1.112250 2.595674 6.242041
 47.600000 1.172426 2.738692 8.499562
 47.800000 1.198470 2.606041 0.341963
 48.000000 1.163837 2.483056 10.780000
 48.200000 1.127029 2.590192 4.870649
 48.400000 1.204900 2.723196 5.675339
 48.600000 1.236743 2.531922 3.816856
 48.800000 1.200699 2.537190 3.485817
 49.000000 1.227222 2.609481 0.051313
 49.200000 1.142158 2.689388 5.714419
 49.400000 1.274041 2.655861 2.085155
 49.600000 1.191773 2.571048 1.550670
 49.800000 1.251589 2.579657 1.180635
 50.000000 1.085912 2.689906 11.808949
 50.200000 1.120974 2.688041 7.529262
 50.400000 1.207688 2.644118 0.439826
 50.600000 1.267325 2.638779 1.255443
 50.800000 1.192046 2.661809 1.400492
 51.000000 1.288578 2.597513 2.444006
 51.200000 1.217281 2.629905 0.080831
 51.400000 1.271555 2.553977 3.290345
 51.600000 1.224607 2.674160 1.581456
 51.800000 1.275865 2.612795 1.478798
 52.000000 1.282031 2.705760 5.669528
 52.200000 1.193630 2.686775 2.760205
 52.400000 1.211189 2.629242 0.118824
 52.600000 1.178393 2.731107 7.336340
 52.800000 1.189123 2.635056 0.677194
 53.000000 1.205852 2.707744 4.153651
 53.200000 1.133658 2.621583 3.884797
 53.400000 1.220971 2.656279 0.733155
 53.600000 1.176911 2.589953 1.397513
 53.800000 1.167745 2.617095 1.457597
 54.000000 1.205579 2.658598 0.954771
 54.200000 1.167200 2.611782 1.506061
 54.400000 1.309526 2.670623 5.238984
 54.600000 1.252533 2.637074 0.656419
 54.800000 1.278656 2.686105 3.939803
 55.000000 1.207466 2.626745 0.140020
 55.200000 1.192708 2.638981 0.641389
 55.400000 1.192881 2.622258 0.425240
 55.600000 1.204625 2.701884 3.665035
 55.800000 1.206167 2.570702 1.239388
 56.000000 1.243042 2.658064 1.029915
 56.200000 1.175429 2.716728 5.946179
 56.400000 1.206296 2.603548 0.223452
 56.600000 1.160933 2.572587 2.879011
 56.800000 1.207466 2.642530 0.402748
 57.000000 1.193828 2.628436 0.443778
 57.200000 1.231685 2.595517 0.302150
 57.400000 1.323866 2.597463 5.426552
 57.600000 1.237190 2.620660 0.123047
 57.800000 1.222680 2.647769 0.443715
 58.000000 1.166711 2.702021 5.043850
 58.200000 1.112063 2.569728 7.178301
 58.400000 1.176592 2.610028 1.050457
 58.600000 1.200818 2.657456 0.997287
 58.800000 1.222387 2.595910 0.244065
 59.000000 1.236675 2.597208 0.327688
 59.200000 1.234772 2.596968 0.306085
 59.400000 1.198200 2.608527 0.321665
 59.600000 1.207292 2.585015 0.648033
 59.800000 1.257854 2.514285 6.030203
 60.000000 1.245235 2.558019 2.074728
 60.200000 1.226552 2.602839 0.126453
 60.400000 1.263698 2.582398 1.514167
 60.600000 1.206292 2.582525 0.748204
 60.800000 1.162416 2.648341 2.219577
 61.000000 1.193628 2.617935 0.394877
 61.200000 1.216105 2.689357 2.562203
 61.400000 1.196172 2.602988 0.439221
 61.600000 1.214237 2.590129 0.416291
 61.800000 1.289331 2.769599 13.776918
 62.000000 1.143026 2.661526 4.044745
 62.200000 1.155725 2.670749 3.569915
 62.400000 1.247923 2.679725 2.248390
 62.600000 1.228265 2.708019 4.073601
 62.800000 1.219480 2.688053 2.456701
 63.000000 1.215561 2.645647 0.401390
 63.200000 1.175239 2.589187 1.495648
 63.400000 1.184744 2.718385 5.723228
 63.600000 1.198352 2.660108 1.160055
 63.800000 1.252116 2.563147 1.965744
 64.000000 1.229378 2.647180 0.455153
 64.200000 1.264362 2.737953 8.103833
 64.400000 1.254099 2.602820 0.639001
 64.600000 1.218075 2.640572 0.261570
 64.800000 1.199099 2.701216 3.719101
 65.000000 1.255477 2.637607 0.761746
 65.200000 1.200254 2.662976 1.242316
 65.400000 1.203820 2.671410 1.587041
 65.600000 1.197623 2.617249 0.290862
 65.800000 1.263068 2.635369 1.005351
 66.000000 1.155161 2.663212 3.238097
 66.200000 1.183236 2.607649 0.794408
 66.400000 1.190326 2.622632 0.503878
 66.600000 1.245114 2.633159 0.388385
 66.800000 1.197919 2.657477 1.062930
 67.000000 1.224644 2.554284 2.033727
 67.200000 1.285105 2.654729 2.682920
 67.400000 1.223069 2.676959 1.739338
 67.600000 1.174702 2.590772 1.476342
 67.800000 1.163227 2.547308 4.209561
 68.000000 1.247055 2.616626 0.321607
 68.200000 1.190728 2.739738 7.891438
 68.400000 1.174127 2.631938 1.230293
 68.600000 1.305961 2.577754 4.356981
 68.800000 1.279418 2.666085 2.820298
 69.000000 1.138331 2.742332 11.207714
 69.200000 1.216683 2.697413 3.166403
 69.400000 1.243696 2.644831 0.601335
 69.600000 1.291885 2.636838 2.638386
 69.800000 1.216072 2.694920 2.974858
 70.000000 1.269047 2.759565 11.140645
 70.200000 1.320399 2.666169 6.028164
 70.400000 1.215484 2.596506 0.250370
 70.600000 1.179282 2.683975 3.077693
 70.800000 1.258342 2.732369 7.211001
 71.000000 1.264698 2.588835 1.348204
 71.200000 1.201174 2.593832 0.503171
 71.400000 1.231538 2.701381 3.524794
 71.600000 1.257565 2.758278 10.481919
 71.800000 1.277971 2.583703 2.169454
 72.000000 1.204356 2.615394 0.154311
 72.200000 1.255755 2.735150 7.441640
 72.400000 1.206697 2.687373 2.519752
 72.600000 1.143670 2.621082 3.051467
 72.800000 1.118124 2.726647 11.269949
 73.000000 1.178466 2.652511 1.531643
 73.200000 1.164618 2.673447 3.168451
 73.400000 1.145607 2.655845 3.613731
 73.600000 1.177804 2.637616 1.157289
 73.800000 1.220405 2.683754 2.163072
 74.000000 1.169201 2.562783 2.903813
 74.200000 1.147130 2.608253 2.830086
 74.400000 1.226587 2.630625 0.091568
 74.600000 1.270531 2.666117 2.348692
 74.800000 1.290169 2.634919 2.485130
 75.000000 1.155680 2.643292 2.501303
 75.200000 1.228057 2.627134 0.061785
 75.400000 1.103530 2.633527 7.106352
 75.600000 1.209266 2.650066 0.592006
 75.800000 1.162911 2.644204 2.073350
 76.000000 1.194064 2.620353 0.385507
 76.200000 1.230564 2.640172 0.284957
 76.400000 1.201847 2.566492 1.523902
 76.600000 1.166016 2.594841 1.820088
 76.800000 1.183605 2.607627 0.780525
 77.000000 1.178202 2.653867 1.590797
 77.200000 1.158121 2.618849 2.023439
 77.400000 1.252879 2.686554 2.835357
 77.600000 1.209939 2.611579 0.090098
 77.800000 1.178284 2.600548 1.095982
 78.000000 1.236121 2.655754 0.816468
 78.200000 1.145525 2.667988 4.153350
 78.400000 1.192920 2.496347 7.814002
 78.600000 1.216805 2.624180 0.031261
 78.800000 1.288444 2.667489 3.450233
 79.000000 1.304076 2.586075 3.899827
 79.200000 1.167713 2.601453 1.595750
 79.400000 1.175571 2.648652 1.535314
 79.600000 1.255233 2.649034 1.042947
 79.800000 1.212700 2.651226 0.592951
 80.000000 1.279334 2.666658 2.843205
 80.200000 1.186933 2.717453 5.551502
 80.400000 1.220076 2.646175 0.398443
 80.600000 1.155530 2.674747 3.801687
 80.800000 1.152045 2.688743 4.930765
 81.000000 1.195770 2.679479 2.227201
 81.200000 1.239884 2.681476 2.179750
 81.400000 1.151775 2.605736 2.522044
 81.600000 1.232252 2.580305 0.765574
 81.800000 1.299875 2.564612 4.478125
 82.000000 1.257294 2.646024 1.025234
 82.200000 1.257522 2.678594 2.476686
 82.400000 1.192692 2.633678 0.544605
 82.600000 1.122682 2.707015 8.867599
 82.800000 1.227791 2.693161 2.843417
 83.000000 1.159397 2.593198 2.250147
 83.200000 1.216814 2.617123 0.012468
 83.400000 1.198706 2.692225 3.020232
 83.600000 1.230238 2.622717 0.047347
 83.800000 1.328362 2.652747 6.289080
 84.000000 1.259530 2.632488 0.819447
 84.200000 1.247702 2.663535 1.374253
 84.400000 1.171602 2.622616 1.267107
 84.600000 1.175430 2.555440 3.028359
 84.800000 1.252254 2.646284 0.866018
 85.000000 1.230987 2.598554 0.231790
 85.200000 1.213018 2.653683 0.674822
 85.400000 1.219766 2.663100 1.019215
 85.600000 1.252547 2.649792 0.980371
 85.800000 1.246476 2.568419 1.534996
 86.000000 1.194632 2.695771 3.391824
 86.200000 1.261108 2.606523 0.841098
 86.400000 1.216674 2.600265 0.169947
 86.600000 1.219105 2.657287 0.775430
 86.800000 1.231934 2.664902 1.152247
 87.000000 1.194589 2.634238 0.500277
 87.200000 1.121827 2.633952 5.117672
 87.400000 1.185316 2.649231 1.150883
 87.600000 1.233933 2.634238 0.206386
 87.800000 1.304425 2.661976 4.386461
 88.000000 1.224789 2.668503 1.280265
 88.200000 1.242865 2.632739 0.332048
 88.400000 1.130682 2.722550 9.610864
 88.600000 1.204800 2.690549 2.775469
 88.800000 1.087871 2.655333 9.656341
 89.000000 1.197906 2.668432 1.555805
 89.200000 1.208526 2.691913 2.819227
 89.400000 1.236365 2.636358 0.275707
 89.600000 1.183523 2.597983 0.930116
 89.800000 1.278665 2.619755 1.622345
 90.000000 1.124849 2.680850 6.668431
 90.200000 1.218668 2.543773 2.759066
 90.400000 1.121573 2.649283 5.505219
 90.600000 1.216771 2.689524 2.570593
 90.800000 1.267295 2.707560 5.049070
 91.000000 1.282852 2.614142 1.875334
 91.200000 1.252815 2.595296 0.740708
 91.400000 1.279625 2.700612 5.088753
 91.600000 1.262121 2.699457 4.133776
 91.800000 1.202691 2.643796 0.514133
 92.000000 1.233568 2.618576 0.070229
 92.200000 1.155196 2.691433 4.910091
 92.400000 1.214946 2.655782 0.736983
 92.600000 1.271429 2.607086 1.294463
 92.800000 1.297581 2.619875 2.878435
 93.000000 1.251243 2.682113 2.491109
 93.200000 1.216330 2.699666 3.349767
 93.400000 1.241518 2.628647 0.252507
 93.600000 1.238145 2.580373 0.842382
 93.800000 1.216949 2.681526 2.029580
 94.000000 1.256745 2.671871 2.064369
 94.200000 1.212150 2.572649 1.073959
 94.400000 1.260684 2.615684 0.761364
 94.600000 1.226401 2.633258 0.127405
 94.800000 1.231120 2.632686 0.152009
 95.000000 1.268341 2.620962 1.090696
 95.200000 1.138796 2.659607 4.304875
 95.400000 1.269084 2.661763 2.079039
 95.600000 1.263861 2.636319 1.055414
 95.800000 1.257283 2.577502 1.451791
 96.000000 1.168051 2.630735 1.521943
 96.200000 1.227575 2.721724 5.397053
 96.400000 1.187719 2.640266 0.826413
 96.600000 1.229905 2.565878 1.391465
 96.800000 1.212353 2.652947 0.654847
 97.000000 1.257608 2.631857 0.739673
 97.200000 1.169595 2.638040 1.559961
 97.400000 1.151944 2.676430 4.142446
 97.600000 1.184020 2.614903 0.715804
 97.800000 1.282180 2.641713 2.108348
 98.000000 1.176846 2.735658 7.929760
 98.200000 1.172908 2.574530 2.136353
 98.400000 1.264972 2.613159 0.946619
 98.600000 1.188138 2.637725 0.758879
 98.800000 1.224995 2.674326 1.591981
 99.000000 1.127656 2.650367 4.949018
 99.200000 1.254979 2.578402 1.336482
 99.400000 1.286626 2.701327 5.577920
 99.600000 1.176158 2.624844 1.061877
 99.800000 1.199396 2.654481 0.915079
 100.000000 1.153391 2.627774 2.382963
 100.200000 1.177161 2.668606 2.274002
 100.400000 1.230941 2.679396 1.927507
 100.600000 1.248104 2.664719 1.439404
 100.800000 1.211767 2.716783 4.929324
 101.000000 1.210068 2.658801 0.900634
 101.200000 1.177631 2.699573 4.299948
 101.400000 1.219642 2.656128 0.729293
 101.600000 1.272298 2.614435 1.284881
 101.800000 1.215484 2.683305 2.152254
 102.000000 1.292647 2.628375 2.568481
 102.200000 1.270804 2.590521 1.581480
 102.400000 1.252061 2.559757 2.155776
 102.600000 1.221140 2.709247 4.163783
 102.800000 1.221992 2.655642 0.708707
 103.000000 1.228461 2.617164 0.022998
 103.200000 1.184185 2.641878 0.990048
 103.400000 1.183969 2.714643 5.383486
 103.600000 1.130266 2.693636 7.043720
 103.800000 1.186944 2.555778 2.540464
 104.000000 1.238019 2.617998 0.132652
 104.200000 1.192087 2.641146 0.707365
 104.400000 1.287747 2.681899 4.221014
 104.600000 1.305371 2.566038 4.847552
 104.800000 1.244061 2.632424 0.353437
 105.000000 1.238415 2.660901 1.059707
 105.200000 1.151781 2.706510 6.364070
 105.400000 1.211882 2.578021 0.847425
 105.600000 1.112197 2.600353 6.154432
 105.800000 1.156110 2.676785 3.881230
 106.000000 1.129974 2.729927 10.474046
 106.200000 1.160644 2.632523 1.971322
 106.400000 1.248666 2.625296 0.389408
 106.600000 1.228429 2.743711 7.924803
 106.800000 1.243783 2.632730 0.351723
 107.000000 1.299754 2.594792 3.312997
 107.200000 1.260690 2.580751 1.452438
 107.400000 1.236413 2.708199 4.176306
 107.600000 1.235502 2.650641 0.627734
 107.800000 1.206750 2.624358 0.132462
 108.000000 1.275891 2.584223 2.036947
 108.200000 1.165980 2.647638 1.993472
 108.400000 1.147738 2.661705 3.692786
 108.600000 1.107899 2.647286 6.907852
 108.800000 1.212228 2.569747 1.209023
 109.000000 1.134967 2.704979 7.547164
 109.200000 1.237034 2.661873 1.079782
 109.400000 1.262575 2.699330 4.141904
 109.600000 1.214767 2.651395 0.582066
 109.800000 1.223054 2.660848 0.919124
 110.000000 1.231435 2.641765 0.329629
 110.200000 1.194224 2.676814 2.108221
 110.400000 1.300678 2.639066 3.338367
 110.600000 1.185942 2.633009 0.753138
 110.800000 1.266347 2.727480 6.988922
 111.000000 1.173969 2.611539 1.161403
 111.200000 1.222783 2.617595 0.000634
 111.400000 1.182708 2.672695 2.257441
 111.600000 1.251512 2.652124 1.025898
 111.800000 1.207181 2.644744 0.463626
 112.000000 1.263831 2.647518 1.322074
 112.200000 1.239097 2.658053 0.953146
 112.400000 1.228946 2.548399 2.447736
 112.600000 1.224854 2.696816 3.111338
 112.800000 1.234202 2.619468 0.078850
 113.000000 1.150483 2.607116 2.597265
 113.200000 1.281603 2.593759 2.086026
 113.400000 1.248779 2.680158 2.298029
 113.600000 1.250819 2.653212 1.043229
 113.800000 1.262078 2.662925 1.823393
 114.000000 1.238897 2.614816 0.152390
 114.200000 1.208293 2.585530 0.617241
 114.400000 1.190196 2.701798 4.008790
 114.600000 1.251547 2.679131 2.313426
 114.800000 1.199077 2.590923 0.623018
 115.000000 1.154624 2.596160 2.490009
 115.200000 1.176836 2.648307 1.467205
 115.400000 1.267761 2.609310 1.097132
 115.600000 1.249290 2.590641 0.753850
 115.800000 1.289143 2.665507 3.400980
 116.000000 1.226536 2.688313 2.483963
 116.200000 1.234493 2.583066 0.691431
 116.400000 1.205887 2.632792 0.234996
 116.600000 1.166758 2.664720 2.602675
 116.800000 1.220722 2.580058 0.720088
 117.000000 1.150959 2.682789 4.603491
 117.200000 1.124824 2.588180 5.139873
 117.400000 1.144797 2.667789 4.199215
 117.600000 1.257525 2.649326 1.131481
 117.800000 1.212721 2.651385 0.598080
 118.000000 1.217596 2.613920 0.016847
 118.200000 1.239205 2.617837 0.152694
 118.400000 1.291871 2.653983 3.107423
 118.600000 1.246403 2.599761 0.470589
 118.800000 1.294089 2.672690 4.113728
 119.000000 1.198365 2.657872 1.068086
 119.200000 1.161773 2.614007 1.805404
 119.400000 1.161530 2.651716 2.380648
 119.600000 1.264058 2.655457 1.597555
 119.800000 1.228174 2.647796 0.464844
 120.000000 1.267902 2.672208 2.535494
 120.200000 1.193057 2.670115 1.769391
 120.400000 1.167949 2.643741 1.777671
 120.600000 1.287473 2.636003 2.323186
 120.800000 1.219393 2.630375 0.079382
 121.000000 1.270169 2.670220 2.536970
 121.200000 1.251624 2.664784 1.541494
 121.400000 1.279449 2.579194 2.418432
 121.600000 1.243164 2.728972 6.387761
 121.800000 1.250135 2.604450 0.495109
 122.000000 1.302363 2.633315 3.368149
 122.200000 1.205896 2.706291 4.023527
 122.400000 1.187388 2.646582 0.998352
 122.600000 1.229667 2.658406 0.848072
 122.800000 1.212715 2.699216 3.339197
 123.000000 1.273655 2.604528 1.438756
 123.200000 1.197811 2.605152 0.368527
 123.400000 1.265882 2.685887 3.279418
 123.600000 1.162182 2.681954 3.818423
 123.800000 1.224354 2.531481 3.745691
 124.000000 1.239562 2.630133 0.232661
 124.200000 1.107139 2.659011 7.406791
 124.400000 1.125286 2.662556 5.643676
 124.600000 1.271229 2.565814 2.586457
 124.800000 1.288572 2.592138 2.568152
 125.000000 1.296610 2.628410 2.857749
 125.200000 1.175316 2.683088 3.195780
 125.400000 1.193363 2.613128 0.414195
 125.600000 1.184617 2.643862 1.023255
 125.800000 1.216444 2.664937 1.115780
 126.000000 1.252129 2.653546 1.094028
 126.200000 1.246010 2.690911 2.953169
 126.400000 1.295898 2.691538 5.454770
 126.600000 1.197942 2.655762 0.996181
 126.800000 1.195937 2.670265 1.698779
 127.000000 1.288692 2.728630 8.362094
 127.200000 1.335280 2.603032 6.558636
 127.400000 1.177726 2.707230 4.949699
 127.600000 1.281631 2.641195 2.063148
 127.800000 1.209375 2.720103 5.289429
 128.000000 1.260962 2.703934 4.462367
 128.200000 1.235132 2.677756 1.875550
 128.400000 1.242152 2.666137 1.367381
 128.600000 1.215146 2.654247 0.678830
 128.800000 1.160044 2.666462 3.077204
 129.000000 1.140946 2.697286 6.406652
 129.200000 1.229715 2.644027 0.370727
 129.400000 1.179169 2.619900 0.907573
 129.600000 1.219654 2.678532 1.834618
 129.800000 1.281509 2.566116 3.132424
 130.000000 1.228049 2.666253 1.184436
 130.200000 1.253807 2.685158 2.769951
 130.400000 1.153069 2.637296 2.543522
 130.600000 1.259784 2.642335 1.020279
 130.800000 1.216870 2.580442 0.716867
 131.000000 1.186484 2.601373 0.759271
 131.200000 1.243564 2.670611 1.622613
 131.400000 1.266696 2.624374 1.031290
 131.600000 1.226226 2.560591 1.657659
 131.800000 1.231646 2.592242 0.380748
 132.000000 1.263229 2.688434 3.341968
 132.200000 1.265135 2.518737 5.867923
 132.400000 1.187784 2.550702 2.840303
 132.600000 1.237948 2.637263 0.317140
 132.800000 1.199617 2.606128 0.314898
 133.000000 1.184684 2.608881 0.727757
 133.200000 1.240551 2.579469 0.919174
 133.400000 1.225456 2.546519 2.561290
 133.600000 1.264987 2.646327 1.336948
 133.800000 1.191798 2.645976 0.839494
 134.000000 1.204995 2.616171 0.141702
 134.200000 1.148161 2.640555 2.960719
 134.400000 1.160311 2.685935 4.194212
 134.600000 1.179715 2.631749 0.977234
 134.800000 1.251869 2.635303 0.603967
 135.000000 1.201563 2.640622 0.459398
 135.200000 1.255520 2.667679 1.805186
 135.400000 1.222572 2.681136 1.993820
 135.600000 1.285201 2.598476 2.204737
 135.800000 1.155503 2.667254 3.406295
 136.000000 1.232317 2.625153 0.081663
 136.200000 1.154129 2.681252 4.285778
 136.400000 1.259626 2.541684 3.629627
 136.600000 1.214158 2.662301 1.010250
 136.800000 1.264021 2.682849 2.997316
 137.000000 1.237091 2.629328 0.182200
 137.200000 1.148728 2.653360 3.290070
 137.400000 1.204825 2.644480 0.493659
 137.600000 1.227184 2.664189 1.081855
 137.800000 1.209415 2.581629 0.737024
 138.000000 1.215297 2.603818 0.121167
 138.200000 1.176432 2.643863 1.360584
 138.400000 1.252636 2.613069 0.489693
 138.600000 1.088573 2.635242 9.014260
 138.800000 1.133892 2.544365 6.568468
 139.000000 1.158665 2.655672 2.698460
 139.200000 1.284670 2.622201 1.989570
 139.400000 1.178427 2.590519 1.315041
 139.600000 1.212132 2.619636 0.047416
 139.800000 1.200122 2.649800 0.739283
 140.000000 1.202109 2.635395 0.343908
 140.200000 1.190586 2.601574 0.619790
 140.400000 1.243687 2.610161 0.271732
 140.600000 1.145255 2.642068 3.214028
 140.800000 1.222313 2.672428 1.481733
 141.000000 1.234191 2.683258 2.207354
 141.200000 1.334168 2.620492 6.324198
 141.400000 1.178252 2.684923 3.184981
 141.600000 1.218865 2.588402 0.441950
 141.800000 1.227433 2.729808 6.267438
 142.000000 1.224967 2.635123 0.151944
 142.200000 1.209839 2.632301 0.173051
 142.400000 1.270195 2.718542 6.229364
 142.600000 1.217310 2.623767 0.026432
 142.800000 1.183305 2.553773 2.800402
 143.000000 1.218188 2.672953 1.516506
 143.200000 1.193564 2.614870 0.401557
 143.400000 1.173877 2.604379 1.237665
 143.600000 1.221432 2.663849 1.051397
 143.800000 1.206556 2.620604 0.118546
 144.000000 1.232824 2.589331 0.472317
 144.200000 1.174467 2.617543 1.117039
 144.400000 1.150737 2.721696 7.897024
 144.600000 1.209085 2.590020 0.471225
 144.800000 1.145522 2.614545 2.909844
 145.000000 1.239294 2.681425 2.166007
 145.200000 1.310813 2.636781 4.144352
 145.400000 1.153795 2.604490 2.398795
 145.600000 1.268907 2.585602 1.637432
 145.800000 1.211702 2.697539 3.213992
 146.000000 1.146018 2.708675 6.977701
 146.200000 1.233306 2.622041 0.075187
 146.400000 1.169985 2.642642 1.642556
 146.600000 1.258396 2.668892 1.967483
 146.800000 1.201972 2.685874 2.499070
 147.000000 1.306436 2.605458 3.666111
 147.200000 1.175649 2.579865 1.788670
 147.400000 1.314226 2.688382 6.754900
 147.600000 1.127480 2.673720 5.994304
 147.800000 1.247643 2.579942 1.059676
 148.000000 1.160815 2.704776 5.620888
 148.200000 1.215774 2.638800 0.234183
 148.400000 1.202943 2.604476 0.267849
 148.600000 1.253956 2.716032 5.325006
 148.800000 1.151971 2.699222 5.732209
 149.000000 1.201143 2.583624 0.802557
 149.200000 1.139866 2.678093 5.156817
 149.400000 1.238230 2.664451 1.215268
 149.600000 1.205587 2.678242 1.945225
 149.800000 1.166230 2.623714 1.556488
 150.000000 1.277400 2.667049 2.752712
 150.200000 1.195966 2.638134 0.534731
 150.400000 1.244102 2.650749 0.786687
 150.600000 1.172164 2.617832 1.228429
 150.800000 1.343322 2.677228 9.146611
 151.000000 1.287176 2.622422 2.151380
 151.200000 1.283831 2.529730 5.823455
 151.400000 1.267029 2.674802 2.639564
 151.600000 1.185575 2.682596 2.740315
 151.800000 1.148267 2.573194 3.701914
 152.000000 1.150590 2.607104 2.589803
 152.200000 1.201543 2.561846 1.780037
 152.400000 1.276906 2.585135 2.062015
 152.600000 1.289113 2.666406 3.442069
 152.800000 1.256545 2.599558 0.775963
 153.000000 1.211969 2.555799 1.981730
 153.200000 1.246277 2.687515 2.717873
 153.400000 1.184784 2.693097 3.502774
 153.600000 1.227698 2.591480 0.369292
 153.800000 1.143644 2.661888 4.012110
 154.000000 1.225737 2.728158 6.076081
 154.200000 1.241046 2.641356 0.459438
 154.400000 1.274464 2.614547 1.396328
 154.600000 1.248803 2.712104 4.794823
 154.800000 1.272736 2.653340 1.925436
 155.000000 1.214212 2.620978 0.032716
 155.200000 1.288358 2.729335 8.418019
 155.400000 1.248458 2.643004 0.669952
 155.600000 1.267006 2.669099 2.330796
 155.800000 1.169412 2.674325 2.955225
 156.000000 1.197246 2.650311 0.821938
 156.200000 1.160775 2.621067 1.862495
 156.400000 1.222205 2.619772 0.001693
 156.600000 1.241442 2.562064 1.758351
 156.800000 1.247161 2.680061 2.249545
 157.000000 1.261519 2.673326 2.322347
 157.200000 1.168874 2.617830 1.396905
 157.400000 1.270581 2.612868 1.206323
 157.600000 1.218839 2.618631 0.004383
 157.800000 1.212522 2.593328 0.346596
 158.000000 1.225722 2.707903 4.049759
 158.200000 1.306298 2.580620 4.274200
 158.400000 1.221204 2.566680 1.316686
 158.600000 1.216586 2.626462 0.049091
 158.800000 1.089125 2.644966 9.155908
 159.000000 1.257783 2.652981 1.261948
 159.200000 1.189848 2.586019 1.019442
 159.400000 1.270199 2.499409 8.205782
 159.600000 1.178359 2.720072 6.150553
 159.800000 1.203484 2.661307 1.104468
 160.000000 1.168573 2.587805 1.868516
 160.200000 1.211000 2.589458 0.464721
 160.400000 1.180627 2.647798 1.288878
 160.600000 1.210585 2.768501 11.388266
 160.800000 1.210713 2.601876 0.190582
 161.000000 1.260752 2.609084 0.801030
 161.200000 1.206018 2.657876 0.918738
 161.400000 1.215228 2.646710 0.433460
 161.600000 1.164071 2.683184 3.787189
 161.800000 1.212569 2.663267 1.066812
 162.000000 1.230108 2.643372 0.357110
 162.200000 1.213641 2.639756 0.269505
 162.400000 1.215061 2.661281 0.959118
 162.600000 1.236973 2.666685 1.301597
 162.800000 1.197127 2.587696 0.761657
 163.000000 1.246690 2.740243 7.783883
 163.200000 1.250400 2.580551 1.111958
 163.400000 1.220914 2.564241 1.445033
 163.600000 1.245852 2.626976 0.331251
 163.800000 1.323868 2.626359 5.250999
 164.000000 1.213263 2.563444 1.523712
 164.200000 1.232956 2.572776 1.085323
 164.400000 1.167246 2.684422 3.690610
 164.600000 1.189103 2.536491 3.853622
 164.800000 1.237038 2.607260 0.174769
 165.000000 1.138588 2.640065 3.699898
 165.200000 1.247598 2.606960 0.395438
 165.400000 1.241336 2.565046 1.593949
 165.600000 1.197422 2.648756 0.768602
 165.800000 1.201576 2.605238 0.284450
 166.000000 1.099342 2.658640 8.315505
 166.200000 1.267909 2.600227 1.224084
 166.400000 1.198986 2.706552 4.179908
 166.600000 1.233395 2.656632 0.814489
 166.800000 1.283973 2.663400 2.967885
 167.000000 1.193535 2.646764 0.811354
 167.200000 1.338258 2.705855 10.649151
 167.400000 1.193615 2.681884 2.436233
 167.600000 1.265523 2.622636 0.969667
 167.800000 1.243355 2.718502 5.284701
 168.000000 1.195483 2.647484 0.779288
 168.200000 1.238151 2.576220 1.007349
 168.400000 1.256205 2.728065 6.652142
 168.600000 1.206241 2.626878 0.159428
 168.800000 1.205287 2.543950 2.876469
 169.000000 1.240598 2.612023 0.195815
 169.200000 1.175176 2.648096 1.536721
 169.400000 1.258117 2.659346 1.516986
 169.600000 1.149876 2.580133 3.298237
 169.800000 1.223005 2.607595 0.054880
 170.000000 1.192779 2.640911 0.681702
 170.200000 1.179286 2.632456 1.005336
 170.400000 1.165744 2.626256 1.601388
 170.600000 1.321953 2.596915 5.244474
 170.800000 1.152285 2.635505 2.564652
 171.000000 1.233131 2.674348 1.652885
 171.200000 1.245067 2.702423 3.836406
 171.400000 1.235132 2.570667 1.209732
 171.600000 1.174940 2.623271 1.108604
 171.800000 1.308133 2.656134 4.460063
 172.000000 1.267814 2.617811 1.061856
 172.200000 1.248780 2.609899 0.398602
 172.400000 1.204119 2.654103 0.807024
 172.600000 1.234287 2.666494 1.254990
 172.800000 1.128210 2.697463 7.530664
 173.000000 1.176316 2.664789 2.126098
 173.200000 1.148355 2.666623 3.874333
 173.400000 1.241625 2.663926 1.252757
 173.600000 1.261884 2.673837 2.365362
 173.800000 1.296795 2.581807 3.472049
 174.000000 1.238945 2.630004 0.220301
 174.200000 1.308064 2.753304 12.881079
 174.400000 1.175654 2.664864 2.159938
 174.600000 1.146754 2.568117 4.054571
 174.800000 1.127624 2.636304 4.595653
 175.000000 1.167097 2.621373 1.498141
 175.200000 1.211955 2.627861 0.096465
 175.400000 1.245269 2.650371 0.801161
 175.600000 1.295079 2.573587 3.675983
 175.800000 1.235914 2.614968 0.105163
 176.000000 1.261389 2.640244 1.033927
 176.200000 1.210244 2.640814 0.326347
 176.400000 1.229755 2.593382 0.335073
 176.600000 1.179056 2.668786 2.200487
 176.800000 1.152953 2.661068 3.292877
 177.000000 1.187806 2.687465 2.988571
 177.200000 1.206626 2.683213 2.240863
 177.400000 1.226539 2.670553 1.392817
 177.600000 1.274719 2.621978 1.411828
 177.800000 1.291213 2.633542 2.534804
 178.000000 1.250793 2.588519 0.856689
 178.200000 1.248969 2.671995 1.829006
 178.400000 1.248350 2.671361 1.778343
 178.600000 1.199216 2.669036 1.556068
 178.800000 1.129331 2.549468 6.616706
 179.000000 1.224053 2.687238 2.400039
 179.200000 1.184165 2.666934 1.903187
 179.400000 1.139548 2.605536 3.454542
 179.600000 1.236060 2.669567 1.432577
 179.800000 1.131620 2.589846 4.456132
 180.000000 1.218908 2.657696 0.792125
 180.200000 1.207897 2.686701 2.455999
 180.400000 1.208284 2.510952 5.819369
 180.600000 1.228386 2.605508 0.100094
 180.800000 1.199454 2.636603 0.421268
 181.000000 1.248358 2.606083 0.425443
 181.200000 1.175539 2.549723 3.397258
 181.400000 1.181976 2.652828 1.396922
 181.600000 1.203187 2.682115 2.227695
 181.800000 1.269230 2.598450 1.319082
 182.000000 1.326789 2.584706 6.072662
 182.200000 1.264981 2.638815 1.152073
 182.400000 1.180493 2.779248 13.851679
 182.600000 1.228134 2.591309 0.376555
 182.800000 1.253572 2.743546 8.388563
 183.000000 1.224692 2.663138 1.023391
 183.200000 1.319486 2.679690 6.681292
 183.400000 1.184313 2.746390 8.942830
 183.600000 1.231914 2.624478 0.072873
 183.800000 1.234706 2.680526 2.039324
 184.000000 1.219229 2.710030 4.238412
 184.200000 1.224022 2.608977 0.043277
 184.400000 1.214105 2.719575 5.188462
 184.600000 1.235338 2.595963 0.335270
 184.800000 1.168058 2.622250 1.449420
 185.000000 1.194531 2.641530 0.646880
 185.200000 1.185340 2.655313 1.358491
 185.400000 1.082920 2.613081 9.646263
 185.600000 1.159213 2.578893 2.718666
 185.800000 1.214121 2.588720 0.457428
 186.000000 1.211730 2.600264 0.207173
 186.200000 1.242384 2.652378 0.804393
 186.400000 1.231772 2.517679 5.081909
 186.600000 1.218896 2.532174 3.686541
 186.800000 1.182213 2.614281 0.787721
 187.000000 1.037176 2.696768 20.132887
 187.200000 1.194363 2.587157 0.849931
 187.400000 1.210707 2.565324 1.447805
 187.600000 1.206030 2.614292 0.130103
 187.800000 1.264638 2.647450 1.354375
 188.000000 1.200194 2.606839 0.294130
 188.200000 1.216138 2.669528 1.343503
 188.400000 1.214129 2.623056 0.041709
 188.600000 1.227946 2.649872 0.527436
 188.800000 1.154073 2.646037 2.682000
 189.000000 1.194809 2.702066 3.896409
 189.200000 1.230422 2.660619 0.946224
 189.400000 1.270199 2.610086 1.205891
 189.600000 1.217749 2.657164 0.775066
 189.800000 1.251488 2.768468 11.764041
 190.000000 1.215684 2.576685 0.871484
 190.200000 1.201432 2.593580 0.504041
 190.400000 1.228286 2.707863 4.059679
 190.600000 1.236892 2.604882 0.200896
 190.800000 1.235014 2.678064 1.892445
 191.000000 1.206015 2.712320 4.572207
 191.200000 1.150949 2.609324 2.542560
 191.400000 1.191751 2.619509 0.450533
 191.600000 1.177363 2.683675 3.141274
 191.800000 1.154741 2.634027 2.372300
 192.000000 1.287113 2.620116 2.139685
 192.200000 1.206600 2.643742 0.445955
 192.400000 1.238504 2.576959 0.982604
 192.600000 1.238585 2.579898 0.867667
 192.800000 1.166545 2.582326 2.158823
 193.000000 1.243088 2.637331 0.415021
 193.200000 1.146726 2.601481 2.949199
 193.400000 1.202363 2.632728 0.296105
 193.600000 1.226154 2.664723 1.101574
 193.800000 1.234150 2.581091 0.758054
 194.000000 1.263278 2.670799 2.257270
 194.200000 1.202142 2.666455 1.366064
 194.400000 1.158896 2.709205 6.133875
 194.600000 1.231232 2.635037 0.190380
 194.800000 1.221937 2.668553 1.278157
 195.000000 1.178228 2.683860 3.115412
 195.200000 1.206069 2.622591 0.133201
 195.400000 1.189756 2.715728 5.287200
 195.600000 1.276162 2.652089 2.062631
 195.800000 1.142225 2.623868 3.177808
 196.000000 1.257701 2.641712 0.928207
 196.200000 1.136248 2.728318 9.739324
 196.400000 1.269075 2.643655 1.450014
 196.600000 1.209230 2.592890 0.393246
 196.800000 1.245830 2.665044 1.397277
 197.000000 1.200252 2.676179 1.923418
 197.200000 1.297680 2.667311 4.100226
 197.400000 1.145723 2.625575 2.917326
 197.600000 1.238942 2.620433 0.151094
 197.800000 1.172783 2.686323 3.532379
 198.000000 1.209511 2.652457 0.668506
 198.200000 1.254410 2.577401 1.357855
 198.400000 1.232713 2.638201 0.264470
 198.600000 1.167931 2.687018 3.829360
 198.800000 1.204847 2.644485 0.493419
 199.000000 1.257390 2.538580 3.789072
 199.200000 1.187741 2.644609 0.931832
 199.400000 1.248842 2.630881 0.450546
 199.600000 1.212270 2.622464 0.054741
 199.800000 1.188619 2.572431 1.586160
 200.000000 1.168554 2.646005 1.806156
