#! FIELDS time phi psi restraint.bias
#! SET min_phi -pi
#! SET max_phi pi
#! SET min_psi -pi
#! SET max_psi pi
 0.000000 -2.052679 -0.105790 274.420269
 0.200000 -2.372203 0.377019 13.281698
 0.400000 -2.507597 0.564540 2.894802
 0.600000 -2.371405 0.492417 3.082161
 0.800000 -2.332998 0.461148 8.051043
 1.000000 -2.438627 0.478813 1.014553
 1.200000 -2.353471 0.527506 4.056710
 1.400000 -2.379579 0.525455 2.042148
 1.600000 -2.431396 0.391855 8.751054
 1.800000 -2.439640 0.363882 12.762088
 2.000000 -2.458416 0.457946 2.266957
 2.200000 -2.351434 0.454595 6.615278
 2.400000 -2.415797 0.467248 1.970357
 2.600000 -2.429477 0.426421 4.819524
 2.800000 -2.409955 0.435365 4.453966
 3.000000 -2.415142 0.551957 0.803088
 3.200000 -2.395686 0.530324 1.163829
 3.400000 -2.469424 0.440046 3.827541
 3.600000 -2.414181 0.448682 3.234947
 3.800000 -2.351011 0.509434 4.373790
 4.000000 -2.415843 0.538184 0.487755
 4.200000 -2.393953 0.496021 1.605780
 4.400000 -2.473209 0.478090 1.478009
 4.600000 -2.410430 0.557205 1.110204
 4.800000 -2.342132 0.547940 5.429995
 5.000000 -2.412162 0.419080 5.951877
 5.200000 -2.503156 0.485255 2.516881
 5.400000 -2.462368 0.519389 0.187605
 5.600000 -2.366846 0.464072 4.706608
 5.800000 -2.411259 0.532921 0.561944
 6.000000 -2.403212 0.474503 2.015194
 6.200000 -2.401404 0.470335 2.302919
 6.400000 -2.414823 0.595739 3.012165
 6.600000 -2.440568 0.492557 0.485980
 6.800000 -2.401866 0.475321 2.030438
 7.000000 -2.392896 0.512636 1.338511
 7.200000 -2.567609 0.435213 11.612435
 7.400000 -2.352641 0.478266 5.151643
 7.600000 -2.335641 0.488686 6.421994
 7.800000 -2.428013 0.425822 4.899424
 8.000000 -2.468878 0.492588 0.803846
 8.200000 -2.360769 0.554647 3.900966
 8.400000 -2.383015 0.530505 1.850698
 8.600000 -2.524557 0.432699 7.419673
 8.800000 -2.337192 0.444445 8.779183
 9.000000 -2.449257 0.480810 0.932250
 9.200000 -2.389841 0.538203 1.544163
 9.400000 -2.425743 0.539542 0.284062
 9.600000 -2.371079 0.449487 5.365801
 9.800000 -2.451018 0.567215 0.979720
 10.000000 -2.349304 0.521863 4.434307
 10.200000 -2.371818 0.524995 2.567359
 10.400000 -2.564482 0.498963 7.626470
 10.600000 -2.362810 0.489242 3.842505
 10.800000 -2.364100 0.498198 3.471721
 11.000000 -2.454956 0.463419 1.876890
 11.200000 -2.475250 0.514002 0.551329
 11.400000 -2.389402 0.539064 1.580767
 11.600000 -2.435392 0.510671 0.116117
 11.800000 -2.408497 0.461312 2.551082
 12.000000 -2.360368 0.471459 4.811504
 12.200000 -2.543585 0.465205 6.717383
 12.400000 -2.405191 0.496932 1.087841
 12.600000 -2.307732 0.544835 9.436724
 12.800000 -2.432264 0.448043 2.917015
 13.000000 -2.468507 0.518743 0.325451
 13.200000 -2.380226 0.572238 3.182240
 13.400000 -2.394664 0.489174 1.783073
 13.600000 -2.459108 0.511577 0.194675
 13.800000 -2.436206 0.529631 0.044512
 14.000000 -2.378226 0.427268 6.767613
 14.200000 -2.478800 0.472549 1.927470
 14.400000 -2.365716 0.545779 3.268102
 14.600000 -2.394216 0.540422 1.354018
 14.800000 -2.506389 0.546556 2.243467
 15.000000 -2.464687 0.502637 0.444964
 15.200000 -2.315288 0.541274 8.370404
 15.400000 -2.451040 0.501826 0.265748
 15.600000 -2.449695 0.425823 4.799445
 15.800000 -2.344925 0.543131 5.045428
 16.000000 -2.421844 0.496126 0.611030
 16.200000 -2.502208 0.472792 3.016275
 16.400000 -2.337692 0.483365 6.402907
 16.600000 -2.404387 0.599705 3.659437
 16.800000 -2.466906 0.542134 0.446611
 17.000000 -2.434726 0.501332 0.286061
 17.200000 -2.378015 0.553486 2.588170
 17.400000 -2.432936 0.478167 1.087389
 17.600000 -2.461794 0.443524 3.374029
 17.800000 -2.353589 0.539494 4.164798
 18.000000 -2.466253 0.531734 0.292834
 18.200000 -2.533771 0.506704 4.220638
 18.400000 -2.271321 0.554024 15.278889
 18.600000 -2.392670 0.530092 1.310947
 18.800000 -2.502892 0.422752 6.851053
 19.000000 -2.371849 0.445190 5.638097
 19.200000 -2.427170 0.563080 0.912085
 19.400000 -2.399069 0.496015 1.365747
 19.600000 -2.400172 0.384542 10.605319
 19.800000 -2.346274 0.582020 6.429133
 20.000000 -2.438779 0.547800 0.303816
 20.200000 -2.376938 0.463118 4.041632
 20.400000 -2.454096 0.546622 0.321587
 20.600000 -2.406523 0.529055 0.697098
 20.800000 -2.400651 0.472487 2.222547
 21.000000 -2.474743 0.526955 0.494901
 21.200000 -2.450795 0.567799 1.003706
 21.400000 -2.450415 0.568120 1.015233
 21.600000 -2.324575 0.466202 8.714169
 21.800000 -2.459284 0.504041 0.316435
 22.000000 -2.466327 0.558826 0.881901
 22.200000 -2.445673 0.500907 0.259908
 22.400000 -2.316908 0.440974 11.421191
 22.600000 -2.514199 0.538058 2.606466
 22.800000 -2.461461 0.531081 0.189997
 23.000000 -2.314897 0.526617 8.268855
 23.200000 -2.418608 0.531296 0.338450
 23.400000 -2.485696 0.539494 1.018232
 23.600000 -2.467086 0.457588 2.457762
 23.800000 -2.372918 0.618061 6.949654
 24.000000 -2.522107 0.523621 3.092604
 24.200000 -2.422909 0.508210 0.329599
 24.400000 -2.488355 0.579567 2.573994
 24.600000 -2.455594 0.551938 0.475149
 24.800000 -2.500923 0.530594 1.675436
 25.000000 -2.442589 0.486829 0.676371
 25.200000 -2.456881 0.588462 2.193647
 25.400000 -2.409461 0.506370 0.726425
 25.600000 -2.478735 0.458434 2.745310
 25.800000 -2.462362 0.571230 1.312984
 26.000000 -2.447121 0.604224 3.256881
 26.200000 -2.440081 0.440885 3.426485
 26.400000 -2.458835 0.505134 0.288654
 26.600000 -2.388711 0.546114 1.752240
 26.800000 -2.427172 0.558562 0.743879
 27.000000 -2.463197 0.584401 2.043197
 27.200000 -2.455694 0.535679 0.147794
 27.400000 -2.463438 0.407274 6.965226
 27.600000 -2.359386 0.552144 3.941700
 27.800000 -2.385132 0.559128 2.332282
 28.000000 -2.522856 0.497847 3.483361
 28.200000 -2.395726 0.485272 1.873761
 28.400000 -2.286283 0.525451 12.354199
 28.600000 -2.516106 0.572905 3.854226
 28.800000 -2.440484 0.533341 0.051887
 29.000000 -2.377395 0.570498 3.282131
 29.200000 -2.461796 0.582343 1.893548
 29.400000 -2.482176 0.408214 7.406262
 29.600000 -2.421501 0.585018 2.127291
 29.800000 -2.385833 0.536147 1.739196
 30.000000 -2.490565 0.498043 1.435951
 30.200000 -2.428757 0.485473 0.834899
 30.400000 -2.481661 0.517356 0.749097
 30.600000 -2.399074 0.517628 1.002937
 30.800000 -2.402385 0.514921 0.881257
 31.000000 -2.455501 0.547556 0.359451
 31.200000 -2.431785 0.473158 1.340303
 31.400000 -2.415248 0.474962 1.580751
 31.600000 -2.452396 0.558489 0.648570
 31.800000 -2.448369 0.472667 1.309092
 32.000000 -2.444133 0.416774 5.705974
 32.200000 -2.399236 0.555381 1.482996
 32.400000 -2.405775 0.583714 2.517056
 32.600000 -2.480106 0.542188 0.844197
 32.800000 -2.439730 0.533370 0.054702
 33.000000 -2.341924 0.529860 5.174445
 33.200000 -2.466563 0.503090 0.477158
 33.400000 -2.468862 0.542221 0.496010
 33.600000 -2.338841 0.513178 5.526982
 33.800000 -2.387998 0.484392 2.306653
 34.000000 -2.502287 0.478884 2.729919
 34.200000 -2.332319 0.481853 7.047676
 34.400000 -2.439917 0.532529 0.046156
 34.600000 -2.443783 0.442646 3.276723
 34.800000 -2.393308 0.528556 1.269932
 35.000000 -2.421437 0.543855 0.447680
 35.200000 -2.373170 0.506058 2.624229
 35.400000 -2.394278 0.506544 1.354917
 35.600000 -2.504952 0.574910 3.207004
 35.800000 -2.416158 0.530641 0.397521
 36.000000 -2.394735 0.518043 1.202543
 36.200000 -2.474795 0.560520 1.172494
 36.400000 -2.440103 0.564335 0.835355
 36.600000 -2.463665 0.489481 0.786088
 36.800000 -2.399862 0.492639 1.429695
 37.000000 -2.423950 0.491159 0.716514
 37.200000 -2.489797 0.429455 5.505012
 37.400000 -2.449352 0.471788 1.359514
 37.600000 -2.349314 0.577736 5.897247
 37.800000 -2.445108 0.492476 0.485671
 38.000000 -2.457486 0.495156 0.502851
 38.200000 -2.348035 0.508071 4.673633
 38.400000 -2.455654 0.505026 0.246802
 38.600000 -2.443067 0.472326 1.314504
 38.800000 -2.442080 0.498386 0.318796
 39.000000 -2.444741 0.525787 0.003215
 39.200000 -2.471269 0.615452 4.605156
 39.400000 -2.410910 0.533614 0.579937
 39.600000 -2.428085 0.494846 0.531574
 39.800000 -2.421421 0.481089 1.146412
 40.000000 -2.470875 0.569319 1.420936
 40.200000 -2.408765 0.532539 0.641869
 40.400000 -2.410574 0.557003 1.098719
 40.600000 -2.582395 0.551224 10.032916
 40.800000 -2.483743 0.596394 3.460854
 41.000000 -2.398041 0.625715 6.245315
 41.200000 -2.473459 0.504263 0.636886
 41.400000 -2.487118 0.527494 0.960538
 41.600000 -2.427055 0.466509 1.764187
 41.800000 -2.449722 0.528546 0.031837
 42.000000 -2.465965 0.545638 0.496062
 42.200000 -2.481454 0.547632 1.010529
 42.400000 -2.439609 0.572042 1.180794
 42.600000 -2.437852 0.552420 0.431070
 42.800000 -2.405846 0.579523 2.271215
 43.000000 -2.483102 0.542859 0.971176
 43.200000 -2.468365 0.532575 0.350386
 43.400000 -2.328611 0.573851 7.857889
 43.600000 -2.411547 0.539803 0.640543
 43.800000 -2.544183 0.548245 5.376150
 44.000000 -2.466454 0.515517 0.296996
 44.200000 -2.293070 0.595517 13.894893
 44.400000 -2.457120 0.553321 0.534993
 44.600000 -2.523228 0.484721 3.937120
 44.800000 -2.438592 0.554813 0.499030
 45.000000 -2.399400 0.567792 1.947237
 45.200000 -2.512847 0.559441 3.049531
 45.400000 -2.426015 0.520515 0.156936
 45.600000 -2.399041 0.495982 1.367893
 45.800000 -2.451579 0.541398 0.191365
 46.000000 -2.381778 0.631944 7.771798
 46.200000 -2.476546 0.549630 0.886135
 46.400000 -2.482479 0.509661 0.858323
 46.600000 -2.378966 0.546231 2.335866
 46.800000 -2.434471 0.598980 2.881595
 47.000000 -2.466761 0.499408 0.564052
 47.200000 -2.366874 0.473870 4.169235
 47.400000 -2.482648 0.506745 0.909836
 47.600000 -2.411889 0.467441 2.075226
 47.800000 -2.409537 0.543629 0.776009
 48.000000 -2.476888 0.567871 1.538685
 48.200000 -2.410692 0.484062 1.318501
 48.400000 -2.426011 0.501093 0.405508
 48.600000 -2.492527 0.635779 7.495951
 48.800000 -2.374264 0.474472 3.600848
 49.000000 -2.345897 0.422176 9.902560
 49.200000 -2.473712 0.506544 0.602987
 49.400000 -2.398568 0.586251 2.970382
 49.600000 -2.430677 0.522277 0.082589
 49.800000 -2.508986 0.574692 3.452021
 50.000000 -2.391868 0.507083 1.467292
 50.200000 -2.263681 0.516891 16.182952
 50.400000 -2.494738 0.478593 2.327422
 50.600000 -2.557972 0.423408 11.575472
 50.800000 -2.369087 0.496592 3.130449
 51.000000 -2.334190 0.448709 8.774334
 51.200000 -2.488438 0.496439 1.380290
 51.400000 -2.415346 0.523399 0.395248
 51.600000 -2.359516 0.503416 3.727034
 51.800000 -2.409059 0.476509 1.700455
 52.000000 -2.444973 0.541093 0.154164
 52.200000 -2.387333 0.549841 1.919496
 52.400000 -2.388834 0.530019 1.512671
 52.600000 -2.488234 0.475414 2.163207
 52.800000 -2.497757 0.516388 1.500028
 53.000000 -2.290504 0.553896 12.156882
 53.200000 -2.445546 0.510440 0.088747
 53.400000 -2.404841 0.511721 0.816281
 53.600000 -2.427860 0.486770 0.799869
 53.800000 -2.435536 0.517469 0.050189
 54.000000 -2.407227 0.413374 6.731159
 54.200000 -2.367155 0.561960 3.647079
 54.400000 -2.492326 0.562994 1.969880
 54.600000 -2.437251 0.553493 0.466122
 54.800000 -2.422211 0.584970 2.109007
 55.000000 -2.426903 0.476837 1.230440
 55.200000 -2.462559 0.475495 1.339364
 55.400000 -2.426550 0.524542 0.143441
 55.600000 -2.490682 0.462010 3.011525
 55.800000 -2.476059 0.529413 0.548213
 56.000000 -2.411161 0.561102 1.224916
 56.200000 -2.411063 0.552255 0.935401
 56.400000 -2.422715 0.522545 0.215750
 56.600000 -2.480904 0.542435 0.878410
 56.800000 -2.453599 0.570141 1.134475
 57.000000 -2.457016 0.497521 0.431905
 57.200000 -2.403527 0.525146 0.798557
 57.400000 -2.454379 0.569331 1.105314
 57.600000 -2.421314 0.543414 0.441574
 57.800000 -2.448892 0.437002 3.764265
 58.000000 -2.436386 0.593668 2.479876
 58.200000 -2.426362 0.560318 0.820353
 58.400000 -2.485871 0.502231 1.127611
 58.600000 -2.516466 0.562277 3.412866
 58.800000 -2.466105 0.541656 0.419400
 59.000000 -2.389465 0.542927 1.644576
 59.200000 -2.483031 0.541128 0.936552
 59.400000 -2.444435 0.499909 0.281085
 59.600000 -2.484433 0.563153 1.621637
 59.800000 -2.369763 0.537707 2.815189
 60.000000 -2.491342 0.503414 1.350024
 60.200000 -2.467882 0.575515 1.645826
 60.400000 -2.399696 0.505739 1.117188
 60.600000 -2.369208 0.500199 3.030525
 60.800000 -2.540600 0.541122 4.871573
 61.000000 -2.450885 0.538066 0.132199
 61.200000 -2.374384 0.521375 2.388263
 61.400000 -2.500304 0.540831 1.764066
 61.600000 -2.375969 0.628379 7.767041
 61.800000 -2.422785 0.530880 0.240254
 62.000000 -2.459180 0.443974 3.293559
 62.200000 -2.477113 0.462438 2.436517
 62.400000 -2.351612 0.594964 6.764628
 62.600000 -2.480981 0.481728 1.580438
 62.800000 -2.373452 0.495613 2.842235
 63.000000 -2.480243 0.557827 1.262248
 63.200000 -2.466540 0.521224 0.269141
 63.400000 -2.436962 0.494737 0.437618
 63.600000 -2.463597 0.494351 0.630427
 63.800000 -2.431984 0.468667 1.574601
 64.000000 -2.438852 0.501662 0.251230
 64.200000 -2.431155 0.607949 3.633157
 64.400000 -2.451039 0.601453 3.059314
 64.600000 -2.469736 0.466701 1.963867
 64.800000 -2.448735 0.446012 3.023788
 65.000000 -2.374332 0.579920 3.975467
 65.200000 -2.452041 0.553028 0.469841
 65.400000 -2.509767 0.467463 3.773854
 65.600000 -2.409961 0.548179 0.863233
 65.800000 -2.346541 0.528948 4.711004
 66.000000 -2.359305 0.506029 3.695450
 66.200000 -2.524738 0.556389 3.840585
 66.400000 -2.384332 0.509362 1.849454
 66.600000 -2.349050 0.501598 4.698707
 66.800000 -2.480278 0.650889 8.779124
 67.000000 -2.382508 0.534856 1.920972
 67.200000 -2.367746 0.435349 6.760398
 67.400000 -2.518451 0.467246 4.399540
 67.600000 -2.424607 0.595807 2.784766
 67.800000 -2.398229 0.554751 1.508213
 68.000000 -2.408179 0.502481 0.845384
 68.200000 -2.460823 0.540334 0.290761
 68.400000 -2.460455 0.512578 0.205123
 68.600000 -2.352617 0.530318 4.148918
 68.800000 -2.417938 0.506819 0.466499
 69.000000 -2.457107 0.488818 0.697977
 69.200000 -2.452801 0.547115 0.320137
 69.400000 -2.358345 0.529319 3.638724
 69.600000 -2.472383 0.523911 0.418304
 69.800000 -2.512879 0.464098 4.179590
 70.000000 -2.494467 0.476306 2.419103
 70.200000 -2.341640 0.542595 5.364181
 70.400000 -2.367242 0.511419 2.978808
 70.600000 -2.526980 0.533369 3.535462
 70.800000 -2.451616 0.573434 1.275013
 71.000000 -2.380697 0.511109 2.047655
 71.200000 -2.384262 0.589841 3.946264
 71.400000 -2.548981 0.467676 7.130944
 71.600000 -2.382378 0.411988 8.094001
 71.800000 -2.401945 0.533689 0.912691
 72.000000 -2.454658 0.587651 2.114040
 72.200000 -2.449810 0.524334 0.020427
 72.400000 -2.416571 0.552816 0.788368
 72.600000 -2.413505 0.497276 0.795135
 72.800000 -2.450811 0.451779 2.606043
 73.000000 -2.392551 0.594807 3.831263
 73.200000 -2.441524 0.599343 2.870499
 73.400000 -2.331269 0.517606 6.311483
 73.600000 -2.512207 0.521844 2.364573
 73.800000 -2.454195 0.572800 1.267972
 74.000000 -2.455292 0.569321 1.115257
 74.200000 -2.494366 0.521789 1.297316
 74.400000 -2.411002 0.596538 3.186842
 74.600000 -2.475449 0.536959 0.600878
 74.800000 -2.470165 0.571038 1.481816
 75.000000 -2.440637 0.498304 0.323902
 75.200000 -2.355676 0.560743 4.542956
 75.400000 -2.438296 0.518727 0.025206
 75.600000 -2.430671 0.557002 0.639667
 75.800000 -2.435916 0.561669 0.753141
 76.000000 -2.491816 0.506056 1.322955
 76.200000 -2.450663 0.580737 1.658344
 76.400000 -2.560815 0.569583 7.943313
 76.600000 -2.457014 0.566876 1.028282
 76.800000 -2.399031 0.527284 0.993816
 77.000000 -2.402777 0.646575 8.389216
 77.200000 -2.461115 0.485929 0.865351
 77.400000 -2.463987 0.471592 1.563039
 77.600000 -2.460066 0.599329 3.005397
 77.800000 -2.342906 0.544310 5.270171
 78.000000 -2.481086 0.520980 0.711248
 78.200000 -2.482765 0.566144 1.677429
 78.400000 -2.459108 0.568769 1.142577
 78.600000 -2.486682 0.508693 1.045107
 78.800000 -2.411459 0.615899 4.771720
 79.000000 -2.447839 0.473528 1.263146
 79.200000 -2.400918 0.501320 1.153118
 79.400000 -2.462936 0.525604 0.191644
 79.600000 -2.371669 0.540125 2.713627
 79.800000 -2.451701 0.527595 0.041937
 80.000000 -2.475856 0.599667 3.417900
 80.200000 -2.485217 0.536318 0.952660
 80.400000 -2.400073 0.510434 1.027927
 80.600000 -2.422195 0.618640 4.742495
 80.800000 -2.412818 0.510713 0.552504
 81.000000 -2.432142 0.491253 0.587195
 81.200000 -2.455268 0.520222 0.075405
 81.400000 -2.417527 0.607058 3.818967
 81.600000 -2.392680 0.426443 6.008950
 81.800000 -2.497865 0.486939 2.151877
 82.000000 -2.432921 0.538141 0.161283
 82.200000 -2.388953 0.520892 1.489220
 82.400000 -2.379106 0.501446 2.316135
 82.600000 -2.508519 0.596730 4.790349
 82.800000 -2.415775 0.567954 1.366939
 83.000000 -2.441327 0.505688 0.162684
 83.200000 -2.412874 0.556669 1.014597
 83.400000 -2.505776 0.495919 2.324686
 83.600000 -2.493716 0.505032 1.435153
 83.800000 -2.347377 0.471771 5.959151
 84.000000 -2.411422 0.629001 6.068024
 84.200000 -2.527385 0.537144 3.613325
 84.400000 -2.396150 0.373334 12.408919
 84.600000 -2.362939 0.560406 3.919294
 84.800000 -2.472941 0.562730 1.200175
 85.000000 -2.487405 0.489768 1.537817
 85.200000 -2.462911 0.521418 0.191522
 85.400000 -2.379068 0.507480 2.203098
 85.600000 -2.407925 0.529047 0.646253
 85.800000 -2.384851 0.516226 1.744760
 86.000000 -2.475425 0.482514 1.354803
 86.200000 -2.509192 0.565600 3.042322
 86.400000 -2.404132 0.523480 0.773399
 86.600000 -2.321361 0.555627 7.967071
 86.800000 -2.473048 0.480538 1.364787
 87.000000 -2.432405 0.571670 1.216514
 87.200000 -2.413019 0.577707 1.927183
 87.400000 -2.496295 0.487501 2.047260
 87.600000 -2.427683 0.505759 0.283599
 87.800000 -2.416279 0.499111 0.669241
 88.000000 -2.390609 0.433377 5.466622
 88.200000 -2.423782 0.560708 0.882188
 88.400000 -2.460951 0.506075 0.306483
 88.600000 -2.408322 0.500322 0.888276
 88.800000 -2.375569 0.513767 2.352958
 89.000000 -2.364374 0.502968 3.340189
 89.200000 -2.411973 0.535988 0.572502
 89.400000 -2.529894 0.386326 13.157237
 89.600000 -2.348826 0.550785 4.847413
 89.800000 -2.336801 0.500065 5.965146
 90.000000 -2.477093 0.409837 7.036430
 90.200000 -2.452523 0.472530 1.345060
 90.400000 -2.365608 0.515608 3.062501
 90.600000 -2.389429 0.517667 1.477310
 90.800000 -2.382404 0.507581 1.992247
 91.000000 -2.449938 0.417937 5.603212
 91.200000 -2.419902 0.491973 0.777615
 91.400000 -2.365317 0.539289 3.176317
 91.600000 -2.420235 0.488708 0.878410
 91.800000 -2.394177 0.445941 4.229838
 92.000000 -2.408270 0.475440 1.778845
 92.200000 -2.408077 0.508803 0.735480
 92.400000 -2.450458 0.597573 2.760611
 92.600000 -2.434580 0.464568 1.781729
 92.800000 -2.442089 0.460637 1.983037
 93.000000 -2.339685 0.611502 9.248236
 93.200000 -2.445564 0.527100 0.008339
 93.400000 -2.460544 0.493420 0.601294
 93.600000 -2.421613 0.585142 2.132480
 93.800000 -2.457394 0.500107 0.373010
 94.000000 -2.451099 0.567940 1.012241
 94.200000 -2.374266 0.585443 4.306371
 94.400000 -2.480479 0.483983 1.469894
 94.600000 -2.497714 0.539004 1.590351
 94.800000 -2.391903 0.568462 2.335472
 95.000000 -2.449112 0.579673 1.588145
 95.200000 -2.450171 0.575324 1.360274
 95.400000 -2.514250 0.582386 4.233508
 95.600000 -2.410088 0.526369 0.560709
 95.800000 -2.427368 0.594251 2.625335
 96.000000 -2.476730 0.562723 1.318751
 96.200000 -2.539110 0.518159 4.589191
 96.400000 -2.452641 0.604347 3.302304
 96.600000 -2.406807 0.588133 2.754091
 96.800000 -2.527849 0.542522 3.739696
 97.000000 -2.461670 0.533161 0.211501
 97.200000 -2.419798 0.532654 0.320972
 97.400000 -2.449562 0.570494 1.118192
 97.600000 -2.505382 0.549808 2.260577
 97.800000 -2.453802 0.511585 0.125637
 98.000000 -2.490283 0.529612 1.114224
 98.200000 -2.418899 0.556302 0.836389
 98.400000 -2.412743 0.603527 3.666092
 98.600000 -2.482387 0.564615 1.598798
 98.800000 -2.489603 0.517472 1.083289
 99.000000 -2.480945 0.524206 0.702693
 99.200000 -2.502476 0.515984 1.770356
 99.400000 -2.435581 0.566945 0.970479
 99.600000 -2.450475 0.570368 1.118299
 99.800000 -2.491899 0.503337 1.378411
 100.000000 -2.417644 0.466463 1.965542
 100.200000 -2.359364 0.521099 3.539256
 100.400000 -2.331569 0.575140 7.588151
 100.600000 -2.513300 0.447575 5.328605
 100.800000 -2.463429 0.541513 0.359820
 101.000000 -2.386218 0.572619 2.839859
 101.200000 -2.395143 0.530134 1.188659
 101.400000 -2.398917 0.519175 1.001877
 101.600000 -2.428111 0.445733 3.149320
 101.800000 -2.482968 0.402337 8.132643
 102.000000 -2.393465 0.542357 1.425732
 102.200000 -2.413604 0.542691 0.627979
 102.400000 -2.441875 0.497232 0.348862
 102.600000 -2.453397 0.501972 0.283226
 102.800000 -2.449762 0.530552 0.044023
 103.000000 -2.354281 0.516477 4.001912
 103.200000 -2.503308 0.489741 2.364026
 103.400000 -2.447974 0.489222 0.601076
 103.600000 -2.369376 0.552083 3.149946
 103.800000 -2.430973 0.557463 0.651362
 104.000000 -2.453030 0.552528 0.464237
 104.200000 -2.439745 0.463087 1.837736
 104.400000 -2.352891 0.445889 7.120805
 104.600000 -2.327530 0.501380 6.966798
 104.800000 -2.422491 0.572775 1.429029
 105.000000 -2.530410 0.491158 4.306299
 105.200000 -2.340622 0.556983 5.845164
 105.400000 -2.369753 0.539090 2.836387
 105.600000 -2.358381 0.528355 3.630623
 105.800000 -2.449110 0.476470 1.126512
 106.000000 -2.408746 0.555825 1.121830
 106.200000 -2.447855 0.545858 0.257400
 106.400000 -2.310472 0.478812 9.846007
 106.600000 -2.413885 0.496476 0.805195
 106.800000 -2.446470 0.499584 0.292884
 107.000000 -2.491405 0.473247 2.416961
 107.200000 -2.361776 0.495930 3.718994
 107.400000 -2.404154 0.535393 0.842078
 107.600000 -2.521753 0.523542 3.064857
 107.800000 -2.461287 0.511204 0.235705
 108.000000 -2.372963 0.512722 2.544108
 108.200000 -2.361561 0.565424 4.228436
 108.400000 -2.466686 0.497224 0.617520
 108.600000 -2.488247 0.494534 1.425294
 108.800000 -2.377173 0.561418 2.912192
 109.000000 -2.360392 0.595968 6.068908
 109.200000 -2.416250 0.543198 0.562277
 109.400000 -2.522284 0.531051 3.134285
 109.600000 -2.516799 0.421484 7.902968
 109.800000 -2.399584 0.583468 2.754743
 110.000000 -2.372657 0.520010 2.513032
 110.200000 -2.468202 0.498444 0.622448
 110.400000 -2.472414 0.635768 6.710101
 110.600000 -2.440123 0.578674 1.522199
 110.800000 -2.378457 0.573749 3.370322
 111.000000 -2.482990 0.485375 1.511812
 111.200000 -2.499799 0.506621 1.731132
 111.400000 -2.381031 0.591233 4.235920
 111.600000 -2.410544 0.558878 1.164053
 111.800000 -2.452427 0.499005 0.342630
 112.000000 -2.458226 0.551638 0.502089
 112.200000 -2.345958 0.519149 4.763351
 112.400000 -2.424281 0.529389 0.200704
 112.600000 -2.469454 0.541962 0.506413
 112.800000 -2.442780 0.539597 0.128211
 113.000000 -2.465097 0.524975 0.235005
 113.200000 -2.425841 0.594495 2.668358
 113.400000 -2.450763 0.543743 0.229562
 113.600000 -2.443595 0.533937 0.053444
 113.800000 -2.484059 0.419224 6.271110
 114.000000 -2.414493 0.502328 0.645788
 114.200000 -2.366042 0.543869 3.202303
 114.400000 -2.376441 0.518545 2.258598
 114.600000 -2.473886 0.482553 1.305226
 114.800000 -2.390406 0.491307 1.928815
 115.000000 -2.431561 0.643179 7.220515
 115.200000 -2.491713 0.534871 1.227675
 115.400000 -2.420008 0.425362 5.100256
 115.600000 -2.365700 0.520717 3.027566
 115.800000 -2.429117 0.551771 0.499721
 116.000000 -2.513306 0.573868 3.702649
 116.200000 -2.415226 0.495263 0.800060
 116.400000 -2.449215 0.501650 0.257431
 116.600000 -2.394688 0.568647 2.204073
 116.800000 -2.446301 0.549750 0.345984
 117.000000 -2.519409 0.484356 3.654029
 117.200000 -2.407026 0.541607 0.825889
 117.400000 -2.399564 0.606541 4.403136
 117.600000 -2.446560 0.568618 1.018175
 117.800000 -2.478026 0.509928 0.690805
 118.000000 -2.534518 0.544580 4.365845
 118.200000 -2.450252 0.562703 0.787641
 118.400000 -2.369676 0.487406 3.377072
 118.600000 -2.510420 0.529523 2.259326
 118.800000 -2.462896 0.572380 1.378661
 119.000000 -2.400587 0.596266 3.559333
 119.200000 -2.456205 0.490653 0.623918
 119.400000 -2.364040 0.576927 4.575853
 119.600000 -2.440650 0.602684 3.131224
 119.800000 -2.513593 0.474398 3.669607
 120.000000 -2.403112 0.534633 0.874885
 120.200000 -2.386869 0.576225 2.986072
 120.400000 -2.488612 0.528294 1.030312
 120.600000 -2.497383 0.489874 2.022484
 120.800000 -2.495120 0.574574 2.633528
 121.000000 -2.385016 0.536605 1.792507
 121.200000 -2.506680 0.583622 3.799695
 121.400000 -2.459593 0.535211 0.197550
 121.600000 -2.483067 0.518700 0.796308
 121.800000 -2.477880 0.509897 0.686222
 122.000000 -2.452716 0.690156 13.913420
 122.200000 -2.439539 0.478518 1.023822
 122.400000 -2.375153 0.483528 3.135823
 122.600000 -2.438604 0.617081 4.381224
 122.800000 -2.451382 0.573934 1.298210
 123.000000 -2.456803 0.479657 1.054430
 123.200000 -2.435124 0.545652 0.277925
 123.400000 -2.535265 0.617252 8.599447
 123.600000 -2.367265 0.561925 3.637403
 123.800000 -2.413497 0.615901 4.708787
 124.000000 -2.541224 0.576934 6.201180
 124.200000 -2.479205 0.573015 1.859814
 124.400000 -2.429399 0.604143 3.342546
 124.600000 -2.438927 0.593442 2.449317
 124.800000 -2.527454 0.569752 4.592430
 125.000000 -2.508912 0.552057 2.546868
 125.200000 -2.424241 0.592097 2.530692
 125.400000 -2.406145 0.501503 0.940345
 125.600000 -2.481288 0.509206 0.819014
 125.800000 -2.445925 0.546883 0.274117
 126.000000 -2.469718 0.546187 0.599821
 126.200000 -2.446391 0.586935 2.010012
 126.400000 -2.482350 0.575523 2.104253
 126.600000 -2.479004 0.522874 0.631913
 126.800000 -2.411936 0.478995 1.491656
 127.000000 -2.396354 0.613422 5.143641
 127.200000 -2.484377 0.566203 1.744606
 127.400000 -2.519432 0.466398 4.521773
 127.600000 -2.421472 0.517472 0.260517
 127.800000 -2.336116 0.613829 9.832263
 128.000000 -2.448126 0.503425 0.214377
 128.200000 -2.549081 0.486730 6.257429
 128.400000 -2.460032 0.505994 0.292252
 128.600000 -2.382032 0.466521 3.515694
 128.800000 -2.410388 0.545507 0.786896
 129.000000 -2.454131 0.541612 0.219167
 129.200000 -2.403392 0.478222 1.832286
 129.400000 -2.381540 0.482564 2.758997
 129.600000 -2.376456 0.562314 2.994241
 129.800000 -2.431225 0.549962 0.422376
 130.000000 -2.424202 0.444395 3.322113
 130.200000 -2.355709 0.462380 5.724081
 130.400000 -2.403911 0.456230 3.051378
 130.600000 -2.396212 0.477615 2.173495
 130.800000 -2.374695 0.495459 2.760330
 131.000000 -2.430351 0.554741 0.570850
 131.200000 -2.400197 0.520004 0.942330
 131.400000 -2.311628 0.510608 8.774320
 131.600000 -2.431039 0.495443 0.473543
 131.800000 -2.451061 0.475473 1.186930
 132.000000 -2.420523 0.473483 1.518870
 132.200000 -2.336372 0.485456 6.461421
 132.400000 -2.390500 0.516242 1.429511
 132.600000 -2.408041 0.481200 1.526107
 132.800000 -2.406092 0.594628 3.220772
 133.000000 -2.421316 0.464137 2.013071
 133.200000 -2.365589 0.452193 5.581411
 133.400000 -2.398990 0.564414 1.821737
 133.600000 -2.463497 0.489181 0.793027
 133.800000 -2.364479 0.448387 5.947516
 134.000000 -2.416334 0.514950 0.405340
 134.200000 -2.418487 0.474931 1.496143
 134.400000 -2.439528 0.495159 0.412141
 134.600000 -2.375881 0.522069 2.284675
 134.800000 -2.404208 0.496358 1.141422
 135.000000 -2.421286 0.423669 5.238872
 135.200000 -2.395712 0.533762 1.191623
 135.400000 -2.406853 0.555424 1.176480
 135.600000 -2.410673 0.492459 1.022366
 135.800000 -2.438298 0.534632 0.074197
 136.000000 -2.460696 0.547486 0.433827
 136.200000 -2.430892 0.529077 0.094002
 136.400000 -2.398276 0.518864 1.032038
 136.600000 -2.450972 0.580152 1.627312
 136.800000 -2.498246 0.490776 2.039361
 137.000000 -2.364686 0.472296 4.418749
 137.200000 -2.474351 0.538222 0.584028
 137.400000 -2.397972 0.530393 1.057706
 137.600000 -2.432395 0.571625 1.214493
 137.800000 -2.474781 0.520869 0.494205
 138.000000 -2.480245 0.526387 0.680420
 138.200000 -2.369273 0.539119 2.872329
 138.400000 -2.433703 0.465551 1.732365
 138.600000 -2.513211 0.418892 7.914351
 138.800000 -2.342396 0.524232 5.107293
 139.000000 -2.419517 0.492385 0.773818
 139.200000 -2.443849 0.524841 0.000847
 139.400000 -2.458949 0.550104 0.471193
 139.600000 -2.407988 0.490133 1.189153
 139.800000 -2.432843 0.451786 2.634918
 140.000000 -2.418722 0.525699 0.308212
 140.200000 -2.413277 0.529403 0.472384
 140.400000 -2.420828 0.459779 2.292585
 140.600000 -2.449798 0.500080 0.296657
 140.800000 -2.375579 0.496162 2.680345
 141.000000 -2.464519 0.506340 0.370641
 141.200000 -2.439670 0.497188 0.355947
 141.400000 -2.392528 0.503016 1.508915
 141.600000 -2.450889 0.526807 0.032735
 141.800000 -2.403733 0.456113 3.066333
 142.000000 -2.435003 0.502848 0.251067
 142.200000 -2.379970 0.491494 2.530906
 142.400000 -2.357373 0.543740 3.908375
 142.600000 -2.426964 0.470282 1.557432
 142.800000 -2.438278 0.511826 0.082729
 143.000000 -2.303496 0.493908 10.235865
 143.200000 -2.453186 0.524430 0.047636
 143.400000 -2.425553 0.438244 3.803029
 143.600000 -2.390356 0.423085 6.461595
 143.800000 -2.397071 0.482143 1.935283
 144.000000 -2.420668 0.544603 0.480344
 144.200000 -2.357276 0.463445 5.523145
 144.400000 -2.392141 0.417348 6.961489
 144.600000 -2.448716 0.495658 0.404147
 144.800000 -2.412681 0.562833 1.243358
 145.000000 -2.430364 0.436521 3.877056
 145.200000 -2.460461 0.455069 2.492638
 145.400000 -2.388571 0.527637 1.514633
 145.600000 -2.356690 0.517428 3.783621
 145.800000 -2.424968 0.540723 0.317605
 146.000000 -2.441423 0.475748 1.146943
 146.200000 -2.376154 0.518553 2.277859
 146.400000 -2.380941 0.505526 2.117665
 146.600000 -2.374619 0.493187 2.832003
 146.800000 -2.448565 0.465998 1.671965
 147.000000 -2.415231 0.450884 3.042204
 147.200000 -2.409085 0.574622 1.892537
 147.400000 -2.377928 0.550450 2.507746
 147.600000 -2.409797 0.475026 1.746295
 147.800000 -2.360825 0.524543 3.414798
 148.000000 -2.464248 0.522162 0.217092
 148.200000 -2.426827 0.451633 2.727893
 148.400000 -2.359643 0.484471 4.278186
 148.600000 -2.384408 0.549140 2.069784
 148.800000 -2.475603 0.516001 0.545424
 149.000000 -2.416174 0.491947 0.873215
 149.200000 -2.429962 0.515108 0.127164
 149.400000 -2.394155 0.454958 3.571299
 149.600000 -2.324570 0.425133 11.915291
 149.800000 -2.373925 0.605413 5.764439
 150.000000 -2.440744 0.528587 0.016133
 150.200000 -2.407403 0.532019 0.685551
 150.400000 -2.357652 0.506890 3.821210
 150.600000 -2.457361 0.495260 0.498145
 150.800000 -2.353534 0.534235 4.100027
 151.000000 -2.441711 0.492960 0.470904
 151.200000 -2.455907 0.501070 0.331232
 151.400000 -2.430556 0.573643 1.335465
 151.600000 -2.460341 0.513759 0.190872
 151.800000 -2.376294 0.551599 2.647670
 152.000000 -2.527888 0.539260 3.686618
 152.200000 -2.476987 0.475050 1.740466
 152.400000 -2.422599 0.625978 5.458367
 152.600000 -2.432380 0.577630 1.521077
 152.800000 -2.496449 0.469304 2.877792
 153.000000 -2.459853 0.587130 2.152460
 153.200000 -2.486929 0.576867 2.363524
 153.400000 -2.407755 0.501515 0.881306
 153.600000 -2.500530 0.563941 2.442214
 153.800000 -2.501903 0.525527 1.709570
 154.000000 -2.498881 0.525562 1.537603
 154.200000 -2.466152 0.544157 0.468755
 154.400000 -2.444133 0.643495 7.187734
 154.600000 -2.486895 0.613494 4.983819
 154.800000 -2.446073 0.547130 0.280265
 155.000000 -2.434531 0.570249 1.127998
 155.200000 -2.486557 0.555111 1.425125
 155.400000 -2.467034 0.518360 0.291563
 155.600000 -2.438010 0.676996 11.780203
 155.800000 -2.588189 0.596961 13.164129
 156.000000 -2.491535 0.548446 1.464261
 156.200000 -2.415681 0.572367 1.575041
 156.400000 -2.491238 0.556606 1.686093
 156.600000 -2.524975 0.588360 5.419274
 156.800000 -2.516858 0.644114 9.955453
 157.000000 -2.420390 0.595627 2.860146
 157.200000 -2.442005 0.590224 2.220515
 157.400000 -2.582360 0.577632 11.106293
 157.600000 -2.468771 0.532048 0.355994
 157.800000 -2.365954 0.600587 5.967314
 158.000000 -2.515151 0.617664 6.993929
 158.200000 -2.484915 0.616690 5.192251
 158.400000 -2.440121 0.548240 0.309174
 158.600000 -2.468039 0.495724 0.690539
 158.800000 -2.428148 0.580427 1.731993
 159.000000 -2.449586 0.532083 0.054746
 159.200000 -2.482720 0.533744 0.822093
 159.400000 -2.420849 0.594871 2.795499
 159.600000 -2.435741 0.640281 6.837186
 159.800000 -2.539935 0.577164 6.088203
 160.000000 -2.393238 0.558299 1.863209
 160.200000 -2.458745 0.518116 0.131835
 160.400000 -2.470301 0.540284 0.499386
 160.600000 -2.452055 0.537008 0.126837
 160.800000 -2.392191 0.515146 1.350024
 161.000000 -2.461544 0.542250 0.337443
 161.200000 -2.460537 0.521079 0.148967
 161.400000 -2.430777 0.576601 1.485067
 161.600000 -2.412701 0.518485 0.486176
 161.800000 -2.431523 0.510662 0.154938
 162.000000 -2.508155 0.573483 3.336872
 162.200000 -2.403916 0.600220 3.717300
 162.400000 -2.389136 0.557721 2.057747
 162.600000 -2.435146 0.487695 0.679121
 162.800000 -2.475110 0.467754 2.060114
 163.000000 -2.395455 0.536633 1.237241
 163.200000 -2.420598 0.568156 1.254033
 163.400000 -2.529726 0.459078 5.802315
 163.600000 -2.426557 0.612313 4.078015
 163.800000 -2.322771 0.472447 8.591307
 164.000000 -2.422530 0.572849 1.431854
 164.200000 -2.547800 0.464739 7.175613
 164.400000 -2.333125 0.527719 6.095494
 164.600000 -2.451888 0.535379 0.104898
 164.800000 -2.475986 0.510103 0.620011
 165.000000 -2.429652 0.509169 0.199449
 165.200000 -2.409407 0.512241 0.644353
 165.400000 -2.449141 0.498861 0.322114
 165.600000 -2.451539 0.507465 0.162775
 165.800000 -2.388762 0.557771 2.079831
 166.000000 -2.340180 0.529317 5.349800
 166.200000 -2.463291 0.509330 0.298408
 166.400000 -2.485014 0.539841 0.995254
 166.600000 -2.363103 0.582531 4.965212
 166.800000 -2.375953 0.432469 6.430997
 167.000000 -2.390180 0.469404 2.887950
 167.200000 -2.496156 0.565030 2.246676
 167.400000 -2.396556 0.580300 2.707525
 167.600000 -2.428290 0.534695 0.176646
 167.800000 -2.470223 0.531969 0.393144
 168.000000 -2.424680 0.489993 0.741041
 168.200000 -2.397221 0.564392 1.901136
 168.400000 -2.353964 0.452017 6.566857
 168.600000 -2.526202 0.481225 4.320802
 168.800000 -2.389779 0.549692 1.781300
 169.000000 -2.454098 0.544230 0.269406
 169.200000 -2.406425 0.564993 1.542543
 169.400000 -2.414184 0.483129 1.247478
 169.600000 -2.429398 0.586582 2.082313
 169.800000 -2.388393 0.480531 2.443649
 170.000000 -2.443601 0.485104 0.740952
 170.200000 -2.400990 0.547186 1.180074
 170.400000 -2.414272 0.519366 0.434964
 170.600000 -2.441180 0.509759 0.098372
 170.800000 -2.443375 0.528015 0.009753
 171.000000 -2.416398 0.546135 0.620143
 171.200000 -2.408331 0.458634 2.727258
 171.400000 -2.361302 0.434506 7.343791
 171.600000 -2.495492 0.534895 1.417398
 171.800000 -2.487871 0.586057 2.936638
 172.000000 -2.394234 0.512357 1.274818
 172.200000 -2.477032 0.451544 3.159460
 172.400000 -2.434694 0.563366 0.829159
 172.600000 -2.408468 0.547819 0.905562
 172.800000 -2.449226 0.475828 1.157644
 173.000000 -2.480522 0.564547 1.525148
 173.200000 -2.492575 0.572881 2.420464
 173.400000 -2.453963 0.422714 5.144022
 173.600000 -2.458814 0.459174 2.193162
 173.800000 -2.449730 0.563899 0.831693
 174.000000 -2.434510 0.438906 3.626508
 174.200000 -2.421501 0.539531 0.368046
 174.400000 -2.341523 0.593022 7.605414
 174.600000 -2.445182 0.460801 1.973280
 174.800000 -2.448009 0.454737 2.381336
 175.000000 -2.448151 0.463413 1.822162
 175.200000 -2.404924 0.557982 1.333632
 175.400000 -2.433343 0.547983 0.348487
 175.600000 -2.438415 0.537050 0.103197
 175.800000 -2.449457 0.606794 3.478692
 176.000000 -2.461212 0.523754 0.157562
 176.200000 -2.399473 0.551356 1.352697
 176.400000 -2.414683 0.547420 0.697796
 176.600000 -2.493704 0.500128 1.537651
 176.800000 -2.377674 0.458640 4.273781
 177.000000 -2.411365 0.532119 0.551364
 177.200000 -2.438273 0.501486 0.257937
 177.400000 -2.458092 0.502220 0.335567
 177.600000 -2.431311 0.484545 0.836395
 177.800000 -2.443730 0.471204 1.372626
 178.000000 -2.436266 0.605476 3.377787
 178.200000 -2.448620 0.519600 0.021301
 178.400000 -2.391788 0.474608 2.535046
 178.600000 -2.439240 0.546179 0.263836
 178.800000 -2.416735 0.502273 0.584526
 179.000000 -2.429309 0.556450 0.639725
 179.200000 -2.463016 0.583014 1.956271
 179.400000 -2.423960 0.498717 0.499691
 179.600000 -2.318914 0.521981 7.757329
 179.800000 -2.463208 0.437383 3.911574
 180.000000 -2.423668 0.419309 5.634066
 180.200000 -2.376150 0.509936 2.358726
 180.400000 -2.444260 0.504868 0.175735
 180.600000 -2.379215 0.510702 2.146957
 180.800000 -2.388162 0.550809 1.899203
 181.000000 -2.450436 0.531370 0.054523
 181.200000 -2.465864 0.506826 0.391610
 181.400000 -2.338118 0.508348 5.664875
 181.600000 -2.378611 0.506023 2.257200
 181.800000 -2.504027 0.503392 2.038260
 182.000000 -2.441903 0.442248 3.310220
 182.200000 -2.303780 0.526838 9.760653
 182.400000 -2.344761 0.459222 6.943017
 182.600000 -2.475922 0.508477 0.641196
 182.800000 -2.438549 0.512682 0.071651
 183.000000 -2.363913 0.506884 3.303598
 183.200000 -2.429535 0.448431 2.922063
 183.400000 -2.490275 0.456560 3.342928
 183.600000 -2.292284 0.509047 11.533133
 183.800000 -2.392712 0.489774 1.859808
 184.000000 -2.447560 0.501501 0.252555
 184.200000 -2.397575 0.506217 1.203828
 184.400000 -2.424461 0.504157 0.369484
 184.600000 -2.433781 0.519932 0.053578
 184.800000 -2.388855 0.508747 1.601172
 185.000000 -2.449952 0.443931 3.194552
 185.200000 -2.448484 0.479100 1.002699
 185.400000 -2.390182 0.456572 3.665606
 185.600000 -2.314909 0.398259 16.117858
 185.800000 -2.384713 0.521076 1.728856
 186.000000 -2.437533 0.468626 1.528560
 186.200000 -2.398645 0.512091 1.070469
 186.400000 -2.404409 0.631968 6.634447
 186.600000 -2.411642 0.489990 1.071028
 186.800000 -2.431560 0.427871 4.652718
 187.000000 -2.341291 0.501509 5.463357
 187.200000 -2.425322 0.476095 1.292828
 187.400000 -2.403764 0.509471 0.887737
 187.600000 -2.393250 0.522851 1.260828
 187.800000 -2.380921 0.436200 5.774906
 188.000000 -2.436481 0.477887 1.069162
 188.200000 -2.380671 0.559824 2.627400
 188.400000 -2.419828 0.502748 0.496617
 188.600000 -2.525174 0.483324 4.149528
 188.800000 -2.426607 0.572170 1.321629
 189.000000 -2.376428 0.628457 7.744384
 189.200000 -2.496965 0.516796 1.454456
 189.400000 -2.449853 0.520586 0.024971
 189.600000 -2.448260 0.491200 0.536369
 189.800000 -2.448091 0.585293 1.913817
 190.000000 -2.392597 0.489931 1.860308
 190.200000 -2.552026 0.571521 7.041443
 190.400000 -2.435208 0.611907 3.933260
 190.600000 -2.483432 0.513037 0.854604
 190.800000 -2.519393 0.583825 4.696471
 191.000000 -2.471831 0.569520 1.456826
 191.200000 -2.428600 0.448463 2.933102
 191.400000 -2.443529 0.632513 5.931181
 191.600000 -2.526710 0.676249 15.116228
 191.800000 -2.439904 0.488964 0.606095
 192.000000 -2.391768 0.496143 1.713020
 192.200000 -2.509022 0.625987 7.390850
 192.400000 -2.409922 0.517638 0.580186
 192.600000 -2.375995 0.509922 2.369342
 192.800000 -2.513360 0.587328 4.473639
 193.000000 -2.434982 0.491124 0.563245
 193.200000 -2.392462 0.495338 1.699811
 193.400000 -2.364667 0.585321 5.009011
 193.600000 -2.450680 0.450478 2.699387
 193.800000 -2.509144 0.527704 2.165546
 194.000000 -2.404977 0.619585 5.347224
 194.200000 -2.428002 0.534060 0.174206
 194.400000 -2.424380 0.518723 0.193935
 194.600000 -2.429044 0.544599 0.324440
 194.800000 -2.435095 0.563307 0.823361
 195.000000 -2.449766 0.508710 0.130714
 195.200000 -2.429999 0.526258 0.094149
 195.400000 -2.465918 0.599448 3.128711
 195.600000 -2.484880 0.514703 0.897350
 195.800000 -2.449214 0.572834 1.228621
 196.000000 -2.450549 0.616512 4.341542
 196.200000 -2.408083 0.553793 1.081628
 196.400000 -2.421576 0.463414 2.050559
 196.600000 -2.425609 0.517420 0.178424
 196.800000 -2.533368 0.564897 4.894440
 197.000000 -2.384472 0.629884 7.388092
 197.200000 -2.408571 0.510032 0.700681
 197.400000 -2.464288 0.536492 0.300005
 197.600000 -2.494217 0.553796 1.744043
 197.800000 -2.491914 0.572246 2.357079
 198.000000 -2.421940 0.567010 1.173843
 198.200000 -2.460404 0.569103 1.178826
 198.400000 -2.491234 0.601555 4.179728
 198.600000 -2.479142 0.557648 1.216240
 198.800000 -2.370589 0.592465 5.026429
 199.000000 -2.515814 0.510200 2.707218
 199.200000 -2.478081 0.517400 0.618490
 199.400000 -2.498073 0.572758 2.699597
 199.600000 -2.393335 0.643315 8.422293
 199.800000 -2.462426 0.512049 0.246533
 200.000000 -2.510551 0.521677 2.252390
