#! FIELDS time phi psi restraint.bias
#! SET min_phi -pi
#! SET max_phi pi
#! SET min_psi -pi
#! SET max_psi pi
 0.000000 1.270464 -0.435508 146.802467
 0.200000 1.691277 -0.157898 1.599194
 0.400000 1.747814 -0.149740 0.310432
 0.600000 1.654557 -0.230953 5.711430
 0.800000 1.596932 -0.127386 12.122368
 1.000000 1.667425 -0.129777 4.036105
 1.200000 1.751540 -0.133088 0.878135
 1.400000 1.666872 -0.192338 3.236307
 1.600000 1.609061 -0.251320 12.232686
 1.800000 1.746547 -0.233691 1.750596
 2.000000 1.741450 -0.199817 0.327174
 2.200000 1.663320 -0.127798 4.454856
 2.400000 1.625409 -0.152515 7.432834
 2.600000 1.758437 -0.185844 0.149883
 2.800000 1.659909 -0.192510 3.809887
 3.000000 1.704168 -0.259390 4.447446
 3.200000 1.732180 -0.126045 1.261967
 3.400000 1.655364 -0.099935 6.829306
 3.600000 1.643075 -0.128039 6.308797
 3.800000 1.645680 -0.186886 5.041298
 4.000000 1.718991 -0.253446 3.460509
 4.200000 1.761223 -0.194294 0.321570
 4.400000 1.634795 -0.173356 6.109637
 4.600000 1.586707 -0.164198 12.633923
 4.800000 1.741407 -0.186139 0.075041
 5.000000 1.809227 -0.160627 2.138160
 5.200000 1.669660 -0.128726 3.912036
 5.400000 1.659643 -0.164437 3.722054
 5.600000 1.708544 -0.198231 0.957375
 5.800000 1.709746 -0.167535 0.657568
 6.000000 1.739651 -0.153967 0.227596
 6.200000 1.500127 -0.222761 31.225160
 6.400000 1.615483 -0.175886 8.430898
 6.600000 1.775225 -0.197766 0.716760
 6.800000 1.698612 -0.221548 2.196483
 7.000000 1.634276 -0.185296 6.224325
 7.200000 1.648029 -0.222249 5.872052
 7.400000 1.765698 -0.208075 0.769986
 7.600000 1.634865 -0.193540 6.281836
 7.800000 1.648870 -0.262159 8.491338
 8.000000 1.773512 -0.220284 1.443707
 8.200000 1.698917 -0.216497 1.957549
 8.400000 1.694527 -0.131767 2.204903
 8.600000 1.643703 -0.159758 5.273096
 8.800000 1.657191 -0.253042 6.966042
 9.000000 1.644668 -0.203094 5.474263
 9.200000 1.672488 -0.197019 2.905741
 9.400000 1.759767 -0.198109 0.382151
 9.600000 1.607367 -0.262203 13.359803
 9.800000 1.609857 -0.201123 9.529867
 10.000000 1.654311 -0.184275 4.189585
 10.200000 1.710295 -0.244478 3.059883
 10.400000 1.705399 -0.244049 3.213450
 10.600000 1.607692 -0.278852 14.913205
 10.800000 1.732236 -0.129021 1.121392
 11.000000 1.695147 -0.172203 1.261826
 11.200000 1.728741 -0.225369 1.429715
 11.400000 1.673950 -0.184507 2.597205
 11.600000 1.704038 -0.143648 1.329438
 11.800000 1.762137 -0.136190 0.876329
 12.000000 1.654124 -0.294197 11.318883
 12.200000 1.636537 -0.252574 8.963093
 12.400000 1.624418 -0.152760 7.546749
 12.600000 1.600677 -0.181227 10.484526
 12.800000 1.656813 -0.294382 11.099479
 13.000000 1.670655 -0.241637 5.039649
 13.200000 1.772977 -0.164843 0.429157
 13.400000 1.702305 -0.279134 6.396254
 13.600000 1.652566 -0.160390 4.402520
 13.800000 1.636513 -0.132548 6.801891
 14.000000 1.735432 -0.266472 4.275402
 14.200000 1.814077 -0.235836 4.242155
 14.400000 1.647938 -0.248269 7.460957
 14.600000 1.624611 -0.219440 8.294734
 14.800000 1.698616 -0.177690 1.096043
 15.000000 1.661485 -0.189018 3.619837
 15.200000 1.679810 -0.169599 2.158548
 15.400000 1.670798 -0.222553 3.930444
 15.600000 1.757514 -0.223298 1.263237
 15.800000 1.717883 -0.223357 1.568569
 16.000000 1.570220 -0.190344 15.456570
 16.200000 1.615926 -0.143951 8.840190
 16.400000 1.710702 -0.207845 1.154389
 16.600000 1.731923 -0.261054 3.832824
 16.800000 1.645437 -0.227972 6.417135
 17.000000 1.652442 -0.199164 4.617399
 17.200000 1.707065 -0.233621 2.477782
 17.400000 1.647470 -0.250216 7.652197
 17.600000 1.712649 -0.192075 0.687843
 17.800000 1.681402 -0.276906 7.283461
 18.000000 1.721187 -0.308821 9.308031
 18.200000 1.625891 -0.113997 8.965114
 18.400000 1.565579 -0.149709 16.463182
 18.600000 1.748807 -0.269661 4.530706
 18.800000 1.700798 -0.253102 4.078044
 19.000000 1.660569 -0.191053 3.728580
 19.200000 1.655524 -0.184710 4.084319
 19.400000 1.642554 -0.103281 7.819784
 19.600000 1.666290 -0.273440 8.014921
 19.800000 1.788024 -0.307474 9.748111
 20.000000 1.806877 -0.173578 1.894490
 20.200000 1.555900 -0.170082 17.951677
 20.400000 1.615121 -0.138285 9.134060
 20.600000 1.665848 -0.121586 4.560297
 20.800000 1.653963 -0.257724 7.634256
 21.000000 1.673028 -0.302383 10.786605
 21.200000 1.671184 -0.215031 3.568855
 21.400000 1.704515 -0.153680 1.050319
 21.600000 1.627940 -0.181134 6.911853
 21.800000 1.687991 -0.198081 1.921113
 22.000000 1.756004 -0.247627 2.728371
 22.200000 1.656033 -0.268674 8.418152
 22.400000 1.664352 -0.175266 3.278892
 22.600000 1.663437 -0.189790 3.469594
 22.800000 1.680751 -0.189669 2.199724
 23.000000 1.704026 -0.192763 1.019137
 23.200000 1.713390 -0.128641 1.563084
 23.400000 1.671191 -0.151280 3.018568
 23.600000 1.659083 -0.159588 3.830880
 23.800000 1.700802 -0.162195 1.067435
 24.000000 1.669280 -0.268406 7.297900
 24.200000 1.680546 -0.206400 2.606209
 24.400000 1.649924 -0.104919 6.974096
 24.600000 1.656721 -0.147955 4.278891
 24.800000 1.732117 -0.230763 1.668196
 25.000000 1.639803 -0.224775 6.830032
 25.200000 1.677526 -0.157507 2.443567
 25.400000 1.621375 -0.160304 7.783613
 25.600000 1.697753 -0.257079 4.538668
 25.800000 1.757663 -0.185327 0.134317
 26.000000 1.643869 -0.116287 6.843444
 26.200000 1.661415 -0.204316 3.964340
 26.400000 1.645036 -0.136567 5.750058
 26.600000 1.606772 -0.113491 11.462159
 26.800000 1.678835 -0.142405 2.726814
 27.000000 1.693543 -0.256394 4.691533
 27.200000 1.704905 -0.236350 2.727690
 27.400000 1.680268 -0.103958 4.606954
 27.600000 1.629201 -0.125959 7.922631
 27.800000 1.667558 -0.201125 3.377727
 28.000000 1.727717 -0.167685 0.178541
 28.200000 1.660150 -0.224221 4.862202
 28.400000 1.601885 -0.202088 10.667748
 28.600000 1.695069 -0.157994 1.399793
 28.800000 1.663531 -0.291964 10.240521
 29.000000 1.795245 -0.286596 7.524853
 29.200000 1.720627 -0.186740 0.379594
 29.400000 1.650329 -0.112285 6.449908
 29.600000 1.682913 -0.140953 2.511687
 29.800000 1.653970 -0.175015 4.173369
 30.000000 1.763078 -0.260919 3.888794
 30.200000 1.693219 -0.223681 2.565484
 30.400000 1.635189 -0.153276 6.291402
 30.600000 1.623735 -0.123174 8.711479
 30.800000 1.634891 -0.096552 9.138825
 31.000000 1.852320 -0.184565 5.773820
 31.200000 1.680847 -0.250523 4.966225
 31.400000 1.588487 -0.176337 12.301415
 31.600000 1.709980 -0.134001 1.446229
 31.800000 1.646215 -0.095401 8.042792
 32.000000 1.644680 -0.166158 5.100191
 32.200000 1.756542 -0.272763 4.887469
 32.400000 1.712502 -0.161557 0.622996
 32.600000 1.645979 -0.106089 7.277467
 32.800000 1.658957 -0.156730 3.888564
 33.000000 1.662730 -0.143793 3.883816
 33.200000 1.682951 -0.150574 2.232542
 33.400000 1.739689 -0.205223 0.486860
 33.600000 1.692728 -0.148622 1.719148
 33.800000 1.627123 -0.108539 9.164004
 34.000000 1.642635 -0.160698 5.368783
 34.200000 1.682028 -0.155767 2.179583
 34.400000 1.750211 -0.255691 3.305191
 34.600000 1.734418 -0.271771 4.787163
 34.800000 1.679403 -0.222122 3.305455
 35.000000 1.625711 -0.213524 7.914418
 35.200000 1.708086 -0.131367 1.625212
 35.400000 1.685106 -0.219129 2.807863
 35.600000 1.630577 -0.212600 7.308632
 35.800000 1.763303 -0.111327 2.159032
 36.000000 1.674434 -0.111947 4.471544
 36.200000 1.564846 -0.167743 16.310105
 36.400000 1.756184 -0.250142 2.917245
 36.600000 1.705206 -0.227561 2.210928
 36.800000 1.607293 -0.157109 9.678746
 37.000000 1.699491 -0.149323 1.368335
 37.200000 1.756852 -0.248831 2.826468
 37.400000 1.737654 -0.235820 1.907526
 37.600000 1.670047 -0.184781 2.886239
 37.800000 1.591064 -0.136317 12.629104
 38.000000 1.629798 -0.178415 6.681276
 38.200000 1.694430 -0.149469 1.609459
 38.400000 1.710451 -0.195895 0.836398
 38.600000 1.662138 -0.220075 4.497417
 38.800000 1.676627 -0.263283 6.298313
 39.000000 1.647155 -0.102883 7.385927
 39.200000 1.668323 -0.200971 3.314487
 39.400000 1.689113 -0.345921 16.267156
 39.600000 1.700039 -0.290969 7.804242
 39.800000 1.677531 -0.161324 2.385546
 40.000000 1.704250 -0.145431 1.267205
 40.200000 1.613538 -0.240623 10.868479
 40.400000 1.708749 -0.181995 0.696894
 40.600000 1.710848 -0.181193 0.616656
 40.800000 1.622603 -0.225814 8.845789
 41.000000 1.652552 -0.152259 4.551880
 41.200000 1.574433 -0.072008 19.858479
 41.400000 1.665766 -0.188435 3.261784
 41.600000 1.735116 -0.255759 3.350968
 41.800000 1.752382 -0.205358 0.499956
 42.000000 1.667928 -0.137490 3.681559
 42.200000 1.627780 -0.239257 9.003513
 42.400000 1.720190 -0.145798 0.728836
 42.600000 1.738625 -0.204269 0.464595
 42.800000 1.626280 -0.133107 7.944417
 43.000000 1.599645 -0.150053 10.911574
 43.200000 1.684134 -0.223640 3.078221
 43.400000 1.738276 -0.175007 0.024989
 43.600000 1.718529 -0.175475 0.359574
 43.800000 1.604556 -0.245613 12.434721
 44.000000 1.603231 -0.177393 10.100109
 44.200000 1.664269 -0.155012 3.475941
 44.400000 1.699502 -0.163946 1.106117
 44.600000 1.672746 -0.167997 2.655500
 44.800000 1.660610 -0.168549 3.606621
 45.000000 1.684923 -0.164545 1.874334
 45.200000 1.688905 -0.116857 3.255114
 45.400000 1.676977 -0.099612 5.142610
 45.600000 1.619170 -0.203077 8.365515
 45.800000 1.706383 -0.233378 2.489777
 46.000000 1.718099 -0.085334 4.349002
 46.200000 1.663361 -0.185113 3.415334
 46.400000 1.640364 -0.213951 6.285698
 46.600000 1.698561 -0.141773 1.630233
 46.800000 1.722679 -0.227018 1.633834
 47.000000 1.623614 -0.223172 8.590156
 47.200000 1.644002 -0.114540 6.933161
 47.400000 1.754334 -0.178882 0.050007
 47.600000 1.673112 -0.228814 4.080845
 47.800000 1.661046 -0.147741 3.910757
 48.000000 1.672515 -0.093772 5.912139
 48.200000 1.656006 -0.161538 4.073729
 48.400000 1.688928 -0.195475 1.809837
 48.600000 1.658766 -0.124380 5.004228
 48.800000 1.668167 -0.251539 5.941964
 49.000000 1.704901 -0.105841 3.176520
 49.200000 1.686179 -0.051727 9.289982
 49.400000 1.639555 -0.242271 7.888286
 49.600000 1.619802 -0.193277 8.054260
 49.800000 1.752456 -0.093830 3.281874
 50.000000 1.748479 -0.137650 0.685148
 50.200000 1.617735 -0.156643 8.300203
 50.400000 1.638079 -0.181502 5.775636
 50.600000 1.718857 -0.232689 2.041454
 50.800000 1.674792 -0.209824 3.110486
 51.000000 1.649935 -0.160535 4.648014
 51.200000 1.689461 -0.181056 1.581907
 51.400000 1.649733 -0.187078 4.647987
 51.600000 1.612966 -0.095542 11.879768
 51.800000 1.722297 -0.135327 1.033808
 52.000000 1.716219 -0.252768 3.484074
 52.200000 1.643059 -0.193110 5.402128
 52.400000 1.743389 -0.090710 3.515063
 52.600000 1.679460 -0.169622 2.181464
 52.800000 1.572041 -0.207117 15.545312
 53.000000 1.730290 -0.196509 0.354566
 53.200000 1.780679 -0.116228 2.324551
 53.400000 1.586875 -0.137283 13.247592
 53.600000 1.596469 -0.117715 12.693806
 53.800000 1.686874 -0.184955 1.762834
 54.000000 1.735109 -0.253145 3.142120
 54.200000 1.696715 -0.155561 1.361642
 54.400000 1.656221 -0.101033 6.671298
 54.600000 1.623774 -0.205428 7.865108
 54.800000 1.653869 -0.225179 5.465030
 55.000000 1.700593 -0.238753 3.062734
 55.200000 1.725973 -0.226597 1.542659
 55.400000 1.662264 -0.198540 3.738110
 55.600000 1.655950 -0.173910 3.994483
 55.800000 1.711232 -0.218480 1.546986
 56.000000 1.676079 -0.178610 2.406125
 56.200000 1.656849 -0.189087 4.020256
 56.400000 1.649878 -0.213372 5.309662
 56.600000 1.699425 -0.093194 4.361638
 56.800000 1.686232 -0.224796 3.009432
 57.000000 1.588273 -0.280074 17.902669
 57.200000 1.672195 -0.210089 3.306438
 57.400000 1.748651 -0.150828 0.286473
 57.600000 1.693072 -0.184553 1.415593
 57.800000 1.556869 -0.192961 17.928396
 58.000000 1.565991 -0.139449 16.696543
 58.200000 1.713557 -0.191461 0.648008
 58.400000 1.741112 -0.286170 6.240310
 58.600000 1.699068 -0.229208 2.564722
 58.800000 1.720465 -0.147833 0.665542
 59.000000 1.665664 -0.135754 3.925124
 59.200000 1.637907 -0.170956 5.776125
 59.400000 1.767237 -0.285720 6.421294
 59.600000 1.696589 -0.184080 1.233369
 59.800000 1.615919 -0.106434 10.692261
 60.000000 1.738044 -0.115395 1.775154
 60.200000 1.697935 -0.251177 4.060265
 60.400000 1.585133 -0.291067 19.621600
 60.600000 1.660473 -0.169288 3.614088
 60.800000 1.733745 -0.090277 3.616614
 61.000000 1.682637 -0.192807 2.132150
 61.200000 1.635726 -0.205541 6.487211
 61.400000 1.636774 -0.178502 5.899950
 61.600000 1.657548 -0.174264 3.852854
 61.800000 1.695066 -0.148448 1.603428
 62.000000 1.632163 -0.129152 7.432964
 62.200000 1.589345 -0.158268 12.297760
 62.400000 1.740786 -0.172729 0.011949
 62.600000 1.756764 -0.245972 2.617112
 62.800000 1.648195 -0.177206 4.721099
 63.000000 1.576207 -0.130526 15.269424
 63.200000 1.724611 -0.180789 0.234192
 63.400000 1.760401 -0.146725 0.500215
 63.600000 1.662364 -0.147161 3.816211
 63.800000 1.610198 -0.195942 9.359396
 64.000000 1.701901 -0.198254 1.224355
 64.200000 1.725846 -0.076344 5.010331
 64.400000 1.628955 -0.162808 6.840168
 64.600000 1.660212 -0.281970 9.393879
 64.800000 1.737857 -0.154925 0.220164
 65.000000 1.712718 -0.114946 2.307026
 65.200000 1.615180 -0.218224 9.423859
 65.400000 1.672486 -0.228578 4.113515
 65.600000 1.756265 -0.164746 0.107685
 65.800000 1.740297 -0.285680 6.189493
 66.000000 1.647423 -0.153881 5.006033
 66.200000 1.588121 -0.095144 15.508549
 66.400000 1.640058 -0.207246 6.076135
 66.600000 1.684965 -0.173012 1.823094
 66.800000 1.718567 -0.167816 0.380673
 67.000000 1.722042 -0.182667 0.304221
 67.200000 1.602391 -0.224343 11.456154
 67.400000 1.633588 -0.177179 6.246529
 67.600000 1.705354 -0.112645 2.714051
 67.800000 1.664197 -0.219419 4.298587
 68.000000 1.589741 -0.238838 14.171505
 68.200000 1.706788 -0.188774 0.844105
 68.400000 1.789689 -0.154733 1.179923
 68.600000 1.619443 -0.244469 10.369219
 68.800000 1.675069 -0.232533 4.150208
 69.000000 1.741871 -0.178688 0.014610
 69.200000 1.718597 -0.193250 0.532489
 69.400000 1.698196 -0.145692 1.526670
 69.600000 1.609415 -0.088743 12.916268
 69.800000 1.607844 -0.117866 11.056634
 70.000000 1.694427 -0.147638 1.657193
 70.200000 1.708946 -0.193959 0.850566
 70.400000 1.688725 -0.200401 1.936601
 70.600000 1.686276 -0.111357 3.739230
 70.800000 1.689770 -0.142618 2.052712
 71.000000 1.572423 -0.218854 15.930558
 71.200000 1.639853 -0.170914 5.569200
 71.400000 1.721134 -0.142873 0.793887
 71.600000 1.661021 -0.189230 3.661949
 71.800000 1.627526 -0.167046 6.966794
 72.000000 1.687584 -0.137250 2.362242
 72.200000 1.717856 -0.155536 0.557826
 72.400000 1.682177 -0.202402 2.382454
 72.600000 1.669706 -0.196082 3.091593
 72.800000 1.693263 -0.091001 4.844232
 73.000000 1.744920 -0.125613 1.196647
 73.200000 1.715135 -0.177856 0.461357
 73.400000 1.639443 -0.143109 6.099721
 73.600000 1.739640 -0.183894 0.060001
 73.800000 1.731015 -0.244857 2.575180
 74.000000 1.651425 -0.159020 4.529339
 74.200000 1.710610 -0.110458 2.655522
 74.400000 1.650723 -0.242275 6.769658
 74.600000 1.628909 -0.246776 9.386370
 74.800000 1.703508 -0.102810 3.446566
 75.000000 1.704577 -0.096929 3.841578
 75.200000 1.698196 -0.228309 2.556699
 75.400000 1.592281 -0.165156 11.755869
 75.600000 1.687769 -0.109098 3.797420
 75.800000 1.803039 -0.190690 1.795725
 76.000000 1.641221 -0.254046 8.580413
 76.200000 1.650868 -0.117097 6.110954
 76.400000 1.757850 -0.102216 2.693277
 76.600000 1.690932 -0.207390 2.019310
 76.800000 1.688140 -0.182328 1.665663
 77.000000 1.684536 -0.137168 2.545962
 77.200000 1.697793 -0.191162 1.268128
 77.400000 1.641233 -0.118674 6.978102
 77.600000 1.648982 -0.081625 8.957290
 77.800000 1.745247 -0.207336 0.538033
 78.000000 1.690155 -0.194728 1.726039
 78.200000 1.688790 -0.208306 2.168648
 78.400000 1.641950 -0.129333 6.365115
 78.600000 1.675838 -0.146562 2.805725
 78.800000 1.589260 -0.107946 14.395754
 79.000000 1.661659 -0.138320 4.156012
 79.200000 1.710237 -0.168602 0.633331
 79.400000 1.722666 -0.191140 0.394720
 79.600000 1.673739 -0.172720 2.564190
 79.800000 1.656001 -0.174008 3.989925
 80.000000 1.666565 -0.147498 3.467340
 80.200000 1.688218 -0.211341 2.308287
 80.400000 1.671197 -0.206755 3.266964
 80.600000 1.647571 -0.223055 5.955591
 80.800000 1.739492 -0.113022 1.908861
 81.000000 1.647974 -0.206129 5.238219
 81.200000 1.569173 -0.303814 23.872331
 81.400000 1.651321 -0.197613 4.685128
 81.600000 1.749806 -0.229588 1.525559
 81.800000 1.606193 -0.305154 18.210323
 82.000000 1.683504 -0.240378 4.078945
 82.200000 1.661851 -0.162241 3.559816
 82.400000 1.571318 -0.180745 15.159293
 82.600000 1.738024 -0.177902 0.032357
 82.800000 1.691030 -0.171641 1.478402
 83.000000 1.653882 -0.241596 6.430009
 83.200000 1.706359 -0.143885 1.228993
 83.400000 1.678361 -0.181144 2.264240
 83.600000 1.586704 -0.237595 14.569445
 83.800000 1.681631 -0.217873 2.967906
 84.000000 1.734058 -0.202934 0.466838
 84.200000 1.734466 -0.265696 4.214337
 84.400000 1.707726 -0.213252 1.456579
 84.600000 1.648444 -0.264617 8.750925
 84.800000 1.781885 -0.174537 0.668143
 85.000000 1.754425 -0.172528 0.043380
 85.200000 1.593100 -0.149712 11.894964
 85.400000 1.625543 -0.172897 7.175656
 85.600000 1.673311 -0.188312 2.688246
 85.800000 1.660499 -0.169792 3.609343
 86.000000 1.707634 -0.081176 5.068209
 86.200000 1.635476 -0.151896 6.290127
 86.400000 1.651202 -0.209734 5.049572
 86.600000 1.647712 -0.214810 5.575753
 86.800000 1.646913 -0.157414 4.989421
 87.000000 1.705148 -0.198225 1.087927
 87.200000 1.724916 -0.244518 2.657323
 87.400000 1.681164 -0.165999 2.095005
 87.600000 1.695337 -0.206827 1.771095
 87.800000 1.737457 -0.188875 0.133838
 88.000000 1.674258 -0.127737 3.620474
 88.200000 1.587418 -0.181640 12.493259
 88.400000 1.697690 -0.103867 3.631562
 88.600000 1.701950 -0.187077 1.019560
 88.800000 1.646254 -0.275748 10.030177
 89.000000 1.679649 -0.188290 2.251602
 89.200000 1.725791 -0.181991 0.218677
 89.400000 1.668199 -0.212011 3.676833
 89.600000 1.677879 -0.229553 3.788336
 89.800000 1.657268 -0.246253 6.449233
 90.000000 1.656855 -0.195834 4.140715
 90.200000 1.642904 -0.164087 5.299982
 90.400000 1.589707 -0.185273 12.166773
 90.600000 1.685437 -0.168654 1.810798
 90.800000 1.661907 -0.155993 3.651473
 91.000000 1.647732 -0.175252 4.762901
 91.200000 1.725642 -0.207304 0.730768
 91.400000 1.675576 -0.239900 4.569179
 91.600000 1.675286 -0.245805 4.992919
 91.800000 1.714411 -0.152596 0.718578
 92.000000 1.707661 -0.095060 3.867432
 92.200000 1.618589 -0.169298 8.045233
 92.400000 1.673304 -0.175944 2.594817
 92.600000 1.746042 -0.132880 0.867739
 92.800000 1.657880 -0.189359 3.933591
 93.000000 1.656718 -0.150591 4.212618
 93.200000 1.751622 -0.196294 0.256581
 93.400000 1.702276 -0.212958 1.665027
 93.600000 1.675382 -0.159098 2.565438
 93.800000 1.655654 -0.185253 4.078270
 94.000000 1.639932 -0.174641 5.554327
 94.200000 1.762328 -0.118140 1.734586
 94.400000 1.757503 -0.155660 0.252189
 94.600000 1.592566 -0.218927 12.653652
 94.800000 1.597019 -0.176160 10.999265
 95.000000 1.799003 -0.141378 1.990064
 95.200000 1.763429 -0.262816 4.060781
 95.400000 1.631494 -0.261774 10.284805
 95.600000 1.639578 -0.268017 9.961351
 95.800000 1.746226 -0.123011 1.327647
 96.000000 1.670438 -0.173728 2.804672
 96.200000 1.639586 -0.355446 21.955566
 96.400000 1.691861 -0.176076 1.430638
 96.600000 1.695599 -0.117106 2.885477
 96.800000 1.729063 -0.195759 0.357554
 97.000000 1.681101 -0.156798 2.219864
 97.200000 1.668367 -0.220138 4.001485
 97.400000 1.718701 -0.216596 1.239186
 97.600000 1.700091 -0.157442 1.169312
 97.800000 1.676191 -0.219461 3.399325
 98.000000 1.699556 -0.242988 3.390617
 98.200000 1.700666 -0.142117 1.522788
 98.400000 1.602564 -0.120529 11.649229
 98.600000 1.643088 -0.190051 5.346989
 98.800000 1.678111 -0.172714 2.260773
 99.000000 1.703202 -0.185267 0.944944
 99.200000 1.671120 -0.091439 6.205804
 99.400000 1.651590 -0.201006 4.743892
 99.600000 1.734907 -0.174610 0.054318
 99.800000 1.626045 -0.142469 7.628441
 100.000000 1.644202 -0.204082 5.549969
 100.200000 1.779335 -0.134060 1.397241
 100.400000 1.719017 -0.187481 0.429988
 100.600000 1.648626 -0.164963 4.721536
 100.800000 1.675152 -0.139349 3.081396
 101.000000 1.704755 -0.224401 2.066552
 101.200000 1.721929 -0.239480 2.382857
 101.400000 1.663420 -0.115502 5.096881
 101.600000 1.598288 -0.113070 12.699504
 101.800000 1.639007 -0.176506 5.654176
 102.000000 1.711234 -0.250896 3.496921
 102.200000 1.658792 -0.203011 4.149815
 102.400000 1.726498 -0.173513 0.177824
 102.600000 1.688264 -0.229588 3.143752
 102.800000 1.690882 -0.179850 1.496370
 103.000000 1.738186 -0.207187 0.558659
 103.200000 1.631980 -0.273777 11.348748
 103.400000 1.608618 -0.201305 9.703367
 103.600000 1.660930 -0.189605 3.675172
 103.800000 1.673532 -0.279199 8.054932
 104.000000 1.674059 -0.270517 7.146175
 104.200000 1.600127 -0.215552 11.383152
 104.400000 1.596846 -0.221150 12.110290
 104.600000 1.653881 -0.241910 6.451199
 104.800000 1.672484 -0.181291 2.676029
 105.000000 1.670330 -0.226443 4.159763
 105.200000 1.654149 -0.084605 8.200438
 105.400000 1.641202 -0.139543 6.033408
 105.600000 1.634778 -0.277159 11.376864
 105.800000 1.682966 -0.180386 1.961724
 106.000000 1.669510 -0.193497 3.054107
 106.200000 1.626785 -0.242572 9.341072
 106.400000 1.560573 -0.286923 23.383170
 106.600000 1.719577 -0.221830 1.450095
 106.800000 1.742126 -0.196781 0.252617
 107.000000 1.565026 -0.242405 18.557974
 107.200000 1.617078 -0.166192 8.259032
 107.400000 1.684218 -0.210483 2.513522
 107.600000 1.646606 -0.231723 6.508549
 107.800000 1.652592 -0.215281 5.130352
 108.000000 1.703912 -0.230161 2.404915
 108.200000 1.670913 -0.225138 4.049329
 108.400000 1.689751 -0.168052 1.565461
 108.600000 1.656788 -0.192687 4.084550
 108.800000 1.625830 -0.233032 8.851097
 109.000000 1.725692 -0.192798 0.359633
 109.200000 1.709450 -0.217938 1.585635
 109.400000 1.643597 -0.202088 5.554399
 109.600000 1.605823 -0.146933 10.111862
 109.800000 1.611315 -0.166331 9.013504
 110.000000 1.723025 -0.158092 0.383899
 110.200000 1.725574 -0.130636 1.158603
 110.400000 1.657650 -0.196237 4.079346
 110.600000 1.726349 -0.243352 2.548136
 110.800000 1.732384 -0.168892 0.099694
 111.000000 1.639284 -0.201906 5.997402
 111.200000 1.596403 -0.180821 11.109247
 111.400000 1.664468 -0.154636 3.467238
 111.600000 1.688621 -0.193479 1.787382
 111.800000 1.738109 -0.153810 0.240781
 112.000000 1.661993 -0.092127 6.867779
 112.200000 1.629094 -0.209030 7.350340
 112.400000 1.703343 -0.227064 2.261174
 112.600000 1.644992 -0.215581 5.876225
 112.800000 1.648070 -0.153631 4.948096
 113.000000 1.693164 -0.110208 3.429449
 113.200000 1.710784 -0.126361 1.756946
 113.400000 1.738189 -0.150842 0.306113
 113.600000 1.671119 -0.155554 2.933667
 113.800000 1.671708 -0.122536 4.061883
 114.000000 1.755331 -0.088215 3.775408
 114.200000 1.717609 -0.147271 0.755795
 114.400000 1.642258 -0.200869 5.658641
 114.600000 1.693138 -0.149939 1.664370
 114.800000 1.674788 -0.165156 2.532025
 115.000000 1.654371 -0.234293 5.922383
 115.200000 1.663746 -0.153071 3.558227
 115.400000 1.671193 -0.137550 3.431934
 115.600000 1.692827 -0.198135 1.656764
 115.800000 1.644674 -0.184992 5.120446
 116.000000 1.631016 -0.104366 8.995444
 116.200000 1.728778 -0.133222 0.990263
 116.400000 1.722751 -0.153332 0.479633
 116.600000 1.653676 -0.232667 5.889930
 116.800000 1.702948 -0.229842 2.427642
 117.000000 1.671599 -0.157469 2.863679
 117.200000 1.665491 -0.153099 3.416808
 117.400000 1.616207 -0.136432 9.062125
 117.600000 1.699077 -0.169831 1.080707
 117.800000 1.726526 -0.210428 0.821003
 118.000000 1.637478 -0.155256 6.001702
 118.200000 1.659907 -0.119160 5.181527
 118.400000 1.595491 -0.105300 13.622358
 118.600000 1.633363 -0.140979 6.831175
 118.800000 1.714595 -0.238075 2.491083
 119.000000 1.742381 -0.202826 0.404595
 119.200000 1.653131 -0.191895 4.401016
 119.400000 1.737385 -0.273279 4.906939
 119.600000 1.729065 -0.260990 3.869650
 119.800000 1.661771 -0.164206 3.544349
 120.000000 1.721601 -0.183532 0.322000
 120.200000 1.748747 -0.255796 3.307684
 120.400000 1.717585 -0.209345 0.990809
 120.600000 1.619188 -0.077370 12.676061
 120.800000 1.607566 -0.243152 11.843623
 121.000000 1.721968 -0.200189 0.601996
 121.200000 1.697049 -0.146203 1.566804
 121.400000 1.651040 -0.157712 4.586682
 121.600000 1.676474 -0.219675 3.389423
 121.800000 1.690865 -0.215375 2.317229
 122.000000 1.691404 -0.196939 1.704954
 122.200000 1.672843 -0.141132 3.184980
 122.400000 1.651104 -0.151168 4.712199
 122.600000 1.693811 -0.088718 5.009150
 122.800000 1.732761 -0.134966 0.861734
 123.000000 1.687978 -0.236593 3.570321
 123.200000 1.669348 -0.184803 2.939344
 123.400000 1.676449 -0.143269 2.860945
 123.600000 1.684912 -0.235604 3.689922
 123.800000 1.694942 -0.265041 5.365323
 124.000000 1.732286 -0.146458 0.479165
 124.200000 1.705007 -0.216276 1.684178
 124.400000 1.636256 -0.242902 8.285630
 124.600000 1.721962 -0.225914 1.593038
 124.800000 1.711722 -0.340769 14.382006
 125.000000 1.649460 -0.304274 13.011858
 125.200000 1.743315 -0.096052 3.081650
 125.400000 1.691704 -0.113264 3.314780
 125.600000 1.549182 -0.224128 20.466733
 125.800000 1.706019 -0.220729 1.839697
 126.000000 1.804277 -0.241465 3.977341
 126.200000 1.734625 -0.153550 0.277427
 126.400000 1.684977 -0.086450 5.700439
 126.600000 1.617714 -0.107941 10.360145
 126.800000 1.651905 -0.149143 4.686365
 127.000000 1.725450 -0.196667 0.442546
 127.200000 1.645642 -0.189089 5.074706
 127.400000 1.637807 -0.171602 5.784763
 127.600000 1.749873 -0.153182 0.238254
 127.800000 1.741529 -0.260621 3.712831
 128.000000 1.584814 -0.237361 14.856201
 128.200000 1.689355 -0.189927 1.685055
 128.400000 1.682918 -0.174155 1.947647
 128.600000 1.655776 -0.181520 4.034333
 128.800000 1.735504 -0.231466 1.668973
 129.000000 1.724263 -0.233937 1.986286
 129.200000 1.698205 -0.200629 1.450860
 129.400000 1.677534 -0.246345 4.876597
 129.600000 1.647362 -0.160588 4.896043
 129.800000 1.644531 -0.195238 5.294461
 130.000000 1.698869 -0.193181 1.253163
 130.200000 1.689197 -0.129799 2.575955
 130.400000 1.692340 -0.196357 1.642104
 130.600000 1.657314 -0.210199 4.509396
 130.800000 1.696929 -0.258946 4.734062
 131.000000 1.716946 -0.204738 0.858987
 131.200000 1.641916 -0.163933 5.403319
 131.400000 1.690470 -0.242672 3.826247
 131.600000 1.723685 -0.192425 0.394282
 131.800000 1.703604 -0.219185 1.867414
 132.000000 1.712598 -0.154239 0.741599
 132.200000 1.682937 -0.162391 2.020090
 132.400000 1.666420 -0.185453 3.172984
 132.600000 1.650447 -0.203928 4.933336
 132.800000 1.659866 -0.223758 4.863552
 133.000000 1.640215 -0.214827 6.336339
 133.200000 1.627207 -0.176888 6.979165
 133.400000 1.648164 -0.137376 5.410817
 133.600000 1.667222 -0.151899 3.306500
 133.800000 1.737331 -0.236528 1.953689
 134.000000 1.635720 -0.267328 10.312601
 134.200000 1.626688 -0.117509 8.663778
 134.400000 1.708288 -0.164360 0.737763
 134.600000 1.617499 -0.189893 8.288310
 134.800000 1.737550 -0.228200 1.470317
 135.000000 1.734267 -0.237336 2.033294
 135.200000 1.692764 -0.176001 1.382621
 135.400000 1.661502 -0.213775 4.283476
 135.600000 1.680500 -0.138007 2.768503
 135.800000 1.743683 -0.220073 1.038322
 136.000000 1.678175 -0.214019 3.034408
 136.200000 1.729797 -0.161551 0.204882
 136.400000 1.616109 -0.174274 8.348951
 136.600000 1.671888 -0.103196 5.241335
 136.800000 1.686857 -0.194821 1.915306
 137.000000 1.693794 -0.271669 6.045673
 137.200000 1.767893 -0.179185 0.265377
 137.400000 1.705115 -0.196140 1.042019
 137.600000 1.653881 -0.230530 5.749263
 137.800000 1.672972 -0.134175 3.432199
 138.000000 1.686645 -0.073741 6.801400
 138.200000 1.658788 -0.176995 3.747741
 138.400000 1.682845 -0.246101 4.513102
 138.600000 1.672929 -0.202521 3.012566
 138.800000 1.592957 -0.126746 12.750382
 139.000000 1.685566 -0.102697 4.366054
 139.200000 1.741372 -0.173821 0.008083
 139.400000 1.723435 -0.178976 0.249555
 139.600000 1.648133 -0.133256 5.575479
 139.800000 1.635011 -0.108634 8.256402
 140.000000 1.682218 -0.131531 2.916114
 140.200000 1.595117 -0.172639 11.283680
 140.400000 1.648170 -0.151173 4.992764
 140.600000 1.690838 -0.213801 2.255646
 140.800000 1.700892 -0.193942 1.175674
 141.000000 1.655873 -0.190564 4.129709
 141.200000 1.610536 -0.174999 9.084675
 141.400000 1.692332 -0.250193 4.266586
 141.600000 1.731026 -0.246728 2.708342
 141.800000 1.675024 -0.146525 2.863623
 142.000000 1.649615 -0.205248 5.052325
 142.200000 1.792334 -0.193145 1.277928
 142.400000 1.752382 -0.113565 1.883420
 142.600000 1.643665 -0.202108 5.548021
 142.800000 1.697330 -0.224712 2.410925
 143.000000 1.676480 -0.145452 2.793000
 143.200000 1.676032 -0.199941 2.723837
 143.400000 1.677588 -0.239062 4.376439
 143.600000 1.636544 -0.174958 5.917155
 143.800000 1.711355 -0.220949 1.654347
 144.000000 1.659020 -0.239924 5.862672
 144.200000 1.629013 -0.152286 7.012241
 144.400000 1.656123 -0.224021 5.203393
 144.600000 1.702059 -0.272536 5.738445
 144.800000 1.703944 -0.237729 2.853236
 145.000000 1.684842 -0.262122 5.665309
 145.200000 1.685265 -0.238794 3.868571
 145.400000 1.603136 -0.265214 14.220899
 145.600000 1.750749 -0.241193 2.236466
 145.800000 1.757707 -0.269464 4.582550
 146.000000 1.598117 -0.212975 11.574575
 146.200000 1.611702 -0.181523 8.952576
 146.400000 1.678887 -0.204074 2.643613
 146.600000 1.705724 -0.193886 0.971569
 146.800000 1.702652 -0.184510 0.960437
 147.000000 1.614310 -0.269464 13.088960
 147.200000 1.633742 -0.235722 8.097881
 147.400000 1.696520 -0.136672 1.907882
 147.600000 1.690821 -0.171690 1.489634
 147.800000 1.564139 -0.228246 17.857459
 148.000000 1.721320 -0.080935 4.668488
 148.200000 1.705384 -0.203853 1.227644
 148.400000 1.626427 -0.206637 7.584175
 148.600000 1.669378 -0.125464 4.088140
 148.800000 1.606861 -0.224119 10.816076
 149.000000 1.759608 -0.193213 0.276418
 149.200000 1.687870 -0.258652 5.188797
 149.400000 1.580081 -0.175001 13.653602
 149.600000 1.671144 -0.149474 3.065675
 149.800000 1.673570 -0.204886 3.035373
 150.000000 1.803562 -0.161514 1.780253
 150.200000 1.688956 -0.153422 1.811782
 150.400000 1.560091 -0.189248 17.264891
 150.600000 1.690618 -0.116802 3.163055
 150.800000 1.736271 -0.200887 0.388289
 151.000000 1.562066 -0.202147 17.174043
 151.200000 1.682707 -0.119543 3.472755
 151.400000 1.721121 -0.225243 1.578776
 151.600000 1.649114 -0.236634 6.556954
 151.800000 1.592181 -0.134017 12.547946
 152.000000 1.670937 -0.127184 3.888075
 152.200000 1.746110 -0.093317 3.298310
 152.400000 1.716481 -0.263826 4.402721
 152.600000 1.633965 -0.196768 6.448183
 152.800000 1.614417 -0.132199 9.465044
 153.000000 1.676385 -0.210537 3.024812
 153.200000 1.778255 -0.197152 0.797876
 153.400000 1.593306 -0.152724 11.793425
 153.600000 1.596189 -0.141815 11.656580
 153.800000 1.730749 -0.213080 0.849218
 154.000000 1.727297 -0.266334 4.376320
 154.200000 1.599917 -0.173226 10.573207
 154.400000 1.658708 -0.153251 3.978054
 154.600000 1.709328 -0.151377 0.916149
 154.800000 1.661405 -0.192831 3.689007
 155.000000 1.609503 -0.281783 14.975767
 155.200000 1.616027 -0.208531 8.937512
 155.400000 1.714820 -0.199117 0.767598
 155.600000 1.715377 -0.207165 0.980995
 155.800000 1.676564 -0.262060 6.194856
 156.000000 1.710766 -0.218896 1.581348
 156.200000 1.716655 -0.217319 1.326446
 156.400000 1.652276 -0.187775 4.417101
 156.600000 1.656568 -0.296943 11.431435
 156.800000 1.749866 -0.224249 1.246120
 157.000000 1.663829 -0.149477 3.635038
 157.200000 1.541969 -0.140021 21.273196
 157.400000 1.650205 -0.154226 4.730476
 157.600000 1.741235 -0.132963 0.872419
 157.800000 1.752716 -0.096887 3.041715
 158.000000 1.665993 -0.153035 3.378193
 158.200000 1.689534 -0.172421 1.558805
 158.400000 1.628767 -0.197358 7.053877
 158.600000 1.628216 -0.163953 6.913701
 158.800000 1.718417 -0.116404 2.051604
 159.000000 1.725558 -0.218983 1.183342
 159.200000 1.621378 -0.214764 8.491220
 159.400000 1.628533 -0.164717 6.868810
 159.600000 1.645913 -0.288168 11.398274
 159.800000 1.648717 -0.270244 9.247269
 160.000000 1.722022 -0.249175 3.057306
 160.200000 1.662049 -0.251238 6.409656
 160.400000 1.614768 -0.264795 12.596668
 160.600000 1.656002 -0.198878 4.286061
 160.800000 1.714121 -0.127305 1.602210
 161.000000 1.696950 -0.177924 1.176047
 161.200000 1.649485 -0.227617 6.002012
 161.400000 1.579885 -0.195316 13.901910
 161.600000 1.743124 -0.153579 0.221959
 161.800000 1.749033 -0.209759 0.627308
 162.000000 1.611501 -0.225259 10.241612
 162.200000 1.596233 -0.177509 11.119259
 162.400000 1.620101 -0.223099 9.020344
 162.600000 1.718083 -0.134542 1.170815
 162.800000 1.648728 -0.102881 7.232884
 163.000000 1.617302 -0.194099 8.386962
 163.200000 1.682377 -0.184166 2.027912
 163.400000 1.798943 -0.150022 1.737623
 163.600000 1.636136 -0.236700 7.893975
 163.800000 1.659513 -0.268095 8.059140
 164.000000 1.684512 -0.140144 2.440689
 164.200000 1.667581 -0.110392 5.079370
 164.400000 1.625601 -0.228216 8.608353
 164.600000 1.609886 -0.191827 9.321999
 164.800000 1.761184 -0.129389 1.144692
 165.000000 1.685957 -0.155985 1.934548
 165.200000 1.563399 -0.101743 19.198495
 165.400000 1.709522 -0.142838 1.143346
 165.600000 1.644659 -0.137218 5.763473
 165.800000 1.616291 -0.110661 10.365279
 166.000000 1.601395 -0.123316 11.670120
 166.200000 1.724796 -0.214721 1.018360
 166.400000 1.724753 -0.145930 0.620755
 166.600000 1.708099 -0.188714 0.793588
 166.800000 1.711717 -0.182861 0.599565
 167.000000 1.713966 -0.223764 1.703707
 167.200000 1.686577 -0.091474 5.175308
 167.400000 1.637496 -0.102895 8.379963
 167.600000 1.635622 -0.198033 6.293990
 167.800000 1.643107 -0.194051 5.415222
 168.000000 1.652704 -0.105231 6.691091
 168.200000 1.716569 -0.152546 0.655287
 168.400000 1.620334 -0.235381 9.663121
 168.600000 1.767889 -0.179576 0.267194
 168.800000 1.777887 -0.218973 1.517464
 169.000000 1.659438 -0.274245 8.659914
 169.200000 1.658152 -0.116036 5.510871
 169.400000 1.711806 -0.177954 0.567754
 169.600000 1.749239 -0.244623 2.463944
 169.800000 1.697165 -0.194044 1.350252
 170.000000 1.608154 -0.125128 10.628973
 170.200000 1.592772 -0.107946 13.853805
 170.400000 1.694967 -0.227251 2.657781
 170.600000 1.735977 -0.214241 0.832077
 170.800000 1.566183 -0.214626 16.850355
 171.000000 1.575105 -0.155371 14.671758
 171.200000 1.677962 -0.204856 2.728884
 171.400000 1.687216 -0.243358 4.056981
 171.600000 1.660194 -0.178689 3.632637
 171.800000 1.637667 -0.227613 7.204361
 172.000000 1.680906 -0.184429 2.124154
 172.200000 1.693954 -0.169495 1.332423
 172.400000 1.598374 -0.164863 10.844701
 172.600000 1.564548 -0.156394 16.505467
 172.800000 1.725437 -0.206078 0.695410
 173.000000 1.754156 -0.226818 1.405816
 173.200000 1.690920 -0.234889 3.301563
 173.400000 1.653610 -0.188540 4.304335
 173.600000 1.571571 -0.097589 18.056126
 173.800000 1.644127 -0.151175 5.393785
 174.000000 1.672919 -0.229620 4.138927
 174.200000 1.698731 -0.244039 3.501254
 174.400000 1.625678 -0.183137 7.195245
 174.600000 1.646846 -0.173166 4.850444
 174.800000 1.753902 -0.162485 0.109318
 175.000000 1.703248 -0.184931 0.939455
 175.200000 1.658970 -0.276789 8.957161
 175.400000 1.700726 -0.267261 5.293927
 175.600000 1.696011 -0.178019 1.222209
 175.800000 1.688939 -0.151483 1.855585
 176.000000 1.654383 -0.233507 5.874617
 176.200000 1.730004 -0.211658 0.806555
 176.400000 1.688276 -0.166434 1.660343
 176.600000 1.615939 -0.224157 9.602185
 176.800000 1.704146 -0.130802 1.804239
 177.000000 1.625472 -0.168977 7.198358
 177.200000 1.700799 -0.218317 1.950030
 177.400000 1.688932 -0.197342 1.850476
 177.600000 1.678136 -0.199586 2.571280
 177.800000 1.680918 -0.150750 2.357211
 178.000000 1.641710 -0.141669 5.908472
 178.200000 1.688972 -0.183554 1.628747
 178.400000 1.678593 -0.205457 2.705024
 178.600000 1.668109 -0.203600 3.403930
 178.800000 1.742022 -0.202054 0.384165
 179.000000 1.701053 -0.179540 0.992722
 179.200000 1.658781 -0.176633 3.747511
 179.400000 1.637691 -0.168130 5.813462
 179.600000 1.648099 -0.085017 8.733372
 179.800000 1.670107 -0.161529 2.913760
 180.000000 1.683170 -0.234318 3.718974
 180.200000 1.612366 -0.178414 8.847183
 180.400000 1.720238 -0.166707 0.345401
 180.600000 1.802748 -0.131087 2.592234
 180.800000 1.659019 -0.223096 4.903891
 181.000000 1.672581 -0.231890 4.291045
 181.200000 1.711172 -0.128469 1.644336
 181.400000 1.639269 -0.102689 8.205179
 181.600000 1.622899 -0.163804 7.552147
 181.800000 1.733628 -0.203543 0.489248
 182.000000 1.736867 -0.196699 0.281484
 182.200000 1.637838 -0.165949 5.814006
 182.400000 1.633480 -0.202029 6.633097
 182.600000 1.665968 -0.292049 10.054097
 182.800000 1.703145 -0.220261 1.935294
 183.000000 1.708590 -0.179275 0.686148
 183.200000 1.643508 -0.218263 6.139920
 183.400000 1.731776 -0.222419 1.238366
 183.600000 1.675055 -0.166001 2.505607
 183.800000 1.711726 -0.195371 0.781695
 184.000000 1.757099 -0.212671 0.796530
 184.200000 1.647532 -0.160780 4.876754
 184.400000 1.671970 -0.155044 2.880742
 184.600000 1.679520 -0.155049 2.355271
 184.800000 1.696334 -0.219229 2.199153
 185.000000 1.677877 -0.136113 3.012932
 185.200000 1.686083 -0.178974 1.764928
 185.400000 1.648099 -0.185368 4.785511
 185.600000 1.631759 -0.154836 6.643097
 185.800000 1.657555 -0.188124 3.944495
 186.000000 1.737584 -0.198885 0.326506
 186.200000 1.739577 -0.223373 1.209211
 186.400000 1.693451 -0.265438 5.477481
 186.600000 1.682873 -0.160500 2.048860
 186.800000 1.757483 -0.130031 1.064083
 187.000000 1.676715 -0.253247 5.451937
 187.200000 1.649817 -0.230403 6.122072
 187.400000 1.668750 -0.084991 6.941073
 187.600000 1.652311 -0.138134 4.988601
 187.800000 1.654416 -0.177865 4.138148
 188.000000 1.587940 -0.165372 12.427597
 188.200000 1.680662 -0.138793 2.729606
 188.400000 1.616718 -0.242176 10.558249
 188.600000 1.652767 -0.107206 6.550389
 188.800000 1.722226 -0.028609 10.913829
 189.000000 1.610343 -0.170485 9.118871
 189.200000 1.702865 -0.145032 1.336768
 189.400000 1.710837 -0.137220 1.290989
 189.600000 1.655815 -0.166566 4.038133
 189.800000 1.696384 -0.221013 2.278014
 190.000000 1.620186 -0.115359 9.581178
 190.200000 1.651927 -0.180442 4.379482
 190.400000 1.758430 -0.264252 4.110616
 190.600000 1.704227 -0.194773 1.049529
 190.800000 1.651194 -0.213183 5.177629
 191.000000 1.718103 -0.221766 1.486104
 191.200000 1.713491 -0.152372 0.752382
 191.400000 1.633888 -0.142967 6.707800
 191.600000 1.734431 -0.272197 4.828482
 191.800000 1.728324 -0.172094 0.147562
 192.000000 1.667374 -0.119967 4.527199
 192.200000 1.680590 -0.155124 2.283917
 192.400000 1.603166 -0.242048 12.384396
 192.600000 1.630141 -0.173473 6.634727
 192.800000 1.729578 -0.152549 0.365693
 193.000000 1.669441 -0.141698 3.418605
 193.200000 1.635167 -0.214126 6.851733
 193.400000 1.763380 -0.250481 3.046999
 193.600000 1.673523 -0.215400 3.413107
 193.800000 1.613466 -0.230241 10.245634
 194.000000 1.646478 -0.291169 11.687681
 194.200000 1.631112 -0.215406 7.358066
 194.400000 1.717746 -0.233854 2.139913
 194.600000 1.788960 -0.307274 9.761909
 194.800000 1.680843 -0.215945 2.936719
 195.000000 1.619641 -0.218073 8.846637
 195.200000 1.627994 -0.100351 9.635271
 195.400000 1.603751 -0.186865 10.098204
 195.600000 1.574028 -0.272808 19.501126
 195.800000 1.727340 -0.081544 4.485278
 196.000000 1.685406 -0.116367 3.487016
 196.200000 1.650361 -0.261751 8.313033
 196.400000 1.678203 -0.200994 2.603040
 196.600000 1.646847 -0.098571 7.734477
 196.800000 1.754880 -0.150346 0.338099
 197.000000 1.741378 -0.162558 0.079510
 197.200000 1.595096 -0.176894 11.287826
 197.400000 1.653607 -0.202070 4.585632
 197.600000 1.823463 -0.188251 3.146520
 197.800000 1.635171 -0.199147 6.370396
 198.000000 1.585496 -0.184801 12.826106
 198.200000 1.773202 -0.184235 0.435528
 198.400000 1.667120 -0.164955 3.104209
 198.600000 1.540524 -0.109275 23.101891
 198.800000 1.543574 -0.198295 20.634914
 199.000000 1.642106 -0.147650 5.688888
 199.200000 1.730124 -0.203252 0.527999
 199.400000 1.673934 -0.187243 2.629383
 199.600000 1.704505 -0.189101 0.939433
 199.800000 1.587721 -0.216904 13.317873
 200.000000 1.648211 -0.118002 6.313820
