#! FIELDS time phi psi restraint.bias
#! SET min_phi -pi
#! SET max_phi pi
#! SET min_psi -pi
#! SET max_psi pi
 0.000000 1.318455 -2.923591 32.782810
 0.200000 1.445169 -2.954542 7.969458
 0.400000 1.476090 -2.948187 4.662745
 0.600000 1.548929 -2.991810 0.545366
 0.800000 1.521801 -2.913384 2.640835
 1.000000 1.535893 -2.947695 0.796627
 1.200000 1.557830 -3.002433 0.709713
 1.400000 1.472223 -2.918405 6.041936
 1.600000 1.478791 -2.957668 4.276614
 1.800000 1.492572 -3.008837 3.932193
 2.000000 1.472977 -3.017191 6.040878
 2.200000 1.488392 -2.964435 3.398697
 2.400000 1.513555 -2.951513 1.759116
 2.600000 1.554125 -2.909180 1.814011
 2.800000 1.570794 -2.905619 1.887457
 3.000000 1.636723 -2.981353 2.275326
 3.200000 1.529953 -2.972375 0.848218
 3.400000 1.643101 -3.015887 3.806040
 3.600000 1.525537 -2.965124 1.026090
 3.800000 1.479695 -2.984994 4.310571
 4.000000 1.541002 -2.949007 0.606807
 4.200000 1.484328 -2.919703 4.859718
 4.400000 1.535877 -2.989457 0.860515
 4.600000 1.576065 -3.000483 0.572429
 4.800000 1.493469 -2.985420 3.158276
 5.000000 1.578490 -2.971949 0.041546
 5.200000 1.451470 -2.947134 7.317925
 5.400000 1.519794 -2.926994 2.103243
 5.600000 1.486184 -2.958664 3.614842
 5.800000 1.490274 -3.002162 3.858014
 6.000000 1.434114 -2.926016 10.183352
 6.200000 1.476052 -3.014044 5.592040
 6.400000 1.609327 -2.995003 1.132744
 6.600000 1.462290 -3.004512 6.588121
 6.800000 1.552609 -2.918474 1.345669
 7.000000 1.508248 -2.939598 2.333186
 7.200000 1.515178 -2.994230 1.915806
 7.400000 1.612969 -2.917344 2.125125
 7.600000 1.527165 -2.945079 1.193424
 7.800000 1.573710 -2.956117 0.064113
 8.000000 1.491293 -2.915073 4.511731
 8.200000 1.518232 -2.831517 10.567474
 8.400000 1.586380 -2.986427 0.308966
 8.600000 1.573192 -2.979064 0.074922
 8.800000 1.598514 -2.931191 1.027420
 9.000000 1.557526 -2.999039 0.599378
 9.200000 1.488657 -2.960486 3.395013
 9.400000 1.521098 -2.973011 1.252662
 9.600000 1.558724 -2.934723 0.595693
 9.800000 1.468613 -2.961556 5.235854
 10.000000 1.526535 -3.008251 1.827869
 10.200000 1.487464 -2.990896 3.756252
 10.400000 1.524985 -2.986372 1.235816
 10.600000 1.480487 -2.968798 4.079362
 10.800000 1.561638 -3.012394 1.069523
 11.000000 1.564971 -3.036063 2.397692
 11.200000 1.521828 -2.960366 1.221357
 11.400000 1.492049 -2.947482 3.292261
 11.600000 1.556713 -3.012577 1.135069
 11.800000 1.440429 -2.933839 9.049564
 12.000000 1.549158 -2.944627 0.485736
 12.200000 1.506599 -2.958609 2.096384
 12.400000 1.470060 -2.952950 5.173443
 12.600000 1.567599 -2.959474 0.033883
 12.800000 1.469744 -2.945426 5.339772
 13.000000 1.530010 -2.997858 1.306040
 13.200000 1.560570 -2.986035 0.232326
 13.400000 1.454130 -2.859815 12.556219
 13.600000 1.542812 -2.952344 0.499849
 13.800000 1.495202 -2.947288 3.052727
 14.000000 1.550476 -2.939503 0.586136
 14.200000 1.529970 -2.990396 1.105684
 14.400000 1.561770 -2.972542 0.055760
 14.600000 1.558375 -2.977736 0.134139
 14.800000 1.497860 -2.940577 3.010523
 15.000000 1.519921 -2.971876 1.305770
 15.200000 1.468832 -2.869138 9.992725
 15.400000 1.560579 -2.961882 0.065599
 15.600000 1.537516 -3.041271 3.307464
 15.800000 1.480500 -2.973736 4.099003
 16.000000 1.593581 -2.975943 0.299021
 16.200000 1.458074 -3.033289 8.546326
 16.400000 1.494924 -2.962188 2.890168
 16.600000 1.523923 -2.904981 3.025445
 16.800000 1.522626 -2.910018 2.787068
 17.000000 1.552132 -2.977681 0.230578
 17.200000 1.580186 -3.010392 0.982924
 17.400000 1.555886 -2.887618 3.266617
 17.600000 1.583941 -2.969791 0.090120
 17.800000 1.493161 -2.965735 3.014507
 18.000000 1.582793 -2.961454 0.087679
 18.200000 1.525191 -2.981016 1.137287
 18.400000 1.496244 -2.973136 2.797497
 18.600000 1.525778 -2.942755 1.308715
 18.800000 1.543129 -2.930127 1.064739
 19.000000 1.506236 -2.929742 2.780320
 19.200000 1.505799 -2.955459 2.179610
 19.400000 1.663629 -2.898959 6.627813
 19.600000 1.545871 -2.990425 0.583586
 19.800000 1.600487 -2.948813 0.607251
 20.000000 1.570728 -2.932873 0.584363
 20.200000 1.565931 -2.922332 1.012112
 20.400000 1.665750 -3.024177 6.139308
 20.600000 1.616641 -2.976726 1.097590
 20.800000 1.622282 -2.900799 3.520607
 21.000000 1.505697 -3.009470 3.018327
 21.200000 1.576085 -3.006609 0.796067
 21.400000 1.524340 -2.954358 1.159758
 21.600000 1.489617 -3.003956 3.975765
 21.800000 1.608159 -3.030785 2.728418
 22.000000 1.438141 -3.005180 9.525268
 22.200000 1.473944 -2.975834 4.728666
 22.400000 1.513043 -2.950842 1.799221
 22.600000 1.436552 -2.941639 9.333857
 22.800000 1.502279 -2.985976 2.526207
 23.000000 1.482805 -3.031903 5.973585
 23.200000 1.424391 -2.927700 11.491882
 23.400000 1.447871 -3.012600 8.592310
 23.600000 1.475991 -3.020205 5.906266
 23.800000 1.437350 -2.962506 8.914358
 24.000000 1.499081 -2.896631 5.051664
 24.200000 1.643988 -2.984496 2.830548
 24.400000 1.451897 -2.994104 7.434174
 24.600000 1.454326 -2.844194 14.330689
 24.800000 1.571462 -2.918650 1.171991
 25.000000 1.418530 -2.947997 11.774272
 25.200000 1.620844 -2.918292 2.441533
 25.400000 1.539051 -3.008760 1.373337
 25.600000 1.454255 -2.930629 7.454557
 25.800000 1.463198 -2.944757 6.037394
 26.000000 1.575958 -2.942882 0.305608
 26.200000 1.548627 -2.942446 0.548642
 26.400000 1.586212 -2.887556 3.279273
 26.600000 1.551519 -3.038734 2.754420
 26.800000 1.623303 -2.925389 2.246716
 27.000000 1.510794 -3.000188 2.348889
 27.200000 1.574798 -3.027243 1.819044
 27.400000 1.606360 -2.978523 0.698107
 27.600000 1.532746 -3.029698 2.685697
 27.800000 1.481824 -3.044421 6.950421
 28.000000 1.506080 -3.012661 3.133788
 28.200000 1.435174 -2.991480 9.494807
 28.400000 1.475144 -3.037852 7.080472
 28.600000 1.493419 -3.071680 8.466397
 28.800000 1.456858 -3.048977 9.846168
 29.000000 1.531556 -3.008299 1.620226
 29.200000 1.475385 -3.013846 5.646093
 29.400000 1.456482 -3.035897 8.903225
 29.600000 1.528169 -2.981512 1.012990
 29.800000 1.462165 -2.990696 6.179728
 30.000000 1.492591 -3.024010 4.679671
 30.200000 1.470497 -2.985747 5.204560
 30.400000 1.508685 -2.930194 2.608457
 30.600000 1.574767 -2.997778 0.479692
 30.800000 1.565941 -3.005106 0.735541
 31.000000 1.633037 -2.967477 1.937058
 31.200000 1.596201 -2.940467 0.676268
 31.400000 1.620105 -2.988537 1.446326
 31.600000 1.613972 -2.931007 1.581961
 31.800000 1.586330 -2.903522 2.139181
 32.000000 1.551881 -2.969610 0.182148
 32.200000 1.583560 -2.963398 0.088159
 32.400000 1.595298 -2.933794 0.853465
 32.600000 1.547351 -2.994626 0.654788
 32.800000 1.527140 -2.954663 1.029770
 33.000000 1.514029 -2.885078 4.971742
 33.200000 1.469358 -2.968395 5.145793
 33.400000 1.457963 -2.950360 6.505162
 33.600000 1.500061 -2.881096 6.196673
 33.800000 1.501678 -2.971753 2.399657
 34.000000 1.565727 -2.951161 0.139234
 34.200000 1.547578 -2.915948 1.575741
 34.400000 1.585333 -2.936640 0.568339
 34.600000 1.461663 -2.912849 7.424505
 34.800000 1.538908 -2.983598 0.645189
 35.000000 1.585146 -2.937900 0.528116
 35.200000 1.574124 -2.970275 0.010706
 35.400000 1.533519 -3.000024 1.238146
 35.600000 1.534102 -2.942959 0.963672
 35.800000 1.489935 -2.973431 3.289553
 36.000000 1.474858 -2.988366 4.829075
 36.200000 1.545317 -2.939652 0.700186
 36.400000 1.514423 -2.987849 1.805078
 36.600000 1.517209 -3.021665 2.926669
 36.800000 1.561570 -2.999787 0.578101
 37.000000 1.481766 -3.025373 5.663441
 37.200000 1.527784 -2.937066 1.374850
 37.400000 1.531025 -2.952574 0.895803
 37.600000 1.505258 -2.990053 2.412009
 37.800000 1.533942 -2.889593 3.679639
 38.000000 1.489481 -3.030450 5.315201
 38.200000 1.474843 -3.025238 6.295846
 38.400000 1.576232 -2.991390 0.310745
 38.600000 1.568397 -2.955360 0.071317
 38.800000 1.512916 -3.029074 3.597946
 39.000000 1.506133 -2.905520 3.984213
 39.200000 1.456831 -2.954752 6.569818
 39.400000 1.499786 -2.956618 2.575751
 39.600000 1.510225 -2.964950 1.836679
 39.800000 1.484923 -3.009674 4.595145
 40.000000 1.520237 -2.982664 1.399866
 40.200000 1.506741 -2.868469 6.911647
 40.400000 1.607984 -2.861705 6.241324
 40.600000 1.576688 -3.005759 0.766162
 40.800000 1.631829 -2.900826 4.055967
 41.000000 1.502931 -2.873370 6.691794
 41.200000 1.589169 -3.033419 2.370531
 41.400000 1.557911 -2.973737 0.105305
 41.600000 1.512520 -2.922932 2.671657
 41.800000 1.557286 -3.012719 1.133632
 42.000000 1.526963 -2.935818 1.448704
 42.200000 1.505755 -2.955447 2.182607
 42.400000 1.560908 -2.974516 0.076682
 42.600000 1.517543 -2.920477 2.502963
 42.800000 1.389647 -2.931865 17.026945
 43.000000 1.621187 -2.991189 1.560704
 43.200000 1.485370 -3.002885 4.290512
 43.400000 1.375222 -2.965356 19.126112
 43.600000 1.530852 -2.992127 1.111976
 43.800000 1.523939 -3.000312 1.650666
 44.000000 1.401542 -2.943650 14.597455
 44.200000 1.526239 -3.027536 2.821356
 44.400000 1.531062 -3.071489 6.242160
 44.600000 1.524217 -3.033793 3.311474
 44.800000 1.500512 -2.996428 2.901221
 45.000000 1.536779 -2.982087 0.691486
 45.200000 1.522372 -2.982348 1.289339
 45.400000 1.532978 -2.965058 0.717108
 45.600000 1.556411 -2.980574 0.194776
 45.800000 1.501382 -2.893201 5.136688
 46.000000 1.560242 -3.037207 2.516026
 46.200000 1.481198 -3.024556 5.666892
 46.400000 1.467108 -2.977205 5.427124
 46.600000 1.554594 -3.000677 0.696331
 46.800000 1.489771 -2.915291 4.622529
 47.000000 1.496628 -2.961238 2.767425
 47.200000 1.495708 -2.978633 2.886082
 47.400000 1.556101 -2.917675 1.327421
 47.600000 1.443777 -2.937751 8.496506
 47.800000 1.531158 -3.047906 4.053677
 48.000000 1.472580 -2.922162 5.831090
 48.200000 1.445763 -2.877838 11.796869
 48.400000 1.598479 -2.908311 2.108858
 48.600000 1.457718 -2.833362 15.330937
 48.800000 1.545278 -2.899997 2.574309
 49.000000 1.577522 -2.924370 0.933814
 49.200000 1.536941 -2.881489 4.234252
 49.400000 1.463506 -2.842399 13.525811
 49.600000 1.605020 -2.866920 5.599631
 49.800000 1.480476 -2.894455 6.714621
 50.000000 1.543375 -2.863407 5.747869
 50.200000 1.576692 -2.872008 4.534758
 50.400000 1.501514 -2.922259 3.403572
 50.600000 1.555592 -2.941706 0.437001
 50.800000 1.519203 -2.927174 2.126371
 51.000000 1.530083 -2.922163 1.836672
 51.200000 1.532881 -2.898192 3.090194
 51.400000 1.573225 -2.935922 0.487734
 51.600000 1.475003 -2.933386 5.155088
 51.800000 1.620015 -2.941995 1.525371
 52.000000 1.550778 -3.007614 1.022682
 52.200000 1.540449 -2.947787 0.646206
 52.400000 1.554311 -3.022185 1.655296
 52.600000 1.525001 -2.920498 2.132616
 52.800000 1.599475 -2.989132 0.654818
 53.000000 1.537543 -2.941751 0.873143
 53.200000 1.587015 -2.944262 0.391382
 53.400000 1.524603 -2.964027 1.071520
 53.600000 1.492411 -2.914029 4.478196
 53.800000 1.519485 -3.010818 2.273793
 54.000000 1.460423 -2.968722 6.092492
 54.200000 1.474592 -2.951098 4.755008
 54.400000 1.463277 -3.029449 7.726457
 54.600000 1.490002 -3.017511 4.536572
 54.800000 1.460027 -2.969326 6.137500
 55.000000 1.524597 -3.013411 2.141424
 55.200000 1.492736 -3.065886 7.929991
 55.400000 1.454970 -2.998601 7.205335
 55.600000 1.462583 -3.015222 7.014904
 55.800000 1.532013 -3.100410 9.643232
 56.000000 1.505974 -2.937066 2.550778
 56.200000 1.518572 -3.033505 3.571165
 56.400000 1.585443 -2.986695 0.300025
 56.600000 1.545563 -2.936731 0.778259
 56.800000 1.547412 -2.969846 0.277296
 57.000000 1.633804 -3.036081 4.366953
 57.200000 1.505450 -2.970128 2.139772
 57.400000 1.540121 -2.974242 0.496286
 57.600000 1.484629 -3.025048 5.393777
 57.800000 1.513764 -2.909519 3.281804
 58.000000 1.590277 -3.061910 4.688064
 58.200000 1.583736 -2.964793 0.086292
 58.400000 1.484124 -2.976958 3.805048
 58.600000 1.516794 -2.941980 1.772637
 58.800000 1.549768 -2.941015 0.560261
 59.000000 1.464477 -2.916193 6.945661
 59.200000 1.510963 -3.005465 2.527482
 59.400000 1.498265 -3.006756 3.418306
 59.600000 1.475150 -2.944633 4.825561
 59.800000 1.634753 -3.082037 8.655113
 60.000000 1.512977 -2.980315 1.759408
 60.200000 1.516775 -2.928741 2.193298
 60.400000 1.514644 -2.941853 1.894227
 60.600000 1.458121 -2.952465 6.454386
 60.800000 1.534842 -2.873698 5.004569
 61.000000 1.537580 -2.912599 2.034629
 61.200000 1.607688 -2.973619 0.701999
 61.400000 1.455591 -2.992616 6.962657
 61.600000 1.553830 -2.937863 0.570148
 61.800000 1.555614 -2.906455 1.951718
 62.000000 1.487118 -2.899711 5.768935
 62.200000 1.583086 -2.980189 0.161711
 62.400000 1.523002 -2.949272 1.300346
 62.600000 1.533347 -2.941144 1.037037
 62.800000 1.533367 -2.988558 0.931569
 63.000000 1.516788 -3.020136 2.867021
 63.200000 1.492606 -2.968357 3.057676
 63.400000 1.494184 -2.956947 2.985832
 63.600000 1.489047 -2.965858 3.342201
 63.800000 1.590743 -3.010683 1.150436
 64.000000 1.549076 -2.995865 0.650755
 64.200000 1.574478 -3.012341 1.031974
 64.400000 1.518478 -2.963437 1.375155
 64.600000 1.511589 -3.003086 2.401683
 64.800000 1.596949 -2.966431 0.342171
 65.000000 1.443348 -2.934512 8.651243
 65.200000 1.588460 -2.922842 1.133604
 65.400000 1.577261 -3.054894 3.878323
 65.600000 1.443986 -2.917884 9.249591
 65.800000 1.506920 -2.992455 2.362544
 66.000000 1.490596 -2.982059 3.328536
 66.200000 1.444608 -3.030049 9.945547
 66.400000 1.534570 -2.989876 0.916464
 66.600000 1.429132 -2.911743 11.564284
 66.800000 1.535345 -2.942905 0.920128
 67.000000 1.535514 -3.052723 4.291572
 67.200000 1.539290 -3.036992 2.941559
 67.400000 1.450724 -3.024398 8.852580
 67.600000 1.528311 -3.007179 1.707300
 67.800000 1.505311 -3.057479 6.231996
 68.000000 1.479216 -3.027724 6.033538
 68.200000 1.534450 -2.982686 0.782627
 68.400000 1.507661 -2.988219 2.216903
 68.600000 1.531344 -3.033847 3.008488
 68.800000 1.537126 -3.019175 1.924835
 69.000000 1.595980 -2.919294 1.457882
 69.200000 1.476920 -2.974356 4.433023
 69.400000 1.524741 -2.973164 1.079164
 69.600000 1.569723 -2.881101 3.695040
 69.800000 1.553306 -2.955004 0.225634
 70.000000 1.564171 -2.934885 0.539572
 70.200000 1.546377 -2.958917 0.331311
 70.400000 1.658877 -3.027996 5.735736
 70.600000 1.556231 -2.943983 0.372355
 70.800000 1.472390 -2.981200 4.941886
 71.000000 1.551651 -3.045882 3.289750
 71.200000 1.491299 -2.923453 4.110675
 71.400000 1.499604 -2.954133 2.617758
 71.600000 1.424222 -2.997661 11.210220
 71.800000 1.485753 -2.885855 6.913250
 72.000000 1.463750 -2.915474 7.060029
 72.200000 1.595280 -2.975169 0.332621
 72.400000 1.488120 -3.012893 4.468031
 72.600000 1.511069 -2.952610 1.888073
 72.800000 1.550606 -2.930658 0.866373
 73.000000 1.483288 -2.920614 4.907453
 73.200000 1.483421 -2.929614 4.518329
 73.400000 1.525853 -2.956205 1.068865
 73.600000 1.561763 -2.889609 3.040127
 73.800000 1.447351 -3.008506 8.478310
 74.000000 1.563771 -2.945126 0.265220
 74.200000 1.511559 -3.004146 2.442229
 74.400000 1.467937 -2.932212 5.897264
 74.600000 1.564181 -2.944851 0.268494
 74.800000 1.517512 -2.916333 2.706241
 75.000000 1.504146 -2.941522 2.547216
 75.200000 1.508992 -2.996490 2.342942
 75.400000 1.601534 -2.946528 0.683167
 75.600000 1.476551 -2.978391 4.505316
 75.800000 1.531069 -2.970862 0.796374
 76.000000 1.460738 -2.953491 6.148430
 76.200000 1.434544 -2.936529 9.748444
 76.400000 1.604288 -2.968843 0.562440
 76.600000 1.437267 -3.056718 12.934244
 76.800000 1.516798 -2.998573 1.954442
 77.000000 1.596234 -3.029066 2.245920
 77.200000 1.432316 -2.985890 9.765714
 77.400000 1.600626 -2.921092 1.501416
 77.600000 1.438172 -2.961848 8.808166
 77.800000 1.434949 -2.967604 9.227454
 78.000000 1.490653 -2.955864 3.274110
 78.200000 1.498340 -2.937696 3.056079
 78.400000 1.592741 -2.961094 0.258574
 78.600000 1.562083 -3.009868 0.954248
 78.800000 1.589045 -2.982067 0.279116
 79.000000 1.592055 -2.967879 0.226300
 79.200000 1.519053 -3.046464 4.491187
 79.400000 1.561223 -2.953914 0.132227
 79.600000 1.464448 -2.883032 9.185370
 79.800000 1.559341 -2.926680 0.880881
 80.000000 1.508780 -3.029001 3.841353
 80.200000 1.524055 -2.931590 1.721426
 80.400000 1.525412 -2.950374 1.169059
 80.600000 1.564562 -3.011720 1.016693
 80.800000 1.476710 -2.894358 7.068919
 81.000000 1.537361 -3.025393 2.260371
 81.200000 1.526821 -2.936814 1.424320
 81.400000 1.499449 -2.916486 3.824046
 81.600000 1.554946 -2.941210 0.459722
 81.800000 1.549946 -2.933002 0.797325
 82.000000 1.465146 -2.918421 6.763810
 82.200000 1.534155 -2.956221 0.730043
 82.400000 1.508991 -2.984732 2.066085
 82.600000 1.453343 -2.952446 7.004440
 82.800000 1.544480 -3.010019 1.269039
 83.000000 1.580495 -2.953879 0.133898
 83.200000 1.493822 -2.959481 2.991247
 83.400000 1.554007 -3.016072 1.342049
 83.600000 1.467010 -2.934902 5.902902
 83.800000 1.452346 -2.904906 8.946775
 84.000000 1.514032 -2.983800 1.751228
 84.200000 1.470240 -2.966412 5.056002
 84.400000 1.509083 -2.881435 5.570102
 84.600000 1.538150 -2.948996 0.696031
 84.800000 1.589643 -2.962174 0.189525
 85.000000 1.518659 -2.881417 5.026516
 85.200000 1.626552 -3.008576 2.416152
 85.400000 1.519490 -2.899381 3.606384
 85.600000 1.548134 -3.016415 1.474760
 85.800000 1.544120 -3.013939 1.454635
 86.000000 1.363551 -2.962113 21.487509
 86.200000 1.426194 -2.971316 10.464032
 86.400000 1.489354 -3.106176 12.993035
 86.600000 1.477760 -2.954064 4.412290
 86.800000 1.538874 -3.000254 1.060417
 87.000000 1.421766 -3.034832 13.401607
 87.200000 1.527901 -2.916446 2.200885
 87.400000 1.500712 -3.000695 3.021558
 87.600000 1.477474 -3.057612 8.454339
 87.800000 1.515327 -3.027276 3.351387
 88.000000 1.536392 -3.025822 2.318358
 88.200000 1.635263 -3.015977 3.274421
 88.400000 1.455433 -2.991631 6.956215
 88.600000 1.580882 -2.955874 0.113419
 88.800000 1.576176 -2.968449 0.015438
 89.000000 1.420995 -2.971950 11.232160
 89.200000 1.598640 -2.947400 0.580886
 89.400000 1.591269 -2.897332 2.640584
 89.600000 1.467458 -2.942216 5.648006
 89.800000 1.583724 -3.005517 0.823038
 90.000000 1.569844 -2.881494 3.661234
 90.200000 1.556026 -2.952463 0.215615
 90.400000 1.567287 -2.980135 0.091644
 90.600000 1.513168 -2.893662 4.354158
 90.800000 1.463165 -2.861002 11.416398
 91.000000 1.569583 -2.950652 0.135337
 91.200000 1.559033 -2.921233 1.119215
 91.400000 1.495006 -2.887896 6.005537
 91.600000 1.495268 -3.034418 5.120796
 91.800000 1.507965 -2.953065 2.071804
 92.000000 1.330084 -3.055911 32.918472
 92.200000 1.648250 -3.011722 3.996924
 92.400000 1.461368 -2.986092 6.168407
 92.600000 1.518433 -2.948110 1.550517
 92.800000 1.520104 -2.969900 1.288893
 93.000000 1.509553 -2.921737 2.902439
 93.200000 1.488611 -2.923499 4.325976
 93.400000 1.539152 -2.865665 5.641113
 93.600000 1.517684 -2.983107 1.539235
 93.800000 1.507031 -2.916482 3.312027
 94.000000 1.652542 -3.030036 5.324199
 94.200000 1.578764 -2.990612 0.309099
 94.400000 1.570763 -2.961190 0.017229
 94.600000 1.621070 -2.995067 1.655934
 94.800000 1.488979 -2.919771 4.465125
 95.000000 1.527518 -2.967103 0.936492
 95.200000 1.591834 -2.952761 0.323525
 95.400000 1.594684 -2.981394 0.388048
 95.600000 1.545186 -3.065852 5.207860
 95.800000 1.590472 -2.968615 0.194771
 96.000000 1.505043 -2.943480 2.439722
 96.200000 1.481310 -3.031609 6.087239
 96.400000 1.564777 -2.994547 0.395899
 96.600000 1.529832 -2.949076 1.000732
 96.800000 1.557584 -3.065262 4.909160
 97.000000 1.583493 -2.949956 0.226876
 97.200000 1.509290 -2.972353 1.905504
 97.400000 1.578627 -3.024924 1.704800
 97.600000 1.485135 -3.003436 4.330562
 97.800000 1.483442 -3.027978 5.670839
 98.000000 1.567966 -2.971368 0.013286
 98.200000 1.477340 -3.012522 5.400416
 98.400000 1.517544 -2.936789 1.876096
 98.600000 1.519696 -3.025576 3.017750
 98.800000 1.520245 -3.034226 3.533376
 99.000000 1.435183 -2.933145 9.770650
 99.200000 1.548516 -3.032297 2.376152
 99.400000 1.494244 -2.887467 6.097640
 99.600000 1.526451 -2.949884 1.130742
 99.800000 1.571384 -2.994153 0.367182
 100.000000 1.491325 -2.956772 3.210789
 100.200000 1.518609 -2.864753 6.595127
 100.400000 1.494654 -3.054693 6.738658
 100.600000 1.509935 -2.929611 2.553262
 100.800000 1.578477 -2.968849 0.031097
 101.000000 1.522896 -2.945368 1.382484
 101.200000 1.597574 -2.911388 1.908228
 101.400000 1.491682 -2.937902 3.554589
 101.600000 1.597870 -2.915322 1.704893
 101.800000 1.467921 -2.948691 5.460415
 102.000000 1.534822 -3.025110 2.331953
 102.200000 1.524145 -3.048887 4.436008
 102.400000 1.455142 -2.985645 6.860642
 102.600000 1.517484 -3.021903 2.924995
 102.800000 1.443919 -3.048599 11.373206
 103.000000 1.455634 -3.049038 9.991447
 103.200000 1.564067 -2.970709 0.029299
 103.400000 1.401663 -3.011708 15.299765
 103.600000 1.570864 -3.042713 2.861688
 103.800000 1.482127 -3.036577 6.347421
 104.000000 1.544593 -2.952003 0.456673
 104.200000 1.474074 -3.007272 5.486130
 104.400000 1.538227 -3.021010 1.985690
 104.600000 1.586574 -2.972003 0.136678
 104.800000 1.571288 -2.952251 0.109763
 105.000000 1.615399 -2.993091 1.333509
 105.200000 1.588806 -2.947015 0.363063
 105.400000 1.581230 -2.880409 3.808591
 105.600000 1.584198 -2.956358 0.147062
 105.800000 1.597392 -2.929517 1.058376
 106.000000 1.540124 -2.945106 0.711369
 106.200000 1.594993 -2.973632 0.314339
 106.400000 1.501214 -2.968710 2.422228
 106.600000 1.472575 -2.906210 6.675094
 106.800000 1.618403 -2.976842 1.181040
 107.000000 1.453703 -2.969027 6.857373
 107.200000 1.513955 -2.872379 6.097704
 107.400000 1.623958 -2.971034 1.420990
 107.600000 1.465109 -3.010041 6.508654
 107.800000 1.581911 -2.979465 0.138713
 108.000000 1.494987 -2.911756 4.402828
 108.200000 1.439933 -2.933658 9.120485
 108.400000 1.474033 -3.012081 5.694976
 108.600000 1.420170 -2.917551 12.569665
 108.800000 1.506371 -3.036004 4.452010
 109.000000 1.452684 -3.105912 16.615238
 109.200000 1.452615 -3.087963 14.292227
 109.400000 1.529862 -2.922608 1.825787
 109.600000 1.490945 -2.998775 3.691019
 109.800000 1.519357 -3.051803 4.913734
 110.000000 1.492028 -2.940338 3.459247
 110.200000 1.581172 -2.890670 2.971498
 110.400000 1.675454 -3.059055 9.708132
 110.600000 1.560945 -2.848096 7.124696
 110.800000 1.625916 -2.864707 6.757134
 111.000000 1.610237 -2.980527 0.868492
 111.200000 1.547622 -2.951388 0.391340
 111.400000 1.565403 -2.885961 3.303025
 111.600000 1.549654 -2.869931 4.940518
 111.800000 1.507523 -2.945655 2.230857
 112.000000 1.595329 -2.908725 2.002394
 112.200000 1.573218 -2.935489 0.501291
 112.400000 1.478822 -2.934117 4.772290
 112.600000 1.495392 -2.969972 2.847115
 112.800000 1.422614 -2.941424 11.307652
 113.000000 1.434328 -2.970415 9.317421
 113.200000 1.386685 -3.046979 20.142096
 113.400000 1.533297 -2.969219 0.705434
 113.600000 1.475476 -2.947264 4.738912
 113.800000 1.478616 -2.983680 4.386724
 114.000000 1.543598 -2.973545 0.390897
 114.200000 1.549562 -2.889703 3.217468
 114.400000 1.516233 -3.008788 2.359169
 114.600000 1.554803 -3.031160 2.182319
 114.800000 1.559601 -2.880860 3.777870
 115.000000 1.593930 -3.014094 1.373694
 115.200000 1.513296 -2.987951 1.871378
 115.400000 1.541232 -2.916605 1.709860
 115.600000 1.585916 -2.957879 0.156438
 115.800000 1.557366 -3.021398 1.566516
 116.000000 1.422922 -2.969886 10.937397
 116.200000 1.621039 -2.971435 1.271735
 116.400000 1.507031 -3.025456 3.738078
 116.600000 1.472201 -2.972107 4.873244
 116.800000 1.561133 -3.000688 0.612118
 117.000000 1.467487 -2.987756 5.550523
 117.200000 1.496574 -2.984327 2.903552
 117.400000 1.489095 -3.004578 4.041338
 117.600000 1.463461 -2.976568 5.805627
 117.800000 1.531501 -2.932831 1.357860
 118.000000 1.516864 -2.940045 1.819219
 118.200000 1.556424 -2.947431 0.295924
 118.400000 1.528494 -2.913246 2.342712
 118.600000 1.631826 -2.953477 1.954565
 118.800000 1.531004 -2.980711 0.884901
 119.000000 1.672994 -2.958978 5.254877
 119.200000 1.551111 -2.955829 0.256814
 119.400000 1.508729 -2.826282 11.835333
 119.600000 1.516834 -2.871522 6.019668
 119.800000 1.566165 -2.952189 0.121293
 120.000000 1.594264 -2.919268 1.417368
 120.200000 1.520623 -2.853032 7.759903
 120.400000 1.616380 -2.954165 1.122076
 120.600000 1.517382 -2.969478 1.429452
 120.800000 1.553249 -2.970148 0.158731
 121.000000 1.586297 -2.990361 0.391616
 121.200000 1.447309 -2.964240 7.628493
 121.400000 1.523427 -3.085641 8.152704
 121.600000 1.488062 -2.971704 3.433283
 121.800000 1.474925 -2.976518 4.640351
 122.000000 1.537975 -3.022895 2.097402
 122.200000 1.451026 -3.013440 8.248043
 122.400000 1.529712 -2.914103 2.246186
 122.600000 1.530222 -3.054561 4.651376
 122.800000 1.431652 -3.050190 13.135898
 123.000000 1.563732 -2.922156 1.033126
 123.200000 1.477392 -2.993419 4.709583
 123.400000 1.557878 -2.996868 0.527695
 123.600000 1.544936 -3.000041 0.878254
 123.800000 1.545054 -2.883823 3.795514
 124.000000 1.566398 -2.884680 3.402868
 124.200000 1.520751 -2.944265 1.512056
 124.400000 1.583519 -3.031063 2.129146
 124.600000 1.588250 -2.859316 5.956634
 124.800000 1.488931 -2.907898 5.101035
 125.000000 1.607891 -3.029493 2.636941
 125.200000 1.465367 -2.900078 7.800942
 125.400000 1.494220 -2.866075 8.030985
 125.600000 1.626806 -2.990711 1.848228
 125.800000 1.439261 -2.915772 9.965960
 126.000000 1.564411 -2.915377 1.355931
 126.200000 1.490339 -3.025325 4.934118
 126.400000 1.466459 -2.931489 6.075784
 126.600000 1.533703 -2.956601 0.742667
 126.800000 1.464544 -3.000576 6.206453
 127.000000 1.448086 -2.933164 8.103336
 127.200000 1.437554 -2.944986 9.120440
 127.400000 1.477454 -2.980607 4.448142
 127.600000 1.452901 -2.937460 7.387750
 127.800000 1.588842 -3.016912 1.405439
 128.000000 1.506239 -3.000014 2.626810
 128.200000 1.490274 -3.032882 5.408177
 128.400000 1.503510 -3.009167 3.150232
 128.600000 1.482067 -2.931272 4.576853
 128.800000 1.541312 -3.011692 1.430704
 129.000000 1.544151 -2.948898 0.519915
 129.200000 1.561826 -2.957494 0.085988
 129.400000 1.550053 -2.955790 0.278637
 129.600000 1.497547 -3.063341 7.317730
 129.800000 1.563199 -2.875044 4.262306
 130.000000 1.492679 -2.944966 3.295269
 130.200000 1.552711 -3.000446 0.720874
 130.400000 1.539226 -2.905885 2.369553
 130.600000 1.558792 -2.930181 0.752080
 130.800000 1.505761 -2.956094 2.174944
 131.000000 1.453457 -2.942068 7.196564
 131.200000 1.514002 -2.967681 1.612970
 131.400000 1.550477 -2.942652 0.504296
 131.600000 1.509390 -2.892582 4.658828
 131.800000 1.470211 -2.998414 5.550285
 132.000000 1.430886 -3.027146 11.592594
 132.200000 1.556859 -2.957669 0.141217
 132.400000 1.531154 -3.012723 1.828338
 132.600000 1.400094 -2.991887 14.877829
 132.800000 1.604155 -3.030376 2.560852
 133.000000 1.436471 -3.044824 12.045279
 133.200000 1.497981 -2.996402 3.081516
 133.400000 1.537202 -3.003557 1.230323
 133.600000 1.484097 -2.991769 4.063633
 133.800000 1.485086 -2.965738 3.673991
 134.000000 1.592390 -2.982363 0.350224
 134.200000 1.504073 -2.935988 2.708742
 134.400000 1.545834 -2.950018 0.456770
 134.600000 1.598085 -2.984846 0.530524
 134.800000 1.527651 -2.971077 0.938816
 135.000000 1.612942 -2.835535 9.537479
 135.200000 1.466860 -2.993209 5.743236
 135.400000 1.571673 -2.960905 0.019325
 135.600000 1.520511 -2.906688 3.086661
 135.800000 1.436911 -2.964922 8.964937
 136.000000 1.617661 -2.986738 1.291748
 136.200000 1.528821 -2.937951 1.304631
 136.400000 1.528280 -2.953168 1.000286
 136.600000 1.491980 -2.900617 5.313306
 136.800000 1.434325 -2.911644 10.847611
 137.000000 1.562830 -3.003660 0.701526
 137.200000 1.519410 -2.973162 1.338882
 137.400000 1.490168 -2.952178 3.361169
 137.600000 1.502038 -3.009252 3.253970
 137.800000 1.472623 -3.004907 5.535220
 138.000000 1.485777 -2.916290 4.902951
 138.200000 1.519444 -2.980432 1.407952
 138.400000 1.518663 -3.042662 4.216772
 138.600000 1.575155 -2.949528 0.163181
 138.800000 1.610039 -2.973115 0.788342
 139.000000 1.553761 -2.955232 0.215048
 139.200000 1.509857 -2.951847 1.972498
 139.400000 1.612906 -2.960631 0.907280
 139.600000 1.551996 -2.975116 0.209172
 139.800000 1.490718 -3.018724 4.540830
 140.000000 1.587298 -3.045942 3.247372
 140.200000 1.640405 -2.949478 2.577261
 140.400000 1.565902 -2.972732 0.028063
 140.600000 1.589515 -2.970283 0.180384
 140.800000 1.484772 -2.872784 8.144128
 141.000000 1.553324 -2.956659 0.206733
 141.200000 1.484210 -3.023727 5.354194
 141.400000 1.532681 -2.991325 1.020777
 141.600000 1.552367 -2.965423 0.171167
 141.800000 1.541049 -2.998314 0.930873
 142.000000 1.564190 -2.962881 0.030553
 142.200000 1.549818 -2.927950 0.984822
 142.400000 1.547572 -3.008897 1.144869
 142.600000 1.455631 -2.950543 6.767926
 142.800000 1.525223 -2.973441 1.058848
 143.000000 1.591913 -2.941203 0.557241
 143.200000 1.551677 -2.891123 3.066002
 143.400000 1.504738 -2.876150 6.314161
 143.600000 1.565164 -2.936987 0.468054
 143.800000 1.583714 -2.925067 0.965148
 144.000000 1.465403 -2.917974 6.758574
 144.200000 1.542015 -2.964317 0.417955
 144.400000 1.489117 -2.894648 5.957506
 144.600000 1.440340 -2.895550 11.066273
 144.800000 1.547132 -2.974564 0.308164
 145.000000 1.498337 -2.913841 4.041291
 145.200000 1.461098 -3.017041 7.265903
 145.400000 1.563347 -2.947121 0.226524
 145.600000 1.486325 -2.946056 3.788262
 145.800000 1.516852 -3.001963 2.064141
 146.000000 1.487488 -2.989070 3.712396
 146.200000 1.462081 -2.962843 5.918349
 146.400000 1.522597 -3.038584 3.719476
 146.600000 1.522328 -3.018966 2.521685
 146.800000 1.396467 -2.905036 17.118867
 147.000000 1.602606 -2.968264 0.506641
 147.200000 1.480030 -2.983346 4.251902
 147.400000 1.545496 -2.959546 0.348267
 147.600000 1.631745 -2.963111 1.865167
 147.800000 1.470391 -3.048751 8.377410
 148.000000 1.603747 -2.965868 0.543576
 148.200000 1.544530 -2.959501 0.373517
 148.400000 1.510425 -2.977194 1.873712
 148.600000 1.506764 -3.016587 3.276573
 148.800000 1.558090 -2.905576 1.970825
 149.000000 1.578039 -2.916627 1.297948
 149.200000 1.521914 -2.869866 5.918073
 149.400000 1.560103 -2.994816 0.442373
 149.600000 1.525055 -2.918205 2.239502
 149.800000 1.477463 -2.904516 6.311386
 150.000000 1.585840 -2.969130 0.115304
 150.200000 1.569557 -2.924653 0.899941
 150.400000 1.471123 -2.925050 5.849779
 150.600000 1.509340 -2.959779 1.914924
 150.800000 1.486762 -2.912444 5.022292
 151.000000 1.615643 -2.936188 1.482148
 151.200000 1.459773 -2.965192 6.164782
 151.400000 1.588216 -2.918155 1.347540
 151.600000 1.547909 -2.951027 0.390437
 151.800000 1.495219 -3.003582 3.522917
 152.000000 1.477366 -3.013792 5.456566
 152.200000 1.542756 -2.939494 0.773062
 152.400000 1.632706 -2.994680 2.297846
 152.600000 1.503927 -2.952293 2.344782
 152.800000 1.604986 -2.954086 0.668627
 153.000000 1.626687 -2.918634 2.734394
 153.200000 1.530606 -3.004209 1.497662
 153.400000 1.489663 -3.004230 3.982110
 153.600000 1.541245 -2.919259 1.579083
 153.800000 1.592994 -2.955069 0.318252
 154.000000 1.553680 -2.921431 1.187487
 154.200000 1.572467 -2.907486 1.775897
 154.400000 1.520690 -2.907431 3.033085
 154.600000 1.453027 -2.889878 9.913263
 154.800000 1.559022 -2.964418 0.072804
 155.000000 1.524869 -2.945894 1.278652
 155.200000 1.551388 -2.976589 0.233750
 155.400000 1.488033 -2.945774 3.651402
 155.600000 1.597319 -2.992048 0.663930
 155.800000 1.590895 -2.977161 0.253007
 156.000000 1.581587 -3.030301 2.057934
 156.200000 1.515218 -2.979784 1.625421
 156.400000 1.541356 -3.031533 2.511800
 156.600000 1.581229 -3.016288 1.266138
 156.800000 1.496724 -3.065112 7.550490
 157.000000 1.603252 -3.060726 4.913386
 157.200000 1.608000 -2.986461 0.880277
 157.400000 1.523914 -2.962693 1.108527
 157.600000 1.614287 -3.002866 1.586745
 157.800000 1.479818 -3.010669 5.089426
 158.000000 1.514857 -2.985201 1.729182
 158.200000 1.536299 -3.025541 2.305105
 158.400000 1.496255 -2.953931 2.864351
 158.600000 1.569532 -2.953721 0.089756
 158.800000 1.533809 -3.019328 2.050023
 159.000000 1.430011 -2.911615 11.447240
 159.200000 1.597129 -3.034160 2.597922
 159.400000 1.536352 -2.990480 0.867463
 159.600000 1.548799 -2.901701 2.377849
 159.800000 1.544968 -2.946391 0.547140
 160.000000 1.475952 -2.981477 4.601654
 160.200000 1.496092 -2.934393 3.323882
 160.400000 1.506013 -2.869226 6.884124
 160.600000 1.509393 -2.957308 1.932759
 160.800000 1.560968 -2.978779 0.116960
 161.000000 1.531540 -2.912014 2.285555
 161.200000 1.586083 -2.927151 0.913194
 161.400000 1.531246 -3.005268 1.512073
 161.600000 1.502282 -2.932343 2.949755
 161.800000 1.540655 -2.931500 1.086522
 162.000000 1.632119 -2.937453 2.318499
 162.200000 1.545699 -2.952938 0.414648
 162.400000 1.608562 -2.863540 6.071323
 162.600000 1.555349 -3.004903 0.835386
 162.800000 1.489261 -3.047689 6.574499
 163.000000 1.523396 -2.942281 1.430381
 163.200000 1.444419 -2.967035 7.985673
 163.400000 1.543923 -3.017658 1.641189
 163.600000 1.504323 -3.023373 3.794966
 163.800000 1.545360 -2.939542 0.702125
 164.000000 1.530949 -3.008914 1.669794
 164.200000 1.566157 -2.965574 0.011863
 164.400000 1.513293 -2.999199 2.169788
 164.600000 1.565393 -2.915786 1.329071
 164.800000 1.534714 -2.903790 2.652484
 165.000000 1.494733 -2.984780 3.049813
 165.200000 1.553784 -2.962164 0.156694
 165.400000 1.469338 -2.957279 5.194777
 165.600000 1.506461 -3.014888 3.213312
 165.800000 1.531539 -2.913392 2.210655
 166.000000 1.444624 -2.964793 7.962335
 166.200000 1.536524 -2.931739 1.211058
 166.400000 1.442674 -2.952387 8.315291
 166.600000 1.555004 -2.913664 1.550271
 166.800000 1.455089 -2.996297 7.121458
 167.000000 1.530038 -2.983858 0.971717
 167.200000 1.440084 -2.929799 9.237020
 167.400000 1.584938 -3.008869 0.974007
 167.600000 1.475897 -2.951122 4.629973
 167.800000 1.541519 -2.915705 1.747234
 168.000000 1.526272 -2.962714 1.000649
 168.200000 1.542957 -3.015570 1.564138
 168.400000 1.585788 -2.974241 0.138158
 168.600000 1.581358 -2.940861 0.398952
 168.800000 1.527311 -2.995917 1.361868
 169.000000 1.635618 -3.019384 3.469831
 169.200000 1.582389 -3.001224 0.650797
 169.400000 1.535544 -2.954833 0.696112
 169.600000 1.511105 -2.986067 1.962153
 169.800000 1.550901 -2.963186 0.205413
 170.000000 1.507112 -3.043189 4.925684
 170.200000 1.519538 -2.940502 1.666333
 170.400000 1.495519 -2.924535 3.737513
 170.600000 1.546259 -2.977257 0.353029
 170.800000 1.452555 -2.980233 7.077313
 171.000000 1.509181 -2.918864 3.059617
 171.200000 1.519310 -2.889046 4.368486
 171.400000 1.371630 -2.956882 19.885493
 171.600000 1.569945 -2.966654 0.000445
 171.800000 1.472370 -2.979814 4.925210
 172.000000 1.463830 -2.895063 8.312673
 172.200000 1.568960 -3.026834 1.788171
 172.400000 1.525732 -2.920333 2.107059
 172.600000 1.575132 -2.944154 0.271740
 172.800000 1.595018 -2.939829 0.664108
 173.000000 1.564539 -2.968339 0.020392
 173.200000 1.647228 -2.952633 3.024965
 173.400000 1.553152 -2.945627 0.385357
 173.600000 1.527313 -2.947181 1.142966
 173.800000 1.579690 -2.941522 0.365631
 174.000000 1.512913 -2.990518 1.950370
 174.200000 1.526278 -2.854838 7.287854
 174.400000 1.460276 -2.983642 6.244902
 174.600000 1.515841 -2.972183 1.523159
 174.800000 1.528436 -2.876909 4.960773
 175.000000 1.531750 -2.998712 1.263231
 175.200000 1.531557 -2.960936 0.788618
 175.400000 1.515119 -2.914853 2.912752
 175.600000 1.521876 -2.928377 1.944812
 175.800000 1.395748 -3.003448 15.982986
 176.000000 1.570291 -2.935632 0.493994
 176.200000 1.535469 -2.962150 0.636068
 176.400000 1.487793 -2.959327 3.474650
 176.600000 1.565883 -2.957256 0.060131
 176.800000 1.660064 -2.995017 4.375186
 177.000000 1.616848 -2.990150 1.326974
 177.200000 1.487396 -2.980255 3.564822
 177.400000 1.619821 -3.011276 2.179217
 177.600000 1.536553 -2.970893 0.593666
 177.800000 1.558573 -3.023356 1.659364
 178.000000 1.552978 -3.078841 6.406279
 178.200000 1.417714 -2.961607 11.731947
 178.400000 1.523678 -3.009412 2.006933
 178.600000 1.480199 -3.019416 5.474570
 178.800000 1.466378 -3.026490 7.217560
 179.000000 1.558044 -3.009632 0.987487
 179.200000 1.516917 -2.985070 1.613644
 179.400000 1.521556 -2.972583 1.227571
 179.600000 1.583396 -2.976076 0.120016
 179.800000 1.487108 -2.937669 3.933735
 180.000000 1.433718 -2.975721 9.432756
 180.200000 1.587577 -2.985022 0.302114
 180.400000 1.548310 -2.906025 2.115448
 180.600000 1.551804 -2.917821 1.392596
 180.800000 1.571286 -3.020723 1.439987
 181.000000 1.552191 -2.990390 0.445227
 181.200000 1.510259 -2.902285 3.930252
 181.400000 1.572273 -3.030064 1.985862
 181.600000 1.592767 -2.938234 0.656822
 181.800000 1.533816 -2.928891 1.412186
 182.000000 1.559691 -2.980658 0.154122
 182.200000 1.465451 -2.929452 6.256037
 182.400000 1.476376 -2.999786 4.993073
 182.600000 1.482589 -3.009237 4.779754
 182.800000 1.505496 -2.934801 2.652412
 183.000000 1.569273 -3.044472 2.997466
 183.200000 1.511216 -2.986021 1.954651
 183.400000 1.437382 -2.940509 9.252154
 183.600000 1.543588 -2.987481 0.578663
 183.800000 1.449820 -2.970238 7.322665
 184.000000 1.553765 -2.993680 0.499335
 184.200000 1.490968 -3.002814 3.825443
 184.400000 1.448342 -3.056493 11.496690
 184.600000 1.424212 -2.931966 11.359312
 184.800000 1.587997 -2.929628 0.848490
 185.000000 1.445462 -2.915193 9.199454
 185.200000 1.597753 -2.892571 3.137595
 185.400000 1.608231 -2.967875 0.701008
 185.600000 1.504773 -2.970166 2.184354
 185.800000 1.575513 -2.976622 0.056838
 186.000000 1.541561 -2.976652 0.473371
 186.200000 1.504370 -2.896535 4.693121
 186.400000 1.593784 -2.972725 0.280272
 186.600000 1.575224 -2.956106 0.069800
 186.800000 1.541038 -2.908862 2.136280
 187.000000 1.544415 -2.972093 0.360659
 187.200000 1.498272 -3.002723 3.265842
 187.400000 1.557092 -2.954075 0.178205
 187.600000 1.426092 -2.915287 11.809880
 187.800000 1.496534 -2.953344 2.851480
 188.000000 1.553143 -2.922518 1.147823
 188.200000 1.463826 -2.990554 5.997304
 188.400000 1.524571 -3.012430 2.097623
 188.600000 1.461908 -2.938830 6.326743
 188.800000 1.397635 -2.908589 16.701892
 189.000000 1.529533 -2.952801 0.952990
 189.200000 1.511831 -2.918339 2.925323
 189.400000 1.514450 -3.022059 3.099899
 189.600000 1.564865 -3.033786 2.243772
 189.800000 1.527098 -2.916744 2.220615
 190.000000 1.642057 -2.993061 2.877056
 190.200000 1.539865 -3.046198 3.609835
 190.400000 1.464640 -2.922003 6.649684
 190.600000 1.638195 -2.963572 2.277391
 190.800000 1.521052 -3.010609 2.185552
 191.000000 1.513577 -3.011119 2.607677
 191.200000 1.495894 -3.010115 3.732091
 191.400000 1.506750 -3.014226 3.163326
 191.600000 1.543987 -2.935568 0.855235
 191.800000 1.515730 -2.982255 1.631609
 192.000000 1.610241 -2.975660 0.814935
 192.200000 1.415825 -2.908397 13.728755
 192.400000 1.549462 -2.993934 0.588692
 192.600000 1.477734 -3.001746 4.931875
 192.800000 1.483009 -2.904251 5.825729
 193.000000 1.569843 -2.978634 0.067438
 193.200000 1.505904 -3.010288 3.039889
 193.400000 1.523480 -2.900431 3.339130
 193.600000 1.438676 -2.922383 9.725865
 193.800000 1.558518 -2.992916 0.409640
 194.000000 1.553672 -2.936130 0.624947
 194.200000 1.557199 -2.903328 2.123279
 194.400000 1.552340 -2.946169 0.388522
 194.600000 1.495903 -2.935507 3.302282
 194.800000 1.590297 -2.867135 5.182566
 195.000000 1.476079 -2.840600 12.481710
 195.200000 1.548321 -2.970589 0.258803
 195.400000 1.560734 -3.010691 1.002455
 195.600000 1.533733 -2.834088 9.527544
 195.800000 1.589494 -2.871569 4.733996
 196.000000 1.556079 -2.945481 0.341126
 196.200000 1.549179 -2.896754 2.705079
 196.400000 1.548591 -2.897802 2.644846
 196.600000 1.652860 -3.005745 4.115467
 196.800000 1.517616 -3.039626 4.047059
 197.000000 1.625822 -2.885389 4.849013
 197.200000 1.564618 -3.061716 4.498973
 197.400000 1.535332 -2.926679 1.444171
 197.600000 1.545652 -2.989952 0.578126
 197.800000 1.512717 -2.964061 1.691121
 198.000000 1.425806 -2.959304 10.541142
 198.200000 1.545748 -3.040510 3.011152
 198.400000 1.446486 -2.976302 7.769197
 198.600000 1.438005 -2.881431 12.482887
 198.800000 1.474410 -3.001859 5.250651
 199.000000 1.568863 -3.066811 4.977004
 199.200000 1.576471 -2.926527 0.837538
 199.400000 1.560476 -3.004628 0.758950
 199.600000 1.613935 -2.968097 0.931011
 199.800000 1.556127 -2.986183 0.290431
 200.000000 1.582131 -2.799865 14.041219
