#! FIELDS time phi psi restraint.bias
#! SET min_phi -pi
#! SET max_phi pi
#! SET min_psi -pi
#! SET max_psi pi
 0.000000 -2.285272 0.484738 476.267973
 0.200000 -2.950935 -0.340132 12.586472
 0.400000 -2.686481 -0.216041 14.470598
 0.600000 -2.865162 -0.353381 2.647252
 0.800000 -2.799454 -0.307808 0.875104
 1.000000 -2.736863 -0.290454 3.266889
 1.200000 -2.818139 -0.387301 1.058967
 1.400000 -2.691263 -0.247218 10.313605
 1.600000 -2.878433 -0.443072 8.108537
 1.800000 -2.696322 -0.350303 4.628448
 2.000000 -2.791100 -0.391359 0.895393
 2.200000 -2.771098 -0.371665 0.484961
 2.400000 -2.688908 -0.399537 6.642045
 2.600000 -2.811544 -0.349317 0.180859
 2.800000 -2.698648 -0.413654 6.492434
 3.000000 -2.793984 -0.408885 1.790246
 3.200000 -2.819858 -0.324762 0.668835
 3.400000 -2.769600 -0.381329 0.783269
 3.600000 -2.806757 -0.267060 3.463696
 3.800000 -2.829296 -0.263552 4.332297
 4.000000 -2.734791 -0.323102 2.003793
 4.200000 -2.797256 -0.272078 2.974716
 4.400000 -2.807850 -0.276976 2.715891
 4.600000 -2.816557 -0.295684 1.713537
 4.800000 -2.649077 -0.352354 10.294315
 5.000000 -2.863694 -0.430703 5.864660
 5.200000 -2.723244 -0.378657 2.837855
 5.400000 -2.794247 -0.307220 0.877004
 5.600000 -2.809725 -0.297897 1.457028
 5.800000 -2.758849 -0.286533 2.522287
 6.000000 -2.822905 -0.360217 0.523605
 6.200000 -2.751711 -0.374109 1.146559
 6.400000 -2.746104 -0.382443 1.634549
 6.600000 -2.802651 -0.388986 0.848036
 6.800000 -2.663409 -0.340738 8.370339
 7.000000 -2.861418 -0.331476 2.527726
 7.200000 -2.781951 -0.276503 2.688598
 7.400000 -2.717212 -0.336036 2.921021
 7.600000 -2.848820 -0.347492 1.585713
 7.800000 -2.766377 -0.327144 0.582189
 8.000000 -2.760613 -0.329897 0.692963
 8.200000 -2.751950 -0.301426 1.958029
 8.400000 -2.795461 -0.387182 0.730707
 8.600000 -2.695250 -0.376666 5.112310
 8.800000 -2.804295 -0.361118 0.141871
 9.000000 -2.811906 -0.341017 0.220176
 9.200000 -2.732003 -0.406369 3.473344
 9.400000 -2.765675 -0.394897 1.410754
 9.600000 -2.777427 -0.407501 1.821359
 9.800000 -2.793102 -0.378537 0.434432
 10.000000 -2.732631 -0.378803 2.235919
 10.200000 -2.756922 -0.388584 1.414698
 10.400000 -2.732050 -0.272633 4.749685
 10.600000 -2.809756 -0.389947 0.984070
 10.800000 -2.729854 -0.312894 2.618129
 11.000000 -2.821443 -0.334268 0.527561
 11.200000 -2.767339 -0.336892 0.391320
 11.400000 -2.828483 -0.206693 10.781437
 11.600000 -2.812654 -0.276502 2.835289
 11.800000 -2.834679 -0.339663 0.932614
 12.000000 -2.828816 -0.253180 5.255512
 12.200000 -2.783501 -0.367612 0.212710
 12.400000 -2.792910 -0.370863 0.237638
 12.600000 -2.788737 -0.353156 0.015547
 12.800000 -2.717002 -0.496630 13.739630
 13.000000 -2.755356 -0.361641 0.769889
 13.200000 -2.822341 -0.367157 0.608082
 13.400000 -2.718599 -0.416974 5.038416
 13.600000 -2.829457 -0.330934 0.846301
 13.800000 -2.743420 -0.373279 1.498865
 14.000000 -2.747367 -0.418849 3.454550
 14.200000 -2.741980 -0.425899 4.229156
 14.400000 -2.712002 -0.280244 5.610300
 14.600000 -2.750777 -0.330091 1.051530
 14.800000 -2.775554 -0.362997 0.241069
 15.000000 -2.773999 -0.302635 1.249559
 15.200000 -2.784886 -0.222414 8.049512
 15.400000 -2.819336 -0.353160 0.367737
 15.600000 -2.793146 -0.321950 0.367831
 15.800000 -2.742870 -0.378393 1.662938
 16.000000 -2.721779 -0.413939 4.606897
 16.200000 -2.759080 -0.317662 1.052465
 16.400000 -2.815692 -0.373986 0.578815
 16.600000 -2.807383 -0.308137 0.947934
 16.800000 -2.835683 -0.341466 0.960111
 17.000000 -2.717061 -0.304217 3.853261
 17.200000 -2.822231 -0.387508 1.180045
 17.400000 -2.703897 -0.359982 3.987236
 17.600000 -2.768256 -0.336459 0.374011
 17.800000 -2.886818 -0.319527 4.881672
 18.000000 -2.777811 -0.282902 2.297136
 18.200000 -2.855564 -0.359080 2.037018
 18.400000 -2.712802 -0.397586 4.355093
 18.600000 -2.736339 -0.403887 3.081219
 18.800000 -2.813644 -0.335124 0.320147
 19.000000 -2.793420 -0.285759 2.004251
 19.200000 -2.816701 -0.336766 0.367833
 19.400000 -2.730836 -0.362918 1.998849
 19.600000 -2.740513 -0.387407 2.087732
 19.800000 -2.804051 -0.374737 0.395900
 20.000000 -2.734089 -0.378652 2.145154
 20.200000 -2.776710 -0.356378 0.151823
 20.400000 -2.801549 -0.306736 0.936612
 20.600000 -2.825018 -0.325016 0.817050
 20.800000 -2.758122 -0.385920 1.270987
 21.000000 -2.734949 -0.391246 2.547193
 21.200000 -2.818282 -0.428026 3.449050
 21.400000 -2.724849 -0.258604 6.381796
 21.600000 -2.772201 -0.213491 9.396902
 21.800000 -2.799415 -0.324580 0.323491
 22.000000 -2.739313 -0.286807 3.353954
 22.200000 -2.788850 -0.370812 0.243201
 22.400000 -2.780095 -0.384035 0.688713
 22.600000 -2.732102 -0.362385 1.914288
 22.800000 -2.701266 -0.366671 4.319217
 23.000000 -2.792957 -0.458695 6.009353
 23.200000 -2.797231 -0.396715 1.146298
 23.400000 -2.746373 -0.405600 2.663160
 23.600000 -2.799167 -0.407805 1.747176
 23.800000 -2.769113 -0.388595 1.055388
 24.000000 -2.795595 -0.262959 3.711883
 24.200000 -2.790565 -0.346052 0.006466
 24.400000 -2.752072 -0.342424 0.840369
 24.600000 -2.725711 -0.340511 2.268770
 24.800000 -2.871954 -0.335296 3.249174
 25.000000 -2.768305 -0.252546 4.951431
 25.200000 -2.790409 -0.316047 0.547353
 25.400000 -2.790760 -0.270566 3.082679
 25.600000 -2.778867 -0.324674 0.390770
 25.800000 -2.742656 -0.300629 2.416626
 26.000000 -2.792828 -0.336989 0.072968
 26.200000 -2.781137 -0.361877 0.146931
 26.400000 -2.746954 -0.354611 1.053803
 26.600000 -2.790229 -0.324038 0.315835
 26.800000 -2.839234 -0.407657 2.807261
 27.000000 -2.775741 -0.431164 3.510924
 27.200000 -2.779780 -0.396786 1.219839
 27.400000 -2.797541 -0.427293 3.072339
 27.600000 -2.757642 -0.321222 0.996141
 27.800000 -2.783850 -0.307190 0.914457
 28.000000 -2.785859 -0.359360 0.075222
 28.200000 -2.817927 -0.304750 1.304554
 28.400000 -2.754658 -0.373892 1.025182
 28.600000 -2.775018 -0.263010 3.856057
 28.800000 -2.702734 -0.297587 5.356422
 29.000000 -2.808677 -0.314911 0.713680
 29.200000 -2.722314 -0.281099 4.774699
 29.400000 -2.753376 -0.339197 0.815078
 29.600000 -2.849252 -0.422401 4.297910
 29.800000 -2.763623 -0.369401 0.624468
 30.000000 -2.723383 -0.278986 4.846002
 30.200000 -2.766203 -0.353664 0.357052
 30.400000 -2.774169 -0.408976 1.963125
 30.600000 -2.749158 -0.359798 0.998000
 30.800000 -2.785981 -0.315952 0.569679
 31.000000 -2.766302 -0.429150 3.550597
 31.200000 -2.719339 -0.325792 2.949100
 31.400000 -2.819482 -0.413453 2.436165
 31.600000 -2.764937 -0.320272 0.795146
 31.800000 -2.764676 -0.231040 7.352851
 32.000000 -2.844734 -0.407924 3.094949
 32.200000 -2.753773 -0.341550 0.779192
 32.400000 -2.774469 -0.374219 0.479374
 32.600000 -2.796384 -0.363203 0.107370
 32.800000 -2.763540 -0.257529 4.609664
 33.000000 -2.850647 -0.306702 2.586334
 33.200000 -2.771484 -0.272676 3.139104
 33.400000 -2.784541 -0.389698 0.857381
 33.600000 -2.792593 -0.384516 0.628342
 33.800000 -2.763393 -0.357468 0.459674
 34.000000 -2.804110 -0.483913 9.159020
 34.200000 -2.691076 -0.308807 5.956569
 34.400000 -2.827579 -0.432670 4.109154
 34.600000 -2.785187 -0.369786 0.241588
 34.800000 -2.680759 -0.370844 6.483210
 35.000000 -2.804535 -0.404466 1.606718
 35.200000 -2.725383 -0.438731 6.274135
 35.400000 -2.836458 -0.347781 0.965794
 35.600000 -2.814906 -0.327262 0.488111
 35.800000 -2.805238 -0.327324 0.317147
 36.000000 -2.807424 -0.235418 6.568920
 36.200000 -2.729606 -0.331519 2.133437
 36.400000 -2.851741 -0.380238 2.239047
 36.600000 -2.708946 -0.265142 7.014502
 36.800000 -2.769179 -0.318167 0.749914
 37.000000 -2.807936 -0.356150 0.143818
 37.200000 -2.736648 -0.308453 2.385887
 37.400000 -2.689147 -0.384705 5.978765
 37.600000 -2.782683 -0.470570 7.430041
 37.800000 -2.783499 -0.420828 2.615656
 38.000000 -2.710335 -0.379597 3.843799
 38.200000 -2.727475 -0.455435 7.773043
 38.400000 -2.799421 -0.446231 4.744263
 38.600000 -2.705380 -0.276130 6.457063
 38.800000 -2.808523 -0.292103 1.750307
 39.000000 -2.836580 -0.280357 3.330823
 39.200000 -2.715913 -0.228145 10.245745
 39.400000 -2.748745 -0.247441 6.122260
 39.600000 -2.933024 -0.342666 9.890207
 39.800000 -2.731969 -0.212646 11.138752
 40.000000 -2.832957 -0.320443 1.226936
 40.200000 -2.866756 -0.370315 2.980765
 40.400000 -2.730264 -0.379260 2.394152
 40.600000 -2.765334 -0.391246 1.259291
 40.800000 -2.744018 -0.446399 5.913418
 41.000000 -2.735518 -0.435999 5.403691
 41.200000 -2.738053 -0.361825 1.565121
 41.400000 -2.699896 -0.377245 4.687274
 41.600000 -2.787183 -0.384943 0.657868
 41.800000 -2.816731 -0.337533 0.359414
 42.000000 -2.816764 -0.351944 0.297868
 42.200000 -2.855056 -0.374911 2.288902
 42.400000 -2.729840 -0.307560 2.826213
 42.600000 -2.889887 -0.262424 8.492853
 42.800000 -2.795322 -0.173762 15.369702
 43.000000 -2.751199 -0.247601 6.001566
 43.200000 -2.817957 -0.363854 0.432675
 43.400000 -2.769476 -0.353941 0.277546
 43.600000 -2.675169 -0.355240 6.905490
 43.800000 -2.859209 -0.428811 5.402897
 44.000000 -2.728114 -0.474155 9.898171
 44.200000 -2.704865 -0.365563 3.978356
 44.400000 -2.787257 -0.391765 0.925505
 44.600000 -2.762030 -0.368475 0.653374
 44.800000 -2.721925 -0.452439 7.835320
 45.000000 -2.771646 -0.355729 0.240199
 45.200000 -2.682816 -0.411350 7.957863
 45.400000 -2.705635 -0.328065 3.995653
 45.600000 -2.854445 -0.285207 3.955920
 45.800000 -2.747346 -0.209030 10.825707
 46.000000 -2.772869 -0.294642 1.674188
 46.200000 -2.854188 -0.369454 2.108909
 46.400000 -2.793855 -0.227320 7.411866
 46.600000 -2.780876 -0.401719 1.454066
 46.800000 -2.808603 -0.351194 0.131491
 47.000000 -2.710860 -0.305877 4.267410
 47.200000 -2.864894 -0.384648 3.251530
 47.400000 -2.734330 -0.347094 1.695354
 47.600000 -2.692329 -0.347358 5.021216
 47.800000 -2.819768 -0.547735 20.105775
 48.000000 -2.688094 -0.389840 6.284396
 48.200000 -2.805550 -0.389201 0.890202
 48.400000 -2.774329 -0.405993 1.785927
 48.600000 -2.698779 -0.448147 9.302873
 48.800000 -2.812789 -0.395579 1.287035
 49.000000 -2.805308 -0.333655 0.200417
 49.200000 -2.734536 -0.371985 1.944145
 49.400000 -2.846923 -0.355801 1.502181
 49.600000 -2.860579 -0.284816 4.379582
 49.800000 -2.847356 -0.222283 9.540136
 50.000000 -2.817721 -0.253328 4.900265
 50.200000 -2.858828 -0.295767 3.618289
 50.400000 -2.753488 -0.288922 2.570644
 50.600000 -2.760552 -0.336070 0.595641
 50.800000 -2.745609 -0.293261 2.657695
 51.000000 -2.778060 -0.322883 0.447424
 51.200000 -2.652430 -0.283857 11.939668
 51.400000 -2.787487 -0.386384 0.709005
 51.600000 -2.768350 -0.365181 0.422102
 51.800000 -2.749118 -0.432111 4.390398
 52.000000 -2.750673 -0.443076 5.294786
 52.200000 -2.694529 -0.402228 6.214844
 52.400000 -2.741367 -0.460113 7.474337
 52.600000 -2.723878 -0.377422 2.758360
 52.800000 -2.774812 -0.394523 1.190076
 53.000000 -2.737701 -0.353732 1.513824
 53.200000 -2.816913 -0.340305 0.335727
 53.400000 -2.709625 -0.341890 3.462063
 53.600000 -2.824102 -0.327542 0.730151
 53.800000 -2.771757 -0.205877 10.467273
 54.000000 -2.706122 -0.287946 5.600746
 54.200000 -2.770955 -0.309121 1.030486
 54.400000 -2.748852 -0.239593 6.945901
 54.600000 -2.799277 -0.415999 2.262773
 54.800000 -2.690789 -0.356285 5.201301
 55.000000 -2.823833 -0.345336 0.496980
 55.200000 -2.805871 -0.402097 1.495164
 55.400000 -2.685639 -0.425864 8.661508
 55.600000 -2.784388 -0.430399 3.340639
 55.800000 -2.769355 -0.425638 3.200112
 56.000000 -2.699708 -0.389631 5.130415
 56.200000 -2.822533 -0.391049 1.331475
 56.400000 -2.782655 -0.355378 0.068652
 56.600000 -2.740640 -0.293652 2.881470
 56.800000 -2.814928 -0.338808 0.303514
 57.000000 -2.747954 -0.305889 1.925462
 57.200000 -2.779747 -0.399423 1.349592
 57.400000 -2.720910 -0.276462 5.200124
 57.600000 -2.808448 -0.302698 1.201737
 57.800000 -2.813723 -0.370991 0.464992
 58.000000 -2.792002 -0.309550 0.780877
 58.200000 -2.851610 -0.349858 1.745727
 58.400000 -2.734394 -0.295965 3.099551
 58.600000 -2.903418 -0.316760 6.670251
 58.800000 -2.752611 -0.361187 0.870098
 59.000000 -2.734832 -0.408062 3.404596
 59.200000 -2.841620 -0.354591 1.220329
 59.400000 -2.791648 -0.341625 0.028070
 59.600000 -2.748111 -0.359010 1.035829
 59.800000 -2.868663 -0.459567 9.003661
 60.000000 -2.753837 -0.343367 0.764691
 60.200000 -2.872589 -0.273129 6.088223
 60.400000 -2.898873 -0.369230 5.858098
 60.600000 -2.757989 -0.230751 7.595602
 60.800000 -2.773134 -0.299455 1.418663
 61.000000 -2.810584 -0.296292 1.555558
 61.200000 -2.796723 -0.337503 0.075652
 61.400000 -2.770181 -0.257548 4.437455
 61.600000 -2.771188 -0.333225 0.353143
 61.800000 -2.790545 -0.283831 2.129779
 62.000000 -2.704415 -0.380937 4.389731
 62.200000 -2.844377 -0.412853 3.378621
 62.400000 -2.714479 -0.391266 3.936171
 62.600000 -2.777837 -0.408039 1.846783
 62.800000 -2.819478 -0.390357 1.215665
 63.000000 -2.782760 -0.388573 0.828096
 63.200000 -2.765869 -0.336460 0.434765
 63.400000 -2.891029 -0.294339 6.348785
 63.600000 -2.754028 -0.271250 3.768730
 63.800000 -2.848498 -0.317667 2.059329
 64.000000 -2.757896 -0.371293 0.846682
 64.200000 -2.755803 -0.350728 0.675699
 64.400000 -2.778023 -0.275297 2.826122
 64.600000 -2.701392 -0.312854 4.808453
 64.800000 -2.840752 -0.355075 1.180871
 65.000000 -2.689285 -0.333431 5.451616
 65.200000 -2.808322 -0.397307 1.288323
 65.400000 -2.699372 -0.411303 6.275614
 65.600000 -2.731676 -0.403359 3.325282
 65.800000 -2.838508 -0.379587 1.522908
 66.000000 -2.793520 -0.316065 0.545033
 66.200000 -2.761982 -0.349859 0.466821
 66.400000 -2.850363 -0.415688 3.891784
 66.600000 -2.729132 -0.260372 5.942724
 66.800000 -2.777698 -0.346701 0.112743
 67.000000 -2.803554 -0.382550 0.621377
 67.200000 -2.694748 -0.288845 6.593589
 67.400000 -2.830035 -0.368056 0.883748
 67.600000 -2.800870 -0.254330 4.522289
 67.800000 -2.782354 -0.293996 1.568097
 68.000000 -2.850536 -0.362652 1.774834
 68.200000 -2.673659 -0.340012 7.105813
 68.400000 -2.772578 -0.424635 3.054338
 68.600000 -2.815317 -0.384120 0.874105
 68.800000 -2.688773 -0.299007 6.635430
 69.000000 -2.858735 -0.380256 2.678147
 69.200000 -2.827931 -0.328987 0.828327
 69.400000 -2.695139 -0.261806 8.549299
 69.600000 -2.926701 -0.375611 9.353655
 69.800000 -2.764642 -0.316191 0.929155
 70.000000 -2.685214 -0.376862 6.144363
 70.200000 -2.815596 -0.408349 2.023339
 70.400000 -2.741294 -0.348987 1.312399
 70.600000 -2.707707 -0.307079 4.478682
 70.800000 -2.831955 -0.340557 0.813478
 71.000000 -2.817683 -0.392445 1.257318
 71.200000 -2.697635 -0.407552 6.212606
 71.400000 -2.830306 -0.416589 2.993293
 71.600000 -2.770851 -0.391345 1.128708
 71.800000 -2.825549 -0.314052 1.158234
 72.000000 -2.766948 -0.374362 0.647096
 72.200000 -2.830231 -0.298987 1.964729
 72.400000 -2.770178 -0.249955 5.161189
 72.600000 -2.786512 -0.345931 0.023003
 72.800000 -2.746247 -0.329804 1.256388
 73.000000 -2.773807 -0.309523 0.957026
 73.200000 -2.749930 -0.303265 1.956098
 73.400000 -2.768771 -0.319261 0.726334
 73.600000 -2.814802 -0.315827 0.800495
 73.800000 -2.783740 -0.411813 2.007209
 74.000000 -2.688615 -0.424011 8.207188
 74.200000 -2.834785 -0.372669 1.171415
 74.400000 -2.711357 -0.340719 3.329125
 74.600000 -2.679203 -0.394265 7.442609
 74.800000 -2.818372 -0.455552 6.003641
 75.000000 -2.732890 -0.356848 1.808556
 75.200000 -2.766038 -0.376214 0.719320
 75.400000 -2.864902 -0.379345 3.077479
 75.600000 -2.748915 -0.270138 4.065826
 75.800000 -2.784791 -0.300520 1.208282
 76.000000 -2.794670 -0.293440 1.549432
 76.200000 -2.803545 -0.297888 1.370281
 76.400000 -2.780201 -0.342505 0.097492
 76.600000 -2.756679 -0.340842 0.676331
 76.800000 -2.731398 -0.271235 4.897164
 77.000000 -2.773784 -0.311003 0.900033
 77.200000 -2.775114 -0.324134 0.462401
 77.400000 -2.783866 -0.276069 2.701762
 77.600000 -2.734879 -0.402558 3.092329
 77.800000 -2.740798 -0.382858 1.908911
 78.000000 -2.702627 -0.377643 4.449346
 78.200000 -2.748242 -0.406960 2.656417
 78.400000 -2.792448 -0.434437 3.644087
 78.600000 -2.718972 -0.467193 9.682167
 78.800000 -2.696309 -0.353883 4.640530
 79.000000 -2.868464 -0.309282 3.674582
 79.200000 -2.671375 -0.453547 12.796970
 79.400000 -2.701785 -0.397153 5.273251
 79.600000 -2.821818 -0.338474 0.485086
 79.800000 -2.760227 -0.337033 0.594029
 80.000000 -2.708782 -0.257384 7.709388
 80.200000 -2.901763 -0.320529 6.373432
 80.400000 -2.740887 -0.333269 1.458130
 80.600000 -2.751701 -0.266356 4.253855
 80.800000 -2.897585 -0.332106 5.662447
 81.000000 -2.702989 -0.320559 4.414851
 81.200000 -2.756213 -0.407390 2.360199
 81.400000 -2.778245 -0.391436 0.999609
 81.600000 -2.716725 -0.310463 3.618075
 81.800000 -2.749702 -0.365286 1.048515
 82.000000 -2.823736 -0.285828 2.486504
 82.200000 -2.727095 -0.479439 10.639220
 82.400000 -2.667798 -0.351387 7.781356
 82.600000 -2.848335 -0.414288 3.684231
 82.800000 -2.714649 -0.420677 5.596580
 83.000000 -2.711166 -0.339327 3.357217
 83.200000 -2.766242 -0.326034 0.610671
 83.400000 -2.768875 -0.331723 0.430085
 83.600000 -2.794569 -0.281910 2.257027
 83.800000 -2.687093 -0.350541 5.559245
 84.000000 -2.808521 -0.329160 0.326036
 84.200000 -2.703341 -0.326515 4.231295
 84.400000 -2.788882 -0.420930 2.588850
 84.600000 -2.809676 -0.253643 4.699815
 84.800000 -2.803689 -0.246795 5.291995
 85.000000 -2.800763 -0.315027 0.613233
 85.200000 -2.750324 -0.348482 0.890707
 85.400000 -2.783777 -0.426470 3.033945
 85.600000 -2.709764 -0.338613 3.479504
 85.800000 -2.788531 -0.375861 0.366962
 86.000000 -2.767872 -0.356233 0.329604
 86.200000 -2.801956 -0.382858 0.615396
 86.400000 -2.724700 -0.398534 3.523751
 86.600000 -2.794111 -0.451728 5.270999
 86.800000 -2.753577 -0.385003 1.404312
 87.000000 -2.763949 -0.348349 0.408593
 87.200000 -2.827182 -0.381403 1.123343
 87.400000 -2.747956 -0.281861 3.251498
 87.600000 -2.810495 -0.425190 3.058842
 87.800000 -2.741664 -0.341651 1.321014
 88.000000 -2.829275 -0.301056 1.827694
 88.200000 -2.784179 -0.264212 3.634926
 88.400000 -2.805761 -0.338571 0.142643
 88.600000 -2.809962 -0.328100 0.371792
 88.800000 -2.822690 -0.278219 2.964534
 89.000000 -2.763040 -0.339465 0.480841
 89.200000 -2.847289 -0.335753 1.588077
 89.400000 -2.749944 -0.417016 3.215256
 89.600000 -2.751008 -0.416143 3.111567
 89.800000 -2.793772 -0.367151 0.164303
 90.000000 -2.725847 -0.344946 2.231602
 90.200000 -2.832158 -0.380555 1.281076
 90.400000 -2.770170 -0.356147 0.274983
 90.600000 -2.688718 -0.387781 6.137526
 90.800000 -2.773163 -0.366927 0.346985
 91.000000 -2.709910 -0.322666 3.761229
 91.200000 -2.777033 -0.412454 2.129091
 91.400000 -2.689399 -0.291729 6.961453
 91.600000 -2.910766 -0.355348 7.009961
 91.800000 -2.736384 -0.228581 8.834271
 92.000000 -2.820576 -0.251758 5.127803
 92.200000 -2.907964 -0.248662 11.703360
 92.400000 -2.742419 -0.275846 3.935966
 92.600000 -2.852830 -0.362367 1.906672
 92.800000 -2.728510 -0.337650 2.114224
 93.000000 -2.827333 -0.371503 0.857430
 93.200000 -2.753024 -0.366886 0.938998
 93.400000 -2.792420 -0.303392 1.043053
 93.600000 -2.748009 -0.359094 1.041186
 93.800000 -2.755740 -0.384575 1.307084
 94.000000 -2.796303 -0.462389 6.428210
 94.200000 -2.760311 -0.381905 1.058123
 94.400000 -2.744133 -0.374259 1.488310
 94.600000 -2.824240 -0.339952 0.544387
 94.800000 -2.771436 -0.313640 0.849896
 95.000000 -2.761668 -0.350515 0.477191
 95.200000 -2.804538 -0.403152 1.534821
 95.400000 -2.869753 -0.386689 3.689702
 95.600000 -2.758918 -0.287249 2.475450
 95.800000 -2.809430 -0.306442 1.051248
 96.000000 -2.878031 -0.299323 4.892645
 96.200000 -2.856679 -0.345766 2.063172
 96.400000 -2.657761 -0.278115 11.597889
 96.600000 -2.915082 -0.374959 7.845070
 96.800000 -2.795373 -0.319220 0.449434
 97.000000 -2.601196 -0.343039 18.321837
 97.200000 -2.813978 -0.447607 5.085276
 97.400000 -2.763924 -0.360603 0.475618
 97.600000 -2.744854 -0.431224 4.511336
 97.800000 -2.751671 -0.360288 0.897585
 98.000000 -2.768874 -0.350602 0.280910
 98.200000 -2.806824 -0.327590 0.332810
 98.400000 -2.786605 -0.271595 3.018375
 98.600000 -2.833561 -0.252313 5.522482
 98.800000 -2.835953 -0.249763 5.873443
 99.000000 -2.778051 -0.326343 0.362925
 99.200000 -2.795646 -0.329623 0.193874
 99.400000 -2.773650 -0.320653 0.581816
 99.600000 -2.830411 -0.305658 1.659730
 99.800000 -2.711460 -0.343398 3.301948
 100.000000 -2.747439 -0.441753 5.311904
 100.200000 -2.808586 -0.402849 1.575254
 100.400000 -2.715288 -0.329123 3.181786
 100.600000 -2.789942 -0.438116 3.968345
 100.800000 -2.851648 -0.327788 1.974046
 101.000000 -2.739932 -0.329495 1.574636
 101.200000 -2.835536 -0.428018 4.041638
 101.400000 -2.758241 -0.375361 0.933488
 101.600000 -2.739911 -0.347837 1.384965
 101.800000 -2.818902 -0.330133 0.527051
 102.000000 -2.784145 -0.297150 1.382736
 102.200000 -2.725510 -0.379386 2.705246
 102.400000 -2.809036 -0.325873 0.405217
 102.600000 -2.820351 -0.292007 2.014953
 102.800000 -2.737403 -0.317868 2.005989
 103.000000 -2.844733 -0.329553 1.553101
 103.200000 -2.792870 -0.276747 2.615058
 103.400000 -2.684800 -0.399524 7.075554
 103.600000 -2.747152 -0.367868 1.206196
 103.800000 -2.712567 -0.400042 4.496066
 104.000000 -2.730907 -0.405245 3.476603
 104.200000 -2.703495 -0.346690 3.966152
 104.400000 -2.785807 -0.425711 2.959818
 104.600000 -2.691911 -0.418737 7.488816
 104.800000 -2.794318 -0.357289 0.035411
 105.000000 -2.744695 -0.286726 3.087059
 105.200000 -2.801057 -0.338475 0.092466
 105.400000 -2.701906 -0.350060 4.106571
 105.600000 -2.778960 -0.414437 2.228708
 105.800000 -2.783179 -0.298039 1.345584
 106.000000 -2.730573 -0.299633 3.140911
 106.200000 -2.774475 -0.387535 0.902884
 106.400000 -2.828821 -0.372692 0.937717
 106.600000 -2.792776 -0.322960 0.340790
 106.800000 -2.827937 -0.384529 1.255750
 107.000000 -2.834371 -0.341657 0.902913
 107.200000 -2.789804 -0.345440 0.010280
 107.400000 -2.749653 -0.401494 2.293458
 107.600000 -2.753423 -0.340538 0.800899
 107.800000 -2.713011 -0.358957 3.210319
 108.000000 -2.744081 -0.418284 3.569080
 108.200000 -2.766328 -0.341279 0.373506
 108.400000 -2.794317 -0.355215 0.020507
 108.600000 -2.776074 -0.371304 0.382603
 108.800000 -2.799319 -0.381340 0.543877
 109.000000 -2.843662 -0.401701 2.692610
 109.200000 -2.759726 -0.340975 0.570691
 109.400000 -2.724959 -0.288256 4.131589
 109.600000 -2.811261 -0.334368 0.283488
 109.800000 -2.715731 -0.326233 3.209446
 110.000000 -2.794269 -0.312761 0.660547
 110.200000 -2.822870 -0.359404 0.513797
 110.400000 -2.715594 -0.316362 3.494110
 110.600000 -2.767490 -0.420860 2.890601
 110.800000 -2.804861 -0.390927 0.952251
 111.000000 -2.763935 -0.397672 1.590019
 111.200000 -2.766613 -0.348627 0.335854
 111.400000 -2.775976 -0.411786 2.103872
 111.600000 -2.710648 -0.424656 6.209007
 111.800000 -2.777847 -0.289765 1.866039
 112.000000 -2.807128 -0.340930 0.139693
 112.200000 -2.809023 -0.374903 0.469844
 112.400000 -2.705731 -0.340801 3.800932
 112.600000 -2.810389 -0.381622 0.689472
 112.800000 -2.870530 -0.370935 3.281369
 113.000000 -2.711264 -0.273778 6.135983
 113.200000 -2.829286 -0.346001 0.680322
 113.400000 -2.842921 -0.371693 1.525794
 113.600000 -2.657391 -0.317582 9.626452
 113.800000 -2.735791 -0.261058 5.482218
 114.000000 -2.865236 -0.381137 3.157636
 114.200000 -2.700439 -0.422152 6.910844
 114.400000 -2.821258 -0.316451 0.944590
 114.600000 -2.848394 -0.365206 1.690828
 114.800000 -2.724522 -0.405666 3.914114
 115.000000 -2.807300 -0.287967 1.975635
 115.200000 -2.808733 -0.354376 0.145415
 115.400000 -2.719114 -0.327399 2.929489
 115.600000 -2.765736 -0.336021 0.443958
 115.800000 -2.795515 -0.372890 0.288267
 116.000000 -2.760614 -0.345866 0.514343
 116.200000 -2.765498 -0.383452 0.956488
 116.400000 -2.835454 -0.403860 2.422565
 116.600000 -2.797375 -0.308941 0.816749
 116.800000 -2.733257 -0.323942 2.072052
 117.000000 -2.854767 -0.354964 1.954299
 117.200000 -2.688090 -0.369932 5.671179
 117.400000 -2.776516 -0.468125 7.215766
 117.600000 -2.779385 -0.335065 0.184357
 117.800000 -2.740341 -0.304633 2.348794
 118.000000 -2.812938 -0.367067 0.370332
 118.200000 -2.876088 -0.358227 3.533186
 118.400000 -2.695171 -0.289540 6.510782
 118.600000 -2.727373 -0.416535 4.398523
 118.800000 -2.785246 -0.364428 0.144502
 119.000000 -2.731503 -0.261089 5.731905
 119.200000 -2.758824 -0.311166 1.286123
 119.400000 -2.808891 -0.376976 0.523365
 119.600000 -2.780714 -0.251145 4.863972
 119.800000 -2.774852 -0.414860 2.320607
 120.000000 -2.787298 -0.395844 1.107771
 120.200000 -2.758466 -0.377280 0.978090
 120.400000 -2.733503 -0.363596 1.847456
 120.600000 -2.754064 -0.299350 1.975542
 120.800000 -2.865858 -0.288812 4.503936
 121.000000 -2.737454 -0.306333 2.429560
 121.200000 -2.756841 -0.438401 4.627142
 121.400000 -2.785088 -0.388276 0.796367
 121.600000 -2.773775 -0.385812 0.850947
 121.800000 -2.778450 -0.388413 0.873172
 122.000000 -2.791847 -0.327225 0.238741
 122.200000 -2.745223 -0.296432 2.504017
 122.400000 -2.743433 -0.368159 1.387363
 122.600000 -2.743736 -0.336617 1.267786
 122.800000 -2.811431 -0.271736 3.168632
 123.000000 -2.738545 -0.371486 1.708341
 123.200000 -2.784692 -0.368000 0.209943
 123.400000 -2.773966 -0.282048 2.417945
 123.600000 -2.742690 -0.394365 2.267877
 123.800000 -2.799927 -0.243263 5.624513
 124.000000 -2.817601 -0.338402 0.371211
 124.200000 -2.756544 -0.394948 1.699966
 124.400000 -2.724961 -0.419171 4.739955
 124.600000 -2.845370 -0.357095 1.428415
 124.800000 -2.768124 -0.395358 1.369249
 125.000000 -2.676041 -0.408171 8.531149
 125.200000 -2.765518 -0.356201 0.390206
 125.400000 -2.771827 -0.313363 0.851612
 125.600000 -2.788045 -0.365950 0.152586
 125.800000 -2.835332 -0.403281 2.385771
 126.000000 -2.749048 -0.369839 1.160958
 126.200000 -2.796582 -0.401501 1.382961
 126.400000 -2.728707 -0.321599 2.413698
 126.600000 -2.780514 -0.330635 0.242015
 126.800000 -2.722157 -0.318198 2.952334
 127.000000 -2.816921 -0.314039 0.910972
 127.200000 -2.778645 -0.264156 3.701163
 127.400000 -2.817144 -0.362456 0.392643
 127.600000 -2.780701 -0.370974 0.309911
 127.800000 -2.778778 -0.415335 2.290295
 128.000000 -2.779666 -0.392701 1.034696
 128.200000 -2.723753 -0.288497 4.199239
 128.400000 -2.807163 -0.433567 3.677345
 128.600000 -2.716094 -0.352533 2.927010
 128.800000 -2.740848 -0.363246 1.435883
 129.000000 -2.781292 -0.355026 0.080871
 129.200000 -2.761578 -0.332227 0.620682
 129.400000 -2.766681 -0.337948 0.395808
 129.600000 -2.888007 -0.324271 4.865630
 129.800000 -2.763574 -0.276498 3.052172
 130.000000 -2.793086 -0.265344 3.504825
 130.200000 -2.872802 -0.303907 4.241760
 130.400000 -2.777489 -0.277850 2.648947
 130.600000 -2.817691 -0.293137 1.880652
 130.800000 -2.833738 -0.270624 3.925730
 131.000000 -2.754024 -0.309081 1.540629
 131.200000 -2.774846 -0.408069 1.896999
 131.400000 -2.794856 -0.366799 0.159940
 131.600000 -2.742021 -0.354220 1.288691
 131.800000 -2.769443 -0.420884 2.845380
 132.000000 -2.829180 -0.464790 7.367798
 132.200000 -2.704906 -0.343799 3.852575
 132.400000 -2.799046 -0.382655 0.585352
 132.600000 -2.749379 -0.445757 5.605454
 132.800000 -2.802525 -0.329710 0.237317
 133.000000 -2.769482 -0.376646 0.645861
 133.200000 -2.776084 -0.326846 0.382048
 133.400000 -2.808104 -0.289070 1.921075
 133.600000 -2.755089 -0.267577 4.021035
 133.800000 -2.794594 -0.396188 1.112408
 134.000000 -2.789668 -0.267610 3.321589
 134.200000 -2.749270 -0.372837 1.218094
 134.400000 -2.737029 -0.370358 1.766658
 134.600000 -2.809164 -0.338344 0.195887
 134.800000 -2.835028 -0.325250 1.186752
 135.000000 -2.739037 -0.398075 2.631538
 135.200000 -2.817328 -0.320996 0.701516
 135.400000 -2.734189 -0.329318 1.896641
 135.600000 -2.685209 -0.458922 11.792718
 135.800000 -2.817425 -0.353914 0.321708
 136.000000 -2.726704 -0.355678 2.188200
 136.200000 -2.799372 -0.332781 0.156025
 136.400000 -2.791812 -0.351138 0.002403
 136.600000 -2.685681 -0.321849 6.078362
 136.800000 -2.862761 -0.376992 2.856352
 137.000000 -2.720019 -0.342190 2.652312
 137.200000 -2.743072 -0.273950 4.044070
 137.400000 -2.895692 -0.303456 6.361608
 137.600000 -2.646884 -0.375940 10.967016
 137.800000 -2.730846 -0.366288 2.050543
 138.000000 -2.824087 -0.421388 3.113280
 138.200000 -2.659891 -0.365028 8.923576
 138.400000 -2.808153 -0.376135 0.488475
 138.600000 -2.845121 -0.418130 3.767994
 138.800000 -2.719300 -0.352818 2.688129
 139.000000 -2.864044 -0.329493 2.748874
 139.200000 -2.703622 -0.297749 5.268717
 139.400000 -2.749911 -0.376236 1.277147
 139.600000 -2.741902 -0.357752 1.319181
 139.800000 -2.783171 -0.373795 0.349540
 140.000000 -2.661905 -0.358962 8.579969
 140.200000 -2.909843 -0.321128 7.271749
 140.400000 -2.767826 -0.264201 3.906138
 140.600000 -2.819216 -0.294527 1.843373
 140.800000 -2.871622 -0.300854 4.290221
 141.000000 -2.757344 -0.366814 0.776413
 141.200000 -2.759684 -0.381827 1.075990
 141.400000 -2.750751 -0.347740 0.873473
 141.600000 -2.763457 -0.353618 0.432878
 141.800000 -2.757306 -0.306410 1.530022
 142.000000 -2.768125 -0.400117 1.600818
 142.200000 -2.792879 -0.383540 0.594292
 142.400000 -2.831952 -0.393103 1.746781
 142.600000 -2.753872 -0.349866 0.747433
 142.800000 -2.794328 -0.408840 1.788099
 143.000000 -2.737036 -0.425116 4.431437
 143.200000 -2.776019 -0.332344 0.276070
 143.400000 -2.822304 -0.306839 1.334915
 143.600000 -2.796010 -0.346313 0.009856
 143.800000 -2.771710 -0.322098 0.580321
 144.000000 -2.807323 -0.307518 0.972580
 144.200000 -2.736454 -0.241917 7.312533
 144.400000 -2.809222 -0.270870 3.196684
 144.600000 -2.775848 -0.448515 5.084191
 144.800000 -2.742045 -0.340760 1.308715
 145.000000 -2.750128 -0.283404 3.054555
 145.200000 -2.883349 -0.342750 4.144309
 145.400000 -2.740780 -0.347750 1.339741
 145.600000 -2.694755 -0.376616 5.159137
 145.800000 -2.814503 -0.307062 1.123639
 146.000000 -2.793316 -0.292451 1.602943
 146.200000 -2.740695 -0.435535 5.081755
 146.400000 -2.799333 -0.394799 1.068927
 146.600000 -2.708555 -0.345984 3.530375
 146.800000 -2.746916 -0.243161 6.648132
 147.000000 -2.802613 -0.364148 0.164605
 147.200000 -2.754754 -0.362026 0.797361
 147.400000 -2.868819 -0.343025 2.928499
 147.600000 -2.762150 -0.346348 0.465061
 147.800000 -2.722153 -0.308707 3.290639
 148.000000 -2.817020 -0.342525 0.321340
 148.200000 -2.771109 -0.416556 2.506813
 148.400000 -2.716434 -0.299460 4.125399
 148.600000 -2.858139 -0.299547 3.378503
 148.800000 -2.771063 -0.372935 0.515219
 149.000000 -2.718216 -0.367767 2.935881
 149.200000 -2.831026 -0.443798 5.228169
 149.400000 -2.783027 -0.293246 1.603047
 149.600000 -2.740179 -0.316820 1.890016
 149.800000 -2.813622 -0.380289 0.709953
 150.000000 -2.824493 -0.333465 0.632598
 150.200000 -2.755424 -0.265139 4.210141
 150.400000 -2.835386 -0.319880 1.344347
 150.600000 -2.728975 -0.421094 4.613393
 150.800000 -2.764932 -0.344078 0.393191
 151.000000 -2.817815 -0.325474 0.598019
 151.200000 -2.710168 -0.437665 7.316323
 151.400000 -2.745527 -0.374384 1.424998
 151.600000 -2.738772 -0.412501 3.456770
 151.800000 -2.739669 -0.322913 1.738971
 152.000000 -2.790086 -0.225432 7.645641
 152.200000 -2.769661 -0.375808 0.618985
 152.400000 -2.719923 -0.359995 2.695377
 152.600000 -2.768168 -0.354048 0.309081
 152.800000 -2.818146 -0.344085 0.340576
 153.000000 -2.755669 -0.260807 4.574064
 153.200000 -2.768856 -0.328652 0.488519
 153.400000 -2.738873 -0.391513 2.340231
 153.600000 -2.829553 -0.383436 1.276103
 153.800000 -2.699052 -0.313614 4.997176
 154.000000 -2.771867 -0.369685 0.426003
 154.200000 -2.764228 -0.390509 1.259184
 154.400000 -2.769973 -0.397534 1.428909
 154.600000 -2.805865 -0.290225 1.820060
 154.800000 -2.799144 -0.300218 1.214958
 155.000000 -2.771062 -0.309444 1.015331
 155.200000 -2.835771 -0.330383 1.109548
 155.400000 -2.713860 -0.427151 6.142860
 155.600000 -2.784439 -0.285667 2.042388
 155.800000 -2.868039 -0.307519 3.714135
 156.000000 -2.783251 -0.350256 0.043728
 156.200000 -2.757229 -0.313071 1.270783
 156.400000 -2.806479 -0.290011 1.841082
 156.600000 -2.784941 -0.415755 2.252523
 156.800000 -2.749996 -0.326739 1.153691
 157.000000 -2.795511 -0.353074 0.012485
 157.200000 -2.773941 -0.379414 0.633199
 157.400000 -2.771516 -0.387874 0.973751
 157.600000 -2.754839 -0.404809 2.263829
 157.800000 -2.833040 -0.344786 0.829826
 158.000000 -2.763253 -0.385457 1.090646
 158.200000 -2.664815 -0.285519 10.174258
 158.400000 -2.862627 -0.397550 3.632367
 158.600000 -2.759097 -0.388476 1.335350
 158.800000 -2.724637 -0.315075 2.882199
 159.000000 -2.763833 -0.306435 1.320373
 159.200000 -2.832147 -0.448753 5.753611
 159.400000 -2.779494 -0.300605 1.259177
 159.600000 -2.762674 -0.276936 3.046968
 159.800000 -2.864623 -0.376882 2.985795
 160.000000 -2.728077 -0.374530 2.401098
 160.200000 -2.709936 -0.300490 4.590368
 160.400000 -2.838535 -0.384088 1.671670
 160.600000 -2.794535 -0.384655 0.635318
 160.800000 -2.734936 -0.286963 3.586765
 161.000000 -2.860780 -0.418973 4.772717
 161.200000 -2.671379 -0.396074 8.443292
 161.400000 -2.835390 -0.335453 1.011274
 161.600000 -2.812402 -0.348708 0.197569
 161.800000 -2.700980 -0.338506 4.246187
 162.000000 -2.774524 -0.428202 3.293323
 162.200000 -2.808512 -0.313241 0.769484
 162.400000 -2.753125 -0.337732 0.840484
 162.600000 -2.797626 -0.390730 0.880961
 162.800000 -2.765960 -0.333954 0.467082
 163.000000 -2.784798 -0.374705 0.358543
 163.200000 -2.789242 -0.371605 0.259407
 163.400000 -2.698656 -0.378946 4.852239
 163.600000 -2.833177 -0.345326 0.833224
 163.800000 -2.753332 -0.370067 0.988640
 164.000000 -2.725177 -0.385487 2.931269
 164.200000 -2.874222 -0.365433 3.471026
 164.400000 -2.774202 -0.314694 0.758618
 164.600000 -2.779803 -0.437290 3.972715
 164.800000 -2.830239 -0.270491 3.798138
 165.000000 -2.797398 -0.375155 0.352189
 165.200000 -2.751360 -0.378906 1.292561
 165.400000 -2.767390 -0.298739 1.582321
 165.600000 -2.761910 -0.342855 0.487973
 165.800000 -2.805822 -0.362374 0.176939
 166.000000 -2.770391 -0.363365 0.347226
 166.200000 -2.771623 -0.266735 3.607640
 166.400000 -2.853177 -0.315789 2.392914
 166.600000 -2.775365 -0.414630 2.296584
 166.800000 -2.764179 -0.332159 0.544713
 167.000000 -2.808168 -0.329276 0.318132
 167.200000 -2.738111 -0.352725 1.487234
 167.400000 -2.818559 -0.323689 0.660823
 167.600000 -2.804260 -0.397969 1.264589
 167.800000 -2.811472 -0.346246 0.183443
 168.000000 -2.762255 -0.284228 2.560147
 168.200000 -2.779854 -0.446259 4.803537
 168.400000 -2.833947 -0.296190 2.255765
 168.600000 -2.705875 -0.344373 3.765274
 168.800000 -2.779717 -0.325396 0.362176
 169.000000 -2.778174 -0.373925 0.411998
 169.200000 -2.716130 -0.378202 3.342734
 169.400000 -2.830733 -0.320852 1.127860
 169.600000 -2.836294 -0.323474 1.285256
 169.800000 -2.729600 -0.374930 2.314391
 170.000000 -2.771383 -0.336237 0.305809
 170.200000 -2.806565 -0.329865 0.282869
 170.400000 -2.723377 -0.357583 2.427152
 170.600000 -2.780623 -0.380991 0.580452
 170.800000 -2.803314 -0.303766 1.084198
 171.000000 -2.807067 -0.307124 0.985282
 171.200000 -2.796151 -0.357102 0.038858
 171.400000 -2.796296 -0.386472 0.706729
 171.600000 -2.756850 -0.478192 8.973194
 171.800000 -2.723564 -0.423694 5.162623
 172.000000 -2.779721 -0.384057 0.694196
 172.200000 -2.706651 -0.372913 3.971688
 172.400000 -2.758601 -0.430237 3.869849
 172.600000 -2.815900 -0.302251 1.368978
 172.800000 -2.722413 -0.364347 2.574708
 173.000000 -2.767947 -0.386977 1.020731
 173.200000 -2.775386 -0.368179 0.329560
 173.400000 -2.742253 -0.334624 1.368007
 173.600000 -2.809308 -0.269686 3.291421
 173.800000 -2.765341 -0.328576 0.579454
 174.000000 -2.817692 -0.295253 1.764570
 174.200000 -2.800854 -0.269864 3.171140
 174.400000 -2.724478 -0.385627 2.983689
 174.600000 -2.813546 -0.393672 1.215781
 174.800000 -2.755777 -0.321279 1.061342
 175.000000 -2.741756 -0.387897 2.042755
 175.200000 -2.797357 -0.426321 2.995814
 175.400000 -2.734674 -0.335293 1.768322
 175.600000 -2.838366 -0.394773 2.095168
 175.800000 -2.707263 -0.425245 6.536622
 176.000000 -2.715511 -0.368442 3.153419
 176.200000 -2.703397 -0.455311 9.616127
 176.400000 -2.726923 -0.379091 2.602681
 176.600000 -2.760535 -0.251049 5.315373
 176.800000 -2.837894 -0.327188 1.268419
 177.000000 -2.814087 -0.234210 6.828381
 177.200000 -2.725698 -0.269156 5.425818
 177.400000 -2.796671 -0.341039 0.040807
 177.600000 -2.746004 -0.302174 2.181599
 177.800000 -2.764871 -0.353872 0.393980
 178.000000 -2.760347 -0.260642 4.427170
 178.200000 -2.753463 -0.331199 0.922586
 178.400000 -2.880682 -0.322509 4.238270
 178.600000 -2.721081 -0.304965 3.524655
 178.800000 -2.721178 -0.453088 7.955590
 179.000000 -2.755406 -0.455068 6.307226
 179.200000 -2.649049 -0.383131 10.873133
 179.400000 -2.742420 -0.395778 2.346358
 179.600000 -2.786750 -0.403071 1.474947
 179.800000 -2.651190 -0.428370 13.132576
 180.000000 -2.832250 -0.383766 1.391040
 180.200000 -2.811197 -0.359866 0.232613
 180.400000 -2.747263 -0.382195 1.573166
 180.600000 -2.809875 -0.210528 9.746859
 180.800000 -2.799154 -0.363968 0.133001
 181.000000 -2.741075 -0.313222 1.966002
 181.200000 -2.838477 -0.248055 6.157345
 181.400000 -2.864285 -0.290343 4.298801
 181.600000 -2.727249 -0.296341 3.520569
 181.800000 -2.872624 -0.336403 3.287938
 182.000000 -2.778176 -0.249991 5.010913
 182.200000 -2.809038 -0.462417 6.560595
 182.400000 -2.812799 -0.425121 3.097667
 182.600000 -2.671696 -0.436086 11.086330
 182.800000 -2.741564 -0.382775 1.866740
 183.000000 -2.889486 -0.329767 4.886750
 183.200000 -2.731732 -0.407480 3.554073
 183.400000 -2.781661 -0.365911 0.200918
 183.600000 -2.822975 -0.331116 0.624634
 183.800000 -2.835975 -0.216024 9.793912
 184.000000 -2.861021 -0.365752 2.484915
 184.200000 -2.775713 -0.350116 0.141901
 184.400000 -2.790056 -0.383204 0.585755
 184.600000 -2.788970 -0.335261 0.101612
 184.800000 -2.733323 -0.317925 2.237422
 185.000000 -2.801671 -0.323254 0.374922
 185.200000 -2.823266 -0.377817 0.885762
 185.400000 -2.822523 -0.361838 0.531435
 185.600000 -2.864780 -0.373662 2.912746
 185.800000 -2.783123 -0.354315 0.057998
 186.000000 -2.744216 -0.431138 4.534894
 186.200000 -2.800939 -0.384632 0.667844
 186.400000 -2.667595 -0.326191 8.065653
 186.600000 -2.882870 -0.425316 6.988003
 186.800000 -2.771450 -0.305645 1.164798
 187.000000 -2.786317 -0.355404 0.039367
 187.200000 -2.768943 -0.376575 0.656488
 187.400000 -2.847187 -0.247955 6.605623
 187.600000 -2.755258 -0.258247 4.818504
 187.800000 -2.735695 -0.198177 12.998610
 188.000000 -2.791401 -0.286387 1.964956
 188.200000 -2.826015 -0.350284 0.561479
 188.400000 -2.744880 -0.287881 3.006898
 188.600000 -2.864205 -0.372611 2.846040
 188.800000 -2.708537 -0.335223 3.622968
 189.000000 -2.816584 -0.346651 0.292278
 189.200000 -2.829909 -0.426600 3.704479
 189.400000 -2.726077 -0.376859 2.593986
 189.600000 -2.778475 -0.466301 6.970736
 189.800000 -2.731634 -0.438281 5.833666
 190.000000 -2.617360 -0.375562 15.692736
 190.200000 -2.852171 -0.382598 2.340900
 190.400000 -2.760531 -0.367100 0.674470
 190.600000 -2.774353 -0.358547 0.210087
 190.800000 -2.737507 -0.359414 1.567112
 191.000000 -2.784175 -0.280930 2.356105
 191.200000 -2.802702 -0.338006 0.112918
 191.400000 -2.825285 -0.287040 2.460171
 191.600000 -2.796788 -0.283207 2.177773
 191.800000 -2.774120 -0.291914 1.802566
 192.000000 -2.793337 -0.215923 8.863778
 192.200000 -2.835436 -0.321500 1.300525
 192.400000 -2.716583 -0.329812 3.069078
 192.600000 -2.773804 -0.399528 1.448503
 192.800000 -2.790413 -0.446192 4.718971
 193.000000 -2.686700 -0.374615 5.926018
 193.200000 -2.788785 -0.403631 1.495693
 193.400000 -2.852758 -0.358097 1.854696
 193.600000 -2.712505 -0.341005 3.234261
 193.800000 -2.741400 -0.495505 12.029105
 194.000000 -2.778801 -0.363350 0.196221
 194.200000 -2.760567 -0.299457 1.741267
 194.400000 -2.754410 -0.346380 0.730036
 194.600000 -2.738795 -0.288658 3.268083
 194.800000 -2.746406 -0.296847 2.426960
 195.000000 -2.838093 -0.390670 1.903598
 195.200000 -2.784958 -0.247134 5.223694
 195.400000 -2.811247 -0.332480 0.312774
 195.600000 -2.783295 -0.367235 0.207682
 195.800000 -2.722365 -0.417977 4.835681
 196.000000 -2.736834 -0.386781 2.262093
 196.200000 -2.770944 -0.366838 0.390834
 196.400000 -2.727711 -0.424034 4.910671
 196.600000 -2.699497 -0.359084 4.377485
 196.800000 -2.781095 -0.363671 0.171997
 197.000000 -2.811894 -0.302832 1.256344
 197.200000 -2.783182 -0.209279 9.813807
 197.400000 -2.800812 -0.318771 0.493210
 197.600000 -2.806171 -0.334105 0.205008
 197.800000 -2.691194 -0.269839 8.272587
 198.000000 -2.795818 -0.349076 0.005417
 198.200000 -2.813798 -0.341831 0.252406
 198.400000 -2.676080 -0.447653 11.639645
 198.600000 -2.755393 -0.356635 0.718106
 198.800000 -2.802716 -0.339850 0.094382
 199.000000 -2.725758 -0.354663 2.244688
 199.200000 -2.728409 -0.347108 2.057479
 199.400000 -2.782168 -0.419779 2.553797
 199.600000 -2.782150 -0.492048 10.275771
 199.800000 -2.779517 -0.386061 0.768945
 200.000000 -2.859927 -0.311595 2.973464
