#! FIELDS time phi psi restraint.bias
#! SET min_phi -pi
#! SET max_phi pi
#! SET min_psi -pi
#! SET max_psi pi
 0.000000 -1.656384 0.880979 20.379201
 0.200000 -1.626337 0.684338 1.637491
 0.400000 -1.543505 0.767161 2.754918
 0.600000 -1.508115 0.687527 2.020695
 0.800000 -1.615398 0.765213 3.244584
 1.000000 -1.586098 0.747999 1.360435
 1.200000 -1.513569 0.660597 2.341884
 1.400000 -1.611346 0.710068 0.893386
 1.600000 -1.590374 0.655195 1.113427
 1.800000 -1.575796 0.681791 0.146005
 2.000000 -1.496136 0.542591 14.883605
 2.200000 -1.559840 0.619422 3.157644
 2.400000 -1.506521 0.686729 2.130638
 2.600000 -1.547037 0.696698 0.283285
 2.800000 -1.610989 0.675401 1.066046
 3.000000 -1.545053 0.705504 0.358533
 3.200000 -1.566638 0.732249 0.590639
 3.400000 -1.532400 0.735717 1.443455
 3.600000 -1.564272 0.742853 1.021291
 3.800000 -1.510087 0.696468 1.844212
 4.000000 -1.591623 0.817355 7.323985
 4.200000 -1.560315 0.669680 0.459678
 4.400000 -1.584038 0.741849 1.043256
 4.600000 -1.515806 0.758224 3.317541
 4.800000 -1.551405 0.753737 1.734005
 5.000000 -1.552497 0.661751 0.829199
 5.200000 -1.624949 0.716237 1.630181
 5.400000 -1.550673 0.820404 7.677698
 5.600000 -1.486280 0.691408 3.594087
 5.800000 -1.567117 0.666279 0.514056
 6.000000 -1.543430 0.656571 1.238120
 6.200000 -1.570804 0.699512 0.000952
 6.400000 -1.575550 0.621362 2.958124
 6.600000 -1.602353 0.595187 5.796746
 6.800000 -1.516313 0.644528 2.920896
 7.000000 -1.608226 0.710150 0.772720
 7.200000 -1.575243 0.644274 1.460234
 7.400000 -1.578516 0.642353 1.585445
 7.600000 -1.568717 0.671261 0.363170
 7.800000 -1.519282 0.692737 1.341426
 8.000000 -1.497056 0.603239 7.221145
 8.200000 -1.591735 0.664233 0.793782
 8.400000 -1.554755 0.819978 7.551956
 8.600000 -1.487651 0.697471 3.456760
 8.800000 -1.536580 0.769971 3.165792
 9.000000 -1.611524 0.747790 2.062327
 9.200000 -1.568423 0.797474 4.937214
 9.400000 -1.550462 0.758081 2.003688
 9.600000 -1.507488 0.651004 3.114500
 9.800000 -1.604936 0.739056 1.420159
 10.000000 -1.524002 0.717200 1.276681
 10.200000 -1.501357 0.708626 2.465996
 10.400000 -1.665540 0.782209 8.022734
 10.600000 -1.549847 0.657799 1.032800
 10.800000 -1.514314 0.593425 7.076886
 11.000000 -1.595793 0.640073 1.997800
 11.200000 -1.566725 0.721782 0.287969
 11.400000 -1.542381 0.748499 1.672154
 11.600000 -1.570981 0.741547 0.942446
 11.800000 -1.498212 0.686224 2.705123
 12.000000 -1.542175 0.730411 0.930557
 12.200000 -1.542213 0.703317 0.421959
 12.400000 -1.554476 0.728130 0.583123
 12.600000 -1.554540 0.803413 5.674209
 12.800000 -1.609505 0.746276 1.908094
 13.000000 -1.611776 0.751075 2.241156
 13.200000 -1.557244 0.790922 4.396862
 13.400000 -1.495329 0.751712 4.283084
 13.600000 -1.556517 0.682967 0.216927
 13.800000 -1.569623 0.706123 0.032617
 14.000000 -1.533389 0.659516 1.445213
 14.200000 -1.555200 0.687494 0.178203
 14.400000 -1.580825 0.715516 0.201396
 14.600000 -1.568958 0.648918 1.212675
 14.800000 -1.494952 0.605792 7.139545
 15.000000 -1.545208 0.680420 0.484238
 15.200000 -1.551565 0.693941 0.193706
 15.400000 -1.565964 0.691580 0.033140
 15.600000 -1.553038 0.738952 0.990813
 15.800000 -1.543488 0.735030 1.053609
 16.000000 -1.536613 0.744602 1.663978
 16.200000 -1.556611 0.721007 0.362258
 16.400000 -1.527260 0.783942 4.629398
 16.600000 -1.625477 0.760622 3.447522
 16.800000 -1.524536 0.743168 2.084133
 17.000000 -1.545891 0.734347 0.965898
 17.200000 -1.537181 0.686243 0.635661
 17.400000 -1.526395 0.726718 1.394331
 17.600000 -1.586915 0.683222 0.241053
 17.800000 -1.549339 0.720011 0.469565
 18.000000 -1.523667 0.672867 1.429714
 18.200000 -1.558113 0.632943 2.205194
 18.400000 -1.575313 0.683897 0.111510
 18.600000 -1.573615 0.715229 0.150136
 18.800000 -1.564274 0.707610 0.066185
 19.000000 -1.502752 0.722321 2.607566
 19.200000 -1.525794 0.868136 15.463262
 19.400000 -1.545884 0.733228 0.926195
 19.600000 -1.569395 0.707563 0.045453
 19.800000 -1.542342 0.743040 1.413198
 20.000000 -1.646962 0.686601 2.967103
 20.200000 -1.611686 0.747195 2.039575
 20.400000 -1.520356 0.722275 1.563565
 20.600000 -1.511250 0.755580 3.423031
 20.800000 -1.492615 0.729028 3.533498
 21.000000 -1.565580 0.737374 0.783594
 21.200000 -1.586478 0.694145 0.130908
 21.400000 -1.554080 0.695221 0.143959
 21.600000 -1.564463 0.581845 6.781304
 21.800000 -1.551786 0.565515 8.974278
 22.000000 -1.506681 0.745608 3.182360
 22.200000 -1.620706 0.672043 1.585801
 22.400000 -1.525481 0.686227 1.097617
 22.600000 -1.519436 0.726469 1.720434
 22.800000 -1.600095 0.703695 0.444697
 23.000000 -1.466288 0.637550 7.296037
 23.200000 -1.569645 0.697474 0.000879
 23.400000 -1.659639 0.775759 6.959512
 23.600000 -1.487718 0.715650 3.604482
 23.800000 -1.566633 0.787219 3.976916
 24.000000 -1.537713 0.631630 2.758514
 24.200000 -1.538431 0.676017 0.768299
 24.400000 -1.603640 0.637529 2.375709
 24.600000 -1.633518 0.655896 2.858922
 24.800000 -1.604603 0.735216 1.259045
 25.000000 -1.491837 0.603123 7.630609
 25.200000 -1.545992 0.646774 1.626407
 25.400000 -1.517835 0.666772 1.894188
 25.600000 -1.601987 0.722908 0.793349
 25.800000 -1.582261 0.749995 1.410617
 26.000000 -1.548016 0.682250 0.385595
 26.200000 -1.489308 0.690281 3.350952
 26.400000 -1.519887 0.736978 2.050382
 26.600000 -1.571063 0.690188 0.031585
 26.800000 -1.592424 0.768414 2.703709
 27.000000 -1.605554 0.746122 1.755613
 27.200000 -1.535123 0.626222 3.221770
 27.400000 -1.508169 0.710569 2.038421
 27.600000 -1.575936 0.780027 3.366620
 27.800000 -1.631994 0.751753 3.310238
 28.000000 -1.617537 0.787280 5.066063
 28.200000 -1.548964 0.667283 0.714152
 28.400000 -1.519188 0.634598 3.349996
 28.600000 -1.521808 0.696684 1.200972
 28.800000 -1.555625 0.761901 2.148330
 29.000000 -1.649478 0.703106 3.107773
 29.200000 -1.548077 0.700166 0.260161
 29.400000 -1.588119 0.764314 2.340058
 29.600000 -1.523292 0.604737 5.489611
 29.800000 -1.559088 0.660379 0.781168
 30.000000 -1.600523 0.722736 0.744505
 30.200000 -1.566124 0.658469 0.797462
 30.400000 -1.496396 0.780615 6.169446
 30.600000 -1.529855 0.758163 2.639975
 30.800000 -1.522624 0.670219 1.549852
 31.000000 -1.541864 0.690358 0.448745
 31.200000 -1.618299 0.696588 1.129448
 31.400000 -1.590288 0.706536 0.225283
 31.600000 -1.564897 0.728399 0.475455
 31.800000 -1.537150 0.652629 1.601288
 32.000000 -1.581161 0.704924 0.076785
 32.200000 -1.503365 0.702898 2.284834
 32.400000 -1.535133 0.598608 5.588399
 32.600000 -1.556277 0.739553 0.963268
 32.800000 -1.629888 0.703333 1.759434
 33.000000 -1.515989 0.690508 1.531000
 33.200000 -1.503028 0.722202 2.585969
 33.400000 -1.584463 0.786591 4.005952
 33.600000 -1.640582 0.697814 2.435096
 33.800000 -1.615480 0.756763 2.717130
 34.000000 -1.485050 0.614964 7.134619
 34.200000 -1.580967 0.695030 0.056537
 34.400000 -1.587359 0.786051 4.002053
 34.600000 -1.491172 0.680727 3.321502
 34.800000 -1.492303 0.724300 3.422961
 35.000000 -1.551362 0.707353 0.231358
 35.200000 -1.491563 0.697223 3.139340
 35.400000 -1.550649 0.610987 4.000020
 35.600000 -1.582734 0.698650 0.071383
 35.800000 -1.541555 0.763896 2.589996
 36.000000 -1.561295 0.733530 0.671654
 36.200000 -1.508168 0.732812 2.562494
 36.400000 -1.579235 0.736663 0.777926
 36.600000 -1.567152 0.607489 4.114656
 36.800000 -1.531907 0.725194 1.122382
 37.000000 -1.541397 0.713139 0.544764
 37.200000 -1.569002 0.677509 0.214260
 37.400000 -1.568651 0.749205 1.306563
 37.600000 -1.522425 0.776666 4.253670
 37.800000 -1.575090 0.703987 0.026358
 38.000000 -1.584923 0.706674 0.136263
 38.200000 -1.535453 0.671220 0.986674
 38.400000 -1.551268 0.629210 2.565746
 38.600000 -1.570255 0.714943 0.141457
 38.800000 -1.649460 0.701527 3.099755
 39.000000 -1.474931 0.732473 5.184700
 39.200000 -1.460235 0.717626 6.301945
 39.400000 -1.591059 0.693670 0.215252
 39.600000 -1.520003 0.663963 1.873737
 39.800000 -1.543015 0.651429 1.476481
 40.000000 -1.611191 0.657899 1.625196
 40.200000 -1.539620 0.680319 0.644637
 40.400000 -1.513300 0.762517 3.725604
 40.600000 -1.498869 0.725555 2.962797
 40.800000 -1.539590 0.752226 1.950031
 41.000000 -1.554267 0.639313 1.866439
 41.200000 -1.540604 0.679891 0.622161
 41.400000 -1.620822 0.675061 1.517430
 41.600000 -1.580314 0.647542 1.324966
 41.800000 -1.579874 0.789103 4.179102
 42.000000 -1.563192 0.712717 0.135279
 42.200000 -1.579653 0.734486 0.700047
 42.400000 -1.448008 0.693853 7.547624
 42.600000 -1.561871 0.713300 0.154864
 42.800000 -1.563562 0.691756 0.046492
 43.000000 -1.592747 0.664237 0.815339
 43.200000 -1.534089 0.691763 0.693985
 43.400000 -1.596153 0.744781 1.409569
 43.600000 -1.512993 0.664011 2.252707
 43.800000 -1.575853 0.741996 0.974823
 44.000000 -1.599186 0.627784 2.877411
 44.200000 -1.567798 0.720847 0.262486
 44.400000 -1.498446 0.717118 2.797513
 44.600000 -1.621080 0.756339 2.958241
 44.800000 -1.510171 0.602596 6.401196
 45.000000 -1.482012 0.699857 3.942830
 45.200000 -1.585602 0.713539 0.228310
 45.400000 -1.620715 0.669079 1.667978
 45.600000 -1.489107 0.702304 3.345274
 45.800000 -1.578043 0.708740 0.082523
 46.000000 -1.487166 0.634345 5.531412
 46.200000 -1.552565 0.744335 1.233567
 46.400000 -1.543434 0.730335 0.892871
 46.600000 -1.560808 0.653704 1.036785
 46.800000 -1.646311 0.681259 2.993586
 47.000000 -1.594931 0.701631 0.297365
 47.200000 -1.517549 0.603824 5.864638
 47.400000 -1.566015 0.624359 2.732622
 47.600000 -1.450069 0.748751 8.568718
 47.800000 -1.574699 0.768209 2.463010
 48.000000 -1.581602 0.747992 1.301427
 48.200000 -1.500830 0.718606 2.657262
 48.400000 -1.575332 0.670955 0.379581
 48.600000 -1.576056 0.685269 0.096562
 48.800000 -1.541256 0.691807 0.456315
 49.000000 -1.584300 0.720433 0.339858
 49.200000 -1.476588 0.741093 5.360463
 49.400000 -1.547644 0.721419 0.539166
 49.600000 -1.649876 0.774737 6.060942
 49.800000 -1.518297 0.723660 1.703934
 50.000000 -1.574027 0.715969 0.164310
 50.200000 -1.650946 0.709522 3.276897
 50.400000 -1.460702 0.750374 7.425044
 50.600000 -1.528922 0.663116 1.489745
 50.800000 -1.575290 0.736759 0.756121
 51.000000 -1.545128 0.729486 0.820960
 51.200000 -1.574168 0.730721 0.536702
 51.400000 -1.570001 0.677233 0.218689
 51.600000 -1.537038 0.685718 0.646862
 51.800000 -1.537753 0.713410 0.662633
 52.000000 -1.520178 0.693791 1.290530
 52.200000 -1.593533 0.779212 3.545476
 52.400000 -1.525026 0.682468 1.170143
 52.600000 -1.637009 0.689681 2.227751
 52.800000 -1.525492 0.656528 1.891645
 53.000000 -1.482194 0.651663 5.004876
 53.200000 -1.634973 0.708846 2.116690
 53.400000 -1.587140 0.706694 0.170219
 53.600000 -1.552073 0.735327 0.867024
 53.800000 -1.640416 0.718588 2.632676
 54.000000 -1.540846 0.730845 0.983611
 54.200000 -1.575032 0.676190 0.249686
 54.400000 -1.490616 0.607412 7.329506
 54.600000 -1.573357 0.742726 0.997610
 54.800000 -1.569111 0.689291 0.040495
 55.000000 -1.504261 0.668136 2.663355
 55.200000 -1.578875 0.705055 0.056598
 55.400000 -1.630816 0.702188 1.809381
 55.600000 -1.526992 0.753890 2.513886
 55.800000 -1.509518 0.659703 2.615909
 56.000000 -1.568083 0.741853 0.959442
 56.200000 -1.551512 0.728749 0.654655
 56.400000 -1.517777 0.615561 4.814518
 56.600000 -1.490340 0.751036 4.636009
 56.800000 -1.519819 0.720419 1.547726
 57.000000 -1.605135 0.657228 1.426119
 57.200000 -1.520951 0.783886 4.919193
 57.400000 -1.558356 0.707829 0.124392
 57.600000 -1.616697 0.592239 6.660028
 57.800000 -1.500220 0.655972 3.379253
 58.000000 -1.581157 0.742546 1.040008
 58.200000 -1.584822 0.746723 1.278939
 58.400000 -1.533728 0.791177 5.015774
 58.600000 -1.502615 0.737777 3.110190
 58.800000 -1.448761 0.696435 7.447792
 59.000000 -1.448345 0.745645 8.625949
 59.200000 -1.605604 0.655937 1.496020
 59.400000 -1.584868 0.659192 0.857148
 59.600000 -1.572525 0.778286 3.213862
 59.800000 -1.589066 0.684498 0.259840
 60.000000 -1.648317 0.650201 4.153362
 60.200000 -1.468333 0.690595 5.277750
 60.400000 -1.485557 0.658370 4.423316
 60.600000 -1.630651 0.687088 1.852275
 60.800000 -1.611993 0.704640 0.869757
 61.000000 -1.603772 0.616657 3.862717
 61.200000 -1.550287 0.646322 1.552452
 61.400000 -1.546688 0.661948 0.945228
 61.600000 -1.524115 0.631936 3.280510
 61.800000 -1.539417 0.658028 1.296487
 62.000000 -1.662268 0.776482 7.252956
 62.200000 -1.536182 0.709190 0.660235
 62.400000 -1.513118 0.697472 1.663615
 62.600000 -1.588426 0.653252 1.162510
 62.800000 -1.477356 0.756792 6.086080
 63.000000 -1.548814 0.800662 5.497888
 63.200000 -1.548738 0.725113 0.607279
 63.400000 -1.522532 0.769444 3.707475
 63.600000 -1.550007 0.655197 1.137812
 63.800000 -1.525267 0.725187 1.402438
 64.000000 -1.514182 0.644852 3.021965
 64.200000 -1.553974 0.726076 0.531924
 64.400000 -1.463284 0.765974 8.080715
 64.600000 -1.558362 0.681938 0.208436
 64.800000 -1.585747 0.634850 2.114065
 65.000000 -1.535828 0.731511 1.168491
 65.200000 -1.523586 0.703333 1.127936
 65.400000 -1.555035 0.699909 0.125797
 65.600000 -1.601863 0.710512 0.559204
 65.800000 -1.512779 0.785350 5.486537
 66.000000 -1.509462 0.727055 2.299230
 66.200000 -1.527209 0.673732 1.247607
 66.400000 -1.501522 0.769649 4.956854
 66.600000 -1.559699 0.625100 2.728357
 66.800000 -1.602910 0.691976 0.534582
 67.000000 -1.510975 0.781902 5.298040
 67.200000 -1.612463 0.700550 0.870977
 67.400000 -1.608070 0.645064 2.102780
 67.600000 -1.509222 0.730525 2.420356
 67.800000 -1.545901 0.687947 0.361751
 68.000000 -1.633663 0.655930 2.866590
 68.200000 -1.539729 0.725394 0.854202
 68.400000 -1.521143 0.638124 3.033160
 68.600000 -1.594434 0.710205 0.352248
 68.800000 -1.522360 0.752221 2.635884
 69.000000 -1.646873 0.752621 4.378403
 69.200000 -1.586582 0.641670 1.718587
 69.400000 -1.580957 0.732250 0.633640
 69.600000 -1.547214 0.664689 0.837245
 69.800000 -1.550149 0.683230 0.324179
 70.000000 -1.514289 0.746074 2.745787
 70.200000 -1.599599 0.732511 1.005761
 70.400000 -1.484700 0.689901 3.740127
 70.600000 -1.546733 0.686390 0.358449
 70.800000 -1.662509 0.729641 4.702041
 71.000000 -1.523666 0.706981 1.149795
 71.200000 -1.486929 0.719935 3.754528
 71.400000 -1.586453 0.714186 0.251439
 71.600000 -1.533447 0.784673 4.442155
 71.800000 -1.541705 0.783899 4.101119
 72.000000 -1.535423 0.664443 1.193094
 72.200000 -1.626702 0.680367 1.720492
 72.400000 -1.552200 0.686915 0.235823
 72.600000 -1.517427 0.709890 1.493277
 72.800000 -1.502641 0.642195 3.887006
 73.000000 -1.534089 0.786989 4.621503
 73.200000 -1.580663 0.709694 0.115523
 73.400000 -1.586909 0.714904 0.270464
 73.600000 -1.518067 0.741837 2.345243
 73.800000 -1.560752 0.634687 2.063028
 74.000000 -1.564278 0.733861 0.659539
 74.200000 -1.563033 0.761294 2.024874
 74.400000 -1.615442 0.636026 2.925202
 74.600000 -1.562852 0.757417 1.788908
 74.800000 -1.531312 0.687301 0.838162
 75.000000 -1.537120 0.689245 0.606524
 75.200000 -1.613580 0.697659 0.915343
 75.400000 -1.607233 0.715434 0.813479
 75.600000 -1.581835 0.724395 0.405814
 75.800000 -1.552403 0.693520 0.179800
 76.000000 -1.598106 0.621094 3.340270
 76.200000 -1.575480 0.726684 0.418597
 76.400000 -1.519748 0.715358 1.451350
 76.600000 -1.656825 0.683389 3.809180
 76.800000 -1.556189 0.603385 4.595177
 77.000000 -1.533289 0.749294 2.012199
 77.200000 -1.580866 0.673518 0.353620
 77.400000 -1.553710 0.671464 0.501566
 77.600000 -1.548608 0.757093 1.984359
 77.800000 -1.574745 0.699211 0.008377
 78.000000 -1.585032 0.714698 0.238551
 78.200000 -1.538386 0.656145 1.406662
 78.400000 -1.626500 0.748126 2.801187
 78.600000 -1.571369 0.701011 0.004310
 78.800000 -1.566904 0.676423 0.243211
 79.000000 -1.503019 0.646768 3.616011
 79.200000 -1.592051 0.705896 0.256025
 79.400000 -1.549692 0.618629 3.383033
 79.600000 -1.518662 0.735905 2.072408
 79.800000 -1.632553 0.616854 5.210030
 80.000000 -1.621546 0.698652 1.287890
 80.200000 -1.502686 0.764570 4.526529
 80.400000 -1.557297 0.671329 0.450321
 80.600000 -1.542501 0.648033 1.655282
 80.800000 -1.529709 0.697075 0.844640
 81.000000 -1.536618 0.608877 4.567224
 81.200000 -1.614364 0.752829 2.444967
 81.400000 -1.541757 0.708072 0.471048
 81.600000 -1.580657 0.749567 1.371422
 81.800000 -1.603408 0.760396 2.470182
 82.000000 -1.522669 0.686843 1.221836
 82.200000 -1.539511 0.697521 0.489587
 82.400000 -1.578196 0.619259 3.137819
 82.600000 -1.585931 0.683417 0.222798
 82.800000 -1.564996 0.773368 2.847073
 83.000000 -1.596279 0.698189 0.324678
 83.200000 -1.529338 0.689033 0.900776
 83.400000 -1.513412 0.689858 1.680727
 83.600000 -1.555692 0.731392 0.667198
 83.800000 -1.570438 0.653179 1.010454
 84.000000 -1.546421 0.671097 0.662531
 84.200000 -1.620782 0.799550 6.392137
 84.400000 -1.591803 0.695465 0.224196
 84.600000 -1.533167 0.674849 0.979025
 84.800000 -1.593302 0.699115 0.253743
 85.000000 -1.581921 0.694915 0.067050
 85.200000 -1.567187 0.675619 0.259919
 85.400000 -1.548670 0.713655 0.365278
 85.600000 -1.614129 0.690650 0.966864
 85.800000 -1.552414 0.712424 0.271078
 86.000000 -1.539123 0.702284 0.510216
 86.200000 -1.512207 0.672946 2.033499
 86.400000 -1.448296 0.691881 7.522723
 86.600000 -1.534981 0.705443 0.668101
 86.800000 -1.587966 0.671916 0.491024
 87.000000 -1.582436 0.706947 0.106590
 87.200000 -1.559932 0.704213 0.077509
 87.400000 -1.587497 0.655421 1.051559
 87.600000 -1.560516 0.724394 0.397681
 87.800000 -1.579129 0.733613 0.664178
 88.000000 -1.549543 0.718938 0.442295
 88.200000 -1.550825 0.691127 0.223953
 88.400000 -1.624584 0.716820 1.621198
 88.600000 -1.477935 0.646486 5.645282
 88.800000 -1.533599 0.786138 4.564421
 89.000000 -1.549896 0.694235 0.226003
 89.200000 -1.540815 0.721857 0.730877
 89.400000 -1.537614 0.769975 3.131224
 89.600000 -1.553290 0.673187 0.464353
 89.800000 -1.603144 0.670913 0.893597
 90.000000 -1.532736 0.755046 2.343933
 90.200000 -1.522426 0.742031 2.133383
 90.400000 -1.567882 0.741756 0.955773
 90.600000 -1.511653 0.706830 1.786795
 90.800000 -1.560765 0.781629 3.536245
 91.000000 -1.552280 0.678856 0.357197
 91.200000 -1.558501 0.674228 0.361287
 91.400000 -1.516401 0.653252 2.486541
 91.600000 -1.545742 0.735238 1.002309
 91.800000 -1.510644 0.790013 6.030213
 92.000000 -1.488950 0.661325 4.026797
 92.200000 -1.544546 0.664621 0.906017
 92.400000 -1.564479 0.674586 0.297153
 92.600000 -1.586367 0.824609 8.119432
 92.800000 -1.555880 0.699212 0.111829
 93.000000 -1.574617 0.603824 4.454243
 93.200000 -1.514238 0.667203 2.077709
 93.400000 -1.483875 0.693677 3.787547
 93.600000 -1.564872 0.685946 0.091797
 93.800000 -1.618362 0.766353 3.458365
 94.000000 -1.497826 0.689400 2.700486
 94.200000 -1.584210 0.731144 0.634889
 94.400000 -1.643064 0.697267 2.611712
 94.600000 -1.512341 0.698154 1.708520
 94.800000 -1.476694 0.686278 4.497848
 95.000000 -1.645140 0.711487 2.852671
 95.200000 -1.522649 0.672981 1.475349
 95.400000 -1.614330 0.752343 2.417006
 95.600000 -1.545786 0.604654 4.681822
 95.800000 -1.524158 0.656463 1.955697
 96.000000 -1.522754 0.720238 1.398397
 96.200000 -1.570715 0.754020 1.561769
 96.400000 -1.589980 0.667062 0.666670
 96.600000 -1.641537 0.712330 2.602912
 96.800000 -1.439712 0.666359 9.096247
 97.000000 -1.573522 0.682108 0.132100
 97.200000 -1.526570 0.654611 1.924987
 97.400000 -1.512333 0.786802 5.640235
 97.600000 -1.564435 0.735691 0.725567
 97.800000 -1.505736 0.759913 4.024915
 98.000000 -1.505230 0.650243 3.296095
 98.200000 -1.590771 0.634843 2.202215
 98.400000 -1.695497 0.697284 7.775544
 98.600000 -1.539723 0.689816 0.517359
 98.800000 -1.504994 0.716339 2.330765
 99.000000 -1.541077 0.723356 0.759766
 99.200000 -1.487948 0.658203 4.229050
 99.400000 -1.545760 0.690268 0.344319
 99.600000 -1.645896 0.730870 3.355894
 99.800000 -1.541089 0.732390 1.028069
 100.000000 -1.505009 0.725426 2.536458
 100.200000 -1.529559 0.710492 0.926665
 100.400000 -1.550525 0.781841 3.709091
 100.600000 -1.550373 0.688642 0.253592
 100.800000 -1.517035 0.663607 2.041098
 101.000000 -1.613288 0.761848 2.932690
 101.200000 -1.611465 0.590096 6.662818
 101.400000 -1.612551 0.731454 1.426906
 101.600000 -1.488790 0.676320 3.600401
 101.800000 -1.555339 0.673973 0.411295
 102.000000 -1.573801 0.811486 6.429118
 102.200000 -1.553551 0.710256 0.222195
 102.400000 -1.594131 0.680958 0.419719
 102.600000 -1.537674 0.703478 0.562824
 102.800000 -1.546660 0.730832 0.825930
 103.000000 -1.547985 0.640336 1.930331
 103.200000 -1.562360 0.721586 0.310641
 103.400000 -1.649124 0.754711 4.668215
 103.600000 -1.546464 0.662301 0.937950
 103.800000 -1.486010 0.696611 3.595540
 104.000000 -1.585289 0.709029 0.164390
 104.200000 -1.612121 0.763358 2.981091
 104.400000 -1.513999 0.652635 2.647955
 104.600000 -1.577020 0.764230 2.203826
 104.800000 -1.628019 0.743222 2.653802
 105.000000 -1.490852 0.700312 3.197900
 105.200000 -1.511216 0.678917 1.959518
 105.400000 -1.576337 0.714934 0.156515
 105.600000 -1.642711 0.734611 3.251263
 105.800000 -1.561181 0.653813 1.028312
 106.000000 -1.550569 0.669668 0.609679
 106.200000 -1.530159 0.719257 1.048848
 106.400000 -1.456554 0.617507 9.775898
 106.600000 -1.574606 0.652519 1.047529
 106.800000 -1.567591 0.660384 0.717593
 107.000000 -1.612570 0.684821 0.961112
 107.200000 -1.609090 0.696907 0.733936
 107.400000 -1.478469 0.700437 4.264792
 107.600000 -1.571214 0.740326 0.890265
 107.800000 -1.496643 0.727289 3.174445
 108.000000 -1.487237 0.762053 5.534044
 108.200000 -1.586273 0.706405 0.153995
 108.400000 -1.521738 0.756545 2.909437
 108.600000 -1.531551 0.754960 2.384828
 108.800000 -1.562732 0.763493 2.168586
 109.000000 -1.548589 0.738476 1.060395
 109.200000 -1.534942 0.681993 0.772997
 109.400000 -1.462809 0.670495 6.212465
 109.600000 -1.523563 0.729891 1.619830
 109.800000 -1.535751 0.696350 0.615682
 110.000000 -1.536326 0.776120 3.635195
 110.200000 -1.573064 0.752626 1.487386
 110.400000 -1.569203 0.770478 2.618249
 110.600000 -1.488104 0.681100 3.564023
 110.800000 -1.508693 0.723799 2.257803
 111.000000 -1.549505 0.740894 1.140990
 111.200000 -1.514320 0.677268 1.812438
 111.400000 -1.567747 0.752246 1.468824
 111.600000 -1.587049 0.699188 0.132627
 111.800000 -1.509009 0.716980 2.086440
 112.000000 -1.488451 0.717105 3.570385
 112.200000 -1.546711 0.685193 0.373750
 112.400000 -1.644088 0.819217 10.016585
 112.600000 -1.576794 0.724448 0.364271
 112.800000 -1.557018 0.652394 1.140893
 113.000000 -1.583085 0.754011 1.636732
 113.200000 -1.515175 0.714084 1.674127
 113.400000 -1.545847 0.719212 0.533430
 113.600000 -1.590094 0.841476 10.459959
 113.800000 -1.504561 0.733753 2.827968
 114.000000 -1.546376 0.655681 1.199200
 114.200000 -1.513866 0.748381 2.883033
 114.400000 -1.500674 0.578664 9.594860
 114.600000 -1.487435 0.736423 4.207645
 114.800000 -1.486362 0.784422 7.287642
 115.000000 -1.549878 0.692160 0.236629
 115.200000 -1.502975 0.711156 2.384656
 115.400000 -1.563754 0.697612 0.024933
 115.600000 -1.629857 0.668150 2.193501
 115.800000 -1.422206 0.741687 11.988044
 116.000000 -1.554465 0.753907 1.688802
 116.200000 -1.650978 0.739659 4.076781
 116.400000 -1.442763 0.735258 8.885501
 116.600000 -1.587551 0.690158 0.172149
 116.800000 -1.587852 0.691402 0.168094
 117.000000 -1.459449 0.681494 6.337539
 117.200000 -1.553220 0.726890 0.567997
 117.400000 -1.556157 0.733111 0.718937
 117.600000 -1.597755 0.691518 0.385243
 117.800000 -1.481835 0.737894 4.747541
 118.000000 -1.455474 0.661536 7.319307
 118.200000 -1.626489 0.667751 2.012354
 118.400000 -1.551452 0.805049 5.902758
 118.600000 -1.526128 0.706785 1.035079
 118.800000 -1.568892 0.670674 0.378776
 119.000000 -1.516465 0.786703 5.398403
 119.200000 -1.484733 0.637998 5.511465
 119.400000 -1.533451 0.712870 0.805961
 119.600000 -1.500927 0.680432 2.597521
 119.800000 -1.639164 0.718579 2.546087
 120.000000 -1.568297 0.759698 1.898351
 120.200000 -1.567768 0.715348 0.152790
 120.400000 -1.570964 0.666759 0.492149
 120.600000 -1.499527 0.776110 5.579983
 120.800000 -1.481628 0.710066 4.046693
 121.000000 -1.567718 0.732000 0.578264
 121.200000 -1.572173 0.681988 0.131254
 121.400000 -1.532643 0.747728 1.957761
 121.600000 -1.592050 0.733389 0.847392
 121.800000 -1.586715 0.675062 0.392820
 122.000000 -1.440314 0.707569 8.557305
 122.200000 -1.548451 0.665358 0.786718
 122.400000 -1.593015 0.662812 0.870572
 122.600000 -1.449288 0.743057 8.391294
 122.800000 -1.584193 0.580996 6.950098
 123.000000 -1.627807 0.743798 2.667800
 123.200000 -1.482666 0.645321 5.277952
 123.400000 -1.572070 0.694014 0.009289
 123.600000 -1.556372 0.701766 0.110639
 123.800000 -1.464080 0.689466 5.731781
 124.000000 -1.511961 0.689475 1.768259
 124.200000 -1.510406 0.769816 4.392811
 124.400000 -1.579791 0.736412 0.773133
 124.600000 -1.526156 0.751028 2.395368
 124.800000 -1.502575 0.783428 5.964843
 125.000000 -1.632902 0.646070 3.283758
 125.200000 -1.566489 0.752123 1.466789
 125.400000 -1.497527 0.702544 2.693923
 125.600000 -1.596373 0.732140 0.905349
 125.800000 -1.516694 0.695652 1.466604
 126.000000 -1.563403 0.696083 0.029425
 126.200000 -1.481457 0.674281 4.275155
 126.400000 -1.710837 0.679044 9.987842
 126.600000 -1.575714 0.689679 0.047819
 126.800000 -1.437770 0.698824 8.848215
 127.000000 -1.582540 0.608192 4.113505
 127.200000 -1.569205 0.627510 2.494995
 127.400000 -1.597805 0.660470 1.073930
 127.600000 -1.509461 0.708977 1.939819
 127.800000 -1.543312 0.669011 0.801714
 128.000000 -1.540229 0.670068 0.860944
 128.200000 -1.552709 0.669415 0.575912
 128.400000 -1.645018 0.610535 6.591028
 128.600000 -1.543969 0.729322 0.846258
 128.800000 -1.569886 0.783137 3.613363
 129.000000 -1.583575 0.603003 4.606367
 129.200000 -1.473382 0.646971 6.053456
 129.400000 -1.527738 0.719866 1.163193
 129.600000 -1.537094 0.699675 0.569110
 129.800000 -1.502495 0.727775 2.771925
 130.000000 -1.621532 0.714114 1.414779
 130.200000 -1.579720 0.726132 0.431825
 130.400000 -1.526550 0.670148 1.370412
 130.600000 -1.546800 0.742694 1.280793
 130.800000 -1.577239 0.743979 1.071716
 131.000000 -1.507622 0.767760 4.419529
 131.200000 -1.456178 0.723747 6.896698
 131.400000 -1.550926 0.716040 0.357770
 131.600000 -1.553041 0.667468 0.627745
 131.800000 -1.600412 0.703911 0.455229
 132.000000 -1.628050 0.691509 1.660933
 132.200000 -1.546352 0.739707 1.163004
 132.400000 -1.606749 0.700732 0.649663
 132.600000 -1.545105 0.728339 0.786258
 132.800000 -1.537318 0.761134 2.545049
 133.000000 -1.587361 0.693260 0.149068
 133.200000 -1.606120 0.673623 0.924223
 133.400000 -1.530519 0.728302 1.266249
 133.600000 -1.567395 0.662909 0.626099
 133.800000 -1.538446 0.701031 0.527477
 134.000000 -1.471190 0.739524 5.817388
 134.200000 -1.576094 0.748383 1.276609
 134.400000 -1.582684 0.749404 1.385111
 134.600000 -1.524916 0.771831 3.768257
 134.800000 -1.518183 0.675306 1.644592
 135.000000 -1.618587 0.766748 3.496056
 135.200000 -1.517990 0.689576 1.430846
 135.400000 -1.525845 0.693179 1.022588
 135.600000 -1.597767 0.760270 2.294266
 135.800000 -1.522696 0.671628 1.508059
 136.000000 -1.559659 0.623994 2.810247
 136.200000 -1.533274 0.716866 0.879439
 136.400000 -1.575223 0.762759 2.098170
 136.600000 -1.583904 0.718178 0.286823
 136.800000 -1.460336 0.654573 7.049432
 137.000000 -1.598023 0.786433 4.269197
 137.200000 -1.607129 0.671749 1.008070
 137.400000 -1.454243 0.685011 6.878439
 137.600000 -1.633553 0.718522 2.177091
 137.800000 -1.546569 0.711565 0.383704
 138.000000 -1.424133 0.709115 10.815370
 138.200000 -1.522009 0.664548 1.754008
 138.400000 -1.595152 0.740487 1.193587
 138.600000 -1.530823 0.726481 1.200804
 138.800000 -1.570102 0.651342 1.094894
 139.000000 -1.584971 0.703674 0.115817
 139.200000 -1.570929 0.764798 2.222208
 139.400000 -1.465069 0.605090 9.917573
 139.600000 -1.460612 0.644336 7.517279
 139.800000 -1.572578 0.784653 3.744578
 140.000000 -1.596006 0.701710 0.324157
 140.200000 -1.482394 0.639326 5.636588
 140.400000 -1.563953 0.724631 0.374516
 140.600000 -1.657359 0.719371 3.972136
 140.800000 -1.488039 0.672006 3.765638
 141.000000 -1.527676 0.802347 6.360109
 141.200000 -1.617571 0.720189 1.337174
 141.400000 -1.471821 0.716277 5.062722
 141.600000 -1.596379 0.687150 0.387531
 141.800000 -1.611444 0.652743 1.856193
 142.000000 -1.546626 0.635305 2.265722
 142.200000 -1.655167 0.713195 3.672676
 142.400000 -1.495382 0.639158 4.582601
 142.600000 -1.517269 0.744977 2.529854
 142.800000 -1.503014 0.682415 2.420768
 143.000000 -1.517104 0.691559 1.463030
 143.200000 -1.598673 0.763676 2.536610
 143.400000 -1.637292 0.696560 2.212063
 143.600000 -1.598361 0.727665 0.815989
 143.800000 -1.561202 0.734582 0.710316
 144.000000 -1.453548 0.723913 7.205982
 144.200000 -1.622556 0.738082 2.137539
 144.400000 -1.577221 0.666037 0.535668
 144.600000 -1.532617 0.688473 0.775454
 144.800000 -1.593695 0.641715 1.853581
 145.000000 -1.571726 0.638011 1.807673
 145.200000 -1.480572 0.625645 6.697406
 145.400000 -1.549746 0.844150 10.882166
 145.600000 -1.536298 0.642812 2.125199
 145.800000 -1.470967 0.662037 5.634410
 146.000000 -1.558863 0.730691 0.601256
 146.200000 -1.570533 0.684388 0.094473
 146.400000 -1.549944 0.718208 0.418951
 146.600000 -1.496119 0.728587 3.252120
 146.800000 -1.619544 0.776212 4.236377
 147.000000 -1.476574 0.730249 4.954715
 147.200000 -1.473898 0.816842 11.740763
 147.400000 -1.567847 0.780868 3.426982
 147.600000 -1.533946 0.668160 1.128121
 147.800000 -1.530541 0.740410 1.703963
 148.000000 -1.589165 0.732176 0.748213
 148.200000 -1.619049 0.778729 4.412087
 148.400000 -1.560946 0.715737 0.203489
 148.600000 -1.524490 0.685233 1.155345
 148.800000 -1.510681 0.736721 2.551505
 149.000000 -1.591558 0.690749 0.242787
 149.200000 -1.539758 0.660640 1.184484
 149.400000 -1.608745 0.665840 1.241425
 149.600000 -1.576988 0.621812 2.931516
 149.800000 -1.534016 0.612499 4.342856
 150.000000 -1.567657 0.673702 0.303328
 150.200000 -1.575285 0.724879 0.367792
 150.400000 -1.488576 0.711536 3.469959
 150.600000 -1.594546 0.748175 1.534210
 150.800000 -1.566319 0.779368 3.309715
 151.000000 -1.459722 0.687343 6.226961
 151.200000 -1.595160 0.738861 1.126222
 151.400000 -1.490782 0.627204 5.716485
 151.600000 -1.620554 0.795040 5.933490
 151.800000 -1.599461 0.755837 2.075813
 152.000000 -1.557343 0.664388 0.659802
 152.200000 -1.600517 0.740006 1.318395
 152.400000 -1.558304 0.681202 0.221347
 152.600000 -1.559756 0.718376 0.265854
 152.800000 -1.466870 0.744835 6.490931
 153.000000 -1.603540 0.698140 0.536065
 153.200000 -1.547986 0.756660 1.972967
 153.400000 -1.464213 0.626795 8.224427
 153.600000 -1.743026 0.719857 15.067540
 153.800000 -1.532143 0.574785 8.354273
 154.000000 -1.450963 0.649346 8.370009
 154.200000 -1.527453 0.625144 3.602918
 154.400000 -1.588428 0.703969 0.172466
 154.600000 -1.537665 0.693733 0.558525
 154.800000 -1.565191 0.641327 1.629085
 155.000000 -1.502538 0.717658 2.520256
 155.200000 -1.541048 0.681511 0.580612
 155.400000 -1.564203 0.808308 6.091167
 155.600000 -1.495145 0.830376 11.605769
 155.800000 -1.637950 0.755179 3.881996
 156.000000 -1.514979 0.703696 1.573268
 156.200000 -1.481982 0.675633 4.197108
 156.400000 -1.517338 0.677314 1.645578
 156.600000 -1.572082 0.709783 0.068705
 156.800000 -1.617326 0.635214 3.061840
 157.000000 -1.537551 0.706524 0.587832
 157.200000 -1.522807 0.685905 1.226234
 157.400000 -1.651349 0.687478 3.301157
 157.600000 -1.541554 0.698664 0.427701
 157.800000 -1.618297 0.669516 1.537580
 158.000000 -1.542288 0.723924 0.738993
 158.200000 -1.500377 0.629186 4.856198
 158.400000 -1.548035 0.763942 2.424519
 158.600000 -1.551278 0.693776 0.199969
 158.800000 -1.627814 0.713479 1.743275
 159.000000 -1.474616 0.670898 4.996154
 159.200000 -1.586793 0.747035 1.323737
 159.400000 -1.666424 0.679782 4.740638
 159.600000 -1.536172 0.740602 1.501289
 159.800000 -1.546748 0.754300 1.866601
 160.000000 -1.614911 0.733229 1.588962
 160.200000 -1.568677 0.736790 0.749471
 160.400000 -1.492988 0.676463 3.261799
 160.600000 -1.561080 0.670106 0.439915
 160.800000 -1.530322 0.666034 1.334212
 161.000000 -1.583524 0.720932 0.340911
 161.200000 -1.530099 0.655521 1.735985
 161.400000 -1.549733 0.727273 0.646429
 161.600000 -1.596279 0.714249 0.454552
 161.800000 -1.495275 0.622055 5.745549
 162.000000 -1.568361 0.745775 1.137891
 162.200000 -1.574838 0.605683 4.281545
 162.400000 -1.573086 0.694462 0.009353
 162.600000 -1.609774 0.803085 6.267184
 162.800000 -1.589136 0.724024 0.503365
 163.000000 -1.574279 0.756701 1.721248
 163.200000 -1.440372 0.707034 8.544891
 163.400000 -1.548091 0.793387 4.794586
 163.600000 -1.600548 0.651097 1.548709
 163.800000 -1.573127 0.683573 0.108696
 164.000000 -1.529316 0.733650 1.491099
 164.200000 -1.565262 0.666451 0.517156
 164.400000 -1.540330 0.729004 0.940656
 164.600000 -1.512836 0.656108 2.562664
 164.800000 -1.558984 0.697109 0.070289
 165.000000 -1.578376 0.712290 0.128951
 165.200000 -1.582980 0.756528 1.779259
 165.400000 -1.560393 0.686642 0.120125
 165.600000 -1.571159 0.736595 0.739771
 165.800000 -1.544105 0.686658 0.422037
 166.000000 -1.527738 0.759615 2.817102
 166.200000 -1.535834 0.710831 0.691817
 166.400000 -1.568420 0.741723 0.952907
 166.600000 -1.631475 0.734549 2.504057
 166.800000 -1.555025 0.690621 0.152568
 167.000000 -1.544760 0.686352 0.408316
 167.200000 -1.569256 0.789345 4.161131
 167.400000 -1.531588 0.715463 0.918827
 167.600000 -1.472641 0.724812 5.173193
 167.800000 -1.556406 0.724341 0.447001
 168.000000 -1.602569 0.752940 2.006745
 168.200000 -1.592369 0.655920 1.123595
 168.400000 -1.498894 0.645104 3.990933
 168.600000 -1.464876 0.650133 6.761550
 168.800000 -1.535821 0.753445 2.141428
 169.000000 -1.522031 0.769328 3.723467
 169.200000 -1.524079 0.743130 2.103669
 169.400000 -1.554634 0.777401 3.272440
 169.600000 -1.515729 0.689869 1.550327
 169.800000 -1.564044 0.666209 0.532314
 170.000000 -1.578945 0.782710 3.609902
 170.200000 -1.558004 0.741499 1.022202
 170.400000 -1.548449 0.668893 0.677154
 170.600000 -1.547598 0.703208 0.281959
 170.800000 -1.533559 0.740215 1.578806
 171.000000 -1.494218 0.677890 3.137004
 171.200000 -1.622884 0.693719 1.366296
 171.400000 -1.500489 0.626630 5.027781
 171.600000 -1.567018 0.764820 2.230799
 171.800000 -1.556158 0.761309 2.102823
 172.000000 -1.549771 0.685638 0.299084
 172.200000 -1.531962 0.720567 1.005709
 172.400000 -1.490861 0.787169 7.158671
 172.600000 -1.611315 0.840451 10.948271
 172.800000 -1.526867 0.611125 4.749964
 173.000000 -1.513079 0.640582 3.321595
 173.200000 -1.534753 0.745055 1.750457
 173.400000 -1.481893 0.619451 7.047174
 173.600000 -1.491462 0.643554 4.636272
 173.800000 -1.527678 0.768976 3.439057
 174.000000 -1.558770 0.791669 4.446918
 174.200000 -1.512792 0.718748 1.894733
 174.400000 -1.512198 0.723960 2.050420
 174.600000 -1.495322 0.751739 4.285042
 174.800000 -1.492447 0.608496 7.086523
 175.000000 -1.600303 0.867357 14.753866
 175.200000 -1.479900 0.676725 4.360156
 175.400000 -1.567346 0.691950 0.025057
 175.600000 -1.532152 0.696089 0.748780
 175.800000 -1.637386 0.667223 2.694761
 176.000000 -1.595739 0.633360 2.408771
 176.200000 -1.503306 0.636598 4.170643
 176.400000 -1.533399 0.707821 0.746234
 176.600000 -1.496470 0.634054 4.815223
 176.800000 -1.450197 0.736805 8.019871
 177.000000 -1.566632 0.753444 1.538413
 177.200000 -1.592018 0.732297 0.808809
 177.400000 -1.541043 0.699117 0.443112
 177.600000 -1.580316 0.755300 1.679394
 177.800000 -1.486403 0.678562 3.752611
 178.000000 -1.601793 0.712996 0.590867
 178.200000 -1.560469 0.744112 1.110422
 178.400000 -1.506059 0.662578 2.727521
 178.600000 -1.493596 0.703673 2.995304
 178.800000 -1.560657 0.657869 0.861953
 179.000000 -1.572300 0.730488 0.524590
 179.200000 -1.536425 0.638937 2.342728
 179.400000 -1.578511 0.653534 1.024215
 179.600000 -1.551735 0.733579 0.809927
 179.800000 -1.486961 0.627104 6.036646
 180.000000 -1.539643 0.629905 2.812696
 180.200000 -1.551065 0.723975 0.528609
 180.400000 -1.610992 0.735532 1.507259
 180.600000 -1.549907 0.691818 0.238103
 180.800000 -1.565505 0.808792 6.136865
 181.000000 -1.508093 0.705771 1.995017
 181.200000 -1.584007 0.753853 1.639700
 181.400000 -1.544431 0.724661 0.699483
 181.600000 -1.504481 0.682610 2.319299
 181.800000 -1.665604 0.713222 4.608092
 182.000000 -1.578006 0.782044 3.546666
 182.200000 -1.534653 0.634382 2.685142
 182.400000 -1.569057 0.632136 2.179251
 182.600000 -1.533722 0.698655 0.687389
 182.800000 -1.579895 0.666144 0.553002
 183.000000 -1.620745 0.647162 2.546424
 183.200000 -1.569866 0.748886 1.288447
 183.400000 -1.575693 0.681589 0.148819
 183.600000 -1.519295 0.616016 4.697674
 183.800000 -1.545211 0.716402 0.494218
 184.000000 -1.556376 0.727745 0.542450
 184.200000 -1.550454 0.657858 1.017903
 184.400000 -1.547265 0.694333 0.284087
 184.600000 -1.539518 0.680847 0.638541
 184.800000 -1.559421 0.690215 0.096039
 185.000000 -1.531489 0.712463 0.875215
 185.200000 -1.613393 0.731704 1.470815
 185.400000 -1.570431 0.653280 1.005886
 185.600000 -1.574437 0.744549 1.083910
 185.800000 -1.539476 0.587799 6.577188
 186.000000 -1.486406 0.647027 4.866706
 186.200000 -1.590734 0.729823 0.700922
 186.400000 -1.608047 0.654711 1.636492
 186.600000 -1.583442 0.707545 0.124263
 186.800000 -1.568610 0.641669 1.596390
 187.000000 -1.557041 0.632172 2.269928
 187.200000 -1.529533 0.709719 0.918467
 187.400000 -1.572851 0.679596 0.173896
 187.600000 -1.585896 0.739830 0.983378
 187.800000 -1.602847 0.788808 4.624721
 188.000000 -1.516279 0.689455 1.523694
 188.200000 -1.589118 0.706947 0.206687
 188.400000 -1.539197 0.656405 1.369798
 188.600000 -1.563732 0.719765 0.258942
 188.800000 -1.534147 0.694408 0.678532
 189.000000 -1.547515 0.669488 0.681256
 189.200000 -1.598334 0.725191 0.745265
 189.400000 -1.642199 0.723843 2.879747
 189.600000 -1.556530 0.656860 0.953451
 189.800000 -1.470743 0.717771 5.198146
 190.000000 -1.625515 0.713933 1.621880
 190.200000 -1.546735 0.681197 0.432870
 190.400000 -1.448346 0.715024 7.639698
 190.600000 -1.612607 0.763744 3.026558
 190.800000 -1.570385 0.640585 1.655901
 191.000000 -1.544071 0.644679 1.785702
 191.200000 -1.537098 0.693116 0.580353
 191.400000 -1.566317 0.694928 0.015162
 191.600000 -1.618595 0.686167 1.213959
 191.800000 -1.539789 0.716993 0.658611
 192.000000 -1.628763 0.704759 1.702009
 192.200000 -1.613675 0.657712 1.736142
 192.400000 -1.504561 0.657666 3.012303
 192.600000 -1.570949 0.665372 0.536604
 192.800000 -1.515910 0.712733 1.612827
 193.000000 -1.471793 0.696859 4.901593
 193.200000 -1.587661 0.628691 2.553193
 193.400000 -1.590588 0.759943 2.106201
 193.600000 -1.522521 0.656033 2.051398
 193.800000 -1.612436 0.630362 3.163320
 194.000000 -1.552623 0.736953 0.918695
 194.200000 -1.548235 0.705834 0.284166
 194.400000 -1.622902 0.717102 1.537442
 194.600000 -1.504711 0.765882 4.478716
 194.800000 -1.558906 0.793362 4.605136
 195.000000 -1.645767 0.724641 3.161699
 195.200000 -1.555081 0.679231 0.302097
 195.400000 -1.495929 0.688377 2.850161
 195.600000 -1.567358 0.743894 1.052990
 195.800000 -1.578985 0.723778 0.362382
 196.000000 -1.553754 0.718938 0.361682
 196.200000 -1.514052 0.714372 1.741820
 196.400000 -1.575541 0.613695 3.576006
 196.600000 -1.571973 0.643308 1.503515
 196.800000 -1.460762 0.619219 9.167370
 197.000000 -1.554905 0.633793 2.195977
 197.200000 -1.618257 0.772438 3.887008
 197.400000 -1.472125 0.723501 5.189837
 197.600000 -1.516840 0.647329 2.746117
 197.800000 -1.555486 0.736865 0.867329
 198.000000 -1.611339 0.696132 0.823845
 198.200000 -1.618113 0.736346 1.849611
 198.400000 -1.558328 0.684753 0.167224
 198.600000 -1.585027 0.733723 0.734616
 198.800000 -1.470174 0.766904 7.427224
 199.000000 -1.468841 0.692819 5.211593
 199.200000 -1.580461 0.708776 0.103358
 199.400000 -1.558027 0.706531 0.116805
 199.600000 -1.630675 0.705683 1.821221
 199.800000 -1.579144 0.619490 3.127081
 200.000000 -1.553007 0.617839 3.381719
