#! FIELDS time phi psi restraint.bias
#! SET min_phi -pi
#! SET max_phi pi
#! SET min_psi -pi
#! SET max_psi pi
 0.000000 -2.590405 -0.623226 73.740008
 0.200000 -2.987586 -0.702489 0.220158
 0.400000 -2.907064 -0.780108 5.159798
 0.600000 -2.893194 -0.699893 2.729603
 0.800000 -2.953387 -0.707919 0.141360
 1.000000 -2.901799 -0.802150 7.539323
 1.200000 -2.835633 -0.699596 8.637628
 1.400000 -2.966487 -0.802476 5.444006
 1.600000 -2.826410 -0.634376 11.923579
 1.800000 -2.971636 -0.763536 2.149311
 2.000000 -2.920683 -0.676237 1.315070
 2.200000 -2.889865 -0.674855 3.250427
 2.400000 -3.005469 -0.718765 0.950508
 2.600000 -2.938806 -0.693735 0.408814
 2.800000 -2.949441 -0.688730 0.199411
 3.000000 -2.938086 -0.764715 2.636435
 3.200000 -2.825537 -0.725361 10.385095
 3.400000 -2.986541 -0.684316 0.285204
 3.600000 -2.941118 -0.706836 0.374370
 3.800000 -2.958263 -0.684774 0.127901
 4.000000 -3.010350 -0.789828 5.141164
 4.200000 -2.885110 -0.678497 3.550674
 4.400000 -2.897452 -0.662245 3.066538
 4.600000 -2.978116 -0.655956 0.950505
 4.800000 -3.002649 -0.685917 0.707911
 5.000000 -2.911475 -0.783558 5.193682
 5.200000 -2.917814 -0.776525 4.285353
 5.400000 -2.961708 -0.714338 0.145648
 5.600000 -2.909379 -0.696397 1.665056
 5.800000 -2.997229 -0.656580 1.318357
 6.000000 -2.909550 -0.669636 2.059708
 6.200000 -2.900543 -0.743587 3.245333
 6.400000 -2.852118 -0.703053 6.617957
 6.600000 -2.978217 -0.718673 0.273226
 6.800000 -2.985609 -0.669405 0.584644
 7.000000 -2.867627 -0.719949 5.181409
 7.200000 -2.974991 -0.698192 0.031451
 7.400000 -2.888082 -0.713440 3.235955
 7.600000 -3.007938 -0.656797 1.689793
 7.800000 -2.946466 -0.687339 0.270307
 8.000000 -2.924715 -0.562502 10.094274
 8.200000 -3.011833 -0.642942 2.525251
 8.400000 -2.985410 -0.620037 3.217779
 8.600000 -2.963911 -0.699215 0.005545
 8.800000 -3.025088 -0.691264 1.707249
 9.000000 -2.936078 -0.681352 0.620702
 9.200000 -3.004787 -0.655559 1.617889
 9.400000 -3.017021 -0.766525 3.586936
 9.600000 -2.996872 -0.636130 2.366500
 9.800000 -3.002132 -0.671340 0.973929
 10.000000 -2.882729 -0.699705 3.557033
 10.200000 -2.901561 -0.695770 2.147848
 10.400000 -3.022084 -0.713820 1.636921
 10.600000 -2.957969 -0.666384 0.545284
 10.800000 -3.023003 -0.746385 2.729010
 11.000000 -2.924737 -0.672894 1.214084
 11.200000 -2.975995 -0.677038 0.262385
 11.400000 -2.951733 -0.670718 0.493220
 11.600000 -3.029807 -0.700244 1.970820
 11.800000 -2.973249 -0.668155 0.468438
 12.000000 -3.016647 -0.673356 1.536380
 12.200000 -2.948309 -0.635211 2.155326
 12.400000 -2.963163 -0.654361 0.965520
 12.600000 -3.116801 -0.648651 12.435383
 12.800000 -2.874836 -0.712733 4.359168
 13.000000 -3.056590 -0.694887 4.013129
 13.200000 -2.875651 -0.711030 4.261001
 13.400000 -3.045846 -0.744003 4.155715
 13.600000 -2.985862 -0.698207 0.176764
 13.800000 -2.963393 -0.705895 0.036857
 14.000000 -2.953252 -0.586295 6.349051
 14.200000 -3.022121 -0.681224 1.658794
 14.400000 -3.025362 -0.651873 2.769537
 14.600000 -2.995867 -0.683845 0.516986
 14.800000 -2.962436 -0.739843 0.880590
 15.000000 -2.912539 -0.712455 1.588853
 15.200000 -2.990281 -0.726742 0.678882
 15.400000 -2.983886 -0.733575 0.769682
 15.600000 -3.002321 -0.617193 3.897224
 15.800000 -2.958849 -0.632423 2.192532
 16.000000 -2.935276 -0.722483 0.801599
 16.200000 -3.065272 -0.715593 4.975265
 16.400000 -2.943812 -0.696306 0.271893
 16.600000 -2.987415 -0.715280 0.354192
 16.800000 -2.915510 -0.677065 1.550611
 17.000000 -2.966141 -0.636071 1.926164
 17.200000 -3.002106 -0.664649 1.174664
 17.400000 -2.966471 -0.688977 0.042082
 17.600000 -2.980854 -0.693271 0.106950
 17.800000 -2.938984 -0.666464 0.895553
 18.000000 -2.961010 -0.669270 0.434803
 18.200000 -2.949529 -0.721712 0.431676
 18.400000 -2.961204 -0.642675 1.554874
 18.600000 -2.972481 -0.776173 3.059904
 18.800000 -2.927381 -0.630739 3.058110
 19.000000 -2.982209 -0.741058 1.036099
 19.200000 -2.966392 -0.676388 0.236608
 19.400000 -2.964963 -0.677920 0.206458
 19.600000 -3.017862 -0.675335 1.550251
 19.800000 -2.892048 -0.651681 3.892190
 20.000000 -2.915096 -0.677395 1.565134
 20.200000 -3.001493 -0.691643 0.613871
 20.400000 -2.890651 -0.732048 3.494307
 20.600000 -2.987628 -0.649620 1.388210
 20.800000 -2.920256 -0.678450 1.288993
 21.000000 -2.957945 -0.674234 0.327095
 21.200000 -2.994760 -0.731640 0.945057
 21.400000 -2.943279 -0.624096 3.023381
 21.600000 -2.975268 -0.681130 0.178220
 21.800000 -2.993701 -0.609349 4.296047
 22.000000 -2.981295 -0.710306 0.175436
 22.200000 -3.022252 -0.690291 1.553851
 22.400000 -2.930884 -0.733497 1.279668
 22.600000 -2.929473 -0.631028 2.957847
 22.800000 -3.013149 -0.750128 2.413891
 23.000000 -2.919520 -0.598107 6.132514
 23.200000 -3.046933 -0.758042 4.984447
 23.400000 -2.866058 -0.624250 7.829935
 23.600000 -2.951247 -0.699750 0.126338
 23.800000 -2.939978 -0.625748 2.986407
 24.000000 -2.946162 -0.736817 0.966633
 24.200000 -2.895850 -0.651208 3.636375
 24.400000 -2.929446 -0.739963 1.582309
 24.600000 -2.951630 -0.665172 0.662227
 24.800000 -2.970100 -0.794890 4.685720
 25.000000 -2.917521 -0.628754 3.633651
 25.200000 -2.991650 -0.768659 2.789358
 25.400000 -2.901060 -0.626237 4.762416
 25.600000 -3.068582 -0.728395 5.611324
 25.800000 -2.927939 -0.577450 8.047269
 26.000000 -2.991160 -0.700140 0.292435
 26.200000 -2.899992 -0.684857 2.337168
 26.400000 -2.965123 -0.642600 1.543773
 26.600000 -2.919480 -0.653994 2.105995
 26.800000 -3.016200 -0.670846 1.579643
 27.000000 -2.930108 -0.699017 0.683106
 27.200000 -2.944559 -0.692957 0.266524
 27.400000 -2.926855 -0.749461 2.125573
 27.600000 -2.985736 -0.607648 4.268051
 27.800000 -2.993371 -0.682375 0.470283
 28.000000 -2.961604 -0.618684 3.170881
 28.200000 -2.967533 -0.807248 5.953270
 28.400000 -2.901783 -0.702183 2.138742
 28.600000 -2.899020 -0.698253 2.314701
 28.800000 -2.966680 -0.677111 0.221008
 29.000000 -2.935324 -0.694289 0.510946
 29.200000 -2.838963 -0.642894 9.729970
 29.400000 -3.014450 -0.692284 1.140035
 29.600000 -2.914545 -0.686329 1.448545
 29.800000 -2.942672 -0.653105 1.311059
 30.000000 -2.979547 -0.662427 0.715365
 30.200000 -2.977345 -0.668294 0.498032
 30.400000 -2.876553 -0.674149 4.383328
 30.600000 -3.027381 -0.722046 2.105259
 30.800000 -2.947346 -0.678618 0.384709
 31.000000 -2.963713 -0.748992 1.298994
 31.200000 -2.963332 -0.632070 2.189047
 31.400000 -2.894980 -0.763395 4.727434
 31.600000 -2.981250 -0.650153 1.251672
 31.800000 -2.957126 -0.708931 0.107659
 32.000000 -3.004739 -0.692848 0.723837
 32.200000 -2.880810 -0.711930 3.814737
 32.400000 -2.895189 -0.721932 2.865949
 32.600000 -2.986333 -0.745544 1.309694
 32.800000 -2.856302 -0.714588 6.269049
 33.000000 -2.965909 -0.733937 0.641681
 33.200000 -2.916037 -0.694558 1.308055
 33.400000 -2.955725 -0.763973 2.231789
 33.600000 -2.953446 -0.722989 0.401618
 33.800000 -2.863077 -0.779195 8.691755
 34.000000 -2.924022 -0.668066 1.378107
 34.200000 -3.025695 -0.705697 1.747646
 34.400000 -2.992246 -0.613197 3.924113
 34.600000 -2.978294 -0.709352 0.126053
 34.800000 -2.991668 -0.726748 0.712230
 35.000000 -2.867519 -0.658467 5.740790
 35.200000 -2.954279 -0.714529 0.216104
 35.400000 -2.972915 -0.760930 1.988976
 35.600000 -2.914348 -0.708052 1.438465
 35.800000 -2.938198 -0.664155 0.993701
 36.000000 -2.899457 -0.710624 2.363100
 36.200000 -2.918264 -0.742494 2.174557
 36.400000 -2.996742 -0.742355 1.418363
 36.600000 -2.941185 -0.674109 0.623295
 36.800000 -2.890056 -0.761080 4.946067
 37.000000 -2.951353 -0.637393 1.967973
 37.200000 -2.923788 -0.662558 1.568975
 37.400000 -2.946169 -0.734237 0.869988
 37.600000 -2.999213 -0.737525 1.292832
 37.800000 -2.852446 -0.708955 6.626722
 38.000000 -2.912227 -0.735971 2.219218
 38.200000 -2.947019 -0.748871 1.488044
 38.400000 -2.970174 -0.725284 0.373464
 38.600000 -2.895381 -0.686388 2.637908
 38.800000 -3.061779 -0.671047 4.852658
 39.000000 -2.847343 -0.594238 12.563041
 39.200000 -3.006866 -0.752408 2.265206
 39.400000 -2.900908 -0.678535 2.380059
 39.600000 -2.929322 -0.742815 1.710358
 39.800000 -2.839988 -0.798392 13.099745
 40.000000 -3.013430 -0.668969 1.500341
 40.200000 -2.959044 -0.739774 0.899150
 40.400000 -2.931798 -0.598220 5.612845
 40.600000 -2.940394 -0.739386 1.206510
 40.800000 -3.020964 -0.697053 1.453443
 41.000000 -2.851835 -0.732991 7.245952
 41.200000 -2.993341 -0.683213 0.456645
 41.400000 -2.929720 -0.718384 0.902207
 41.600000 -2.898456 -0.680509 2.508533
 41.800000 -2.896737 -0.776217 5.521275
 42.000000 -2.958124 -0.711240 0.125838
 42.200000 -2.922797 -0.640730 2.627090
 42.400000 -2.916824 -0.736002 1.978896
 42.600000 -2.881266 -0.622379 6.549545
 42.800000 -3.003726 -0.785595 4.497105
 43.000000 -2.853807 -0.683902 6.514383
 43.200000 -3.041411 -0.655057 3.691770
 43.400000 -2.879735 -0.660231 4.531016
 43.600000 -2.957319 -0.648948 1.256980
 43.800000 -2.856175 -0.743445 7.174386
 44.000000 -2.983826 -0.731868 0.709618
 44.200000 -2.988095 -0.674938 0.490218
 44.400000 -2.894345 -0.709924 2.713217
 44.600000 -2.911453 -0.618195 4.741000
 44.800000 -3.026654 -0.638022 3.582357
 45.000000 -2.919684 -0.695678 1.125222
 45.200000 -3.037190 -0.738399 3.269900
 45.400000 -2.884922 -0.737557 4.150443
 45.600000 -2.893461 -0.630364 5.004596
 45.800000 -3.029150 -0.778460 5.153894
 46.000000 -2.897607 -0.695516 2.415233
 46.200000 -2.906732 -0.653252 2.826815
 46.400000 -3.021582 -0.664416 2.054731
 46.600000 -2.925011 -0.692130 0.902062
 46.800000 -2.980666 -0.651425 1.183327
 47.000000 -2.981007 -0.714207 0.226470
 47.200000 -2.941658 -0.683476 0.430032
 47.400000 -2.956131 -0.743582 1.092576
 47.600000 -2.996248 -0.690310 0.456554
 47.800000 -2.901602 -0.736487 2.877946
 48.000000 -2.975375 -0.666485 0.535329
 48.200000 -2.957630 -0.731956 0.616504
 48.400000 -2.946816 -0.707361 0.247486
 48.600000 -2.881489 -0.677526 3.873494
 48.800000 -3.032883 -0.684835 2.254763
 49.000000 -2.928473 -0.665058 1.291376
 49.200000 -2.967577 -0.694167 0.007991
 49.400000 -2.972993 -0.761343 2.015424
 49.600000 -2.844311 -0.692885 7.547412
 49.800000 -2.941993 -0.767540 2.722944
 50.000000 -2.945963 -0.660270 0.939314
 50.200000 -2.986350 -0.678641 0.376014
 50.400000 -2.887344 -0.699768 3.178608
 50.600000 -2.876335 -0.723894 4.447331
 50.800000 -2.892778 -0.802909 8.247979
 51.000000 -2.961520 -0.675100 0.280576
 51.200000 -2.884287 -0.757087 5.163560
 51.400000 -2.989736 -0.657163 1.096307
 51.600000 -2.876056 -0.699229 4.141466
 51.800000 -2.889466 -0.634371 5.043092
 52.000000 -2.978973 -0.752067 1.525489
 52.200000 -2.954945 -0.705235 0.098605
 52.400000 -2.858799 -0.678275 6.057299
 52.600000 -2.945736 -0.691708 0.247981
 52.800000 -2.924478 -0.729331 1.393317
 53.000000 -2.986189 -0.602699 4.736689
 53.200000 -2.952511 -0.791998 4.511307
 53.400000 -2.931332 -0.660466 1.347590
 53.600000 -2.864778 -0.718323 5.434597
 53.800000 -2.973803 -0.768687 2.511797
 54.000000 -2.930039 -0.698843 0.685537
 54.200000 -2.922860 -0.719893 1.213608
 54.400000 -2.907385 -0.645561 3.162384
 54.600000 -2.970081 -0.694893 0.009809
 54.800000 -3.016235 -0.704163 1.227303
 55.000000 -2.949586 -0.714963 0.294310
 55.200000 -2.885461 -0.736537 4.066654
 55.400000 -2.895964 -0.755231 4.157463
 55.600000 -2.938037 -0.697336 0.421477
 55.800000 -2.997224 -0.699547 0.455930
 56.000000 -2.949195 -0.696334 0.161191
 56.200000 -2.907108 -0.714727 1.934817
 56.400000 -2.986347 -0.716091 0.347256
 56.600000 -2.872420 -0.656450 5.346995
 56.800000 -2.925401 -0.673056 1.182108
 57.000000 -2.939961 -0.692345 0.383899
 57.200000 -2.940056 -0.642286 1.923989
 57.400000 -2.882722 -0.730951 4.094929
 57.600000 -2.970947 -0.731628 0.568556
 57.800000 -2.837232 -0.673643 8.727495
 58.000000 -2.974638 -0.699002 0.029098
 58.200000 -2.889733 -0.709195 3.050872
 58.400000 -2.898794 -0.689681 2.365792
 58.600000 -2.919981 -0.687619 1.163465
 58.800000 -2.915445 -0.788106 5.379722
 59.000000 -2.959390 -0.686689 0.094879
 59.200000 -2.928372 -0.725852 1.132576
 59.400000 -2.916797 -0.695166 1.267554
 59.600000 -3.022874 -0.675079 1.823337
 59.800000 -2.930692 -0.638997 2.409769
 60.000000 -2.933699 -0.736251 1.283000
 60.200000 -2.871835 -0.725883 4.918965
 60.400000 -2.926056 -0.677392 1.055730
 60.600000 -2.969782 -0.733480 0.628456
 60.800000 -2.945422 -0.636381 2.140682
 61.000000 -2.923824 -0.697447 0.934914
 61.200000 -2.954644 -0.730691 0.607138
 61.400000 -2.936629 -0.802394 5.898318
 61.600000 -2.910751 -0.661195 2.267486
 61.800000 -2.909728 -0.732430 2.231636
 62.000000 -2.906696 -0.650251 2.968163
 62.200000 -2.945522 -0.721344 0.501361
 62.400000 -2.920970 -0.715650 1.215586
 62.600000 -2.947673 -0.726411 0.587787
 62.800000 -2.891456 -0.582959 9.490385
 63.000000 -3.046039 -0.721582 3.393865
 63.200000 -2.949044 -0.654346 1.120867
 63.400000 -2.852160 -0.750896 7.993033
 63.600000 -2.933248 -0.701234 0.576445
 63.800000 -2.963078 -0.760551 1.955997
 64.000000 -2.945420 -0.778385 3.454404
 64.200000 -2.915125 -0.712941 1.458274
 64.400000 -2.923447 -0.591556 6.630179
 64.600000 -3.007101 -0.668516 1.240176
 64.800000 -2.981907 -0.634682 2.123153
 65.000000 -2.991580 -0.676847 0.527151
 65.200000 -3.011295 -0.692838 0.992410
 65.400000 -2.937599 -0.712507 0.537283
 65.600000 -2.972077 -0.634828 2.016259
 65.800000 -3.004801 -0.711497 0.801503
 66.000000 -2.938493 -0.617397 3.667093
 66.200000 -2.965322 -0.702932 0.013033
 66.400000 -2.888297 -0.600831 7.835499
 66.600000 -2.938155 -0.744330 1.484865
 66.800000 -3.002129 -0.696795 0.615813
 67.000000 -2.902787 -0.720446 2.314441
 67.200000 -2.999280 -0.692431 0.535324
 67.400000 -2.900981 -0.710135 2.255251
 67.600000 -2.940408 -0.725160 0.720421
 67.800000 -2.905998 -0.780965 5.294976
 68.000000 -2.873956 -0.688737 4.378297
 68.200000 -2.937928 -0.635544 2.382948
 68.400000 -2.990360 -0.715075 0.414978
 68.600000 -2.991545 -0.724760 0.654278
 68.800000 -2.876788 -0.766116 6.385405
 69.000000 -2.944552 -0.684988 0.339673
 69.200000 -2.828133 -0.694357 9.657435
 69.400000 -2.963289 -0.725828 0.390641
 69.600000 -2.986755 -0.766710 2.545431
 69.800000 -2.848825 -0.621842 9.899821
 70.000000 -2.967619 -0.739361 0.850099
 70.200000 -3.026715 -0.635919 3.714598
 70.400000 -2.930155 -0.674082 0.970189
 70.600000 -2.905010 -0.594272 7.318527
 70.800000 -2.914500 -0.752169 2.841246
 71.000000 -2.929681 -0.732390 1.285430
 71.200000 -2.972203 -0.800205 5.222694
 71.400000 -2.929466 -0.673430 1.011737
 71.600000 -2.868217 -0.735274 5.574735
 71.800000 -2.952908 -0.709178 0.161153
 72.000000 -2.944813 -0.801089 5.547560
 72.200000 -2.933359 -0.663831 1.156141
 72.400000 -3.006921 -0.658014 1.599203
 72.600000 -3.021169 -0.568194 9.905836
 72.800000 -2.905319 -0.678194 2.104713
 73.000000 -2.923939 -0.737712 1.713025
 73.200000 -2.958964 -0.824615 8.031749
 73.400000 -2.903607 -0.739158 2.854667
 73.600000 -2.912229 -0.656861 2.354843
 73.800000 -2.961326 -0.597911 5.038505
 74.000000 -2.974871 -0.708655 0.085878
 74.200000 -2.929168 -0.670226 1.107255
 74.400000 -2.963489 -0.774321 2.908799
 74.600000 -2.945683 -0.672220 0.564201
 74.800000 -2.951106 -0.695599 0.130460
 75.000000 -2.959022 -0.718644 0.242686
 75.200000 -2.957419 -0.775757 3.059281
 75.400000 -2.881480 -0.692225 3.679398
 75.600000 -2.973821 -0.733854 0.660911
 75.800000 -2.873481 -0.644209 5.832358
 76.000000 -2.981721 -0.724927 0.466472
 76.200000 -2.937555 -0.654706 1.378152
 76.400000 -2.991142 -0.688505 0.336304
 76.600000 -2.909590 -0.648937 2.861424
 76.800000 -3.026145 -0.644006 3.210318
 77.000000 -2.956030 -0.785539 3.880834
 77.200000 -2.910935 -0.658504 2.360174
 77.400000 -2.896796 -0.760553 4.416680
 77.600000 -2.939128 -0.729952 0.896359
 77.800000 -2.955417 -0.668662 0.502019
 78.000000 -2.906041 -0.758718 3.696974
 78.200000 -2.954348 -0.723968 0.414547
 78.400000 -2.925816 -0.689675 0.886274
 78.600000 -2.950647 -0.691734 0.155157
 78.800000 -2.945205 -0.766471 2.573965
 79.000000 -3.006404 -0.681979 0.904436
 79.200000 -2.951256 -0.796018 4.915736
 79.400000 -2.931682 -0.684688 0.716159
 79.600000 -2.879428 -0.778203 7.045408
 79.800000 -3.006203 -0.709128 0.826556
 80.000000 -2.970197 -0.647507 1.286361
 80.200000 -2.917728 -0.695134 1.221286
 80.400000 -3.002036 -0.686349 0.681077
 80.600000 -2.972200 -0.601097 4.721120
 80.800000 -2.946698 -0.686835 0.271119
 81.000000 -2.938931 -0.703626 0.410719
 81.200000 -2.863508 -0.697007 5.362159
 81.400000 -2.950620 -0.825553 8.253218
 81.600000 -2.913227 -0.675274 1.710243
 81.800000 -2.960657 -0.682241 0.146747
 82.000000 -2.922882 -0.685421 1.056605
 82.200000 -2.957411 -0.696272 0.048279
 82.400000 -2.951840 -0.689693 0.151422
 82.600000 -2.974144 -0.733096 0.636358
 82.800000 -2.820460 -0.707675 10.791316
 83.000000 -2.849049 -0.776567 10.039250
 83.200000 -2.856432 -0.706734 6.156285
 83.400000 -2.982194 -0.786933 4.057372
 83.600000 -2.910318 -0.738944 2.442644
 83.800000 -2.967511 -0.768213 2.455770
 84.000000 -2.899653 -0.696222 2.273638
 84.200000 -2.958929 -0.733514 0.658998
 84.400000 -2.887917 -0.669952 3.528795
 84.600000 -2.982765 -0.766081 2.431903
 84.800000 -2.842546 -0.663352 8.356614
 85.000000 -3.000320 -0.697884 0.553138
 85.200000 -2.951160 -0.623679 2.898015
 85.400000 -2.914633 -0.656281 2.250013
 85.600000 -2.950953 -0.676555 0.362486
 85.800000 -2.919273 -0.831634 10.053272
 86.000000 -2.823051 -0.745437 11.488114
 86.200000 -2.938239 -0.720135 0.657396
 86.400000 -2.990860 -0.722124 0.571039
 86.600000 -2.879578 -0.625332 6.476491
 86.800000 -3.026452 -0.667524 2.232144
 87.000000 -2.914352 -0.639817 3.089371
 87.200000 -2.951642 -0.689164 0.159064
 87.400000 -2.987027 -0.722215 0.489350
 87.600000 -2.894019 -0.702075 2.675238
 87.800000 -2.900040 -0.723065 2.556620
 88.000000 -2.943926 -0.757928 2.055388
 88.200000 -2.966342 -0.734295 0.654157
 88.400000 -2.898728 -0.699330 2.335314
 88.600000 -2.942956 -0.688169 0.340126
 88.800000 -2.981560 -0.713117 0.217417
 89.000000 -2.965462 -0.622486 2.862391
 89.200000 -2.962028 -0.723548 0.335665
 89.400000 -3.023431 -0.631558 3.804918
 89.600000 -2.932672 -0.699517 0.592229
 89.800000 -2.978575 -0.732046 0.641397
 90.000000 -2.861499 -0.736266 6.298709
 90.200000 -2.915167 -0.773556 4.190832
 90.400000 -2.928882 -0.702699 0.739189
 90.600000 -2.901733 -0.729253 2.618031
 90.800000 -2.992681 -0.615260 3.762072
 91.000000 -2.879093 -0.658115 4.669774
 91.200000 -2.974208 -0.664667 0.585493
 91.400000 -2.897662 -0.688625 2.453244
 91.600000 -2.916723 -0.733251 1.883558
 91.800000 -2.955035 -0.762251 2.127903
 92.000000 -2.866309 -0.722115 5.362941
 92.200000 -2.990876 -0.763514 2.421030
 92.400000 -2.900870 -0.767990 4.630617
 92.600000 -2.854381 -0.725971 6.735700
 92.800000 -3.055084 -0.657464 4.701037
 93.000000 -2.864924 -0.657005 6.061523
 93.200000 -2.957244 -0.620093 3.093211
 93.400000 -2.949627 -0.799214 5.260794
 93.600000 -2.942081 -0.687784 0.365519
 93.800000 -2.869920 -0.889722 23.071506
 94.000000 -2.894227 -0.791824 7.041453
 94.200000 -2.834378 -0.755616 10.454418
 94.400000 -2.935328 -0.806297 6.353317
 94.600000 -2.968615 -0.650757 1.123405
 94.800000 -2.876695 -0.641973 5.659795
 95.000000 -2.990254 -0.633178 2.378482
 95.200000 -2.935056 -0.655582 1.417371
 95.400000 -3.025523 -0.696505 1.710325
 95.600000 -2.862903 -0.792939 9.918466
 95.800000 -2.967244 -0.713704 0.121264
 96.000000 -2.869392 -0.847220 15.883143
 96.200000 -2.982579 -0.636569 2.015405
 96.400000 -3.037161 -0.669384 2.870310
 96.600000 -2.919174 -0.598269 6.132812
 96.800000 -2.975715 -0.713108 0.149610
 97.000000 -2.925698 -0.695025 0.860211
 97.200000 -2.942300 -0.731699 0.869903
 97.400000 -2.924088 -0.750764 2.308346
 97.600000 -2.840459 -0.656479 8.881277
 97.800000 -2.948498 -0.744925 1.267071
 98.000000 -2.892091 -0.751606 4.239891
 98.200000 -2.954112 -0.740474 0.980242
 98.400000 -2.902433 -0.653619 3.078980
 98.600000 -2.956856 -0.662901 0.672651
 98.800000 -2.931261 -0.652034 1.703284
 99.000000 -2.924827 -0.698322 0.891840
 99.200000 -2.920574 -0.739557 1.938498
 99.400000 -2.927500 -0.729256 1.266872
 99.600000 -2.951892 -0.733511 0.740889
 99.800000 -2.921810 -0.702500 1.033293
 100.000000 -2.898527 -0.774665 5.276992
 100.200000 -2.923771 -0.712822 1.044843
 100.400000 -2.898459 -0.611858 6.074633
 100.600000 -3.026325 -0.712046 1.852982
 100.800000 -2.932996 -0.608764 4.573449
 101.000000 -2.919718 -0.734012 1.764305
 101.200000 -2.960102 -0.673995 0.315493
 101.400000 -2.929777 -0.747061 1.892041
 101.600000 -2.952758 -0.737781 0.888298
 101.800000 -2.987326 -0.685406 0.286347
 102.000000 -2.879084 -0.710534 3.946753
 102.200000 -3.032383 -0.685318 2.215629
 102.400000 -2.942994 -0.716926 0.466203
 102.600000 -2.887353 -0.641619 4.773398
 102.800000 -3.013934 -0.711220 1.184233
 103.000000 -2.922328 -0.678015 1.202783
 103.200000 -2.927938 -0.782385 4.314551
 103.400000 -2.894512 -0.713297 2.746601
 103.600000 -2.925924 -0.752733 2.336711
 103.800000 -2.965453 -0.768070 2.446970
 104.000000 -3.003458 -0.808367 6.738326
 104.200000 -2.916952 -0.637170 3.113571
 104.400000 -2.919397 -0.737136 1.896552
 104.600000 -2.920708 -0.635903 3.010479
 104.800000 -2.973030 -0.781613 3.502404
 105.000000 -2.911971 -0.611526 5.267655
 105.200000 -3.039898 -0.707692 2.698409
 105.400000 -2.871245 -0.676944 4.814706
 105.600000 -2.956742 -0.725054 0.415638
 105.800000 -2.854554 -0.748328 7.588567
 106.000000 -2.943766 -0.716019 0.431275
 106.200000 -2.978506 -0.638786 1.826464
 106.400000 -2.879769 -0.641550 5.410606
 106.600000 -2.962901 -0.684992 0.094977
 106.800000 -2.881128 -0.692526 3.707850
 107.000000 -2.929356 -0.713807 0.833667
 107.200000 -2.955150 -0.708874 0.128617
 107.400000 -2.887098 -0.673539 3.499364
 107.600000 -2.919746 -0.651494 2.206833
 107.800000 -2.948322 -0.726354 0.573795
 108.000000 -2.921191 -0.723030 1.361914
 108.200000 -2.937830 -0.737841 1.215608
 108.400000 -2.922263 -0.683918 1.104409
 108.600000 -2.929580 -0.756769 2.421545
 108.800000 -2.944876 -0.617123 3.527291
 109.000000 -2.929407 -0.695653 0.711952
 109.200000 -2.956347 -0.713513 0.175672
 109.400000 -2.934303 -0.710234 0.609736
 109.600000 -2.954022 -0.717675 0.275964
 109.800000 -2.979319 -0.758050 1.870244
 110.000000 -2.950757 -0.689384 0.171150
 110.200000 -2.956294 -0.699757 0.059268
 110.400000 -3.013171 -0.652329 2.112082
 110.600000 -2.938429 -0.668802 0.839975
 110.800000 -3.019300 -0.609640 5.279920
 111.000000 -2.990816 -0.705047 0.306089
 111.200000 -2.996703 -0.684453 0.532908
 111.400000 -2.987052 -0.728436 0.659030
 111.600000 -2.976996 -0.736165 0.772618
 111.800000 -2.936663 -0.710285 0.535842
 112.000000 -2.958703 -0.728602 0.499136
 112.200000 -3.001976 -0.713353 0.725425
 112.400000 -3.053381 -0.586498 9.956738
 112.600000 -2.996096 -0.658500 1.206869
 112.800000 -2.999203 -0.607659 4.609261
 113.000000 -2.964363 -0.717068 0.182927
 113.200000 -2.985521 -0.759427 2.048949
 113.400000 -2.953152 -0.773520 2.938405
 113.600000 -2.987318 -0.676537 0.438374
 113.800000 -3.003952 -0.752384 2.152192
 114.000000 -3.006825 -0.642149 2.357662
 114.200000 -2.937740 -0.661266 1.109345
 114.400000 -3.006426 -0.641274 2.391251
 114.600000 -2.943118 -0.715599 0.439165
 114.800000 -2.987709 -0.645370 1.605094
 115.000000 -2.971944 -0.717579 0.201034
 115.200000 -2.981742 -0.716351 0.273753
 115.400000 -2.948508 -0.697840 0.172130
 115.600000 -2.942355 -0.685338 0.387011
 115.800000 -2.983197 -0.731468 0.685859
 116.000000 -2.954585 -0.681788 0.211367
 116.200000 -2.962330 -0.651546 1.096306
 116.400000 -3.007757 -0.694050 0.836452
 116.600000 -2.984815 -0.646345 1.498565
 116.800000 -2.947271 -0.654482 1.148454
 117.000000 -2.999585 -0.709156 0.589714
 117.200000 -2.989414 -0.712911 0.359069
 117.400000 -2.922997 -0.664638 1.531687
 117.600000 -2.909704 -0.774989 4.598308
 117.800000 -2.952104 -0.723115 0.423932
 118.000000 -2.950777 -0.710064 0.203755
 118.200000 -3.078424 -0.659403 6.951001
 118.400000 -2.919468 -0.608365 5.161522
 118.600000 -2.968718 -0.605967 4.248575
 118.800000 -2.974356 -0.649378 1.215085
 119.000000 -3.056908 -0.664530 4.600895
 119.200000 -2.982073 -0.682062 0.241821
 119.400000 -2.930414 -0.656239 1.548958
 119.600000 -2.994029 -0.736757 1.109640
 119.800000 -2.931660 -0.666744 1.119136
 120.000000 -2.952495 -0.754545 1.697291
 120.200000 -2.948937 -0.709186 0.225308
 120.400000 -2.988196 -0.610798 4.036956
 120.600000 -3.017335 -0.674024 1.554380
 120.800000 -2.922269 -0.615141 4.446844
 121.000000 -2.967603 -0.689556 0.036920
 121.200000 -2.891755 -0.642095 4.405444
 121.400000 -2.927712 -0.732555 1.366595
 121.600000 -3.010495 -0.704033 0.960742
 121.800000 -2.991677 -0.688501 0.349378
 122.000000 -2.992924 -0.746867 1.522056
 122.200000 -2.906270 -0.609419 5.782651
 122.400000 -3.011228 -0.732826 1.577231
 122.600000 -3.008394 -0.673977 1.145978
 122.800000 -2.916395 -0.708892 1.341362
 123.000000 -3.092164 -0.652300 8.875857
 123.200000 -3.028553 -0.630391 4.185130
 123.400000 -2.899794 -0.622841 5.096689
 123.600000 -3.046647 -0.632896 5.294848
 123.800000 -2.920239 -0.674248 1.381298
 124.000000 -2.948496 -0.737047 0.929486
 124.200000 -2.986424 -0.740686 1.092910
 124.400000 -2.921676 -0.722732 1.332451
 124.600000 -2.903348 -0.707115 2.069971
 124.800000 -2.986770 -0.696451 0.195669
 125.000000 -3.018201 -0.743988 2.359108
 125.200000 -2.886819 -0.660988 3.909112
 125.400000 -3.031606 -0.686999 2.145109
 125.600000 -2.953639 -0.715204 0.235796
 125.800000 -2.969045 -0.644305 1.450623
 126.000000 -2.947499 -0.793566 4.745116
 126.200000 -2.996111 -0.766981 2.792069
 126.400000 -2.873588 -0.759900 6.276200
 126.600000 -3.038618 -0.734184 3.210164
 126.800000 -2.970232 -0.653669 0.993513
 127.000000 -2.935523 -0.676934 0.721951
 127.200000 -2.807858 -0.700696 12.675938
 127.400000 -2.910211 -0.762057 3.659074
 127.600000 -2.943796 -0.726854 0.683094
 127.800000 -2.904560 -0.735214 2.640652
 128.000000 -2.893561 -0.617877 5.921390
 128.200000 -3.028014 -0.736393 2.589706
 128.400000 -2.825681 -0.594212 15.393588
 128.600000 -2.994313 -0.801561 5.720120
 128.800000 -2.980210 -0.717105 0.266467
 129.000000 -2.905038 -0.721712 2.201350
 129.200000 -2.992487 -0.685639 0.401308
 129.400000 -2.942230 -0.716885 0.484113
 129.600000 -2.990950 -0.701611 0.291438
 129.800000 -2.912696 -0.737032 2.234327
 130.000000 -2.829820 -0.660475 10.126354
 130.200000 -2.993855 -0.719795 0.593648
 130.400000 -3.003272 -0.741975 1.616805
 130.600000 -2.883751 -0.660643 4.172870
 130.800000 -2.925390 -0.700917 0.872063
 131.000000 -2.992960 -0.714445 0.468457
 131.200000 -2.940568 -0.689707 0.386396
 131.400000 -2.903416 -0.648728 3.245652
 131.600000 -2.968673 -0.713181 0.114547
 131.800000 -2.915571 -0.732424 1.913537
 132.000000 -2.903353 -0.651833 3.101069
 132.200000 -3.005777 -0.736042 1.468101
 132.400000 -2.906830 -0.727056 2.232139
 132.600000 -2.868461 -0.704257 4.879590
 132.800000 -2.942846 -0.679182 0.472705
 133.000000 -2.922780 -0.666708 1.474056
 133.200000 -2.996791 -0.712277 0.542014
 133.400000 -2.918690 -0.637992 2.978189
 133.600000 -2.930372 -0.718802 0.886619
 133.800000 -2.956912 -0.721979 0.335838
 134.000000 -2.975065 -0.743172 1.046340
 134.200000 -2.924636 -0.685252 0.982807
 134.400000 -2.880508 -0.711066 3.829256
 134.600000 -2.958041 -0.700948 0.044632
 134.800000 -2.965492 -0.695153 0.005665
 135.000000 -2.870687 -0.706430 4.678250
 135.200000 -2.953896 -0.706571 0.122248
 135.400000 -2.923577 -0.684135 1.043309
 135.600000 -2.931610 -0.658018 1.432875
 135.800000 -2.889792 -0.717967 3.181861
 136.000000 -2.915988 -0.767984 3.743830
 136.200000 -2.907876 -0.784149 5.450877
 136.400000 -2.991244 -0.639501 2.011232
 136.600000 -2.907620 -0.680691 1.918643
 136.800000 -2.983838 -0.672285 0.474785
 137.000000 -2.987276 -0.638785 1.965382
 137.200000 -3.025218 -0.609958 5.578509
 137.400000 -2.904244 -0.727191 2.395114
 137.600000 -2.991324 -0.640519 1.953967
 137.800000 -2.932610 -0.764458 2.792968
 138.000000 -2.959000 -0.744947 1.128313
 138.200000 -2.972326 -0.748323 1.273471
 138.400000 -2.989924 -0.759925 2.170610
 138.600000 -2.943371 -0.719230 0.503143
 138.800000 -2.933329 -0.643966 2.035827
 139.000000 -2.902545 -0.665781 2.604341
 139.200000 -2.977569 -0.650296 1.199356
 139.400000 -3.088328 -0.671230 7.714834
 139.600000 -2.915767 -0.683462 1.423078
 139.800000 -2.923612 -0.795879 5.721188
 140.000000 -2.930014 -0.793253 5.210217
 140.200000 -2.948453 -0.721765 0.452375
 140.400000 -2.945224 -0.746934 1.429244
 140.600000 -2.950311 -0.683909 0.241403
 140.800000 -2.846864 -0.651861 8.293990
 141.000000 -3.009920 -0.713772 1.040821
 141.200000 -2.848361 -0.702396 7.053808
 141.400000 -2.913338 -0.687694 1.497508
 141.600000 -2.949588 -0.728320 0.608287
 141.800000 -2.939969 -0.736283 1.094720
 142.000000 -2.949977 -0.721678 0.423126
 142.200000 -2.952423 -0.722961 0.415375
 142.400000 -2.921973 -0.767948 3.453564
 142.600000 -2.958472 -0.580470 6.958989
 142.800000 -2.928164 -0.740935 1.672499
 143.000000 -3.031157 -0.607450 6.165856
 143.200000 -2.944002 -0.698896 0.266121
 143.400000 -2.959067 -0.694299 0.039284
 143.600000 -2.929710 -0.669950 1.094609
 143.800000 -2.964160 -0.732169 0.583472
 144.000000 -2.894766 -0.718011 2.810804
 144.200000 -2.962499 -0.772658 2.787450
 144.400000 -2.890272 -0.740217 3.833776
 144.600000 -2.886484 -0.711573 3.336551
 144.800000 -2.937321 -0.656129 1.324302
 145.000000 -3.004432 -0.687696 0.752788
 145.200000 -2.889975 -0.580594 9.878568
 145.400000 -2.970492 -0.738905 0.837124
 145.600000 -2.897231 -0.701883 2.445039
 145.800000 -2.920708 -0.757298 2.824593
 146.000000 -2.876964 -0.754340 5.638354
 146.200000 -2.915899 -0.710905 1.390269
 146.400000 -2.909088 -0.709268 1.742363
 146.600000 -2.952707 -0.701984 0.110419
 146.800000 -2.938590 -0.657427 1.233710
 147.000000 -2.888558 -0.699368 3.082055
 147.200000 -2.926497 -0.695202 0.826963
 147.400000 -2.849826 -0.659163 7.631191
 147.600000 -2.999073 -0.699285 0.513095
 147.800000 -2.918206 -0.765256 3.446221
 148.000000 -2.954539 -0.737216 0.842182
 148.200000 -2.830675 -0.752129 10.758254
 148.400000 -2.977501 -0.724359 0.398441
 148.600000 -2.913901 -0.659518 2.158451
 148.800000 -2.989755 -0.653618 1.248288
 149.000000 -2.988193 -0.573735 7.960620
 149.200000 -2.978497 -0.648939 1.275383
 149.400000 -2.868437 -0.621599 7.791871
 149.600000 -2.952682 -0.682589 0.224144
 149.800000 -2.916451 -0.682180 1.407843
 150.000000 -2.955897 -0.788390 4.135561
 150.200000 -2.946050 -0.733958 0.862484
 150.400000 -2.909689 -0.788855 5.761110
 150.600000 -2.914099 -0.750592 2.778448
 150.800000 -2.921980 -0.728290 1.470887
 151.000000 -2.965514 -0.701393 0.006511
 151.200000 -2.959517 -0.596859 5.156561
 151.400000 -2.901323 -0.580367 9.094903
 151.600000 -2.999228 -0.641312 2.131641
 151.800000 -2.971789 -0.584300 6.489961
 152.000000 -2.999240 -0.636452 2.419971
 152.200000 -2.901911 -0.744348 3.190141
 152.400000 -2.877109 -0.752678 5.533247
 152.600000 -2.912220 -0.759885 3.410460
 152.800000 -2.984504 -0.691359 0.175088
 153.000000 -2.880006 -0.733320 4.408256
 153.200000 -2.951310 -0.616061 3.491829
 153.400000 -2.957331 -0.712720 0.153731
 153.600000 -2.887636 -0.699254 3.154717
 153.800000 -2.966032 -0.647885 1.262875
 154.000000 -3.035941 -0.671251 2.733631
 154.200000 -2.885295 -0.664498 3.908344
 154.400000 -2.907024 -0.726847 2.214423
 154.600000 -2.941115 -0.787040 4.288897
 154.800000 -2.957924 -0.774637 2.968291
 155.000000 -2.973637 -0.746752 1.203611
 155.200000 -2.863350 -0.670911 5.748331
 155.400000 -2.950535 -0.691734 0.157005
 155.600000 -2.990885 -0.595705 5.529489
 155.800000 -2.982312 -0.639438 1.838763
 156.000000 -2.985856 -0.660735 0.875884
 156.200000 -2.860025 -0.705701 5.756837
 156.400000 -2.977577 -0.716899 0.231409
 156.600000 -2.931111 -0.735049 1.327601
 156.800000 -2.950393 -0.655689 1.039570
 157.000000 -3.017314 -0.728382 1.720274
 157.200000 -2.927847 -0.679664 0.939361
 157.400000 -2.951959 -0.723689 0.440605
 157.600000 -2.937773 -0.713760 0.550976
 157.800000 -3.015221 -0.662409 1.797804
 158.000000 -2.981442 -0.636467 2.004669
 158.200000 -2.900343 -0.660831 2.921227
 158.400000 -3.009195 -0.713641 1.007957
 158.600000 -2.881487 -0.721041 3.923768
 158.800000 -2.954697 -0.683032 0.190417
 159.000000 -2.949191 -0.731344 0.711164
 159.200000 -2.915982 -0.561041 10.701369
 159.400000 -2.998184 -0.679686 0.654498
 159.600000 -2.955092 -0.644641 1.502238
 159.800000 -2.895028 -0.769169 5.117422
 160.000000 -3.011520 -0.687216 1.047950
 160.200000 -2.840449 -0.739735 8.880510
 160.400000 -2.931398 -0.664361 1.206092
 160.600000 -3.004216 -0.782852 4.279092
 160.800000 -2.889419 -0.617284 6.282176
 161.000000 -2.949952 -0.703106 0.158715
 161.200000 -2.935293 -0.658663 1.283482
 161.400000 -2.955373 -0.655686 0.969108
 161.600000 -2.943273 -0.606899 4.444643
 161.800000 -3.022202 -0.718642 1.730655
 162.000000 -2.948210 -0.705788 0.206973
 162.200000 -2.817239 -0.668066 11.675092
 162.400000 -2.967321 -0.720486 0.249889
 162.600000 -2.940792 -0.689625 0.381172
 162.800000 -2.992871 -0.636032 2.261310
 163.000000 -2.850619 -0.640830 8.420896
 163.200000 -3.005380 -0.671217 1.096413
 163.400000 -2.890710 -0.621198 5.874035
 163.600000 -3.006563 -0.675201 1.043160
 163.800000 -2.935207 -0.813443 7.155651
 164.000000 -2.938239 -0.721112 0.679345
 164.200000 -2.809679 -0.726216 12.778684
 164.400000 -3.043775 -0.751226 4.352093
 164.600000 -2.875582 -0.662223 4.828769
 164.800000 -2.973688 -0.698400 0.022004
 165.000000 -2.923667 -0.705633 0.969584
 165.200000 -2.958372 -0.664064 0.618047
 165.400000 -2.975822 -0.628019 2.496256
 165.600000 -2.914135 -0.686480 1.468375
 165.800000 -2.894736 -0.732248 3.197326
 166.000000 -2.887199 -0.694146 3.196828
 166.200000 -2.895256 -0.768469 5.051556
 166.400000 -2.955813 -0.737318 0.831013
 166.600000 -2.855380 -0.725812 6.619221
 166.800000 -2.984831 -0.737818 0.945400
 167.000000 -2.841360 -0.693863 7.909319
 167.200000 -2.970300 -0.679027 0.187752
 167.400000 -2.958764 -0.643876 1.506234
 167.600000 -3.010034 -0.710548 1.000464
 167.800000 -2.880614 -0.782734 7.315225
 168.000000 -2.919149 -0.726809 1.558900
 168.200000 -2.914180 -0.743258 2.416348
 168.400000 -2.907862 -0.707759 1.798539
 168.600000 -2.989573 -0.765406 2.516312
 168.800000 -3.024755 -0.537846 14.510060
 169.000000 -2.993234 -0.564879 9.220635
 169.200000 -2.952355 -0.521468 15.713211
 169.400000 -2.978019 -0.640963 1.694190
 169.600000 -2.968619 -0.649582 1.179731
 169.800000 -2.940028 -0.718298 0.568708
 170.000000 -2.988058 -0.687949 0.272317
 170.200000 -3.005413 -0.844156 11.396988
 170.400000 -2.862456 -0.727543 5.903480
 170.600000 -2.929508 -0.664934 1.256117
 170.800000 -2.961623 -0.684984 0.101203
 171.000000 -2.981140 -0.644726 1.525192
 171.200000 -3.028938 -0.670001 2.310101
 171.400000 -3.021461 -0.658509 2.264752
 171.600000 -2.986690 -0.710556 0.269859
 171.800000 -2.866396 -0.731498 5.623191
 172.000000 -2.983351 -0.759756 2.031492
 172.200000 -2.892189 -0.758329 4.614673
 172.400000 -2.989298 -0.791209 4.578961
 172.600000 -2.855443 -0.729356 6.716585
 172.800000 -2.961687 -0.708989 0.073377
 173.000000 -2.914493 -0.649278 2.574961
 173.200000 -3.048357 -0.733505 3.930277
 173.400000 -2.997426 -0.646272 1.805792
 173.600000 -2.934195 -0.647793 1.807028
 173.800000 -2.961698 -0.716921 0.190897
 174.000000 -2.976280 -0.644641 1.473121
 174.200000 -2.925962 -0.633880 2.908647
 174.400000 -3.034591 -0.750490 3.650957
 174.600000 -2.954453 -0.705503 0.106630
 174.800000 -2.922040 -0.735844 1.724490
 175.000000 -3.024410 -0.704692 1.666016
 175.200000 -2.965242 -0.704733 0.023438
 175.400000 -2.924946 -0.639962 2.578661
 175.600000 -3.014374 -0.643704 2.600487
 175.800000 -2.981095 -0.653662 1.087293
 176.000000 -2.933382 -0.602083 5.179780
 176.200000 -2.973961 -0.782453 3.578868
 176.400000 -2.923142 -0.752247 2.428609
 176.600000 -2.901997 -0.675131 2.381106
 176.800000 -2.999608 -0.681141 0.674026
 177.000000 -2.865550 -0.711101 5.236259
 177.200000 -2.918955 -0.648719 2.377824
 177.400000 -2.970250 -0.690439 0.034679
 177.600000 -2.971017 -0.635193 1.988486
 177.800000 -3.003230 -0.703731 0.669805
 178.000000 -2.962316 -0.715904 0.169174
 178.200000 -2.867587 -0.677518 5.159909
 178.400000 -2.914708 -0.723895 1.702240
 178.600000 -2.936646 -0.704930 0.485593
 178.800000 -2.927785 -0.718875 0.986392
 179.000000 -2.935574 -0.671027 0.863007
 179.200000 -2.916507 -0.682763 1.395901
 179.400000 -2.977140 -0.649938 1.212104
 179.600000 -2.927052 -0.634883 2.800493
 179.800000 -2.904572 -0.655305 2.869425
 180.000000 -2.993391 -0.709142 0.407297
 180.200000 -2.910533 -0.771629 4.298552
 180.400000 -2.926119 -0.754389 2.420494
 180.600000 -2.861223 -0.736076 6.320623
 180.800000 -2.950523 -0.774849 3.079540
 181.000000 -2.936334 -0.659621 1.213550
 181.200000 -2.929574 -0.762447 2.770831
 181.400000 -2.882558 -0.696096 3.572381
 181.600000 -2.938604 -0.743178 1.419447
 181.800000 -2.870965 -0.657020 5.462224
 182.000000 -2.977077 -0.721345 0.319589
 182.200000 -2.999185 -0.642947 2.038679
 182.400000 -2.881849 -0.749319 4.940471
 182.600000 -2.896592 -0.668019 2.936243
 182.800000 -2.912371 -0.748434 2.760605
 183.000000 -2.957546 -0.715235 0.191518
 183.200000 -2.946960 -0.687332 0.260322
 183.400000 -2.865842 -0.684838 5.210842
 183.600000 -2.983619 -0.639594 1.850446
 183.800000 -2.981119 -0.749008 1.393014
 184.000000 -2.926736 -0.672975 1.129452
 184.200000 -2.990402 -0.782799 3.856717
 184.400000 -2.882302 -0.708686 3.647597
 184.600000 -2.959539 -0.823897 7.936773
 184.800000 -2.921157 -0.672995 1.369453
 185.000000 -2.947143 -0.760567 2.147431
 185.200000 -2.957890 -0.662664 0.671002
 185.400000 -2.899516 -0.628184 4.727406
 185.600000 -2.932759 -0.699791 0.589651
 185.800000 -2.998525 -0.687426 0.552341
 186.000000 -3.012222 -0.705040 1.043693
 186.200000 -2.942814 -0.763206 2.411237
 186.400000 -2.921053 -0.651800 2.131625
 186.600000 -2.995939 -0.682012 0.546921
 186.800000 -2.897022 -0.638540 4.228280
 187.000000 -2.938172 -0.743522 1.447403
 187.200000 -2.984732 -0.712305 0.256593
 187.400000 -2.869828 -0.692358 4.743681
 187.600000 -3.033086 -0.601696 6.829658
 187.800000 -2.904018 -0.731008 2.527535
 188.000000 -2.942594 -0.727185 0.721329
 188.200000 -2.801215 -0.753649 15.293297
 188.400000 -2.961422 -0.724045 0.351651
 188.600000 -2.896579 -0.770171 5.078551
 188.800000 -2.960522 -0.680782 0.171883
 189.000000 -2.842075 -0.742541 8.796731
 189.200000 -2.977471 -0.673473 0.358226
 189.400000 -2.850503 -0.704530 6.813207
 189.600000 -2.990048 -0.756997 1.996806
 189.800000 -2.842206 -0.713083 7.906005
 190.000000 -2.949527 -0.685880 0.228745
 190.200000 -2.893771 -0.721182 2.951301
 190.400000 -2.857209 -0.695044 6.038367
 190.600000 -2.947208 -0.750801 1.584073
 190.800000 -2.945616 -0.728684 0.696641
 191.000000 -2.971577 -0.721597 0.285522
 191.200000 -2.853411 -0.630916 8.716951
 191.400000 -3.068141 -0.668998 5.533122
 191.600000 -2.857449 -0.694148 6.015179
 191.800000 -2.963249 -0.766574 2.349426
 192.000000 -2.961147 -0.718168 0.218204
 192.200000 -2.952632 -0.762561 2.179642
 192.400000 -2.848503 -0.600808 11.763834
 192.600000 -2.951282 -0.743213 1.140618
 192.800000 -2.881812 -0.641235 5.252198
 193.000000 -2.963304 -0.697228 0.007461
 193.200000 -2.902676 -0.688011 2.123845
 193.400000 -2.975523 -0.647652 1.309929
 193.600000 -2.906441 -0.762215 3.890641
 193.800000 -2.947825 -0.660225 0.903458
 194.000000 -2.967397 -0.776263 3.052325
 194.200000 -2.892067 -0.679678 2.982233
 194.400000 -2.950642 -0.648890 1.347130
 194.600000 -2.967780 -0.707633 0.045397
 194.800000 -2.846146 -0.733085 7.920901
 195.000000 -2.939365 -0.720955 0.643942
 195.200000 -2.883536 -0.773943 6.361816
 195.400000 -2.895963 -0.668182 2.975829
 195.600000 -2.948465 -0.730004 0.680790
 195.800000 -2.928523 -0.657431 1.570795
 196.000000 -2.931037 -0.682460 0.771616
 196.200000 -2.878144 -0.667470 4.423060
 196.400000 -3.003278 -0.730865 1.191617
 196.600000 -2.932069 -0.732315 1.196402
 196.800000 -2.918038 -0.642654 2.740459
 197.000000 -2.920556 -0.774826 4.022256
 197.200000 -2.990905 -0.737160 1.045908
 197.400000 -2.919651 -0.640815 2.766428
 197.600000 -3.034442 -0.701904 2.277289
 197.800000 -2.951290 -0.665296 0.663440
 198.000000 -2.984965 -0.736993 0.915389
 198.200000 -2.897717 -0.703271 2.417421
 198.400000 -2.979667 -0.716100 0.240905
 198.600000 -2.968021 -0.698321 0.000480
 198.800000 -2.942252 -0.697593 0.307866
 199.000000 -2.984757 -0.739220 1.000717
 199.200000 -2.865295 -0.708855 5.235530
 199.400000 -2.893800 -0.715158 2.828433
 199.600000 -2.939454 -0.827110 8.698752
 199.800000 -2.901967 -0.715930 2.276912
 200.000000 -2.979311 -0.705804 0.104482
