#! FIELDS time phi psi restraint.bias
#! SET min_phi -pi
#! SET max_phi pi
#! SET min_psi -pi
#! SET max_psi pi
 0.000000 2.940910 0.528492 358.305649
 0.200000 2.065171 0.460271 2.432195
 0.400000 1.995741 0.566497 5.786462
 0.600000 2.039955 0.569750 2.546848
 0.800000 2.024624 0.449705 5.164130
 1.000000 2.060586 0.452176 3.122135
 1.200000 2.096915 0.450462 2.677636
 1.400000 2.081217 0.521476 0.089089
 1.600000 1.949826 0.526747 10.455063
 1.800000 2.111650 0.577951 1.625968
 2.000000 2.052950 0.448591 3.671982
 2.200000 2.019752 0.514832 2.824203
 2.400000 2.069272 0.525949 0.318340
 2.600000 1.964938 0.578070 9.863113
 2.800000 2.050037 0.501312 1.232171
 3.000000 2.034778 0.473106 3.051879
 3.200000 2.030557 0.469359 3.508586
 3.400000 2.023559 0.495569 2.901707
 3.600000 2.134263 0.484716 1.550675
 3.800000 2.134073 0.474151 2.009680
 4.000000 2.008573 0.533922 3.736037
 4.200000 2.060125 0.488895 1.189408
 4.400000 2.089250 0.564707 0.858160
 4.600000 1.996211 0.512840 4.877928
 4.800000 2.066424 0.476239 1.512654
 5.000000 2.052274 0.508966 0.994176
 5.200000 1.952092 0.534899 10.188885
 5.400000 2.037982 0.481447 2.479593
 5.600000 1.966866 0.443434 11.345057
 5.800000 1.948810 0.499425 10.889720
 6.000000 2.136396 0.559849 1.539061
 6.200000 2.016371 0.500676 3.306579
 6.400000 1.989928 0.467525 7.028830
 6.600000 2.142595 0.489152 1.754906
 6.800000 2.041737 0.499433 1.678453
 7.000000 2.114476 0.460210 2.210683
 7.200000 2.101863 0.541043 0.180031
 7.400000 2.040198 0.576802 2.883950
 7.600000 2.098601 0.449839 2.729072
 7.800000 2.030566 0.532305 2.074981
 8.000000 2.124230 0.618966 4.992516
 8.200000 2.078708 0.459933 2.149736
 8.400000 2.091660 0.520948 0.007254
 8.600000 2.072763 0.515816 0.264252
 8.800000 2.007382 0.498372 4.103878
 9.000000 2.097133 0.494878 0.416176
 9.200000 2.042791 0.523241 1.331560
 9.400000 2.051455 0.435138 4.834564
 9.600000 2.087461 0.579984 1.613703
 9.800000 2.085944 0.536505 0.119001
 10.000000 2.101678 0.501978 0.260243
 10.200000 2.088955 0.554980 0.507194
 10.400000 2.078093 0.494966 0.542803
 10.600000 2.098602 0.515702 0.040032
 10.800000 2.088146 0.496672 0.382044
 11.000000 2.022345 0.571729 3.753854
 11.200000 2.037753 0.498781 1.912111
 11.400000 1.962503 0.505307 8.865069
 11.600000 2.126853 0.549396 0.859513
 11.800000 1.955980 0.453160 12.060206
 12.000000 1.977358 0.495045 7.256501
 12.200000 2.191112 0.607409 8.189103
 12.400000 1.985005 0.463570 7.784811
 12.600000 2.056927 0.456518 2.951863
 12.800000 2.062608 0.531146 0.533693
 13.000000 2.023608 0.415863 8.308897
 13.200000 2.035552 0.527177 1.737645
 13.400000 2.032519 0.522311 1.915174
 13.600000 1.922008 0.526279 14.862197
 13.800000 2.012256 0.490495 3.921310
 14.000000 2.122385 0.586740 2.385114
 14.200000 1.985141 0.513636 6.017833
 14.400000 1.981539 0.370504 18.087360
 14.600000 2.083166 0.505143 0.233368
 14.800000 1.958447 0.450338 11.924536
 15.000000 2.009422 0.476554 4.716838
 15.200000 2.090473 0.508410 0.123044
 15.400000 2.046443 0.536632 1.234639
 15.600000 2.090784 0.565813 0.897558
 15.800000 2.098463 0.495973 0.389876
 16.000000 2.044576 0.453423 3.703305
 16.200000 2.000867 0.484911 5.122167
 16.400000 2.098226 0.549903 0.353308
 16.600000 1.957930 0.469711 10.763300
 16.800000 2.080711 0.510135 0.184265
 17.000000 2.037275 0.556864 2.184654
 17.200000 2.009218 0.511683 3.698578
 17.400000 1.988178 0.550611 6.005896
 17.600000 2.128247 0.485442 1.300928
 17.800000 2.050143 0.416639 6.699321
 18.000000 2.079123 0.512295 0.180503
 18.200000 2.084008 0.552436 0.469722
 18.400000 2.019672 0.465966 4.452577
 18.600000 2.045363 0.535405 1.271789
 18.800000 2.092144 0.569026 1.034361
 19.000000 1.975795 0.459133 9.110927
 19.200000 2.008207 0.429319 8.158493
 19.400000 2.059592 0.580116 2.202725
 19.600000 1.999621 0.501725 4.730289
 19.800000 2.087811 0.512407 0.084303
 20.000000 2.094541 0.518318 0.013952
 20.200000 2.030535 0.364823 14.643876
 20.400000 2.008525 0.496141 4.063840
 20.600000 2.048738 0.527388 1.049487
 20.800000 1.988226 0.502051 5.868060
 21.000000 1.944871 0.479080 12.169738
 21.200000 2.113868 0.569520 1.243995
 21.400000 2.039550 0.530846 1.530278
 21.600000 1.933156 0.459754 15.037082
 21.800000 2.054899 0.444441 3.912938
 22.000000 2.106840 0.434708 4.028241
 22.200000 2.008780 0.447684 6.546490
 22.400000 2.036820 0.452360 4.194956
 22.600000 2.135672 0.488831 1.456284
 22.800000 1.914848 0.460820 18.089180
 23.000000 2.050442 0.491426 1.483474
 23.200000 2.100859 0.504526 0.202769
 23.400000 2.068585 0.494354 0.760710
 23.600000 1.954008 0.473494 11.109543
 23.800000 2.103427 0.440431 3.499232
 24.000000 2.025300 0.523126 2.387176
 24.200000 2.005808 0.492800 4.398154
 24.400000 2.074239 0.507691 0.329650
 24.600000 2.012059 0.489990 3.954343
 24.800000 2.038557 0.512257 1.623246
 25.000000 2.152297 0.563042 2.454182
 25.200000 2.041388 0.555937 1.927772
 25.400000 2.063641 0.470031 1.907675
 25.600000 2.113655 0.472458 1.493136
 25.800000 2.042546 0.562001 2.081519
 26.000000 2.060209 0.486115 1.286861
 26.200000 2.109416 0.522442 0.113478
 26.400000 2.134635 0.477298 1.881509
 26.600000 2.060806 0.487502 1.215595
 26.800000 1.996250 0.576516 6.216378
 27.000000 2.082128 0.585514 1.992003
 27.200000 2.046231 0.463783 2.948870
 27.400000 2.118428 0.417577 5.909048
 27.600000 2.192093 0.410858 11.127671
 27.800000 2.074034 0.445896 3.226114
 28.000000 2.048810 0.540045 1.174222
 28.200000 1.993674 0.584778 6.943848
 28.400000 2.016231 0.554167 3.521996
 28.600000 2.074013 0.434669 4.161968
 28.800000 2.092121 0.459403 2.063164
 29.000000 2.053375 0.402104 8.221785
 29.200000 2.094674 0.469151 1.482345
 29.400000 2.057711 0.473835 1.911051
 29.600000 1.994994 0.557295 5.508046
 29.800000 1.969861 0.558081 8.348908
 30.000000 2.031356 0.508589 2.099602
 30.200000 2.051233 0.467525 2.503618
 30.400000 2.003190 0.402892 11.444257
 30.600000 2.107568 0.465229 1.790302
 30.800000 2.027439 0.493368 2.698548
 31.000000 2.002275 0.507169 4.378052
 31.200000 2.119870 0.474052 1.551940
 31.400000 1.946748 0.500582 11.164717
 31.600000 2.103915 0.414037 6.047187
 31.800000 2.065594 0.507123 0.550478
 32.000000 2.043882 0.515884 1.305553
 32.200000 2.052962 0.506394 1.006371
 32.400000 2.008006 0.631311 9.532481
 32.600000 1.965219 0.562144 9.086133
 32.800000 1.953188 0.529574 9.987510
 33.000000 2.131559 0.472771 1.982344
 33.200000 2.094851 0.407984 6.683435
 33.400000 2.111922 0.506603 0.298033
 33.600000 2.032990 0.494121 2.319761
 33.800000 2.027590 0.537871 2.333307
 34.000000 2.061357 0.523229 0.545816
 34.200000 2.021800 0.476049 3.765547
 34.400000 2.094285 0.478954 0.996595
 34.600000 2.069840 0.482265 1.155728
 34.800000 2.056963 0.518563 0.713259
 35.000000 2.149379 0.491098 2.039774
 35.200000 2.075230 0.598841 3.014323
 35.400000 2.089503 0.527846 0.020988
 35.600000 2.040827 0.522624 1.435225
 35.800000 2.000995 0.485323 5.094342
 36.000000 2.083928 0.513589 0.104877
 36.200000 2.127112 0.474172 1.756696
 36.400000 2.057430 0.480191 1.625311
 36.600000 2.118077 0.546410 0.540580
 36.800000 2.065510 0.420638 5.717660
 37.000000 1.927035 0.473811 15.244057
 37.200000 2.043691 0.496769 1.645361
 37.400000 1.964421 0.487855 9.085454
 37.600000 2.011804 0.500039 3.688138
 37.800000 2.154849 0.476027 2.958880
 38.000000 1.962319 0.432588 12.863594
 38.200000 2.033324 0.527999 1.874507
 38.400000 2.080283 0.535559 0.171101
 38.600000 1.971803 0.512209 7.579287
 38.800000 2.047639 0.495228 1.495511
 39.000000 2.088213 0.466228 1.664817
 39.200000 2.007324 0.512585 3.851295
 39.400000 2.066430 0.615784 4.640103
 39.600000 2.148955 0.517296 1.508245
 39.800000 2.008226 0.625610 8.915697
 40.000000 2.027800 0.479000 3.212008
 40.200000 2.151831 0.527788 1.658225
 40.400000 2.123042 0.455338 2.740087
 40.600000 2.024311 0.404599 9.536420
 40.800000 2.021323 0.565203 3.535198
 41.000000 2.090059 0.560349 0.684704
 41.200000 2.047744 0.496720 1.449392
 41.400000 2.062476 0.489325 1.096755
 41.600000 2.094688 0.393852 8.417183
 41.800000 2.081925 0.520691 0.081978
 42.000000 1.965853 0.631771 14.112189
 42.200000 2.006460 0.497745 4.200521
 42.400000 2.022077 0.496213 2.989938
 42.600000 2.108895 0.387468 9.370853
 42.800000 2.088409 0.428548 4.535251
 43.000000 2.007843 0.475158 4.918858
 43.200000 2.081385 0.499908 0.365253
 43.400000 1.972142 0.551393 7.859243
 43.600000 2.045562 0.493238 1.653193
 43.800000 2.073915 0.469057 1.697121
 44.000000 1.953721 0.504946 10.068538
 44.200000 2.092003 0.487924 0.639216
 44.400000 2.019578 0.506492 2.945090
 44.600000 2.018281 0.519510 2.905074
 44.800000 2.095411 0.526754 0.005493
 45.000000 2.052360 0.595407 3.461653
 45.200000 2.054134 0.542969 0.998076
 45.400000 2.040495 0.553907 1.911893
 45.600000 2.091117 0.459367 2.068219
 45.800000 2.106353 0.516370 0.097626
 46.000000 2.133055 0.554126 1.213250
 46.200000 2.084512 0.496892 0.405455
 46.400000 2.093477 0.520585 0.004962
 46.600000 2.108251 0.522387 0.096734
 46.800000 1.986975 0.447708 8.649233
 47.000000 2.048746 0.525742 1.044199
 47.200000 2.105378 0.523173 0.060405
 47.400000 2.069712 0.483136 1.123258
 47.600000 2.069535 0.458580 2.422712
 47.800000 2.029832 0.538657 2.197546
 48.000000 2.073858 0.553223 0.649677
 48.200000 2.068641 0.513610 0.381532
 48.400000 2.102648 0.461714 1.948912
 48.600000 2.044731 0.464634 2.971649
 48.800000 2.025759 0.493145 2.819147
 49.000000 1.982566 0.496906 6.609096
 49.200000 2.084162 0.481459 0.940237
 49.400000 1.948560 0.527085 10.640023
 49.600000 2.001313 0.438620 7.942847
 49.800000 2.041381 0.488445 2.023150
 50.000000 2.003179 0.419419 9.586839
 50.200000 2.061113 0.453607 3.003299
 50.400000 2.027597 0.442099 5.552161
 50.600000 2.012658 0.478216 4.370218
 50.800000 2.080726 0.520270 0.098959
 51.000000 2.003703 0.562482 4.868492
 51.200000 2.071529 0.535616 0.333634
 51.400000 2.089148 0.496666 0.376455
 51.600000 2.052464 0.582981 2.642270
 51.800000 2.157531 0.478959 2.989446
 52.000000 2.020018 0.507726 2.891963
 52.200000 2.100825 0.482433 0.867988
 52.400000 2.079355 0.548263 0.417279
 52.600000 2.070088 0.552423 0.710813
 52.800000 2.090500 0.417328 5.654352
 53.000000 2.103078 0.507698 0.164119
 53.200000 2.036437 0.458221 3.816646
 53.400000 2.072851 0.500521 0.498364
 53.600000 1.950504 0.562507 11.109243
 53.800000 1.989676 0.476112 6.610542
 54.000000 2.098301 0.541492 0.167712
 54.200000 2.028720 0.460476 4.148897
 54.400000 2.112195 0.550011 0.507227
 54.600000 2.085937 0.546961 0.308665
 54.800000 2.106843 0.548980 0.399581
 55.000000 2.090405 0.564502 0.844481
 55.200000 2.006094 0.468245 5.430545
 55.400000 2.086539 0.520919 0.034448
 55.600000 2.080987 0.451279 2.704995
 55.800000 2.074147 0.477197 1.281560
 56.000000 1.964533 0.496118 8.809727
 56.200000 2.074372 0.532747 0.242295
 56.400000 1.994203 0.506478 5.165823
 56.600000 1.980532 0.482383 7.331830
 56.800000 2.157174 0.502923 2.184322
 57.000000 2.136282 0.465301 2.576604
 57.200000 2.055890 0.483178 1.558252
 57.400000 2.076414 0.553055 0.595499
 57.600000 2.083925 0.513428 0.106533
 57.800000 1.952078 0.549849 10.471634
 58.000000 2.221590 0.495454 8.485382
 58.200000 2.007005 0.487536 4.468762
 58.400000 1.991948 0.471801 6.589207
 58.600000 2.084041 0.498998 0.356190
 58.800000 2.103069 0.539861 0.169848
 59.000000 2.089852 0.570209 1.096553
 59.200000 2.047935 0.393959 9.482520
 59.400000 2.076612 0.560541 0.840491
 59.600000 2.025872 0.457530 4.530237
 59.800000 2.043313 0.523780 1.304709
 60.000000 2.051051 0.555375 1.444239
 60.200000 2.009219 0.365788 16.079629
 60.400000 2.102799 0.499729 0.320210
 60.600000 2.064527 0.599416 3.320155
 60.800000 2.096967 0.525657 0.005427
 61.000000 2.097743 0.524136 0.005747
 61.200000 2.144486 0.441606 4.616013
 61.400000 2.068569 0.463641 2.130981
 61.600000 2.012333 0.520740 3.371190
 61.800000 2.033568 0.531637 1.882258
 62.000000 2.073720 0.485572 0.936756
 62.200000 2.087835 0.511549 0.094117
 62.400000 2.075677 0.437066 3.919121
 62.600000 2.030150 0.491026 2.594225
 62.800000 1.970095 0.511041 7.804112
 63.000000 1.967298 0.553197 8.514828
 63.200000 1.939348 0.540822 12.168170
 63.400000 2.005626 0.479464 4.913952
 63.600000 2.046766 0.443264 4.361102
 63.800000 2.065993 0.460147 2.416429
 64.000000 2.100394 0.467366 1.599043
 64.200000 2.017996 0.478967 3.914401
 64.400000 2.100366 0.573755 1.275671
 64.600000 2.072200 0.534429 0.304960
 64.800000 2.062941 0.543262 0.688012
 65.000000 1.990848 0.571848 6.524995
 65.200000 2.073789 0.518276 0.226480
 65.400000 2.032410 0.537075 2.011875
 65.600000 1.999345 0.503907 4.711122
 65.800000 2.149245 0.508792 1.613860
 66.000000 2.121429 0.424340 5.291526
 66.200000 2.019481 0.500914 3.063359
 66.400000 2.056539 0.534206 0.772818
 66.600000 1.986650 0.535651 5.877082
 66.800000 1.981203 0.522547 6.406768
 67.000000 2.016390 0.563889 3.854011
 67.200000 2.081130 0.480485 1.017392
 67.400000 2.054233 0.485174 1.544739
 67.600000 2.050688 0.517709 0.972519
 67.800000 2.089898 0.533541 0.059537
 68.000000 2.087873 0.526177 0.024594
 68.200000 2.066956 0.574193 1.656345
 68.400000 2.083710 0.521060 0.060307
 68.600000 2.048820 0.518780 1.050144
 68.800000 2.023533 0.442307 5.814930
 69.000000 2.076086 0.451386 2.774978
 69.200000 2.150804 0.509595 1.689043
 69.400000 2.043252 0.482186 2.165292
 69.600000 2.079851 0.589476 2.275677
 69.800000 2.144822 0.470969 2.656404
 70.000000 2.081356 0.479283 1.066958
 70.200000 2.080145 0.545193 0.334681
 70.400000 2.100217 0.522285 0.017808
 70.600000 2.122023 0.535644 0.454184
 70.800000 2.011783 0.489055 4.008995
 71.000000 2.132002 0.506634 0.851048
 71.200000 2.125744 0.497362 0.835557
 71.400000 2.032376 0.540603 2.067736
 71.600000 2.079255 0.555817 0.633627
 71.800000 2.023958 0.520758 2.484752
 72.000000 1.981139 0.507729 6.539420
 72.200000 2.026475 0.458916 4.398445
 72.400000 2.071419 0.512367 0.327029
 72.600000 2.073419 0.530355 0.242812
 72.800000 2.119080 0.564317 1.133675
 73.000000 2.085620 0.528055 0.048426
 73.200000 2.104469 0.523011 0.050913
 73.400000 2.071168 0.527333 0.276715
 73.600000 2.128000 0.528581 0.577058
 73.800000 2.085886 0.487759 0.678445
 74.000000 1.963001 0.387794 17.853660
 74.200000 1.990093 0.534790 5.502118
 74.400000 1.996643 0.472374 6.089687
 74.600000 2.051591 0.533120 0.961404
 74.800000 2.007640 0.487633 4.410019
 75.000000 2.083931 0.428022 4.622198
 75.200000 2.099021 0.557874 0.598086
 75.400000 1.985000 0.447509 8.878460
 75.600000 2.127113 0.543863 0.740541
 75.800000 2.030212 0.552209 2.469007
 76.000000 2.027703 0.469699 3.676509
 76.200000 1.978826 0.547921 6.973879
 76.400000 2.065893 0.527715 0.414650
 76.600000 2.111500 0.514378 0.188794
 76.800000 2.035766 0.480135 2.663252
 77.000000 2.013750 0.528503 3.263825
 77.200000 2.055038 0.537973 0.877783
 77.400000 2.081087 0.594919 2.631858
 77.600000 2.064596 0.448219 3.285036
 77.800000 2.147778 0.494128 1.859113
 78.000000 1.996791 0.489469 5.345665
 78.200000 2.049735 0.464136 2.765157
 78.400000 2.087777 0.543005 0.210207
 78.600000 2.043814 0.499371 1.572736
 78.800000 2.027508 0.529220 2.252754
 79.000000 2.002428 0.473591 5.479298
 79.200000 2.050212 0.529942 0.996198
 79.400000 2.006666 0.562166 4.591899
 79.600000 2.086945 0.482671 0.865303
 79.800000 1.969755 0.474747 8.960763
 80.000000 2.039034 0.535722 1.605922
 80.200000 2.034374 0.507985 1.923143
 80.400000 1.993642 0.459687 7.117907
 80.600000 2.128944 0.469928 2.037072
 80.800000 2.150097 0.568470 2.558082
 81.000000 2.005633 0.529635 3.957607
 81.200000 2.056255 0.540333 0.867331
 81.400000 2.159489 0.534695 2.180186
 81.600000 1.997098 0.586422 6.706718
 81.800000 2.033027 0.568334 2.883686
 82.000000 2.129101 0.568890 1.627898
 82.200000 1.988507 0.508300 5.723192
 82.400000 2.137419 0.559660 1.575730
 82.600000 2.024525 0.448832 5.235945
 82.800000 1.959821 0.455433 11.378397
 83.000000 1.986990 0.461340 7.705976
 83.200000 1.958572 0.526891 9.229329
 83.400000 2.073761 0.563833 1.022307
 83.600000 2.003104 0.463132 5.995148
 83.800000 2.036224 0.533878 1.744790
 84.000000 2.046397 0.570178 2.236714
 84.200000 2.011695 0.468347 4.945985
 84.400000 2.130684 0.528264 0.669322
 84.600000 2.184800 0.447186 7.005962
 84.800000 2.103531 0.521484 0.043973
 85.000000 2.153470 0.564847 2.595608
 85.200000 2.092127 0.450348 2.685432
 85.400000 2.074053 0.543461 0.404154
 85.600000 2.086620 0.509423 0.130709
 85.800000 1.983205 0.425188 11.024047
 86.000000 2.029027 0.507457 2.266802
 86.200000 2.032777 0.490946 2.431480
 86.400000 1.928595 0.440438 17.202690
 86.600000 1.997139 0.461972 6.628344
 86.800000 1.945021 0.445469 14.208526
 87.000000 2.132053 0.500930 0.966002
 87.200000 2.066682 0.577590 1.841547
 87.400000 1.990147 0.585867 7.372541
 87.600000 2.075563 0.532526 0.217173
 87.800000 2.043692 0.526593 1.289906
 88.000000 2.052870 0.412284 7.057675
 88.200000 2.081675 0.440117 3.565475
 88.400000 2.050720 0.481672 1.832674
 88.600000 2.004020 0.500082 4.360325
 88.800000 2.030937 0.575375 3.353876
 89.000000 2.099953 0.422775 5.098192
 89.200000 2.040931 0.445938 4.444842
 89.400000 2.034866 0.506379 1.920102
 89.600000 2.113877 0.444207 3.341301
 89.800000 2.070561 0.528968 0.298443
 90.000000 2.043918 0.510331 1.362002
 90.200000 2.058676 0.569719 1.701439
 90.400000 1.925662 0.546576 14.499460
 90.600000 2.071180 0.472333 1.583564
 90.800000 1.999730 0.488104 5.110699
 91.000000 1.929001 0.405701 20.627463
 91.200000 2.077910 0.538451 0.246170
 91.400000 2.036260 0.476355 2.805841
 91.600000 2.000789 0.498892 4.686275
 91.800000 2.162141 0.604995 5.607426
 92.000000 2.071886 0.490249 0.809432
 92.200000 1.976351 0.468451 8.487890
 92.400000 2.132799 0.509734 0.833560
 92.600000 2.009212 0.541003 3.779574
 92.800000 1.976099 0.457694 9.168673
 93.000000 2.027035 0.500554 2.534256
 93.200000 2.024638 0.482311 3.285358
 93.400000 2.124894 0.511475 0.538592
 93.600000 2.066124 0.494646 0.818766
 93.800000 2.042282 0.563290 2.145549
 94.000000 2.066784 0.543485 0.578917
 94.200000 1.905830 0.539225 17.900464
 94.400000 2.056517 0.531520 0.748762
 94.600000 2.088869 0.465112 1.725624
 94.800000 1.995599 0.439349 8.429426
 95.000000 2.046934 0.488641 1.737322
 95.200000 2.039256 0.501949 1.754499
 95.400000 2.119834 0.516098 0.351707
 95.600000 2.091098 0.486850 0.680679
 95.800000 2.038433 0.427802 6.154352
 96.000000 2.079581 0.459331 2.174885
 96.200000 2.002590 0.505388 4.379920
 96.400000 1.991250 0.514380 5.361946
 96.600000 2.077358 0.532321 0.183178
 96.800000 2.049484 0.399443 8.715821
 97.000000 2.028434 0.478128 3.209220
 97.200000 2.029086 0.459339 4.197295
 97.400000 2.028255 0.599226 5.046995
 97.600000 2.081092 0.544386 0.304551
 97.800000 2.009223 0.533695 3.678116
 98.000000 2.048132 0.442587 4.351565
 98.200000 2.110026 0.417540 5.746407
 98.400000 2.099329 0.547891 0.307228
 98.600000 2.066421 0.534034 0.445711
 98.800000 1.969934 0.546836 8.015268
 99.000000 2.035776 0.589629 3.898145
 99.200000 2.105931 0.524590 0.067032
 99.400000 2.059678 0.515687 0.633943
 99.600000 2.160778 0.453990 4.626051
 99.800000 2.076607 0.350880 15.074184
 100.000000 1.990192 0.564790 6.277521
 100.200000 2.168049 0.482843 3.542968
 100.400000 2.098803 0.593157 2.428877
 100.600000 2.039211 0.466480 3.153935
 100.800000 2.055481 0.522221 0.758085
 101.000000 2.099868 0.436268 3.828340
 101.200000 2.119006 0.532110 0.339081
 101.400000 2.099849 0.559736 0.667837
 101.600000 2.084558 0.482116 0.908818
 101.800000 2.015515 0.593696 5.567796
 102.000000 2.092214 0.500231 0.275395
 102.200000 2.071657 0.440225 3.734100
 102.400000 2.032277 0.436759 5.699925
 102.600000 2.072833 0.511358 0.307377
 102.800000 2.008316 0.459638 5.750307
 103.000000 2.027837 0.602750 5.347491
 103.200000 2.117066 0.592897 2.658080
 103.400000 2.042901 0.524354 1.326095
 103.600000 2.061435 0.402286 7.901555
 103.800000 2.115449 0.362388 13.216017
 104.000000 1.949209 0.376891 21.301054
 104.200000 1.986432 0.460312 7.830703
 104.400000 2.042377 0.520564 1.357567
 104.600000 1.940853 0.602305 14.884819
 104.800000 2.064879 0.487268 1.095557
 105.000000 2.064819 0.521265 0.440085
 105.200000 2.009717 0.471229 4.956486
 105.400000 2.100787 0.537425 0.116019
 105.600000 1.999969 0.513539 4.508767
 105.800000 1.978931 0.440180 10.145322
 106.000000 2.024368 0.583214 4.228873
 106.200000 2.040139 0.546640 1.737294
 106.400000 2.006890 0.576662 5.236452
 106.600000 2.138488 0.566121 1.876189
 106.800000 2.055730 0.481294 1.642344
 107.000000 2.040279 0.499101 1.764343
 107.200000 2.111668 0.442572 3.431827
 107.400000 1.994319 0.508204 5.126133
 107.600000 2.049110 0.564841 1.875823
 107.800000 2.053137 0.539283 0.974124
 108.000000 1.995999 0.474659 6.038399
 108.200000 2.190802 0.511985 4.714610
 108.400000 2.096908 0.488217 0.629100
 108.600000 2.090530 0.489970 0.572931
 108.800000 2.134253 0.500839 1.053353
 109.000000 2.048436 0.554121 1.521957
 109.200000 2.014437 0.575571 4.547185
 109.400000 2.155217 0.523365 1.849676
 109.600000 2.003264 0.525692 4.154665
 109.800000 2.091641 0.461862 1.909533
 110.000000 2.078640 0.524523 0.124533
 110.200000 2.115395 0.571568 1.371022
 110.400000 1.915538 0.449580 18.734369
 110.600000 2.020419 0.514578 2.776910
 110.800000 2.067161 0.512555 0.431818
 111.000000 1.967887 0.448131 10.849824
 111.200000 2.093461 0.418002 5.575763
 111.400000 1.986975 0.480220 6.710330
 111.600000 2.014083 0.498617 3.537036
 111.800000 1.981897 0.546038 6.579663
 112.000000 2.098525 0.500861 0.267037
 112.200000 2.113386 0.548101 0.480504
 112.400000 2.064475 0.614629 4.590839
 112.600000 2.117539 0.438862 3.857985
 112.800000 2.060487 0.509384 0.675918
 113.000000 2.097745 0.460203 2.015148
 113.200000 2.007701 0.472518 5.062583
 113.400000 2.095308 0.580918 1.643169
 113.600000 2.084557 0.519466 0.056936
 113.800000 2.020190 0.485903 3.463655
 114.000000 2.152539 0.557286 2.257743
 114.200000 2.062970 0.463100 2.323836
 114.400000 2.097027 0.538678 0.117151
 114.600000 2.100637 0.555696 0.534594
 114.800000 2.090381 0.523789 0.008076
 115.000000 2.041121 0.489921 1.986142
 115.200000 2.056633 0.482866 1.542565
 115.400000 2.060177 0.522959 0.585654
 115.600000 2.018631 0.565887 3.764286
 115.800000 2.111118 0.480945 1.049493
 116.000000 2.088493 0.537857 0.119060
 116.200000 2.230747 0.481030 10.202010
 116.400000 1.996357 0.499600 5.093691
 116.600000 2.067949 0.585843 2.286872
 116.800000 2.082206 0.616517 4.391181
 117.000000 1.967040 0.467313 9.693783
 117.200000 2.137906 0.471045 2.327523
 117.400000 2.117281 0.477968 1.302973
 117.600000 2.023443 0.462589 4.378185
 117.800000 1.942131 0.528676 11.605005
 118.000000 2.023935 0.508942 2.589714
 118.200000 1.933096 0.509900 13.102483
 118.400000 2.014015 0.499526 3.520244
 118.600000 2.112028 0.484597 0.916019
 118.800000 2.039803 0.473833 2.728459
 119.000000 2.104028 0.494748 0.462582
 119.200000 2.089937 0.559180 0.642955
 119.400000 1.991655 0.507538 5.406719
 119.600000 2.012316 0.552241 3.778684
 119.800000 1.999743 0.553249 4.919096
 120.000000 2.006636 0.454204 6.258693
 120.200000 2.072981 0.419616 5.635472
 120.400000 2.086429 0.463581 1.832829
 120.600000 2.042006 0.520733 1.376417
 120.800000 2.079449 0.578128 1.598437
 121.000000 2.016227 0.583919 4.874410
 121.200000 2.137240 0.477301 1.989618
 121.400000 2.031219 0.381523 12.088425
 121.600000 2.071259 0.483455 1.073389
 121.800000 2.095910 0.522169 0.002171
 122.000000 2.000750 0.549083 4.709420
 122.200000 2.040147 0.524002 1.471521
 122.400000 2.056718 0.474206 1.929592
 122.600000 2.023785 0.443725 5.682815
 122.800000 2.177897 0.508924 3.593919
 123.000000 2.053589 0.506360 0.981160
 123.200000 2.077197 0.455152 2.490368
 123.400000 2.145631 0.486277 2.009039
 123.600000 1.982189 0.486264 6.992006
 123.800000 2.088251 0.562733 0.784610
 124.000000 2.044897 0.564482 2.060785
 124.200000 2.046897 0.487482 1.780246
 124.400000 2.152454 0.494889 2.097551
 124.600000 2.024369 0.473474 3.708112
 124.800000 2.033963 0.427516 6.441944
 125.000000 2.054063 0.520561 0.817973
 125.200000 2.004967 0.509073 4.104206
 125.400000 2.066546 0.486053 1.092635
 125.600000 2.101042 0.559945 0.682605
 125.800000 2.006974 0.421174 9.066658
 126.000000 2.006887 0.506079 3.982321
 126.200000 2.063107 0.458463 2.610840
 126.400000 2.037857 0.609590 5.295557
 126.600000 2.069374 0.478420 1.333602
 126.800000 2.036587 0.517396 1.690113
 127.000000 2.044738 0.433254 5.314048
 127.200000 2.030776 0.369859 13.841689
 127.400000 2.128094 0.561461 1.284561
 127.600000 2.073543 0.497220 0.565345
 127.800000 1.916929 0.502425 15.971308
 128.000000 2.133700 0.550905 1.145266
 128.200000 2.109192 0.459849 2.141460
 128.400000 2.101002 0.529694 0.040396
 128.600000 2.184212 0.480157 4.977191
 128.800000 2.091952 0.540799 0.150908
 129.000000 2.086018 0.539291 0.158210
 129.200000 2.081999 0.576373 1.469391
 129.400000 2.151543 0.499938 1.912889
 129.600000 2.096361 0.450540 2.670737
 129.800000 2.103282 0.477573 1.098695
 130.000000 2.123119 0.482576 1.253970
 130.200000 2.051142 0.520060 0.941666
 130.400000 2.013546 0.510906 3.348857
 130.600000 2.017656 0.540330 3.084370
 130.800000 1.981578 0.578681 7.880926
 131.000000 2.043243 0.478458 2.327105
 131.200000 2.088398 0.472987 1.298776
 131.400000 1.994160 0.373057 16.355011
 131.600000 2.098072 0.536153 0.085561
 131.800000 1.994358 0.513657 5.053167
 132.000000 1.948642 0.559122 11.252877
 132.200000 2.051621 0.536912 1.003449
 132.400000 1.966936 0.503942 8.316057
 132.600000 2.130514 0.483170 1.469516
 132.800000 2.060791 0.457259 2.765096
 133.000000 1.974212 0.528190 7.232541
 133.200000 1.991817 0.534535 5.320915
 133.400000 1.981374 0.533021 6.431278
 133.600000 2.074572 0.504373 0.381291
 133.800000 2.058273 0.470415 2.066677
 134.000000 2.114413 0.548769 0.517122
 134.200000 2.103558 0.505606 0.203853
 134.400000 2.057692 0.457296 2.871617
 134.600000 2.130227 0.576536 2.043106
 134.800000 2.032424 0.470788 3.314708
 135.000000 2.015161 0.454571 5.521458
 135.200000 2.137940 0.478263 1.975751
 135.400000 2.123556 0.459791 2.460892
 135.600000 2.116190 0.509288 0.339904
 135.800000 2.051660 0.512901 0.970373
 136.000000 2.044739 0.529548 1.250546
 136.200000 2.091654 0.513933 0.050468
 136.400000 2.062354 0.543350 0.708360
 136.600000 2.036028 0.532482 1.742785
 136.800000 1.978576 0.539226 6.829127
 137.000000 1.923003 0.493657 15.135827
 137.200000 2.026861 0.409309 8.811526
 137.400000 2.063912 0.463005 2.300396
 137.600000 1.975088 0.388645 16.223277
 137.800000 2.024844 0.432790 6.541839
 138.000000 1.989560 0.551250 5.877470
 138.200000 1.974769 0.446546 10.123708
 138.400000 1.983120 0.501637 6.432207
 138.600000 2.051508 0.462111 2.809995
 138.800000 1.969468 0.460662 9.783879
 139.000000 2.088675 0.512831 0.074338
 139.200000 2.023584 0.549312 2.837673
 139.400000 1.991682 0.515471 5.307997
 139.600000 2.101373 0.512804 0.082612
 139.800000 2.086830 0.486057 0.733296
 140.000000 2.033642 0.487545 2.495390
 140.200000 2.065697 0.557400 0.983061
 140.400000 2.048476 0.530964 1.081380
 140.600000 2.086449 0.548809 0.349355
 140.800000 2.074373 0.552385 0.614751
 141.000000 2.063956 0.459069 2.545333
 141.200000 2.069247 0.489056 0.912826
 141.400000 2.086003 0.512616 0.095528
 141.600000 2.068652 0.502889 0.545798
 141.800000 2.034382 0.550193 2.154389
 142.000000 2.001016 0.512539 4.420963
 142.200000 1.993370 0.507329 5.235403
 142.400000 1.997378 0.492140 5.201022
 142.600000 2.088433 0.508481 0.132044
 142.800000 2.081080 0.513643 0.138197
 143.000000 1.962885 0.439204 12.208712
 143.200000 2.059714 0.600215 3.536373
 143.400000 2.089022 0.566770 0.946321
 143.600000 2.053233 0.536112 0.925467
 143.800000 2.097844 0.439968 3.502967
 144.000000 2.017476 0.445806 5.984166
 144.200000 2.084521 0.511687 0.119702
 144.400000 2.096916 0.502654 0.222523
 144.600000 1.966491 0.624497 13.269849
 144.800000 2.031003 0.615425 6.225290
 145.000000 2.029925 0.524641 2.078772
 145.200000 2.111168 0.395041 8.404160
 145.400000 2.049754 0.524829 0.997167
 145.600000 1.973333 0.478902 8.326984
 145.800000 2.036862 0.494899 2.066852
 146.000000 2.022374 0.485715 3.311106
 146.200000 1.990455 0.389757 14.358528
 146.400000 2.135759 0.469050 2.343282
 146.600000 1.937170 0.428506 16.881227
 146.800000 2.079287 0.468205 1.648354
 147.000000 2.128173 0.527127 0.576686
 147.200000 1.971109 0.504966 7.773342
 147.400000 2.007141 0.545066 4.037057
 147.600000 2.003485 0.526387 4.136189
 147.800000 1.973326 0.435499 11.209633
 148.000000 2.098204 0.479249 0.990695
 148.200000 2.003008 0.486905 4.849057
 148.400000 2.049097 0.524564 1.026417
 148.600000 2.159205 0.520965 2.103611
 148.800000 2.019195 0.507432 2.958207
 149.000000 2.109064 0.437371 3.825192
 149.200000 2.061710 0.504329 0.719815
 149.400000 1.993767 0.435072 8.981466
 149.600000 1.989337 0.517777 5.535533
 149.800000 1.993974 0.562823 5.811417
 150.000000 2.000946 0.479534 5.337226
 150.200000 1.992159 0.541077 5.378852
 150.400000 2.090377 0.568939 1.035957
 150.600000 2.038616 0.559128 2.186787
 150.800000 2.106719 0.508648 0.187694
 151.000000 2.085579 0.543078 0.228584
 151.200000 2.045248 0.526966 1.213392
 151.400000 2.092833 0.494190 0.433667
 151.600000 1.997803 0.568139 5.656994
 151.800000 2.108036 0.516471 0.118438
 152.000000 2.074622 0.461248 2.139291
 152.200000 2.079403 0.495158 0.516821
 152.400000 2.084036 0.454008 2.475066
 152.600000 2.075336 0.502315 0.408124
 152.800000 1.972650 0.502742 7.628469
 153.000000 1.977669 0.488333 7.434329
 153.200000 2.047841 0.607041 4.564932
 153.400000 1.947156 0.436870 14.600564
 153.600000 2.102625 0.402499 7.366465
 153.800000 2.055665 0.470774 2.145246
 154.000000 2.046291 0.414169 7.144462
 154.200000 2.114848 0.564977 1.065235
 154.400000 1.958164 0.522957 9.279727
 154.600000 2.030544 0.569328 3.084072
 154.800000 2.036109 0.534070 1.753433
 155.000000 2.064902 0.447003 3.368358
 155.200000 2.129772 0.429845 5.020630
 155.400000 2.067684 0.417555 5.979330
 155.600000 2.120269 0.524673 0.335308
 155.800000 1.932409 0.577443 14.569299
 156.000000 2.003163 0.602398 7.266299
 156.200000 2.084372 0.538268 0.157832
 156.400000 2.019593 0.470980 4.182062
 156.600000 2.128625 0.474526 1.789906
 156.800000 2.049865 0.440716 4.426259
 157.000000 2.077418 0.507409 0.275177
 157.200000 2.095772 0.569686 1.062979
 157.400000 1.989029 0.588055 7.628255
 157.600000 1.958574 0.579818 10.803938
 157.800000 2.052361 0.515923 0.912899
 158.000000 1.983859 0.430410 10.451145
 158.200000 2.039948 0.444279 4.628063
 158.400000 2.138432 0.406193 7.861720
 158.600000 1.945509 0.380463 21.327506
 158.800000 2.056243 0.523454 0.727813
 159.000000 1.960728 0.554945 9.424728
 159.200000 2.062852 0.557673 1.077987
 159.400000 2.056616 0.519434 0.722288
 159.600000 2.073642 0.469183 1.695864
 159.800000 2.148642 0.474228 2.690138
 160.000000 2.098022 0.526508 0.010809
 160.200000 2.034762 0.515343 1.812121
 160.400000 2.005330 0.569189 5.005484
 160.600000 2.019579 0.538042 2.903050
 160.800000 2.033722 0.456289 4.105897
 161.000000 2.117340 0.570781 1.376328
 161.200000 2.065496 0.453584 2.868630
 161.400000 1.972667 0.517415 7.427987
 161.600000 2.133210 0.583731 2.561268
 161.800000 2.031769 0.457094 4.172443
 162.000000 1.999174 0.528758 4.546799
 162.200000 2.025814 0.454244 4.756753
 162.400000 2.005212 0.483397 4.784861
 162.600000 1.983852 0.524934 6.110828
 162.800000 2.009794 0.542048 3.748871
 163.000000 2.082907 0.489409 0.650463
 163.200000 2.095981 0.479004 0.995593
 163.400000 2.026384 0.490569 2.858264
 163.600000 2.007140 0.509141 3.911279
 163.800000 2.014951 0.567423 4.115991
 164.000000 2.199623 0.517778 5.553422
 164.200000 1.982463 0.436023 10.099110
 164.400000 2.003471 0.432272 8.303883
 164.600000 2.145774 0.560153 1.987981
 164.800000 2.024922 0.487823 3.053237
 165.000000 2.027378 0.471345 3.610898
 165.200000 2.077077 0.568795 1.171286
 165.400000 1.991923 0.455229 7.587480
 165.600000 2.141584 0.483411 1.920940
 165.800000 2.058113 0.469738 2.108704
 166.000000 1.965129 0.509917 8.448450
 166.200000 1.992664 0.544523 5.393491
 166.400000 2.065797 0.550745 0.777400
 166.600000 2.022774 0.532690 2.606134
 166.800000 2.112935 0.438607 3.783680
 167.000000 2.041229 0.510235 1.502627
 167.200000 2.002489 0.488193 4.850202
 167.400000 2.034678 0.572533 2.980375
 167.600000 2.113808 0.497320 0.533713
 167.800000 2.003216 0.557960 4.747186
 168.000000 2.029961 0.473742 3.318725
 168.200000 2.068108 0.515216 0.380632
 168.400000 2.014607 0.421639 8.380940
 168.600000 2.003266 0.494400 4.578591
 168.800000 1.909574 0.479459 18.053605
 169.000000 2.005361 0.494543 4.385693
 169.200000 2.074813 0.519983 0.198272
 169.400000 2.074596 0.479641 1.162171
 169.600000 2.140919 0.476098 2.210418
 169.800000 2.142586 0.524986 1.162162
 170.000000 2.042702 0.551265 1.718804
 170.200000 2.008620 0.527104 3.684842
 170.400000 2.062773 0.475789 1.642836
 170.600000 2.048252 0.478701 2.072498
 170.800000 2.113821 0.555501 0.697553
 171.000000 1.981632 0.465079 8.070022
 171.200000 2.042002 0.492765 1.847853
 171.400000 2.016762 0.482388 3.862624
 171.600000 1.991124 0.513671 5.381794
 171.800000 2.049770 0.576903 2.416395
 172.000000 2.061552 0.492197 1.032388
 172.200000 2.022977 0.427930 7.126565
 172.400000 2.210607 0.530784 6.778455
 172.600000 2.048823 0.543226 1.231039
 172.800000 2.033224 0.561941 2.606050
 173.000000 2.081719 0.497370 0.424331
 173.200000 1.990132 0.511280 5.511256
 173.400000 2.029251 0.536772 2.208672
 173.600000 1.927308 0.503431 14.162367
 173.800000 2.069420 0.524563 0.312348
 174.000000 2.014039 0.500542 3.494317
 174.200000 1.964519 0.464121 10.202697
 174.400000 2.126862 0.529752 0.545968
 174.600000 2.016868 0.500516 3.271647
 174.800000 2.068222 0.555645 0.855979
 175.000000 2.088812 0.511613 0.087421
 175.200000 2.073963 0.458068 2.355908
 175.400000 2.035013 0.454110 4.177504
 175.600000 2.054548 0.500429 1.062324
 175.800000 1.998766 0.534589 4.632852
 176.000000 2.029365 0.539254 2.237001
 176.200000 1.983656 0.518244 6.145930
 176.400000 2.088660 0.522738 0.016815
 176.600000 2.113062 0.445852 3.196519
 176.800000 2.009184 0.461531 5.556689
 177.000000 2.115373 0.462487 2.087360
 177.200000 1.994460 0.479298 5.974847
 177.400000 2.038563 0.527901 1.567866
 177.600000 2.014724 0.561929 3.908388
 177.800000 2.059893 0.466173 2.244036
 178.000000 2.052786 0.444956 3.958000
 178.200000 2.041619 0.461427 3.325342
 178.400000 2.094457 0.452871 2.501183
 178.600000 2.089446 0.492331 0.501078
 178.800000 1.971721 0.543005 7.712815
 179.000000 2.014862 0.556300 3.697436
 179.200000 2.092915 0.553981 0.462650
 179.400000 1.980484 0.501965 6.721901
 179.600000 2.165263 0.521954 2.512496
 179.800000 2.132419 0.455342 3.052392
 180.000000 2.080564 0.458014 2.246335
 180.200000 2.064848 0.536022 0.513682
 180.400000 1.999948 0.519125 4.470099
 180.600000 2.068585 0.505140 0.503434
 180.800000 1.975675 0.536265 7.127393
 181.000000 2.009459 0.445301 6.672376
 181.200000 2.183144 0.439263 7.494495
 181.400000 2.016262 0.518620 3.064754
 181.600000 1.976286 0.469071 8.461480
 181.800000 2.134961 0.565937 1.719073
 182.000000 1.979102 0.608344 10.237136
 182.200000 2.039129 0.475546 2.681694
 182.400000 2.073877 0.429555 4.632571
 182.600000 2.017883 0.447366 5.832771
 182.800000 2.134804 0.481980 1.682487
 183.000000 1.880538 0.487799 23.508297
 183.200000 2.039238 0.624277 6.589224
 183.400000 2.056743 0.547478 0.993929
 183.600000 1.959912 0.454574 11.425117
 183.800000 2.116998 0.437272 3.981585
 184.000000 2.049265 0.364743 13.635949
 184.200000 2.018747 0.424957 7.726395
 184.400000 2.025032 0.509449 2.505743
 184.600000 2.006094 0.623511 8.889775
 184.800000 2.081527 0.483063 0.904352
 185.000000 2.040647 0.552601 1.864989
 185.200000 2.095648 0.438373 3.632530
 185.400000 2.086662 0.510994 0.109336
 185.600000 2.031689 0.560965 2.664104
 185.800000 2.045561 0.549982 1.540447
 186.000000 2.081885 0.567393 1.037200
 186.200000 1.903121 0.476070 19.422339
 186.400000 2.123163 0.407494 7.153984
 186.600000 2.084259 0.489126 0.645562
 186.800000 2.078637 0.467833 1.679093
 187.000000 2.104650 0.498556 0.366168
 187.200000 1.935796 0.560391 13.253641
 187.400000 2.069190 0.571626 1.470975
 187.600000 1.951887 0.461029 12.111760
 187.800000 2.013364 0.489848 3.852606
 188.000000 2.120962 0.517896 0.369158
 188.200000 1.975583 0.459034 9.142467
 188.400000 2.139564 0.556128 1.549167
 188.600000 2.083376 0.502115 0.291491
 188.800000 2.106483 0.580312 1.681234
 189.000000 2.014996 0.543393 3.348032
 189.200000 2.001694 0.528641 4.309416
 189.400000 2.157851 0.484043 2.795643
 189.600000 2.015759 0.483547 3.893891
 189.800000 2.060877 0.435347 4.455919
 190.000000 2.076997 0.563766 0.958067
 190.200000 2.073889 0.559023 0.837702
 190.400000 2.039298 0.537226 1.610710
 190.600000 2.091335 0.549914 0.350936
 190.800000 2.065972 0.464584 2.145289
 191.000000 2.142458 0.441413 4.532260
 191.200000 2.031130 0.492156 2.495551
 191.400000 2.003519 0.482015 4.993816
 191.600000 2.086469 0.583454 1.822756
 191.800000 1.968895 0.440265 11.347427
 192.000000 2.049398 0.407454 7.757229
 192.200000 2.041477 0.487091 2.066554
 192.400000 1.980517 0.483303 7.296021
 192.600000 2.089647 0.611966 3.915642
 192.800000 2.009842 0.557882 4.162298
 193.000000 2.018424 0.561613 3.608356
 193.200000 2.130095 0.551523 1.027123
 193.400000 2.103351 0.559155 0.672247
 193.600000 2.060013 0.532042 0.626710
 193.800000 2.058545 0.513628 0.692311
 194.000000 2.058066 0.490209 1.217362
 194.200000 2.051396 0.449379 3.678732
 194.400000 1.985140 0.417314 11.616548
 194.600000 1.967018 0.525607 8.114511
 194.800000 2.086523 0.541267 0.187068
 195.000000 2.040115 0.538992 1.591671
 195.200000 2.006477 0.453027 6.355024
 195.400000 2.129010 0.455492 2.918337
 195.600000 2.029463 0.502371 2.333402
 195.800000 2.123071 0.505156 0.581208
 196.000000 2.024012 0.602300 5.573869
 196.200000 2.135953 0.592580 3.242779
 196.400000 2.000500 0.512966 4.464692
 196.600000 2.023071 0.578192 4.033765
 196.800000 2.056770 0.512587 0.768467
 197.000000 2.074280 0.419561 5.614281
 197.200000 2.110562 0.497236 0.478191
 197.400000 1.973066 0.492701 7.837663
 197.600000 2.064869 0.557559 1.012525
 197.800000 2.025837 0.491002 2.881420
 198.000000 2.099169 0.548884 0.331066
 198.200000 2.063365 0.466183 2.129726
 198.400000 2.042299 0.475080 2.534021
 198.600000 2.117041 0.516891 0.278915
 198.800000 2.084250 0.551545 0.441953
 199.000000 2.101848 0.589406 2.193061
 199.200000 1.953154 0.467687 11.537591
 199.400000 1.986132 0.485821 6.574017
 199.600000 2.065623 0.449020 3.194893
 199.800000 2.033075 0.510343 1.967942
 200.000000 2.012909 0.493718 3.766404
