#! FIELDS time phi psi restraint.bias
#! SET min_phi -pi
#! SET max_phi pi
#! SET min_psi -pi
#! SET max_psi pi
 0.000000 -2.414303 1.007989 153.538379
 0.200000 -2.918780 1.040768 1.186129
 0.400000 -2.912216 1.061613 1.607820
 0.600000 -2.890748 1.051471 2.920887
 0.800000 -2.863202 0.997755 6.615505
 1.000000 -2.910670 0.955477 5.796219
 1.200000 -2.816416 0.962514 14.932455
 1.400000 -2.891357 0.961560 6.532387
 1.600000 -2.944316 0.934985 6.554487
 1.800000 -2.922107 1.025664 1.242249
 2.000000 -2.830922 1.038774 9.302199
 2.200000 -2.850712 0.980843 8.969844
 2.400000 -2.922313 1.054727 1.029495
 2.600000 -2.922452 1.077245 1.446360
 2.800000 -2.953319 1.060925 0.188629
 3.000000 -2.955390 1.058955 0.137209
 3.200000 -2.937301 1.019513 0.826025
 3.400000 -2.958845 1.043224 0.041636
 3.600000 -2.896101 1.056714 2.562850
 3.800000 -2.914008 1.147488 6.436375
 4.000000 -2.979525 1.045024 0.080058
 4.200000 -2.950350 1.088548 0.994542
 4.400000 -2.916126 1.104138 2.918202
 4.600000 -2.971194 1.027114 0.210218
 4.800000 -2.977617 1.022265 0.366550
 5.000000 -2.911192 1.122407 4.388842
 5.200000 -3.061183 1.013963 4.981885
 5.400000 -2.923164 1.055753 1.000033
 5.600000 -2.868882 1.081554 5.409671
 5.800000 -2.987021 1.080511 0.754141
 6.000000 -2.918540 1.036981 1.229273
 6.200000 -2.999982 1.187136 10.333305
 6.400000 -2.961161 1.075006 0.404055
 6.600000 -2.921952 1.088598 1.874348
 6.800000 -2.934983 0.989213 2.195569
 7.000000 -2.897799 1.122160 5.208234
 7.200000 -2.856010 1.041465 6.182444
 7.400000 -2.976268 1.068170 0.262311
 7.600000 -2.907901 1.018530 2.160785
 7.800000 -2.910421 1.039629 1.632629
 8.000000 -2.856983 0.949838 10.797924
 8.200000 -2.948186 1.014387 0.716370
 8.400000 -2.969671 0.992992 1.472551
 8.600000 -2.922954 1.072018 1.280683
 8.800000 -2.897793 1.003295 3.362649
 9.000000 -2.890574 0.993659 4.358207
 9.200000 -2.828291 1.128836 12.960856
 9.400000 -2.952007 0.999067 1.271551
 9.600000 -2.925877 1.116380 3.241145
 9.800000 -2.935084 1.064481 0.660576
 10.000000 -2.983436 1.069175 0.375581
 10.200000 -2.966625 1.085690 0.740938
 10.400000 -2.917821 1.080954 1.781976
 10.600000 -2.977267 1.117129 2.497299
 10.800000 -2.935220 1.043342 0.514311
 11.000000 -2.956222 1.062356 0.173612
 11.200000 -2.910367 1.038977 1.640837
 11.400000 -2.888413 1.087655 3.911088
 11.600000 -3.003701 1.032310 0.782117
 11.800000 -2.915902 0.973973 3.989470
 12.000000 -2.988695 1.052632 0.248815
 12.200000 -2.919040 0.983481 3.182838
 12.400000 -2.855828 1.078637 6.680463
 12.600000 -2.963712 1.058278 0.066986
 12.800000 -2.926287 1.089217 1.714060
 13.000000 -2.916608 1.004925 2.166165
 13.200000 -2.948451 1.008194 0.933788
 13.400000 -2.926623 1.005010 1.707441
 13.600000 -2.924819 0.985493 2.795869
 13.800000 -2.899120 1.074644 2.684532
 14.000000 -2.949905 0.999742 1.273142
 14.200000 -2.953887 1.055289 0.119493
 14.400000 -2.883530 1.116417 5.884285
 14.600000 -2.941987 1.023797 0.588114
 14.800000 -2.937044 1.023411 0.733384
 15.000000 -2.883497 1.065616 3.660994
 15.200000 -2.962326 0.974437 2.658235
 15.400000 -2.953297 1.010984 0.750411
 15.600000 -2.969175 1.024916 0.250474
 15.800000 -2.915010 0.994085 2.765079
 16.000000 -2.902907 1.017504 2.498640
 16.200000 -2.910050 0.995972 2.937086
 16.400000 -2.919376 1.100690 2.567549
 16.600000 -2.971547 1.115110 2.316097
 16.800000 -2.957079 1.056922 0.097090
 17.000000 -2.911369 1.059182 1.622555
 17.200000 -2.902581 1.032119 2.192453
 17.400000 -2.937892 1.054320 0.450745
 17.600000 -2.907601 1.028632 1.940004
 17.800000 -2.900620 1.043341 2.214554
 18.000000 -2.909188 1.042846 1.684010
 18.200000 -2.881676 1.016948 4.102732
 18.400000 -2.974284 0.977123 2.481334
 18.600000 -2.946064 1.008636 0.963887
 18.800000 -2.849912 0.992243 8.371742
 19.000000 -3.034951 1.025540 2.539151
 19.200000 -2.893187 1.057321 2.779823
 19.400000 -2.871218 1.137983 8.713831
 19.600000 -3.013907 1.029609 1.252016
 19.800000 -2.949412 1.147588 5.194885
 20.000000 -2.917164 1.084171 1.928306
 20.200000 -2.967463 0.977859 2.403991
 20.400000 -2.946685 1.009309 0.925360
 20.600000 -2.913406 1.014703 1.967313
 20.800000 -2.891532 1.032386 2.961898
 21.000000 -2.943002 0.990066 1.921409
 21.200000 -2.835898 1.037900 8.644955
 21.400000 -2.884073 1.054255 3.468303
 21.600000 -2.965127 1.041263 0.019479
 21.800000 -2.882788 1.014424 4.087963
 22.000000 -2.921851 1.121899 3.812047
 22.200000 -2.908147 1.069191 1.977206
 22.400000 -2.938822 1.128843 3.731644
 22.600000 -2.875866 1.095217 5.311125
 22.800000 -2.894629 1.009091 3.349189
 23.000000 -2.911876 1.042976 1.531558
 23.200000 -2.907348 0.943611 7.147808
 23.400000 -2.870451 1.121542 7.430185
 23.600000 -2.954032 0.992447 1.583679
 23.800000 -2.920957 1.045500 1.064148
 24.000000 -2.949325 1.100631 1.584829
 24.200000 -2.946246 1.225371 16.089416
 24.400000 -2.970180 1.179647 8.776273
 24.600000 -2.899735 1.216479 16.594435
 24.800000 -3.043022 1.127436 6.104283
 25.000000 -2.973342 1.066289 0.201969
 25.200000 -2.940018 1.089369 1.254845
 25.400000 -2.973212 1.045533 0.020311
 25.600000 -2.932854 1.105697 2.296125
 25.800000 -2.886925 1.055634 3.246384
 26.000000 -2.816349 1.012634 11.954192
 26.200000 -2.907114 1.076989 2.240492
 26.400000 -2.891300 1.028012 3.053786
 26.600000 -2.903894 1.012918 2.582521
 26.800000 -2.983786 1.012512 0.741421
 27.000000 -2.964314 1.033765 0.093989
 27.200000 -2.905962 1.058313 1.928260
 27.400000 -2.995573 1.085582 1.143181
 27.600000 -2.840477 1.064563 8.162430
 27.800000 -2.948145 1.117597 2.656882
 28.000000 -2.998618 1.056904 0.545072
 28.200000 -2.879693 1.080895 4.384256
 28.400000 -3.044191 1.039948 3.000899
 28.600000 -2.947750 1.056371 0.228505
 28.800000 -2.833519 0.993045 10.382894
 29.000000 -3.003881 1.061500 0.780170
 29.200000 -2.824074 1.033732 10.313062
 29.400000 -2.894828 0.995743 3.932541
 29.600000 -2.910786 1.041603 1.598991
 29.800000 -2.967147 1.037832 0.043864
 30.000000 -2.888192 1.059940 3.191251
 30.200000 -2.891591 1.174538 10.955546
 30.400000 -3.002136 1.070497 0.886609
 30.600000 -2.905507 1.100857 3.333998
 30.800000 -2.947653 1.124072 3.143182
 31.000000 -2.980959 1.032585 0.203363
 31.200000 -2.950215 1.148217 5.244372
 31.400000 -2.836704 1.062611 8.615127
 31.600000 -2.923694 0.992600 2.430742
 31.800000 -2.964684 1.016357 0.478397
 32.000000 -2.939629 0.975378 2.955227
 32.200000 -3.034315 0.939061 8.108385
 32.400000 -2.956930 1.001754 1.083847
 32.600000 -2.813694 1.020916 12.105856
 32.800000 -3.026610 1.014745 2.299719
 33.000000 -2.889255 1.038425 3.065245
 33.200000 -2.856738 1.024000 6.354521
 33.400000 -2.958390 1.043315 0.045115
 33.600000 -2.841955 1.051293 7.833929
 33.800000 -2.992527 1.126024 3.431085
 34.000000 -2.911293 1.071921 1.860578
 34.200000 -2.897100 1.108002 4.295809
 34.400000 -2.962679 0.923402 7.672305
 34.600000 -2.911156 1.110596 3.572256
 34.800000 -2.872071 1.077293 4.964334
 35.000000 -2.923100 1.034234 1.050271
 35.200000 -2.903782 1.016616 2.469672
 35.400000 -2.968274 1.069567 0.250942
 35.600000 -2.888279 0.955533 7.304373
 35.800000 -2.972620 1.048808 0.016755
 36.000000 -2.956586 0.980384 2.286847
 36.200000 -2.982253 1.077335 0.569549
 36.400000 -2.920875 1.024544 1.323098
 36.600000 -2.893321 1.056508 2.762037
 36.800000 -2.909442 1.065904 1.834873
 37.000000 -2.865481 1.052522 5.173251
 37.200000 -2.900699 0.984212 4.185469
 37.400000 -3.012491 1.020235 1.395491
 37.600000 -2.904289 1.043893 1.975533
 37.800000 -2.897951 0.894688 14.017546
 38.000000 -2.922477 1.004778 1.893528
 38.200000 -2.869808 1.017572 5.167798
 38.400000 -2.866533 0.999172 6.206016
 38.600000 -2.921395 1.026763 1.251397
 38.800000 -2.976791 0.998766 1.220141
 39.000000 -2.795563 1.042216 14.718001
 39.200000 -2.904374 0.975390 4.542886
 39.400000 -2.975986 1.079466 0.560469
 39.600000 -2.882443 1.025570 3.813888
 39.800000 -2.999214 1.059579 0.593609
 40.000000 -2.887551 1.035532 3.228856
 40.200000 -2.931665 1.076489 1.055405
 40.400000 -2.902553 1.066455 2.265949
 40.600000 -2.847679 1.071041 7.410126
 40.800000 -3.012915 1.009150 1.775153
 41.000000 -2.890034 1.083176 3.613695
 41.200000 -3.082892 0.994841 8.079121
 41.400000 -2.905230 1.017493 2.352653
 41.600000 -2.837479 1.009334 9.112355
 41.800000 -2.970699 0.950754 4.657306
 42.000000 -2.798800 1.021389 14.488652
 42.200000 -2.918581 1.028508 1.349742
 42.400000 -2.870048 1.047245 4.705672
 42.600000 -2.891190 1.101410 4.347582
 42.800000 -2.930859 1.011990 1.275024
 43.000000 -2.970682 1.056426 0.049137
 43.200000 -2.930608 1.029824 0.815271
 43.400000 -2.948941 1.111634 2.240198
 43.600000 -3.011493 1.120888 3.702315
 43.800000 -2.947428 1.086949 0.982802
 44.000000 -2.948095 1.148046 5.265042
 44.200000 -2.989492 1.103045 1.811091
 44.400000 -2.950231 1.107702 1.972011
 44.600000 -2.953362 1.052876 0.109934
 44.800000 -2.919077 1.074091 1.512813
 45.000000 -2.877272 1.074371 4.400158
 45.200000 -2.904046 0.963203 5.512887
 45.400000 -2.906141 1.041414 1.872268
 45.600000 -2.951009 0.925860 7.490259
 45.800000 -2.904157 1.019686 2.356824
 46.000000 -2.978004 0.991974 1.584725
 46.200000 -2.889430 0.983236 5.058729
 46.400000 -2.867728 1.074159 5.296870
 46.600000 -2.940320 0.998262 1.554864
 46.800000 -2.898108 1.022871 2.673091
 47.000000 -2.925149 1.016725 1.342545
 47.200000 -2.963964 1.035585 0.072213
 47.400000 -2.862970 1.050119 5.421589
 47.600000 -2.892661 1.018305 3.185004
 47.800000 -2.979760 1.023410 0.363574
 48.000000 -2.937236 1.022964 0.738369
 48.200000 -2.968622 1.100128 1.402034
 48.400000 -2.995693 1.079415 0.928934
 48.600000 -2.883391 1.135601 7.407843
 48.800000 -2.905017 1.090916 2.880294
 49.000000 -3.019504 1.085481 2.108012
 49.200000 -2.986236 1.043705 0.189957
 49.400000 -2.917006 1.043240 1.260530
 49.600000 -3.009390 0.996641 2.173937
 49.800000 -2.902437 0.977125 4.543128
 50.000000 -2.895906 0.980022 4.787742
 50.200000 -2.981783 1.015052 0.625052
 50.400000 -2.912036 1.053925 1.536425
 50.600000 -2.866391 1.098918 6.404529
 50.800000 -2.909873 1.001409 2.683449
 51.000000 -2.966099 1.122600 2.843246
 51.200000 -2.889474 0.982567 5.098354
 51.400000 -2.879744 1.068064 4.029750
 51.600000 -3.023434 0.982538 3.679437
 51.800000 -2.875629 1.014863 4.702543
 52.000000 -2.971619 1.097864 1.293952
 52.200000 -2.960757 1.002012 1.040718
 52.400000 -2.878251 1.016762 4.406638
 52.600000 -2.934204 1.045965 0.540494
 52.800000 -3.003869 0.956144 4.822802
 53.000000 -2.912801 1.104595 3.119244
 53.200000 -2.913507 1.077010 1.878326
 53.400000 -2.919767 1.029260 1.279162
 53.600000 -2.905944 1.016130 2.350152
 53.800000 -3.002205 1.026614 0.829433
 54.000000 -2.877029 0.988857 5.754551
 54.200000 -2.912077 1.026431 1.727164
 54.400000 -2.908184 1.028345 1.910870
 54.600000 -2.795243 1.028444 14.936393
 54.800000 -2.998005 1.015179 0.991377
 55.000000 -2.976804 1.034205 0.131880
 55.200000 -2.811271 1.091979 13.137828
 55.400000 -2.894072 1.035002 2.737969
 55.600000 -2.923745 1.010955 1.594855
 55.800000 -2.939566 1.049259 0.380087
 56.000000 -2.952383 1.027895 0.293995
 56.200000 -2.921823 1.027950 1.208400
 56.400000 -2.908294 1.022794 2.024447
 56.600000 -2.851880 1.016495 7.104518
 56.800000 -2.954318 0.964338 3.514030
 57.000000 -3.001705 1.058646 0.665668
 57.200000 -2.956008 1.070527 0.333201
 57.400000 -2.924509 1.144345 5.624084
 57.600000 -2.977843 1.048246 0.058689
 57.800000 -2.932641 1.121643 3.363370
 58.000000 -2.943323 1.073688 0.632590
 58.200000 -2.912211 1.103481 3.088117
 58.400000 -3.009635 1.002804 1.891724
 58.600000 -2.939702 1.084087 1.054624
 58.800000 -2.899485 0.995527 3.618103
 59.000000 -2.958832 1.073767 0.386806
 59.200000 -2.932860 1.002433 1.586772
 59.400000 -2.920884 1.132629 4.715397
 59.600000 -2.916642 1.087998 2.103315
 59.800000 -2.987113 1.071373 0.493296
 60.000000 -2.960375 1.030482 0.162047
 60.200000 -2.842006 1.091705 8.809707
 60.400000 -2.926142 1.020172 1.202303
 60.600000 -2.934995 0.973265 3.247087
 60.800000 -2.850014 1.050732 6.856059
 61.000000 -2.969671 0.984491 1.969474
 61.200000 -2.862798 0.979530 7.724701
 61.400000 -2.975383 0.949627 4.794682
 61.600000 -2.837089 1.034558 8.526040
 61.800000 -2.826538 1.044918 9.875728
 62.000000 -2.927582 0.949229 5.578167
 62.200000 -2.842485 1.078656 8.254266
 62.400000 -2.964205 0.987778 1.769390
 62.600000 -2.925974 1.063758 0.981140
 62.800000 -2.883876 1.098721 4.787133
 63.000000 -2.960033 1.135641 3.935798
 63.200000 -2.933265 1.109872 2.535043
 63.400000 -2.936730 1.076328 0.884243
 63.600000 -3.073688 1.110459 7.685761
 63.800000 -2.985294 1.156167 6.103444
 64.000000 -2.927270 1.041282 0.809101
 64.200000 -3.013902 1.061793 1.203628
 64.400000 -2.897459 0.979822 4.691912
 64.600000 -2.978745 1.026025 0.292419
 64.800000 -2.943953 1.067803 0.479257
 65.000000 -2.951394 1.024817 0.373150
 65.200000 -2.984495 1.058160 0.212081
 65.400000 -2.886794 0.980982 5.413551
 65.600000 -2.969541 1.048994 0.004692
 65.800000 -2.920187 1.028316 1.276764
 66.000000 -2.885096 1.094700 4.487212
 66.200000 -2.907587 1.049985 1.772390
 66.400000 -2.920751 1.027574 1.264802
 66.600000 -2.865679 1.028802 5.308200
 66.800000 -2.812478 0.950666 16.606926
 67.000000 -2.892042 0.968429 5.916018
 67.200000 -2.912896 0.926935 8.698422
 67.400000 -2.923307 0.965791 4.270696
 67.600000 -2.907152 0.987430 3.580549
 67.800000 -2.951942 0.985606 2.011034
 68.000000 -2.972924 1.029513 0.173566
 68.200000 -2.910532 1.162871 8.287911
 68.400000 -2.918878 1.039603 1.189585
 68.600000 -2.956422 1.155001 5.867338
 68.800000 -2.945743 1.016491 0.698630
 69.000000 -2.991771 1.181836 9.369085
 69.200000 -2.978872 1.026933 0.275100
 69.400000 -2.942904 1.116344 2.682339
 69.600000 -2.896578 1.107693 4.313688
 69.800000 -2.919537 1.074757 1.508938
 70.000000 -2.953126 1.123746 3.026892
 70.200000 -2.887734 1.037785 3.190605
 70.400000 -2.905351 1.069415 2.150772
 70.600000 -2.942238 0.979835 2.576898
 70.800000 -2.942506 0.950997 4.928699
 71.000000 -2.828877 0.940649 15.223587
 71.200000 -2.863360 1.040400 5.399954
 71.400000 -2.850869 0.957211 10.799007
 71.600000 -2.876747 1.076295 4.501548
 71.800000 -2.895934 1.082745 3.161278
 72.000000 -2.916434 1.101131 2.735858
 72.200000 -2.893417 1.131037 6.226119
 72.400000 -2.849342 1.042070 6.941853
 72.600000 -2.970835 1.119648 2.631666
 72.800000 -3.001188 1.050012 0.586315
 73.000000 -2.905066 1.155287 7.763328
 73.200000 -2.871512 1.097016 5.805638
 73.400000 -3.022538 1.081998 2.144467
 73.600000 -2.892469 1.093792 3.867371
 73.800000 -2.936658 1.090857 1.415200
 74.000000 -2.937109 1.004324 1.367593
 74.200000 -3.009052 0.997183 2.132403
 74.400000 -2.892659 1.072201 3.080326
 74.600000 -2.951277 1.017501 0.565508
 74.800000 -3.042299 1.027410 3.026226
 75.000000 -2.987917 1.030947 0.349543
 75.200000 -2.855785 1.038865 6.225734
 75.400000 -2.988311 1.059394 0.300182
 75.600000 -2.941537 1.114664 2.601605
 75.800000 -2.872082 1.068674 4.741020
 76.000000 -2.940227 1.126345 3.492152
 76.200000 -2.992655 0.936673 6.435344
 76.400000 -2.938441 1.149335 5.625572
 76.600000 -2.863967 0.979331 7.616992
 76.800000 -2.886473 1.045743 3.248180
 77.000000 -2.927270 0.918620 9.057777
 77.200000 -2.891133 1.035624 2.949392
 77.400000 -2.869083 1.017651 5.236230
 77.600000 -3.010803 0.999178 2.109714
 77.800000 -2.868797 1.053098 4.845240
 78.000000 -2.932754 1.099460 1.954121
 78.200000 -2.888042 1.088748 3.985110
 78.400000 -2.903484 1.075234 2.413949
 78.600000 -2.905241 1.102395 3.434164
 78.800000 -2.904676 1.059621 2.023028
 79.000000 -3.009481 1.020458 1.257297
 79.200000 -2.840333 1.056911 8.076960
 79.400000 -2.909311 0.974729 4.293305
 79.600000 -2.950360 0.957936 4.123258
 79.800000 -2.882703 1.046400 3.558371
 80.000000 -2.924516 0.945785 6.047258
 80.200000 -2.946465 1.082426 0.832579
 80.400000 -2.940896 0.966511 3.597446
 80.600000 -2.949138 1.090579 1.101595
 80.800000 -2.927184 1.011951 1.416209
 81.000000 -2.941592 1.083525 0.984125
 81.200000 -2.842958 0.995843 9.019230
 81.400000 -2.947242 1.011941 0.817877
 81.600000 -2.916896 0.977117 3.713857
 81.800000 -2.892065 1.071090 3.097556
 82.000000 -3.004617 1.062857 0.827883
 82.200000 -2.919677 1.032769 1.226643
 82.400000 -2.902255 1.098883 3.435555
 82.600000 -2.885504 0.996398 4.615989
 82.800000 -2.902140 1.082998 2.748100
 83.000000 -2.806729 0.990894 14.437942
 83.200000 -2.975691 1.113212 2.216231
 83.400000 -3.039297 0.970622 5.541002
 83.600000 -2.877384 1.020936 4.365713
 83.800000 -2.878387 0.979414 6.228715
 84.000000 -2.944891 0.973330 2.973940
 84.200000 -2.940024 1.029606 0.520214
 84.400000 -2.910311 1.025360 1.848650
 84.600000 -2.907050 1.081695 2.395603
 84.800000 -2.969361 1.024511 0.259987
 85.000000 -2.963079 1.066864 0.201308
 85.200000 -2.866466 1.104664 6.710702
 85.400000 -2.990521 1.053062 0.292412
 85.600000 -3.021857 1.070009 1.761558
 85.800000 -2.852907 1.059966 6.596984
 86.000000 -3.008360 1.027039 1.056061
 86.200000 -2.949318 1.028971 0.323500
 86.400000 -2.904923 1.093418 2.998633
 86.600000 -2.935373 1.024870 0.751286
 86.800000 -2.815989 1.077762 11.878330
 87.000000 -2.977791 0.977785 2.466599
 87.200000 -2.933803 1.052964 0.569643
 87.400000 -2.856937 1.039633 6.092134
 87.600000 -2.995168 1.015188 0.907345
 87.800000 -2.817574 1.073755 11.525654
 88.000000 -2.968588 0.961089 3.708537
 88.200000 -2.865167 1.077393 5.646976
 88.400000 -3.018272 0.991583 2.857834
 88.600000 -3.027648 1.086893 2.623319
 88.800000 -2.856458 1.123779 9.048736
 89.000000 -2.945018 1.047730 0.243051
 89.200000 -2.926191 1.092385 1.856116
 89.400000 -2.906235 1.095775 3.029729
 89.600000 -3.052143 1.008870 4.354092
 89.800000 -2.865013 0.989488 6.871989
 90.000000 -2.880907 0.943915 9.044771
 90.200000 -2.909727 0.963886 5.113971
 90.400000 -2.905247 0.970531 4.849254
 90.600000 -2.887845 0.962740 6.704030
 90.800000 -2.927464 1.108392 2.656248
 91.000000 -2.945402 1.007903 1.006568
 91.200000 -2.865176 1.192743 15.781899
 91.400000 -2.905692 1.125758 4.968867
 91.600000 -2.966852 1.056180 0.040364
 91.800000 -2.868563 1.109618 6.798978
 92.000000 -2.957303 1.006893 0.859832
 92.200000 -2.959561 1.104942 1.695321
 92.400000 -2.879367 0.991241 5.410576
 92.600000 -2.857261 1.030469 6.167817
 92.800000 -2.914311 1.053469 1.410868
 93.000000 -2.876271 1.045990 4.121982
 93.200000 -2.898379 1.060712 2.449874
 93.400000 -2.969842 1.025888 0.230915
 93.600000 -3.003991 1.070789 0.960240
 93.800000 -2.897576 1.047452 2.414026
 94.000000 -3.004976 1.044625 0.722126
 94.200000 -2.929957 0.982533 2.779065
 94.400000 -2.856038 1.086265 6.926059
 94.600000 -2.917553 1.026222 1.445454
 94.800000 -2.990474 1.035855 0.338445
 95.000000 -2.880202 1.056223 3.812870
 95.200000 -2.927203 0.998009 2.004028
 95.400000 -2.991590 1.001819 1.330497
 95.600000 -2.888290 1.010542 3.774121
 95.800000 -2.883042 1.131063 7.046175
 96.000000 -2.983600 1.039380 0.167359
 96.200000 -2.923597 1.068170 1.164430
 96.400000 -2.829335 1.081874 10.085268
 96.600000 -2.961101 1.034663 0.096303
 96.800000 -2.862238 0.996546 6.776585
 97.000000 -2.946112 1.021047 0.561322
 97.200000 -2.917058 0.989419 2.919237
 97.400000 -2.918275 0.998206 2.390076
 97.600000 -2.900609 0.936000 8.390311
 97.800000 -2.882088 0.959019 7.497850
 98.000000 -2.937603 0.983791 2.444050
 98.200000 -3.001878 1.010073 1.295289
 98.400000 -2.896352 1.072482 2.819405
 98.600000 -2.946250 1.005154 1.100363
 98.800000 -2.892045 1.104667 4.464918
 99.000000 -2.907616 1.038798 1.802057
 99.200000 -2.964058 1.065483 0.171691
 99.400000 -2.889058 1.133435 6.760584
 99.600000 -2.940491 1.013694 0.914202
 99.800000 -2.947598 1.102163 1.699996
 100.000000 -2.887411 1.022925 3.466583
 100.200000 -2.913026 1.036702 1.514885
 100.400000 -2.943940 1.040312 0.290955
 100.600000 -2.886516 1.007060 4.049142
 100.800000 -2.872204 1.083492 5.157436
 101.000000 -2.943567 1.075151 0.666646
 101.200000 -2.967543 1.051975 0.011530
 101.400000 -2.835741 1.063146 8.749411
 101.600000 -2.968538 0.996997 1.261144
 101.800000 -2.955683 1.068268 0.286695
 102.000000 -2.886270 1.055642 3.299125
 102.200000 -2.987410 1.107120 2.002431
 102.400000 -2.977898 1.048552 0.059648
 102.600000 -2.877125 1.019335 4.432255
 102.800000 -2.989060 1.051730 0.252275
 103.000000 -2.974775 0.941939 5.569436
 103.200000 -2.811329 1.062154 12.237891
 103.400000 -2.945792 1.014465 0.761870
 103.600000 -2.956518 1.048715 0.056713
 103.800000 -2.861349 1.026219 5.807473
 104.000000 -2.919371 0.908299 10.783482
 104.200000 -2.909469 0.989683 3.312295
 104.400000 -2.912955 0.944260 6.761749
 104.600000 -2.855606 1.087137 7.008582
 104.800000 -2.902796 1.036858 2.118372
 105.000000 -2.936314 1.033520 0.566177
 105.200000 -2.895248 1.016378 3.053396
 105.400000 -2.932922 1.042861 0.592104
 105.600000 -2.882932 1.060808 3.631382
 105.800000 -2.925587 1.099079 2.205827
 106.000000 -2.924518 1.115074 3.208498
 106.200000 -2.902071 1.075046 2.499544
 106.400000 -2.955227 1.074423 0.440628
 106.600000 -2.980439 0.978319 2.461660
 106.800000 -2.891811 1.081909 3.433624
 107.000000 -2.975851 0.963873 3.510116
 107.200000 -2.963009 1.040142 0.033094
 107.400000 -2.907248 1.047986 1.789026
 107.600000 -2.989820 1.059230 0.331395
 107.800000 -2.934761 1.050512 0.527083
 108.000000 -2.846220 1.057753 7.356856
 108.200000 -2.918660 1.086492 1.943303
 108.400000 -2.892478 1.150877 8.155896
 108.600000 -3.018332 0.976277 3.829261
 108.800000 -2.880513 1.081257 4.325184
 109.000000 -2.932643 1.004018 1.524507
 109.200000 -2.880544 1.022227 4.054224
 109.400000 -2.887745 1.008709 3.886087
 109.600000 -2.942212 1.066826 0.501339
 109.800000 -2.840248 1.124111 10.998441
 110.000000 -3.033271 1.022220 2.503925
 110.200000 -2.886527 1.083840 3.914087
 110.400000 -2.883807 1.101501 4.939981
 110.600000 -2.925354 1.121267 3.612837
 110.800000 -2.994045 1.016969 0.820993
 111.000000 -2.955289 1.135401 3.959199
 111.200000 -2.914899 1.071160 1.647472
 111.400000 -2.994358 1.068498 0.599462
 111.600000 -2.846950 1.022293 7.523242
 111.800000 -2.903186 1.072182 2.352066
 112.000000 -2.986827 1.035212 0.267195
 112.200000 -2.906702 1.040620 1.843174
 112.400000 -2.924431 1.075925 1.321251
 112.600000 -2.954490 1.035789 0.144077
 112.800000 -2.894009 1.051447 2.677268
 113.000000 -2.891169 1.109717 4.834054
 113.200000 -2.937482 1.066325 0.620359
 113.400000 -2.998516 1.086990 1.286456
 113.600000 -2.835550 1.020315 9.008725
 113.800000 -3.028642 1.075740 2.303528
 114.000000 -2.884568 0.989838 5.047523
 114.200000 -2.811311 1.098188 13.428834
 114.400000 -3.020177 1.068437 1.636285
 114.600000 -2.959007 1.119227 2.626527
 114.800000 -2.890391 1.084821 3.646781
 115.000000 -2.965293 1.046232 0.002027
 115.200000 -2.925005 1.021361 1.218082
 115.400000 -2.909179 1.100913 3.117766
 115.600000 -2.995199 1.105365 2.087632
 115.800000 -2.958110 1.179978 8.855358
 116.000000 -2.908840 1.082716 2.325567
 116.200000 -2.954666 1.029926 0.225952
 116.400000 -2.933965 0.975510 3.117167
 116.600000 -2.845941 1.033732 7.425530
 116.800000 -2.938942 1.003151 1.365355
 117.000000 -2.983976 1.004252 1.065216
 117.200000 -2.900731 1.073703 2.550990
 117.400000 -2.917457 0.965829 4.540614
 117.600000 -2.900397 1.063641 2.357143
 117.800000 -2.860763 0.980519 7.872485
 118.000000 -2.913801 1.110807 3.441280
 118.200000 -2.954837 1.040412 0.097724
 118.400000 -2.915523 1.029707 1.480962
 118.600000 -2.909848 1.046269 1.637038
 118.800000 -2.969535 0.999269 1.151638
 119.000000 -2.929636 1.135861 4.630905
 119.200000 -2.968012 1.127322 3.210428
 119.400000 -2.987750 1.130517 3.685077
 119.600000 -2.890396 1.064262 3.084268
 119.800000 -2.935718 1.071488 0.786182
 120.000000 -2.939729 1.029499 0.530103
 120.200000 -2.956848 1.028969 0.218278
 120.400000 -3.011175 1.024729 1.225479
 120.600000 -2.999523 1.006222 1.366426
 120.800000 -2.943374 0.979926 2.543270
 121.000000 -2.914409 1.027104 1.587935
 121.200000 -2.899996 0.945420 7.428131
 121.400000 -2.908678 1.020783 2.053066
 121.600000 -2.913765 0.977678 3.836636
 121.800000 -2.958556 1.065244 0.198990
 122.000000 -2.940688 0.989959 1.985848
 122.200000 -2.876623 1.108142 5.946543
 122.400000 -2.923670 1.052433 0.955048
 122.600000 -2.850564 1.097380 8.044818
 122.800000 -2.914819 1.032680 1.469950
 123.000000 -2.951026 1.066909 0.322795
 123.200000 -2.945113 1.038899 0.275252
 123.400000 -2.891134 0.998108 4.087248
 123.600000 -2.943825 1.041513 0.286074
 123.800000 -2.889792 1.015581 3.484963
 124.000000 -2.868201 1.072817 5.214648
 124.200000 -2.936656 1.044001 0.467306
 124.400000 -2.922112 1.111487 3.076705
 124.600000 -2.963105 1.065288 0.171451
 124.800000 -3.010149 1.079519 1.450682
 125.000000 -2.940604 1.088281 1.193884
 125.200000 -2.982030 1.052376 0.125466
 125.400000 -2.929999 1.065869 0.861047
 125.600000 -2.903189 1.064660 2.192183
 125.800000 -3.014418 1.086016 1.874844
 126.000000 -2.964865 1.131815 3.582506
 126.200000 -2.946725 1.081723 0.802742
 126.400000 -2.979773 1.030892 0.213757
 126.600000 -2.872029 0.972760 7.285911
 126.800000 -2.893825 1.011962 3.302426
 127.000000 -2.899382 0.964688 5.694052
 127.200000 -2.886638 1.083483 3.892147
 127.400000 -2.990362 0.971002 3.174357
 127.600000 -2.912316 1.071735 1.799487
 127.800000 -2.916052 1.107297 3.106865
 128.000000 -2.899596 1.053711 2.296873
 128.200000 -2.916923 1.087867 2.083841
 128.400000 -2.850227 1.092466 7.849575
 128.600000 -2.923994 1.156891 6.943650
 128.800000 -2.991239 1.006837 1.106798
 129.000000 -2.884267 1.100592 4.852793
 129.200000 -2.877686 1.056520 4.037314
 129.400000 -2.979703 1.078583 0.572443
 129.600000 -2.888820 1.063361 3.191398
 129.800000 -2.958639 1.029743 0.187783
 130.000000 -3.001269 1.013900 1.139506
 130.200000 -2.936451 0.975845 3.014044
 130.400000 -2.934577 1.079491 1.049000
 130.600000 -2.982244 1.092737 1.152216
 130.800000 -2.989118 1.025334 0.482298
 131.000000 -2.856951 1.099725 7.441585
 131.200000 -3.006544 1.034720 0.857367
 131.400000 -2.884992 1.016486 3.839198
 131.600000 -2.883250 1.007996 4.280412
 131.800000 -2.899201 0.970244 5.263324
 132.000000 -2.930262 0.937140 6.733424
 132.200000 -2.879799 1.037832 3.851048
 132.400000 -2.958160 0.985344 1.952513
 132.600000 -2.922116 1.055389 1.043532
 132.800000 -2.883929 1.030446 3.595631
 133.000000 -2.878259 1.122421 6.772092
 133.200000 -2.920369 1.015495 1.592564
 133.400000 -2.887626 1.141308 7.583189
 133.600000 -3.029685 1.009052 2.688513
 133.800000 -2.865304 1.073565 5.524712
 134.000000 -2.933551 1.001645 1.598956
 134.200000 -2.949872 1.090725 1.095010
 134.400000 -2.888341 1.045987 3.099022
 134.600000 -2.951570 1.097693 1.394860
 134.800000 -2.914491 1.041826 1.396158
 135.000000 -2.954302 1.092815 1.121845
 135.200000 -2.971054 1.002356 1.013353
 135.400000 -2.914011 1.074414 1.777436
 135.600000 -2.868603 1.021676 5.172527
 135.800000 -2.823465 1.098916 11.647156
 136.000000 -2.963912 1.011536 0.640845
 136.200000 -3.005372 1.045097 0.736127
 136.400000 -2.860969 1.030984 5.759065
 136.600000 -2.892556 1.078516 3.265815
 136.800000 -2.923405 0.978896 3.285452
 137.000000 -2.843541 1.033713 7.719316
 137.200000 -2.928360 1.063806 0.886754
 137.400000 -2.877142 1.097414 5.303474
 137.600000 -2.974227 1.054202 0.050217
 137.800000 -2.928671 1.102290 2.254409
 138.000000 -2.853605 1.008697 7.177179
 138.200000 -3.007021 1.014307 1.339347
 138.400000 -2.844215 1.087646 8.363513
 138.600000 -2.826929 0.990089 11.448992
 138.800000 -2.957732 1.013592 0.608161
 139.000000 -2.866705 1.085199 5.757594
 139.200000 -2.943085 1.031401 0.412157
 139.400000 -3.026040 0.990608 3.340489
 139.600000 -2.872303 1.048614 4.490417
 139.800000 -3.018044 1.049558 1.302510
 140.000000 -2.847051 1.067170 7.400499
 140.200000 -2.877881 1.086623 4.753616
 140.400000 -3.003177 1.081182 1.229699
 140.600000 -2.883812 1.021027 3.807571
 140.800000 -2.998135 1.137463 4.556743
 141.000000 -2.990471 1.040282 0.297951
 141.200000 -2.926539 1.078303 1.304725
 141.400000 -2.931896 1.074803 0.999272
 141.600000 -2.904690 1.082979 2.585123
 141.800000 -2.927178 1.019916 1.167413
 142.000000 -2.985855 1.033637 0.268578
 142.200000 -2.910379 0.980681 3.818591
 142.400000 -2.853758 1.031094 6.548267
 142.600000 -2.883064 0.946959 8.551542
 142.800000 -2.853253 1.051957 6.487353
 143.000000 -2.933640 0.970689 3.485237
 143.200000 -2.915780 1.050491 1.320216
 143.400000 -2.885775 1.018909 3.703722
 143.600000 -2.908436 1.067432 1.923059
 143.800000 -2.868035 1.022811 5.200314
 144.000000 -2.858383 1.128818 9.236216
 144.200000 -2.922178 1.097587 2.276710
 144.400000 -2.944938 1.076814 0.683264
 144.600000 -2.976116 1.162116 6.644112
 144.800000 -2.963239 1.078508 0.497472
 145.000000 -2.910246 1.134022 5.383204
 145.200000 -2.943925 1.060132 0.351270
 145.400000 -2.875289 1.081640 4.804021
 145.600000 -2.974718 1.004767 0.929485
 145.800000 -2.969806 1.087331 0.809138
 146.000000 -2.991948 1.051872 0.320641
 146.200000 -2.982577 1.082563 0.745734
 146.400000 -2.988777 0.999359 1.380072
 146.600000 -2.933311 1.014731 1.096526
 146.800000 -2.925609 1.026465 1.074022
 147.000000 -2.862382 1.100674 6.908569
 147.200000 -2.944047 1.029613 0.419404
 147.400000 -2.885056 1.069301 3.606591
 147.600000 -2.893830 0.976162 5.204347
 147.800000 -2.884591 1.070044 3.661554
 148.000000 -2.950493 1.019652 0.516612
 148.200000 -2.954340 1.064360 0.228172
 148.400000 -2.894053 1.095837 3.847851
 148.600000 -2.895827 1.046696 2.537152
 148.800000 -2.874161 1.084676 5.017413
 149.000000 -2.912630 1.057928 1.538850
 149.200000 -2.923344 1.092880 1.998981
 149.400000 -2.900336 1.010333 2.905526
 149.600000 -2.982111 1.045456 0.114789
 149.800000 -2.889741 1.005961 3.839354
 150.000000 -2.986658 1.035512 0.260334
 150.200000 -2.979147 0.983348 2.111426
 150.400000 -2.912898 1.052144 1.478983
 150.600000 -2.992969 1.047573 0.335725
 150.800000 -2.978241 1.074080 0.423836
 151.000000 -2.929927 1.128739 4.013896
 151.200000 -2.892165 1.109454 4.742542
 151.400000 -2.901997 1.045564 2.117904
 151.600000 -2.960510 1.086314 0.786510
 151.800000 -2.875338 1.042048 4.219737
 152.000000 -2.952508 1.100484 1.525576
 152.200000 -2.934956 0.985489 2.419284
 152.400000 -2.807232 0.973954 15.454669
 152.600000 -2.901393 0.973379 4.880619
 152.800000 -2.931475 1.034259 0.716847
 153.000000 -2.910954 0.999732 2.700405
 153.200000 -2.988829 1.110136 2.217600
 153.400000 -2.890858 1.055247 2.935742
 153.600000 -2.837068 1.090387 9.381582
 153.800000 -2.966752 1.092472 1.024922
 154.000000 -2.966107 1.082178 0.612253
 154.200000 -2.884251 1.179375 12.164149
 154.400000 -2.947261 1.070581 0.469388
 154.600000 -2.978977 1.049758 0.074284
 154.800000 -2.962888 1.053923 0.031317
 155.000000 -2.949674 1.091332 1.125055
 155.200000 -2.916454 1.053054 1.297617
 155.400000 -2.958659 1.044991 0.037718
 155.600000 -2.849271 1.049715 6.940212
 155.800000 -2.906848 1.010284 2.494062
 156.000000 -2.950109 1.024277 0.406346
 156.200000 -2.907336 1.092455 2.807600
 156.400000 -3.041372 1.106744 4.534001
 156.600000 -2.993438 1.170823 7.989603
 156.800000 -2.933396 1.082530 1.190816
 157.000000 -2.913057 1.123845 4.395592
 157.200000 -2.888950 1.097624 4.322032
 157.400000 -2.951700 1.154283 5.851655
 157.600000 -2.935780 1.062284 0.603030
 157.800000 -2.920889 1.127744 4.309737
 158.000000 -2.928669 1.014138 1.283393
 158.200000 -2.854653 1.102638 7.854400
 158.400000 -2.942172 1.017031 0.764709
 158.600000 -2.993684 1.003788 1.296617
 158.800000 -2.895436 1.058960 2.634162
 159.000000 -2.962669 0.977672 2.426570
 159.200000 -2.916554 1.093253 2.335986
 159.400000 -2.874817 0.976829 6.730163
 159.600000 -2.892841 1.065476 2.921279
 159.800000 -2.973871 0.970609 2.956097
 160.000000 -2.940841 1.103755 1.943086
 160.200000 -2.959394 0.982174 2.143385
 160.400000 -2.989537 1.077482 0.711196
 160.600000 -2.902533 1.059219 2.154127
 160.800000 -2.940841 1.112641 2.485130
 161.000000 -2.864213 1.012107 5.904402
 161.200000 -2.927302 1.072053 1.099246
 161.400000 -2.920010 1.025563 1.340879
 161.600000 -2.936582 0.998922 1.629689
 161.800000 -2.949522 1.012307 0.762449
 162.000000 -2.873502 1.029527 4.532606
 162.200000 -2.960118 1.008417 0.776075
 162.400000 -2.898445 1.049968 2.357849
 162.600000 -2.842062 1.092075 8.819245
 162.800000 -2.998081 0.961507 4.152563
 163.000000 -2.908992 1.102805 3.231968
 163.200000 -2.830141 0.969651 12.380123
 163.400000 -3.002602 1.052621 0.646316
 163.600000 -2.887960 1.045611 3.129667
 163.800000 -2.900934 1.059047 2.256500
 164.000000 -2.938094 1.031491 0.542867
 164.200000 -2.977282 0.976005 2.586434
 164.400000 -2.889834 1.090608 3.924182
 164.600000 -2.894780 0.941685 8.178672
 164.800000 -2.969616 1.050174 0.007699
 165.000000 -2.861039 0.929215 12.580121
 165.200000 -2.982874 1.030919 0.257529
 165.400000 -2.877445 0.979134 6.331759
 165.600000 -2.879286 1.037102 3.903116
 165.800000 -2.980242 0.936414 6.223388
 166.000000 -2.934592 1.107654 2.354555
 166.200000 -2.984202 1.009147 0.870853
 166.400000 -2.909318 1.168955 9.079493
 166.600000 -2.909953 1.016099 2.114159
 166.800000 -2.896111 1.115228 4.830911
 167.000000 -2.888218 1.065601 3.277332
 167.200000 -2.974092 1.002270 1.033957
 167.400000 -2.929280 1.037240 0.763214
 167.600000 -2.904577 0.979439 4.247626
 167.800000 -2.914829 1.013070 1.946348
 168.000000 -2.846966 1.078569 7.703368
 168.200000 -2.979393 1.083435 0.732633
 168.400000 -2.893881 1.065019 2.836370
 168.600000 -2.899173 1.132889 5.975858
 168.800000 -2.907472 1.006880 2.588083
 169.000000 -2.960633 1.101484 1.494137
 169.200000 -2.938922 1.020578 0.750170
 169.400000 -2.988979 1.050649 0.246175
 169.600000 -2.911815 1.044473 1.529693
 169.800000 -2.973394 1.081911 0.622582
 170.000000 -2.923794 1.081943 1.539596
 170.200000 -2.917008 1.046992 1.252585
 170.400000 -2.936215 1.126532 3.622692
 170.600000 -2.909865 1.032479 1.743914
 170.800000 -2.966170 1.085869 0.748125
 171.000000 -2.918177 0.959174 5.068854
 171.200000 -2.970696 1.050906 0.013488
 171.400000 -2.935554 1.049335 0.498602
 171.600000 -2.903349 1.023251 2.316233
 171.800000 -2.826671 1.076870 10.294784
 172.000000 -2.989285 1.021430 0.578966
 172.200000 -2.844411 1.094388 8.634795
 172.400000 -2.945508 1.076506 0.661726
 172.600000 -3.029149 1.073291 2.267996
 172.800000 -2.886912 1.068537 3.439515
 173.000000 -2.842049 1.085254 8.537992
 173.200000 -2.970341 1.057824 0.061850
 173.400000 -2.914339 1.131584 4.950224
 173.600000 -2.921218 1.065985 1.227233
 173.800000 -2.913567 0.982724 3.509142
 174.000000 -2.882612 1.081879 4.167153
 174.200000 -2.901294 0.977304 4.605109
 174.400000 -2.871951 1.006269 5.360431
 174.600000 -2.993657 1.057368 0.405423
 174.800000 -2.905546 1.010894 2.550968
 175.000000 -3.000502 1.030590 0.697085
 175.200000 -2.984102 1.053191 0.163179
 175.400000 -2.953369 1.105029 1.765960
 175.600000 -2.954987 1.125032 3.101951
 175.800000 -2.902577 1.087823 2.904229
 176.000000 -2.976082 1.010920 0.698750
 176.200000 -2.994400 1.062388 0.489126
 176.400000 -2.908614 1.051172 1.715878
 176.600000 -2.915603 1.081650 1.917388
 176.800000 -2.933618 1.145805 5.420889
 177.000000 -2.896957 1.005677 3.319175
 177.200000 -2.909607 1.056169 1.690649
 177.400000 -2.953685 1.016249 0.568347
 177.600000 -2.953325 1.042650 0.104663
 177.800000 -2.980069 1.027768 0.273367
 178.000000 -2.802573 0.964651 16.934942
 178.200000 -2.852992 1.014141 7.052028
 178.400000 -2.905487 1.000927 2.966093
 178.600000 -2.885659 1.028842 3.481537
 178.800000 -3.002368 1.112644 2.764948
 179.000000 -2.833085 1.082768 9.607319
 179.200000 -2.875454 1.040734 4.216731
 179.400000 -2.936579 1.032085 0.578732
 179.600000 -2.887900 1.020151 3.498852
 179.800000 -2.965345 1.045872 0.002349
 180.000000 -2.939862 1.024257 0.632994
 180.200000 -2.974774 1.013442 0.599471
 180.400000 -2.993587 0.992228 1.862673
 180.600000 -2.908268 0.988013 3.479647
 180.800000 -2.862749 1.077639 5.903656
 181.000000 -3.027182 1.020582 2.161558
 181.200000 -3.027666 1.092521 2.863677
 181.400000 -2.880869 1.037410 3.762347
 181.600000 -2.951034 1.089735 1.033137
 181.800000 -2.921143 1.044299 1.058390
 182.000000 -2.976506 1.054599 0.072002
 182.200000 -2.892525 1.063324 2.907766
 182.400000 -2.984404 1.113892 2.374451
 182.600000 -2.814124 1.003834 12.634805
 182.800000 -2.938093 0.969757 3.418087
 183.000000 -2.992376 1.016810 0.782157
 183.200000 -2.890806 1.019835 3.281665
 183.400000 -2.845931 1.039149 7.368465
 183.600000 -2.904517 1.072651 2.279737
 183.800000 -2.887059 0.999274 4.348347
 184.000000 -2.888808 1.092753 4.099351
 184.200000 -2.905821 1.097739 3.152319
 184.400000 -2.912710 1.165264 8.446717
 184.600000 -2.914769 1.167373 8.588278
 184.800000 -2.944271 1.126029 3.366882
 185.000000 -2.948101 1.123021 3.054351
 185.200000 -2.991487 1.041687 0.313529
 185.400000 -2.945372 1.055180 0.267044
 185.600000 -2.996241 0.995310 1.771905
 185.800000 -2.887700 0.966860 6.376063
 186.000000 -2.850793 0.951964 11.293715
 186.200000 -3.007677 0.907995 10.513537
 186.400000 -2.855353 1.012963 6.825247
 186.600000 -2.907313 1.035859 1.849097
 186.800000 -2.973194 0.977203 2.468442
 187.000000 -2.847836 1.111868 9.198304
 187.200000 -2.973725 1.012477 0.624964
 187.400000 -2.828971 1.067049 9.731291
 187.600000 -2.874989 1.062002 4.348106
 187.800000 -2.980154 1.022266 0.396520
 188.000000 -2.822282 1.056161 10.520470
 188.200000 -3.026221 0.975551 4.316632
 188.400000 -2.914032 1.032811 1.509477
 188.600000 -2.882037 0.999769 4.739201
 188.800000 -3.001067 1.043527 0.584977
 189.000000 -2.845928 1.025454 7.572787
 189.200000 -2.997868 1.082952 1.113769
 189.400000 -2.912704 1.032842 1.580291
 189.600000 -2.898530 1.156226 8.291767
 189.800000 -3.054983 1.039017 3.898690
 190.000000 -2.918360 1.133198 4.883855
 190.200000 -2.948135 1.070981 0.461908
 190.400000 -2.958336 1.076900 0.479169
 190.600000 -2.880155 1.086449 4.546556
 190.800000 -2.938719 0.971727 3.249535
 191.000000 -2.953504 1.038257 0.131852
 191.200000 -2.917330 0.923156 8.929695
 191.400000 -2.900591 0.982796 4.282801
 191.600000 -2.958259 0.972302 2.843402
 191.800000 -2.893322 1.031570 2.840706
 192.000000 -2.889861 0.993605 4.415920
 192.200000 -2.916903 0.976067 3.787683
 192.400000 -2.847750 1.061385 7.218009
 192.600000 -2.918170 0.998647 2.373678
 192.800000 -2.895007 1.003247 3.561644
 193.000000 -2.902647 1.058599 2.139485
 193.200000 -2.952549 0.984552 2.067540
 193.400000 -2.888582 1.120639 5.776215
 193.600000 -2.965356 1.161179 6.497292
 193.800000 -2.939008 1.101906 1.889961
 194.000000 -2.927577 1.098639 2.102555
 194.200000 -2.974466 1.007886 0.800113
 194.400000 -2.912424 1.096676 2.716574
 194.600000 -2.886990 0.946066 8.319400
 194.800000 -2.927535 1.053470 0.800757
 195.000000 -2.886901 0.958848 7.115589
 195.200000 -3.069660 0.951303 9.861262
 195.400000 -2.846434 1.031799 7.393813
 195.600000 -2.939578 1.023119 0.667502
 195.800000 -2.907013 1.051098 1.810384
 196.000000 -2.826273 0.988156 11.653447
 196.200000 -3.029707 1.050002 1.966272
 196.400000 -2.882525 1.042888 3.582366
 196.600000 -2.870399 1.099376 6.032936
 196.800000 -2.999107 1.041641 0.528940
 197.000000 -2.846040 1.057145 7.372355
 197.200000 -3.014941 0.970219 4.109175
 197.400000 -2.892486 1.100469 4.199506
 197.600000 -2.933004 1.055776 0.616690
 197.800000 -3.006554 1.027611 0.971726
 198.000000 -2.914639 1.072816 1.702105
 198.200000 -2.978286 1.007638 0.845476
 198.400000 -2.888873 1.028204 3.236980
 198.600000 -2.943637 1.019616 0.654688
 198.800000 -2.990440 1.011177 0.922055
 199.000000 -2.864347 1.025584 5.508480
 199.200000 -2.990672 1.061310 0.378340
 199.400000 -2.913218 0.954370 5.757991
 199.600000 -2.852531 1.160090 12.930755
 199.800000 -2.982622 0.949023 4.940251
 200.000000 -2.942125 1.124216 3.276766
