#! FIELDS time phi psi restraint.bias
#! SET min_phi -pi
#! SET max_phi pi
#! SET min_psi -pi
#! SET max_psi pi
 0.000000 -1.984956 1.417883 25.226387
 0.200000 -2.040125 1.246633 1.782684
 0.400000 -2.100512 1.244841 0.285759
 0.600000 -2.122190 1.324681 5.685666
 0.800000 -2.033190 1.233609 1.943556
 1.000000 -2.118331 1.229928 0.320055
 1.200000 -2.172099 1.209090 3.098871
 1.400000 -2.029692 1.231118 2.137331
 1.600000 -2.080888 1.210498 0.154301
 1.800000 -2.149298 1.215034 1.529563
 2.000000 -1.981409 1.194254 6.760443
 2.200000 -2.128090 1.275606 2.018961
 2.400000 -2.133659 1.280196 2.479932
 2.600000 -2.115516 1.260101 0.959200
 2.800000 -2.103256 1.238502 0.179903
 3.000000 -2.103588 1.169812 1.390012
 3.200000 -2.062782 1.236352 0.606607
 3.400000 -2.089076 1.264515 0.929401
 3.600000 -2.235588 1.234810 10.053286
 3.800000 -2.011608 1.350219 11.681548
 4.000000 -2.087887 1.218396 0.026734
 4.200000 -2.136731 1.211942 0.944075
 4.400000 -2.064629 1.183145 1.187446
 4.600000 -2.169564 1.266022 3.806034
 4.800000 -2.040350 1.205545 1.591407
 5.000000 -2.097353 1.136936 3.599407
 5.200000 -2.148818 1.260699 2.240236
 5.400000 -2.100841 1.276249 1.506937
 5.600000 -2.123456 1.198571 0.690456
 5.800000 -1.995100 1.212634 4.971172
 6.000000 -2.086902 1.226475 0.039331
 6.200000 -2.168924 1.235693 2.874772
 6.400000 -2.034959 1.196164 2.093144
 6.600000 -2.079946 1.263378 0.971644
 6.800000 -2.228736 1.285881 11.081402
 7.000000 -2.016135 1.153945 5.359790
 7.200000 -2.013971 1.176049 4.277366
 7.400000 -2.169399 1.359631 12.320995
 7.600000 -2.039297 1.186034 2.155030
 7.800000 -2.028175 1.162827 3.927396
 8.000000 -2.070093 1.263302 1.159397
 8.200000 -2.111884 1.305479 3.659836
 8.400000 -1.988029 1.166503 7.181907
 8.600000 -2.042223 1.177636 2.333142
 8.800000 -2.069607 1.259541 1.022053
 9.000000 -2.112496 1.173106 1.345997
 9.200000 -2.097965 1.158318 2.016944
 9.400000 -2.063538 1.182950 1.228030
 9.600000 -2.056965 1.204937 0.841499
 9.800000 -2.029522 1.220200 2.105417
 10.000000 -2.135753 1.170484 2.168303
 10.200000 -2.059858 1.228540 0.619576
 10.400000 -2.096131 1.242743 0.222278
 10.600000 -2.082189 1.050632 14.711750
 10.800000 -2.022894 1.257207 3.185487
 11.000000 -2.066358 1.253405 0.894676
 11.200000 -2.098412 1.192055 0.448382
 11.400000 -2.053598 1.224257 0.835409
 11.600000 -2.077219 1.183753 0.868663
 11.800000 -2.113400 1.178332 1.122320
 12.000000 -2.008134 1.167333 5.200046
 12.200000 -2.019492 1.195881 3.139324
 12.400000 -2.171182 1.163707 4.631433
 12.600000 -2.115047 1.228278 0.234679
 12.800000 -2.086907 1.247958 0.371986
 13.000000 -2.166776 1.222797 2.620099
 13.200000 -2.096845 1.258364 0.674027
 13.400000 -2.080386 1.221203 0.098260
 13.600000 -2.110353 1.179239 1.030081
 13.800000 -2.059352 1.213324 0.649334
 14.000000 -2.045223 1.230285 1.245522
 14.200000 -2.118558 1.160148 2.188125
 14.400000 -2.054321 1.163482 2.499405
 14.600000 -2.034473 1.209453 1.870695
 14.800000 -2.099426 1.171293 1.284632
 15.000000 -2.117502 1.131728 4.317202
 15.200000 -2.113230 1.345054 7.781667
 15.400000 -2.097932 1.300614 3.117552
 15.600000 -2.094613 1.270593 1.193782
 15.800000 -2.123021 1.263289 1.273285
 16.000000 -2.082439 1.250136 0.474900
 16.200000 -2.010414 1.272605 4.820471
 16.400000 -2.155705 1.175247 2.959847
 16.600000 -2.131818 1.228162 0.720907
 16.800000 -2.070752 1.255621 0.853793
 17.000000 -2.069810 1.166462 1.829497
 17.200000 -2.063821 1.194340 0.842506
 17.400000 -2.173922 1.235982 3.263815
 17.600000 -2.086523 1.172738 1.231115
 17.800000 -2.100332 1.258848 0.706487
 18.000000 -2.036889 1.296712 4.464600
 18.200000 -2.121074 1.296854 3.177682
 18.400000 -2.027472 1.242447 2.453922
 18.600000 -1.996038 1.232051 4.890274
 18.800000 -2.174005 1.196923 3.476598
 19.000000 -2.048173 1.251034 1.497612
 19.200000 -2.082559 1.291654 2.514708
 19.400000 -2.055938 1.172488 1.951863
 19.600000 -2.078289 1.234176 0.207154
 19.800000 -2.086229 1.356051 9.054385
 20.000000 -2.127202 1.065942 12.673141
 20.200000 -2.095356 1.152513 2.395974
 20.400000 -2.063258 1.205585 0.615107
 20.600000 -2.142921 1.121953 6.155147
 20.800000 -2.085123 1.241846 0.245299
 21.000000 -2.119215 1.259058 1.004695
 21.200000 -2.072655 1.283044 2.116017
 21.400000 -2.009945 1.280144 5.271937
 21.600000 -2.127073 1.335459 7.001039
 21.800000 -2.027291 1.377790 14.428803
 22.000000 -2.060462 1.323811 5.785975
 22.200000 -2.048380 1.199356 1.308990
 22.400000 -2.060373 1.241538 0.774934
 22.600000 -2.072257 1.345836 7.946157
 22.800000 -2.049247 1.183089 1.765745
 23.000000 -2.146362 1.202463 1.535884
 23.200000 -2.129818 1.252880 1.112535
 23.400000 -2.081501 1.104118 6.999445
 23.600000 -2.107719 1.212465 0.131692
 23.800000 -2.077978 1.318197 4.787693
 24.000000 -2.098405 1.213256 0.043943
 24.200000 -2.034531 1.144640 4.763316
 24.400000 -2.045334 1.253785 1.717222
 24.600000 -2.108688 1.252142 0.564577
 24.800000 -1.996581 1.222299 4.783968
 25.000000 -2.065611 1.308271 4.158870
 25.200000 -2.087351 1.186867 0.632530
 25.400000 -1.991536 1.158052 7.317474
 25.600000 -2.145751 1.245056 1.590745
 25.800000 -2.106933 1.159789 1.996984
 26.000000 -1.973843 1.124149 12.027551
 26.200000 -2.057284 1.189114 1.220509
 26.400000 -2.114892 1.250498 0.623856
 26.600000 -2.016473 1.263764 3.919286
 26.800000 -1.995861 1.136629 8.475619
 27.000000 -2.113156 1.265989 1.155412
 27.200000 -2.011607 1.279053 5.069892
 27.400000 -1.955635 1.116729 15.139834
 27.600000 -2.086800 1.199333 0.279667
 27.800000 -2.121197 1.230504 0.397664
 28.000000 -2.015159 1.153827 5.444638
 28.200000 -2.046798 1.131891 5.168294
 28.400000 -2.100186 1.198681 0.282399
 28.600000 -2.076749 1.198746 0.419835
 28.800000 -2.042813 1.103718 8.293835
 29.000000 -1.984871 1.182519 6.766490
 29.200000 -2.063517 1.184670 1.163476
 29.400000 -2.044918 1.110239 7.439135
 29.600000 -2.078722 1.237053 0.240219
 29.800000 -2.099913 1.229641 0.046514
 30.000000 -2.044733 1.178914 2.149783
 30.200000 -2.052658 1.229262 0.899355
 30.400000 -2.115328 1.198793 0.482166
 30.600000 -1.991162 1.243100 5.556823
 30.800000 -2.019498 1.170693 4.107195
 31.000000 -2.200901 1.181914 6.464487
 31.200000 -2.102847 1.271260 1.262321
 31.400000 -1.996144 1.205795 4.953621
 31.600000 -2.029127 1.194067 2.512563
 31.800000 -2.226415 1.216901 8.726286
 32.000000 -2.090082 1.212226 0.054467
 32.200000 -2.017273 1.192836 3.391328
 32.400000 -2.106245 1.261921 0.877849
 32.600000 -2.081494 1.246043 0.378759
 32.800000 -2.119010 1.177627 1.275509
 33.000000 -2.118940 1.215448 0.320968
 33.200000 -2.055851 1.250425 1.154517
 33.400000 -2.139011 1.198585 1.263128
 33.600000 -2.138973 1.332692 7.149789
 33.800000 -2.100898 1.289869 2.342578
 34.000000 -2.055406 1.253694 1.270912
 34.200000 -2.137914 1.227305 0.962498
 34.400000 -2.097589 1.253112 0.497490
 34.600000 -2.054853 1.267300 1.820096
 34.800000 -2.117386 1.187309 0.856717
 35.000000 -2.163556 1.245984 2.685717
 35.200000 -2.130144 1.245215 0.914743
 35.400000 -2.136935 1.278966 2.542774
 35.600000 -2.225599 1.290824 10.994204
 35.800000 -2.120688 1.189485 0.865551
 36.000000 -2.082418 1.298219 2.996983
 36.200000 -2.120448 1.259174 1.040376
 36.400000 -2.144402 1.280316 2.966491
 36.600000 -2.112630 1.253184 0.660908
 36.800000 -2.050862 1.271161 2.169276
 37.000000 -2.155290 1.317974 6.485462
 37.200000 -2.078351 1.152845 2.501346
 37.400000 -2.019332 1.258337 3.487297
 37.600000 -2.092416 1.256890 0.620062
 37.800000 -2.137037 1.194091 1.291133
 38.000000 -2.061608 1.218957 0.541328
 38.200000 -2.067428 1.204393 0.513909
 38.400000 -2.069193 1.286741 2.430736
 38.600000 -2.047620 1.251335 1.532166
 38.800000 -2.110767 1.196271 0.458120
 39.000000 -2.029910 1.387040 15.742890
 39.200000 -2.133006 1.209308 0.822544
 39.400000 -2.088959 1.196311 0.337851
 39.600000 -2.021316 1.287138 4.809329
 39.800000 -2.104112 1.219152 0.050537
 40.000000 -2.081625 1.222388 0.081756
 40.200000 -2.065355 1.139454 3.806416
 40.400000 -2.061493 1.253059 1.032004
 40.600000 -2.077062 1.253551 0.656495
 40.800000 -2.103790 1.115522 5.684264
 41.000000 -2.066783 1.133875 4.240554
 41.200000 -2.066872 1.191884 0.824158
 41.400000 -2.050655 1.267168 1.988895
 41.600000 -2.071321 1.242417 0.480177
 41.800000 -2.058045 1.157428 2.728101
 42.000000 -2.013798 1.232045 3.301136
 42.200000 -2.069790 1.285522 2.337354
 42.400000 -2.048674 1.236451 1.153563
 42.600000 -1.979043 1.228931 6.678938
 42.800000 -2.037908 1.180624 2.440231
 43.000000 -2.071095 1.175411 1.344181
 43.200000 -2.032907 1.200118 2.123916
 43.400000 -2.045440 1.206089 1.320624
 43.600000 -2.063394 1.180094 1.347329
 43.800000 -2.107537 1.180288 0.945089
 44.000000 -2.091108 1.195699 0.344220
 44.200000 -2.010825 1.220073 3.493391
 44.400000 -2.022815 1.270131 3.733181
 44.600000 -2.037738 1.259656 2.324216
 44.800000 -2.063442 1.243120 0.707821
 45.000000 -2.034562 1.263472 2.661177
 45.200000 -2.126307 1.266354 1.504808
 45.400000 -2.056599 1.249977 1.113203
 45.600000 -2.005144 1.321528 8.962725
 45.800000 -2.154375 1.198363 2.071838
 46.000000 -2.165517 1.240050 2.696965
 46.200000 -2.067375 1.241340 0.557324
 46.400000 -2.122967 1.300949 3.545939
 46.600000 -2.123077 1.209126 0.490777
 46.800000 -2.091470 1.082511 9.695277
 47.000000 -2.063157 1.205665 0.616958
 47.200000 -2.084602 1.257285 0.680024
 47.400000 -2.133139 1.222468 0.750810
 47.600000 -2.094739 1.278814 1.629336
 47.800000 -2.070870 1.249260 0.655637
 48.000000 -2.128797 1.200979 0.807059
 48.200000 -2.007905 1.194537 4.109989
 48.400000 -2.018223 1.245071 3.173476
 48.600000 -2.084253 1.196584 0.367610
 48.800000 -2.027554 1.222701 2.234319
 49.000000 -2.078694 1.204697 0.268330
 49.200000 -2.135123 1.184972 1.504996
 49.400000 -2.086329 1.198921 0.292678
 49.600000 -2.078163 1.220192 0.132929
 49.800000 -2.116534 1.111271 6.345743
 50.000000 -2.086792 1.174487 1.144871
 50.200000 -2.093527 1.283777 1.925248
 50.400000 -2.106190 1.286031 2.136861
 50.600000 -2.032354 1.243869 2.169589
 50.800000 -2.089756 1.182403 0.784105
 51.000000 -2.114800 1.256378 0.808415
 51.200000 -2.042816 1.245204 1.605673
 51.400000 -2.126501 1.208546 0.602320
 51.600000 -2.082131 1.176129 1.114972
 51.800000 -2.057529 1.188284 1.238898
 52.000000 -2.023973 1.148699 5.146422
 52.200000 -2.111915 1.221405 0.153531
 52.400000 -2.145777 1.147950 4.041815
 52.600000 -2.042033 1.187582 1.953966
 52.800000 -2.040241 1.140214 4.788788
 53.000000 -2.098637 1.107562 6.526175
 53.200000 -2.084165 1.187421 0.640909
 53.400000 -2.035637 1.174825 2.826321
 53.600000 -2.031551 1.083224 11.566683
 53.800000 -1.971868 1.262840 8.351376
 54.000000 -2.038469 1.281189 3.331534
 54.200000 -2.066633 1.223866 0.387639
 54.400000 -2.037474 1.281291 3.393698
 54.600000 -2.007157 1.159745 5.726360
 54.800000 -2.069436 1.207635 0.410806
 55.000000 -2.073464 1.159728 2.141199
 55.200000 -2.051517 1.122676 5.825157
 55.400000 -2.127188 1.200592 0.761108
 55.600000 -2.073146 1.135384 3.953633
 55.800000 -2.056522 1.164271 2.367979
 56.000000 -2.146485 1.235990 1.458365
 56.200000 -2.071934 1.288184 2.460317
 56.400000 -2.090771 1.236098 0.109779
 56.600000 -2.080525 1.195400 0.442841
 56.800000 -2.094104 1.266383 0.996969
 57.000000 -2.119308 1.284775 2.297599
 57.200000 -2.100548 1.243344 0.252499
 57.400000 -2.113733 1.235010 0.275157
 57.600000 -2.123490 1.247283 0.749727
 57.800000 -2.018013 1.319153 7.662651
 58.000000 -2.144800 1.157032 3.363258
 58.200000 -2.115100 1.180788 1.052491
 58.400000 -2.040411 1.264310 2.363658
 58.600000 -2.131314 1.149469 3.292352
 58.800000 -2.014332 1.153635 5.523525
 59.000000 -2.095726 1.214165 0.029503
 59.200000 -2.108619 1.270561 1.293374
 59.400000 -2.025094 1.254227 2.929363
 59.600000 -2.039992 1.307031 5.117979
 59.800000 -2.126254 1.285546 2.543679
 60.000000 -2.078750 1.189917 0.628440
 60.200000 -2.049593 1.286892 3.126629
 60.400000 -2.123922 1.288683 2.677257
 60.600000 -2.110970 1.191444 0.596015
 60.800000 -2.099980 1.225457 0.022539
 61.000000 -2.168869 1.222338 2.773395
 61.200000 -2.164164 1.294793 5.102879
 61.400000 -2.129941 1.161932 2.419687
 61.600000 -2.120956 1.233816 0.425774
 61.800000 -2.103540 1.260751 0.803128
 62.000000 -2.075244 1.235593 0.279455
 62.200000 -2.094863 1.239872 0.164666
 62.400000 -2.081198 1.233334 0.154400
 62.600000 -2.050760 1.318707 5.654257
 62.800000 -2.080496 1.316876 4.622915
 63.000000 -2.149621 1.257173 2.153025
 63.200000 -2.088724 1.285468 2.047340
 63.400000 -2.077257 1.258207 0.812141
 63.600000 -2.070807 1.230766 0.319017
 63.800000 -2.096169 1.241268 0.192427
 64.000000 -2.170019 1.202881 3.037138
 64.200000 -2.092467 1.242312 0.213663
 64.400000 -2.082041 1.137861 3.593388
 64.600000 -2.056106 1.213118 0.770124
 64.800000 -2.122434 1.229117 0.420361
 65.000000 -2.072344 1.196340 0.565465
 65.200000 -2.051876 1.280397 2.624820
 65.400000 -1.989533 1.208865 5.580749
 65.600000 -2.056213 1.215842 0.746263
 65.800000 -2.055762 1.198689 1.011723
 66.000000 -2.077820 1.335840 6.647836
 66.200000 -2.077122 1.276396 1.643346
 66.400000 -2.077632 1.165638 1.713701
 66.600000 -2.146620 1.214403 1.390587
 66.800000 -2.056714 1.242323 0.921968
 67.000000 -2.059018 1.193484 1.024693
 67.200000 -2.163205 1.121121 7.428522
 67.400000 -2.022381 1.265588 3.554750
 67.600000 -2.067442 1.200034 0.598591
 67.800000 -2.121717 1.138983 3.796794
 68.000000 -2.115026 1.215923 0.229676
 68.200000 -2.076398 1.204794 0.305368
 68.400000 -2.108092 1.248462 0.451085
 68.600000 -2.053993 1.147065 3.603652
 68.800000 -2.134775 1.292543 3.322472
 69.000000 -2.130964 1.245829 0.959013
 69.200000 -2.009931 1.156173 5.715982
 69.400000 -2.071302 1.240703 0.446612
 69.600000 -2.133755 1.150780 3.291633
 69.800000 -2.012018 1.183610 4.119542
 70.000000 -2.060551 1.229046 0.599473
 70.200000 -2.131929 1.244001 0.952388
 70.400000 -2.003586 1.244896 4.391448
 70.600000 -2.049742 1.178796 1.918672
 70.800000 -2.088925 1.237932 0.146209
 71.000000 -2.042511 1.169379 2.716324
 71.200000 -2.034358 1.151523 4.266761
 71.400000 -2.071367 1.200803 0.484120
 71.600000 -2.046667 1.222547 1.139321
 71.800000 -2.001270 1.214310 4.363688
 72.000000 -2.167203 1.265040 3.588352
 72.200000 -2.011972 1.189095 3.929327
 72.400000 -2.038020 1.169940 2.930224
 72.600000 -2.177471 1.168286 4.878916
 72.800000 -2.036948 1.233712 1.721858
 73.000000 -2.063797 1.180855 1.303512
 73.200000 -2.107535 1.201704 0.286856
 73.400000 -2.075676 1.212105 0.221532
 73.600000 -2.018095 1.180946 3.742546
 73.800000 -2.113715 1.150414 2.729667
 74.000000 -2.075796 1.303241 3.494924
 74.200000 -2.067235 1.269506 1.510098
 74.400000 -2.087733 1.218601 0.027092
 74.600000 -2.058977 1.276979 2.153453
 74.800000 -2.162997 1.185334 3.015474
 75.000000 -2.030633 1.201970 2.228024
 75.200000 -2.163091 1.155329 4.564154
 75.400000 -2.106870 1.194149 0.458166
 75.600000 -2.073365 1.270328 1.402001
 75.800000 -2.107018 1.265708 1.046677
 76.000000 -2.057040 1.235325 0.790104
 76.200000 -2.143014 1.220304 1.182930
 76.400000 -2.152882 1.151846 4.152241
 76.600000 -2.000091 1.189625 4.961994
 76.800000 -2.114013 1.218979 0.196212
 77.000000 -2.162818 1.286503 4.438564
 77.200000 -2.077843 1.253517 0.642162
 77.400000 -2.017796 1.280119 4.638334
 77.600000 -2.116685 1.268227 1.329362
 77.800000 -2.092230 1.218354 0.008042
 78.000000 -2.074115 1.222546 0.205968
 78.200000 -2.091777 1.241623 0.201285
 78.400000 -2.089140 1.276076 1.490551
 78.600000 -2.076324 1.187089 0.763306
 78.800000 -2.176136 1.255851 3.922920
 79.000000 -2.129231 1.209804 0.677885
 79.200000 -2.056905 1.302118 3.933861
 79.400000 -2.124850 1.301246 3.625113
 79.600000 -2.060999 1.187701 1.136637
 79.800000 -2.083158 1.213383 0.097975
 80.000000 -2.170152 1.163826 4.545982
 80.200000 -1.976736 1.259858 7.648726
 80.400000 -2.039318 1.312076 5.597905
 80.600000 -2.159751 1.253033 2.625603
 80.800000 -2.072641 1.254304 0.767140
 81.000000 -1.985711 1.274913 7.320333
 81.200000 -2.116435 1.300562 3.350069
 81.400000 -2.062352 1.174432 1.631946
 81.600000 -2.055125 1.238042 0.904100
 81.800000 -2.155886 1.207111 1.997448
 82.000000 -2.135498 1.116568 6.374273
 82.200000 -2.016242 1.244203 3.306501
 82.400000 -2.128020 1.218879 0.569365
 82.600000 -2.041093 1.227749 1.438660
 82.800000 -2.048592 1.214486 1.075187
 83.000000 -2.058220 1.296597 3.456792
 83.200000 -2.129129 1.314211 4.879550
 83.400000 -2.087308 1.213899 0.055783
 83.600000 -2.058232 1.243519 0.891257
 83.800000 -2.114037 1.233761 0.265266
 84.000000 -2.055377 1.198327 1.035078
 84.200000 -2.042894 1.190735 1.806518
 84.400000 -2.124384 1.162834 2.184044
 84.600000 -2.071415 1.240189 0.434404
 84.800000 -2.037668 1.212555 1.651076
 85.000000 -2.095624 1.150704 2.523131
 85.200000 -2.088050 1.195640 0.360499
 85.400000 -2.067861 1.226880 0.365283
 85.600000 -2.154500 1.270546 2.997778
 85.800000 -2.052920 1.303777 4.225884
 86.000000 -2.103139 1.255068 0.593936
 86.200000 -2.099897 1.252112 0.476670
 86.400000 -2.096769 1.264970 0.937641
 86.600000 -2.086882 1.208084 0.121339
 86.800000 -2.093820 1.255020 0.554257
 87.000000 -1.956962 1.212924 9.482737
 87.200000 -2.087003 1.160928 1.875806
 87.400000 -2.169342 1.200375 3.036510
 87.600000 -2.060068 1.261034 1.361563
 87.800000 -2.062452 1.179023 1.422147
 88.000000 -2.098084 1.206847 0.117567
 88.200000 -2.055053 1.163573 2.465053
 88.400000 -2.064650 1.236187 0.546864
 88.600000 -2.013265 1.147668 6.033682
 88.800000 -2.067095 1.164183 2.028507
 89.000000 -2.027086 1.167328 3.745125
 89.200000 -2.034485 1.156867 3.898240
 89.400000 -2.081625 1.239198 0.234094
 89.600000 -2.074457 1.256172 0.791890
 89.800000 -2.126518 1.350695 8.831905
 90.000000 -2.075508 1.207332 0.282018
 90.200000 -2.068679 1.217347 0.340256
 90.400000 -2.108983 1.264640 1.027036
 90.600000 -2.066778 1.151560 2.843318
 90.800000 -2.028978 1.192990 2.552738
 91.000000 -2.120156 1.159638 2.259542
 91.200000 -2.061784 1.145308 3.451948
 91.400000 -2.019461 1.219510 2.810026
 91.600000 -2.143690 1.272611 2.509385
 91.800000 -2.057746 1.171244 1.945979
 92.000000 -2.075421 1.250803 0.602629
 92.200000 -2.113218 1.234403 0.257442
 92.400000 -2.081766 1.207478 0.181322
 92.600000 -2.046012 1.281921 2.981881
 92.800000 -2.139213 1.243345 1.237918
 93.000000 -2.079432 1.229700 0.143698
 93.200000 -2.045000 1.197192 1.520988
 93.400000 -2.043634 1.218457 1.293685
 93.600000 -2.137924 1.309574 4.805622
 93.800000 -2.086873 1.224044 0.030967
 94.000000 -2.116395 1.164265 1.893126
 94.200000 -2.120021 1.197864 0.613156
 94.400000 -2.075236 1.275619 1.635551
 94.600000 -2.177234 1.158116 5.454530
 94.800000 -1.961274 1.224288 8.863831
 95.000000 -2.023579 1.336716 9.118225
 95.200000 -2.090898 1.273707 1.356870
 95.400000 -2.034937 1.157414 3.835974
 95.600000 -2.075103 1.246491 0.492622
 95.800000 -2.044772 1.265798 2.202219
 96.000000 -1.965282 1.229244 8.363328
 96.200000 -2.099357 1.136377 3.654893
 96.400000 -2.166754 1.227980 2.637458
 96.600000 -2.021689 1.352442 11.185816
 96.800000 -2.021605 1.225457 2.656151
 97.000000 -2.210017 1.253774 7.197648
 97.200000 -2.048923 1.269617 2.180432
 97.400000 -2.012506 1.336681 9.959800
 97.600000 -2.181570 1.266766 4.813806
 97.800000 -2.070094 1.258682 0.977978
 98.000000 -2.092047 1.309296 3.836613
 98.200000 -2.101123 1.302854 3.313156
 98.400000 -2.039451 1.267898 2.575164
 98.600000 -2.130884 1.196173 0.992337
 98.800000 -2.142857 1.254028 1.695821
 99.000000 -2.058914 1.301824 3.836980
 99.200000 -2.048062 1.254423 1.607755
 99.400000 -2.151858 1.230663 1.690874
 99.600000 -2.132166 1.280041 2.413353
 99.800000 -2.121850 1.282689 2.234852
 100.000000 -1.950015 1.299758 13.466928
 100.200000 -2.091597 1.252172 0.467256
 100.400000 -2.208547 1.244680 6.778634
 100.600000 -2.068728 1.304364 3.743554
 100.800000 -2.052570 1.210111 0.942169
 101.000000 -2.123986 1.201997 0.632523
 101.200000 -2.146696 1.213720 1.399770
 101.400000 -2.072857 1.224582 0.236020
 101.600000 -2.099356 1.168291 1.440185
 101.800000 -2.123317 1.215742 0.436166
 102.000000 -2.047984 1.285539 3.112798
 102.200000 -2.030564 1.111570 8.104827
 102.400000 -2.127090 1.204141 0.689162
 102.600000 -2.052771 1.228581 0.889754
 102.800000 -1.963768 1.190387 9.022916
 103.000000 -2.023177 1.241772 2.736842
 103.200000 -2.167145 1.303280 5.971371
 103.400000 -2.051650 1.299433 3.932378
 103.600000 -2.025496 1.184447 3.068587
 103.800000 -2.128877 1.233247 0.660797
 104.000000 -2.138725 1.272205 2.256449
 104.200000 -2.022369 1.246126 2.891473
 104.400000 -2.083554 1.213201 0.095135
 104.600000 -2.116750 1.216528 0.263398
 104.800000 -2.092971 1.202832 0.179587
 105.000000 -2.111799 1.203447 0.318586
 105.200000 -2.066219 1.225874 0.405541
 105.400000 -2.139024 1.314159 5.267335
 105.600000 -2.054383 1.232170 0.854990
 105.800000 -2.044424 1.345880 8.955052
 106.000000 -2.065267 1.303484 3.766081
 106.200000 -2.134130 1.225924 0.798218
 106.400000 -2.101742 1.244860 0.294484
 106.600000 -2.082104 1.269598 1.221174
 106.800000 -2.051530 1.233591 0.989052
 107.000000 -2.169447 1.200956 3.032149
 107.200000 -2.075981 1.273103 1.489087
 107.400000 -2.169966 1.286434 4.948739
 107.600000 -2.145556 1.173882 2.453459
 107.800000 -2.045043 1.303086 4.527189
 108.000000 -2.100775 1.268224 1.101191
 108.200000 -2.173826 1.258093 3.815740
 108.400000 -2.041240 1.221161 1.412881
 108.600000 -2.086119 1.205554 0.165078
 108.800000 -2.071826 1.325658 5.655107
 109.000000 -2.082476 1.249212 0.448662
 109.200000 -2.112025 1.281704 1.953813
 109.400000 -2.087325 1.291489 2.458096
 109.600000 -2.073186 1.239965 0.391152
 109.800000 -2.053155 1.227934 0.869603
 110.000000 -2.149092 1.178561 2.427704
 110.200000 -2.013106 1.262008 4.115103
 110.400000 -2.052915 1.190558 1.346145
 110.600000 -2.080877 1.215825 0.108803
 110.800000 -2.091637 1.150110 2.568532
 111.000000 -2.051323 1.178692 1.853796
 111.200000 -2.024762 1.226094 2.433905
 111.400000 -2.061813 1.167634 1.993986
 111.600000 -2.118450 1.189033 0.823898
 111.800000 -2.013993 1.287526 5.396784
 112.000000 -2.008063 1.260388 4.473815
 112.200000 -2.068559 1.168701 1.739835
 112.400000 -2.083927 1.208173 0.146685
 112.600000 -2.090032 1.187661 0.589880
 112.800000 -1.948260 1.192303 11.110724
 113.000000 -2.052922 1.155429 3.057969
 113.200000 -2.148828 1.185769 2.128066
 113.400000 -2.104017 1.243510 0.283454
 113.600000 -2.080852 1.172620 1.297657
 113.800000 -2.046761 1.199885 1.373134
 114.000000 -2.140703 1.171824 2.317544
 114.200000 -2.030491 1.167747 3.499004
 114.400000 -2.063676 1.162442 2.229416
 114.600000 -2.051070 1.198867 1.199893
 114.800000 -2.047990 1.274054 2.445620
 115.000000 -2.091562 1.199562 0.249733
 115.200000 -2.075147 1.166991 1.683451
 115.400000 -2.068154 1.225925 0.353093
 115.600000 -2.066880 1.199969 0.615313
 115.800000 -2.054432 1.174629 1.907820
 116.000000 -2.043382 1.259996 2.033271
 116.200000 -2.081103 1.184546 0.779665
 116.400000 -2.050020 1.202041 1.178424
 116.600000 -2.088026 1.156478 2.149198
 116.800000 -2.137457 1.211705 0.977420
 117.000000 -2.118328 1.210973 0.344263
 117.200000 -2.117366 1.093040 8.544431
 117.400000 -2.067990 1.231637 0.397690
 117.600000 -2.058591 1.199263 0.893368
 117.800000 -2.064362 1.179767 1.331481
 118.000000 -2.057879 1.190192 1.164052
 118.200000 -2.000626 1.247022 4.716196
 118.400000 -2.099736 1.244709 0.278260
 118.600000 -2.007204 1.162260 5.569476
 118.800000 -2.021694 1.206006 2.766339
 119.000000 -2.120535 1.204555 0.489154
 119.200000 -2.008474 1.235999 3.793014
 119.400000 -2.115953 1.229660 0.263815
 119.600000 -2.109990 1.226329 0.132172
 119.800000 -2.060743 1.220913 0.566560
 120.000000 -2.083296 1.263782 0.945756
 120.200000 -2.042214 1.178240 2.307119
 120.400000 -2.109788 1.188376 0.674713
 120.600000 -2.034685 1.230120 1.817847
 120.800000 -2.124243 1.218089 0.452091
 121.000000 -2.168573 1.247018 3.070921
 121.200000 -2.004770 1.307390 7.685133
 121.400000 -2.065508 1.228301 0.438806
 121.600000 -2.121811 1.255659 0.951406
 121.800000 -2.041484 1.259094 2.097820
 122.000000 -2.053140 1.218644 0.855772
 122.200000 -2.113924 1.313318 4.384847
 122.400000 -2.141290 1.261003 1.870726
 122.600000 -2.092590 1.150914 2.509130
 122.800000 -2.054805 1.189085 1.316573
 123.000000 -2.114433 1.272355 1.482177
 123.200000 -2.045670 1.176601 2.205409
 123.400000 -2.055721 1.116030 6.334120
 123.600000 -2.090737 1.305491 3.514607
 123.800000 -2.114667 1.220660 0.206049
 124.000000 -2.099268 1.193157 0.420104
 124.200000 -2.076383 1.215673 0.180553
 124.400000 -2.105217 1.280144 1.764599
 124.600000 -2.122302 1.277157 1.925438
 124.800000 -2.122295 1.188122 0.953963
 125.000000 -2.060769 1.268809 1.673557
 125.200000 -2.158057 1.269204 3.153280
 125.400000 -2.165344 1.196949 2.823916
 125.600000 -2.002622 1.301888 7.423702
 125.800000 -2.127879 1.350224 8.815825
 126.000000 -2.159016 1.177408 3.070172
 126.200000 -2.102045 1.248569 0.389406
 126.400000 -2.148027 1.216846 1.450130
 126.600000 -2.064417 1.235594 0.545441
 126.800000 -2.046380 1.226686 1.164993
 127.000000 -2.114669 1.201636 0.407408
 127.200000 -2.111895 1.252252 0.618887
 127.400000 -2.058141 1.223679 0.659073
 127.600000 -2.106680 1.228551 0.098712
 127.800000 -2.115345 1.229440 0.249175
 128.000000 -1.982720 1.240304 6.408155
 128.200000 -2.139179 1.239668 1.163678
 128.400000 -2.086651 1.248331 0.383778
 128.600000 -1.958483 1.315136 13.598401
 128.800000 -2.089682 1.285911 2.070663
 129.000000 -2.212423 1.190488 7.453313
 129.200000 -1.971641 1.284294 9.491325
 129.400000 -2.068043 1.200927 0.563616
 129.600000 -2.194057 1.247039 5.286484
 129.800000 -2.046643 1.185507 1.796196
 130.000000 -1.984640 1.197235 6.323085
 130.200000 -2.089951 1.253088 0.501516
 130.400000 -2.069981 1.170184 1.626575
 130.600000 -2.082463 1.199523 0.317785
 130.800000 -2.111525 1.256797 0.761540
 131.000000 -2.002803 1.237907 4.325372
 131.200000 -2.101792 1.245092 0.300250
 131.400000 -2.149138 1.239254 1.651949
 131.600000 -2.058281 1.256952 1.272416
 131.800000 -2.036390 1.276154 3.163257
 132.000000 -2.141600 1.207573 1.214376
 132.200000 -2.088821 1.221862 0.015543
 132.400000 -2.082773 1.181563 0.874263
 132.600000 -2.157215 1.174110 3.107030
 132.800000 -2.080937 1.262999 0.942101
 133.000000 -2.106256 1.183730 0.792368
 133.200000 -2.122820 1.274508 1.796688
 133.400000 -2.052142 1.237269 1.013403
 133.600000 -2.120502 1.223961 0.343284
 133.800000 -2.108758 1.291603 2.544224
 134.000000 -2.151351 1.241172 1.810988
 134.200000 -2.047707 1.263651 1.968569
 134.400000 -2.092352 1.160815 1.857415
 134.600000 -2.166953 1.244437 2.890080
 134.800000 -2.036180 1.232279 1.750145
 135.000000 -1.968776 1.252901 8.375916
 135.200000 -2.152082 1.288240 3.875629
 135.400000 -2.144222 1.152238 3.655959
 135.600000 -1.983297 1.270708 7.370734
 135.800000 -2.085652 1.119650 5.248456
 136.000000 -2.120565 1.112256 6.334792
 136.200000 -2.081093 1.180573 0.935429
 136.400000 -2.118318 1.180892 1.120041
 136.600000 -2.082583 1.262055 0.882804
 136.800000 -2.026642 1.257793 2.945511
 137.000000 -2.093858 1.194316 0.375911
 137.200000 -2.128219 1.353779 9.290442
 137.400000 -2.017502 1.383928 16.110310
 137.600000 -2.083804 1.182719 0.817018
 137.800000 -2.017157 1.277462 4.535897
 138.000000 -2.087739 1.295151 2.717424
 138.200000 -2.085166 1.199242 0.295460
 138.400000 -2.038989 1.209276 1.612500
 138.600000 -2.033456 1.182018 2.645330
 138.800000 -2.174340 1.191558 3.650799
 139.000000 -2.173251 1.152382 5.513781
 139.200000 -2.108728 1.143698 3.147274
 139.400000 -2.111711 1.151667 2.604361
 139.600000 -2.017927 1.093949 11.087682
 139.800000 -2.124275 1.206902 0.556330
 140.000000 -2.114683 1.189045 0.739971
 140.200000 -2.038751 1.274752 2.953727
 140.400000 -2.062351 1.283569 2.425414
 140.600000 -2.004137 1.214079 4.102557
 140.800000 -2.049612 1.233045 1.066778
 141.000000 -2.143143 1.260732 1.948714
 141.200000 -2.105030 1.266299 1.049707
 141.400000 -1.981903 1.146793 9.135080
 141.600000 -2.101783 1.124510 4.753171
 141.800000 -2.164949 1.184675 3.175438
 142.000000 -2.081004 1.161175 1.923152
 142.200000 -2.149940 1.186797 2.152813
 142.400000 -2.063045 1.302698 3.769295
 142.600000 -2.055557 1.251953 1.210895
 142.800000 -2.153892 1.257695 2.416661
 143.000000 -2.052494 1.283125 2.762478
 143.200000 -2.040679 1.250418 1.854213
 143.400000 -2.121643 1.284338 2.331078
 143.600000 -2.039961 1.231234 1.526670
 143.800000 -2.049971 1.231496 1.034426
 144.000000 -2.080222 1.249746 0.492876
 144.200000 -2.094685 1.197044 0.304759
 144.400000 -2.094235 1.125434 4.636548
 144.600000 -2.077264 1.134521 3.949492
 144.800000 -2.014410 1.206655 3.312413
 145.000000 -2.154451 1.210437 1.867131
 145.200000 -2.084670 1.182785 0.805645
 145.400000 -2.082357 1.167881 1.522315
 145.600000 -2.095354 1.289055 2.266768
 145.800000 -2.092775 1.278182 1.594702
 146.000000 -2.006002 1.187459 4.493895
 146.200000 -2.121331 1.244382 0.619314
 146.400000 -2.107477 1.318280 4.746511
 146.600000 -2.013041 1.219480 3.311792
 146.800000 -2.136648 1.198655 1.158880
 147.000000 -2.027477 1.285425 4.267487
 147.200000 -2.043535 1.227852 1.312139
 147.400000 -2.067567 1.134744 4.143223
 147.600000 -2.116125 1.221823 0.236096
 147.800000 -2.163363 1.274564 3.774006
 148.000000 -2.088367 1.167802 1.472310
 148.200000 -2.121155 1.206319 0.476818
 148.400000 -2.111433 1.195546 0.487953
 148.600000 -2.154181 1.213566 1.820489
 148.800000 -2.047969 1.205852 1.203729
 149.000000 -2.071356 1.256532 0.870987
 149.200000 -2.128152 1.273867 1.928834
 149.400000 -2.107110 1.264546 0.997410
 149.600000 -2.085655 1.254297 0.568490
 149.800000 -2.049010 1.272523 2.319835
 150.000000 -2.019662 1.257066 3.416845
 150.200000 -2.089601 1.278978 1.650106
 150.400000 -2.208205 1.165360 8.065130
 150.600000 -2.059487 1.239687 0.770509
 150.800000 -2.064729 1.228029 0.459867
 151.000000 -2.153051 1.167208 3.206607
 151.200000 -2.089219 1.202658 0.195282
 151.400000 -2.183334 1.250484 4.368477
 151.600000 -2.004803 1.174660 5.121235
 151.800000 -1.956708 1.140109 12.809966
 152.000000 -2.130684 1.222395 0.658661
 152.200000 -2.145176 1.253940 1.808066
 152.400000 -2.049077 1.184904 1.704947
 152.600000 -2.031762 1.132091 5.979003
 152.800000 -2.106136 1.296809 2.887284
 153.000000 -2.077237 1.295597 2.875291
 153.200000 -2.090441 1.238800 0.153496
 153.400000 -2.071528 1.193781 0.652039
 153.600000 -2.075183 1.184476 0.878482
 153.800000 -2.048904 1.184940 1.711526
 154.000000 -2.122214 1.241437 0.581119
 154.200000 -2.176189 1.267215 4.379586
 154.400000 -1.995218 1.308207 8.657134
 154.600000 -2.102527 1.271134 1.253428
 154.800000 -2.143058 1.269783 2.338522
 155.000000 -2.143099 1.239082 1.336556
 155.200000 -2.141787 1.272862 2.430200
 155.400000 -2.090219 1.224088 0.011501
 155.600000 -2.126773 1.208428 0.612660
 155.800000 -2.090265 1.249994 0.407935
 156.000000 -2.122853 1.209050 0.485305
 156.200000 -2.107302 1.172178 1.311015
 156.400000 -2.071437 1.290184 2.606481
 156.600000 -2.116784 1.294111 2.870077
 156.800000 -2.045951 1.254373 1.706196
 157.000000 -2.001152 1.270391 5.531061
 157.200000 -2.162581 1.279863 4.014343
 157.400000 -2.064678 1.371723 11.690358
 157.600000 -2.091271 1.346770 7.822332
 157.800000 -2.117422 1.207222 0.370363
 158.000000 -2.068384 1.220140 0.339550
 158.200000 -2.209243 1.304152 9.991708
 158.400000 -2.160776 1.168348 3.628055
 158.600000 -2.080998 1.169151 1.472032
 158.800000 -2.103372 1.240461 0.215713
 159.000000 -2.130237 1.226408 0.653275
 159.200000 -2.065541 1.223055 0.417156
 159.400000 -2.054136 1.290405 3.168512
 159.600000 -2.084993 1.314299 4.328702
 159.800000 -2.091514 1.280060 1.705345
 160.000000 -2.084325 1.243424 0.286011
 160.200000 -2.158935 1.238976 2.231411
 160.400000 -2.052374 1.293240 3.439680
 160.600000 -2.050624 1.285385 2.983941
 160.800000 -2.143062 1.213644 1.216925
 161.000000 -2.122056 1.282600 2.235084
 161.200000 -2.096800 1.177074 0.999987
 161.400000 -2.116128 1.256472 0.839664
 161.600000 -2.055127 1.239847 0.935110
 161.800000 -2.095053 1.259397 0.709600
 162.000000 -2.093808 1.211611 0.051370
 162.200000 -2.069773 1.252120 0.764900
 162.400000 -2.070707 1.265680 1.246374
 162.600000 -2.088678 1.298386 2.954390
 162.800000 -2.063963 1.282539 2.311897
 163.000000 -2.146988 1.273753 2.736179
 163.200000 -2.075091 1.238349 0.324411
 163.400000 -2.136601 1.222513 0.890956
 163.600000 -2.201325 1.212132 5.763118
 163.800000 -2.018407 1.259736 3.609316
 164.000000 -2.108290 1.267779 1.156770
 164.200000 -2.164567 1.278549 4.076257
 164.400000 -2.059776 1.316068 5.049041
 164.600000 -2.104271 1.244174 0.300618
 164.800000 -2.150588 1.338707 8.420508
 165.000000 -2.123096 1.328101 6.069211
 165.200000 -2.133422 1.223898 0.763916
 165.400000 -2.161383 1.290039 4.576681
 165.600000 -2.123853 1.361296 10.173106
 165.800000 -1.992293 1.254732 5.756987
 166.000000 -2.063981 1.224360 0.465950
 166.200000 -2.046426 1.168902 2.545915
 166.400000 -2.129750 1.299000 3.610310
 166.600000 -2.072055 1.250583 0.665791
 166.800000 -2.102213 1.202318 0.218993
 167.000000 -2.117966 1.198862 0.539274
 167.200000 -2.058640 1.253841 1.154743
 167.400000 -2.096261 1.115829 5.609340
 167.600000 -1.954798 1.261685 10.541836
 167.800000 -2.099344 1.257625 0.656452
 168.000000 -2.113285 1.202535 0.362651
 168.200000 -1.974945 1.111068 13.257325
 168.400000 -2.119855 1.170181 1.652765
 168.600000 -2.094340 1.233787 0.072679
 168.800000 -2.025108 1.196748 2.712400
 169.000000 -2.110046 1.179697 1.005897
 169.200000 -2.223364 1.257533 8.957441
 169.400000 -2.032039 1.251651 2.391802
 169.600000 -2.051464 1.177286 1.909195
 169.800000 -2.172407 1.224448 3.046631
 170.000000 -2.048082 1.186468 1.694165
 170.200000 -2.012026 1.290145 5.732667
 170.400000 -2.154563 1.228438 1.832584
 170.600000 -1.999552 1.228434 4.520112
 170.800000 -1.987913 1.229693 5.700867
 171.000000 -2.120677 1.188922 0.883566
 171.200000 -1.999423 1.233673 4.581116
 171.400000 -2.087045 1.200591 0.250441
 171.600000 -2.121973 1.202370 0.567684
 171.800000 -2.058185 1.151732 3.105500
 172.000000 -2.090514 1.163561 1.699347
 172.200000 -2.092499 1.271813 1.255931
 172.400000 -2.090167 1.207647 0.108108
 172.600000 -2.088472 1.191556 0.472784
 172.800000 -2.066698 1.284620 2.361118
 173.000000 -2.074881 1.193944 0.576459
 173.200000 -2.095446 1.194416 0.373594
 173.400000 -2.098524 1.271850 1.264491
 173.600000 -2.094213 1.318147 4.648067
 173.800000 -2.077611 1.226615 0.152782
 174.000000 -2.133559 1.165445 2.350917
 174.200000 -2.070622 1.258189 0.947169
 174.400000 -2.005531 1.222810 3.949002
 174.600000 -2.115652 1.171623 1.481328
 174.800000 -2.089372 1.267514 1.060692
 175.000000 -2.107034 1.195651 0.419943
 175.200000 -2.114662 1.223424 0.206811
 175.400000 -2.110714 1.209406 0.209094
 175.600000 -2.112108 1.141805 3.350911
 175.800000 -2.157558 1.245018 2.265926
 176.000000 -2.065159 1.201349 0.635088
 176.200000 -2.028828 1.251073 2.580015
 176.400000 -2.162091 1.252693 2.770685
 176.600000 -2.134187 1.274038 2.159733
 176.800000 -2.109517 1.284829 2.105016
 177.000000 -2.067288 1.263977 1.259759
 177.200000 -2.080460 1.341106 7.222329
 177.400000 -2.145407 1.247990 1.645894
 177.600000 -2.162070 1.227660 2.307495
 177.800000 -2.045386 1.256693 1.812107
 178.000000 -2.064645 1.191872 0.888301
 178.200000 -2.125686 1.239954 0.655611
 178.400000 -2.056773 1.254043 1.229771
 178.600000 -2.113496 1.208901 0.264714
 178.800000 -2.126849 1.225521 0.533800
 179.000000 -2.110330 1.304697 3.568725
 179.200000 -2.068876 1.214026 0.355301
 179.400000 -2.133409 1.206719 0.873723
 179.600000 -2.115797 1.227943 0.248325
 179.800000 -2.100969 1.244071 0.271154
 180.000000 -2.123209 1.188788 0.957705
 180.200000 -2.071669 1.291839 2.715834
 180.400000 -2.074461 1.320633 5.089515
 180.600000 -2.142851 1.161403 2.993659
 180.800000 -2.087400 1.214705 0.049146
 181.000000 -1.965084 1.253934 8.879278
 181.200000 -2.084878 1.302023 3.268726
 181.400000 -2.164221 1.237086 2.555722
 181.600000 -2.096461 1.175284 1.080764
 181.800000 -2.121412 1.293859 2.966201
 182.000000 -2.063014 1.174010 1.630992
 182.200000 -2.089860 1.244255 0.263965
 182.400000 -2.078978 1.154953 2.348470
 182.600000 -2.087259 1.237639 0.152000
 182.800000 -2.095686 1.207754 0.098508
 183.000000 -2.040019 1.163461 3.175998
 183.200000 -2.125612 1.303465 3.827482
 183.400000 -2.114129 1.172499 1.406570
 183.600000 -2.087301 1.194601 0.393173
 183.800000 -2.047530 1.271728 2.348063
 184.000000 -2.094442 1.198049 0.280398
 184.200000 -1.981567 1.178536 7.297948
 184.400000 -1.974275 1.225879 7.223016
 184.600000 -2.089273 1.217375 0.022602
 184.800000 -2.065601 1.159395 2.357433
 185.000000 -2.043782 1.186417 1.904369
 185.200000 -2.080112 1.256743 0.714933
 185.400000 -2.075899 1.213035 0.208853
 185.600000 -2.027068 1.138625 5.719729
 185.800000 -2.160914 1.213543 2.245928
 186.000000 -2.089405 1.202060 0.205907
 186.200000 -2.009961 1.182456 4.335786
 186.400000 -2.162580 1.196824 2.634778
 186.600000 -2.081816 1.258865 0.768616
 186.800000 -2.126252 1.201105 0.720151
 187.000000 -2.116498 1.280788 1.988178
 187.200000 -2.115089 1.151980 2.646684
 187.400000 -2.008078 1.217605 3.733813
 187.600000 -1.982758 1.294853 8.904900
 187.800000 -2.133494 1.213988 0.794325
 188.000000 -2.066646 1.214409 0.411819
 188.200000 -2.079127 1.272221 1.391213
 188.400000 -2.181888 1.158950 5.798222
 188.600000 -2.082270 1.239776 0.236338
 188.800000 -2.018746 1.210768 2.921480
 189.000000 -2.129529 1.182410 1.390241
 189.200000 -2.123919 1.276167 1.917508
 189.400000 -2.039101 1.201730 1.728729
 189.600000 -2.070136 1.209479 0.369302
 189.800000 -2.055913 1.234829 0.826203
 190.000000 -2.112879 1.210565 0.233156
 190.200000 -2.066015 1.215191 0.424091
 190.400000 -2.047521 1.099482 8.570955
 190.600000 -2.017273 1.209487 3.048880
 190.800000 -2.164923 1.216517 2.500699
 191.000000 -2.057108 1.134299 4.517260
 191.200000 -2.021965 1.212274 2.667741
 191.400000 -2.134298 1.247645 1.131913
 191.600000 -2.078793 1.261220 0.901413
 191.800000 -2.021636 1.216596 2.660163
 192.000000 -2.117194 1.229478 0.289900
 192.200000 -2.106110 1.260639 0.825552
 192.400000 -1.949934 1.241662 10.633070
 192.600000 -2.117116 1.277451 1.810502
 192.800000 -2.185181 1.234901 4.207760
 193.000000 -2.046484 1.270197 2.322213
 193.200000 -2.144746 1.213002 1.305695
 193.400000 -2.086502 1.232865 0.093140
 193.600000 -2.016227 1.194509 3.425599
 193.800000 -2.136546 1.215443 0.908130
 194.000000 -2.189500 1.165761 6.088755
 194.200000 -1.931225 1.250549 13.727487
 194.400000 -2.065102 1.210803 0.488754
 194.600000 -2.129241 1.260652 1.364576
 194.800000 -2.015211 1.201174 3.346336
 195.000000 -2.047591 1.198480 1.365579
 195.200000 -2.158119 1.316436 6.514902
 195.400000 -2.114324 1.191121 0.667065
 195.600000 -2.059005 1.229332 0.655126
 195.800000 -2.063433 1.248964 0.850170
 196.000000 -2.125865 1.177954 1.453367
 196.200000 -2.074862 1.191635 0.643649
 196.400000 -2.082806 1.137336 3.628352
 196.600000 -2.124979 1.240322 0.640525
 196.800000 -2.060021 1.158203 2.608639
 197.000000 -2.007274 1.214306 3.822620
 197.200000 -2.128832 1.279554 2.264717
 197.400000 -2.150469 1.205470 1.704364
 197.600000 -1.993432 1.266081 6.080298
 197.800000 -2.093864 1.214971 0.022988
 198.000000 -2.134583 1.235504 0.902379
 198.200000 -2.067426 1.232002 0.416417
 198.400000 -2.143151 1.243081 1.416518
 198.600000 -2.089858 1.227674 0.027957
 198.800000 -1.983060 1.249056 6.571120
 199.000000 -2.074340 1.224116 0.203953
 199.200000 -2.069438 1.158483 2.311558
 199.400000 -2.010670 1.218713 3.509519
 199.600000 -2.176402 1.196719 3.675335
 199.800000 -2.018151 1.170312 4.228485
 200.000000 -2.057217 1.203929 0.849542
