#! FIELDS time phi psi restraint.bias
#! SET min_phi -pi
#! SET max_phi pi
#! SET min_psi -pi
#! SET max_psi pi
 0.000000 0.234469 -0.971244 30.372344
 0.200000 0.044119 -0.980054 3.227336
 0.400000 0.002319 -0.930653 6.793971
 0.600000 0.016025 -1.097531 1.395112
 0.800000 0.053515 -0.949128 6.240722
 1.000000 0.047448 -1.023416 1.408470
 1.200000 0.042292 -1.066353 1.077786
 1.400000 -0.069193 -1.006571 3.219125
 1.600000 0.087316 -1.122638 6.657693
 1.800000 0.029646 -1.092377 1.460012
 2.000000 -0.031510 -1.017892 0.925840
 2.200000 -0.018363 -1.132080 3.771154
 2.400000 0.002989 -1.077651 0.468175
 2.600000 -0.001566 -1.085731 0.743644
 2.800000 0.006543 -1.093576 1.096861
 3.000000 -0.050473 -1.122325 4.095825
 3.200000 0.020698 -1.111705 2.294825
 3.400000 0.018998 -1.023805 0.454069
 3.600000 -0.056549 -1.124554 4.590856
 3.800000 -0.013924 -1.067880 0.310836
 4.000000 0.046853 -1.104585 2.744264
 4.200000 0.098037 -1.089558 5.702820
 4.400000 0.091608 -1.142902 8.775726
 4.600000 -0.090454 -0.978005 6.484746
 4.800000 0.059129 -1.065818 1.921479
 5.000000 -0.021638 -1.036817 0.287983
 5.200000 -0.009997 -1.121779 2.831177
 5.400000 0.116574 -1.119433 9.403766
 5.600000 -0.025582 -1.000487 1.418158
 5.800000 0.045494 -1.006415 1.866476
 6.000000 0.053054 -1.041378 1.424291
 6.200000 -0.114210 -0.977124 8.977144
 6.400000 0.144596 -1.038471 10.492017
 6.600000 0.038283 -1.072676 1.057370
 6.800000 0.003011 -1.043302 0.012118
 7.000000 0.105388 -1.114451 7.814772
 7.200000 0.005959 -1.053227 0.035934
 7.400000 0.003321 -0.971684 2.856677
 7.600000 0.049832 -1.031513 1.364622
 7.800000 -0.020057 -1.038175 0.241850
 8.000000 -0.039018 -1.052653 0.776073
 8.200000 -0.017203 -1.066993 0.343903
 8.400000 0.039305 -1.065023 0.931307
 8.600000 -0.025655 -1.067184 0.528831
 8.800000 -0.002190 -1.124652 3.002025
 9.000000 0.059806 -1.043848 1.793964
 9.200000 -0.039151 -1.121308 3.512615
 9.400000 0.058039 -1.069275 1.927949
 9.600000 -0.010589 -1.011110 0.707229
 9.800000 -0.029676 -1.091012 1.400207
 10.000000 0.051970 -1.050212 1.354961
 10.200000 -0.076282 -1.059157 2.980994
 10.400000 -0.012224 -1.069257 0.318031
 10.600000 0.072708 -1.050728 2.649430
 10.800000 -0.127635 -1.093368 9.211167
 11.000000 0.024385 -0.993834 1.721136
 11.200000 -0.058805 -1.071964 2.035731
 11.400000 -0.035626 -0.936308 6.782903
 11.600000 0.045288 -1.100469 2.444412
 11.800000 -0.020371 -1.003557 1.159744
 12.000000 0.052515 -0.982350 3.481519
 12.200000 0.042559 -1.039387 0.936131
 12.400000 0.010846 -0.963888 3.529055
 12.600000 0.081411 -0.968867 6.381655
 12.800000 0.033605 -1.019304 0.953661
 13.000000 0.044743 -0.960149 4.789703
 13.200000 -0.061675 -0.988372 3.632110
 13.400000 -0.024657 -0.954287 4.620136
 13.600000 -0.023862 -0.962297 3.888778
 13.800000 0.014869 -0.925830 7.475528
 14.000000 0.057881 -1.029996 1.823072
 14.200000 0.094542 -0.944179 9.775468
 14.400000 0.000309 -0.989905 1.641286
 14.600000 0.080311 -1.024807 3.475615
 14.800000 0.155043 -1.027656 12.210149
 15.000000 -0.020952 -1.000485 1.310534
 15.200000 0.090502 -1.058064 4.154379
 15.400000 0.110703 -1.058719 6.193910
 15.600000 -0.073198 -1.009725 3.381098
 15.800000 0.002940 -1.063042 0.129842
 16.000000 -0.054744 -1.131730 5.071342
 16.200000 -0.053420 -0.992018 2.949275
 16.400000 -0.015228 -1.090410 1.049599
 16.600000 -0.026682 -1.114350 2.610697
 16.800000 -0.129069 -1.100560 9.753164
 17.000000 0.042999 -1.077975 1.398061
 17.200000 0.048614 -1.093418 2.249840
 17.400000 -0.096301 -1.097320 5.893107
 17.600000 -0.004513 -1.120593 2.703625
 17.800000 -0.054676 -1.082059 2.102388
 18.000000 0.045661 -1.013352 1.615224
 18.200000 0.021841 -1.080907 0.806661
 18.400000 -0.090949 -1.035992 4.198666
 18.600000 -0.012749 -1.069775 0.336150
 18.800000 0.045760 -1.115017 3.346687
 19.000000 0.014660 -1.042131 0.120290
 19.200000 -0.005248 -1.084139 0.696105
 19.400000 -0.062253 -1.083379 2.592282
 19.600000 0.027090 -1.009556 1.075361
 19.800000 -0.003897 -1.116051 2.378018
 20.000000 -0.018812 -1.006724 0.996002
 20.200000 -0.028814 -1.074158 0.778568
 20.400000 0.033189 -1.075147 0.941337
 20.600000 0.057125 -1.057197 1.681647
 20.800000 0.004312 -1.046675 0.009435
 21.000000 -0.050062 -1.028939 1.419809
 21.200000 0.034473 -1.057768 0.650058
 21.400000 -0.053846 -1.025994 1.674511
 21.600000 -0.027342 -1.042166 0.386456
 21.800000 0.026369 -1.038284 0.387379
 22.000000 0.028304 -0.985806 2.285029
 22.200000 0.143945 -0.999931 11.477084
 22.400000 0.087981 -1.088803 4.735871
 22.600000 -0.000657 -0.963507 3.502250
 22.800000 0.015365 -1.104572 1.763943
 23.000000 0.078022 -1.010428 3.719709
 23.200000 -0.059148 -1.001866 2.776763
 23.400000 0.017351 -1.040111 0.175640
 23.600000 -0.006598 -0.921378 7.937082
 23.800000 -0.113315 -0.980450 8.647819
 24.000000 -0.022834 -1.032667 0.366265
 24.200000 -0.043789 -0.993578 2.396272
 24.400000 -0.023155 -0.995668 1.595733
 24.600000 0.066480 -1.050658 2.215810
 24.800000 0.002241 -1.004023 0.934526
 25.000000 -0.045082 -1.037805 1.060310
 25.200000 0.031182 -1.108213 2.347625
 25.400000 0.036960 -1.028725 0.853623
 25.600000 -0.047469 -1.032025 1.241758
 25.800000 0.007901 -1.018480 0.443577
 26.000000 -0.039046 -1.067708 0.972619
 26.200000 -0.033245 -1.007987 1.321362
 26.400000 -0.025064 -1.013687 0.875580
 26.600000 -0.104271 -1.012888 6.024749
 26.800000 0.005454 -0.979330 2.317848
 27.000000 0.036244 -1.031347 0.782413
 27.200000 0.004917 -0.971980 2.840958
 27.400000 -0.095097 -1.058936 4.590625
 27.600000 0.023997 -1.019066 0.683617
 27.800000 -0.027337 -1.037841 0.417422
 28.000000 0.052544 -1.117996 3.886649
 28.200000 0.009676 -1.074513 0.419890
 28.400000 -0.135673 -1.061077 9.299881
 28.600000 -0.001051 -1.040227 0.024848
 28.800000 0.083557 -1.061245 3.589549
 29.000000 -0.172113 -1.051349 14.820106
 29.200000 -0.010407 -1.044991 0.056590
 29.400000 -0.003010 -1.063378 0.135430
 29.600000 -0.036592 -0.968364 3.776882
 29.800000 0.101051 -1.060239 5.190694
 30.000000 0.037778 -1.026054 0.937103
 30.200000 -0.130545 -0.992436 10.020423
 30.400000 0.134174 -1.079255 9.515117
 30.600000 -0.062297 -1.031822 2.058651
 30.800000 0.015238 -1.012171 0.729529
 31.000000 0.033041 -1.125392 3.603085
 31.200000 -0.023143 -1.063559 0.401643
 31.400000 -0.148762 -0.997626 12.293749
 31.600000 0.083148 -1.065006 3.615387
 31.800000 -0.101425 -0.949983 9.868834
 32.000000 0.031436 -1.047958 0.494413
 32.200000 -0.013747 -1.005927 0.946126
 32.400000 -0.090997 -0.923074 11.843488
 32.600000 0.068594 -1.059927 2.433583
 32.800000 -0.050802 -1.038118 1.331640
 33.000000 -0.004649 -0.921295 7.936575
 33.200000 0.051570 -1.144620 6.075284
 33.400000 0.040724 -0.923056 8.534800
 33.600000 -0.025663 -0.958458 4.266650
 33.800000 0.075064 -1.038259 2.857278
 34.000000 -0.022556 -0.942349 5.750962
 34.200000 -0.072167 -1.026431 2.819625
 34.400000 0.084401 -1.027543 3.754878
 34.600000 -0.043109 -0.924194 8.494154
 34.800000 0.015258 -1.082392 0.735734
 35.000000 0.078536 -1.045024 3.086316
 35.200000 -0.000514 -1.073660 0.350270
 35.400000 0.051640 -1.067004 1.529503
 35.600000 0.029915 -1.029569 0.602837
 35.800000 -0.008311 -0.994642 1.415599
 36.000000 0.053182 -1.115282 3.731934
 36.200000 -0.089479 -1.069428 4.250331
 36.400000 -0.111209 -1.080539 6.739574
 36.600000 0.047051 -1.120001 3.757036
 36.800000 0.038044 -1.044266 0.727954
 37.000000 -0.012890 -1.075877 0.494326
 37.200000 0.043197 -1.125307 3.983534
 37.400000 -0.067899 -1.064378 2.452686
 37.600000 0.035599 -1.127037 3.820833
 37.800000 0.028684 -1.160433 6.822522
 38.000000 0.065215 -1.023761 2.401114
 38.200000 -0.013078 -1.186043 9.724610
 38.400000 0.076489 -1.093161 3.981653
 38.600000 -0.076374 -1.056409 2.958903
 38.800000 0.063159 -1.134734 5.825885
 39.000000 -0.017666 -1.070194 0.420463
 39.200000 0.012371 -1.054556 0.103591
 39.400000 0.091987 -1.089716 5.134691
 39.600000 0.041903 -1.015630 1.376195
 39.800000 0.001700 -1.093980 1.095737
 40.000000 0.120727 -1.065754 7.459731
 40.200000 -0.119257 -1.017619 7.548498
 40.400000 0.014141 -1.038469 0.138083
 40.600000 0.110037 -1.031085 6.183905
 40.800000 -0.062562 -1.077366 2.412046
 41.000000 0.093409 -1.014441 4.899102
 41.200000 0.041847 -1.143664 5.528519
 41.400000 0.052867 -0.987953 3.152416
 41.600000 0.090882 -1.055149 4.161344
 41.800000 0.013885 -0.996041 1.404890
 42.000000 -0.001732 -0.965777 3.316193
 42.200000 -0.022704 -1.041235 0.275514
 42.400000 0.024983 -1.008293 1.068879
 42.600000 0.053224 -1.027428 1.611826
 42.800000 0.013893 -0.972497 2.886554
 43.000000 -0.101621 -1.071350 5.455079
 43.200000 -0.004785 -0.964953 3.393536
 43.400000 -0.060892 -1.096458 3.067204
 43.600000 0.062485 -1.014933 2.472723
 43.800000 0.016073 -1.089152 1.009255
 44.000000 0.007378 -1.068409 0.252172
 44.200000 0.092175 -1.105739 5.961630
 44.400000 -0.023394 -0.994602 1.656822
 44.600000 -0.017595 -1.045676 0.155947
 44.800000 -0.001051 -1.106609 1.765406
 45.000000 -0.002041 -1.017005 0.457868
 45.200000 -0.048178 -1.064341 1.307514
 45.400000 -0.031591 -1.027474 0.693510
 45.600000 -0.057545 -1.092264 2.671206
 45.800000 0.062139 -1.035455 1.999545
 46.000000 0.025148 -1.122794 3.173619
 46.200000 0.088609 -1.051712 3.935948
 46.400000 0.002307 -1.090900 0.957606
 46.600000 0.047603 -1.004799 2.031839
 46.800000 -0.044779 -1.043684 1.008761
 47.000000 -0.025443 -0.977000 2.787527
 47.200000 -0.071808 -1.088814 3.444149
 47.400000 -0.047677 -0.991326 2.697354
 47.600000 -0.040292 -1.048206 0.812218
 47.800000 0.024338 -1.013652 0.858835
 48.000000 -0.027315 -1.087346 1.178986
 48.200000 0.005466 -1.027011 0.218697
 48.400000 0.077126 -1.079149 3.484629
 48.600000 0.071324 -1.025652 2.775646
 48.800000 -0.033517 -0.978906 2.893549
 49.000000 -0.019177 -1.046004 0.184582
 49.200000 -0.001439 -1.066172 0.181051
 49.400000 0.003765 -1.078003 0.481579
 49.600000 0.108687 -1.060915 6.000474
 49.800000 0.004255 -1.137110 4.051190
 50.000000 0.043858 -0.997528 2.195301
 50.200000 -0.010900 -1.149604 5.302993
 50.400000 -0.007052 -0.982748 2.101750
 50.600000 -0.050702 -1.058765 1.352274
 50.800000 0.062910 -1.068002 2.195272
 51.000000 -0.012561 -1.013394 0.650249
 51.200000 0.069169 -1.067974 2.608036
 51.400000 0.009307 -1.118420 2.579637
 51.600000 -0.013290 -1.054543 0.115290
 51.800000 -0.000917 -1.073098 0.335845
 52.000000 0.055809 -1.097731 2.834132
 52.200000 -0.089654 -0.998877 5.186402
 52.400000 0.002992 -1.104956 1.672503
 52.600000 0.056880 -0.991297 3.180053
 52.800000 -0.047188 -1.024492 1.371119
 53.000000 0.072606 -0.980768 4.842289
 53.200000 -0.037853 -1.088180 1.556211
 53.400000 0.076080 -0.975141 5.490171
 53.600000 0.036785 -1.121588 3.443523
 53.800000 0.090516 -0.980952 6.290774
 54.000000 0.053122 -1.082619 2.038326
 54.200000 0.098730 -0.954557 9.164948
 54.400000 0.002879 -1.061239 0.102724
 54.600000 0.030800 -0.965841 3.783751
 54.800000 -0.026699 -0.989598 2.015277
 55.000000 0.028424 -1.000488 1.494878
 55.200000 0.031896 -0.956075 4.660308
 55.400000 -0.045393 -1.027630 1.221703
 55.600000 0.058398 -1.019632 2.085120
 55.800000 -0.112354 -1.025278 6.551962
 56.000000 0.067291 -1.013811 2.821414
 56.200000 -0.061473 -1.047019 1.889500
 56.400000 0.027235 -1.005588 1.236554
 56.600000 -0.027269 -1.125062 3.403253
 56.800000 0.000569 -0.954540 4.292897
 57.000000 0.007823 -1.087648 0.848718
 57.200000 0.014100 -0.941568 5.678215
 57.400000 -0.084226 -1.065024 3.705863
 57.600000 -0.014697 -1.030948 0.240015
 57.800000 -0.005288 -1.078163 0.493412
 58.000000 -0.012990 -1.082217 0.697552
 58.200000 0.048082 -1.072365 1.472674
 58.400000 -0.016344 -1.144818 4.898436
 58.600000 0.017401 -1.102180 1.662947
 58.800000 -0.028866 -1.154071 6.127586
 59.000000 0.009452 -1.040703 0.065762
 59.200000 -0.051193 -1.188414 11.281417
 59.400000 0.030052 -1.008817 1.188114
 59.600000 -0.032813 -1.120468 3.222651
 59.800000 -0.006227 -1.001664 1.056039
 60.000000 -0.013021 -1.082999 0.725646
 60.200000 0.029376 -0.994874 1.800355
 60.400000 0.000786 -0.995090 1.357913
 60.600000 0.040070 -1.076890 1.243625
 60.800000 -0.013263 -0.971389 2.961406
 61.000000 0.032616 -1.069725 0.785659
 61.200000 0.079583 -0.961357 6.851026
 61.400000 -0.023253 -1.039652 0.298813
 61.600000 0.072305 -0.905901 12.596331
 61.800000 0.043878 -0.986546 2.801935
 62.000000 -0.002995 -0.983406 2.039153
 62.200000 0.031615 -1.021784 0.822671
 62.400000 0.034207 -1.061783 0.691439
 62.600000 0.013938 -0.940170 5.824626
 62.800000 -0.015305 -1.108072 1.969985
 63.000000 0.026731 -1.003834 1.297479
 63.200000 -0.024514 -1.138632 4.480617
 63.400000 0.034242 -1.048421 0.587015
 63.600000 -0.014998 -1.122792 2.969716
 63.800000 -0.046988 -1.068656 1.334195
 64.000000 0.034354 -1.137575 4.674121
 64.200000 -0.042658 -1.080463 1.463144
 64.400000 -0.026651 -1.116948 2.787696
 64.600000 0.013071 -1.101688 1.570023
 64.800000 -0.021732 -1.046089 0.236747
 65.000000 0.027415 -1.063737 0.512572
 65.200000 -0.008082 -1.070179 0.296724
 65.400000 -0.098209 -1.100739 6.255808
 65.600000 0.015906 -1.077866 0.596785
 65.800000 -0.024884 -1.005409 1.182752
 66.000000 0.048332 -1.025304 1.407637
 66.200000 0.022053 -0.965540 3.577133
 66.400000 -0.082706 -1.000157 4.526556
 66.600000 0.051794 -0.965927 4.643731
 66.800000 -0.035653 -1.021605 0.963051
 67.000000 0.015501 -0.938413 6.037188
 67.200000 0.080324 -0.966408 6.489434
 67.400000 0.025110 -0.956043 4.469814
 67.600000 0.006176 -0.937016 6.089024
 67.800000 0.022003 -1.031895 0.359139
 68.000000 0.028958 -0.994144 1.826588
 68.200000 0.007083 -0.987387 1.813753
 68.400000 0.065975 -0.999681 3.305232
 68.600000 0.037611 -1.011300 1.351639
 68.800000 0.017224 -1.057929 0.205904
 69.000000 0.073011 -0.989588 4.324694
 69.200000 -0.072212 -1.058097 2.666667
 69.400000 0.046281 -1.056917 1.118199
 69.600000 0.104971 -1.028645 5.681538
 69.800000 -0.121594 -1.061685 7.497487
 70.000000 -0.024972 -1.113142 2.486125
 70.200000 0.022604 -1.027473 0.450005
 70.400000 0.004946 -1.133893 3.770273
 70.600000 0.054443 -1.065030 1.640991
 70.800000 -0.043335 -1.133601 4.671738
 71.000000 -0.018563 -1.056011 0.211129
 71.200000 -0.008314 -1.108135 1.891233
 71.400000 0.011189 -1.080251 0.608857
 71.600000 0.014650 -1.065045 0.266584
 71.800000 0.000641 -1.164452 6.874488
 72.000000 0.042722 -1.080605 1.470607
 72.200000 -0.054489 -1.113272 3.667484
 72.400000 -0.019292 -1.016581 0.654778
 72.600000 0.034314 -1.071326 0.879815
 72.800000 0.017233 -1.041587 0.164231
 73.000000 0.012364 -1.030185 0.221142
 73.200000 -0.016392 -1.088937 1.005463
 73.400000 0.080649 -1.007839 4.026653
 73.600000 0.010260 -1.075356 0.449081
 73.800000 -0.029225 -1.051822 0.437732
 74.000000 -0.038549 -1.052236 0.755690
 74.200000 -0.012693 -1.088732 0.943103
 74.400000 0.081180 -1.060004 3.377124
 74.600000 0.090463 -1.084382 4.783101
 74.800000 0.009369 -0.984316 2.020927
 75.000000 0.063194 -1.056377 2.038858
 75.200000 -0.006017 -1.040083 0.043408
 75.400000 -0.003811 -0.996103 1.312574
 75.600000 0.015070 -1.103263 1.685228
 75.800000 0.028094 -0.996352 1.687285
 76.000000 -0.026165 -1.044263 0.346609
 76.200000 0.038785 -0.973302 3.482453
 76.400000 0.011345 -1.029124 0.227680
 76.600000 0.048129 -0.953524 5.545562
 76.800000 0.046469 -1.045043 1.081990
 77.000000 -0.020188 -1.007946 0.974137
 77.200000 0.072452 -0.939575 8.415949
 77.400000 -0.003567 -1.006836 0.820903
 77.600000 0.083105 -0.918211 11.772001
 77.800000 -0.035605 -0.982501 2.726685
 78.000000 -0.022022 -1.098000 1.532929
 78.200000 0.022793 -0.953597 4.640331
 78.400000 -0.059670 -0.992521 3.275021
 78.600000 0.093619 -1.034964 4.457118
 78.800000 -0.017886 -1.054825 0.189039
 79.000000 -0.030419 -1.027014 0.666328
 79.200000 0.038090 -1.028782 0.894968
 79.400000 -0.023246 -1.020781 0.619103
 79.600000 0.019213 -0.923431 7.843629
 79.800000 0.049719 -1.101247 2.696665
 80.000000 0.014190 -1.002007 1.121782
 80.200000 0.039131 -1.032939 0.867263
 80.400000 0.055156 -1.107768 3.355478
 80.600000 0.014857 -1.064178 0.254539
 80.800000 0.024330 -1.016962 0.753084
 81.000000 -0.033643 -1.067901 0.780244
 81.200000 -0.016753 -1.053512 0.160268
 81.400000 -0.078939 -1.076792 3.553589
 81.600000 -0.074036 -1.028076 2.923446
 81.800000 0.017336 -1.080617 0.708693
 82.000000 0.053626 -0.981694 3.583211
 82.200000 0.018036 -1.087028 0.955886
 82.400000 -0.009184 -0.970234 3.003875
 82.600000 -0.027538 -1.063982 0.520018
 82.800000 -0.013019 -1.028091 0.267282
 83.000000 0.077609 -0.991994 4.535274
 83.200000 0.043736 -1.046121 0.956995
 83.400000 0.048567 -0.963190 4.708035
 83.600000 0.004993 -1.125657 3.090367
 83.800000 0.043639 -1.087408 1.760634
 84.000000 -0.047419 -1.055175 1.156108
 84.200000 0.035372 -1.017732 1.059712
 84.400000 0.009666 -1.055348 0.079931
 84.600000 -0.026433 -1.001589 1.389416
 84.800000 -0.021646 -1.073646 0.584051
 85.000000 -0.037037 -1.029525 0.842022
 85.200000 -0.060201 -1.038593 1.849094
 85.400000 0.014326 -1.058375 0.165090
 85.600000 -0.014437 -1.083570 0.765695
 85.800000 0.018917 -1.037558 0.225380
 86.000000 0.043299 -1.081245 1.517013
 86.200000 -0.018046 -1.100748 1.596679
 86.400000 -0.014804 -0.991796 1.644261
 86.600000 -0.012818 -1.103272 1.654331
 86.800000 0.021761 -0.988875 1.937533
 87.000000 0.034285 -1.008640 1.331060
 87.200000 0.101262 -1.038382 5.165818
 87.400000 0.102410 -1.038713 5.279871
 87.600000 0.074196 -1.073263 3.092179
 87.800000 -0.015733 -1.022891 0.419159
 88.000000 0.064305 -1.050671 2.073575
 88.200000 0.164847 -1.030238 13.731022
 88.400000 0.071606 -0.996113 3.868534
 88.600000 -0.069428 -0.990604 4.011528
 88.800000 -0.030507 -1.070845 0.744928
 89.000000 0.023639 -1.027277 0.477817
 89.200000 0.038807 -1.056619 0.797389
 89.400000 0.085460 -1.007581 4.436472
 89.600000 -0.029369 -0.934657 6.763956
 89.800000 -0.046224 -1.118605 3.617819
 90.000000 0.055841 -1.076298 1.982510
 90.200000 0.043166 -1.088113 1.768675
 90.400000 0.067837 -1.103962 3.912032
 90.600000 -0.020954 -1.079513 0.741662
 90.800000 -0.083792 -1.042201 3.523011
 91.000000 -0.009564 -1.069379 0.291733
 91.200000 0.012531 -1.043287 0.086155
 91.400000 0.024806 -1.061098 0.404291
 91.600000 0.125955 -1.154941 13.736652
 91.800000 -0.098622 -1.059064 4.933585
 92.000000 0.065310 -1.070629 2.407214
 92.200000 0.070052 -1.151939 7.939006
 92.400000 0.022757 -1.033863 0.347844
 92.600000 -0.013113 -1.140634 4.451195
 92.800000 0.062173 -0.991133 3.504305
 93.000000 -0.063734 -1.018697 2.437173
 93.200000 0.055363 -0.990716 3.127630
 93.400000 0.027676 -1.027175 0.583428
 93.600000 -0.019663 -1.034319 0.276242
 93.800000 0.035572 -1.033067 0.732513
 94.000000 0.015371 -1.045268 0.119993
 94.200000 0.086696 -1.013990 4.309508
 94.400000 0.039552 -1.033576 0.874962
 94.600000 0.046634 -1.104399 2.723369
 94.800000 -0.021914 -1.091338 1.214297
 95.000000 0.065896 -1.069390 2.417421
 95.200000 -0.058854 -1.096053 2.925336
 95.400000 0.001136 -1.055819 0.037808
 95.600000 -0.038863 -1.129174 4.115198
 95.800000 0.057943 -1.043601 1.685173
 96.000000 0.047022 -0.999474 2.244309
 96.200000 0.046248 -1.060020 1.151651
 96.400000 -0.022424 -1.000158 1.357780
 96.600000 -0.024389 -1.035296 0.368227
 96.800000 0.079609 -1.111049 5.207276
 97.000000 0.002108 -1.024229 0.266000
 97.200000 -0.011273 -1.106023 1.793761
 97.400000 0.011114 -1.013957 0.614224
 97.600000 0.006853 -1.032618 0.129759
 97.800000 -0.024209 -1.122752 3.147237
 98.000000 -0.006095 -1.037527 0.065330
 98.200000 -0.027857 -1.067978 0.603923
 98.400000 -0.014840 -1.035731 0.175849
 98.600000 -0.039063 -1.000092 1.872426
 98.800000 0.003739 -1.021407 0.339567
 99.000000 -0.066263 -1.021491 2.525792
 99.200000 -0.027614 -1.060196 0.465763
 99.400000 -0.008864 -0.997812 1.258736
 99.600000 -0.019890 -1.099426 1.561725
 99.800000 0.068396 -1.013917 2.892777
 100.000000 -0.092001 -1.013475 4.800665
 100.200000 0.126641 -0.996548 9.301646
 100.400000 -0.023658 -1.046847 0.279921
 100.600000 0.003753 -0.981436 2.169336
 100.800000 0.081599 -1.070679 3.604916
 101.000000 0.005930 -1.042719 0.027608
 101.200000 0.021260 -0.992415 1.726573
 101.400000 0.041846 -1.127417 4.093142
 101.600000 -0.048593 -1.054257 1.205558
 101.800000 0.011044 -0.968664 3.144768
 102.000000 -0.001447 -1.083966 0.677008
 102.200000 0.006925 -1.017156 0.475225
 102.400000 0.014263 -1.047946 0.101998
 102.600000 0.056252 -1.040542 1.604295
 102.800000 0.036892 -0.957774 4.678813
 103.000000 0.068386 -1.048747 2.339515
 103.200000 -0.032153 -0.989011 2.209746
 103.400000 -0.048895 -1.072014 1.503306
 103.600000 0.155813 -1.024724 12.391434
 103.800000 -0.012052 -1.063862 0.211468
 104.000000 0.028104 -0.956308 4.525366
 104.200000 0.000388 -1.143741 4.660362
 104.400000 -0.024325 -0.983664 2.314135
 104.600000 0.081363 -0.973804 6.003279
 104.800000 0.126804 -1.149284 13.250442
 105.000000 -0.024500 -1.000497 1.390592
 105.200000 0.087327 -1.053411 3.832293
 105.400000 0.079180 -1.055966 3.173166
 105.600000 0.039699 -0.976968 3.254095
 105.800000 -0.090380 -1.130360 7.542268
 106.000000 0.023240 -1.034226 0.354169
 106.200000 -0.002581 -0.985293 1.919434
 106.400000 0.027838 -1.047677 0.387604
 106.600000 -0.037544 -1.087471 1.515762
 106.800000 -0.048049 -1.113484 3.351278
 107.000000 0.148406 -1.066621 11.200746
 107.200000 -0.017989 -1.104884 1.825661
 107.400000 -0.002193 -1.011243 0.648755
 107.600000 -0.002288 -1.144311 4.718145
 107.800000 -0.038638 -1.127363 3.959724
 108.000000 0.067765 -1.051381 2.304782
 108.200000 0.078869 -1.132690 6.764627
 108.400000 -0.031481 -1.067644 0.704544
 108.600000 -0.000285 -1.074656 0.377024
 108.800000 0.043792 -1.107700 2.789163
 109.000000 -0.093060 -1.074774 4.710301
 109.200000 0.003114 -1.002859 0.987794
 109.400000 -0.012833 -1.149760 5.341898
 109.600000 -0.049383 -0.944985 6.443021
 109.800000 -0.012071 -1.096803 1.303220
 110.000000 -0.026949 -0.928980 7.350763
 110.200000 -0.007002 -0.934715 6.350663
 110.400000 0.091782 -1.000977 5.280116
 110.600000 0.123207 -0.946165 12.693693
 110.800000 0.073724 -1.032561 2.824692
 111.000000 -0.007230 -0.980987 2.218084
 111.200000 0.039742 -0.971193 3.678089
 111.400000 -0.029923 -1.047129 0.447683
 111.600000 0.078457 -0.980579 5.296712
 111.800000 0.006361 -1.054507 0.046944
 112.000000 0.092228 -0.972423 7.048579
 112.200000 0.023435 -1.118367 2.807132
 112.400000 -0.042550 -1.027588 1.097520
 112.600000 0.025397 -1.041603 0.338143
 112.800000 0.017492 -1.054215 0.177603
 113.000000 0.039231 -1.012278 1.379207
 113.200000 0.024604 -1.097912 1.588655
 113.400000 -0.082034 -1.100491 4.784844
 113.600000 0.078077 -1.074999 3.434472
 113.800000 0.008881 -1.140612 4.402529
 114.000000 -0.064307 -1.035737 2.133369
 114.200000 -0.039179 -1.055011 0.798001
 114.400000 -0.035881 -1.053147 0.661413
 114.600000 -0.055959 -1.074037 1.925892
 114.800000 -0.044577 -1.085644 1.732624
 115.000000 -0.049243 -1.060802 1.304960
 115.200000 -0.018853 -1.043973 0.182908
 115.400000 0.019504 -1.075499 0.590674
 115.600000 0.026057 -1.038295 0.379117
 115.800000 -0.007804 -1.063517 0.163606
 116.000000 -0.007860 -1.034555 0.110809
 116.200000 -0.025290 -0.994321 1.717760
 116.400000 -0.039321 -0.986604 2.608851
 116.600000 -0.008276 -1.035439 0.103386
 116.800000 0.036635 -0.963229 4.196401
 117.000000 0.016336 -1.041635 0.148899
 117.200000 -0.051390 -0.997196 2.570531
 117.400000 0.051757 -1.022892 1.634778
 117.600000 -0.038562 -1.000857 1.817248
 117.800000 0.052969 -1.001010 2.469507
 118.000000 -0.051137 -0.998728 2.482176
 118.200000 0.024507 -0.996335 1.593794
 118.400000 -0.000643 -1.010587 0.670389
 118.600000 0.001683 -1.009844 0.699047
 118.800000 -0.026599 -0.994851 1.723813
 119.000000 0.019717 -0.957756 4.194274
 119.200000 0.042532 -1.033736 0.995070
 119.400000 0.037299 -1.016734 1.159596
 119.600000 -0.000623 -1.061723 0.105694
 119.800000 -0.037982 -1.078442 1.209432
 120.000000 0.007268 -1.078163 0.505855
 120.200000 0.019659 -1.039268 0.224674
 120.400000 -0.007804 -1.113241 2.211328
 120.600000 0.068973 -1.100819 3.816237
 120.800000 0.005236 -1.046911 0.013748
 121.000000 0.025288 -1.028355 0.497270
 121.200000 0.004417 -1.049897 0.013400
 121.400000 -0.019431 -1.062942 0.312728
 121.600000 -0.067740 -1.042434 2.305716
 121.800000 0.030410 -0.996294 1.757974
 122.000000 -0.090819 -1.101211 5.582751
 122.200000 -0.002482 -1.098671 1.327813
 122.400000 -0.025627 -1.064094 0.471118
 122.600000 -0.001574 -1.086221 0.762649
 122.800000 -0.057330 -1.077260 2.095257
 123.000000 -0.014017 -1.099714 1.477209
 123.200000 0.061268 -1.142679 6.435199
 123.400000 -0.052737 -1.014307 1.931471
 123.600000 0.009861 -1.080011 0.586991
 123.800000 -0.043424 -1.076233 1.364350
 124.000000 -0.046592 -1.022807 1.382861
 124.200000 0.081528 -1.115046 5.625169
 124.400000 -0.074338 -1.025823 2.991514
 124.600000 -0.036417 -1.043658 0.669347
 124.800000 -0.019823 -1.154425 5.945369
 125.000000 -0.033527 -0.956729 4.654295
 125.200000 -0.048382 -1.082388 1.789617
 125.400000 0.024645 -1.026068 0.526937
 125.600000 0.005723 -0.994195 1.421025
 125.800000 0.089611 -1.120257 6.683972
 126.000000 0.099787 -1.008154 5.740865
 126.200000 -0.088420 -1.011890 4.532349
 126.400000 0.007524 -1.049201 0.030312
 126.600000 0.083936 -0.973835 6.213693
 126.800000 -0.077520 -1.038522 3.042342
 127.000000 0.035975 -1.009475 1.358606
 127.200000 0.049018 -0.986704 3.031145
 127.400000 -0.028701 -0.923986 8.002442
 127.600000 0.038557 -0.950426 5.425677
 127.800000 -0.055245 -1.060518 1.614710
 128.000000 0.060059 -0.942704 7.262925
 128.200000 0.027053 -1.012446 0.969783
 128.400000 0.053505 -0.931234 8.155153
 128.600000 -0.036379 -1.040103 0.686880
 128.800000 0.023969 -1.127525 3.513529
 129.000000 0.007105 -0.999579 1.159011
 129.200000 -0.025498 -1.041259 0.342712
 129.400000 0.063371 -1.079604 2.533032
 129.600000 -0.070208 -0.926750 9.718396
 129.800000 0.022586 -1.063917 0.394827
 130.000000 0.102407 -1.047294 5.243614
 130.200000 -0.026010 -1.072024 0.646435
 130.400000 0.036565 -1.109466 2.607176
 130.600000 0.076489 -1.150814 8.293483
 130.800000 -0.099970 -1.075434 5.395686
 131.000000 0.011592 -1.032594 0.173820
 131.200000 -0.004119 -1.204040 12.308309
 131.400000 -0.011772 -1.023952 0.339472
 131.600000 0.024108 -1.152084 5.791174
 131.800000 -0.007270 -1.052245 0.039164
 132.000000 -0.075983 -1.067547 3.093764
 132.200000 -0.029558 -1.085046 1.153111
 132.400000 -0.014264 -1.092105 1.110085
 132.600000 -0.052140 -1.069471 1.607332
 132.800000 0.022180 -1.111430 2.308907
 133.000000 0.027752 -1.122048 3.186333
 133.200000 -0.024075 -1.028897 0.457261
 133.400000 -0.021799 -1.173463 8.209048
 133.600000 -0.001457 -1.039072 0.034072
 133.800000 -0.013955 -1.096449 1.310213
 134.000000 0.118528 -1.163234 13.756585
 134.200000 0.050858 -1.101111 2.746597
 134.400000 -0.011633 -1.030692 0.203879
 134.600000 -0.047090 -0.967206 4.308106
 134.800000 0.065264 -1.005512 2.998529
 135.000000 -0.032548 -0.993036 1.996440
 135.200000 0.085974 -1.007845 4.470087
 135.400000 -0.071691 -1.068253 2.791445
 135.600000 -0.029743 -0.991703 1.982141
 135.800000 -0.002213 -1.108976 1.910718
 136.000000 -0.052829 -0.989750 3.045593
 136.200000 -0.065089 -1.031384 2.243325
 136.400000 0.020549 -1.145351 5.028146
 136.600000 0.057457 -1.057308 1.701733
 136.800000 0.006835 -1.017255 0.471638
 137.000000 0.037029 -1.123538 3.599517
 137.200000 -0.026852 -1.052018 0.372122
 137.400000 0.051803 -0.969285 4.376975
 137.600000 0.067838 -1.140465 6.650447
 137.800000 0.023830 -1.016633 0.751037
 138.000000 -0.025355 -1.030509 0.460707
 138.200000 0.057090 -1.109465 3.568208
 138.400000 -0.083646 -1.068359 3.722274
 138.600000 0.013942 -1.117012 2.534241
 138.800000 0.100002 -1.039365 5.030828
 139.000000 0.022231 -1.021509 0.577057
 139.200000 0.003202 -1.081643 0.598384
 139.400000 0.013021 -1.005355 0.960170
 139.600000 -0.062546 -1.069969 2.215245
 139.800000 0.022339 -1.017080 0.703060
 140.000000 0.011936 -1.082560 0.696477
 140.200000 -0.012732 -1.079906 0.615959
 140.400000 0.009317 -1.096046 1.236511
 140.600000 -0.025388 -1.034485 0.403088
 140.800000 -0.063416 -1.001852 3.038896
 141.000000 0.037504 -1.057449 0.755839
 141.200000 -0.068801 -1.025903 2.593504
 141.400000 -0.014650 -1.013780 0.665678
 141.600000 0.037142 -1.130541 4.162846
 141.800000 0.070753 -1.006310 3.338885
 142.000000 -0.021115 -1.091354 1.197806
 142.200000 0.040853 -1.130747 4.324735
 142.400000 0.077585 -1.076878 3.450164
 142.600000 0.008884 -1.036595 0.095672
 142.800000 0.097739 -1.062439 4.892609
 143.000000 -0.100722 -1.078494 5.562204
 143.200000 0.084959 -1.114883 5.899652
 143.400000 0.083921 -1.070645 3.796274
 143.600000 -0.048363 -1.025082 1.414034
 143.800000 0.002276 -0.975170 2.596610
 144.000000 0.039726 -1.046765 0.789184
 144.200000 -0.006320 -1.067984 0.236020
 144.400000 0.057669 -1.064964 1.820666
 144.600000 0.031413 -1.118302 3.021273
 144.800000 0.100548 -1.036936 5.107576
 145.000000 0.007538 -0.992586 1.519642
 145.200000 0.002536 -1.037901 0.046424
 145.400000 -0.028875 -1.002805 1.402234
 145.600000 -0.074488 -1.002476 3.774257
 145.800000 0.056502 -0.977062 4.055733
 146.000000 0.026067 -1.000677 1.421834
 146.200000 0.019630 -0.991439 1.747172
 146.400000 0.006904 -0.962025 3.651020
 146.600000 0.060304 -0.983219 3.864873
 146.800000 -0.020733 -0.972568 2.999689
 147.000000 0.122541 -0.936016 13.688813
 147.200000 0.000452 -1.027559 0.192936
 147.400000 0.051036 -0.985690 3.193896
 147.600000 0.018253 -1.049183 0.168566
 147.800000 0.043786 -1.004736 1.860097
 148.000000 0.004244 -1.059895 0.089625
 148.200000 0.025391 -1.086704 1.102732
 148.400000 -0.077772 -0.980922 5.220456
 148.600000 0.004090 -1.051633 0.018201
 148.800000 -0.040302 -1.030038 0.959363
 149.000000 -0.009596 -0.994235 1.448538
 149.200000 0.027122 -1.011204 1.015562
 149.400000 0.005607 -1.120719 2.718421
 149.600000 0.013821 -1.015097 0.610723
 149.800000 -0.011326 -1.104871 1.727240
 150.000000 -0.019581 -1.082268 0.806688
 150.200000 -0.046997 -0.988254 2.841517
 150.400000 -0.111131 -1.133931 9.936417
 150.600000 0.017245 -1.069040 0.387255
 150.800000 -0.066874 -1.101997 3.737544
 151.000000 0.009494 -1.078355 0.530463
 151.200000 -0.058923 -1.127147 4.931931
 151.400000 -0.082786 -1.069802 3.682269
 151.600000 -0.037525 -1.074448 1.075341
 151.800000 0.019368 -1.181478 9.203225
 152.000000 -0.007846 -1.058691 0.096837
 152.200000 0.059320 -1.118719 4.317094
 152.400000 0.031395 -1.113384 2.683161
 152.600000 -0.121123 -1.065820 7.508741
 152.800000 0.079373 -1.054536 3.176998
 153.000000 -0.049053 -1.111655 3.280453
 153.200000 -0.091464 -0.970293 7.139999
 153.400000 0.017482 -1.089691 1.055676
 153.600000 -0.082289 -0.982604 5.471899
 153.800000 0.061997 -1.047907 1.922081
 154.000000 -0.007621 -1.021240 0.365942
 154.200000 0.010016 -1.013619 0.613916
 154.400000 -0.029050 -1.040067 0.447387
 154.600000 0.107340 -1.016580 6.229661
 154.800000 -0.007010 -0.976649 2.513154
 155.000000 0.021215 -0.988690 1.936579
 155.200000 -0.007635 -0.963598 3.523616
 155.400000 0.011614 -0.964806 3.461622
 155.600000 0.046876 -1.034140 1.183909
 155.800000 -0.022117 -1.025245 0.485537
 156.000000 0.028024 -1.010871 1.052478
 156.200000 -0.067485 -1.012199 2.889563
 156.400000 0.058075 -0.946040 6.802765
 156.600000 0.037528 -1.036699 0.759280
 156.800000 0.059027 -0.981508 3.899680
 157.000000 -0.021684 -1.066455 0.420517
 157.200000 -0.084550 -1.001297 4.627755
 157.400000 0.074179 -0.999615 3.883344
 157.600000 0.038380 -0.922773 8.477203
 157.800000 -0.069983 -1.012633 3.046174
 158.000000 -0.006319 -1.083188 0.667635
 158.200000 -0.078567 -0.982118 5.204009
 158.400000 0.004198 -1.066456 0.194255
 158.600000 0.037540 -1.016524 1.175048
 158.800000 -0.178236 -1.059038 15.954122
 159.000000 0.031832 -0.989339 2.180431
 159.200000 0.046552 -1.029377 1.242315
 159.400000 -0.010248 -1.043357 0.059883
 159.600000 0.130084 -1.046373 8.461246
 159.800000 -0.033063 -1.040066 0.571997
 160.000000 -0.011860 -0.971777 2.914426
 160.200000 0.035273 -1.025589 0.855569
 160.400000 -0.113931 -1.037361 6.538496
 160.600000 -0.019513 -1.017439 0.633181
 160.800000 0.057176 -1.063323 1.764549
 161.000000 -0.031921 -0.975056 3.111709
 161.200000 0.097301 -0.994861 6.103273
 161.400000 0.004018 -1.077061 0.453994
 161.600000 -0.090020 -0.999318 5.197991
 161.800000 0.080796 -1.054963 3.294183
 162.000000 -0.103920 -1.011072 6.052172
 162.200000 0.053012 -1.049829 1.408623
 162.400000 0.185020 -1.052189 17.128727
 162.600000 -0.070401 -1.074538 2.851932
 162.800000 0.052358 -1.032321 1.481311
 163.000000 0.047229 -1.064375 1.262805
 163.200000 -0.004622 -1.002928 0.990563
 163.400000 -0.007124 -0.973525 2.739198
 163.600000 -0.096902 -1.064121 4.838225
 163.800000 -0.012004 -0.983743 2.085283
 164.000000 -0.021919 -1.009179 0.962913
 164.200000 -0.024061 -1.077094 0.736360
 164.400000 -0.015400 -1.009597 0.825478
 164.600000 0.032680 -1.065832 0.707593
 164.800000 0.153818 -0.987493 13.612315
 165.000000 0.037193 -0.970473 3.634983
 165.200000 0.055340 -1.102439 3.057109
 165.400000 0.094251 -1.006243 5.280271
 165.600000 -0.044115 -1.027553 1.166023
 165.800000 0.089615 -1.010274 4.697073
 166.000000 0.035335 -1.026457 0.839357
 166.200000 -0.008185 -0.966373 3.299825
 166.400000 0.056273 -1.074674 1.960826
 166.600000 0.076063 -1.091590 3.878145
 166.800000 -0.065168 -0.988624 3.838853
 167.000000 0.035256 -1.016354 1.097153
 167.200000 0.047220 -1.079925 1.650371
 167.400000 -0.031403 -0.967063 3.703894
 167.600000 0.086683 -1.049490 3.759637
 167.800000 -0.052601 -1.039239 1.415116
 168.000000 -0.093211 -1.021416 4.676434
 168.200000 0.055348 -1.066755 1.722964
 168.400000 -0.042151 -1.045973 0.889083
 168.600000 -0.023542 -1.021988 0.594874
 168.800000 -0.068509 -1.152044 7.843149
 169.000000 -0.021155 -1.108191 2.083853
 169.200000 -0.098321 -1.029046 4.998252
 169.400000 -0.039965 -1.028512 0.973179
 169.600000 0.009761 -1.001666 1.084181
 169.800000 -0.014361 -1.018309 0.520401
 170.000000 0.062887 -1.049202 1.979387
 170.200000 0.039580 -1.026966 0.987947
 170.400000 -0.055144 -1.062903 1.643752
 170.600000 0.057582 -0.956828 5.741196
 170.800000 -0.023274 -1.067600 0.478966
 171.000000 0.020969 -1.002317 1.226959
 171.200000 0.114124 -1.076321 6.936225
 171.400000 -0.049101 -1.075242 1.598720
 171.600000 0.001368 -0.949383 4.784796
 171.800000 0.071222 -0.963834 6.011054
 172.000000 -0.066187 -1.029891 2.340141
 172.200000 0.037256 -1.016441 1.166974
 172.400000 0.036851 -1.023677 0.955622
 172.600000 -0.025865 -1.098838 1.667845
 172.800000 0.023727 -1.014039 0.831219
 173.000000 -0.023020 -1.089437 1.157044
 173.200000 0.022034 -1.013263 0.818526
 173.400000 -0.053377 -1.009644 2.129689
 173.600000 0.029091 -1.086074 1.178816
 173.800000 0.050216 -1.007886 2.033510
 174.000000 -0.026984 -1.024869 0.613363
 174.200000 0.070718 -1.033460 2.594881
 174.400000 0.005574 -1.045934 0.016335
 174.600000 -0.011268 -1.063070 0.189450
 174.800000 -0.021109 -1.094480 1.340608
 175.000000 0.006858 -1.022309 0.333249
 175.200000 0.043344 -1.143105 5.538468
 175.400000 0.069974 -1.053453 2.467763
 175.600000 -0.127536 -1.159479 14.436219
 175.800000 0.047074 -1.104908 2.773215
 176.000000 0.022578 -1.054858 0.284233
 176.200000 -0.007866 -1.081926 0.633957
 176.400000 0.067744 -1.148762 7.452317
 176.600000 -0.096143 -1.047483 4.621818
 176.800000 0.068605 -1.080183 2.897368
 177.000000 0.035448 -1.056686 0.673307
 177.200000 -0.049263 -1.029753 1.365586
 177.400000 0.057545 -1.066264 1.837488
 177.600000 -0.004286 -1.058761 0.076043
 177.800000 -0.032838 -1.084420 1.231905
 178.000000 0.061451 -1.097177 3.137110
 178.200000 0.015337 -1.048239 0.118149
 178.400000 0.036930 -1.042480 0.693028
 178.600000 0.063739 -1.007456 2.821046
 178.800000 -0.062127 -1.010991 2.585323
 179.000000 0.011631 -1.069520 0.316788
 179.200000 0.028653 -1.069476 0.658654
 179.400000 0.028298 -0.998091 1.606122
 179.600000 -0.011562 -1.065301 0.230716
 179.800000 -0.027254 -1.042693 0.381525
 180.000000 -0.020175 -1.033905 0.291872
 180.200000 -0.004053 -1.062228 0.121175
 180.400000 0.044808 -1.106768 2.778230
 180.600000 -0.013861 -1.011795 0.722737
 180.800000 0.077617 -1.106740 4.784893
 181.000000 0.005018 -1.023163 0.301420
 181.200000 0.017602 -1.019266 0.544985
 181.400000 0.011185 -1.148821 5.226222
 181.600000 -0.027182 -0.966022 3.664133
 181.800000 0.030579 -1.019258 0.857849
 182.000000 0.057307 -1.060334 1.728348
 182.200000 -0.044330 -1.016336 1.458788
 182.400000 0.069280 -0.983656 4.418609
 182.600000 0.074160 -1.105903 4.472982
 182.800000 -0.032115 -0.960205 4.299566
 183.000000 0.060863 -1.070697 2.128245
 183.200000 0.046379 -1.065293 1.239227
 183.400000 -0.001761 -0.946081 5.113845
 183.600000 0.033147 -1.008128 1.312561
 183.800000 0.052445 -1.084336 2.064849
 184.000000 -0.121340 -0.997548 8.594228
 184.200000 0.046411 -1.073680 1.427644
 184.400000 0.013252 -1.132143 3.695646
 184.600000 -0.035498 -1.017583 1.068577
 184.800000 0.125742 -1.155601 13.781126
 185.000000 -0.001470 -1.100951 1.445791
 185.200000 0.018369 -0.996198 1.469203
 185.400000 0.043749 -1.085439 1.688182
 185.600000 -0.077403 -1.080783 3.559619
 185.800000 -0.012652 -1.058721 0.146432
 186.000000 0.032743 -1.167148 7.730045
 186.200000 -0.018915 -1.006396 1.011285
 186.400000 0.008750 -1.079698 0.566424
 186.600000 0.020733 -1.143253 4.828267
 186.800000 -0.012702 -1.053454 0.100249
 187.000000 0.038260 -1.137513 4.810323
 187.200000 -0.019945 -1.041829 0.213318
 187.400000 -0.045078 -1.016367 1.491280
 187.600000 0.022646 -1.038561 0.293715
 187.800000 0.034625 -1.076183 1.019531
 188.000000 0.081418 -1.023090 3.605065
 188.200000 -0.089336 -0.911467 13.201869
 188.400000 0.062770 -0.990323 3.587404
 188.600000 0.105603 -1.060830 5.668885
 188.800000 -0.020494 -0.985860 2.091152
 189.000000 0.132547 -1.081317 9.366424
 189.200000 0.116183 -1.064123 6.892534
 189.400000 -0.084261 -0.994924 4.916259
 189.600000 0.095122 -1.091962 5.526078
 189.800000 0.044062 -1.014760 1.496812
 190.000000 -0.067471 -0.940810 7.935327
 190.200000 0.010142 -1.011204 0.699205
 190.400000 0.107209 -1.008330 6.502287
 190.600000 -0.094922 -0.986417 6.352273
 190.800000 0.089841 -1.018884 4.436511
 191.000000 -0.096362 -0.972382 7.441483
 191.200000 0.007743 -0.997014 1.289183
 191.400000 0.020138 -0.975838 2.748877
 191.600000 0.041127 -0.956792 4.932308
 191.800000 0.021370 -1.022508 0.533113
 192.000000 -0.023709 -1.074073 0.642196
 192.200000 -0.002238 -0.979334 2.305237
 192.400000 -0.004862 -1.082534 0.636160
 192.600000 0.052651 -1.004942 2.278852
 192.800000 -0.072632 -1.099210 3.990372
 193.000000 0.016969 -1.044328 0.148092
 193.200000 -0.049201 -1.060097 1.293579
 193.400000 0.095106 -1.074489 4.894988
 193.600000 0.001839 -1.093949 1.094517
 193.800000 0.042991 -1.101437 2.395052
 194.000000 0.062269 -1.075982 2.352964
 194.200000 -0.008614 -1.074294 0.404210
 194.400000 -0.066156 -1.088324 3.034001
 194.600000 0.011832 -1.083087 0.714030
 194.800000 -0.056403 -1.165208 8.553890
 195.000000 -0.016546 -1.047428 0.136909
 195.200000 0.082035 -1.085703 4.106195
 195.400000 0.030801 -1.111957 2.571228
 195.600000 -0.034723 -1.019941 0.974308
 195.800000 -0.054049 -1.078320 1.944958
 196.000000 0.014933 -1.048244 0.112043
 196.200000 0.001917 -1.045918 0.002656
 196.400000 0.018361 -1.024900 0.417145
 196.600000 -0.070865 -1.088378 3.358842
 196.800000 -0.055468 -0.990306 3.156671
 197.000000 0.060673 -1.056898 1.887650
 197.200000 0.028222 -1.047418 0.398256
 197.400000 -0.004786 -1.039031 0.044802
 197.600000 -0.043956 -1.006946 1.776161
 197.800000 0.008188 -1.003476 0.989294
 198.000000 0.096381 -1.087826 5.469936
 198.200000 -0.057681 -0.971484 4.529820
 198.400000 -0.004713 -1.108020 1.860782
 198.600000 0.038661 -1.033273 0.844300
 198.800000 -0.016251 -0.969896 3.119835
 199.000000 0.087120 -1.088171 4.634378
 199.200000 0.002437 -1.038118 0.044189
 199.400000 0.007156 -1.016816 0.487130
 199.600000 0.112817 -1.006788 7.180351
 199.800000 -0.028560 -1.055867 0.445418
 200.000000 0.040280 -1.073986 1.170034
