#! FIELDS time phi psi restraint.bias
#! SET min_phi -pi
#! SET max_phi pi
#! SET min_psi -pi
#! SET max_psi pi
 0.000000 -2.445350 2.411360 258.854171
 0.200000 -1.923233 1.880858 0.766359
 0.400000 -1.934027 1.942431 0.355011
 0.600000 -1.899348 1.934526 0.317925
 0.800000 -1.867451 1.931446 1.440565
 1.000000 -2.026154 1.942494 5.905093
 1.200000 -1.869934 1.894972 1.556160
 1.400000 -1.836485 1.953086 4.027788
 1.600000 -1.961430 1.886590 1.417449
 1.800000 -1.797586 1.881164 8.224469
 2.000000 -1.967224 1.936775 1.264565
 2.200000 -1.950343 1.803649 7.217348
 2.400000 -1.847904 1.942991 2.856429
 2.600000 -1.851908 1.898916 2.528233
 2.800000 -1.869935 1.889894 1.695430
 3.000000 -1.952316 1.935395 0.647246
 3.200000 -2.062568 1.988901 12.565666
 3.400000 -1.915938 1.869243 1.288872
 3.600000 -1.872150 1.896617 1.408412
 3.800000 -1.967808 1.988733 3.521008
 4.000000 -1.877861 1.882795 1.569048
 4.200000 -1.906964 2.008349 3.998146
 4.400000 -1.908058 1.955290 0.697248
 4.600000 -1.892507 1.913963 0.391558
 4.800000 -1.912390 1.909239 0.084342
 5.000000 -1.906957 1.850719 2.473685
 5.200000 -1.807249 1.866905 7.743090
 5.400000 -1.917944 1.997307 3.000726
 5.600000 -1.834871 1.955086 4.232072
 5.800000 -1.839123 1.958128 3.991550
 6.000000 -1.896912 1.902881 0.407552
 6.200000 -1.937226 1.930279 0.205004
 6.400000 -1.831496 2.010737 8.033378
 6.600000 -1.921439 1.901691 0.166336
 6.800000 -1.913010 1.890961 0.441112
 7.000000 -1.922390 2.019245 4.941683
 7.200000 -1.862007 1.918235 1.674907
 7.400000 -1.884049 1.988803 3.017734
 7.600000 -1.924427 1.965001 1.029195
 7.800000 -1.939217 1.950831 0.666834
 8.000000 -1.851857 1.942991 2.579804
 8.200000 -1.862239 1.858494 3.543266
 8.400000 -1.996825 1.985210 5.096837
 8.600000 -1.933513 1.911380 0.129144
 8.800000 -1.953074 1.940627 0.767110
 9.000000 -1.927866 1.880274 0.815632
 9.200000 -1.964594 2.046741 9.049653
 9.400000 -1.948264 1.821359 5.254817
 9.600000 -1.893766 1.898690 0.564636
 9.800000 -1.872149 1.949205 1.568758
 10.000000 -1.910865 1.953564 0.608379
 10.200000 -1.873482 1.881105 1.826612
 10.400000 -1.950029 1.910230 0.501396
 10.600000 -1.928487 1.945122 0.356212
 10.800000 -1.925089 1.848807 2.538084
 11.000000 -1.929897 1.807587 6.353179
 11.200000 -1.889936 1.893891 0.785036
 11.400000 -1.928223 1.937196 0.185176
 11.600000 -1.904279 1.804283 6.800642
 11.800000 -1.915161 1.941653 0.248477
 12.000000 -2.000331 1.857106 5.206774
 12.200000 -2.034977 1.960119 7.436066
 12.400000 -1.953059 1.938188 0.718929
 12.600000 -1.828835 1.890614 4.570707
 12.800000 -1.927404 1.907120 0.109616
 13.000000 -1.954373 1.907229 0.675302
 13.200000 -1.875171 1.811398 6.880862
 13.400000 -1.889529 1.993079 3.140421
 13.600000 -1.795490 1.925999 7.752996
 13.800000 -1.871678 1.970535 2.444689
 14.000000 -1.945881 1.961826 1.218981
 14.200000 -1.983202 2.002173 5.393530
 14.400000 -1.948613 2.004231 3.972319
 14.600000 -1.932278 1.984319 2.154389
 14.800000 -1.913291 1.867880 1.372651
 15.000000 -1.896568 1.989804 2.717240
 15.200000 -1.829111 1.940149 4.323670
 15.400000 -1.853182 1.962714 3.141262
 15.600000 -1.990559 2.045248 10.359822
 15.800000 -1.962027 1.987863 3.200981
 16.000000 -1.868300 1.955633 1.969076
 16.200000 -1.953170 1.927575 0.584463
 16.400000 -1.980931 1.981928 3.790808
 16.600000 -1.942780 1.934385 0.368086
 16.800000 -1.883955 1.898820 0.866027
 17.000000 -1.857526 1.909834 1.993165
 17.200000 -1.942378 1.904533 0.370970
 17.400000 -1.945161 1.890851 0.740817
 17.600000 -1.876704 1.942835 1.195170
 17.800000 -1.886466 1.938112 0.724156
 18.000000 -1.978746 1.964175 2.715478
 18.200000 -1.999658 1.929732 3.232420
 18.400000 -1.996654 1.847301 5.581022
 18.600000 -1.940694 1.929758 0.265946
 18.800000 -1.886665 1.908366 0.617122
 19.000000 -1.934059 1.953040 0.651167
 19.200000 -1.908646 1.899506 0.270090
 19.400000 -1.826932 1.879987 5.113000
 19.600000 -1.912201 1.971567 1.366034
 19.800000 -1.902259 1.826829 4.482476
 20.000000 -1.933643 1.999788 3.289045
 20.200000 -1.972256 1.913324 1.393935
 20.400000 -1.909831 1.850394 2.463227
 20.600000 -1.885671 1.855076 2.683127
 20.800000 -1.936811 1.957357 0.846563
 21.000000 -1.903852 1.893954 0.463786
 21.200000 -1.885121 1.928974 0.644997
 21.400000 -1.879898 1.946222 1.146005
 21.600000 -1.957316 1.945262 1.023959
 21.800000 -1.946287 1.825244 4.825395
 22.000000 -1.880659 1.945593 1.099506
 22.200000 -1.911445 1.993691 2.760763
 22.400000 -1.906311 1.817259 5.355496
 22.600000 -1.901612 2.060800 10.098204
 22.800000 -1.817056 1.867098 6.676614
 23.000000 -1.932524 1.927503 0.109346
 23.200000 -1.891363 1.896650 0.675517
 23.400000 -1.923200 1.989564 2.434741
 23.600000 -1.960746 1.979958 2.641501
 23.800000 -1.976387 1.931416 1.664245
 24.000000 -1.827337 1.931012 4.342638
 24.200000 -1.952280 1.973330 1.954888
 24.400000 -1.980434 1.956756 2.515061
 24.600000 -1.951105 1.922374 0.491199
 24.800000 -2.010962 1.949255 4.581546
 25.000000 -1.975110 1.916376 1.532238
 25.200000 -2.000505 1.958423 3.995136
 25.400000 -1.932689 1.897821 0.325175
 25.600000 -1.830806 1.996716 6.918785
 25.800000 -1.807619 1.961414 7.162501
 26.000000 -1.794241 1.911288 7.927060
 26.200000 -1.839721 1.977533 4.874315
 26.400000 -1.898250 1.890331 0.669572
 26.600000 -1.846726 1.892563 3.047055
 26.800000 -1.912028 1.924570 0.041768
 27.000000 -1.975605 1.904834 1.666560
 27.200000 -1.925363 1.946030 0.357505
 27.400000 -1.901255 1.988321 2.516449
 27.600000 -1.859015 1.945543 2.180974
 27.800000 -1.910396 1.917819 0.046892
 28.000000 -1.977002 1.995543 4.496267
 28.200000 -1.942233 1.945626 0.582104
 28.400000 -1.861045 1.924152 1.738926
 28.600000 -1.906511 1.963140 1.025611
 28.800000 -1.844279 1.949691 3.301301
 29.000000 -1.934380 1.918373 0.106490
 29.200000 -1.972394 1.946187 1.726274
 29.400000 -1.872838 1.883598 1.763153
 29.600000 -1.958097 1.928531 0.768531
 29.800000 -2.003888 1.883920 4.176116
 30.000000 -1.874191 2.057333 10.492025
 30.200000 -1.876596 1.905611 1.037506
 30.400000 -1.933400 1.888517 0.582897
 30.600000 -1.901549 1.983264 2.177599
 30.800000 -2.009718 1.951062 4.523774
 31.000000 -1.859954 1.823559 6.431676
 31.200000 -1.902944 1.931718 0.213396
 31.400000 -1.940935 1.937224 0.372745
 31.600000 -1.862452 1.822563 6.381483
 31.800000 -1.870499 1.915281 1.228862
 32.000000 -1.967310 1.957231 1.823872
 32.200000 -1.914779 1.913161 0.035368
 32.400000 -1.904991 1.837116 3.534000
 32.600000 -1.936789 1.978213 1.845687
 32.800000 -1.966596 1.867606 2.457355
 33.000000 -1.944219 1.954366 0.891868
 33.200000 -1.834943 1.903812 3.734462
 33.400000 -1.851344 1.957725 3.064158
 33.600000 -1.889960 1.861606 2.143981
 33.800000 -1.898422 1.932357 0.307907
 34.000000 -1.864144 1.871644 2.714795
 34.200000 -1.902596 1.925845 0.166956
 34.400000 -1.894065 1.885623 0.918905
 34.600000 -1.757862 1.930130 13.174779
 34.800000 -1.909970 1.914541 0.063084
 35.000000 -1.895497 1.919249 0.297011
 35.200000 -1.873783 1.924980 1.074757
 35.400000 -1.900934 1.905698 0.279449
 35.600000 -1.919472 1.941947 0.243947
 35.800000 -1.937649 1.933009 0.244599
 36.000000 -1.944033 1.933927 0.391020
 36.200000 -1.893878 1.934658 0.447045
 36.400000 -1.941027 1.951975 0.739602
 36.600000 -1.944752 1.971064 1.620540
 36.800000 -2.016050 1.880022 5.419654
 37.000000 -1.969545 1.954301 1.827199
 37.200000 -1.911326 2.045676 7.951050
 37.400000 -1.999608 1.830191 7.200125
 37.600000 -1.967088 1.904808 1.228428
 37.800000 -1.925195 1.924782 0.026320
 38.000000 -1.937356 1.878349 1.014705
 38.200000 -1.854092 1.902925 2.306323
 38.400000 -1.915414 1.965033 1.030111
 38.600000 -1.888250 1.918328 0.500838
 38.800000 -1.836931 1.929696 3.487122
 39.000000 -1.903182 1.859999 1.930938
 39.200000 -1.919545 1.900003 0.197253
 39.400000 -1.892939 1.940871 0.583131
 39.600000 -1.889650 1.826774 4.789138
 39.800000 -1.876114 1.934093 1.058191
 40.000000 -1.849962 2.014236 6.896237
 40.200000 -1.856125 1.890332 2.467198
 40.400000 -1.905395 1.964132 1.084581
 40.600000 -1.878555 1.931949 0.926175
 40.800000 -1.957308 1.933876 0.799296
 41.000000 -1.925960 1.909824 0.068968
 41.200000 -1.890730 2.002608 3.847770
 41.400000 -1.963386 1.931958 1.020319
 41.600000 -1.931877 2.004756 3.675658
 41.800000 -1.861847 1.913732 1.701668
 42.000000 -1.880762 2.011760 4.987024
 42.200000 -1.859396 1.968225 2.997585
 42.400000 -1.847075 1.901184 2.823407
 42.600000 -2.006593 1.832449 7.581691
 42.800000 -1.936612 1.932281 0.217381
 43.000000 -1.887588 1.894886 0.832708
 43.200000 -1.918987 1.945044 0.317457
 43.400000 -1.946486 1.930854 0.414815
 43.600000 -1.887494 1.960140 1.335010
 43.800000 -1.975616 1.939777 1.752536
 44.000000 -1.901878 1.841217 3.254246
 44.200000 -1.883658 1.918671 0.656066
 44.400000 -1.897389 1.938389 0.424145
 44.600000 -1.853142 1.985445 4.376332
 44.800000 -1.938932 1.847791 2.778926
 45.000000 -1.934538 1.916247 0.114229
 45.200000 -1.893011 1.891924 0.750782
 45.400000 -1.876790 1.829166 5.040484
 45.600000 -1.905486 1.979654 1.890872
 45.800000 -1.892442 1.953727 0.949358
 46.000000 -1.885166 1.949255 1.033890
 46.200000 -1.911675 1.824225 4.606705
 46.400000 -1.956881 1.868579 2.000169
 46.600000 -1.917937 1.786737 8.862979
 46.800000 -1.922374 1.979589 1.786812
 47.000000 -1.865976 1.911422 1.487452
 47.200000 -1.922928 2.001051 3.300513
 47.400000 -1.989908 1.939601 2.647985
 47.600000 -2.033556 1.898519 6.690946
 47.800000 -1.944599 1.881817 1.029657
 48.000000 -1.859300 1.937428 1.988168
 48.200000 -1.835808 1.875052 4.536508
 48.400000 -1.894610 1.918696 0.319511
 48.600000 -1.876651 1.895677 1.226059
 48.800000 -1.917705 1.906842 0.087093
 49.000000 -1.880573 1.984891 2.886158
 49.200000 -1.889362 1.944478 0.768115
 49.400000 -1.927191 1.879729 0.832208
 49.600000 -1.838016 1.925082 3.363037
 49.800000 -1.827132 1.971599 5.637776
 50.000000 -1.887955 1.848800 3.033930
 50.200000 -1.824714 1.949686 4.971344
 50.400000 -1.872244 1.940678 1.350364
 50.600000 -1.933411 1.840778 3.218957
 50.800000 -1.876932 1.943155 1.192764
 51.000000 -1.989433 1.940196 2.626750
 51.200000 -1.990839 1.932034 2.592949
 51.400000 -1.899936 1.855638 2.260922
 51.600000 -1.918828 1.913509 0.020717
 51.800000 -1.892828 1.916545 0.370915
 52.000000 -1.825655 1.905003 4.547910
 52.200000 -1.936361 1.883057 0.813427
 52.400000 -1.936525 1.886398 0.698734
 52.600000 -1.885940 1.869286 1.854361
 52.800000 -1.902137 1.900594 0.342717
 53.000000 -1.894130 1.940277 0.539460
 53.200000 -1.878205 1.862402 2.518530
 53.400000 -1.898970 1.939075 0.402819
 53.600000 -1.845382 1.941855 3.015486
 53.800000 -1.885582 1.977716 2.261068
 54.000000 -1.955593 1.932349 0.716295
 54.200000 -1.929869 1.860056 1.838463
 54.400000 -1.897186 1.960901 1.099219
 54.600000 -1.919902 2.025994 5.632008
 54.800000 -1.905236 1.989562 2.535986
 55.000000 -1.954897 1.983831 2.659729
 55.200000 -1.986893 2.004828 5.856164
 55.400000 -1.903269 1.856233 2.162021
 55.600000 -1.911691 2.007566 3.879372
 55.800000 -1.890968 1.964968 1.434723
 56.000000 -1.914556 2.027172 5.771782
 56.200000 -1.937628 1.936296 0.292839
 56.400000 -1.943621 2.018541 5.150952
 56.600000 -1.865759 1.874551 2.490146
 56.800000 -1.937154 1.986077 2.341711
 57.000000 -1.951663 2.012885 4.832232
 57.200000 -1.935954 2.011878 4.362930
 57.400000 -1.892978 1.967499 1.496024
 57.600000 -2.007951 1.979820 5.677256
 57.800000 -1.880407 1.878610 1.629226
 58.000000 -1.875726 2.003718 4.489871
 58.200000 -1.865642 1.911342 1.506205
 58.400000 -1.941656 1.997524 3.253193
 58.600000 -1.823118 1.828352 8.866817
 58.800000 -1.864251 1.956534 2.218699
 59.000000 -1.847679 1.867987 3.950769
 59.200000 -1.895797 1.967965 1.446515
 59.400000 -1.966400 1.935826 1.210317
 59.600000 -1.964036 1.940317 1.184840
 59.800000 -1.923967 1.918158 0.009877
 60.000000 -1.893031 2.013491 4.743126
 60.200000 -1.898817 1.892410 0.598267
 60.400000 -1.883241 1.962341 1.572751
 60.600000 -1.983584 1.840636 5.168591
 60.800000 -1.865913 1.869285 2.734276
 61.000000 -1.933179 1.927289 0.116242
 61.200000 -1.926506 1.827690 4.269948
 61.400000 -1.957574 1.891287 1.119368
 61.600000 -2.015824 1.877504 5.501464
 61.800000 -1.974528 1.921477 1.495453
 62.000000 -1.925805 1.896751 0.284731
 62.200000 -2.013976 1.847817 7.023970
 62.400000 -1.934662 1.875392 1.098324
 62.600000 -1.822759 1.880247 5.499208
 62.800000 -1.999025 2.008875 7.095055
 63.000000 -1.984826 1.811300 8.003053
 63.200000 -1.955402 1.884093 1.271260
 63.400000 -1.874905 1.875407 1.998708
 63.600000 -1.801219 1.875662 8.014896
 63.800000 -1.869021 1.925901 1.310647
 64.000000 -1.950229 1.941622 0.697822
 64.200000 -1.955603 1.890375 1.073458
 64.400000 -1.927367 2.042751 7.578998
 64.600000 -1.938152 1.879236 0.992505
 64.800000 -1.911311 1.951435 0.534998
 65.000000 -1.878674 1.943603 1.130071
 65.200000 -1.870954 1.933590 1.290244
 65.400000 -1.938021 1.928322 0.200659
 65.600000 -1.885473 2.027425 6.376236
 65.800000 -1.902380 1.969926 1.405988
 66.000000 -1.889679 2.056876 9.841962
 66.200000 -1.887799 1.940701 0.731150
 66.400000 -1.887982 1.968451 1.688578
 66.600000 -1.836880 1.898238 3.676780
 66.800000 -1.901980 1.990698 2.668716
 67.000000 -1.936615 1.970860 1.440726
 67.200000 -1.947779 2.010247 4.474350
 67.400000 -1.965511 2.037936 8.012663
 67.600000 -1.964609 1.962672 1.917486
 67.800000 -1.832822 1.983944 5.841268
 68.000000 -1.820621 1.976004 6.500360
 68.200000 -1.901831 1.877649 1.053538
 68.400000 -1.887196 1.963184 1.471945
 68.600000 -1.944190 1.904613 0.412205
 68.800000 -1.976513 1.962559 2.516191
 69.000000 -1.914607 2.007444 3.849072
 69.200000 -1.821201 1.991543 7.436149
 69.400000 -1.852541 1.969048 3.475727
 69.600000 -1.925436 1.927888 0.047743
 69.800000 -1.964186 1.914568 0.996294
 70.000000 -1.981423 1.833154 5.654040
 70.200000 -1.923193 1.954565 0.607693
 70.400000 -1.929920 1.892386 0.428056
 70.600000 -1.984001 1.904281 2.178294
 70.800000 -1.893629 1.869096 1.632692
 71.000000 -1.924514 1.859212 1.850059
 71.200000 -1.963685 1.887288 1.490738
 71.400000 -1.865322 1.899945 1.685647
 71.600000 -1.935968 1.868548 1.446268
 71.800000 -1.873365 1.894742 1.396498
 72.000000 -1.874684 1.911673 1.054061
 72.200000 -1.988451 1.832776 6.144216
 72.400000 -1.969743 1.911300 1.280695
 72.600000 -1.926356 1.981948 1.948413
 72.800000 -1.914319 1.882985 0.695331
 73.000000 -1.937416 1.943124 0.424630
 73.200000 -1.943720 1.984264 2.358416
 73.400000 -1.935082 1.903330 0.252481
 73.600000 -1.836856 1.937723 3.604558
 73.800000 -1.882802 1.985544 2.843803
 74.000000 -1.931797 1.901388 0.241862
 74.200000 -1.971924 2.060640 11.264493
 74.400000 -1.904016 1.957520 0.834625
 74.600000 -1.885405 1.954848 1.205658
 74.800000 -1.867342 1.973126 2.797724
 75.000000 -1.800651 1.953215 7.661909
 75.200000 -1.820007 1.942100 5.232783
 75.400000 -1.873792 1.968887 2.262990
 75.600000 -1.798804 1.987515 9.615963
 75.800000 -1.920044 1.932800 0.083713
 76.000000 -1.994625 1.915325 2.804999
 76.200000 -1.958234 1.993651 3.458633
 76.400000 -1.963258 1.878005 1.817591
 76.600000 -1.961637 1.933922 0.971416
 76.800000 -1.885857 1.893659 0.921476
 77.000000 -1.883487 1.888482 1.153922
 77.200000 -1.828516 1.884119 4.810894
 77.400000 -1.929564 1.871704 1.206668
 77.600000 -2.016754 1.880837 5.455483
 77.800000 -1.929262 1.918373 0.045284
 78.000000 -1.902303 1.909012 0.213033
 78.200000 -1.922021 1.836509 3.476180
 78.400000 -1.960372 1.924846 0.832939
 78.600000 -1.869389 1.900437 1.462468
 78.800000 -1.937732 1.926179 0.179612
 79.000000 -1.831175 1.915550 3.941984
 79.200000 -1.910181 1.913825 0.065082
 79.400000 -2.008708 1.984221 6.017861
 79.600000 -1.940198 1.993172 2.893952
 79.800000 -2.021282 1.983115 7.143492
 80.000000 -1.976689 1.900444 1.803161
 80.200000 -1.866742 1.968827 2.609658
 80.400000 -1.924985 1.890084 0.456508
 80.600000 -1.840008 1.944211 3.484790
 80.800000 -1.850380 1.964390 3.405270
 81.000000 -1.963288 1.926811 0.967029
 81.200000 -1.948522 2.031668 6.660954
 81.400000 -1.960827 1.976234 2.427947
 81.600000 -1.961385 1.916599 0.867405
 81.800000 -1.892362 1.926555 0.400531
 82.000000 -1.873412 1.936723 1.220962
 82.200000 -1.887411 1.951060 1.013186
 82.400000 -1.961419 1.965404 1.900508
 82.600000 -1.914691 2.041357 7.393837
 82.800000 -1.919890 1.895589 0.294599
 83.000000 -1.913087 1.961837 0.903880
 83.200000 -1.907781 1.914785 0.085862
 83.400000 -1.968767 1.975504 2.743817
 83.600000 -1.875886 1.874470 1.997182
 83.800000 -1.865540 2.040433 8.744042
 84.000000 -1.927400 1.892598 0.400061
 84.200000 -1.905315 1.919813 0.105816
 84.400000 -1.894882 1.976680 1.926120
 84.600000 -1.927065 1.888003 0.533438
 84.800000 -1.896123 1.933926 0.380665
 85.000000 -1.873365 1.966521 2.169505
 85.200000 -1.890908 1.943558 0.699894
 85.400000 -1.821097 1.900007 5.074366
 85.600000 -1.835037 1.982304 5.547163
 85.800000 -1.866579 1.874158 2.463963
 86.000000 -1.907182 1.926632 0.103316
 86.200000 -1.924465 1.928595 0.048725
 86.400000 -1.887351 1.924063 0.537308
 86.600000 -1.827290 1.901568 4.452103
 86.800000 -1.879253 1.919455 0.824651
 87.000000 -1.905589 1.878136 0.972413
 87.200000 -1.920668 1.990659 2.506431
 87.400000 -2.013424 1.935494 4.499092
 87.600000 -1.975066 1.877555 2.418695
 87.800000 -1.993575 1.928939 2.758001
 88.000000 -1.885214 1.922258 0.603126
 88.200000 -1.946691 1.924491 0.370597
 88.400000 -1.976391 1.925667 1.614575
 88.600000 -1.889054 1.921781 0.476427
 88.800000 -1.962011 1.953350 1.448973
 89.000000 -2.012326 1.894244 4.602872
 89.200000 -1.979208 1.988450 4.113100
 89.400000 -2.010939 1.938991 4.330432
 89.600000 -1.991491 1.911500 2.600278
 89.800000 -1.977334 1.935493 1.773682
 90.000000 -1.971468 1.982355 3.284296
 90.200000 -1.873425 1.992990 3.752033
 90.400000 -1.854291 1.939145 2.335730
 90.600000 -1.959108 2.034321 7.320490
 90.800000 -1.872913 1.869896 2.350400
 91.000000 -1.908932 2.000986 3.350289
 91.200000 -1.954737 1.908273 0.675288
 91.400000 -1.898960 1.964046 1.194554
 91.600000 -1.902655 2.012232 4.414178
 91.800000 -1.949133 2.031722 6.684687
 92.000000 -1.905176 1.925919 0.126190
 92.200000 -1.889168 1.917325 0.474278
 92.400000 -1.954875 1.915714 0.621549
 92.600000 -1.921668 1.835877 3.528384
 92.800000 -1.984532 1.938523 2.265174
 93.000000 -1.884326 1.921046 0.632106
 93.200000 -1.901198 1.916649 0.179338
 93.400000 -1.957782 1.892741 1.086738
 93.600000 -1.959352 1.879267 1.603689
 93.800000 -1.898597 1.945669 0.559093
 94.000000 -1.901841 1.881155 0.911493
 94.200000 -1.885586 1.913731 0.606240
 94.400000 -1.939275 1.874391 1.222270
 94.600000 -1.983071 1.902850 2.142360
 94.800000 -1.879918 1.873697 1.863382
 95.000000 -1.894411 1.859939 2.119275
 95.200000 -1.991625 1.864983 4.080760
 95.400000 -1.873183 1.889644 1.546031
 95.600000 -1.854806 1.899765 2.318125
 95.800000 -1.891991 1.874589 1.413234
 96.000000 -1.888386 1.929036 0.537450
 96.200000 -1.950699 1.944952 0.790208
 96.400000 -1.945922 1.888813 0.821575
 96.600000 -1.900194 1.935314 0.312809
 96.800000 -1.942589 2.012747 4.571998
 97.000000 -1.936603 1.921636 0.141708
 97.200000 -1.928133 1.977090 1.671720
 97.400000 -1.988912 1.973422 3.818242
 97.600000 -1.811758 1.941756 6.082949
 97.800000 -1.961290 1.938625 1.034165
 98.000000 -1.948312 1.955647 1.044996
 98.200000 -1.876769 1.898453 1.157685
 98.400000 -1.894896 2.015132 4.849781
 98.600000 -1.878189 1.933142 0.956495
 98.800000 -1.883742 1.912526 0.679239
 99.000000 -1.898652 1.948231 0.627336
 99.200000 -1.900536 1.953958 0.768005
 99.400000 -1.910101 1.881764 0.773365
 99.600000 -1.987919 2.015509 6.890014
 99.800000 -1.813635 1.963968 6.614744
 100.000000 -1.837267 1.907891 3.482663
 100.200000 -1.914276 1.977704 1.688448
 100.400000 -1.925684 1.879522 0.830619
 100.600000 -1.960918 1.923905 0.850946
 100.800000 -1.918020 1.947171 0.374588
 101.000000 -1.966373 1.911151 1.119570
 101.200000 -1.894977 1.905803 0.408480
 101.400000 -1.962181 1.880182 1.682683
 101.600000 -1.919109 1.869580 1.264415
 101.800000 -1.941158 1.919812 0.226766
 102.000000 -1.933458 1.885819 0.671912
 102.200000 -1.979655 1.900448 1.976044
 102.400000 -1.974744 1.803653 8.258250
 102.600000 -1.898843 1.975941 1.793337
 102.800000 -1.944218 1.835573 3.848896
 103.000000 -1.981650 1.927773 1.940132
 103.200000 -1.927302 1.851475 2.366086
 103.400000 -1.944538 1.955667 0.945432
 103.600000 -1.929350 1.976500 1.648936
 103.800000 -1.969814 1.834081 4.926789
 104.000000 -2.010214 1.944200 4.377906
 104.200000 -1.917656 1.946285 0.351504
 104.400000 -1.873702 1.883001 1.744777
 104.600000 -1.936459 1.885470 0.729116
 104.800000 -1.959760 1.928446 0.832748
 105.000000 -1.931997 1.970423 1.351835
 105.200000 -1.955229 1.916855 0.629916
 105.400000 -1.894431 1.918023 0.325050
 105.600000 -1.881775 1.908726 0.787318
 105.800000 -1.963536 1.897424 1.205439
 106.000000 -1.944767 1.935238 0.428336
 106.200000 -1.882202 2.007822 4.577578
 106.400000 -1.922016 1.949389 0.438249
 106.600000 -1.956558 1.882883 1.357010
 106.800000 -2.019957 1.929457 5.055555
 107.000000 -1.920107 1.954308 0.593277
 107.200000 -1.869121 1.904649 1.403049
 107.400000 -1.866416 1.923987 1.436768
 107.600000 -1.933285 1.880986 0.845753
 107.800000 -1.926116 1.960930 0.862825
 108.000000 -1.902190 1.895267 0.458621
 108.200000 -1.932061 1.976551 1.681243
 108.400000 -1.963615 1.860574 2.714738
 108.600000 -2.037289 1.841411 9.971860
 108.800000 -1.921734 1.839125 3.261018
 109.000000 -1.931368 1.927545 0.095709
 109.200000 -1.837336 1.939904 3.606163
 109.400000 -1.868520 1.942112 1.565556
 109.600000 -1.915380 2.021788 5.204458
 109.800000 -2.005693 1.884454 4.310343
 110.000000 -1.879335 1.961533 1.689462
 110.200000 -1.996505 1.926716 2.960535
 110.400000 -2.031215 1.853074 8.430086
 110.600000 -1.844194 1.892428 3.239131
 110.800000 -1.928416 2.030480 6.154712
 111.000000 -1.979034 1.904010 1.876308
 111.200000 -1.939415 1.944005 0.482594
 111.400000 -1.968701 1.859977 2.985726
 111.600000 -1.988995 1.902644 2.537924
 111.800000 -1.959154 1.807103 7.129283
 112.000000 -1.878253 1.903719 0.995986
 112.200000 -1.898033 1.779495 10.089725
 112.400000 -1.885962 1.893434 0.923843
 112.600000 -1.929668 1.948931 0.470573
 112.800000 -1.918355 1.863983 1.562361
 113.000000 -1.903529 1.914441 0.148075
 113.200000 -1.942913 1.934340 0.370478
 113.400000 -1.877549 1.922682 0.899188
 113.600000 -1.969726 1.887898 1.754076
 113.800000 -1.984868 1.865646 3.582576
 114.000000 -1.946115 2.042161 7.823143
 114.200000 -1.977963 1.825463 6.143449
 114.400000 -1.929048 1.974030 1.509278
 114.600000 -1.901415 1.961687 1.044811
 114.800000 -1.959713 1.920149 0.794082
 115.000000 -1.928329 1.907391 0.113606
 115.200000 -1.901392 1.914543 0.184718
 115.400000 -1.876279 1.932350 1.027734
 115.600000 -1.877121 1.846221 3.624876
 115.800000 -1.882635 2.033610 7.162161
 116.000000 -1.948521 1.850919 2.787246
 116.200000 -1.951917 1.954719 1.121250
 116.400000 -1.956240 1.907941 0.732747
 116.600000 -2.017161 1.903906 4.860856
 116.800000 -1.917785 1.859462 1.826238
 117.000000 -1.817699 1.977177 6.861200
 117.200000 -1.935819 1.890803 0.549522
 117.400000 -1.976837 2.060973 11.579229
 117.600000 -1.851341 1.998124 5.410038
 117.800000 -1.936973 1.972431 1.528144
 118.000000 -1.952397 1.960807 1.367486
 118.200000 -1.907048 1.944940 0.396551
 118.400000 -1.951200 1.912775 0.516154
 118.600000 -1.907342 1.936888 0.223317
 118.800000 -1.911157 1.982410 1.993989
 119.000000 -1.920406 1.894770 0.314950
 119.200000 -1.912898 1.943493 0.303454
 119.400000 -1.913364 1.917316 0.024352
 119.600000 -1.969703 1.958954 2.006160
 119.800000 -1.857241 1.965562 3.004939
 120.000000 -1.854112 1.891827 2.554508
 120.200000 -1.950167 1.913090 0.482110
 120.400000 -1.902134 1.930644 0.215271
 120.600000 -1.859528 2.029385 7.817669
 120.800000 -1.838616 1.902062 3.458905
 121.000000 -2.001856 1.995059 6.188766
 121.200000 -1.972133 1.947008 1.734536
 121.400000 -1.797464 1.863167 9.097818
 121.600000 -1.817462 1.875543 6.224962
 121.800000 -1.955547 1.949347 1.071367
 122.000000 -1.975362 1.878523 2.394586
 122.200000 -1.831564 1.889925 4.346404
 122.400000 -1.924745 1.952737 0.552297
 122.600000 -1.949014 1.917294 0.428225
 122.800000 -1.968059 1.907291 1.240496
 123.000000 -1.939258 1.942521 0.444817
 123.200000 -1.797223 1.876558 8.457868
 123.400000 -1.867684 2.025974 6.991167
 123.600000 -1.767905 1.839351 14.786553
 123.800000 -1.811963 1.975840 7.387865
 124.000000 -1.919779 1.923170 0.005474
 124.200000 -1.907050 1.953488 0.647437
 124.400000 -1.955558 1.923606 0.644118
 124.600000 -2.004948 1.953482 4.184957
 124.800000 -1.967814 1.828195 5.351083
 125.000000 -1.970767 1.958071 2.025577
 125.200000 -2.003916 1.910601 3.575402
 125.400000 -1.962284 1.906134 0.994043
 125.600000 -1.978085 1.932969 1.780868
 125.800000 -1.879308 1.994668 3.620284
 126.000000 -1.871344 1.884126 1.815528
 126.200000 -1.951063 1.955461 1.120404
 126.400000 -1.924680 1.911622 0.045558
 126.600000 -1.907559 1.872245 1.209407
 126.800000 -1.860181 1.898825 2.002169
 127.000000 -1.942326 1.893794 0.592081
 127.200000 -1.898271 1.947452 0.613693
 127.400000 -1.900854 1.896211 0.460352
 127.600000 -1.917016 1.843908 2.888558
 127.800000 -1.956569 1.914164 0.689948
 128.000000 -1.797553 1.892542 7.852991
 128.200000 -1.939848 1.978140 1.897885
 128.400000 -1.895701 1.952414 0.821701
 128.600000 -1.940026 1.999679 3.388666
 128.800000 -1.896229 1.928073 0.312981
 129.000000 -1.966391 2.012970 5.416965
 129.200000 -1.989517 1.977508 4.087387
 129.400000 -1.967910 1.944687 1.462440
 129.600000 -1.898641 1.950422 0.692135
 129.800000 -1.951273 2.064971 11.021557
 130.000000 -1.968098 1.979201 2.923903
 130.200000 -1.917220 1.932754 0.086587
 130.400000 -1.796387 1.949231 8.054342
 130.600000 -1.838944 2.038489 10.309958
 130.800000 -1.892331 1.960165 1.191164
 131.000000 -1.885060 1.998204 3.674315
 131.200000 -1.817603 1.933616 5.323053
 131.400000 -1.850840 1.960660 3.214252
 131.600000 -1.882602 1.861872 2.375555
 131.800000 -1.893394 1.893444 0.699234
 132.000000 -1.914206 2.001161 3.320715
 132.200000 -1.912347 1.941754 0.267871
 132.400000 -1.905149 1.840375 3.267352
 132.600000 -1.948300 1.941312 0.634396
 132.800000 -1.947839 1.991242 2.938926
 133.000000 -1.914758 1.866223 1.451602
 133.200000 -1.839902 1.885052 3.802722
 133.400000 -1.932088 1.890004 0.520494
 133.600000 -1.923433 1.930681 0.064893
 133.800000 -1.999773 1.871472 4.363622
 134.000000 -2.017751 1.818837 9.894105
 134.200000 -1.997215 1.960232 3.806629
 134.400000 -1.930436 1.986308 2.263461
 134.600000 -1.874665 1.862335 2.676076
 134.800000 -1.891591 1.948694 0.815254
 135.000000 -1.864434 1.965648 2.584322
 135.200000 -1.869980 1.941022 1.467970
 135.400000 -2.016104 1.867045 6.026125
 135.600000 -1.981073 1.939237 2.061078
 135.800000 -1.819687 1.939286 5.206188
 136.000000 -1.932344 1.961220 0.933129
 136.200000 -1.940863 1.968237 1.390564
 136.400000 -1.955134 1.847655 3.229002
 136.600000 -1.947652 1.891464 0.789379
 136.800000 -1.920940 1.847328 2.631194
 137.000000 -1.872737 1.861041 2.840382
 137.200000 -1.930910 1.873793 1.122228
 137.400000 -1.906690 1.970509 1.369315
 137.600000 -1.975123 1.921893 1.528941
 137.800000 -1.939890 1.938859 0.380988
 138.000000 -1.892991 1.869183 1.645202
 138.200000 -1.936538 1.948456 0.547846
 138.400000 -1.918811 1.988551 2.359626
 138.600000 -1.873219 1.962706 2.005579
 138.800000 -1.898201 1.917286 0.237920
 139.000000 -2.031124 2.004671 9.785911
 139.200000 -1.986979 1.870497 3.470792
 139.400000 -1.999650 1.929016 3.224939
 139.600000 -1.977222 1.981638 3.553210
 139.800000 -1.855858 1.921839 2.050206
 140.000000 -1.982768 1.970509 3.261087
 140.200000 -1.904739 1.970578 1.400415
 140.400000 -1.886843 1.930267 0.599250
 140.600000 -1.965085 1.977025 2.656312
 140.800000 -1.942896 1.939724 0.462514
 141.000000 -1.926509 1.940684 0.238872
 141.200000 -1.996231 1.963569 3.871251
 141.400000 -1.895641 1.932120 0.368459
 141.600000 -1.875060 1.850923 3.379945
 141.800000 -1.948291 1.950208 0.864525
 142.000000 -1.946403 1.895845 0.640635
 142.200000 -1.936266 1.911692 0.167926
 142.400000 -1.838772 1.939594 3.482498
 142.600000 -1.886570 1.879053 1.386899
 142.800000 -1.914478 1.948106 0.413355
 143.000000 -1.914500 1.972713 1.410963
 143.200000 -1.816087 1.929645 5.432489
 143.400000 -1.823280 1.889409 5.127785
 143.600000 -1.902124 1.979646 1.944369
 143.800000 -1.833799 1.862864 5.327827
 144.000000 -1.901909 1.967736 1.307093
 144.200000 -1.843503 1.905959 3.011997
 144.400000 -1.889043 1.908664 0.537617
 144.600000 -2.028845 2.006295 9.673985
 144.800000 -1.834934 1.911915 3.637965
 145.000000 -1.816823 1.964911 6.323236
 145.200000 -1.965567 1.973357 2.475340
 145.400000 -1.871047 1.930821 1.251531
 145.600000 -1.880791 1.856966 2.741252
 145.800000 -1.905048 2.004326 3.676764
 146.000000 -1.878110 1.920476 0.871827
 146.200000 -1.960680 1.920517 0.833253
 146.400000 -1.982366 1.952781 2.495224
 146.600000 -1.931526 1.927090 0.094140
 146.800000 -1.940144 1.953603 0.774900
 147.000000 -1.904804 1.899768 0.315260
 147.200000 -1.866373 1.877613 2.323025
 147.400000 -1.917670 1.890706 0.427459
 147.600000 -1.933768 1.895708 0.388392
 147.800000 -1.915508 1.871264 1.190382
 148.000000 -2.007036 1.877593 4.692956
 148.200000 -1.919312 1.936575 0.139804
 148.400000 -1.825483 1.897018 4.714692
 148.600000 -1.891517 1.984724 2.505232
 148.800000 -1.920913 1.868687 1.310002
 149.000000 -1.949993 1.950382 0.919649
 149.200000 -1.954740 1.874736 1.626433
 149.400000 -1.938463 1.973378 1.604968
 149.600000 -1.956625 1.912554 0.702454
 149.800000 -2.011829 1.902848 4.373727
 150.000000 -1.994038 1.874518 3.779073
 150.200000 -2.001827 1.929379 3.404438
 150.400000 -1.921594 1.881469 0.738511
 150.600000 -1.942154 1.974213 1.725483
 150.800000 -1.935089 1.927425 0.144527
 151.000000 -1.932526 1.939317 0.269432
 151.200000 -1.852591 1.860520 4.023448
 151.400000 -1.903252 1.924980 0.151049
 151.600000 -1.923509 1.969100 1.218844
 151.800000 -1.894158 1.983197 2.336025
 152.000000 -1.888757 1.890973 0.901050
 152.200000 -1.928137 1.931790 0.105370
 152.400000 -1.946632 1.974963 1.876369
 152.600000 -1.941976 1.897289 0.499296
 152.800000 -1.918207 1.996781 2.959614
 153.000000 -1.835498 2.025102 9.096310
 153.200000 -1.851243 1.971963 3.711570
 153.400000 -1.985051 1.834866 5.736966
 153.600000 -1.953446 1.984068 2.625102
 153.800000 -1.863533 1.911933 1.617928
 154.000000 -1.865657 1.923199 1.474645
 154.200000 -1.821811 1.908172 4.875348
 154.400000 -1.926860 1.907589 0.099793
 154.600000 -1.963028 1.924768 0.943656
 154.800000 -1.829102 1.955224 4.743984
 155.000000 -1.877368 2.052872 9.748720
 155.200000 -1.923140 1.998434 3.092149
 155.400000 -1.878195 1.873020 1.965159
 155.600000 -1.846809 1.915446 2.678153
 155.800000 -1.950165 1.900664 0.643419
 156.000000 -1.848657 1.878615 3.385791
 156.200000 -1.876694 1.874016 1.982658
 156.400000 -1.986380 1.931757 2.283064
 156.600000 -1.906929 1.932673 0.165685
 156.800000 -1.951867 1.968952 1.717064
 157.000000 -1.918926 1.852731 2.253727
 157.200000 -1.835101 2.020261 8.632181
 157.400000 -1.937413 1.937031 0.301412
 157.600000 -1.926765 1.843070 2.972318
 157.800000 -1.827701 1.948119 4.646013
 158.000000 -1.911830 2.026059 5.671177
 158.200000 -1.833702 1.817781 8.922020
 158.400000 -1.848760 1.915896 2.535624
 158.600000 -1.913771 1.932260 0.095410
 158.800000 -1.903799 1.927936 0.161601
 159.000000 -1.942840 1.946052 0.606949
 159.200000 -1.904795 1.949421 0.550369
 159.400000 -1.822933 1.921723 4.699344
 159.600000 -1.961944 1.971275 2.207108
 159.800000 -1.859828 1.883781 2.452994
 160.000000 -1.859276 1.913316 1.856795
 160.200000 -1.942785 1.951169 0.752780
 160.400000 -1.840659 1.873910 4.192365
 160.600000 -1.836159 1.932900 3.588119
 160.800000 -1.939730 1.957497 0.905576
 161.000000 -1.879417 1.900422 1.006878
 161.200000 -1.943786 2.113144 18.965058
 161.400000 -1.905929 1.854317 2.245149
 161.600000 -1.903854 1.854188 2.284685
 161.800000 -1.965350 1.926997 1.060005
 162.000000 -1.967581 1.922040 1.140903
 162.200000 -1.852810 1.806173 8.710572
 162.400000 -1.927110 1.984892 2.140732
 162.600000 -1.949060 1.968731 1.620357
 162.800000 -1.952599 1.904951 0.647034
 163.000000 -1.942044 1.945753 0.581183
 163.200000 -1.895887 1.968870 1.488303
 163.400000 -1.874506 1.872051 2.171536
 163.600000 -1.993200 1.926827 2.713458
 163.800000 -1.901650 1.871550 1.332871
 164.000000 -1.864814 1.900164 1.709151
 164.200000 -1.942457 2.000436 3.501377
 164.400000 -1.900289 1.896164 0.472371
 164.600000 -1.854278 1.934365 2.255820
 164.800000 -2.013047 1.927177 4.368428
 165.000000 -1.898514 1.920493 0.228069
 165.200000 -1.899623 1.970635 1.493741
 165.400000 -1.859374 1.828228 6.027817
 165.600000 -1.848830 1.963463 3.473299
 165.800000 -1.901704 1.937447 0.319469
 166.000000 -2.000565 1.994767 6.061858
 166.200000 -1.902419 1.846799 2.821258
 166.400000 -1.922112 2.018790 4.895923
 166.600000 -1.915974 1.891183 0.418820
 166.800000 -1.874862 1.932884 1.097288
 167.000000 -1.925470 1.938107 0.182159
 167.200000 -1.861010 1.921262 1.732767
 167.400000 -1.949852 1.848894 2.967895
 167.600000 -1.977676 1.892879 2.035283
 167.800000 -2.004144 1.905706 3.651910
 168.000000 -2.043809 1.888468 8.174158
 168.200000 -2.018605 1.903885 5.002737
 168.400000 -1.886947 1.824346 5.103395
 168.600000 -1.842446 1.879397 3.815325
 168.800000 -1.881524 1.898635 0.960210
 169.000000 -1.869617 1.898013 1.500999
 169.200000 -1.923910 1.971202 1.326086
 169.400000 -1.946130 1.924184 0.354348
 169.600000 -1.926008 1.889466 0.480842
 169.800000 -1.912201 1.869916 1.276678
 170.000000 -1.956090 1.963197 1.595193
 170.200000 -1.874165 1.861199 2.764821
 170.400000 -1.865702 1.959652 2.258280
 170.600000 -1.892042 1.994034 3.137707
 170.800000 -1.891379 1.905648 0.506681
 171.000000 -1.904202 2.068914 11.230789
 171.200000 -1.888485 1.939216 0.679542
 171.400000 -1.940070 1.985626 2.366637
 171.600000 -2.018163 1.909800 4.882104
 171.800000 -1.910049 1.965222 1.076905
 172.000000 -1.842230 1.913562 3.033213
 172.200000 -1.952765 1.975789 2.105217
 172.400000 -1.886133 1.984111 2.632802
 172.600000 -1.821367 1.903501 4.984538
 172.800000 -1.940272 2.045719 8.128220
 173.000000 -1.893350 1.946161 0.697241
 173.200000 -1.943874 2.017700 5.074359
 173.400000 -1.858570 1.951174 2.368595
 173.600000 -1.820276 2.004848 8.569945
 173.800000 -1.906543 1.912199 0.118061
 174.000000 -1.864487 1.988455 3.885735
 174.200000 -1.862733 1.899372 1.841778
 174.400000 -1.877331 2.000671 4.169523
 174.600000 -1.835206 1.929330 3.628134
 174.800000 -1.929307 1.965285 1.076226
 175.000000 -1.935585 1.964353 1.113323
 175.200000 -1.853732 2.002145 5.571869
 175.400000 -1.839261 1.847385 5.874751
 175.600000 -1.831852 1.879772 4.676479
 175.800000 -1.881869 1.887541 1.244078
 176.000000 -1.897479 1.841854 3.293187
 176.200000 -1.870230 1.971077 2.543151
 176.400000 -1.890815 1.836337 3.910054
 176.600000 -1.896987 1.970643 1.550960
 176.800000 -1.933994 1.834247 3.764800
 177.000000 -1.873976 1.904252 1.174615
 177.200000 -1.931211 1.907083 0.146047
 177.400000 -1.973240 1.932733 1.507405
 177.600000 -1.927248 1.853377 2.237413
 177.800000 -1.918447 1.872694 1.113399
 178.000000 -1.887564 1.861583 2.219788
 178.200000 -1.971444 1.906529 1.419204
 178.400000 -2.048996 1.875401 9.326173
 178.600000 -1.883368 1.861861 2.348015
 178.800000 -1.902281 1.821158 5.025847
 179.000000 -1.918225 1.913373 0.022395
 179.200000 -1.940762 1.841518 3.287290
 179.400000 -1.890843 1.904802 0.534467
 179.600000 -1.801223 1.869299 8.315875
 179.800000 -1.931423 1.888884 0.546638
 180.000000 -1.984273 1.931181 2.138444
 180.200000 -1.940949 1.921781 0.224166
 180.400000 -1.881230 1.924351 0.756288
 180.600000 -1.915477 1.961264 0.866656
 180.800000 -1.902907 1.966883 1.249196
 181.000000 -1.901428 1.897053 0.430037
 181.200000 -1.834001 2.000717 6.954786
 181.400000 -1.908967 1.960040 0.866473
 181.600000 -1.890686 1.962408 1.330674
 181.800000 -1.946199 2.014816 4.854954
 182.000000 -1.922328 1.960909 0.845455
 182.200000 -1.927847 2.026646 5.733220
 182.400000 -1.917836 2.022905 5.310946
 182.600000 -1.922425 1.950270 0.465590
 182.800000 -1.882072 2.036850 7.557109
 183.000000 -1.937026 2.060329 10.012750
 183.200000 -1.956486 1.940475 0.883098
 183.400000 -1.913580 2.044831 7.828369
 183.600000 -1.917592 1.986760 2.240213
 183.800000 -1.875517 1.906532 1.072114
 184.000000 -1.906958 1.932198 0.159342
 184.200000 -1.926947 1.947505 0.407166
 184.400000 -1.939617 1.864966 1.701933
 184.600000 -2.008273 1.897018 4.169160
 184.800000 -1.931855 1.954825 0.683130
 185.000000 -1.921797 1.866823 1.408466
 185.200000 -1.993468 1.799753 9.922063
 185.400000 -1.885730 1.811465 6.457493
 185.600000 -1.895056 1.878545 1.161208
 185.800000 -1.958822 1.846584 3.443763
 186.000000 -1.854937 1.944227 2.404460
 186.200000 -1.932673 1.874252 1.122182
 186.400000 -1.899313 1.937684 0.369934
 186.600000 -1.858974 1.843537 4.766473
 186.800000 -1.878341 1.911080 0.900560
 187.000000 -1.918868 1.949101 0.427943
 187.200000 -1.841196 1.874835 4.107926
 187.400000 -1.913313 1.900496 0.208964
 187.600000 -1.840151 1.974765 4.684098
 187.800000 -1.847105 1.902967 2.789564
 188.000000 -1.935250 1.951988 0.634421
 188.200000 -1.963970 1.981531 2.874276
 188.400000 -1.888462 1.925463 0.508681
 188.600000 -1.909906 1.938906 0.230891
 188.800000 -1.857319 1.933736 2.052068
 189.000000 -1.894037 1.989880 2.784727
 189.200000 -1.930279 1.915330 0.064522
 189.400000 -1.836463 2.048977 11.812978
 189.600000 -1.979532 1.944553 2.085089
 189.800000 -2.055344 1.950159 9.636604
 190.000000 -1.985908 1.902929 2.324426
 190.200000 -1.935907 1.990382 2.615221
 190.400000 -1.979505 1.904024 1.904031
 190.600000 -1.876316 1.915082 0.959545
 190.800000 -1.959377 1.913369 0.801809
 191.000000 -1.936750 1.943749 0.427872
 191.200000 -1.889642 1.849568 2.927245
 191.400000 -1.912514 1.885778 0.607854
 191.600000 -1.923028 1.800493 7.129481
 191.800000 -1.895304 1.873783 1.363207
 192.000000 -2.043978 1.882703 8.392801
 192.200000 -1.943455 1.923060 0.283417
 192.400000 -1.958033 1.995346 3.577389
 192.600000 -1.933517 1.984791 2.201082
 192.800000 -1.821629 1.910493 4.868788
 193.000000 -1.910449 1.929669 0.092388
 193.200000 -1.838163 1.963310 4.281248
 193.400000 -1.898928 1.854783 2.336751
 193.600000 -1.899710 1.883699 0.856945
 193.800000 -1.918698 1.957199 0.697704
 194.000000 -1.890965 1.922520 0.421057
 194.200000 -1.938434 1.944841 0.484434
 194.400000 -1.936813 1.990445 2.634606
 194.600000 -1.890767 1.796851 7.989152
 194.800000 -1.980988 1.998477 4.958299
 195.000000 -1.968126 1.922845 1.169126
 195.200000 -1.894021 2.014115 4.775641
 195.400000 -1.968266 1.968428 2.350782
 195.600000 -1.818704 2.006630 8.880770
 195.800000 -1.881956 1.895487 1.015523
 196.000000 -1.965210 2.044939 8.850368
 196.200000 -1.935489 1.885843 0.700738
 196.400000 -1.931753 2.050855 8.650289
 196.600000 -1.907837 2.066112 10.766793
 196.800000 -1.891988 1.982387 2.343170
 197.000000 -1.907387 1.979152 1.835439
 197.200000 -1.786122 1.978444 10.659142
 197.400000 -1.876292 1.922888 0.953737
 197.600000 -1.974858 1.920356 1.512383
 197.800000 -2.012582 1.871661 5.460129
 198.000000 -1.912390 1.941817 0.268919
 198.200000 -1.944703 1.917529 0.311248
 198.400000 -1.920315 1.889399 0.464094
 198.600000 -1.842782 1.888306 3.468563
 198.800000 -1.875616 1.960098 1.788339
 199.000000 -1.867313 1.834725 5.004875
 199.200000 -1.945041 1.924870 0.329526
 199.400000 -1.897000 1.907472 0.338113
 199.600000 -1.880765 1.793027 8.807833
 199.800000 -1.904887 1.909080 0.170259
 200.000000 -1.961241 1.855319 2.939047
