#! FIELDS time phi psi restraint.bias
#! SET min_phi -pi
#! SET max_phi pi
#! SET min_psi -pi
#! SET max_psi pi
 0.000000 -0.467160 1.777787 17.065718
 0.200000 -0.353723 1.878059 0.884596
 0.400000 -0.442617 1.926399 4.397256
 0.600000 -0.402251 2.018415 6.270664
 0.800000 -0.388094 1.990526 3.258284
 1.000000 -0.400927 1.886502 1.901243
 1.200000 -0.366269 1.928418 0.184579
 1.400000 -0.364904 1.944823 0.436954
 1.600000 -0.418576 1.944753 2.725583
 1.800000 -0.406480 1.863627 3.229397
 2.000000 -0.465410 1.892541 7.141175
 2.200000 -0.412455 1.850581 4.409037
 2.400000 -0.357794 1.882257 0.745175
 2.600000 -0.405274 1.880558 2.352101
 2.800000 -0.418427 1.918866 2.406003
 3.000000 -0.438187 1.915746 3.979743
 3.200000 -0.416209 1.885750 2.835908
 3.400000 -0.317352 1.904957 0.613984
 3.600000 -0.374636 1.918616 0.327684
 3.800000 -0.404425 1.989946 3.988204
 4.000000 -0.449952 1.869513 6.356527
 4.200000 -0.335849 1.938365 0.258526
 4.400000 -0.342469 1.852560 2.286557
 4.600000 -0.377855 1.880433 1.191730
 4.800000 -0.437774 1.974185 5.410049
 5.000000 -0.456572 1.968999 6.985988
 5.200000 -0.318595 1.885668 1.048861
 5.400000 -0.305117 1.837284 4.375332
 5.600000 -0.323757 1.966999 1.431191
 5.800000 -0.437876 1.895740 4.234565
 6.000000 -0.436428 1.931618 3.885155
 6.200000 -0.413473 1.927488 2.103184
 6.400000 -0.266832 2.001395 6.705021
 6.600000 -0.373393 1.880864 1.056341
 6.800000 -0.426566 1.930128 3.055811
 7.000000 -0.497040 1.961058 11.796755
 7.200000 -0.393312 1.945410 1.305239
 7.400000 -0.384715 1.879236 1.460680
 7.600000 -0.439473 1.939390 4.277384
 7.800000 -0.467109 1.959270 7.743565
 8.000000 -0.417888 1.870220 3.600465
 8.200000 -0.372648 1.878908 1.116672
 8.400000 -0.365771 1.989235 2.545865
 8.600000 -0.381235 1.941605 0.753815
 8.800000 -0.480995 1.860719 10.451555
 9.000000 -0.410890 1.915350 1.921283
 9.200000 -0.397159 1.916645 1.161662
 9.400000 -0.335469 1.885453 0.684411
 9.600000 -0.443321 1.953541 5.009178
 9.800000 -0.437833 1.942088 4.186831
 10.000000 -0.381339 1.792820 8.590614
 10.200000 -0.402490 1.956534 2.099469
 10.400000 -0.442514 1.836028 7.880398
 10.600000 -0.334877 1.947177 0.473699
 10.800000 -0.422707 1.859307 4.544941
 11.000000 -0.348870 1.957513 0.708799
 11.200000 -0.384416 1.909367 0.679878
 11.400000 -0.357981 1.951278 0.533221
 11.600000 -0.376042 1.979017 2.113496
 11.800000 -0.360557 1.947759 0.455132
 12.000000 -0.376061 1.893530 0.711081
 12.200000 -0.415145 1.955102 2.804171
 12.400000 -0.322349 1.854955 2.463352
 12.600000 -0.267898 1.829161 7.407447
 12.800000 -0.388307 2.063280 11.054270
 13.000000 -0.420905 1.937591 2.737601
 13.200000 -0.363753 1.935360 0.227942
 13.400000 -0.380916 1.898692 0.731314
 13.600000 -0.347366 1.865501 1.479015
 13.800000 -0.272839 1.886230 3.470837
 14.000000 -0.316499 1.997436 3.539145
 14.200000 -0.394729 1.947211 1.416570
 14.400000 -0.379470 1.925934 0.480638
 14.600000 -0.327075 1.903292 0.379084
 14.800000 -0.341225 1.955807 0.676748
 15.000000 -0.410323 1.938854 2.056595
 15.200000 -0.404161 1.946224 1.865190
 15.400000 -0.426386 1.957391 3.693419
 15.600000 -0.364532 1.837143 3.540803
 15.800000 -0.401753 1.954122 1.974822
 16.000000 -0.360481 1.900943 0.244116
 16.200000 -0.410723 1.960984 2.746340
 16.400000 -0.474081 1.921518 7.815741
 16.600000 -0.445240 1.870896 5.823575
 16.800000 -0.331772 1.947046 0.519026
 17.000000 -0.310730 1.914295 0.750330
 17.200000 -0.430422 2.016274 7.957016
 17.400000 -0.443221 1.900263 4.624685
 17.600000 -0.451830 1.983852 7.327561
 17.800000 -0.442535 1.955855 5.015929
 18.000000 -0.321184 1.907023 0.471108
 18.200000 -0.349419 1.914676 0.013513
 18.400000 -0.363416 1.813890 5.718019
 18.600000 -0.470451 1.890456 7.799580
 18.800000 -0.501607 1.951604 12.138193
 19.000000 -0.358434 1.923199 0.049448
 19.200000 -0.322017 1.877203 1.275720
 19.400000 -0.371981 1.902953 0.405517
 19.600000 -0.354979 1.850913 2.394501
 19.800000 -0.430842 1.925441 3.359201
 20.000000 -0.525558 1.964031 16.550143
 20.200000 -0.363742 1.940216 0.314840
 20.400000 -0.299890 1.933540 1.302702
 20.600000 -0.300252 1.856202 3.217737
 20.800000 -0.416507 1.890973 2.691430
 21.000000 -0.473593 1.930291 7.807918
 21.200000 -0.270949 1.861152 4.774511
 21.400000 -0.353505 1.880716 0.776056
 21.600000 -0.393874 1.911540 1.038532
 21.800000 -0.430361 1.944007 3.595926
 22.000000 -0.432057 1.959268 4.220162
 22.200000 -0.412998 1.979019 3.793426
 22.400000 -0.464957 1.917894 6.717332
 22.600000 -0.410081 1.893420 2.210991
 22.800000 -0.430712 1.885718 3.915946
 23.000000 -0.385130 1.850604 3.048633
 23.200000 -0.430943 1.871044 4.543560
 23.400000 -0.454624 1.871218 6.754441
 23.600000 -0.443444 1.883369 5.119448
 23.800000 -0.471121 1.929542 7.495544
 24.000000 -0.415694 1.873321 3.302725
 24.200000 -0.311696 1.879002 1.533055
 24.400000 -0.330472 1.897802 0.416183
 24.600000 -0.368138 1.992590 2.826541
 24.800000 -0.424602 1.948248 3.255751
 25.000000 -0.427780 1.958186 3.832301
 25.200000 -0.359194 1.991863 2.643342
 25.400000 -0.403643 1.919202 1.489571
 25.600000 -0.272274 1.962490 3.857079
 25.800000 -0.451710 1.879812 6.069937
 26.000000 -0.378649 1.993178 3.125173
 26.200000 -0.400112 1.893019 1.663158
 26.400000 -0.320044 1.867245 1.805428
 26.600000 -0.445505 1.842481 7.644257
 26.800000 -0.389831 1.931174 0.894886
 27.000000 -0.458930 1.868375 7.360457
 27.200000 -0.359551 1.955326 0.683806
 27.400000 -0.332146 1.923185 0.148662
 27.600000 -0.297956 1.954693 1.912706
 27.800000 -0.405634 1.911836 1.632196
 28.000000 -0.363341 1.972516 1.488121
 28.200000 -0.424254 1.894811 3.140404
 28.400000 -0.349335 1.904742 0.114342
 28.600000 -0.359979 1.914480 0.074031
 28.800000 -0.362955 1.816804 5.406991
 29.000000 -0.425638 1.892861 3.296185
 29.200000 -0.473175 1.837145 11.122605
 29.400000 -0.343678 1.891819 0.407718
 29.600000 -0.452959 1.904829 5.509864
 29.800000 -0.339222 1.920784 0.048873
 30.000000 -0.427124 1.930678 3.105025
 30.200000 -0.375294 1.965772 1.397846
 30.400000 -0.466257 1.964589 7.867185
 30.600000 -0.329182 1.900314 0.388759
 30.800000 -0.408472 1.888443 2.258161
 31.000000 -0.457558 1.906627 5.972814
 31.200000 -0.400623 1.905144 1.437391
 31.400000 -0.405954 1.861900 3.297947
 31.600000 -0.381356 1.923029 0.526343
 31.800000 -0.421281 1.865831 4.067213
 32.000000 -0.427393 1.902411 3.219854
 32.200000 -0.351916 1.918493 0.004999
 32.400000 -0.321148 1.879757 1.193896
 32.600000 -0.391632 2.142334 25.652726
 32.800000 -0.392808 1.938355 1.127692
 33.000000 -0.360488 1.991060 2.599830
 33.200000 -0.313489 1.975001 2.153003
 33.400000 -0.353840 1.985072 2.137584
 33.600000 -0.397387 1.944192 1.463420
 33.800000 -0.342947 1.892086 0.404492
 34.000000 -0.406163 1.872312 2.760567
 34.200000 -0.365969 1.825954 4.552251
 34.400000 -0.443032 1.902876 4.559051
 34.600000 -0.462546 1.895663 6.731690
 34.800000 -0.407129 1.911732 1.718729
 35.000000 -0.464830 1.878327 7.563246
 35.200000 -0.353928 1.980038 1.822380
 35.400000 -0.367907 1.913979 0.194801
 35.600000 -0.334018 1.912067 0.143605
 35.800000 -0.403094 1.992349 4.086655
 36.000000 -0.407868 1.931676 1.798622
 36.200000 -0.379326 1.955248 1.083914
 36.400000 -0.367403 1.903832 0.296611
 36.600000 -0.387447 1.888589 1.225534
 36.800000 -0.440605 1.868081 5.530314
 37.000000 -0.463063 1.898558 6.724575
 37.200000 -0.429512 1.859197 5.075943
 37.400000 -0.344614 1.854473 2.147789
 37.600000 -0.375126 1.906000 0.435657
 37.800000 -0.392147 1.893900 1.265025
 38.000000 -0.353264 1.941689 0.247023
 38.200000 -0.370763 1.948598 0.648261
 38.400000 -0.289217 1.945017 2.107297
 38.600000 -0.368430 1.981645 2.096025
 38.800000 -0.338752 2.019626 5.029630
 39.000000 -0.351970 1.943107 0.274370
 39.200000 -0.362879 1.965002 1.114199
 39.400000 -0.413271 1.858526 3.942213
 39.600000 -0.336799 1.842911 3.035946
 39.800000 -0.436106 1.930139 3.840780
 40.000000 -0.358571 1.862374 1.697600
 40.200000 -0.388837 1.934482 0.897747
 40.400000 -0.401828 1.849852 3.842679
 40.600000 -0.325116 1.859327 2.119050
 40.800000 -0.379019 1.979678 2.237571
 41.000000 -0.315487 1.909197 0.620645
 41.200000 -0.345536 1.987924 2.322467
 41.400000 -0.378578 1.949186 0.865407
 41.600000 -0.444710 2.005491 8.240057
 41.800000 -0.431501 1.971682 4.740429
 42.000000 -0.399284 1.909773 1.311815
 42.200000 -0.439941 1.836717 7.585719
 42.400000 -0.388498 1.880986 1.533109
 42.600000 -0.396614 1.872953 2.230631
 42.800000 -0.393089 1.889188 1.439471
 43.000000 -0.381096 1.839755 3.721537
 43.200000 -0.372563 1.974686 1.778882
 43.400000 -0.364352 1.905654 0.217781
 43.600000 -0.395509 1.967680 2.221732
 43.800000 -0.444264 1.976917 6.158917
 44.000000 -0.355741 1.934755 0.133182
 44.200000 -0.351443 1.952736 0.543185
 44.400000 -0.344248 1.892322 0.390849
 44.600000 -0.402665 1.992242 4.055839
 44.800000 -0.415836 1.896412 2.504091
 45.000000 -0.337596 1.856071 2.100441
 45.200000 -0.419103 1.895518 2.748956
 45.400000 -0.434796 1.903841 3.803143
 45.600000 -0.359454 1.813495 5.710936
 45.800000 -0.326550 1.962292 1.153654
 46.000000 -0.392353 1.871294 2.116321
 46.200000 -0.378035 2.035443 7.099046
 46.400000 -0.400398 1.860344 3.088700
 46.600000 -0.297861 1.936602 1.451076
 46.800000 -0.409413 1.971691 3.163988
 47.000000 -0.326913 1.965050 1.266341
 47.200000 -0.441456 1.994824 7.077591
 47.400000 -0.380403 1.903306 0.628069
 47.600000 -0.398340 1.865036 2.716928
 47.800000 -0.425643 1.916255 2.938549
 48.000000 -0.392613 1.914330 0.963465
 48.200000 -0.411840 1.913393 1.991204
 48.400000 -0.338035 1.904317 0.181665
 48.600000 -0.384559 1.870857 1.830656
 48.800000 -0.309343 1.914213 0.804898
 49.000000 -0.423439 1.968873 3.966731
 49.200000 -0.325850 1.939602 0.464315
 49.400000 -0.366736 1.888154 0.658837
 49.600000 -0.362848 1.934506 0.202200
 49.800000 -0.305755 1.913465 0.958371
 50.000000 -0.502669 1.939148 11.982989
 50.200000 -0.483015 1.964113 9.950206
 50.400000 -0.369055 1.802201 7.121823
 50.600000 -0.356587 1.889078 0.502108
 50.800000 -0.433419 1.843994 6.435739
 51.000000 -0.498821 1.889048 11.688006
 51.200000 -0.543495 1.897944 19.141631
 51.400000 -0.370919 1.912944 0.262718
 51.600000 -0.359888 1.943598 0.340266
 51.800000 -0.350553 1.898772 0.223494
 52.000000 -0.350744 1.894620 0.319992
 52.200000 -0.369312 1.948543 0.616241
 52.400000 -0.463203 1.932655 6.595435
 52.600000 -0.375902 1.921099 0.360847
 52.800000 -0.350474 1.976554 1.607970
 53.000000 -0.396497 1.895830 1.413626
 53.200000 -0.446357 1.923335 4.738800
 53.400000 -0.486375 1.936650 9.567763
 53.600000 -0.336747 1.805345 6.632940
 53.800000 -0.345567 1.893640 0.349924
 54.000000 -0.365145 1.919415 0.129364
 54.200000 -0.317849 1.889225 0.956570
 54.400000 -0.458253 2.026549 11.651917
 54.600000 -0.436127 1.930874 3.850410
 54.800000 -0.344019 1.945439 0.339832
 55.000000 -0.301114 1.997031 4.127155
 55.200000 -0.312927 1.865879 2.110117
 55.400000 -0.358969 1.927514 0.078305
 55.600000 -0.417397 1.881151 3.083887
 55.800000 -0.431144 1.909806 3.418962
 56.000000 -0.421844 1.864124 4.201684
 56.200000 -0.419456 1.940702 2.694559
 56.400000 -0.442009 1.931413 4.385942
 56.600000 -0.304161 1.860396 2.776314
 56.800000 -0.338275 1.967078 1.172902
 57.000000 -0.424909 1.954765 3.485179
 57.200000 -0.381271 1.970996 1.825925
 57.400000 -0.385643 1.882505 1.366750
 57.600000 -0.351715 1.978137 1.701495
 57.800000 -0.356642 1.903804 0.157624
 58.000000 -0.307312 1.890626 1.299098
 58.200000 -0.350765 1.792702 8.086307
 58.400000 -0.401734 1.922744 1.391124
 58.600000 -0.393808 1.833657 4.716633
 58.800000 -0.431751 1.949675 3.862773
 59.000000 -0.472463 1.942248 7.863975
 59.200000 -0.357237 1.875253 1.028380
 59.400000 -0.360212 1.926756 0.085887
 59.600000 -0.359258 1.933604 0.146360
 59.800000 -0.470220 1.938043 7.504492
 60.000000 -0.501148 1.976164 13.149427
 60.200000 -0.434715 1.923098 3.673165
 60.400000 -0.372459 1.916999 0.277710
 60.600000 -0.389295 1.893629 1.153294
 60.800000 -0.365941 1.845901 2.877517
 61.000000 -0.410438 1.903372 2.019216
 61.200000 -0.440707 1.996470 7.133490
 61.400000 -0.449912 1.932739 5.167845
 61.600000 -0.379299 1.949666 0.901173
 61.800000 -0.351581 1.925490 0.019001
 62.000000 -0.368418 1.867345 1.566270
 62.200000 -0.350976 1.910329 0.047266
 62.400000 -0.397127 1.935193 1.272466
 62.600000 -0.432042 1.977139 5.082826
 62.800000 -0.372009 1.945937 0.603137
 63.000000 -0.399621 1.859894 3.075981
 63.200000 -0.395122 1.944665 1.368156
 63.400000 -0.416128 1.888787 2.731468
 63.600000 -0.388082 1.895688 1.053339
 63.800000 -0.438830 1.945978 4.369848
 64.000000 -0.356406 1.900596 0.212524
 64.200000 -0.389008 1.898680 1.022048
 64.400000 -0.383133 1.943682 0.863953
 64.600000 -0.424775 1.915826 2.874050
 64.800000 -0.462979 1.945410 6.814476
 65.000000 -0.374978 1.953060 0.886756
 65.200000 -0.399101 1.895348 1.552241
 65.400000 -0.352679 1.902127 0.163801
 65.600000 -0.354067 1.890485 0.444013
 65.800000 -0.396541 1.942473 1.382582
 66.000000 -0.391962 1.949372 1.355459
 66.200000 -0.393349 1.928878 1.021162
 66.400000 -0.432760 1.936053 3.633396
 66.600000 -0.333205 1.909855 0.175859
 66.800000 -0.378770 1.879545 1.253911
 67.000000 -0.287626 1.945768 2.222983
 67.200000 -0.380596 1.910017 0.545550
 67.400000 -0.432083 1.941923 3.689257
 67.600000 -0.442670 1.894492 4.702720
 67.800000 -0.352301 1.991777 2.591087
 68.000000 -0.364990 1.910921 0.166756
 68.200000 -0.362655 1.911517 0.127146
 68.400000 -0.367542 1.859174 2.012211
 68.600000 -0.424269 1.909431 2.882155
 68.800000 -0.347526 1.887459 0.526153
 69.000000 -0.406793 1.928763 1.705846
 69.200000 -0.337057 1.936895 0.217157
 69.400000 -0.357279 1.944869 0.346402
 69.600000 -0.337625 1.895943 0.351505
 69.800000 -0.381986 1.936701 0.683622
 70.000000 -0.379959 1.914293 0.492713
 70.200000 -0.340798 1.929220 0.077961
 70.400000 -0.451650 1.988053 7.586735
 70.600000 -0.367463 1.903558 0.302146
 70.800000 -0.376515 1.874652 1.398730
 71.000000 -0.358881 1.880987 0.803792
 71.200000 -0.393436 1.844850 3.797763
 71.400000 -0.417409 1.883721 2.988505
 71.600000 -0.325385 1.881665 1.009885
 71.800000 -0.492673 1.966886 11.417160
 72.000000 -0.382213 1.939150 0.735373
 72.200000 -0.437877 1.877667 4.833893
 72.400000 -0.335318 1.965316 1.127530
 72.600000 -0.441468 1.920906 4.269670
 72.800000 -0.372821 1.941415 0.514432
 73.000000 -0.390064 1.908395 0.906166
 73.200000 -0.356763 1.959829 0.828301
 73.400000 -0.410402 1.893730 2.222532
 73.600000 -0.353391 1.897233 0.265386
 73.800000 -0.482652 1.891176 9.334063
 74.000000 -0.378072 1.889085 0.894300
 74.200000 -0.418824 1.842080 5.458154
 74.400000 -0.310149 1.862442 2.405787
 74.600000 -0.424536 1.909258 2.904063
 74.800000 -0.350901 1.906033 0.097303
 75.000000 -0.407766 1.888248 2.222588
 75.200000 -0.502032 2.003991 15.238197
 75.400000 -0.475786 1.929320 8.073734
 75.600000 -0.385048 1.941529 0.882086
 75.800000 -0.373095 1.960569 1.117193
 76.000000 -0.408563 1.862850 3.395186
 76.200000 -0.463334 1.936489 6.666856
 76.400000 -0.546379 1.785875 28.442484
 76.600000 -0.406700 2.000132 4.882426
 76.800000 -0.436809 1.890594 4.277752
 77.000000 -0.331648 1.880934 0.909376
 77.200000 -0.488636 1.911440 9.775367
 77.400000 -0.414777 1.855595 4.224142
 77.600000 -0.376907 1.934987 0.501955
 77.800000 -0.312629 1.903080 0.804659
 78.000000 -0.406617 1.915934 1.663791
 78.200000 -0.364752 1.964871 1.135933
 78.400000 -0.381399 1.927868 0.554771
 78.600000 -0.376688 2.029673 6.410660
 78.800000 -0.331438 1.935783 0.282108
 79.000000 -0.378020 1.921866 0.421191
 79.200000 -0.396497 1.857732 3.054936
 79.400000 -0.420419 1.929199 2.589228
 79.600000 -0.484953 1.887311 9.762428
 79.800000 -0.415730 1.881828 2.945386
 80.000000 -0.418851 1.873497 3.509843
 80.200000 -0.389690 1.831809 4.701830
 80.400000 -0.335210 1.937957 0.259698
 80.600000 -0.409294 1.922572 1.817416
 80.800000 -0.367886 1.956547 0.849987
 81.000000 -0.425268 1.971900 4.257330
 81.200000 -0.385396 1.999815 3.856173
 81.400000 -0.351327 1.962109 0.894959
 81.600000 -0.387787 1.823156 5.425662
 81.800000 -0.333837 1.892193 0.498754
 82.000000 -0.387604 1.897104 1.001554
 82.200000 -0.406806 1.929226 1.710813
 82.400000 -0.427499 1.900156 3.270035
 82.600000 -0.421353 1.868436 3.935011
 82.800000 -0.428026 1.917967 3.119152
 83.000000 -0.404293 1.930002 1.576398
 83.200000 -0.389581 1.915608 0.829801
 83.400000 -0.394209 1.964434 2.012288
 83.600000 -0.350293 1.918014 0.002461
 83.800000 -0.368410 1.954594 0.790262
 84.000000 -0.349097 1.958181 0.734159
 84.200000 -0.363626 1.884513 0.730775
 84.400000 -0.420778 1.960159 3.383225
 84.600000 -0.370862 1.854800 2.354070
 84.800000 -0.376891 1.901936 0.547802
 85.000000 -0.441271 1.912320 4.279362
 85.200000 -0.378973 1.938955 0.629493
 85.400000 -0.420665 1.913531 2.583294
 85.600000 -0.318106 1.939436 0.670818
 85.800000 -0.383534 1.844560 3.429241
 86.000000 -0.358266 1.967089 1.157513
 86.200000 -0.396404 1.877996 1.996862
 86.400000 -0.473833 1.949737 8.229629
 86.600000 -0.397822 1.950481 1.657335
 86.800000 -0.325164 1.906549 0.374264
 87.000000 -0.325305 1.964688 1.286965
 87.200000 -0.409004 1.890604 2.224276
 87.400000 -0.414213 1.997359 5.124977
 87.600000 -0.397596 1.938974 1.360215
 87.800000 -0.429916 1.928469 3.305446
 88.000000 -0.438756 1.946064 4.365399
 88.200000 -0.362066 1.908177 0.152777
 88.400000 -0.432380 1.873678 4.537111
 88.600000 -0.448607 1.943500 5.233605
 88.800000 -0.433269 1.824791 8.064356
 89.000000 -0.280544 1.872040 3.491102
 89.200000 -0.354184 1.826198 4.399570
 89.400000 -0.376773 1.954259 0.975415
 89.600000 -0.321979 1.856669 2.363562
 89.800000 -0.341425 2.004585 3.618198
 90.000000 -0.389684 1.967606 1.964676
 90.200000 -0.399136 1.933737 1.349776
 90.400000 -0.379447 1.924308 0.471376
 90.600000 -0.379515 1.858218 2.363564
 90.800000 -0.371922 1.927041 0.286973
 91.000000 -0.449923 1.898901 5.305754
 91.200000 -0.416991 1.894484 2.628971
 91.400000 -0.405390 1.914718 1.599409
 91.600000 -0.414243 1.901551 2.291662
 91.800000 -0.420585 1.902796 2.703124
 92.000000 -0.391878 2.002210 4.307022
 92.200000 -0.399520 1.937585 1.429832
 92.400000 -0.356166 1.933915 0.123948
 92.600000 -0.382716 1.915200 0.577030
 92.800000 -0.400274 1.932498 1.390946
 93.000000 -0.444798 1.989405 7.000469
 93.200000 -0.362873 1.885303 0.692499
 93.400000 -0.358589 1.920333 0.045451
 93.600000 -0.425165 1.833243 6.647011
 93.800000 -0.392414 1.862544 2.582211
 94.000000 -0.464696 1.984264 8.758989
 94.200000 -0.400398 1.851329 3.665919
 94.400000 -0.301494 1.908224 1.199261
 94.600000 -0.413615 1.894529 2.404179
 94.800000 -0.368650 1.903517 0.325365
 95.000000 -0.350957 1.923465 0.008278
 95.200000 -0.351024 1.916227 0.008527
 95.400000 -0.499996 2.003765 14.909791
 95.600000 -0.418234 1.941087 2.617355
 95.800000 -0.288357 1.853852 4.021441
 96.000000 -0.366918 1.869518 1.426632
 96.200000 -0.377364 1.899759 0.602452
 96.400000 -0.437057 1.883914 4.517363
 96.600000 -0.445006 1.883542 5.261810
 96.800000 -0.435952 1.893419 4.124191
 97.000000 -0.362750 1.914853 0.106178
 97.200000 -0.376024 1.841416 3.440268
 97.400000 -0.421918 1.876203 3.606768
 97.600000 -0.455915 1.842355 8.712007
 97.800000 -0.427630 1.939853 3.285998
 98.000000 -0.429950 1.835766 6.807243
 98.200000 -0.371718 1.950178 0.716079
 98.400000 -0.423666 1.826831 7.110019
 98.600000 -0.388163 1.945306 1.087977
 98.800000 -0.481889 1.977204 10.465042
 99.000000 -0.331938 1.951074 0.633765
 99.200000 -0.417762 1.937043 2.507170
 99.400000 -0.403146 1.972414 2.843169
 99.600000 -0.334242 1.920058 0.109888
 99.800000 -0.435229 1.948570 4.124151
 100.000000 -0.390392 1.948672 1.268933
 100.200000 -0.454605 1.875799 6.540033
 100.400000 -0.339636 1.948638 0.458478
 100.600000 -0.419684 1.806528 8.915709
 100.800000 -0.413822 1.909030 2.155321
 101.000000 -0.344294 1.908806 0.072506
 101.200000 -0.360322 1.855236 2.151603
 101.400000 -0.415077 1.932354 2.256780
 101.600000 -0.429581 1.810211 9.253094
 101.800000 -0.364909 1.921929 0.127633
 102.000000 -0.384978 1.904476 0.763192
 102.200000 -0.348859 2.038506 7.038238
 102.400000 -0.400535 1.923005 1.329474
 102.600000 -0.293022 1.928045 1.603937
 102.800000 -0.312720 1.937057 0.808364
 103.000000 -0.374186 2.001867 3.677899
 103.200000 -0.394465 1.880593 1.801589
 103.400000 -0.341626 1.904855 0.140289
 103.600000 -0.439011 1.871185 5.229746
 103.800000 -0.371956 1.905588 0.363861
 104.000000 -0.401503 1.862597 3.014481
 104.200000 -0.383741 1.876467 1.542771
 104.400000 -0.390944 1.998631 3.979160
 104.600000 -0.420179 1.839473 5.759788
 104.800000 -0.381127 1.893965 0.849297
 105.000000 -0.436643 1.954093 4.420784
 105.200000 -0.363009 1.914167 0.113428
 105.400000 -0.422129 1.962008 3.557288
 105.600000 -0.349792 1.905211 0.107589
 105.800000 -0.399893 1.911296 1.328402
 106.000000 -0.411642 1.948007 2.353937
 106.200000 -0.390785 1.888249 1.369924
 106.400000 -0.501258 1.975352 13.120797
 106.600000 -0.344332 1.830768 3.980075
 106.800000 -0.396256 1.836284 4.606067
 107.000000 -0.412665 1.916250 2.028978
 107.200000 -0.388872 1.896454 1.066235
 107.400000 -0.419953 1.871074 3.702596
 107.600000 -0.406307 1.987916 3.953942
 107.800000 -0.395698 1.878336 1.949484
 108.000000 -0.295878 1.954707 2.021534
 108.200000 -0.361560 1.989311 2.489601
 108.400000 -0.360719 1.933489 0.160749
 108.600000 -0.350677 1.986538 2.224149
 108.800000 -0.393964 1.862300 2.664641
 109.000000 -0.323013 1.926490 0.361341
 109.200000 -0.353381 1.927793 0.040759
 109.400000 -0.306539 1.825350 5.370582
 109.600000 -0.370610 1.901219 0.405860
 109.800000 -0.437628 1.987969 6.240924
 110.000000 -0.412683 1.855309 4.107151
 110.200000 -0.343169 1.995599 2.885409
 110.400000 -0.329725 1.911836 0.219245
 110.600000 -0.371868 1.962930 1.187386
 110.800000 -0.465494 1.971635 8.117975
 111.000000 -0.460178 1.913457 6.193457
 111.200000 -0.421837 1.886328 3.210133
 111.400000 -0.285691 1.861921 3.686764
 111.600000 -0.318017 1.824602 5.019305
 111.800000 -0.421199 1.925906 2.619886
 112.000000 -0.541312 1.893111 18.837142
 112.200000 -0.474266 1.866707 9.250282
 112.400000 -0.397511 1.864168 2.724374
 112.600000 -0.279640 1.921333 2.411060
 112.800000 -0.367902 1.897057 0.437447
 113.000000 -0.419397 1.978372 4.184977
 113.200000 -0.425003 1.888341 3.379999
 113.400000 -0.415057 2.000201 5.404549
 113.600000 -0.455419 1.952032 6.172972
 113.800000 -0.320376 1.977241 2.057737
 114.000000 -0.384102 1.922937 0.618493
 114.200000 -0.401334 1.817100 6.646027
 114.400000 -0.342319 1.888280 0.521481
 114.600000 -0.458110 1.933379 6.036695
 114.800000 -0.360348 1.939129 0.249252
 115.000000 -0.387128 1.830223 4.741986
 115.200000 -0.392514 1.908844 1.004590
 115.400000 -0.322378 1.929794 0.405426
 115.600000 -0.399436 1.905377 1.373475
 115.800000 -0.312487 1.984049 2.728951
 116.000000 -0.496430 1.914264 10.873712
 116.200000 -0.322669 1.887338 0.877284
 116.400000 -0.423294 1.895558 3.050251
 116.600000 -0.396900 1.920650 1.144362
 116.800000 -0.486171 1.892212 9.781216
 117.000000 -0.519808 1.970741 15.870741
 117.200000 -0.324625 1.885789 0.879188
 117.400000 -0.298842 1.888729 1.745876
 117.600000 -0.283558 1.966685 3.241839
 117.800000 -0.417350 1.891647 2.729375
 118.000000 -0.381877 2.041769 7.968861
 118.200000 -0.399417 1.890595 1.695931
 118.400000 -0.406531 1.955228 2.276500
 118.600000 -0.417496 1.927463 2.370213
 118.800000 -0.404695 1.915685 1.556010
 119.000000 -0.410926 1.904125 2.037142
 119.200000 -0.404070 1.872267 2.645383
 119.400000 -0.382447 1.886009 1.130154
 119.600000 -0.450663 1.899154 5.375400
 119.800000 -0.464088 1.924569 6.626087
 120.000000 -0.457455 1.928480 5.911263
 120.200000 -0.343218 1.899499 0.224418
 120.400000 -0.349043 1.897103 0.258980
 120.600000 -0.441264 1.977092 5.887924
 120.800000 -0.387873 1.934738 0.863652
 121.000000 -0.356664 1.908881 0.089156
 121.200000 -0.356411 1.956605 0.701989
 121.400000 -0.402180 1.935972 1.540343
 121.600000 -0.393731 1.931030 1.059854
 121.800000 -0.418636 1.892991 2.781056
 122.000000 -0.388286 1.864523 2.300289
 122.200000 -0.456422 1.893657 6.105980
 122.400000 -0.383300 1.864748 2.104775
 122.600000 -0.344657 1.907308 0.088523
 122.800000 -0.493089 1.921850 10.373276
 123.000000 -0.397762 1.958165 1.919233
 123.200000 -0.394608 1.875181 2.035224
 123.400000 -0.267867 1.913461 3.317114
 123.600000 -0.442121 1.906760 4.415486
 123.800000 -0.502806 1.980892 13.680370
 124.000000 -0.355770 1.925908 0.040745
 124.200000 -0.322413 1.836273 3.848732
 124.400000 -0.340861 1.939608 0.228612
 124.600000 -0.461686 1.787277 15.131101
 124.800000 -0.401019 1.931329 1.415304
 125.000000 -0.496774 1.839446 14.142256
 125.200000 -0.407913 1.897934 1.971930
 125.400000 -0.321824 1.862435 2.019991
 125.600000 -0.310960 1.976023 2.303023
 125.800000 -0.416131 1.930327 2.303647
 126.000000 -0.465476 1.951473 7.275270
 126.200000 -0.431116 1.994215 6.130229
 126.400000 -0.356301 1.892870 0.390461
 126.600000 -0.249894 1.936936 5.063275
 126.800000 -0.334692 1.872656 1.217504
 127.000000 -0.417470 1.972602 3.730318
 127.200000 -0.499983 1.965934 12.449285
 127.400000 -0.367894 1.938585 0.352520
 127.600000 -0.334820 1.846552 2.788666
 127.800000 -0.360070 1.896024 0.344679
 128.000000 -0.439907 1.866288 5.561119
 128.200000 -0.400025 1.982377 3.252482
 128.400000 -0.432033 1.943324 3.716975
 128.600000 -0.334684 1.937750 0.263400
 128.800000 -0.395694 1.889260 1.555354
 129.000000 -0.463681 2.021688 11.752554
 129.200000 -0.386660 1.902194 0.862730
 129.400000 -0.396480 1.920645 1.124366
 129.600000 -0.372665 1.920086 0.278480
 129.800000 -0.303207 1.864497 2.584132
 130.000000 -0.336195 1.895580 0.377640
 130.200000 -0.313795 1.942130 0.869940
 130.400000 -0.423325 2.027269 8.525363
 130.600000 -0.441304 1.896446 4.528074
 130.800000 -0.407510 1.938908 1.889246
 131.000000 -0.339728 1.923700 0.050963
 131.200000 -0.325407 1.820466 5.219645
 131.400000 -0.376630 1.915521 0.389312
 131.600000 -0.403549 1.801844 8.448320
 131.800000 -0.341469 1.894360 0.354030
 132.000000 -0.438818 1.874857 5.040408
 132.200000 -0.312713 1.905841 0.759076
 132.400000 -0.330775 1.910148 0.214452
 132.600000 -0.364758 1.958443 0.867365
 132.800000 -0.465818 1.920929 6.816147
 133.000000 -0.401086 1.949251 1.784891
 133.200000 -0.387550 1.941593 0.976635
 133.400000 -0.410263 1.897862 2.114563
 133.600000 -0.367682 1.973538 1.613854
 133.800000 -0.466378 1.885644 7.466538
 134.000000 -0.342693 1.843824 2.911175
 134.200000 -0.435597 1.841926 6.780841
 134.400000 -0.423035 1.893306 3.088305
 134.600000 -0.375476 1.958618 1.099741
 134.800000 -0.485967 1.892800 9.737171
 135.000000 -0.418167 1.938465 2.560522
 135.200000 -0.433029 1.960416 4.347259
 135.400000 -0.362217 1.874513 1.114758
 135.600000 -0.307805 1.947237 1.225917
 135.800000 -0.423404 1.946305 3.112668
 136.000000 -0.400553 1.944875 1.638257
 136.200000 -0.429359 1.975305 4.760454
 136.400000 -0.369763 1.927560 0.243822
 136.600000 -0.383960 1.995172 3.444547
 136.800000 -0.366389 1.880797 0.913099
 137.000000 -0.340908 1.798603 7.385208
 137.200000 -0.399987 1.876892 2.219743
 137.400000 -0.473379 1.832778 11.518725
 137.600000 -0.321448 1.880486 1.156606
 137.800000 -0.404951 1.874380 2.595902
 138.000000 -0.364446 1.934338 0.223052
 138.200000 -0.489823 1.917182 9.909822
 138.400000 -0.337996 1.970745 1.355781
 138.600000 -0.371401 1.906085 0.344325
 138.800000 -0.401185 2.010098 5.429445
 139.000000 -0.376818 1.935157 0.502059
 139.200000 -0.327311 1.928764 0.276266
 139.400000 -0.384782 1.966378 1.719666
 139.600000 -0.404941 1.892605 1.932479
 139.800000 -0.421841 1.846475 5.340986
 140.000000 -0.414412 1.885000 2.742718
 140.200000 -0.445133 1.844305 7.468834
 140.400000 -0.437072 1.839730 7.083169
 140.600000 -0.419816 1.870410 3.725590
 140.800000 -0.420510 1.871976 3.698678
 141.000000 -0.490788 2.016360 14.698460
 141.200000 -0.393602 1.908831 1.052569
 141.400000 -0.395443 1.891082 1.489573
 141.600000 -0.378843 1.937151 0.592781
 141.800000 -0.312952 1.988686 3.020467
 142.000000 -0.384527 1.995307 3.474666
 142.200000 -0.369141 1.980272 2.026154
 142.400000 -0.445531 1.881805 5.376969
 142.600000 -0.400038 1.908246 1.366554
 142.800000 -0.384763 1.892776 1.003961
 143.000000 -0.385340 1.833927 4.350366
 143.200000 -0.397416 1.851812 3.484334
 143.400000 -0.411818 1.877113 2.882694
 143.600000 -0.408075 1.833932 5.433098
 143.800000 -0.404660 1.978333 3.254762
 144.000000 -0.459383 1.979462 7.861053
 144.200000 -0.357905 1.959211 0.813213
 144.400000 -0.334988 1.957599 0.811128
 144.600000 -0.294279 1.937997 1.665219
 144.800000 -0.380449 2.043191 8.097502
 145.000000 -0.362621 1.888077 0.597022
 145.200000 -0.477970 1.953053 8.858883
 145.400000 -0.517975 1.879731 15.070375
 145.600000 -0.368741 1.882079 0.907325
 145.800000 -0.368621 1.799824 7.395821
 146.000000 -0.465300 1.779745 16.571621
 146.200000 -0.470563 1.897342 7.634305
 146.400000 -0.457854 1.845428 8.687722
 146.600000 -0.382667 1.912728 0.589951
 146.800000 -0.373407 1.936198 0.429681
 147.000000 -0.300832 1.930918 1.224364
 147.200000 -0.425314 2.021173 8.038813
 147.400000 -0.562498 1.993282 25.471953
 147.600000 -0.430467 2.024193 8.755535
 147.800000 -0.396770 1.926557 1.160259
 148.000000 -0.312491 1.879763 1.472825
 148.200000 -0.346031 1.880282 0.787914
 148.400000 -0.399253 1.977047 2.894410
 148.600000 -0.489770 1.910411 9.943458
 148.800000 -0.347323 1.887554 0.523443
 149.000000 -0.383636 1.942173 0.846420
 149.200000 -0.394368 1.878473 1.882685
 149.400000 -0.403013 1.826611 5.803074
 149.600000 -0.461746 1.943423 6.626006
 149.800000 -0.435935 1.937236 3.924051
 150.000000 -0.361871 1.894875 0.394155
 150.200000 -0.376884 1.905194 0.494497
 150.400000 -0.360649 1.936428 0.204287
 150.600000 -0.299474 1.861994 2.904008
 150.800000 -0.364568 1.932066 0.194629
 151.000000 -0.397706 2.036604 7.997294
 151.200000 -0.331368 1.954204 0.746286
 151.400000 -0.318110 1.884770 1.094867
 151.600000 -0.352332 1.916444 0.011175
 151.800000 -0.457129 1.914993 5.850697
 152.000000 -0.407130 1.936625 1.826204
 152.200000 -0.434219 1.954914 4.239874
 152.400000 -0.412551 1.888995 2.491530
 152.600000 -0.336806 1.896065 0.358308
 152.800000 -0.406240 1.904168 1.757599
 153.000000 -0.414190 1.917205 2.124082
 153.200000 -0.336845 1.931665 0.144330
 153.400000 -0.341500 1.914884 0.041014
 153.600000 -0.505034 2.011516 16.363250
 153.800000 -0.377757 1.958754 1.167888
 154.000000 -0.391149 1.870486 2.104510
 154.200000 -0.415564 1.980233 4.033301
 154.400000 -0.365261 1.879862 0.931132
 154.600000 -0.441381 1.920633 4.261343
 154.800000 -0.411378 1.857445 3.889379
 155.000000 -0.380074 1.870150 1.716383
 155.200000 -0.409364 1.872305 2.948754
 155.400000 -0.470873 1.936708 7.560353
 155.600000 -0.459222 1.938875 6.247897
 155.800000 -0.391448 1.945184 1.218745
 156.000000 -0.352159 1.836720 3.461088
 156.200000 -0.387244 2.006153 4.451887
 156.400000 -0.403881 1.907837 1.574668
 156.600000 -0.393881 1.925183 1.018350
 156.800000 -0.470492 1.843035 10.323325
 157.000000 -0.381037 1.884817 1.125162
 157.200000 -0.405799 1.885560 2.197645
 157.400000 -0.305136 1.907795 1.037700
 157.600000 -0.342590 1.867323 1.401160
 157.800000 -0.400171 1.974236 2.784166
 158.000000 -0.446540 1.882644 5.443209
 158.200000 -0.357545 1.938338 0.206629
 158.400000 -0.308319 1.938917 1.011693
 158.600000 -0.311790 1.927486 0.723795
 158.800000 -0.337553 1.929356 0.111339
 159.000000 -0.496099 1.958053 11.538581
 159.200000 -0.375732 1.985918 2.537249
 159.400000 -0.357463 1.865869 1.492886
 159.600000 -0.277482 1.882336 3.266251
 159.800000 -0.389349 1.806100 7.282337
 160.000000 -0.397975 1.946313 1.545865
 160.200000 -0.477359 1.900906 8.409197
 160.400000 -0.428646 1.998476 6.256611
 160.600000 -0.343283 1.870422 1.238903
 160.800000 -0.371886 1.876853 1.185284
 161.000000 -0.382638 1.978165 2.263159
 161.200000 -0.340157 1.950071 0.495974
 161.400000 -0.351577 1.958777 0.760339
 161.600000 -0.310851 1.936553 0.869487
 161.800000 -0.342596 1.913996 0.038138
 162.000000 -0.421362 1.951955 3.128376
 162.200000 -0.392710 1.949699 1.397523
 162.400000 -0.395371 1.893010 1.432606
 162.600000 -0.369930 1.895281 0.519791
 162.800000 -0.456055 1.888306 6.221254
 163.000000 -0.349553 1.881733 0.727036
 163.200000 -0.392575 1.893799 1.286175
 163.400000 -0.309252 1.921556 0.794023
 163.600000 -0.398645 2.000924 4.514609
 163.800000 -0.460766 1.911144 6.276422
 164.000000 -0.401851 1.946492 1.747686
 164.200000 -0.285341 1.895772 2.320616
 164.400000 -0.411142 1.895518 2.223027
 164.600000 -0.433352 1.981630 5.459743
 164.800000 -0.489096 1.967985 10.962132
 165.000000 -0.323199 1.920376 0.334690
 165.200000 -0.399427 1.955143 1.890473
 165.400000 -0.353798 1.927700 0.041909
 165.600000 -0.473770 1.865229 9.267883
 165.800000 -0.411146 1.902857 2.071581
 166.000000 -0.374838 1.937422 0.486282
 166.200000 -0.370801 1.940971 0.458991
 166.400000 -0.381386 1.915493 0.531857
 166.600000 -0.491190 1.916243 10.106181
 166.800000 -0.474483 1.963784 8.829316
 167.000000 -0.329503 1.915094 0.202722
 167.200000 -0.364139 1.912940 0.137557
 167.400000 -0.439184 2.006229 7.790270
 167.600000 -0.409454 1.887567 2.344876
 167.800000 -0.328468 1.912380 0.240140
 168.000000 -0.370033 1.962825 1.142719
 168.200000 -0.410857 1.956585 2.583353
 168.400000 -0.366305 1.936360 0.284684
 168.600000 -0.392062 1.961169 1.777461
 168.800000 -0.345182 1.849839 2.459158
 169.000000 -0.401071 1.936477 1.490301
 169.200000 -0.299846 1.824312 5.776219
 169.400000 -0.410324 1.920920 1.876828
 169.600000 -0.381835 1.895502 0.833625
 169.800000 -0.304717 1.876450 1.925741
 170.000000 -0.360962 1.964563 1.069833
 170.200000 -0.473649 1.932746 7.843464
 170.400000 -0.454251 1.974179 7.007128
 170.600000 -0.407147 1.963250 2.627996
 170.800000 -0.294467 1.884900 2.101672
 171.000000 -0.345505 1.882799 0.693181
 171.200000 -0.415776 1.958929 2.988272
 171.400000 -0.408294 1.877067 2.669695
 171.600000 -0.416713 1.910236 2.334424
 171.800000 -0.366069 1.898148 0.380311
 172.000000 -0.372383 1.933424 0.363799
 172.200000 -0.313490 1.961536 1.501160
 172.400000 -0.492743 1.919912 10.321562
 172.600000 -0.458596 2.005484 9.663889
 172.800000 -0.372276 1.934751 0.380198
 173.000000 -0.331603 1.889327 0.618667
 173.200000 -0.416850 1.982156 4.237601
 173.400000 -0.332294 1.899864 0.340620
 173.600000 -0.417257 1.885310 2.921935
 173.800000 -0.361637 1.918625 0.079788
 174.000000 -0.425410 1.890931 3.332734
 174.200000 -0.432279 1.877551 4.357366
 174.400000 -0.375994 1.925431 0.378080
 174.600000 -0.421850 1.895922 2.935313
 174.800000 -0.443338 1.967232 5.565535
 175.000000 -0.435713 1.914667 3.767386
 175.200000 -0.374481 1.917868 0.324946
 175.400000 -0.359635 1.881633 0.786579
 175.600000 -0.398195 1.944543 1.511421
 175.800000 -0.394466 1.920962 1.031173
 176.000000 -0.335823 1.925601 0.104154
 176.200000 -0.427345 1.951961 3.578983
 176.400000 -0.418872 1.983195 4.442018
 176.600000 -0.470997 1.916170 7.440377
 176.800000 -0.382890 1.944394 0.872939
 177.000000 -0.310271 1.886084 1.322984
 177.200000 -0.343536 1.793437 8.006993
 177.400000 -0.386369 1.856130 2.726638
 177.600000 -0.431280 1.968025 4.539403
 177.800000 -0.367766 1.933078 0.262174
 178.000000 -0.376314 1.885378 0.965804
 178.200000 -0.348275 1.979498 1.778556
 178.400000 -0.439728 1.897505 4.359763
 178.600000 -0.401472 1.970407 2.650617
 178.800000 -0.341096 1.851691 2.355406
 179.000000 -0.356682 1.926917 0.053884
 179.200000 -0.416312 1.970448 3.540512
 179.400000 -0.409151 1.927656 1.835473
 179.600000 -0.425770 1.938941 3.123751
 179.800000 -0.372647 1.918108 0.279581
 180.000000 -0.401571 1.899092 1.594088
 180.200000 -0.352895 1.883597 0.664907
 180.400000 -0.396845 1.969946 2.395646
 180.600000 -0.342439 1.885933 0.597545
 180.800000 -0.330796 1.967053 1.280360
 181.000000 -0.415702 1.865844 3.679198
 181.200000 -0.404010 1.967298 2.634513
 181.400000 -0.382806 1.887620 1.088958
 181.600000 -0.446896 1.936280 4.920151
 181.800000 -0.322867 1.984892 2.457626
 182.000000 -0.346025 1.867741 1.362937
 182.200000 -0.328164 1.929730 0.267134
 182.400000 -0.456717 1.920771 5.794773
 182.600000 -0.348154 1.943510 0.280024
 182.800000 -0.405978 1.938135 1.786424
 183.000000 -0.274619 1.960135 3.582090
 183.200000 -0.337432 1.954911 0.681896
 183.400000 -0.414102 1.968806 3.312595
 183.600000 -0.463723 1.891172 6.984701
 183.800000 -0.341100 1.931471 0.099113
 184.000000 -0.311440 1.918103 0.709399
 184.200000 -0.423590 1.907011 2.859482
 184.400000 -0.347300 1.945432 0.328458
 184.600000 -0.489844 1.899897 10.108506
 184.800000 -0.431647 1.953555 3.977433
 185.000000 -0.395403 1.874782 2.089696
 185.200000 -0.241171 1.918765 5.821282
 185.400000 -0.416242 1.862799 3.884447
 185.600000 -0.425697 2.029095 8.902102
 185.800000 -0.505769 1.866076 13.724379
 186.000000 -0.310607 2.009172 4.727704
 186.200000 -0.386655 1.886836 1.251839
 186.400000 -0.284127 1.938858 2.288942
 186.600000 -0.357045 1.890357 0.467115
 186.800000 -0.302527 1.969610 2.320343
 187.000000 -0.421101 1.919036 2.594870
 187.200000 -0.453669 2.063142 15.735420
 187.400000 -0.311870 1.901628 0.858009
 187.600000 -0.251667 1.846379 7.443100
 187.800000 -0.413830 1.951091 2.584801
 188.000000 -0.512095 1.866763 14.699009
 188.200000 -0.354655 1.910517 0.059279
 188.400000 -0.381332 1.837934 3.876646
 188.600000 -0.285100 1.927027 2.071461
 188.800000 -0.436566 1.940416 4.039385
 189.000000 -0.443371 1.971294 5.769309
 189.200000 -0.494090 1.941069 10.740855
 189.400000 -0.374081 1.955521 0.948650
 189.600000 -0.339196 1.861144 1.772648
 189.800000 -0.321893 1.948099 0.767834
 190.000000 -0.436954 1.916223 3.868827
 190.200000 -0.319537 1.892485 0.810723
 190.400000 -0.457442 1.882036 6.588103
 190.600000 -0.340020 1.941859 0.282843
 190.800000 -0.441633 1.880770 5.048464
 191.000000 -0.430636 1.998791 6.441708
 191.200000 -0.522606 1.853656 17.249640
 191.400000 -0.418952 1.969809 3.689403
 191.600000 -0.412980 1.943598 2.324213
 191.800000 -0.399392 1.877148 2.178612
 192.000000 -0.336587 1.883041 0.755746
 192.200000 -0.426373 1.848813 5.512221
 192.400000 -0.418342 1.961585 3.270001
 192.600000 -0.375963 1.914245 0.377500
 192.800000 -0.361651 1.903355 0.215436
 193.000000 -0.413530 1.958106 2.809094
 193.200000 -0.437478 1.895937 4.194574
 193.400000 -0.382605 1.915587 0.571571
 193.600000 -0.319278 1.928548 0.481384
 193.800000 -0.429797 1.946826 3.622265
 194.000000 -0.434996 2.001388 7.015231
 194.200000 -0.309495 1.899325 0.993797
 194.400000 -0.391345 1.949075 1.320485
 194.600000 -0.396436 1.900698 1.305620
 194.800000 -0.223591 1.877893 8.752727
 195.000000 -0.382517 1.948665 0.974277
 195.200000 -0.439572 2.067278 14.961479
 195.400000 -0.532501 1.952888 17.369545
 195.600000 -0.314568 1.927422 0.623614
 195.800000 -0.406149 1.872658 2.743384
 196.000000 -0.307304 1.949492 1.311005
 196.200000 -0.394572 1.809559 7.118776
 196.400000 -0.462306 1.889803 6.863391
 196.600000 -0.439836 1.851914 6.428117
 196.800000 -0.359524 1.905588 0.156571
 197.000000 -0.244632 1.830692 9.428815
 197.200000 -0.405642 1.936923 1.745979
 197.400000 -0.510552 1.932509 13.118815
 197.600000 -0.523522 1.923317 15.223516
 197.800000 -0.326467 2.034424 6.817573
 198.000000 -0.351513 1.879810 0.805098
 198.200000 -0.360806 1.980486 1.906574
 198.400000 -0.461690 1.937334 6.494730
 198.600000 -0.267730 1.946206 3.654754
 198.800000 -0.416288 1.928376 2.295635
 199.000000 -0.400275 1.979163 3.069486
 199.200000 -0.387510 1.848037 3.318365
 199.400000 -0.386805 1.917092 0.715959
 199.600000 -0.313520 1.832758 4.425273
 199.800000 -0.390201 1.964518 1.843100
 200.000000 -0.384685 1.903672 0.765411
