#! FIELDS time phi psi restraint.bias
#! SET min_phi -pi
#! SET max_phi pi
#! SET min_psi -pi
#! SET max_psi pi
 0.000000 1.372435 -1.453987 71.190922
 0.200000 1.620559 -1.382545 7.877951
 0.400000 1.644257 -1.405545 5.150912
 0.600000 1.691939 -1.469753 4.125655
 0.800000 1.727331 -1.398126 0.163702
 1.000000 1.640249 -1.438301 6.404484
 1.200000 1.717270 -1.375743 0.604203
 1.400000 1.589810 -1.388656 12.122006
 1.600000 1.696497 -1.414601 1.360417
 1.800000 1.737709 -1.453050 1.641398
 2.000000 1.612174 -1.391377 8.877086
 2.200000 1.801227 -1.417915 1.796703
 2.400000 1.705701 -1.411994 0.908935
 2.600000 1.622667 -1.333473 9.494284
 2.800000 1.711113 -1.417871 0.818803
 3.000000 1.664995 -1.343999 4.592579
 3.200000 1.641590 -1.353972 6.275182
 3.400000 1.725394 -1.341793 1.682217
 3.600000 1.583824 -1.383080 13.128923
 3.800000 1.708810 -1.371063 0.984355
 4.000000 1.603716 -1.382861 10.116954
 4.200000 1.611549 -1.442894 10.035837
 4.400000 1.753481 -1.379570 0.172566
 4.600000 1.622339 -1.465099 9.932523
 4.800000 1.664996 -1.427425 3.712253
 5.000000 1.596166 -1.314692 14.451774
 5.200000 1.627955 -1.339053 8.524843
 5.400000 1.653349 -1.443293 5.336121
 5.600000 1.645966 -1.402763 4.957621
 5.800000 1.735157 -1.411907 0.174105
 6.000000 1.775009 -1.480458 3.984826
 6.200000 1.654867 -1.442994 5.183561
 6.400000 1.644835 -1.387897 5.084550
 6.600000 1.642052 -1.403659 5.360483
 6.800000 1.656537 -1.403026 3.964915
 7.000000 1.688754 -1.422890 1.954856
 7.200000 1.781112 -1.364878 1.132699
 7.400000 1.654485 -1.319178 7.097476
 7.600000 1.694183 -1.320977 4.142022
 7.800000 1.681995 -1.343430 3.401288
 8.000000 1.777700 -1.236356 13.309070
 8.200000 1.661784 -1.317757 6.571580
 8.400000 1.714922 -1.393427 0.466315
 8.600000 1.651135 -1.260241 13.687286
 8.800000 1.779707 -1.316430 3.777565
 9.000000 1.652051 -1.273160 11.927730
 9.200000 1.658434 -1.359551 4.449274
 9.400000 1.648909 -1.405855 4.694426
 9.600000 1.679172 -1.352001 3.167963
 9.800000 1.692598 -1.366978 1.819143
 10.000000 1.677797 -1.414166 2.440531
 10.200000 1.658011 -1.347226 5.014614
 10.400000 1.720842 -1.419123 0.561098
 10.600000 1.697942 -1.418058 1.360283
 10.800000 1.647058 -1.439322 5.755601
 11.000000 1.667987 -1.430086 3.562912
 11.200000 1.651978 -1.413372 4.503606
 11.400000 1.622017 -1.482222 11.297442
 11.600000 1.686312 -1.465890 4.165425
 11.800000 1.658258 -1.493883 8.555478
 12.000000 1.652639 -1.388605 4.325021
 12.200000 1.690122 -1.391346 1.536032
 12.400000 1.730693 -1.351896 1.091362
 12.600000 1.624568 -1.432796 7.958890
 12.800000 1.680824 -1.320273 4.967752
 13.000000 1.710134 -1.305192 4.766351
 13.200000 1.723029 -1.345823 1.520779
 13.400000 1.735628 -1.353636 0.955615
 13.600000 1.640612 -1.280289 12.207851
 13.800000 1.772402 -1.349703 1.450414
 14.000000 1.608984 -1.359111 9.985162
 14.200000 1.754724 -1.450905 1.536995
 14.400000 1.650161 -1.364586 5.030246
 14.600000 1.644883 -1.382883 5.134248
 14.800000 1.715520 -1.356691 1.227301
 15.000000 1.616066 -1.429390 8.903211
 15.200000 1.622429 -1.313990 10.936743
 15.400000 1.617945 -1.384023 8.188248
 15.600000 1.632415 -1.367962 6.775281
 15.800000 1.717341 -1.387382 0.431110
 16.000000 1.635370 -1.419303 6.310902
 16.200000 1.687597 -1.331689 3.751441
 16.400000 1.762662 -1.409416 0.236716
 16.600000 1.548008 -1.348718 20.598220
 16.800000 1.733157 -1.405704 0.118641
 17.000000 1.659582 -1.335056 5.549447
 17.200000 1.627602 -1.362855 7.487886
 17.400000 1.690070 -1.352762 2.472944
 17.600000 1.584379 -1.340010 14.534768
 17.800000 1.696414 -1.412650 1.330636
 18.000000 1.651187 -1.397977 4.432832
 18.200000 1.646432 -1.389373 4.914029
 18.400000 1.744952 -1.275642 7.274862
 18.600000 1.641024 -1.423588 5.813145
 18.800000 1.681482 -1.328764 4.316346
 19.000000 1.648737 -1.293318 9.963870
 19.200000 1.624931 -1.310081 10.961618
 19.400000 1.614547 -1.317793 11.630743
 19.600000 1.644212 -1.341244 6.625944
 19.800000 1.691354 -1.366062 1.912765
 20.000000 1.648054 -1.374222 4.974195
 20.200000 1.688944 -1.347642 2.771699
 20.400000 1.639513 -1.338724 7.253916
 20.600000 1.688705 -1.385957 1.656266
 20.800000 1.723475 -1.415601 0.425787
 21.000000 1.792286 -1.362729 1.664777
 21.200000 1.581646 -1.284216 19.673473
 21.400000 1.718532 -1.384346 0.430054
 21.600000 1.746119 -1.277285 7.078269
 21.800000 1.586784 -1.350667 13.607841
 22.000000 1.743639 -1.487719 4.183498
 22.200000 1.613774 -1.400866 8.663929
 22.400000 1.702920 -1.423111 1.259660
 22.600000 1.607095 -1.450646 11.033127
 22.800000 1.618605 -1.397867 8.030831
 23.000000 1.731697 -1.434374 0.819121
 23.200000 1.677096 -1.396975 2.328151
 23.400000 1.619547 -1.286434 13.941802
 23.600000 1.680531 -1.411177 2.210603
 23.800000 1.694988 -1.352488 2.225247
 24.000000 1.671685 -1.330485 4.875083
 24.200000 1.760724 -1.347824 1.291686
 24.400000 1.647248 -1.294120 10.026621
 24.600000 1.669514 -1.289247 8.600295
 24.800000 1.623389 -1.382813 7.525213
 25.000000 1.709131 -1.398566 0.657796
 25.200000 1.713018 -1.353486 1.436958
 25.400000 1.722661 -1.461688 2.397107
 25.600000 1.732029 -1.365757 0.553767
 25.800000 1.747273 -1.436850 0.825519
 26.000000 1.625556 -1.403315 7.197695
 26.200000 1.664189 -1.438594 4.187811
 26.400000 1.734549 -1.410602 0.160907
 26.600000 1.739407 -1.394851 0.018532
 26.800000 1.721402 -1.443083 1.382278
 27.000000 1.721286 -1.332380 2.329607
 27.200000 1.639987 -1.400774 5.558651
 27.400000 1.692743 -1.372336 1.668930
 27.600000 1.671527 -1.375675 2.935369
 27.800000 1.690327 -1.453034 3.124059
 28.000000 1.757712 -1.421095 0.384972
 28.200000 1.575178 -1.325998 16.944361
 28.400000 1.673830 -1.342260 4.014239
 28.600000 1.615798 -1.404093 8.419888
 28.800000 1.716534 -1.432952 1.087619
 29.000000 1.731494 -1.424222 0.486549
 29.200000 1.611374 -1.337049 10.725130
 29.400000 1.693464 -1.328911 3.613133
 29.600000 1.692987 -1.333178 3.359741
 29.800000 1.659796 -1.266943 12.019840
 30.000000 1.676992 -1.344491 3.675206
 30.200000 1.653763 -1.355189 5.035721
 30.400000 1.778596 -1.288078 6.405396
 30.600000 1.735103 -1.425089 0.467749
 30.800000 1.710571 -1.414891 0.777561
 31.000000 1.714497 -1.411136 0.585891
 31.200000 1.644335 -1.339878 6.689531
 31.400000 1.675208 -1.385981 2.511371
 31.600000 1.761838 -1.468200 2.723733
 31.800000 1.589930 -1.401119 12.086296
 32.000000 1.703312 -1.455881 2.659863
 32.200000 1.644090 -1.430243 5.702005
 32.400000 1.711998 -1.328744 2.834921
 32.600000 1.663545 -1.367470 3.758836
 32.800000 1.636430 -1.429435 6.479684
 33.000000 1.651967 -1.386191 4.408967
 33.200000 1.648822 -1.394683 4.658117
 33.400000 1.642301 -1.306023 9.379142
 33.600000 1.643302 -1.265015 13.817830
 33.800000 1.679522 -1.388105 2.198561
 34.000000 1.616066 -1.407364 8.416074
 34.200000 1.674437 -1.324037 5.121216
 34.400000 1.663730 -1.405845 3.375135
 34.600000 1.709027 -1.406298 0.709256
 34.800000 1.676427 -1.469607 5.063416
 35.000000 1.656604 -1.368663 4.316997
 35.200000 1.680480 -1.405184 2.142511
 35.400000 1.699208 -1.390978 1.077541
 35.600000 1.692933 -1.399869 1.379174
 35.800000 1.668667 -1.451076 4.440753
 36.000000 1.741487 -1.332410 2.045986
 36.200000 1.736403 -1.435250 0.799800
 36.400000 1.667254 -1.367941 3.448970
 36.600000 1.715903 -1.249309 11.230762
 36.800000 1.721356 -1.402842 0.308987
 37.000000 1.644274 -1.435513 5.876332
 37.200000 1.601630 -1.348707 11.455523
 37.400000 1.697575 -1.313868 4.534774
 37.600000 1.658608 -1.384533 3.829108
 37.800000 1.618347 -1.354156 8.948839
 38.000000 1.789920 -1.367357 1.411940
 38.200000 1.671103 -1.416297 2.955423
 38.400000 1.612129 -1.385891 8.924916
 38.600000 1.686010 -1.360844 2.386633
 38.800000 1.660575 -1.353209 4.518501
 39.000000 1.712722 -1.352216 1.501713
 39.200000 1.731230 -1.405358 0.140745
 39.400000 1.621833 -1.377721 7.797520
 39.600000 1.674686 -1.429359 3.042887
 39.800000 1.598234 -1.388406 10.849375
 40.000000 1.707489 -1.364031 1.235425
 40.200000 1.696689 -1.406498 1.235327
 40.400000 1.658252 -1.387329 3.831145
 40.600000 1.683626 -1.455223 3.641762
 40.800000 1.652102 -1.370564 4.675926
 41.000000 1.654857 -1.332860 6.102592
 41.200000 1.664137 -1.436693 4.113377
 41.400000 1.631179 -1.508426 12.805444
 41.600000 1.711695 -1.414259 0.727563
 41.800000 1.695478 -1.372431 1.526567
 42.000000 1.611315 -1.376964 9.166121
 42.200000 1.711465 -1.350549 1.618293
 42.400000 1.698369 -1.404278 1.134735
 42.600000 1.660502 -1.375853 3.806153
 42.800000 1.744692 -1.444831 1.179600
 43.000000 1.677412 -1.396145 2.306376
 43.200000 1.713286 -1.431387 1.130225
 43.400000 1.659782 -1.380331 3.786087
 43.600000 1.728241 -1.306636 4.162573
 43.800000 1.699272 -1.462306 3.241481
 44.000000 1.643398 -1.274609 12.594844
 44.200000 1.658823 -1.316323 6.936863
 44.400000 1.637703 -1.435675 6.568347
 44.600000 1.610767 -1.387053 9.095854
 44.800000 1.637478 -1.384411 5.886162
 45.000000 1.714638 -1.301767 4.935719
 45.200000 1.586592 -1.382214 12.697479
 45.400000 1.700331 -1.412363 1.141999
 45.600000 1.611943 -1.336709 10.669239
 45.800000 1.676466 -1.391508 2.382378
 46.000000 1.663316 -1.339462 4.976251
 46.200000 1.649691 -1.359824 5.237205
 46.400000 1.750862 -1.391662 0.025892
 46.600000 1.639897 -1.357531 6.308047
 46.800000 1.674955 -1.446825 3.754507
 47.000000 1.706954 -1.423145 1.097630
 47.200000 1.660927 -1.416346 3.763494
 47.400000 1.691364 -1.382388 1.552404
 47.600000 1.685745 -1.377067 1.959369
 47.800000 1.696998 -1.471014 3.961727
 48.000000 1.683802 -1.444064 3.035262
 48.200000 1.666560 -1.381478 3.211595
 48.400000 1.702420 -1.387976 0.954951
 48.600000 1.649924 -1.378886 4.702076
 48.800000 1.657275 -1.405272 3.917374
 49.000000 1.681439 -1.366238 2.491777
 49.200000 1.701789 -1.376589 1.141413
 49.400000 1.646243 -1.325306 7.426528
 49.600000 1.647401 -1.323614 7.433904
 49.800000 1.640262 -1.373079 5.788272
 50.000000 1.655736 -1.326931 6.416981
 50.200000 1.638700 -1.367639 6.094600
 50.400000 1.658776 -1.417571 3.972758
 50.600000 1.630646 -1.386095 6.627826
 50.800000 1.723413 -1.397637 0.241099
 51.000000 1.595360 -1.354507 12.117110
 51.200000 1.626878 -1.383286 7.099597
 51.400000 1.671958 -1.447590 4.008922
 51.600000 1.723013 -1.404345 0.281661
 51.800000 1.720358 -1.394040 0.314260
 52.000000 1.749081 -1.378125 0.171549
 52.200000 1.679575 -1.436730 2.980551
 52.400000 1.643881 -1.338593 6.808790
 52.600000 1.801155 -1.463458 3.815836
 52.800000 1.675178 -1.346492 3.699241
 53.000000 1.674861 -1.394364 2.484717
 53.200000 1.727167 -1.384873 0.229804
 53.400000 1.682444 -1.360109 2.630813
 53.600000 1.755940 -1.323575 2.698081
 53.800000 1.710658 -1.393011 0.606323
 54.000000 1.588755 -1.414154 12.417790
 54.200000 1.659118 -1.349514 4.808912
 54.400000 1.733758 -1.299306 4.767353
 54.600000 1.663839 -1.436616 4.134480
 54.800000 1.682141 -1.247574 13.050665
 55.000000 1.681677 -1.387593 2.063382
 55.200000 1.627211 -1.377453 7.152879
 55.400000 1.652736 -1.321935 7.049166
 55.600000 1.747321 -1.368989 0.373926
 55.800000 1.606217 -1.374316 9.916988
 56.000000 1.648744 -1.428984 5.199664
 56.200000 1.740670 -1.444139 1.156870
 56.400000 1.620352 -1.453036 9.421247
 56.600000 1.641429 -1.450607 6.874232
 56.800000 1.700306 -1.303404 5.324953
 57.000000 1.552575 -1.411723 18.696592
 57.200000 1.618577 -1.450406 9.498797
 57.400000 1.711456 -1.396194 0.573696
 57.600000 1.658748 -1.432042 4.388227
 57.800000 1.615702 -1.472231 11.287099
 58.000000 1.627150 -1.414996 7.158626
 58.200000 1.558199 -1.473903 20.522781
 58.400000 1.665152 -1.338055 4.908361
 58.600000 1.715328 -1.395895 0.450117
 58.800000 1.723361 -1.383142 0.327380
 59.000000 1.647883 -1.410110 4.843710
 59.200000 1.608016 -1.358072 10.156714
 59.400000 1.727693 -1.371641 0.458654
 59.600000 1.756853 -1.385260 0.126937
 59.800000 1.694160 -1.437826 2.172870
 60.000000 1.686435 -1.337264 3.474723
 60.200000 1.681681 -1.374171 2.269565
 60.400000 1.756490 -1.393686 0.065603
 60.600000 1.749182 -1.333990 1.946435
 60.800000 1.744910 -1.336536 1.783753
 61.000000 1.634486 -1.418058 6.380594
 61.200000 1.633487 -1.371523 6.560407
 61.400000 1.681489 -1.306331 6.081660
 61.600000 1.672877 -1.320508 5.494060
 61.800000 1.715473 -1.344462 1.787388
 62.000000 1.692772 -1.337931 3.082469
 62.200000 1.639175 -1.415674 5.822754
 62.400000 1.651310 -1.379177 4.565765
 62.600000 1.657196 -1.350242 4.942705
 62.800000 1.631787 -1.395178 6.446504
 63.000000 1.661470 -1.468665 6.137185
 63.200000 1.698944 -1.348207 2.230494
 63.400000 1.681888 -1.420216 2.299261
 63.600000 1.687086 -1.422085 2.029492
 63.800000 1.584642 -1.334530 14.815775
 64.000000 1.611191 -1.406147 9.045371
 64.200000 1.631618 -1.310327 10.157600
 64.400000 1.617832 -1.410607 8.230681
 64.600000 1.652122 -1.425767 4.779048
 64.800000 1.660488 -1.421426 3.915563
 65.000000 1.590876 -1.458229 13.847861
 65.200000 1.594467 -1.405101 11.418711
 65.400000 1.598281 -1.416031 11.006946
 65.600000 1.646947 -1.310634 8.505760
 65.800000 1.670486 -1.419921 3.080600
 66.000000 1.637148 -1.419165 6.113800
 66.200000 1.712066 -1.521020 8.335367
 66.400000 1.655291 -1.364100 4.570671
 66.600000 1.698517 -1.341401 2.600629
 66.800000 1.691102 -1.415957 1.664222
 67.000000 1.592139 -1.392355 11.741264
 67.200000 1.742249 -1.349042 1.119658
 67.400000 1.625011 -1.356473 8.029885
 67.600000 1.719206 -1.355752 1.161812
 67.800000 1.690314 -1.431807 2.145040
 68.000000 1.538581 -1.297694 26.230479
 68.200000 1.732912 -1.401693 0.091829
 68.400000 1.646673 -1.410337 4.965555
 68.600000 1.617658 -1.399828 8.156379
 68.800000 1.701857 -1.407116 1.003807
 69.000000 1.630700 -1.415313 6.751391
 69.200000 1.642788 -1.485684 9.255389
 69.400000 1.713828 -1.371921 0.792430
 69.600000 1.599405 -1.322614 13.359145
 69.800000 1.651122 -1.430624 5.027823
 70.000000 1.596243 -1.389694 11.134894
 70.200000 1.663650 -1.402003 3.352249
 70.400000 1.709763 -1.271652 8.396509
 70.600000 1.623837 -1.431503 8.001132
 70.800000 1.731183 -1.502180 5.709226
 71.000000 1.593130 -1.448179 12.929958
 71.200000 1.719519 -1.373112 0.601071
 71.400000 1.729513 -1.439305 1.051378
 71.600000 1.619726 -1.436697 8.705567
 71.800000 1.633249 -1.443885 7.414949
 72.000000 1.617637 -1.400605 8.162049
 72.200000 1.654004 -1.405045 4.208708
 72.400000 1.744873 -1.374354 0.240108
 72.600000 1.707734 -1.382904 0.795935
 72.800000 1.599664 -1.409565 10.697638
 73.000000 1.729222 -1.328923 2.397088
 73.200000 1.710756 -1.290497 6.190916
 73.400000 1.655809 -1.404963 4.044807
 73.600000 1.706656 -1.290954 6.292844
 73.800000 1.745134 -1.351413 1.005816
 74.000000 1.729559 -1.446208 1.371603
 74.200000 1.640590 -1.337022 7.239893
 74.400000 1.721580 -1.322251 3.020908
 74.600000 1.678994 -1.346562 3.435310
 74.800000 1.689167 -1.427279 2.058106
 75.000000 1.658487 -1.349238 4.876505
 75.200000 1.700876 -1.364031 1.507527
 75.400000 1.604773 -1.393729 9.881279
 75.600000 1.693052 -1.363102 1.916306
 75.800000 1.706127 -1.367002 1.196521
 76.000000 1.681427 -1.430349 2.622618
 76.200000 1.623516 -1.410278 7.517443
 76.400000 1.654065 -1.403283 4.189181
 76.600000 1.718570 -1.362241 0.936802
 76.800000 1.550814 -1.455907 20.696798
 77.000000 1.683056 -1.399335 1.943664
 77.200000 1.657094 -1.389777 3.913789
 77.400000 1.646683 -1.397108 4.865925
 77.600000 1.686808 -1.354835 2.570490
 77.800000 1.622727 -1.429567 8.070173
 78.000000 1.610952 -1.389967 9.048417
 78.200000 1.703062 -1.359532 1.567851
 78.400000 1.668930 -1.336412 4.709485
 78.600000 1.670057 -1.411597 2.950514
 78.800000 1.635294 -1.330598 8.209860
 79.000000 1.637543 -1.393740 5.812089
 79.200000 1.669506 -1.346298 4.122857
 79.400000 1.747527 -1.385890 0.056215
 79.600000 1.699410 -1.434114 1.770659
 79.800000 1.625051 -1.384264 7.305461
 80.000000 1.741845 -1.345729 1.282942
 80.200000 1.706566 -1.356978 1.522950
 80.400000 1.686734 -1.351742 2.707767
 80.600000 1.726692 -1.427891 0.673835
 80.800000 1.708432 -1.316556 3.857297
 81.000000 1.661432 -1.324582 6.088506
 81.200000 1.666581 -1.342215 4.561288
 81.400000 1.649605 -1.348415 5.726296
 81.600000 1.675548 -1.363552 2.969740
 81.800000 1.652831 -1.240460 16.415326
 82.000000 1.672696 -1.319560 5.579493
 82.200000 1.676406 -1.449490 3.791754
 82.400000 1.735048 -1.399656 0.058603
 82.600000 1.705954 -1.340490 2.330542
 82.800000 1.716773 -1.368496 0.793238
 83.000000 1.688544 -1.407362 1.673896
 83.200000 1.594347 -1.357219 12.160030
 83.400000 1.668229 -1.427564 3.462071
 83.600000 1.699147 -1.430548 1.654151
 83.800000 1.676084 -1.363532 2.933137
 84.000000 1.672272 -1.455066 4.397560
 84.200000 1.573213 -1.378281 14.973710
 84.400000 1.641583 -1.330917 7.516668
 84.600000 1.618072 -1.371727 8.398231
 84.800000 1.618788 -1.353108 8.937529
 85.000000 1.702334 -1.466916 3.420180
 85.200000 1.640477 -1.422707 5.846622
 85.400000 1.652024 -1.405912 4.399486
 85.600000 1.680921 -1.348022 3.237822
 85.800000 1.638926 -1.315533 8.919567
 86.000000 1.667919 -1.396117 2.996174
 86.200000 1.755287 -1.419577 0.321343
 86.400000 1.662562 -1.431134 4.033164
 86.600000 1.711924 -1.329533 2.784408
 86.800000 1.726449 -1.370776 0.503035
 87.000000 1.573701 -1.329010 16.989656
 87.200000 1.690932 -1.434790 2.221697
 87.400000 1.630343 -1.405594 6.654414
 87.600000 1.583216 -1.334350 15.057027
 87.800000 1.760028 -1.371567 0.412980
 88.000000 1.636651 -1.368106 6.301901
 88.200000 1.674333 -1.455700 4.286611
 88.400000 1.644143 -1.359992 5.777176
 88.600000 1.710488 -1.257851 10.185946
 88.800000 1.659304 -1.452432 5.277691
 89.000000 1.628038 -1.394210 6.880776
 89.200000 1.679748 -1.345050 3.461813
 89.400000 1.614582 -1.428145 9.055597
 89.600000 1.721186 -1.344151 1.649311
 89.800000 1.652620 -1.481206 7.905171
 90.000000 1.630891 -1.425047 6.962269
 90.200000 1.672196 -1.364096 3.191590
 90.400000 1.556947 -1.389190 17.768918
 90.600000 1.692995 -1.394031 1.371951
 90.800000 1.672451 -1.499046 7.937733
 91.000000 1.659666 -1.353720 4.574108
 91.200000 1.784533 -1.340307 2.334020
 91.400000 1.661708 -1.342662 4.932783
 91.600000 1.659780 -1.421220 3.970772
 91.800000 1.718651 -1.421541 0.675352
 92.000000 1.726814 -1.438136 1.048051
 92.200000 1.779423 -1.480422 4.122525
 92.400000 1.684818 -1.344790 3.155592
 92.600000 1.658933 -1.334223 5.656700
 92.800000 1.638815 -1.398577 5.675287
 93.000000 1.722891 -1.357982 0.984461
 93.200000 1.705954 -1.433195 1.457155
 93.400000 1.690031 -1.442772 2.610469
 93.600000 1.638886 -1.313280 9.108237
 93.800000 1.656834 -1.403142 3.939380
 94.000000 1.606300 -1.469594 12.353252
 94.200000 1.649116 -1.384792 4.694272
 94.400000 1.724029 -1.412142 0.352915
 94.600000 1.600760 -1.350529 11.495988
 94.800000 1.628344 -1.482535 10.564173
 95.000000 1.705767 -1.425016 1.195928
 95.200000 1.654002 -1.403903 4.199494
 95.400000 1.639866 -1.468176 8.146974
 95.600000 1.799681 -1.360385 2.120691
 95.800000 1.568250 -1.435182 16.435906
 96.000000 1.684074 -1.468227 4.465501
 96.200000 1.716595 -1.344824 1.735851
 96.400000 1.666601 -1.404708 3.134736
 96.600000 1.651063 -1.411656 4.561559
 96.800000 1.716987 -1.305074 4.559401
 97.000000 1.740023 -1.369691 0.367122
 97.200000 1.694151 -1.411965 1.432884
 97.400000 1.704015 -1.249089 11.683581
 97.600000 1.732055 -1.363187 0.635115
 97.800000 1.674062 -1.270607 10.434284
 98.000000 1.677287 -1.293819 7.562267
 98.200000 1.766227 -1.351413 1.224138
 98.400000 1.634785 -1.249525 16.876094
 98.600000 1.734346 -1.426406 0.514600
 98.800000 1.744284 -1.268917 8.109111
 99.000000 1.642317 -1.429180 5.847555
 99.200000 1.666925 -1.436936 3.900710
 99.400000 1.697134 -1.348845 2.285646
 99.600000 1.630758 -1.371329 6.874180
 99.800000 1.733884 -1.455492 1.819517
 100.000000 1.642669 -1.397503 5.270333
 100.200000 1.646436 -1.531852 14.082067
 100.400000 1.622397 -1.365623 8.025591
 100.600000 1.684647 -1.271160 9.666552
 100.800000 1.689223 -1.448182 2.921682
 101.000000 1.587182 -1.366988 12.933799
 101.200000 1.686591 -1.329360 3.963151
 101.400000 1.718413 -1.316722 3.525631
 101.600000 1.695215 -1.344675 2.586373
 101.800000 1.688458 -1.400262 1.625147
 102.000000 1.720373 -1.339985 1.895024
 102.200000 1.637900 -1.369193 6.136944
 102.400000 1.655600 -1.343883 5.397539
 102.600000 1.641170 -1.322681 8.131727
 102.800000 1.726372 -1.361156 0.795973
 103.000000 1.695461 -1.357807 1.982858
 103.200000 1.712514 -1.315312 3.814994
 103.400000 1.716944 -1.338691 2.060136
 103.600000 1.666756 -1.368224 3.479985
 103.800000 1.638166 -1.330600 7.897843
 104.000000 1.758160 -1.367732 0.489342
 104.200000 1.651690 -1.434505 5.115419
 104.400000 1.600809 -1.495047 15.322189
 104.600000 1.740756 -1.419047 0.270008
 104.800000 1.593852 -1.390110 11.491657
 105.000000 1.639829 -1.399558 5.570530
 105.200000 1.658839 -1.333828 5.689345
 105.400000 1.686983 -1.463969 3.994149
 105.600000 1.689938 -1.501854 7.108748
 105.800000 1.659435 -1.339425 5.304211
 106.000000 1.586924 -1.446544 13.810146
 106.200000 1.651117 -1.412111 4.563548
 106.400000 1.620988 -1.306131 11.792219
 106.600000 1.635232 -1.344132 7.419522
 106.800000 1.611918 -1.471415 11.723248
 107.000000 1.702880 -1.420358 1.191260
 107.200000 1.662880 -1.438377 4.285734
 107.400000 1.627492 -1.372944 7.214694
 107.600000 1.730175 -1.342142 1.579367
 107.800000 1.678336 -1.342127 3.709407
 108.000000 1.723101 -1.442652 1.323027
 108.200000 1.731080 -1.338678 1.759529
 108.400000 1.690776 -1.358768 2.190966
 108.600000 1.632394 -1.371921 6.673478
 108.800000 1.708459 -1.321768 3.454479
 109.000000 1.650404 -1.355091 5.352970
 109.200000 1.732293 -1.326380 2.526785
 109.400000 1.592022 -1.404186 11.783013
 109.600000 1.637790 -1.432283 6.431007
 109.800000 1.772946 -1.438484 1.272624
 110.000000 1.598510 -1.424352 11.172476
 110.200000 1.668783 -1.447342 4.234172
 110.400000 1.625935 -1.372147 7.418280
 110.600000 1.578793 -1.390360 13.884611
 110.800000 1.650921 -1.446488 5.717728
 111.000000 1.671618 -1.378578 2.873032
 111.200000 1.624505 -1.403682 7.326751
 111.400000 1.674937 -1.433389 3.166707
 111.600000 1.701488 -1.384435 1.030973
 111.800000 1.659329 -1.481607 7.339814
 112.000000 1.691604 -1.452198 3.007558
 112.200000 1.751678 -1.464356 2.338481
 112.400000 1.598330 -1.433314 11.490822
 112.600000 1.670044 -1.323478 5.482805
 112.800000 1.709714 -1.400866 0.644812
 113.000000 1.679805 -1.430999 2.750010
 113.200000 1.728859 -1.357541 0.885353
 113.400000 1.732094 -1.356198 0.890198
 113.600000 1.654945 -1.359738 4.751709
 113.800000 1.595102 -1.242908 23.043134
 114.000000 1.661402 -1.308079 7.410132
 114.200000 1.714889 -1.335835 2.289061
 114.400000 1.698160 -1.264469 9.797359
 114.600000 1.738793 -1.348880 1.143958
 114.800000 1.639229 -1.304799 9.811572
 115.000000 1.685610 -1.355614 2.609415
 115.200000 1.739082 -1.411956 0.142649
 115.400000 1.753770 -1.317227 3.159025
 115.600000 1.689879 -1.439596 2.476191
 115.800000 1.641627 -1.379527 5.517182
 116.000000 1.676195 -1.374156 2.634120
 116.200000 1.652662 -1.367730 4.700715
 116.400000 1.748289 -1.427177 0.482212
 116.600000 1.704033 -1.369287 1.216568
 116.800000 1.691847 -1.482057 5.110483
 117.000000 1.635712 -1.398152 6.009706
 117.200000 1.741100 -1.424816 0.416557
 117.400000 1.517362 -1.457239 27.843615
 117.600000 1.798185 -1.491697 5.950667
 117.800000 1.677681 -1.444331 3.443370
 118.000000 1.661472 -1.468169 6.101236
 118.200000 1.607425 -1.437582 10.362414
 118.400000 1.540063 -1.338019 22.763302
 118.600000 1.647410 -1.338066 6.487521
 118.800000 1.632616 -1.434168 7.070492
 119.000000 1.693073 -1.336231 3.167303
 119.200000 1.650821 -1.419237 4.729783
 119.400000 1.660861 -1.274534 10.976409
 119.600000 1.699552 -1.365494 1.521176
 119.800000 1.673009 -1.372637 2.894173
 120.000000 1.623130 -1.297770 12.316821
 120.200000 1.642839 -1.419828 5.529789
 120.400000 1.626937 -1.340617 8.556645
 120.600000 1.645918 -1.413819 5.095367
 120.800000 1.719101 -1.418257 0.585825
 121.000000 1.674205 -1.419769 2.805593
 121.200000 1.755532 -1.490940 4.533879
 121.400000 1.693192 -1.373743 1.612724
 121.600000 1.729276 -1.402473 0.148131
 121.800000 1.648320 -1.424550 5.105447
 122.000000 1.672820 -1.394930 2.629716
 122.200000 1.662680 -1.411937 3.538262
 122.400000 1.674727 -1.392548 2.499222
 122.600000 1.746129 -1.372024 0.294101
 122.800000 1.570478 -1.427190 15.764681
 123.000000 1.764337 -1.404259 0.212613
 123.200000 1.627138 -1.374832 7.214292
 123.400000 1.672258 -1.338585 4.333116
 123.600000 1.638902 -1.316846 8.816865
 123.800000 1.648468 -1.389138 4.716400
 124.000000 1.766982 -1.498473 5.457770
 124.200000 1.698549 -1.348367 2.241215
 124.400000 1.608251 -1.442260 10.452996
 124.600000 1.716526 -1.319657 3.349051
 124.800000 1.737416 -1.319203 3.000426
 125.000000 1.664989 -1.462217 5.402253
 125.200000 1.723665 -1.383072 0.321664
 125.400000 1.685614 -1.307217 5.747533
 125.600000 1.654852 -1.501484 9.628780
 125.800000 1.649033 -1.403939 4.665981
 126.000000 1.732554 -1.367608 0.492166
 126.200000 1.662770 -1.305246 7.550026
 126.400000 1.692860 -1.323142 4.049874
 126.600000 1.780881 -1.347542 1.818846
 126.800000 1.618369 -1.340233 9.629156
 127.000000 1.666606 -1.384285 3.170417
 127.200000 1.659232 -1.253470 13.901348
 127.400000 1.724326 -1.330323 2.394635
 127.600000 1.764020 -1.400560 0.183895
 127.800000 1.610519 -1.306698 13.097832
 128.000000 1.656184 -1.356102 4.779887
 128.200000 1.650571 -1.380183 4.618845
 128.400000 1.661865 -1.357635 4.229207
 128.600000 1.743052 -1.393928 0.005319
 128.800000 1.631671 -1.350621 7.500761
 129.000000 1.722397 -1.354049 1.153954
 129.200000 1.719584 -1.442771 1.412905
 129.400000 1.619570 -1.444489 9.070502
 129.600000 1.725076 -1.387470 0.243747
 129.800000 1.730707 -1.369973 0.452478
 130.000000 1.575188 -1.339730 16.072073
 130.200000 1.615067 -1.400913 8.494930
 130.400000 1.715051 -1.448995 1.848683
 130.600000 1.703135 -1.392169 0.898569
 130.800000 1.774272 -1.428742 0.946269
 131.000000 1.710820 -1.414532 0.762323
 131.200000 1.633619 -1.377796 6.410093
 131.400000 1.652127 -1.380974 4.460205
 131.600000 1.627117 -1.374304 7.228125
 131.800000 1.637483 -1.368047 6.213550
 132.000000 1.685020 -1.398511 1.821117
 132.200000 1.658190 -1.412367 3.926306
 132.400000 1.655303 -1.387267 4.092839
 132.600000 1.672545 -1.341781 4.132911
 132.800000 1.698217 -1.306779 5.113505
 133.000000 1.644477 -1.424743 5.491108
 133.200000 1.648512 -1.471548 7.520666
 133.400000 1.778118 -1.407281 0.598252
 133.600000 1.630179 -1.354201 7.514460
 133.800000 1.584808 -1.432424 13.537337
 134.000000 1.684500 -1.353089 2.782131
 134.200000 1.663642 -1.281131 9.964056
 134.400000 1.669752 -1.467468 5.390945
 134.600000 1.758426 -1.410997 0.194295
 134.800000 1.647436 -1.353803 5.692976
 135.000000 1.724027 -1.453343 1.855925
 135.200000 1.732238 -1.347331 1.282900
 135.400000 1.758551 -1.388548 0.117166
 135.600000 1.604524 -1.408941 9.993409
 135.800000 1.565431 -1.341070 17.704886
 136.000000 1.747112 -1.360504 0.640960
 136.200000 1.689990 -1.371524 1.837254
 136.400000 1.672423 -1.297766 7.508547
 136.600000 1.740020 -1.311562 3.601269
 136.800000 1.690361 -1.341532 3.008518
 137.000000 1.677191 -1.409941 2.414963
 137.200000 1.678527 -1.412620 2.365019
 137.400000 1.676222 -1.250022 13.081189
 137.600000 1.688335 -1.324502 4.199012
 137.800000 1.683970 -1.375062 2.107234
 138.000000 1.696760 -1.310267 4.877138
 138.200000 1.715122 -1.415448 0.640262
 138.400000 1.692079 -1.357099 2.184701
 138.600000 1.751163 -1.379158 0.163323
 138.800000 1.649522 -1.372816 4.864447
 139.000000 1.625641 -1.349397 8.260869
 139.200000 1.653956 -1.344240 5.527751
 139.400000 1.707044 -1.373670 0.988095
 139.600000 1.690975 -1.402088 1.494183
 139.800000 1.697592 -1.460451 3.199464
 140.000000 1.674690 -1.320584 5.358584
 140.200000 1.715367 -1.382290 0.546508
 140.400000 1.697385 -1.378222 1.312081
 140.600000 1.741276 -1.403322 0.033127
 140.800000 1.647280 -1.486972 8.920853
 141.000000 1.633535 -1.384091 6.323082
 141.200000 1.729713 -1.355144 0.967321
 141.400000 1.672126 -1.398448 2.681780
 141.600000 1.672692 -1.318504 5.661342
 141.800000 1.734001 -1.434147 0.781747
 142.000000 1.653571 -1.404626 4.244768
 142.200000 1.633206 -1.306247 10.337271
 142.400000 1.770080 -1.426708 0.769728
 142.600000 1.643480 -1.374747 5.418099
 142.800000 1.738745 -1.362643 0.586841
 143.000000 1.673065 -1.337917 4.313243
 143.200000 1.605548 -1.274741 17.153291
 143.400000 1.789773 -1.376336 1.186203
 143.600000 1.613562 -1.384180 8.754259
 143.800000 1.686073 -1.386945 1.799047
 144.000000 1.743975 -1.422642 0.348827
 144.200000 1.609456 -1.330600 11.386627
 144.400000 1.701152 -1.377772 1.146804
 144.600000 1.627585 -1.377469 7.108481
 144.800000 1.668041 -1.312512 6.493922
 145.000000 1.766083 -1.474118 3.246058
 145.200000 1.640408 -1.398441 5.506599
 145.400000 1.719801 -1.373812 0.577881
 145.600000 1.659620 -1.365914 4.133627
 145.800000 1.688039 -1.386226 1.691447
 146.000000 1.770322 -1.392819 0.318237
 146.200000 1.688150 -1.371596 1.938960
 146.400000 1.587838 -1.346478 13.641082
 146.600000 1.764854 -1.352788 1.135641
 146.800000 1.648810 -1.360542 5.295964
 147.000000 1.698734 -1.399688 1.091402
 147.200000 1.747235 -1.480212 3.525473
 147.400000 1.564072 -1.305846 20.514698
 147.600000 1.749048 -1.289578 5.697778
 147.800000 1.629528 -1.421864 7.032641
 148.000000 1.667624 -1.376258 3.219158
 148.200000 1.676778 -1.349720 3.432742
 148.400000 1.654976 -1.318415 7.112068
 148.600000 1.655220 -1.371640 4.362974
 148.800000 1.723177 -1.359416 0.924242
 149.000000 1.644355 -1.339009 6.736983
 149.200000 1.670917 -1.351615 3.765354
 149.400000 1.681160 -1.394116 2.061163
 149.600000 1.631402 -1.464873 8.843296
 149.800000 1.698925 -1.524145 9.253521
 150.000000 1.717670 -1.334915 2.264321
 150.200000 1.642035 -1.455409 7.083946
 150.400000 1.665045 -1.505384 9.176405
 150.600000 1.760847 -1.334655 2.018206
 150.800000 1.686203 -1.476124 4.936826
 151.000000 1.681941 -1.444619 3.178156
 151.200000 1.682165 -1.316548 5.172139
 151.400000 1.707410 -1.363194 1.265729
 151.600000 1.668522 -1.382615 3.042777
 151.800000 1.674210 -1.390996 2.542835
 152.000000 1.762401 -1.359961 0.804633
 152.200000 1.641401 -1.365595 5.870814
 152.400000 1.700168 -1.354595 1.887891
 152.600000 1.681793 -1.379828 2.153507
 152.800000 1.692162 -1.406557 1.466372
 153.000000 1.752597 -1.342143 1.490942
 153.200000 1.617355 -1.362615 8.754807
 153.400000 1.672065 -1.330116 4.871621
 153.600000 1.649427 -1.324784 7.153282
 153.800000 1.685527 -1.387642 1.825343
 154.000000 1.761681 -1.443071 1.229187
 154.200000 1.753275 -1.443842 1.163425
 154.400000 1.627398 -1.342999 8.372478
 154.600000 1.680665 -1.389751 2.111935
 154.800000 1.712327 -1.394355 0.546390
 155.000000 1.724098 -1.396856 0.225560
 155.200000 1.671121 -1.444973 3.939719
 155.400000 1.692988 -1.365828 1.832965
 155.600000 1.742496 -1.415063 0.180722
 155.800000 1.635899 -1.450566 7.461911
 156.000000 1.659763 -1.359984 4.318853
 156.200000 1.655614 -1.442405 5.088988
 156.400000 1.649522 -1.312390 8.106903
 156.600000 1.705519 -1.442266 1.850551
 156.800000 1.680327 -1.270741 9.990507
 157.000000 1.652067 -1.365023 4.836888
 157.200000 1.639050 -1.423739 6.025112
 157.400000 1.692223 -1.335569 3.252013
 157.600000 1.686132 -1.327465 4.118796
 157.800000 1.664058 -1.512904 10.105020
 158.000000 1.652019 -1.326981 6.753391
 158.200000 1.646775 -1.355562 5.684748
 158.400000 1.601820 -1.411612 10.415175
 158.600000 1.693672 -1.363337 1.876275
 158.800000 1.749824 -1.430101 0.582609
 159.000000 1.672357 -1.417716 2.892565
 159.200000 1.736214 -1.368621 0.423610
 159.400000 1.705499 -1.393619 0.796703
 159.600000 1.667295 -1.394476 3.046295
 159.800000 1.732833 -1.389081 0.103868
 160.000000 1.745081 -1.438100 0.875164
 160.200000 1.646540 -1.333879 6.825572
 160.400000 1.770275 -1.354597 1.179179
 160.600000 1.650825 -1.391211 4.478298
 160.800000 1.651843 -1.435267 5.130523
 161.000000 1.798935 -1.396836 1.436958
 161.200000 1.605753 -1.303565 14.037294
 161.400000 1.632071 -1.336580 8.194744
 161.600000 1.684372 -1.334616 3.758057
 161.800000 1.649594 -1.423713 4.959353
 162.000000 1.756674 -1.396107 0.064368
 162.200000 1.571363 -1.311306 18.741022
 162.400000 1.689879 -1.368992 1.909249
 162.600000 1.703097 -1.379175 1.037810
 162.800000 1.630299 -1.347207 7.819278
 163.000000 1.699343 -1.456817 2.890774
 163.200000 1.631735 -1.397198 6.452288
 163.400000 1.723243 -1.431371 0.860169
 163.600000 1.739854 -1.398066 0.016614
 163.800000 1.629718 -1.411482 6.798829
 164.000000 1.661178 -1.496399 8.554347
 164.200000 1.758759 -1.324330 2.677357
 164.400000 1.718983 -1.438806 1.251995
 164.600000 1.616736 -1.379306 8.411907
 164.800000 1.653415 -1.336627 6.002381
 165.000000 1.703884 -1.352970 1.796007
 165.200000 1.645381 -1.344571 6.330896
 165.400000 1.698585 -1.351810 2.080551
 165.600000 1.679780 -1.333774 4.100808
 165.800000 1.704075 -1.297976 5.681117
 166.000000 1.669805 -1.448728 4.228184
 166.200000 1.672918 -1.284646 8.850949
 166.400000 1.706743 -1.307167 4.713554
 166.600000 1.628288 -1.337932 8.550581
 166.800000 1.674679 -1.328106 4.818483
 167.000000 1.678892 -1.390101 2.225914
 167.200000 1.658520 -1.333702 5.724860
 167.400000 1.714530 -1.399023 0.478107
 167.600000 1.602863 -1.396656 10.148326
 167.800000 1.728057 -1.371342 0.459695
 168.000000 1.763468 -1.377939 0.332381
 168.200000 1.600478 -1.354661 11.356305
 168.400000 1.655623 -1.466122 6.463710
 168.600000 1.691934 -1.431932 2.061660
 168.800000 1.656865 -1.447937 5.248051
 169.000000 1.803124 -1.390521 1.686595
 169.200000 1.652677 -1.404539 4.326415
 169.400000 1.658854 -1.443963 4.876586
 169.600000 1.675669 -1.424761 2.832361
 169.800000 1.572356 -1.461112 17.062505
 170.000000 1.663472 -1.398158 3.352082
 170.200000 1.686661 -1.298767 6.473807
 170.400000 1.693538 -1.395024 1.341943
 170.600000 1.694446 -1.398960 1.298205
 170.800000 1.679561 -1.324433 4.742502
 171.000000 1.619606 -1.340776 9.442639
 171.200000 1.709253 -1.369845 0.999703
 171.400000 1.691051 -1.325715 3.961600
 171.600000 1.788713 -1.344076 2.302824
 171.800000 1.647217 -1.526877 13.342914
 172.000000 1.695927 -1.331514 3.316565
 172.200000 1.725629 -1.279460 7.015578
 172.400000 1.576416 -1.354413 15.141619
 172.600000 1.705510 -1.357530 1.542911
 172.800000 1.660413 -1.353827 4.505761
 173.000000 1.732373 -1.410041 0.178842
 173.200000 1.704851 -1.414098 0.978298
 173.400000 1.632936 -1.368375 6.704982
 173.600000 1.667798 -1.417120 3.223022
 173.800000 1.648218 -1.434744 5.455636
 174.000000 1.761899 -1.455764 1.907421
 174.200000 1.711824 -1.443811 1.691702
 174.400000 1.706894 -1.399195 0.742947
 174.600000 1.602069 -1.415310 10.443184
 174.800000 1.632221 -1.368862 6.772184
 175.000000 1.656195 -1.375384 4.190413
 175.200000 1.699499 -1.375937 1.256763
 175.400000 1.707722 -1.349279 1.810916
 175.600000 1.673503 -1.462909 4.800305
 175.800000 1.664084 -1.395529 3.300701
 176.000000 1.503501 -1.375767 29.450416
 176.200000 1.690092 -1.340178 3.098333
 176.400000 1.647459 -1.368927 5.162929
 176.600000 1.636320 -1.396326 5.941477
 176.800000 1.717189 -1.377151 0.578572
 177.000000 1.631948 -1.411900 6.549859
 177.200000 1.647352 -1.394313 4.801688
 177.400000 1.640173 -1.364892 6.021052
 177.600000 1.729876 -1.486466 4.187684
 177.800000 1.654326 -1.411108 4.251014
 178.000000 1.709349 -1.459214 2.628690
 178.200000 1.641630 -1.415354 5.558973
 178.400000 1.716063 -1.363354 0.969759
 178.600000 1.586708 -1.385917 12.633850
 178.800000 1.678449 -1.391054 2.250062
 179.000000 1.710455 -1.424765 1.014296
 179.200000 1.626183 -1.437944 7.966549
 179.400000 1.727631 -1.394823 0.157659
 179.600000 1.623417 -1.391731 7.441547
 179.800000 1.653774 -1.385589 4.248174
 180.000000 1.673119 -1.450294 4.066862
 180.200000 1.699478 -1.392467 1.058351
 180.400000 1.642457 -1.379136 5.438055
 180.600000 1.617518 -1.390686 8.183410
 180.800000 1.653790 -1.291458 9.681765
 181.000000 1.684009 -1.315471 5.143736
 181.200000 1.735337 -1.426587 0.509679
 181.400000 1.687176 -1.380404 1.816644
 181.600000 1.731659 -1.446574 1.359021
 181.800000 1.649166 -1.404814 4.660205
 182.000000 1.704942 -1.364726 1.312877
 182.200000 1.578157 -1.352690 14.922574
 182.400000 1.685614 -1.414679 1.952530
 182.600000 1.736144 -1.364980 0.531505
 182.800000 1.718119 -1.416266 0.570245
 183.000000 1.654431 -1.449813 5.565022
 183.200000 1.621479 -1.408047 7.738865
 183.400000 1.675816 -1.390591 2.432122
 183.600000 1.612461 -1.334836 10.713600
 183.800000 1.721907 -1.403947 0.303827
 184.000000 1.671288 -1.433020 3.416569
 184.200000 1.669001 -1.366651 3.351458
 184.400000 1.662287 -1.432214 4.094262
 184.600000 1.736066 -1.305164 4.192453
 184.800000 1.763954 -1.386268 0.223396
 185.000000 1.733314 -1.476616 3.300410
 185.200000 1.641273 -1.370688 5.740947
 185.400000 1.571550 -1.353343 16.020764
 185.600000 1.663093 -1.291326 8.887329
 185.800000 1.606717 -1.374485 9.843807
 186.000000 1.730939 -1.379294 0.247526
 186.200000 1.807705 -1.383790 2.023161
 186.400000 1.683185 -1.404778 1.967180
 186.600000 1.654568 -1.350430 5.169134
 186.800000 1.668698 -1.378269 3.098106
 187.000000 1.624322 -1.370444 7.654693
 187.200000 1.691021 -1.404102 1.505435
 187.400000 1.756610 -1.276110 7.282013
 187.600000 1.694780 -1.442526 2.347714
 187.800000 1.601464 -1.405342 10.389755
 188.000000 1.705915 -1.338259 2.459035
 188.200000 1.729229 -1.364698 0.627779
 188.400000 1.674172 -1.483625 6.347712
 188.600000 1.796614 -1.526370 9.778942
 188.800000 1.746871 -1.390954 0.015282
 189.000000 1.622770 -1.466341 9.965863
 189.200000 1.654134 -1.351627 5.154470
 189.400000 1.706474 -1.336350 2.549656
 189.600000 1.659340 -1.394985 3.697902
 189.800000 1.702167 -1.475370 4.060457
 190.000000 1.618257 -1.350956 9.100038
 190.200000 1.612131 -1.401660 8.885391
 190.400000 1.655983 -1.284430 10.244695
 190.600000 1.694103 -1.372136 1.603161
 190.800000 1.605239 -1.410683 9.916630
 191.000000 1.646759 -1.363671 5.389190
 191.200000 1.620619 -1.366137 8.230095
 191.400000 1.671212 -1.280713 9.422593
 191.600000 1.604740 -1.398237 9.884686
 191.800000 1.692400 -1.348654 2.534081
 192.000000 1.711917 -1.435608 1.332169
 192.200000 1.672220 -1.397587 2.673344
 192.400000 1.716056 -1.343027 1.845509
 192.600000 1.715312 -1.299728 5.110085
 192.800000 1.714699 -1.428109 0.976179
 193.000000 1.676003 -1.381699 2.509112
 193.200000 1.664351 -1.376204 3.479956
 193.400000 1.665409 -1.470624 5.958358
 193.600000 1.608595 -1.328244 11.661461
 193.800000 1.677971 -1.305076 6.426139
 194.000000 1.669248 -1.431161 3.503061
 194.200000 1.602471 -1.364551 10.707080
 194.400000 1.679123 -1.465697 4.602135
 194.600000 1.726741 -1.395169 0.173366
 194.800000 1.592614 -1.307325 15.615972
 195.000000 1.692757 -1.449143 2.780065
 195.200000 1.612477 -1.382470 8.920024
 195.400000 1.679159 -1.412472 2.320641
 195.600000 1.704191 -1.355314 1.684609
 195.800000 1.702262 -1.292008 6.361976
 196.000000 1.680105 -1.402973 2.149608
 196.200000 1.576582 -1.355321 15.076005
 196.400000 1.696244 -1.343129 2.616301
 196.600000 1.719234 -1.341576 1.835827
 196.800000 1.660673 -1.285285 9.741365
 197.000000 1.638378 -1.385318 5.779131
 197.200000 1.665073 -1.276787 10.357798
 197.400000 1.689993 -1.333217 3.518493
 197.600000 1.719417 -1.326567 2.764481
 197.800000 1.677581 -1.308052 6.185566
 198.000000 1.772075 -1.383471 0.439494
 198.200000 1.669946 -1.331632 4.929910
 198.400000 1.598008 -1.375696 11.063250
 198.600000 1.629628 -1.391134 6.706552
 198.800000 1.718886 -1.418948 0.606927
 199.000000 1.646904 -1.464296 7.157957
 199.200000 1.679186 -1.447859 3.518518
 199.400000 1.711465 -1.422982 0.930340
 199.600000 1.597636 -1.448324 12.261853
 199.800000 1.644318 -1.503035 10.801671
 200.000000 1.641943 -1.451022 6.843591
