#! FIELDS time phi psi restraint.bias
#! SET min_phi -pi
#! SET max_phi pi
#! SET min_psi -pi
#! SET max_psi pi
 0.000000 1.396963 -2.565851 68.169285
 0.200000 1.629069 -2.468470 7.070911
 0.400000 1.678277 -2.456267 2.330004
 0.600000 1.659385 -2.468606 4.009320
 0.800000 1.687123 -2.494137 2.978018
 1.000000 1.747195 -2.455324 0.072103
 1.200000 1.751973 -2.433986 0.066957
 1.400000 1.701068 -2.357233 4.697158
 1.600000 1.629040 -2.417297 7.103926
 1.800000 1.777990 -2.394597 1.727218
 2.000000 1.734715 -2.320970 7.558359
 2.200000 1.643347 -2.466078 5.455922
 2.400000 1.700396 -2.439629 1.016841
 2.600000 1.759773 -2.365033 3.179790
 2.800000 1.785156 -2.396106 1.914314
 3.000000 1.700003 -2.420343 1.294479
 3.200000 1.797014 -2.445513 1.337768
 3.400000 1.749378 -2.346231 4.735073
 3.600000 1.586115 -2.385295 14.366230
 3.800000 1.685345 -2.447578 1.807536
 4.000000 1.688075 -2.336413 7.368679
 4.200000 1.721975 -2.376322 2.526521
 4.400000 1.682754 -2.518911 4.804181
 4.600000 1.744994 -2.447176 0.006958
 4.800000 1.752702 -2.380678 1.998038
 5.000000 1.734147 -2.402204 0.913570
 5.200000 1.664040 -2.422204 3.529918
 5.400000 1.693810 -2.401246 2.218161
 5.600000 1.739078 -2.412421 0.501272
 5.800000 1.636890 -2.510601 8.133463
 6.000000 1.701048 -2.449415 0.998137
 6.200000 1.662696 -2.404115 4.188201
 6.400000 1.670402 -2.463757 3.013013
 6.600000 1.669660 -2.478871 3.489819
 6.800000 1.648187 -2.461638 4.883516
 7.000000 1.714150 -2.521732 3.549220
 7.200000 1.706009 -2.455108 0.840865
 7.400000 1.689922 -2.469517 1.874454
 7.600000 1.698883 -2.460997 1.232378
 7.800000 1.658088 -2.440861 3.808908
 8.000000 1.682149 -2.467170 2.276939
 8.200000 1.675713 -2.458219 2.532128
 8.400000 1.808840 -2.442187 2.017626
 8.600000 1.653441 -2.428532 4.333151
 8.800000 1.637647 -2.406344 6.486575
 9.000000 1.766700 -2.427835 0.350441
 9.200000 1.641413 -2.419434 5.687961
 9.400000 1.740744 -2.406118 0.707751
 9.600000 1.732311 -2.439734 0.091677
 9.800000 1.643599 -2.368010 8.020908
 10.000000 1.698773 -2.370712 3.729961
 10.200000 1.664993 -2.399503 4.193095
 10.400000 1.708929 -2.261676 17.185394
 10.600000 1.701804 -2.495740 2.313764
 10.800000 1.754734 -2.405877 0.750498
 11.000000 1.677942 -2.294941 13.299630
 11.200000 1.678826 -2.453236 2.259119
 11.400000 1.769450 -2.425739 0.447939
 11.600000 1.645212 -2.489561 6.074373
 11.800000 1.714369 -2.416858 0.833140
 12.000000 1.739478 -2.414593 0.433812
 12.200000 1.661977 -2.600849 15.859314
 12.400000 1.705982 -2.500797 2.417830
 12.600000 1.690908 -2.423772 1.674681
 12.800000 1.699470 -2.462120 1.225630
 13.000000 1.691361 -2.505071 3.354208
 13.200000 1.707348 -2.478501 1.335202
 13.400000 1.642372 -2.374543 7.674964
 13.600000 1.620759 -2.476423 8.302177
 13.800000 1.640658 -2.580114 14.815145
 14.000000 1.558136 -2.478916 18.149184
 14.200000 1.640819 -2.480079 6.131684
 14.400000 1.730112 -2.475305 0.622818
 14.600000 1.704615 -2.388249 2.353006
 14.800000 1.715319 -2.421496 0.691528
 15.000000 1.756663 -2.423330 0.266858
 15.200000 1.751457 -2.389940 1.451001
 15.400000 1.711443 -2.407467 1.221936
 15.600000 1.619284 -2.395685 9.085032
 15.800000 1.722700 -2.374070 2.663635
 16.000000 1.759425 -2.429061 0.203032
 16.200000 1.720285 -2.375843 2.599684
 16.400000 1.767889 -2.418350 0.569752
 16.600000 1.729430 -2.331594 6.383446
 16.800000 1.690747 -2.414740 1.902062
 17.000000 1.704737 -2.443309 0.823875
 17.200000 1.700232 -2.452695 1.059531
 17.400000 1.785622 -2.322417 8.137643
 17.600000 1.758590 -2.445097 0.089258
 17.800000 1.719809 -2.332721 6.457328
 18.000000 1.679332 -2.415461 2.569792
 18.200000 1.659488 -2.397672 4.732711
 18.400000 1.662093 -2.441111 3.466919
 18.600000 1.705394 -2.528251 4.392056
 18.800000 1.642964 -2.455549 5.312330
 19.000000 1.673350 -2.435825 2.619646
 19.200000 1.723034 -2.491769 1.415358
 19.400000 1.603066 -2.455057 10.186634
 19.600000 1.711557 -2.502919 2.337938
 19.800000 1.705575 -2.456068 0.869669
 20.000000 1.606020 -2.482880 10.480455
 20.200000 1.669550 -2.539179 7.452181
 20.400000 1.717149 -2.521260 3.423437
 20.600000 1.677032 -2.468673 2.650104
 20.800000 1.672439 -2.526951 6.141822
 21.000000 1.761981 -2.488594 1.157137
 21.200000 1.682920 -2.424927 2.119203
 21.400000 1.605170 -2.487884 10.809028
 21.600000 1.672323 -2.452312 2.704127
 21.800000 1.688238 -2.415265 2.027191
 22.000000 1.722240 -2.489914 1.345522
 22.200000 1.665623 -2.537221 7.572070
 22.400000 1.635612 -2.473119 6.458752
 22.600000 1.660230 -2.421335 3.865725
 22.800000 1.646417 -2.449395 4.909383
 23.000000 1.654012 -2.442164 4.170232
 23.200000 1.706013 -2.440930 0.776085
 23.400000 1.724207 -2.444953 0.224179
 23.600000 1.682098 -2.507882 4.074128
 23.800000 1.751399 -2.388536 1.526790
 24.000000 1.750567 -2.389568 1.465924
 24.200000 1.748468 -2.420483 0.268915
 24.400000 1.662851 -2.388683 4.901635
 24.600000 1.600822 -2.394008 11.663987
 24.800000 1.690151 -2.453234 1.570074
 25.000000 1.711496 -2.437014 0.593127
 25.200000 1.759470 -2.458055 0.206473
 25.400000 1.721771 -2.446113 0.281004
 25.600000 1.739495 -2.391375 1.373509
 25.800000 1.735849 -2.447117 0.051622
 26.000000 1.705008 -2.380575 2.790186
 26.200000 1.679636 -2.413808 2.597436
 26.400000 1.678871 -2.463560 2.410355
 26.600000 1.738135 -2.416633 0.385740
 26.800000 1.645544 -2.479456 5.626413
 27.000000 1.693128 -2.495963 2.740723
 27.200000 1.671737 -2.444415 2.708389
 27.400000 1.663695 -2.496984 4.764455
 27.600000 1.711960 -2.474183 1.028663
 27.800000 1.677719 -2.367032 5.206282
 28.000000 1.669917 -2.481074 3.550860
 28.200000 1.707006 -2.460282 0.875836
 28.400000 1.689669 -2.426268 1.696854
 28.600000 1.724799 -2.425121 0.378917
 28.800000 1.776051 -2.404755 1.220984
 29.000000 1.777621 -2.446544 0.526131
 29.200000 1.703387 -2.333278 6.949756
 29.400000 1.674836 -2.403472 3.284191
 29.600000 1.741053 -2.484558 0.853609
 29.800000 1.713153 -2.411395 1.031769
 30.000000 1.706701 -2.437630 0.763077
 30.200000 1.749534 -2.482349 0.764977
 30.400000 1.675698 -2.423590 2.621688
 30.600000 1.692540 -2.438060 1.407940
 30.800000 1.637947 -2.407507 6.411850
 31.000000 1.695475 -2.478838 1.868467
 31.200000 1.709674 -2.452129 0.673204
 31.400000 1.691064 -2.474928 1.967478
 31.600000 1.700350 -2.512317 3.382143
 31.800000 1.656363 -2.431570 4.028219
 32.000000 1.696188 -2.473375 1.654879
 32.200000 1.658902 -2.410322 4.283934
 32.400000 1.675248 -2.335123 8.324236
 32.600000 1.668194 -2.486417 3.897561
 32.800000 1.732476 -2.447568 0.091039
 33.000000 1.695986 -2.447820 1.226859
 33.200000 1.749786 -2.474764 0.499865
 33.400000 1.712457 -2.510889 2.813551
 33.600000 1.534749 -2.479692 22.828315
 33.800000 1.670956 -2.462850 2.953626
 34.000000 1.654231 -2.447893 4.159258
 34.200000 1.514680 -2.446789 26.605020
 34.400000 1.685460 -2.424865 1.965075
 34.600000 1.754911 -2.398245 1.068160
 34.800000 1.622749 -2.387256 9.092500
 35.000000 1.771331 -2.463210 0.533067
 35.200000 1.735090 -2.485451 0.933990
 35.400000 1.623242 -2.386850 9.055040
 35.600000 1.697233 -2.423714 1.351606
 35.800000 1.688273 -2.421623 1.866154
 36.000000 1.610451 -2.385297 10.787538
 36.200000 1.730267 -2.443773 0.113481
 36.400000 1.730839 -2.337542 5.714406
 36.600000 1.636194 -2.354887 9.877895
 36.800000 1.787079 -2.437083 0.891847
 37.000000 1.673984 -2.466479 2.809956
 37.200000 1.716122 -2.392865 1.706525
 37.400000 1.791200 -2.351910 5.242846
 37.600000 1.628985 -2.380665 8.739664
 37.800000 1.764456 -2.453020 0.228607
 38.000000 1.750193 -2.376339 2.264495
 38.200000 1.684675 -2.411017 2.365758
 38.400000 1.748691 -2.490707 1.121767
 38.600000 1.642448 -2.355941 9.122153
 38.800000 1.618979 -2.344107 12.917735
 39.000000 1.719488 -2.442970 0.333999
 39.200000 1.688855 -2.369632 4.319977
 39.400000 1.730231 -2.464109 0.327143
 39.600000 1.699126 -2.421104 1.317268
 39.800000 1.657385 -2.515952 6.494569
 40.000000 1.749927 -2.444323 0.010944
 40.200000 1.685680 -2.445939 1.782110
 40.400000 1.650660 -2.426656 4.622311
 40.600000 1.623175 -2.415102 7.862949
 40.800000 1.655907 -2.470748 4.370452
 41.000000 1.657876 -2.469164 4.154408
 41.200000 1.675739 -2.490737 3.538901
 41.400000 1.794017 -2.504851 3.069591
 41.600000 1.748014 -2.451029 0.032237
 41.800000 1.711733 -2.440720 0.568107
 42.000000 1.608870 -2.361944 12.633055
 42.200000 1.693673 -2.425530 1.494934
 42.400000 1.633718 -2.452474 6.269145
 42.600000 1.675171 -2.396146 3.580457
 42.800000 1.724015 -2.393134 1.493537
 43.000000 1.673097 -2.423389 2.810211
 43.200000 1.690374 -2.493743 2.774166
 43.400000 1.645814 -2.380962 6.904740
 43.600000 1.659899 -2.454600 3.711208
 43.800000 1.694299 -2.504923 3.190841
 44.000000 1.658371 -2.390317 5.192989
 44.200000 1.584670 -2.372302 15.437476
 44.400000 1.732837 -2.435704 0.108112
 44.600000 1.687771 -2.410334 2.205157
 44.800000 1.717057 -2.464112 0.612892
 45.000000 1.698143 -2.445938 1.116335
 45.200000 1.613193 -2.410298 9.279944
 45.400000 1.712721 -2.392216 1.844682
 45.600000 1.584047 -2.349990 17.374372
 45.800000 1.605035 -2.386486 11.464251
 46.000000 1.663677 -2.492486 4.535242
 46.200000 1.725051 -2.379576 2.246228
 46.400000 1.674117 -2.473679 2.992141
 46.600000 1.628166 -2.494172 8.149383
 46.800000 1.703732 -2.427760 0.988418
 47.000000 1.720865 -2.461145 0.455624
 47.200000 1.626518 -2.403530 7.855235
 47.400000 1.718465 -2.459218 0.484985
 47.600000 1.690473 -2.487696 2.482969
 47.800000 1.649996 -2.424198 4.729750
 48.000000 1.670973 -2.424312 2.947730
 48.200000 1.667253 -2.468782 3.368576
 48.400000 1.726392 -2.365520 3.216678
 48.600000 1.649993 -2.476543 5.091766
 48.800000 1.652202 -2.497866 5.816336
 49.000000 1.722836 -2.390788 1.640182
 49.200000 1.751958 -2.495945 1.399238
 49.400000 1.752754 -2.441464 0.029558
 49.600000 1.721363 -2.377393 2.469637
 49.800000 1.774464 -2.418414 0.738104
 50.000000 1.671873 -2.431497 2.769509
 50.200000 1.603535 -2.472642 10.478588
 50.400000 1.725504 -2.426829 0.334823
 50.600000 1.608268 -2.522686 12.531203
 50.800000 1.602788 -2.497603 11.624762
 51.000000 1.668904 -2.477175 3.488756
 51.200000 1.694562 -2.372236 3.825138
 51.400000 1.621846 -2.380869 9.582915
 51.600000 1.675792 -2.529435 6.113496
 51.800000 1.775037 -2.412436 0.922552
 52.000000 1.702605 -2.506186 2.879894
 52.200000 1.726680 -2.544893 5.318168
 52.400000 1.729030 -2.427626 0.258216
 52.600000 1.712129 -2.431505 0.622603
 52.800000 1.644304 -2.419870 5.381340
 53.000000 1.665028 -2.425715 3.381570
 53.200000 1.683856 -2.432174 1.953191
 53.400000 1.643304 -2.472359 5.622086
 53.600000 1.735749 -2.427370 0.175341
 53.800000 1.680129 -2.397223 3.194501
 54.000000 1.718420 -2.416446 0.726955
 54.200000 1.651754 -2.428300 4.493086
 54.400000 1.678979 -2.485185 3.071641
 54.600000 1.723232 -2.322245 7.590825
 54.800000 1.679753 -2.400762 3.061757
 55.000000 1.716307 -2.356878 4.169453
 55.200000 1.738727 -2.466948 0.297630
 55.400000 1.693359 -2.411386 1.864890
 55.600000 1.748128 -2.299643 10.345725
 55.800000 1.674824 -2.483865 3.301775
 56.000000 1.624025 -2.422337 7.580498
 56.200000 1.658099 -2.427555 3.931040
 56.400000 1.699454 -2.530396 4.831175
 56.600000 1.640069 -2.425483 5.701411
 56.800000 1.660082 -2.457143 3.727178
 57.000000 1.703086 -2.509370 3.064229
 57.200000 1.722411 -2.449784 0.282603
 57.400000 1.668387 -2.434094 3.003918
 57.600000 1.721118 -2.422754 0.507499
 57.800000 1.664864 -2.482670 4.005966
 58.000000 1.727059 -2.499962 1.763077
 58.200000 1.633659 -2.463726 6.440438
 58.400000 1.641090 -2.515078 7.997384
 58.600000 1.856834 -2.525248 9.561259
 58.800000 1.615519 -2.541315 13.213063
 59.000000 1.599040 -2.472202 11.113298
 59.200000 1.747305 -2.481584 0.728620
 59.400000 1.661074 -2.515030 6.110547
 59.600000 1.692718 -2.447378 1.391639
 59.800000 1.604206 -2.464137 10.171583
 60.000000 1.690105 -2.449298 1.541893
 60.200000 1.666214 -2.502731 4.886049
 60.400000 1.651112 -2.473576 4.891873
 60.600000 1.738046 -2.468690 0.344768
 60.800000 1.664209 -2.402647 4.123121
 61.000000 1.714414 -2.414119 0.908342
 61.200000 1.723517 -2.398699 1.239690
 61.400000 1.743583 -2.420461 0.266032
 61.600000 1.747883 -2.410173 0.557311
 61.800000 1.801238 -2.422335 1.786060
 62.000000 1.713370 -2.471002 0.889930
 62.200000 1.686220 -2.402879 2.570421
 62.400000 1.746592 -2.403377 0.804148
 62.600000 1.608751 -2.367940 12.178489
 62.800000 1.674580 -2.403635 3.295779
 63.000000 1.698750 -2.417758 1.415122
 63.200000 1.740845 -2.408159 0.633164
 63.400000 1.793738 -2.421893 1.404291
 63.600000 1.642252 -2.399008 6.300563
 63.800000 1.790720 -2.393156 2.295477
 64.000000 1.743278 -2.454477 0.062779
 64.200000 1.698087 -2.400906 2.021359
 64.400000 1.771014 -2.419228 0.623457
 64.600000 1.697883 -2.454478 1.186250
 64.800000 1.724879 -2.367982 3.057669
 65.000000 1.683724 -2.479792 2.557570
 65.200000 1.692823 -2.385466 3.060164
 65.400000 1.683191 -2.478520 2.545168
 65.600000 1.619533 -2.492840 9.131506
 65.800000 1.660285 -2.455736 3.691636
 66.000000 1.733564 -2.584536 10.020338
 66.200000 1.601932 -2.478049 10.879550
 66.400000 1.693025 -2.485403 2.247413
 66.600000 1.593861 -2.532474 15.432949
 66.800000 1.624977 -2.401821 8.109245
 67.000000 1.677073 -2.485737 3.223109
 67.200000 1.605546 -2.561674 16.756954
 67.400000 1.654770 -2.487618 5.075424
 67.600000 1.658199 -2.505333 5.709885
 67.800000 1.622210 -2.449361 7.596534
 68.000000 1.715328 -2.484353 1.286123
 68.200000 1.648051 -2.561015 11.640975
 68.400000 1.664268 -2.509389 5.458717
 68.600000 1.717803 -2.457194 0.473141
 68.800000 1.616485 -2.465848 8.551054
 69.000000 1.785879 -2.429007 0.926580
 69.200000 1.737068 -2.354546 3.987055
 69.400000 1.726040 -2.436502 0.210256
 69.600000 1.631878 -2.363757 9.611936
 69.800000 1.688541 -2.383996 3.380473
 70.000000 1.756362 -2.446424 0.065253
 70.200000 1.609946 -2.363372 12.371412
 70.400000 1.689002 -2.394357 2.792018
 70.600000 1.743787 -2.384677 1.728993
 70.800000 1.712724 -2.337390 6.157088
 71.000000 1.645003 -2.417283 5.375368
 71.200000 1.682803 -2.356345 5.749346
 71.400000 1.724233 -2.455641 0.296700
 71.600000 1.672836 -2.427698 2.751874
 71.800000 1.772245 -2.399423 1.331914
 72.000000 1.680080 -2.412173 2.618171
 72.200000 1.727127 -2.443179 0.165695
 72.400000 1.682973 -2.428603 2.054501
 72.600000 1.635313 -2.405232 6.782465
 72.800000 1.740906 -2.430528 0.093417
 73.000000 1.687843 -2.444365 1.652747
 73.200000 1.746901 -2.436227 0.027398
 73.400000 1.708295 -2.517016 3.390948
 73.600000 1.698280 -2.428127 1.224389
 73.800000 1.639682 -2.467407 5.867428
 74.000000 1.672946 -2.421207 2.867295
 74.200000 1.717238 -2.427454 0.522689
 74.400000 1.581049 -2.591187 24.405383
 74.600000 1.678676 -2.466204 2.479967
 74.800000 1.737795 -2.539868 4.675504
 75.000000 1.655728 -2.542554 8.923939
 75.200000 1.638730 -2.478769 6.305044
 75.400000 1.687495 -2.541739 6.501699
 75.600000 1.643241 -2.500380 6.830921
 75.800000 1.584565 -2.473789 13.382384
 76.000000 1.640427 -2.469442 5.839717
 76.200000 1.681550 -2.428589 2.144452
 76.400000 1.771988 -2.546846 5.699586
 76.600000 1.753362 -2.444030 0.032424
 76.800000 1.725072 -2.447025 0.211531
 77.000000 1.714142 -2.450466 0.510870
 77.200000 1.652978 -2.417596 4.598910
 77.400000 1.670266 -2.407443 3.465847
 77.600000 1.719830 -2.400220 1.259999
 77.800000 1.787462 -2.447389 0.895299
 78.000000 1.753442 -2.399204 1.012247
 78.200000 1.685863 -2.359957 5.254534
 78.400000 1.689172 -2.352719 5.693846
 78.600000 1.679757 -2.344326 7.063738
 78.800000 1.670457 -2.386804 4.407938
 79.000000 1.713961 -2.363192 3.713530
 79.200000 1.742976 -2.422120 0.230478
 79.400000 1.721830 -2.458640 0.391309
 79.600000 1.702014 -2.365617 3.967933
 79.800000 1.673957 -2.382597 4.399208
 80.000000 1.702347 -2.423058 1.131877
 80.200000 1.703237 -2.429617 0.981718
 80.400000 1.613439 -2.482167 9.446582
 80.600000 1.632182 -2.460728 6.550211
 80.800000 1.695946 -2.476977 1.781052
 81.000000 1.658169 -2.480507 4.484632
 81.200000 1.750397 -2.523769 3.237542
 81.400000 1.717439 -2.520565 3.361470
 81.600000 1.716940 -2.498719 1.929678
 81.800000 1.629571 -2.492399 7.897432
 82.000000 1.669925 -2.467801 3.139145
 82.200000 1.679644 -2.494930 3.481800
 82.400000 1.740757 -2.510973 2.289416
 82.600000 1.790220 -2.584092 10.896068
 82.800000 1.747469 -2.454314 0.061187
 83.000000 1.663818 -2.483155 4.109828
 83.200000 1.630795 -2.413462 7.009038
 83.400000 1.676130 -2.367859 5.252128
 83.600000 1.699743 -2.461711 1.205565
 83.800000 1.705108 -2.463037 1.000486
 84.000000 1.759541 -2.440444 0.105542
 84.200000 1.736248 -2.455210 0.110255
 84.400000 1.774381 -2.482987 1.203129
 84.600000 1.727887 -2.371563 2.736756
 84.800000 1.634790 -2.450259 6.132544
 85.000000 1.705393 -2.421720 1.033803
 85.200000 1.691018 -2.416438 1.840004
 85.400000 1.764863 -2.426165 0.340365
 85.600000 1.733119 -2.438144 0.088673
 85.800000 1.751078 -2.418691 0.323296
 86.000000 1.701222 -2.387231 2.553645
 86.200000 1.716873 -2.392029 1.727489
 86.400000 1.669017 -2.377017 5.119159
 86.600000 1.730764 -2.457614 0.206238
 86.800000 1.734640 -2.513384 2.501770
 87.000000 1.695823 -2.420528 1.488372
 87.200000 1.723458 -2.471250 0.625291
 87.400000 1.564175 -2.421583 16.647808
 87.600000 1.681742 -2.428339 2.136009
 87.800000 1.679743 -2.461721 2.317477
 88.000000 1.615374 -2.437051 8.464711
 88.200000 1.690812 -2.473388 1.933886
 88.400000 1.720841 -2.406102 0.997685
 88.600000 1.731062 -2.438342 0.114880
 88.800000 1.668050 -2.414023 3.419339
 89.000000 1.727961 -2.412847 0.619434
 89.200000 1.742617 -2.457895 0.107855
 89.400000 1.560517 -2.401348 17.964583
 89.600000 1.636853 -2.379872 7.905348
 89.800000 1.776912 -2.471439 0.890140
 90.000000 1.705068 -2.415281 1.207543
 90.200000 1.589125 -2.416392 12.566208
 90.400000 1.791995 -2.368716 3.882281
 90.600000 1.710212 -2.420580 0.878380
 90.800000 1.670703 -2.494030 4.063124
 91.000000 1.688700 -2.445825 1.606250
 91.200000 1.720137 -2.441157 0.319975
 91.400000 1.691403 -2.418364 1.768943
 91.600000 1.750359 -2.439636 0.019964
 91.800000 1.675720 -2.412629 2.898018
 92.000000 1.700679 -2.435906 1.025358
 92.200000 1.669178 -2.351745 7.105488
 92.400000 1.670654 -2.507873 4.862670
 92.600000 1.738553 -2.512870 2.431759
 92.800000 1.666855 -2.423657 3.275218
 93.000000 1.780254 -2.470117 0.965162
 93.200000 1.777219 -2.547390 5.909102
 93.400000 1.636607 -2.496461 7.314809
 93.600000 1.759524 -2.431968 0.166800
 93.800000 1.631359 -2.448513 6.507357
 94.000000 1.666200 -2.478192 3.733876
 94.200000 1.738717 -2.444492 0.022391
 94.400000 1.604727 -2.474248 10.358390
 94.600000 1.731735 -2.488055 1.086725
 94.800000 1.729524 -2.444601 0.125560
 95.000000 1.673128 -2.475014 3.104295
 95.200000 1.795351 -2.399186 2.231246
 95.400000 1.680090 -2.385016 3.836027
 95.600000 1.702199 -2.473918 1.393932
 95.800000 1.815148 -2.356468 6.221200
 96.000000 1.694780 -2.412263 1.764279
 96.200000 1.748990 -2.419597 0.291450
 96.400000 1.691561 -2.394855 2.626803
 96.600000 1.671302 -2.390907 4.120932
 96.800000 1.714816 -2.384823 2.184722
 97.000000 1.640668 -2.438711 5.488274
 97.200000 1.683323 -2.459682 2.053938
 97.400000 1.769770 -2.428517 0.410320
 97.600000 1.696153 -2.367019 4.130814
 97.800000 1.773087 -2.441518 0.387126
 98.000000 1.709343 -2.480548 1.335228
 98.200000 1.661403 -2.400415 4.448282
 98.400000 1.808546 -2.408984 2.592517
 98.600000 1.649616 -2.507574 6.635758
 98.800000 1.624026 -2.381945 9.249352
 99.000000 1.715037 -2.416215 0.829971
 99.200000 1.665546 -2.440346 3.187566
 99.400000 1.717680 -2.455827 0.458712
 99.600000 1.614669 -2.422548 8.754737
 99.800000 1.724397 -2.368367 3.038610
 100.000000 1.658748 -2.388864 5.238524
 100.200000 1.664672 -2.506474 5.238181
 100.400000 1.739076 -2.429886 0.111691
 100.600000 1.659670 -2.328075 10.325736
 100.800000 1.667501 -2.414870 3.437379
 101.000000 1.745773 -2.492467 1.200884
 101.200000 1.706578 -2.444817 0.751742
 101.400000 1.738657 -2.402105 0.877401
 101.600000 1.693856 -2.569141 9.222513
 101.800000 1.666826 -2.524251 6.344937
 102.000000 1.623862 -2.409343 7.959137
 102.200000 1.694180 -2.417087 1.655892
 102.400000 1.697160 -2.456887 1.250238
 102.600000 1.722437 -2.480625 0.952593
 102.800000 1.733176 -2.455100 0.141584
 103.000000 1.744237 -2.438952 0.010760
 103.200000 1.792038 -2.482069 1.836134
 103.400000 1.714446 -2.450832 0.504049
 103.600000 1.717496 -2.506424 2.369522
 103.800000 1.691768 -2.445273 1.436023
 104.000000 1.719462 -2.408544 0.944148
 104.200000 1.725670 -2.517068 2.902211
 104.400000 1.706834 -2.427201 0.873140
 104.600000 1.720545 -2.354209 4.290102
 104.800000 1.707435 -2.428699 0.826941
 105.000000 1.614161 -2.437913 8.617946
 105.200000 1.752623 -2.423350 0.228826
 105.400000 1.649334 -2.339012 10.062407
 105.600000 1.646109 -2.444870 4.923356
 105.800000 1.658703 -2.500346 5.369952
 106.000000 1.667856 -2.303293 12.824635
 106.200000 1.711048 -2.411743 1.090612
 106.400000 1.686241 -2.468248 2.052936
 106.600000 1.681612 -2.393036 3.301277
 106.800000 1.676363 -2.404701 3.129350
 107.000000 1.679480 -2.393904 3.396032
 107.200000 1.656526 -2.407653 4.584129
 107.400000 1.650407 -2.420691 4.764314
 107.600000 1.650088 -2.442362 4.536060
 107.800000 1.687716 -2.518950 4.508993
 108.000000 1.711209 -2.414877 0.990602
 108.200000 1.666270 -2.402384 3.968822
 108.400000 1.711651 -2.429003 0.671632
 108.600000 1.735054 -2.441777 0.054209
 108.800000 1.782432 -2.445651 0.690713
 109.000000 1.634672 -2.436414 6.147369
 109.200000 1.663546 -2.370993 5.970019
 109.400000 1.699660 -2.422753 1.257233
 109.600000 1.674022 -2.513696 5.008822
 109.800000 1.778993 -2.510513 2.814598
 110.000000 1.705272 -2.418259 1.119871
 110.200000 1.654426 -2.420012 4.406663
 110.400000 1.676310 -2.487848 3.366944
 110.600000 1.669452 -2.466819 3.151465
 110.800000 1.678780 -2.384094 3.976634
 111.000000 1.712963 -2.459376 0.650442
 111.200000 1.652400 -2.504029 6.152126
 111.400000 1.754663 -2.418373 0.358252
 111.600000 1.721305 -2.522849 3.439793
 111.800000 1.617521 -2.463489 8.367987
 112.000000 1.628665 -2.454168 6.862562
 112.200000 1.600317 -2.460768 10.664051
 112.400000 1.610640 -2.462229 9.246664
 112.600000 1.756742 -2.582932 9.791186
 112.800000 1.710816 -2.458773 0.712823
 113.000000 1.668907 -2.473956 3.385191
 113.200000 1.656783 -2.475695 4.439692
 113.400000 1.690942 -2.364691 4.581315
 113.600000 1.689052 -2.457986 1.689036
 113.800000 1.741394 -2.471635 0.404646
 114.000000 1.789138 -2.405277 1.688605
 114.200000 1.717691 -2.454146 0.439012
 114.400000 1.730180 -2.439537 0.122451
 114.600000 1.732087 -2.417828 0.416194
 114.800000 1.740829 -2.421049 0.261282
 115.000000 1.688928 -2.377140 3.789787
 115.200000 1.668981 -2.354430 6.877776
 115.400000 1.659846 -2.342456 8.754684
 115.600000 1.713056 -2.377308 2.708935
 115.800000 1.804467 -2.486104 2.657881
 116.000000 1.695620 -2.389443 2.694475
 116.200000 1.671139 -2.419376 3.042145
 116.400000 1.710940 -2.387903 2.134677
 116.600000 1.634734 -2.437714 6.132198
 116.800000 1.711573 -2.394124 1.786830
 117.000000 1.741499 -2.374698 2.371473
 117.200000 1.703116 -2.487942 1.880261
 117.400000 1.646029 -2.436430 4.954999
 117.600000 1.744015 -2.370280 2.678608
 117.800000 1.733249 -2.470077 0.427173
 118.000000 1.691304 -2.508086 3.547568
 118.200000 1.659219 -2.431487 3.779218
 118.400000 1.621298 -2.455918 7.769469
 118.600000 1.591845 -2.496305 13.174956
 118.800000 1.643214 -2.465376 5.453893
 119.000000 1.667776 -2.456130 3.087529
 119.200000 1.699749 -2.535941 5.315039
 119.400000 1.686255 -2.469516 2.084311
 119.600000 1.678988 -2.398677 3.203388
 119.800000 1.695081 -2.417718 1.593784
 120.000000 1.650264 -2.493782 5.784762
 120.200000 1.737305 -2.434141 0.075622
 120.400000 1.718251 -2.443631 0.366622
 120.600000 1.673848 -2.488756 3.580580
 120.800000 1.727752 -2.459176 0.277974
 121.000000 1.641638 -2.424270 5.560091
 121.200000 1.729395 -2.433302 0.178554
 121.400000 1.716400 -2.468994 0.744425
 121.600000 1.630578 -2.440972 6.587023
 121.800000 1.741005 -2.397908 1.046875
 122.000000 1.662011 -2.463441 3.670568
 122.200000 1.718662 -2.402319 1.201900
 122.400000 1.741344 -2.441618 0.009640
 122.600000 1.737390 -2.406113 0.728961
 122.800000 1.661378 -2.387426 5.093874
 123.000000 1.739301 -2.358455 3.631174
 123.200000 1.699206 -2.405742 1.775044
 123.400000 1.671912 -2.457457 2.792977
 123.600000 1.664990 -2.486817 4.167090
 123.800000 1.713589 -2.497806 1.980395
 124.000000 1.721091 -2.426783 0.432821
 124.200000 1.681587 -2.428021 2.150760
 124.400000 1.726783 -2.427026 0.307026
 124.600000 1.698346 -2.328279 7.737155
 124.800000 1.729087 -2.443460 0.131899
 125.000000 1.748200 -2.500013 1.603203
 125.200000 1.753784 -2.458186 0.144165
 125.400000 1.678198 -2.459179 2.376830
 125.600000 1.708151 -2.376760 2.915632
 125.800000 1.721835 -2.449147 0.292147
 126.000000 1.729743 -2.509351 2.292243
 126.200000 1.656945 -2.418146 4.226307
 126.400000 1.627191 -2.423119 7.185211
 126.600000 1.724790 -2.522257 3.315356
 126.800000 1.667159 -2.478177 3.657867
 127.000000 1.765221 -2.484503 1.040082
 127.200000 1.766018 -2.481438 0.935135
 127.400000 1.716642 -2.412991 0.875683
 127.600000 1.712000 -2.383335 2.362974
 127.800000 1.707499 -2.429774 0.809233
 128.000000 1.734296 -2.481201 0.773030
 128.200000 1.734951 -2.460719 0.202781
 128.400000 1.698462 -2.446505 1.102905
 128.600000 1.712905 -2.481111 1.234407
 128.800000 1.690249 -2.432031 1.582222
 129.000000 1.680633 -2.364362 5.221156
 129.200000 1.781007 -2.435350 0.669345
 129.400000 1.750254 -2.429105 0.115171
 129.600000 1.728300 -2.406192 0.839486
 129.800000 1.746074 -2.464923 0.230596
 130.000000 1.742650 -2.424986 0.174256
 130.200000 1.739954 -2.425590 0.174131
 130.400000 1.714785 -2.460816 0.617066
 130.600000 1.684536 -2.461582 2.012077
 130.800000 1.742985 -2.361356 3.373339
 131.000000 1.683492 -2.425271 2.077371
 131.200000 1.630442 -2.466283 6.859934
 131.400000 1.786697 -2.479152 1.492574
 131.600000 1.737069 -2.470175 0.390945
 131.800000 1.660824 -2.433449 3.620672
 132.000000 1.698075 -2.475569 1.631936
 132.200000 1.676748 -2.496365 3.751106
 132.400000 1.649073 -2.450830 4.659792
 132.600000 1.670389 -2.454223 2.865916
 132.800000 1.683121 -2.477285 2.506959
 133.000000 1.639856 -2.451746 5.596661
 133.200000 1.647018 -2.485053 5.697475
 133.400000 1.760013 -2.454599 0.169833
 133.600000 1.696794 -2.452436 1.218092
 133.800000 1.720775 -2.470177 0.658332
 134.000000 1.734663 -2.453990 0.112314
 134.200000 1.696079 -2.326815 8.015878
 134.400000 1.682875 -2.438374 1.963188
 134.600000 1.774199 -2.513045 2.837679
 134.800000 1.667258 -2.395861 4.180423
 135.000000 1.633228 -2.429652 6.378650
 135.200000 1.746985 -2.326312 6.863306
 135.400000 1.723440 -2.425101 0.408111
 135.600000 1.710051 -2.402669 1.454255
 135.800000 1.772426 -2.399689 1.325117
 136.000000 1.704736 -2.389171 2.297602
 136.200000 1.740043 -2.324733 7.062188
 136.400000 1.687277 -2.480714 2.378923
 136.600000 1.674841 -2.386596 4.101087
 136.800000 1.733313 -2.354121 4.063002
 137.000000 1.737674 -2.430852 0.108796
 137.200000 1.761116 -2.360734 3.546467
 137.400000 1.729103 -2.433632 0.179947
 137.600000 1.722157 -2.432715 0.326214
 137.800000 1.664462 -2.418055 3.592487
 138.000000 1.694060 -2.454496 1.375155
 138.200000 1.672666 -2.437718 2.656452
 138.400000 1.621758 -2.409765 8.202583
 138.600000 1.649590 -2.469491 4.921816
 138.800000 1.620407 -2.501124 9.465326
 139.000000 1.670641 -2.476843 3.346303
 139.200000 1.704470 -2.476101 1.367433
 139.400000 1.677826 -2.430261 2.365491
 139.600000 1.618802 -2.447126 8.011293
 139.800000 1.724497 -2.439935 0.223218
 140.000000 1.701849 -2.375614 3.246853
 140.200000 1.678419 -2.477158 2.806192
 140.400000 1.694133 -2.506612 3.304547
 140.600000 1.631835 -2.410472 6.984622
 140.800000 1.703543 -2.429098 0.976208
 141.000000 1.690926 -2.485775 2.375096
 141.200000 1.638188 -2.471018 6.119379
 141.400000 1.692623 -2.488912 2.421878
 141.600000 1.796921 -2.408505 1.941793
 141.800000 1.672080 -2.346199 7.412681
 142.000000 1.698429 -2.341598 6.287906
 142.200000 1.737379 -2.388535 1.540058
 142.400000 1.632243 -2.339274 11.821711
 142.600000 1.714131 -2.433597 0.535314
 142.800000 1.762409 -2.483620 0.952221
 143.000000 1.732543 -2.405041 0.819797
 143.200000 1.764606 -2.446654 0.190895
 143.400000 1.686307 -2.437084 1.762171
 143.600000 1.710871 -2.454107 0.650351
 143.800000 1.672016 -2.414688 3.101333
 144.000000 1.749750 -2.387425 1.579808
 144.200000 1.738692 -2.506938 2.036719
 144.400000 1.706785 -2.449027 0.758339
 144.600000 1.683053 -2.520182 4.882200
 144.800000 1.653982 -2.477284 4.744116
 145.000000 1.776392 -2.426306 0.629588
 145.200000 1.696987 -2.485539 2.053797
 145.400000 1.669958 -2.384706 4.566483
 145.600000 1.694085 -2.414869 1.721749
 145.800000 1.701391 -2.493173 2.200925
 146.000000 1.716896 -2.374349 2.792456
 146.200000 1.745883 -2.437587 0.017404
 146.400000 1.745890 -2.341054 5.243752
 146.600000 1.655303 -2.457527 4.151264
 146.800000 1.638883 -2.500014 7.264502
 147.000000 1.667268 -2.356185 6.855305
 147.200000 1.626264 -2.488160 8.087257
 147.400000 1.667876 -2.459866 3.134065
 147.600000 1.741975 -2.417525 0.341959
 147.800000 1.660592 -2.408018 4.218333
 148.000000 1.689236 -2.423249 1.777495
 148.200000 1.661228 -2.398353 4.553879
 148.400000 1.675923 -2.467997 2.709657
 148.600000 1.708918 -2.403966 1.442809
 148.800000 1.618548 -2.454232 8.094727
 149.000000 1.717491 -2.441615 0.389186
 149.200000 1.638409 -2.415830 6.097746
 149.400000 1.653936 -2.537661 8.613254
 149.600000 1.726256 -2.518409 2.990528
 149.800000 1.674926 -2.519306 5.354565
 150.000000 1.729942 -2.487956 1.108284
 150.200000 1.677231 -2.403728 3.108011
 150.400000 1.673232 -2.554579 8.772650
 150.600000 1.746363 -2.502832 1.762989
 150.800000 1.608761 -2.484790 10.179535
 151.000000 1.672353 -2.467805 2.959101
 151.200000 1.744281 -2.491390 1.149149
 151.400000 1.751130 -2.484251 0.848727
 151.600000 1.782758 -2.431728 0.769300
 151.800000 1.681983 -2.462164 2.181265
 152.000000 1.678315 -2.374117 4.649736
 152.200000 1.732878 -2.423132 0.284160
 152.400000 1.669345 -2.359108 6.444514
 152.600000 1.680076 -2.405392 2.853642
 152.800000 1.735561 -2.429109 0.150699
 153.000000 1.719388 -2.426483 0.480609
 153.200000 1.687612 -2.388821 3.158368
 153.400000 1.754749 -2.420068 0.317980
 153.600000 1.692207 -2.395905 2.541798
 153.800000 1.721377 -2.418134 0.607566
 154.000000 1.686579 -2.376071 3.996534
 154.200000 1.679336 -2.419645 2.461138
 154.400000 1.725529 -2.454456 0.256468
 154.600000 1.684168 -2.483489 2.671469
 154.800000 1.784181 -2.493608 2.012112
 155.000000 1.660026 -2.406899 4.306735
 155.200000 1.635769 -2.473531 6.453870
 155.400000 1.703069 -2.444602 0.893627
 155.600000 1.622639 -2.415549 7.915979
 155.800000 1.687334 -2.411898 2.179841
 156.000000 1.683262 -2.406808 2.597875
 156.200000 1.668245 -2.483527 3.773656
 156.400000 1.628424 -2.488099 7.829692
 156.600000 1.685098 -2.388936 3.300410
 156.800000 1.703097 -2.444153 0.892004
 157.000000 1.690416 -2.474103 1.977184
 157.200000 1.681673 -2.466385 2.288805
 157.400000 1.741981 -2.473079 0.444214
 157.600000 1.720672 -2.484705 1.154516
 157.800000 1.786215 -2.434037 0.880219
 158.000000 1.710509 -2.478643 1.225090
 158.200000 1.704623 -2.430283 0.915337
 158.400000 1.623218 -2.406099 8.153514
 158.600000 1.729519 -2.376251 2.383575
 158.800000 1.759328 -2.426808 0.236644
 159.000000 1.579904 -2.466292 13.943385
 159.200000 1.759592 -2.417434 0.440417
 159.400000 1.758639 -2.456234 0.170151
 159.600000 1.656454 -2.498773 5.479074
 159.800000 1.788792 -2.439102 0.953987
 160.000000 1.736503 -2.398175 1.064344
 160.200000 1.690927 -2.438085 1.494257
 160.400000 1.712961 -2.389957 1.955218
 160.600000 1.718832 -2.407775 0.987801
 160.800000 1.703164 -2.462138 1.063399
 161.000000 1.647951 -2.526351 8.176607
 161.200000 1.690058 -2.468584 1.843025
 161.400000 1.694657 -2.457641 1.384381
 161.600000 1.555228 -2.539987 22.727907
 161.800000 1.649016 -2.504693 6.512854
 162.000000 1.624746 -2.483051 8.053793
 162.200000 1.740226 -2.538278 4.508173
 162.400000 1.677942 -2.465914 2.522590
 162.600000 1.612312 -2.402851 9.671431
 162.800000 1.775731 -2.528982 4.119070
 163.000000 1.673316 -2.432572 2.652218
 163.200000 1.734283 -2.458373 0.172192
 163.400000 1.739433 -2.452943 0.062335
 163.600000 1.675072 -2.418715 2.774209
 163.800000 1.754113 -2.539302 4.631335
 164.000000 1.776700 -2.407623 1.134260
 164.200000 1.702644 -2.443012 0.911119
 164.400000 1.722879 -2.389479 1.709032
 164.600000 1.686301 -2.364437 4.864562
 164.800000 1.679557 -2.382596 4.015217
 165.000000 1.660777 -2.336888 9.253442
 165.200000 1.686116 -2.409574 2.327250
 165.400000 1.700366 -2.511472 3.323600
 165.600000 1.778373 -2.344526 5.440015
 165.800000 1.690762 -2.471359 1.877960
 166.000000 1.685718 -2.442746 1.777003
 166.200000 1.690033 -2.378434 3.643106
 166.400000 1.767150 -2.445502 0.240161
 166.600000 1.737086 -2.455102 0.101730
 166.800000 1.592754 -2.388586 13.145259
 167.000000 1.749939 -2.372151 2.553158
 167.200000 1.710085 -2.422573 0.839237
 167.400000 1.648202 -2.429031 4.820962
 167.600000 1.721706 -2.432947 0.334293
 167.800000 1.718634 -2.386346 1.987413
 168.000000 1.725286 -2.415109 0.602796
 168.200000 1.731813 -2.545750 5.322839
 168.400000 1.647987 -2.392219 6.050617
 168.600000 1.648034 -2.358193 8.368465
 168.800000 1.692782 -2.480997 2.085107
 169.000000 1.754412 -2.357787 3.711243
 169.200000 1.784593 -2.432658 0.829173
 169.400000 1.706723 -2.438921 0.755520
 169.600000 1.669139 -2.487553 3.874522
 169.800000 1.645378 -2.418352 5.310312
 170.000000 1.627310 -2.382405 8.828136
 170.200000 1.756396 -2.499748 1.645356
 170.400000 1.702902 -2.450137 0.922297
 170.600000 1.665333 -2.428365 3.313610
 170.800000 1.789483 -2.412288 1.460658
 171.000000 1.755394 -2.381788 1.952412
 171.200000 1.705732 -2.483291 1.577188
 171.400000 1.752111 -2.445722 0.025554
 171.600000 1.711040 -2.343581 5.575903
 171.800000 1.740383 -2.458787 0.129674
 172.000000 1.665916 -2.456908 3.243686
 172.200000 1.707624 -2.524753 4.015085
 172.400000 1.639215 -2.447059 5.636597
 172.600000 1.698676 -2.464776 1.315435
 172.800000 1.651716 -2.507793 6.451061
 173.000000 1.583874 -2.501718 14.730794
 173.200000 1.671232 -2.403811 3.531282
 173.400000 1.775022 -2.443877 0.440928
 173.600000 1.708982 -2.554157 6.787370
 173.800000 1.639598 -2.435509 5.621208
 174.000000 1.683146 -2.441415 1.935491
 174.200000 1.709156 -2.453904 0.708777
 174.400000 1.659685 -2.406563 4.348225
 174.600000 1.644134 -2.531320 8.979871
 174.800000 1.701437 -2.535334 5.183583
 175.000000 1.672544 -2.457696 2.750136
 175.200000 1.663811 -2.536881 7.686302
 175.400000 1.721357 -2.521736 3.350813
 175.600000 1.583770 -2.422580 13.268731
 175.800000 1.591392 -2.531484 15.722314
 176.000000 1.734784 -2.357485 3.751553
 176.200000 1.606750 -2.419470 9.889863
 176.400000 1.737685 -2.470596 0.397387
 176.600000 1.733635 -2.396923 1.151280
 176.800000 1.674811 -2.344966 7.337044
 177.000000 1.759428 -2.342167 5.229635
 177.200000 1.682133 -2.417081 2.344843
 177.400000 1.770661 -2.390101 1.744487
 177.600000 1.715939 -2.404808 1.178901
 177.800000 1.663588 -2.411324 3.857225
 178.000000 1.677151 -2.412110 2.815608
 178.200000 1.704538 -2.417391 1.171789
 178.400000 1.751346 -2.352463 4.158372
 178.600000 1.685153 -2.482577 2.575638
 178.800000 1.765631 -2.509150 2.363594
 179.000000 1.672674 -2.435533 2.670788
 179.200000 1.645450 -2.478712 5.609202
 179.400000 1.774482 -2.546206 5.703224
 179.600000 1.640966 -2.474699 5.933758
 179.800000 1.790594 -2.431175 1.099937
 180.000000 1.676840 -2.367727 5.213168
 180.200000 1.658488 -2.497147 5.211795
 180.400000 1.827711 -2.489406 4.448843
 180.600000 1.663233 -2.411002 3.896670
 180.800000 1.692950 -2.479506 2.021438
 181.000000 1.770166 -2.516765 2.995150
 181.200000 1.606896 -2.398485 10.593376
 181.400000 1.755815 -2.419684 0.337660
 181.600000 1.703037 -2.371351 3.494204
 181.800000 1.630714 -2.515350 9.152298
 182.000000 1.643900 -2.418863 5.446476
 182.200000 1.728167 -2.336505 5.867085
 182.400000 1.720781 -2.464031 0.512860
 182.600000 1.713279 -2.456418 0.597555
 182.800000 1.803376 -2.287500 13.846616
 183.000000 1.641911 -2.391328 6.706638
 183.200000 1.746810 -2.375088 2.338544
 183.400000 1.698604 -2.377118 3.292279
 183.600000 1.644701 -2.426669 5.203988
 183.800000 1.695930 -2.438170 1.234154
 184.000000 1.684890 -2.479116 2.462068
 184.200000 1.664462 -2.461516 3.432784
 184.400000 1.718931 -2.449775 0.368356
 184.600000 1.756748 -2.514375 2.579584
 184.800000 1.557931 -2.425169 17.726317
 185.000000 1.706064 -2.362681 4.033537
 185.200000 1.730468 -2.497287 1.559060
 185.400000 1.602413 -2.441786 10.213900
 185.600000 1.762419 -2.442797 0.146255
 185.800000 1.688626 -2.448076 1.618270
 186.000000 1.730270 -2.426219 0.262036
 186.200000 1.727699 -2.387579 1.716836
 186.400000 1.612655 -2.370887 11.434768
 186.600000 1.691949 -2.445154 1.426162
 186.800000 1.635840 -2.429327 6.093787
 187.000000 1.705601 -2.440740 0.792889
 187.200000 1.733739 -2.417990 0.391550
 187.400000 1.767233 -2.514815 2.785567
 187.600000 1.713467 -2.402970 1.327346
 187.800000 1.682947 -2.378466 4.057941
 188.000000 1.691950 -2.468919 1.748728
 188.200000 1.587943 -2.492872 13.606004
 188.400000 1.710682 -2.461651 0.765640
 188.600000 1.682039 -2.431671 2.072321
 188.800000 1.702845 -2.564297 8.203152
 189.000000 1.754898 -2.480524 0.732609
 189.200000 1.710593 -2.279936 13.973474
 189.400000 1.671547 -2.407760 3.359226
 189.600000 1.741237 -2.468088 0.311622
 189.800000 1.704194 -2.378275 2.970684
 190.000000 1.733427 -2.457602 0.170823
 190.200000 1.760251 -2.448469 0.123868
 190.400000 1.734914 -2.441056 0.057135
 190.600000 1.736698 -2.345152 4.869599
 190.800000 1.646622 -2.401579 5.748619
 191.000000 1.780507 -2.466501 0.884162
 191.200000 1.689982 -2.494644 2.841508
 191.400000 1.701351 -2.484753 1.819577
 191.600000 1.705596 -2.593013 11.972198
 191.800000 1.592106 -2.389246 13.208267
 192.000000 1.744384 -2.437551 0.017909
 192.200000 1.616686 -2.470952 8.652472
 192.400000 1.649765 -2.415547 4.955865
 192.600000 1.796627 -2.488264 2.319413
 192.800000 1.668642 -2.396221 4.056320
 193.000000 1.735888 -2.419774 0.325095
 193.200000 1.686467 -2.463093 1.925107
 193.400000 1.686249 -2.358719 5.335851
 193.600000 1.654330 -2.405546 4.859203
 193.800000 1.707719 -2.449159 0.723519
 194.000000 1.694978 -2.467799 1.563827
 194.200000 1.771276 -2.533796 4.416784
 194.400000 1.686925 -2.485465 2.587723
 194.600000 1.648781 -2.437167 4.680587
 194.800000 1.670656 -2.526918 6.270604
 195.000000 1.689052 -2.433170 1.636518
 195.200000 1.726866 -2.364545 3.284335
 195.400000 1.748166 -2.495666 1.366685
 195.600000 1.699527 -2.415027 1.453146
 195.800000 1.822326 -2.384948 4.676124
 196.000000 1.714728 -2.470614 0.836846
 196.200000 1.641447 -2.326016 12.292432
 196.400000 1.685100 -2.484423 2.652720
 196.600000 1.694916 -2.392645 2.561880
 196.800000 1.669478 -2.336706 8.575032
 197.000000 1.724642 -2.511301 2.515095
 197.200000 1.748423 -2.353035 4.093247
 197.400000 1.614386 -2.477480 9.151706
 197.600000 1.697603 -2.520395 4.098341
 197.800000 1.625842 -2.301052 17.278791
 198.000000 1.637846 -2.479712 6.433439
 198.200000 1.684641 -2.510202 4.068689
 198.400000 1.743302 -2.418150 0.322385
 198.600000 1.768156 -2.468975 0.586004
 198.800000 1.693699 -2.411304 1.849880
 199.000000 1.761687 -2.418525 0.444705
 199.200000 1.719782 -2.426509 0.469999
 199.400000 1.687263 -2.422958 1.896029
 199.600000 1.762014 -2.441106 0.141955
 199.800000 1.685225 -2.351602 6.025301
 200.000000 1.710551 -2.452987 0.650133
