#! FIELDS time phi psi restraint.bias
#! SET min_phi -pi
#! SET max_phi pi
#! SET min_psi -pi
#! SET max_psi pi
 0.000000 2.904185 2.196908 108.726815
 0.200000 2.610160 2.277225 13.928735
 0.400000 2.454847 2.223554 1.094222
 0.600000 2.485411 2.281738 0.961936
 0.800000 2.507968 2.312889 3.046881
 1.000000 2.492516 2.359648 5.318296
 1.200000 2.505539 2.202628 4.124719
 1.400000 2.474779 2.229437 1.270210
 1.600000 2.485081 2.288579 1.059192
 1.800000 2.467192 2.286340 0.433166
 2.000000 2.425408 2.256436 0.240972
 2.200000 2.383311 2.351613 5.227361
 2.400000 2.497115 2.394201 9.286027
 2.600000 2.501314 2.338511 4.094390
 2.800000 2.565015 2.230135 8.140099
 3.000000 2.503287 2.239392 2.225746
 3.200000 2.521125 2.273955 3.028512
 3.400000 2.520849 2.205515 5.004996
 3.600000 2.500189 2.259244 1.655910
 3.800000 2.494520 2.308487 2.085962
 4.000000 2.506610 2.335767 4.227648
 4.200000 2.491318 2.327488 2.859746
 4.400000 2.574190 2.313503 9.538537
 4.600000 2.544539 2.337158 7.436014
 4.800000 2.534773 2.297433 4.575228
 5.000000 2.472260 2.207391 2.308080
 5.200000 2.480564 2.277972 0.729218
 5.400000 2.517636 2.351845 6.188588
 5.600000 2.503860 2.254280 1.931274
 5.800000 2.450690 2.297958 0.447509
 6.000000 2.479031 2.265397 0.638856
 6.200000 2.405293 2.257410 0.794733
 6.400000 2.443749 2.307324 0.737157
 6.600000 2.396190 2.334754 3.283800
 6.800000 2.539032 2.278501 4.612736
 7.000000 2.395108 2.293907 1.481012
 7.200000 2.437260 2.356025 3.812184
 7.400000 2.393390 2.273225 1.262785
 7.600000 2.446425 2.255254 0.097887
 7.800000 2.404515 2.271203 0.760967
 8.000000 2.444205 2.221476 1.126137
 8.200000 2.463387 2.338335 2.607218
 8.400000 2.451160 2.254353 0.135855
 8.600000 2.440866 2.255943 0.087677
 8.800000 2.452881 2.233538 0.670595
 9.000000 2.432246 2.278106 0.105013
 9.200000 2.470638 2.235160 0.939420
 9.400000 2.474456 2.297874 0.899309
 9.600000 2.411012 2.272309 0.532195
 9.800000 2.534988 2.266962 4.190518
 10.000000 2.402144 2.276737 0.884014
 10.200000 2.378724 2.332296 4.103201
 10.400000 2.431977 2.306267 0.763032
 10.600000 2.485595 2.246778 1.132963
 10.800000 2.565974 2.313031 8.477272
 11.000000 2.499241 2.256989 1.626950
 11.200000 2.580738 2.344099 12.247896
 11.400000 2.575979 2.437035 22.910534
 11.600000 2.475180 2.326722 2.173131
 11.800000 2.503339 2.281194 1.867886
 12.000000 2.485474 2.331708 2.853223
 12.200000 2.576277 2.306504 9.525970
 12.400000 2.592301 2.291011 11.320449
 12.600000 2.571048 2.318610 9.373379
 12.800000 2.554039 2.312670 7.070405
 13.000000 2.550406 2.320983 7.073513
 13.200000 2.560069 2.358823 10.839197
 13.400000 2.427272 2.277819 0.170560
 13.600000 2.501326 2.253793 1.788687
 13.800000 2.529704 2.365355 8.368044
 14.000000 2.508436 2.308626 2.898839
 14.200000 2.570340 2.257770 8.111457
 14.400000 2.550522 2.262818 5.749700
 14.600000 2.454366 2.275210 0.079199
 14.800000 2.472138 2.394120 8.247668
 15.000000 2.466780 2.356809 4.133398
 15.200000 2.444833 2.294810 0.335879
 15.400000 2.524646 2.404320 12.460988
 15.600000 2.464833 2.286138 0.376471
 15.800000 2.501440 2.322610 3.121651
 16.000000 2.593333 2.293729 11.538382
 16.200000 2.552685 2.257290 6.032637
 16.400000 2.619387 2.317057 16.633184
 16.600000 2.560583 2.340177 9.397073
 16.800000 2.586927 2.243668 10.610356
 17.000000 2.561578 2.267930 6.976335
 17.200000 2.570720 2.246580 8.347098
 17.400000 2.515509 2.384921 9.322640
 17.600000 2.452416 2.297550 0.449713
 17.800000 2.481103 2.394153 8.549146
 18.000000 2.411018 2.367535 5.387966
 18.200000 2.469520 2.354101 3.966772
 18.400000 2.512748 2.343455 5.177480
 18.600000 2.605497 2.322486 14.561999
 18.800000 2.551515 2.227903 6.679332
 19.000000 2.558842 2.295990 7.022599
 19.200000 2.574473 2.271200 8.584661
 19.400000 2.511687 2.243407 2.653037
 19.600000 2.446419 2.312012 0.932495
 19.800000 2.458176 2.246171 0.367208
 20.000000 2.490369 2.246616 1.349120
 20.200000 2.392950 2.303797 1.883599
 20.400000 2.482873 2.416993 11.738300
 20.600000 2.516423 2.355580 6.416025
 20.800000 2.488140 2.321883 2.400237
 21.000000 2.469495 2.289324 0.546889
 21.200000 2.602573 2.214851 14.120475
 21.400000 2.630823 2.280321 17.617125
 21.600000 2.581472 2.316716 10.665394
 21.800000 2.453119 2.269915 0.047126
 22.000000 2.470182 2.320033 1.662872
 22.200000 2.500518 2.315752 2.724025
 22.400000 2.610700 2.349572 17.236231
 22.600000 2.488419 2.357704 4.951169
 22.800000 2.546853 2.282115 5.431955
 23.000000 2.464848 2.162706 5.870223
 23.200000 2.484567 2.260677 0.878874
 23.400000 2.535723 2.305015 4.907286
 23.600000 2.455090 2.296439 0.446054
 23.800000 2.455528 2.368724 5.052460
 24.000000 2.516096 2.195619 5.325055
 24.200000 2.571564 2.328522 9.980937
 24.400000 2.481880 2.325729 2.351201
 24.600000 2.479804 2.192113 3.610717
 24.800000 2.455957 2.250592 0.246171
 25.000000 2.423464 2.318754 1.441261
 25.200000 2.453684 2.309730 0.884680
 25.400000 2.474677 2.322156 1.903804
 25.600000 2.512486 2.269772 2.382581
 25.800000 2.522989 2.235167 3.732223
 26.000000 2.558500 2.307541 7.362463
 26.200000 2.533363 2.358394 8.043239
 26.400000 2.424201 2.277410 0.221450
 26.600000 2.411621 2.272667 0.513885
 26.800000 2.436978 2.296980 0.414482
 27.000000 2.529237 2.275012 3.697262
 27.200000 2.506901 2.414794 12.650736
 27.400000 2.500144 2.294592 1.935777
 27.600000 2.458231 2.204263 2.199882
 27.800000 2.565459 2.356490 11.275270
 28.000000 2.539928 2.261536 4.680309
 28.200000 2.373708 2.195666 5.116444
 28.400000 2.466612 2.287616 0.442606
 28.600000 2.509090 2.241661 2.525338
 28.800000 2.502313 2.320657 3.069682
 29.000000 2.523501 2.265540 3.208971
 29.200000 2.549139 2.190452 8.663148
 29.400000 2.437388 2.265746 0.023505
 29.600000 2.425641 2.255645 0.246995
 29.800000 2.483172 2.301692 1.325195
 30.000000 2.415707 2.285638 0.524752
 30.200000 2.405539 2.229305 1.504059
 30.400000 2.445385 2.300429 0.498014
 30.600000 2.522268 2.263213 3.121591
 30.800000 2.461179 2.212677 1.739041
 31.000000 2.521530 2.300146 3.534694
 31.200000 2.501299 2.296857 2.062630
 31.400000 2.499203 2.327723 3.282004
 31.600000 2.548075 2.257910 5.532770
 31.800000 2.537365 2.281058 4.482561
 32.000000 2.548345 2.289102 5.703852
 32.200000 2.556529 2.271808 6.396313
 32.400000 2.582751 2.345373 12.622864
 32.600000 2.471248 2.280008 0.447445
 32.800000 2.557584 2.428940 19.313915
 33.000000 2.583865 2.295901 10.220468
 33.200000 2.394122 2.278405 1.262054
 33.400000 2.502543 2.381417 8.072257
 33.600000 2.451491 2.266018 0.036473
 33.800000 2.511362 2.331775 4.280139
 34.000000 2.448992 2.362376 4.381577
 34.200000 2.497266 2.322307 2.872152
 34.400000 2.428413 2.308789 0.907665
 34.600000 2.542139 2.336190 7.130791
 34.800000 2.521332 2.212631 4.616643
 35.000000 2.476397 2.248631 0.748380
 35.200000 2.518222 2.319221 4.059248
 35.400000 2.496580 2.366607 6.181388
 35.600000 2.462550 2.328144 1.935492
 35.800000 2.472801 2.273048 0.438912
 36.000000 2.524540 2.271647 3.290634
 36.200000 2.599152 2.256876 12.192497
 36.400000 2.542453 2.216578 6.269943
 36.600000 2.528590 2.273192 3.632594
 36.800000 2.469273 2.373054 5.754198
 37.000000 2.547275 2.365323 10.034692
 37.200000 2.434565 2.322452 1.471982
 37.400000 2.493515 2.356548 5.091305
 37.600000 2.442308 2.246489 0.252422
 37.800000 2.555645 2.291683 6.551522
 38.000000 2.542834 2.294548 5.265694
 38.200000 2.463335 2.226513 1.097008
 38.400000 2.468980 2.303756 0.932092
 38.600000 2.492394 2.277689 1.235611
 38.800000 2.553061 2.312181 6.941440
 39.000000 2.557161 2.240934 6.855661
 39.200000 2.509714 2.250979 2.355820
 39.400000 2.535936 2.196412 6.905099
 39.600000 2.515337 2.294016 2.897818
 39.800000 2.558913 2.328082 8.414230
 40.000000 2.443900 2.212748 1.578212
 40.200000 2.485673 2.289773 1.108177
 40.400000 2.489908 2.328119 2.830472
 40.600000 2.545116 2.353365 8.731748
 40.800000 2.437786 2.284117 0.131453
 41.000000 2.607994 2.264482 13.545497
 41.200000 2.531562 2.308609 4.668243
 41.400000 2.504499 2.345829 4.819748
 41.600000 2.513254 2.287073 2.600171
 41.800000 2.447393 2.262926 0.025745
 42.000000 2.467231 2.378085 6.240114
 42.200000 2.558312 2.268757 6.595438
 42.400000 2.564569 2.267621 7.334485
 42.600000 2.564868 2.247725 7.594591
 42.800000 2.556208 2.281498 6.434907
 43.000000 2.568800 2.287645 8.030055
 43.200000 2.527083 2.349402 6.734356
 43.400000 2.482107 2.352118 4.207039
 43.600000 2.488829 2.273660 1.040339
 43.800000 2.613416 2.370668 19.617951
 44.000000 2.552979 2.341982 8.665602
 44.200000 2.480337 2.229831 1.444200
 44.400000 2.502960 2.304597 2.406199
 44.600000 2.529339 2.279318 3.741478
 44.800000 2.494044 2.284681 1.403422
 45.000000 2.447718 2.322492 1.443616
 45.200000 2.480500 2.358839 4.727937
 45.400000 2.423459 2.307509 0.944286
 45.600000 2.361129 2.268236 3.389505
 45.800000 2.472148 2.313487 1.404227
 46.000000 2.489028 2.285512 1.175673
 46.200000 2.497467 2.254577 1.561280
 46.400000 2.485954 2.243209 1.233540
 46.600000 2.536153 2.366363 9.042718
 46.800000 2.422713 2.263182 0.231749
 47.000000 2.488233 2.231685 1.695807
 47.200000 2.656349 2.277137 22.694386
 47.400000 2.465484 2.214833 1.705626
 47.600000 2.491186 2.291545 1.394573
 47.800000 2.462079 2.318769 1.415403
 48.000000 2.473849 2.218450 1.735752
 48.200000 2.446900 2.317614 1.191076
 48.400000 2.562687 2.397665 15.394135
 48.600000 2.469305 2.257701 0.396988
 48.800000 2.467866 2.284783 0.423497
 49.000000 2.522368 2.291575 3.369581
 49.200000 2.505092 2.219054 3.142886
 49.400000 2.541529 2.377715 10.725906
 49.600000 2.535048 2.256792 4.267716
 49.800000 2.491239 2.277297 1.176413
 50.000000 2.487051 2.401373 9.720946
 50.200000 2.464405 2.281391 0.296989
 50.400000 2.494588 2.242270 1.662293
 50.600000 2.463752 2.311000 1.090871
 50.800000 2.551366 2.306870 6.541501
 51.000000 2.481874 2.206897 2.661711
 51.200000 2.468568 2.286361 0.467150
 51.400000 2.498842 2.319409 2.807725
 51.600000 2.551031 2.328160 7.539917
 51.800000 2.475001 2.345779 3.450420
 52.000000 2.480046 2.339254 3.142101
 52.200000 2.491571 2.287403 1.327957
 52.400000 2.524564 2.339003 5.744097
 52.600000 2.513490 2.325422 4.047862
 52.800000 2.538975 2.255253 4.654959
 53.000000 2.621416 2.239418 16.269484
 53.200000 2.461248 2.300979 0.671813
 53.400000 2.557248 2.352191 9.940071
 53.600000 2.567444 2.302345 8.244239
 53.800000 2.544449 2.238977 5.547880
 54.000000 2.504842 2.273380 1.893697
 54.200000 2.549925 2.353107 9.210288
 54.400000 2.534448 2.327910 5.878707
 54.600000 2.493826 2.311743 2.184889
 54.800000 2.447945 2.384582 6.697985
 55.000000 2.466040 2.300269 0.746036
 55.200000 2.554729 2.201244 8.480879
 55.400000 2.588799 2.215427 11.992810
 55.600000 2.549796 2.224303 6.649275
 55.800000 2.520845 2.254148 3.103374
 56.000000 2.478315 2.264165 0.618750
 56.200000 2.489023 2.329339 2.862706
 56.400000 2.432649 2.331314 2.004458
 56.600000 2.416938 2.351143 3.731372
 56.800000 2.480036 2.294442 0.994345
 57.000000 2.444796 2.269427 0.001016
 57.200000 2.548895 2.248296 5.770977
 57.400000 2.516847 2.255524 2.782582
 57.600000 2.538828 2.336030 6.798816
 57.800000 2.397238 2.327768 2.799339
 58.000000 2.421768 2.327514 1.951476
 58.200000 2.444678 2.345540 2.935430
 58.400000 2.475316 2.317364 1.680398
 58.600000 2.492557 2.289617 1.419247
 58.800000 2.468900 2.259213 0.370757
 59.000000 2.516869 2.265237 2.701155
 59.200000 2.532023 2.338185 6.319855
 59.400000 2.509996 2.252684 2.345364
 59.600000 2.516859 2.302835 3.268439
 59.800000 2.537020 2.298286 4.807571
 60.000000 2.432230 2.204682 2.126817
 60.200000 2.488301 2.211886 2.632169
 60.400000 2.553095 2.317859 7.206978
 60.600000 2.554574 2.195913 8.838642
 60.800000 2.457830 2.326965 1.787365
 61.000000 2.472088 2.343164 3.165235
 61.200000 2.360585 2.198372 5.923336
 61.400000 2.442669 2.246063 0.261724
 61.600000 2.488840 2.358561 5.046632
 61.800000 2.530087 2.329012 5.557053
 62.000000 2.399192 2.285697 1.120448
 62.200000 2.492290 2.269214 1.192176
 62.400000 2.463710 2.265484 0.210934
 62.600000 2.505646 2.224161 2.935549
 62.800000 2.420982 2.288355 0.441353
 63.000000 2.466638 2.260214 0.306563
 63.200000 2.477078 2.319745 1.856230
 63.400000 2.601952 2.272914 12.567571
 63.600000 2.521356 2.179469 7.035291
 63.800000 2.532831 2.292708 4.276280
 64.000000 2.538143 2.241254 4.865216
 64.200000 2.510048 2.286644 2.373875
 64.400000 2.495326 2.293158 1.638512
 64.600000 2.422727 2.228482 1.032865
 64.800000 2.500846 2.299477 2.113111
 65.000000 2.530133 2.356968 7.631540
 65.200000 2.565395 2.210414 9.145918
 65.400000 2.565160 2.260224 7.443191
 65.600000 2.446288 2.286387 0.156402
 65.800000 2.389391 2.240087 1.877659
 66.000000 2.443071 2.334922 2.177652
 66.200000 2.584530 2.271141 9.952644
 66.400000 2.523517 2.204435 5.284113
 66.600000 2.500962 2.241660 2.024952
 66.800000 2.538053 2.324354 6.009780
 67.000000 2.555848 2.235423 6.876702
 67.200000 2.511067 2.286739 2.443871
 67.400000 2.468644 2.290031 0.539749
 67.600000 2.501275 2.291995 1.937254
 67.800000 2.528831 2.324117 5.166929
 68.000000 2.566119 2.296948 7.915026
 68.200000 2.552192 2.256989 5.982507
 68.400000 2.538698 2.307811 5.290989
 68.600000 2.527885 2.320560 4.896657
 68.800000 2.497725 2.245094 1.756328
 69.000000 2.494040 2.286146 1.427362
 69.200000 2.490794 2.301433 1.648509
 69.400000 2.583719 2.241712 10.206478
 69.600000 2.474386 2.297049 0.873556
 69.800000 2.505990 2.343431 4.730344
 70.000000 2.519436 2.270909 2.888057
 70.200000 2.520966 2.262057 3.027082
 70.400000 2.522017 2.216067 4.482651
 70.600000 2.484903 2.266552 0.861545
 70.800000 2.473944 2.309878 1.303071
 71.000000 2.449615 2.245300 0.298077
 71.200000 2.518759 2.327920 4.574876
 71.400000 2.533514 2.331947 6.040454
 71.600000 2.494549 2.204328 3.391589
 71.800000 2.519881 2.260759 2.953346
 72.000000 2.465088 2.293029 0.524292
 72.200000 2.492791 2.338683 3.649604
 72.400000 2.456044 2.267335 0.080436
 72.600000 2.500303 2.281922 1.699924
 72.800000 2.454599 2.218470 1.335035
 73.000000 2.462537 2.221730 1.295801
 73.200000 2.548319 2.251150 5.655605
 73.400000 2.482193 2.269638 0.750355
 73.600000 2.489005 2.294570 1.365906
 73.800000 2.288291 2.242726 12.382186
 74.000000 2.400232 2.372517 6.299716
 74.200000 2.401223 2.295722 1.250988
 74.400000 2.535185 2.276664 4.236560
 74.600000 2.494605 2.326394 2.959022
 74.800000 2.548208 2.255880 5.571095
 75.000000 2.592934 2.229945 11.930997
 75.200000 2.494951 2.263602 1.339819
 75.400000 2.455657 2.283748 0.184186
 75.600000 2.405477 2.323088 2.188018
 75.800000 2.444784 2.287761 0.178214
 76.000000 2.421786 2.269384 0.234998
 76.200000 2.438960 2.289446 0.220622
 76.400000 2.475183 2.243598 0.823951
 76.600000 2.456515 2.209497 1.851201
 76.800000 2.526727 2.259690 3.509307
 77.000000 2.406238 2.273473 0.703087
 77.200000 2.439239 2.313100 0.984488
 77.400000 2.414983 2.283179 0.507048
 77.600000 2.517471 2.348465 5.901781
 77.800000 2.471610 2.276261 0.423069
 78.000000 2.429195 2.291215 0.350117
 78.200000 2.515670 2.249586 2.794132
 78.400000 2.439794 2.276976 0.039106
 78.600000 2.567473 2.301718 8.227056
 78.800000 2.445884 2.350550 3.334046
 79.000000 2.477939 2.295863 0.957131
 79.200000 2.527332 2.207538 5.401524
 79.400000 2.518855 2.220666 4.006728
 79.600000 2.590178 2.246854 11.006578
 79.800000 2.539157 2.370130 9.699734
 80.000000 2.541665 2.247045 5.061445
 80.200000 2.534298 2.393650 11.903427
 80.400000 2.494955 2.305122 1.980828
 80.600000 2.454431 2.260619 0.094695
 80.800000 2.432781 2.261945 0.081404
 81.000000 2.578463 2.225594 10.051694
 81.200000 2.515878 2.236363 3.152368
 81.400000 2.543343 2.298848 5.435848
 81.600000 2.398420 2.284512 1.135750
 81.800000 2.551258 2.255121 5.905434
 82.000000 2.497017 2.348183 4.574774
 82.200000 2.456271 2.184727 3.626974
 82.400000 2.558384 2.236395 7.132797
 82.600000 2.537174 2.292108 4.659680
 82.800000 2.564426 2.298288 7.747334
 83.000000 2.504417 2.311044 2.744708
 83.200000 2.470161 2.338228 2.757652
 83.400000 2.509689 2.307444 2.934832
 83.600000 2.472884 2.221029 1.580038
 83.800000 2.548372 2.297115 5.900388
 84.000000 2.559353 2.232096 7.393775
 84.200000 2.593787 2.298754 11.743739
 84.400000 2.570221 2.357416 11.949111
 84.600000 2.478940 2.266443 0.632481
 84.800000 2.534236 2.325602 5.725995
 85.000000 2.514547 2.338645 4.956811
 85.200000 2.479328 2.249872 0.824809
 85.400000 2.462641 2.247868 0.405708
 85.600000 2.498163 2.289162 1.700867
 85.800000 2.386660 2.212839 3.186174
 86.000000 2.455856 2.320227 1.392601
 86.200000 2.495323 2.280581 1.412708
 86.400000 2.489599 2.317405 2.239379
 86.600000 2.427640 2.340555 2.690359
 86.800000 2.465181 2.227530 1.092783
 87.000000 2.471549 2.258993 0.443803
 87.200000 2.460125 2.223231 1.182967
 87.400000 2.558486 2.237255 7.116957
 87.600000 2.599554 2.301286 12.706015
 87.800000 2.491258 2.308243 1.915104
 88.000000 2.484620 2.308711 1.638364
 88.200000 2.497361 2.342111 4.130460
 88.400000 2.576763 2.350858 12.240961
 88.600000 2.426810 2.159236 6.154811
 88.800000 2.515709 2.214421 4.095410
 89.000000 2.571241 2.244098 8.472113
 89.200000 2.517128 2.296826 3.102578
 89.400000 2.525242 2.279964 3.404940
 89.600000 2.521545 2.416262 13.902180
 89.800000 2.539002 2.378513 10.568484
 90.000000 2.528822 2.211533 5.290296
 90.200000 2.571986 2.261004 8.290706
 90.400000 2.565277 2.265524 7.425320
 90.600000 2.486838 2.248352 1.152472
 90.800000 2.498194 2.333971 3.613156
 91.000000 2.536102 2.327137 5.985317
 91.200000 2.522606 2.294126 3.449423
 91.400000 2.491372 2.298407 1.582257
 91.600000 2.505340 2.236129 2.452407
 91.800000 2.489616 2.271121 1.067542
 92.000000 2.423085 2.234269 0.808233
 92.200000 2.483976 2.357166 4.713699
 92.400000 2.532441 2.409465 13.834068
 92.600000 2.528835 2.364633 8.224122
 92.800000 2.414069 2.222318 1.518213
 93.000000 2.473884 2.226771 1.351376
 93.200000 2.511842 2.369187 7.363900
 93.400000 2.506489 2.192611 4.898402
 93.600000 2.376547 2.276248 2.265524
 93.800000 2.576019 2.442916 23.921664
 94.000000 2.452390 2.305965 0.725730
 94.200000 2.469785 2.278044 0.388029
 94.400000 2.530332 2.280677 3.842330
 94.600000 2.598502 2.309489 12.841432
 94.800000 2.481979 2.349414 3.980790
 95.000000 2.414073 2.295451 0.783573
 95.200000 2.496022 2.356685 5.231955
 95.400000 2.512184 2.351264 5.751027
 95.600000 2.476245 2.276791 0.568316
 95.800000 2.561346 2.262858 6.966828
 96.000000 2.582353 2.287869 9.824936
 96.200000 2.567214 2.229362 8.440178
 96.400000 2.569255 2.206901 9.835792
 96.600000 2.532565 2.306682 4.682430
 96.800000 2.544133 2.288743 5.263714
 97.000000 2.471379 2.247489 0.619535
 97.200000 2.558992 2.316180 7.790055
 97.400000 2.493674 2.322511 2.696225
 97.600000 2.473045 2.246113 0.697878
 97.800000 2.479288 2.313374 1.629489
 98.000000 2.556251 2.275457 6.382121
 98.200000 2.537553 2.281425 4.504757
 98.400000 2.502746 2.320370 3.080479
 98.600000 2.415682 2.276788 0.416732
 98.800000 2.449765 2.322713 1.466286
 99.000000 2.497671 2.329739 3.318379
 99.200000 2.468980 2.233644 0.948070
 99.400000 2.547629 2.253251 5.548393
 99.600000 2.504322 2.218000 3.148894
 99.800000 2.470115 2.283309 0.458611
 100.000000 2.460545 2.268691 0.145965
 100.200000 2.400782 2.262034 0.934495
 100.400000 2.463504 2.380071 6.377251
 100.600000 2.468998 2.310505 1.190401
 100.800000 2.523870 2.277080 3.266042
 101.000000 2.485164 2.329737 2.718430
 101.200000 2.550848 2.306213 6.461099
 101.400000 2.487495 2.255860 1.054889
 101.600000 2.588455 2.246854 10.755328
 101.800000 2.524116 2.287293 3.421286
 102.000000 2.617704 2.264084 15.192124
 102.200000 2.549987 2.295405 6.024398
 102.400000 2.551153 2.243389 6.124870
 102.600000 2.560980 2.316959 8.058901
 102.800000 2.491959 2.277487 1.212653
 103.000000 2.488898 2.290887 1.273357
 103.200000 2.446767 2.270990 0.007589
 103.400000 2.528033 2.341098 6.180449
 103.600000 2.527582 2.279713 3.596340
 103.800000 2.524493 2.319625 4.568214
 104.000000 2.647815 2.282355 20.970519
 104.200000 2.524062 2.256120 3.330267
 104.400000 2.595154 2.294624 11.835535
 104.600000 2.437067 2.212895 1.590261
 104.800000 2.499328 2.333224 3.627582
 105.000000 2.496229 2.403814 10.489406
 105.200000 2.522264 2.194422 5.880587
 105.400000 2.597627 2.295324 12.231942
 105.600000 2.516145 2.329932 4.502216
 105.800000 2.603007 2.231264 13.436805
 106.000000 2.469830 2.303306 0.938591
 106.200000 2.435566 2.297084 0.427551
 106.400000 2.413511 2.261742 0.474313
 106.600000 2.448307 2.307238 0.745553
 106.800000 2.523028 2.261660 3.191878
 107.000000 2.516825 2.312854 3.655890
 107.200000 2.510416 2.318470 3.468669
 107.400000 2.539873 2.219163 5.885890
 107.600000 2.469895 2.289670 0.564495
 107.800000 2.496990 2.234870 2.012678
 108.000000 2.493087 2.304168 1.852294
 108.200000 2.535381 2.378404 10.217098
 108.400000 2.456409 2.301358 0.609687
 108.600000 2.564783 2.339780 9.869534
 108.800000 2.515844 2.285184 2.751777
 109.000000 2.495517 2.235288 1.920721
 109.200000 2.539121 2.335772 6.809459
 109.400000 2.503210 2.304494 2.417449
 109.600000 2.498796 2.275519 1.552701
 109.800000 2.464455 2.315718 1.315032
 110.000000 2.526558 2.308533 4.236819
 110.200000 2.434034 2.210453 1.754120
 110.400000 2.493408 2.340645 3.819005
 110.600000 2.502966 2.383479 8.331470
 110.800000 2.439149 2.312849 0.973835
 111.000000 2.499545 2.358522 5.586206
 111.200000 2.502713 2.246935 1.997237
 111.400000 2.536594 2.245852 4.603127
 111.600000 2.496138 2.323320 2.866680
 111.800000 2.490351 2.282631 1.193208
 112.000000 2.474593 2.303976 1.098784
 112.200000 2.544192 2.376609 10.870948
 112.400000 2.490174 2.314002 2.106873
 112.600000 2.494702 2.232064 1.992291
 112.800000 2.491982 2.214564 2.654887
 113.000000 2.519863 2.230809 3.645156
 113.200000 2.638779 2.248934 19.274530
 113.400000 2.554411 2.280512 6.222055
 113.600000 2.519395 2.357837 6.835369
 113.800000 2.448688 2.313719 1.016766
 114.000000 2.500931 2.289305 1.859009
 114.200000 2.482433 2.247227 0.994867
 114.400000 2.497805 2.232097 2.154901
 114.600000 2.586815 2.188005 13.549491
 114.800000 2.516460 2.196061 5.319255
 115.000000 2.592953 2.356433 15.002456
 115.200000 2.469521 2.328001 2.084385
 115.400000 2.434777 2.381249 6.345757
 115.600000 2.411322 2.292530 0.794975
 115.800000 2.474040 2.263551 0.482005
 116.000000 2.502996 2.251603 1.922282
 116.200000 2.467756 2.224853 1.266423
 116.400000 2.515007 2.257887 2.620346
 116.600000 2.494967 2.390802 8.753089
 116.800000 2.495131 2.329067 3.143214
 117.000000 2.460134 2.270694 0.140557
 117.200000 2.550696 2.320473 7.078113
 117.400000 2.527960 2.285653 3.709886
 117.600000 2.458188 2.220737 1.269608
 117.800000 2.504201 2.272828 1.852283
 118.000000 2.529750 2.352061 7.178489
 118.200000 2.487092 2.345268 3.865777
 118.400000 2.478225 2.299045 1.057788
 118.600000 2.506128 2.302873 2.539707
 118.800000 2.546972 2.271368 5.360246
 119.000000 2.559450 2.249719 6.911178
 119.200000 2.554853 2.250484 6.374194
 119.400000 2.519401 2.296460 3.262463
 119.600000 2.477747 2.376632 6.387815
 119.800000 2.494283 2.288767 1.488214
 120.000000 2.481983 2.336725 3.040203
 120.200000 2.583188 2.327904 11.500893
 120.400000 2.451850 2.235487 0.594345
 120.600000 2.564317 2.338645 9.733311
 120.800000 2.536025 2.320032 5.589882
 121.000000 2.473534 2.333690 2.549238
 121.200000 2.522691 2.329449 4.970091
 121.400000 2.434196 2.337972 2.426478
 121.600000 2.488004 2.321014 2.348481
 121.800000 2.449472 2.235344 0.582006
 122.000000 2.517974 2.222175 3.869053
 122.200000 2.469451 2.297875 0.756696
 122.400000 2.527154 2.235109 4.074096
 122.600000 2.619952 2.349550 18.824579
 122.800000 2.500407 2.262754 1.640459
 123.000000 2.550533 2.305814 6.412453
 123.200000 2.557475 2.358348 10.497533
 123.400000 2.481549 2.312464 1.673069
 123.600000 2.545354 2.297357 5.595161
 123.800000 2.483770 2.273670 0.823659
 124.000000 2.540787 2.247428 4.967291
 124.200000 2.551615 2.323145 7.318414
 124.400000 2.607005 2.318049 14.579729
 124.600000 2.522623 2.245456 3.408755
 124.800000 2.634685 2.288425 18.473471
 125.000000 2.574341 2.328895 10.362807
 125.200000 2.565862 2.297682 7.904364
 125.400000 2.509985 2.278142 2.255169
 125.600000 2.547365 2.307961 6.159786
 125.800000 2.555379 2.301094 6.780140
 126.000000 2.534709 2.241562 4.537510
 126.200000 2.631615 2.335715 19.931252
 126.400000 2.561607 2.383137 13.501047
 126.600000 2.446833 2.269610 0.005917
 126.800000 2.543562 2.265272 5.016794
 127.000000 2.555589 2.257780 6.348508
 127.200000 2.542311 2.205805 6.877944
 127.400000 2.542546 2.326978 6.593845
 127.600000 2.537054 2.360600 8.581655
 127.800000 2.427622 2.331106 2.058513
 128.000000 2.451284 2.253889 0.143693
 128.200000 2.544710 2.288482 5.316870
 128.400000 2.479469 2.376104 6.391691
 128.600000 2.406199 2.236825 1.209528
 128.800000 2.587473 2.287377 10.539876
 129.000000 2.527208 2.242795 3.848238
 129.200000 2.503940 2.336827 4.133999
 129.400000 2.472266 2.340586 2.982336
 129.600000 2.512021 2.234884 2.929734
 129.800000 2.490563 2.195182 3.828553
 130.000000 2.507874 2.277161 2.108383
 130.200000 2.515850 2.306508 3.326169
 130.400000 2.424225 2.356989 4.062330
 130.600000 2.414475 2.396362 8.539809
 130.800000 2.430565 2.325050 1.657980
 131.000000 2.522736 2.315479 4.225775
 131.200000 2.472506 2.299475 0.888370
 131.400000 2.490187 2.211273 2.753709
 131.600000 2.524020 2.185860 6.695047
 131.800000 2.553866 2.281131 6.169111
 132.000000 2.597691 2.263004 11.910974
 132.200000 2.480750 2.237188 1.198946
 132.400000 2.505053 2.278026 1.938164
 132.600000 2.527150 2.265490 3.507825
 132.800000 2.533502 2.225873 4.980510
 133.000000 2.495042 2.334834 3.502140
 133.200000 2.531322 2.249208 4.054212
 133.400000 2.546903 2.278662 5.397497
 133.600000 2.500466 2.340414 4.179927
 133.800000 2.489484 2.223637 2.084664
 134.000000 2.449940 2.181343 3.856579
 134.200000 2.540290 2.291538 4.943543
 134.400000 2.438527 2.357315 3.918338
 134.600000 2.464770 2.323813 1.733223
 134.800000 2.530161 2.358100 7.734312
 135.000000 2.563382 2.246752 7.436390
 135.200000 2.601237 2.298078 12.871508
 135.400000 2.614245 2.299895 15.062983
 135.600000 2.507835 2.219625 3.287401
 135.800000 2.446713 2.349003 3.211315
 136.000000 2.538902 2.338295 6.960437
 136.200000 2.451154 2.323550 1.521376
 136.400000 2.478626 2.367409 5.467520
 136.600000 2.558909 2.285714 6.804996
 136.800000 2.515038 2.143114 10.476223
 137.000000 2.523776 2.274515 3.240870
 137.200000 2.533725 2.361529 8.361254
 137.400000 2.508725 2.378101 8.089034
 137.600000 2.399179 2.368261 5.913973
 137.800000 2.433658 2.278667 0.095479
 138.000000 2.513793 2.262663 2.492933
 138.200000 2.450646 2.263909 0.038407
 138.400000 2.513784 2.213252 4.022606
 138.600000 2.479972 2.249498 0.855303
 138.800000 2.503117 2.272930 1.787421
 139.000000 2.383627 2.293254 2.085920
 139.200000 2.464977 2.459039 18.302629
 139.400000 2.548364 2.298654 5.944203
 139.600000 2.560764 2.304012 7.495424
 139.800000 2.558047 2.321770 7.961194
 140.000000 2.404714 2.175236 5.139765
 140.200000 2.463847 2.285211 0.340380
 140.400000 2.461578 2.449277 16.427043
 140.600000 2.473352 2.338602 2.873967
 140.800000 2.559603 2.401643 15.551123
 141.000000 2.540535 2.364599 9.288159
 141.200000 2.543272 2.286142 5.129301
 141.400000 2.475234 2.254927 0.602781
 141.600000 2.415451 2.243050 0.727101
 141.800000 2.435108 2.243837 0.349667
 142.000000 2.519970 2.426898 15.404149
 142.200000 2.477841 2.320321 1.911628
 142.400000 2.492400 2.208991 2.993750
 142.600000 2.528084 2.344766 6.456218
 142.800000 2.517369 2.229486 3.509013
 143.000000 2.515883 2.213521 4.157461
 143.200000 2.481959 2.311285 1.638098
 143.400000 2.497714 2.285135 1.603013
 143.600000 2.567658 2.418368 18.878529
 143.800000 2.512152 2.266833 2.361438
 144.000000 2.589986 2.259900 10.775515
 144.200000 2.533768 2.310759 4.952631
 144.400000 2.550205 2.221204 6.835895
 144.600000 2.462126 2.213426 1.714450
 144.800000 2.511838 2.314250 3.364754
 145.000000 2.438737 2.345988 2.980298
 145.200000 2.360129 2.324457 5.013818
 145.400000 2.433001 2.293421 0.354645
 145.600000 2.538776 2.283641 4.650726
 145.800000 2.526559 2.261538 3.479976
 146.000000 2.547712 2.303866 6.044505
 146.200000 2.515770 2.255645 2.702521
 146.400000 2.481770 2.290688 0.970562
 146.600000 2.493961 2.389187 8.506213
 146.800000 2.515472 2.294065 2.908731
 147.000000 2.583195 2.304075 10.380505
 147.200000 2.529225 2.280114 3.740311
 147.400000 2.508929 2.261045 2.174118
 147.600000 2.586304 2.326471 11.857729
 147.800000 2.470588 2.217834 1.673259
 148.000000 2.411532 2.358654 4.535100
 148.200000 2.479907 2.408414 10.392307
 148.400000 2.444060 2.306856 0.719456
 148.600000 2.507501 2.318634 3.285876
 148.800000 2.504329 2.305683 2.527968
 149.000000 2.567232 2.280496 7.726601
 149.200000 2.515709 2.283183 2.711514
 149.400000 2.611449 2.344826 16.990233
 149.600000 2.504743 2.355665 5.639417
 149.800000 2.450231 2.378000 5.971307
 150.000000 2.496365 2.270869 1.401318
 150.200000 2.557310 2.284141 6.596529
 150.400000 2.650629 2.301166 21.978864
 150.600000 2.607025 2.190119 16.481979
 150.800000 2.559962 2.231821 7.474677
 151.000000 2.523755 2.293110 3.515978
 151.200000 2.463948 2.309481 1.032144
 151.400000 2.481593 2.346260 3.717099
 151.600000 2.421895 2.290605 0.467479
 151.800000 2.555054 2.330102 8.097707
 152.000000 2.588765 2.359020 14.614835
 152.200000 2.599244 2.276398 12.162112
 152.400000 2.531711 2.220836 5.050401
 152.600000 2.448598 2.254819 0.112729
 152.800000 2.444324 2.309586 0.826908
 153.000000 2.397902 2.291522 1.293047
 153.200000 2.481460 2.367003 5.531284
 153.400000 2.441845 2.323010 1.463755
 153.600000 2.486968 2.210547 2.650571
 153.800000 2.534668 2.259835 4.200673
 154.000000 2.497887 2.276536 1.510039
 154.200000 2.382048 2.223359 2.924052
 154.400000 2.434603 2.281504 0.118307
 154.600000 2.563215 2.322537 8.607504
 154.800000 2.432706 2.301769 0.597087
 155.000000 2.594453 2.312442 12.346033
 155.200000 2.507170 2.182371 5.775486
 155.400000 2.564633 2.304031 7.957447
 155.600000 2.517803 2.335009 4.946780
 155.800000 2.509750 2.258843 2.247959
 156.000000 2.509859 2.367926 7.104612
 156.200000 2.476456 2.357311 4.450148
 156.400000 2.493115 2.359874 5.368323
 156.600000 2.500949 2.341207 4.264584
 156.800000 2.429149 2.203214 2.261573
 157.000000 2.506232 2.279648 2.027545
 157.200000 2.533703 2.290219 4.298421
 157.400000 2.502948 2.305716 2.445991
 157.600000 2.435191 2.293757 0.342448
 157.800000 2.490312 2.336631 3.389321
 158.000000 2.447576 2.245446 0.284162
 158.200000 2.505344 2.367959 6.818320
 158.400000 2.441782 2.240331 0.410317
 158.600000 2.470968 2.332750 2.414942
 158.800000 2.411764 2.391133 7.969393
 159.000000 2.454402 2.373011 5.476481
 159.200000 2.508432 2.253107 2.235779
 159.400000 2.549514 2.335228 7.821487
 159.600000 2.595588 2.313116 12.547657
 159.800000 2.530174 2.180050 7.709219
 160.000000 2.586231 2.247816 10.414480
 160.200000 2.561494 2.263702 6.979508
 160.400000 2.487422 2.244088 1.274803
 160.600000 2.565974 2.354423 11.159460
 160.800000 2.412509 2.273165 0.487982
 161.000000 2.518489 2.365983 7.524428
 161.200000 2.453406 2.305897 0.732790
 161.400000 2.419404 2.292920 0.577173
 161.600000 2.465291 2.286820 0.398330
 161.800000 2.468555 2.275400 0.335809
 162.000000 2.427513 2.253938 0.239514
 162.200000 2.375304 2.285300 2.456685
 162.400000 2.469543 2.328452 2.111699
 162.600000 2.497553 2.297909 1.882945
 162.800000 2.471966 2.289593 0.619787
 163.000000 2.508651 2.266851 2.127034
 163.200000 2.531618 2.337747 6.253878
 163.400000 2.433241 2.311268 0.948561
 163.600000 2.469638 2.290532 0.575990
 163.800000 2.541425 2.289136 5.002693
 164.000000 2.528788 2.298642 4.081782
 164.200000 2.554178 2.223758 7.149324
 164.400000 2.504692 2.279977 1.935645
 164.600000 2.550966 2.254770 5.878905
 164.800000 2.498233 2.310780 2.375787
 165.000000 2.425252 2.316496 1.297144
 165.200000 2.483410 2.389422 8.057340
 165.400000 2.439631 2.297250 0.408394
 165.600000 2.510372 2.342481 4.943553
 165.800000 2.553954 2.298160 6.531577
 166.000000 2.472942 2.245655 0.705386
 166.200000 2.468570 2.242626 0.661141
 166.400000 2.557418 2.295422 6.844086
 166.600000 2.506910 2.293042 2.303612
 166.800000 2.457809 2.328425 1.872866
 167.000000 2.558975 2.386791 13.617555
 167.200000 2.465915 2.276497 0.280740
 167.400000 2.478112 2.278893 0.649990
 167.600000 2.413011 2.336267 2.730849
 167.800000 2.569004 2.337375 10.223036
 168.000000 2.557798 2.248602 6.743083
 168.200000 2.542174 2.215173 6.316924
 168.400000 2.587542 2.294509 10.706852
 168.600000 2.502843 2.229239 2.550695
 168.800000 2.482879 2.310117 1.625160
 169.000000 2.447262 2.320668 1.345752
 169.200000 2.402109 2.357171 4.748354
 169.400000 2.471064 2.298123 0.807129
 169.600000 2.514205 2.354205 6.138478
 169.800000 2.567359 2.312404 8.620514
 170.000000 2.465104 2.213987 1.743483
 170.200000 2.524782 2.334336 5.445719
 170.400000 2.438321 2.234686 0.599483
 170.600000 2.466559 2.330733 2.176661
 170.800000 2.479256 2.438918 15.088877
 171.000000 2.475028 2.219792 1.705402
 171.200000 2.447984 2.265445 0.016296
 171.400000 2.540545 2.338429 7.127864
 171.600000 2.468354 2.190855 3.357503
 171.800000 2.451966 2.319395 1.309604
 172.000000 2.513604 2.341219 5.073012
 172.200000 2.437411 2.250997 0.179054
 172.400000 2.495872 2.351206 4.758294
 172.600000 2.385740 2.271577 1.669360
 172.800000 2.533278 2.266893 4.035611
 173.000000 2.558700 2.322372 8.068178
 173.200000 2.510305 2.199987 4.610543
 173.400000 2.518010 2.326098 4.413033
 173.600000 2.619105 2.430467 28.472864
 173.800000 2.495362 2.269641 1.347133
 174.000000 2.461785 2.290900 0.409261
 174.200000 2.556631 2.310561 7.270378
 174.400000 2.502961 2.267541 1.771087
 174.600000 2.490755 2.275577 1.140464
 174.800000 2.468947 2.313098 1.300262
 175.000000 2.535216 2.294847 4.545401
 175.200000 2.522053 2.331939 5.073552
 175.400000 2.475921 2.266111 0.530797
 175.600000 2.493255 2.217935 2.539857
 175.800000 2.477522 2.302359 1.138889
 176.000000 2.481411 2.311359 1.620307
 176.200000 2.431835 2.325569 1.671670
 176.400000 2.455888 2.279614 0.134313
 176.600000 2.382002 2.271587 1.892113
 176.800000 2.449068 2.331648 1.982627
 177.000000 2.560456 2.229981 7.602409
 177.200000 2.554330 2.188260 9.399586
 177.400000 2.692065 2.232734 31.556953
 177.600000 2.629003 2.243459 17.537257
 177.800000 2.585342 2.244686 10.358887
 178.000000 2.421104 2.306980 0.973914
 178.200000 2.509310 2.333418 4.247489
 178.400000 2.502629 2.380389 7.962176
 178.600000 2.466831 2.304301 0.898721
 178.800000 2.501329 2.373282 7.119189
 179.000000 2.519639 2.272938 2.909586
 179.200000 2.474280 2.277129 0.508526
 179.400000 2.501261 2.273652 1.681570
 179.600000 2.543059 2.237785 5.444866
 179.800000 2.534683 2.332802 6.200611
 180.000000 2.489425 2.273251 1.065674
 180.200000 2.524006 2.175023 7.652848
 180.400000 2.454586 2.335930 2.306485
 180.600000 2.514747 2.249899 2.721890
 180.800000 2.468326 2.352153 3.772294
 181.000000 2.474089 2.283387 0.573565
 181.200000 2.440191 2.224585 0.988498
 181.400000 2.382025 2.340566 4.453156
 181.600000 2.439724 2.276710 0.037264
 181.800000 2.537161 2.252532 4.524294
 182.000000 2.488659 2.267190 1.022958
 182.200000 2.503814 2.228320 2.645727
 182.400000 2.464323 2.247329 0.450867
 182.600000 2.511732 2.270303 2.331389
 182.800000 2.428305 2.272289 0.120494
 183.000000 2.418146 2.337819 2.693410
 183.200000 2.411265 2.291703 0.777635
 183.400000 2.473725 2.311907 1.381541
 183.600000 2.387987 2.299253 1.998482
 183.800000 2.558641 2.331211 8.572747
 184.000000 2.493764 2.339406 3.748754
 184.200000 2.440172 2.330225 1.884055
 184.400000 2.508067 2.349045 5.296340
 184.600000 2.419925 2.263512 0.291635
 184.800000 2.523840 2.312721 4.189353
 185.000000 2.400883 2.221076 2.051358
 185.200000 2.466283 2.237137 0.765773
 185.400000 2.491963 2.287534 1.349297
 185.600000 2.429810 2.382775 6.573772
 185.800000 2.460124 2.319883 1.437015
 186.000000 2.406984 2.302777 1.238153
 186.200000 2.487835 2.233254 1.620852
 186.400000 2.397927 2.188735 4.252116
 186.600000 2.477665 2.225451 1.530093
 186.800000 2.529145 2.292839 3.956711
 187.000000 2.446565 2.300447 0.501536
 187.200000 2.482716 2.304874 1.416553
 187.400000 2.551784 2.287672 6.042615
 187.600000 2.634038 2.335838 20.398334
 187.800000 2.544202 2.283312 5.177776
 188.000000 2.555055 2.306824 6.944708
 188.200000 2.535881 2.268913 4.270716
 188.400000 2.515242 2.282477 2.668024
 188.600000 2.623715 2.391732 23.786236
 188.800000 2.490691 2.325846 2.735152
 189.000000 2.533349 2.292164 4.309857
 189.200000 2.469956 2.288181 0.536334
 189.400000 2.546420 2.293691 5.606917
 189.600000 2.515866 2.375229 8.271180
 189.800000 2.485136 2.265911 0.872955
 190.000000 2.481787 2.268624 0.734480
 190.200000 2.486533 2.317446 2.104604
 190.400000 2.496976 2.354976 5.134098
 190.600000 2.384966 2.330089 3.581149
 190.800000 2.377093 2.384284 8.855824
 191.000000 2.441417 2.238924 0.452201
 191.200000 2.511669 2.367597 7.193985
 191.400000 2.582120 2.292094 9.881538
 191.600000 2.579886 2.143648 17.153391
 191.800000 2.597117 2.210403 13.517759
 192.000000 2.533220 2.325482 5.627550
 192.200000 2.451528 2.315720 1.127294
 192.400000 2.400889 2.360399 5.089669
 192.600000 2.449423 2.305712 0.694285
 192.800000 2.509214 2.324257 3.692349
 193.000000 2.531246 2.284793 3.978939
 193.200000 2.535238 2.212547 5.800939
 193.400000 2.593005 2.219916 12.382797
 193.600000 2.536454 2.314131 5.345549
 193.800000 2.530983 2.259959 3.870273
 194.000000 2.482199 2.323509 2.239867
 194.200000 2.461029 2.295756 0.514191
 194.400000 2.473950 2.227361 1.328695
 194.600000 2.541108 2.258999 4.816774
 194.800000 2.457009 2.261026 0.122995
 195.000000 2.550589 2.262764 5.757186
 195.200000 2.417372 2.293290 0.637079
 195.400000 2.554765 2.303620 6.796102
 195.600000 2.522187 2.352932 6.627160
 195.800000 2.544044 2.271757 5.062477
 196.000000 2.479647 2.275368 0.675451
 196.200000 2.495884 2.248108 1.590855
 196.400000 2.510360 2.322010 3.646589
 196.600000 2.436116 2.282952 0.125311
 196.800000 2.415615 2.258018 0.447224
 197.000000 2.454031 2.352180 3.521280
 197.200000 2.477450 2.283831 0.688694
 197.400000 2.515794 2.369693 7.692834
 197.600000 2.477849 2.287964 0.772469
 197.800000 2.640637 2.269585 19.439507
 198.000000 2.543601 2.389186 12.245018
 198.200000 2.515541 2.305306 3.259433
 198.400000 2.478297 2.272760 0.614107
 198.600000 2.492146 2.385085 7.931419
 198.800000 2.473536 2.258809 0.503445
 199.000000 2.430054 2.234498 0.682571
 199.200000 2.530812 2.278728 3.863161
 199.400000 2.489903 2.250261 1.252657
 199.600000 2.567340 2.347415 10.753036
 199.800000 2.409124 2.381653 6.942927
 200.000000 2.376997 2.294234 2.528931
