#! FIELDS time phi psi restraint.bias
#! SET min_phi -pi
#! SET max_phi pi
#! SET min_psi -pi
#! SET max_psi pi
 0.000000 0.941859 -2.798789 92.830482
 0.200000 0.700672 -2.397753 1.047847
 0.400000 0.635097 -2.405931 2.690947
 0.600000 0.724670 -2.474242 0.825867
 0.800000 0.768985 -2.378778 4.602010
 1.000000 0.791984 -2.369022 7.174672
 1.200000 0.697784 -2.359038 3.563717
 1.400000 0.759029 -2.443690 1.854292
 1.600000 0.734048 -2.505649 2.578663
 1.800000 0.738224 -2.457468 0.901784
 2.000000 0.689417 -2.466040 0.292888
 2.200000 0.762047 -2.431154 2.118302
 2.400000 0.740537 -2.361882 4.226673
 2.600000 0.773399 -2.428114 2.950308
 2.800000 0.794332 -2.289441 16.488330
 3.000000 0.839599 -2.396801 11.095075
 3.200000 0.751967 -2.337576 7.054924
 3.400000 0.754342 -2.403631 2.372983
 3.600000 0.691104 -2.451704 0.058664
 3.800000 0.661410 -2.401094 1.571727
 4.000000 0.774509 -2.483152 3.704444
 4.200000 0.794949 -2.423039 4.895332
 4.400000 0.737553 -2.394724 1.964677
 4.600000 0.766316 -2.371194 4.935752
 4.800000 0.740193 -2.413223 1.341750
 5.000000 0.803933 -2.462397 5.776224
 5.200000 0.804889 -2.457621 5.798800
 5.400000 0.709432 -2.435824 0.093011
 5.600000 0.679115 -2.464426 0.400576
 5.800000 0.737469 -2.397241 1.841872
 6.000000 0.618342 -2.439295 3.191876
 6.200000 0.645765 -2.353424 5.424504
 6.400000 0.724073 -2.363614 3.524222
 6.600000 0.713494 -2.418552 0.428224
 6.800000 0.722641 -2.449960 0.321464
 7.000000 0.726225 -2.363882 3.561027
 7.200000 0.733691 -2.466506 0.897746
 7.400000 0.755547 -2.414283 2.073912
 7.600000 0.779719 -2.381719 5.234275
 7.800000 0.724882 -2.421377 0.601649
 8.000000 0.716646 -2.381972 2.061851
 8.200000 0.679982 -2.446321 0.168791
 8.400000 0.711826 -2.537898 4.552906
 8.600000 0.757945 -2.434899 1.825464
 8.800000 0.745090 -2.451109 1.131792
 9.000000 0.712691 -2.459030 0.227187
 9.200000 0.754679 -2.446075 1.602236
 9.400000 0.714307 -2.394711 1.319075
 9.600000 0.691325 -2.438847 0.033813
 9.800000 0.652508 -2.386754 2.648578
 10.000000 0.685414 -2.535599 4.325628
 10.200000 0.767920 -2.479032 3.067869
 10.400000 0.647472 -2.380129 3.288696
 10.600000 0.696255 -2.425095 0.170422
 10.800000 0.826305 -2.404680 8.966163
 11.000000 0.702392 -2.416155 0.381888
 11.200000 0.690883 -2.418441 0.339260
 11.400000 0.810084 -2.475670 6.785325
 11.600000 0.738590 -2.467353 1.103872
 11.800000 0.751311 -2.420947 1.667443
 12.000000 0.657241 -2.356494 4.617678
 12.200000 0.785021 -2.365685 6.799467
 12.400000 0.794741 -2.465067 4.900057
 12.600000 0.694000 -2.352899 4.109266
 12.800000 0.777435 -2.526698 6.608766
 13.000000 0.800225 -2.460774 5.361392
 13.200000 0.766675 -2.418718 2.655204
 13.400000 0.789604 -2.448396 4.195732
 13.600000 0.751832 -2.350114 5.798739
 13.800000 0.784149 -2.464000 3.910437
 14.000000 0.752402 -2.388774 2.967974
 14.200000 0.758835 -2.374901 4.192693
 14.400000 0.723890 -2.358000 3.983488
 14.600000 0.740246 -2.533321 4.924223
 14.800000 0.724616 -2.434030 0.395177
 15.000000 0.655068 -2.491600 2.085957
 15.200000 0.701619 -2.477390 0.581665
 15.400000 0.753923 -2.438418 1.569044
 15.600000 0.739528 -2.443611 0.856853
 15.800000 0.744595 -2.328199 7.722056
 16.000000 0.707456 -2.391299 1.403901
 16.200000 0.789748 -2.508477 6.310331
 16.400000 0.701096 -2.387973 1.543868
 16.600000 0.677909 -2.504742 2.082185
 16.800000 0.760329 -2.481499 2.657675
 17.000000 0.710741 -2.441548 0.081321
 17.200000 0.794673 -2.410499 5.203312
 17.400000 0.774028 -2.414751 3.292269
 17.600000 0.764254 -2.305786 11.663278
 17.800000 0.790501 -2.401009 5.167133
 18.000000 0.713923 -2.392704 1.412810
 18.200000 0.741371 -2.468791 1.255603
 18.400000 0.707472 -2.461590 0.207954
 18.600000 0.707330 -2.421959 0.273468
 18.800000 0.730760 -2.427276 0.663286
 19.000000 0.752960 -2.404396 2.266089
 19.200000 0.769305 -2.520470 5.498031
 19.400000 0.756484 -2.392584 2.996746
 19.600000 0.775637 -2.409988 3.563771
 19.800000 0.799131 -2.424644 5.277484
 20.000000 0.828738 -2.352852 12.633899
 20.200000 0.692686 -2.416062 0.390181
 20.400000 0.697886 -2.467808 0.296426
 20.600000 0.714360 -2.452656 0.173946
 20.800000 0.699819 -2.499321 1.561571
 21.000000 0.673987 -2.507625 2.349968
 21.200000 0.617321 -2.445167 3.266650
 21.400000 0.658433 -2.436694 0.810876
 21.600000 0.760344 -2.416626 2.295220
 21.800000 0.756839 -2.382816 3.562169
 22.000000 0.837472 -2.404643 10.461251
 22.200000 0.713370 -2.423247 0.320397
 22.400000 0.686974 -2.450065 0.084049
 22.600000 0.802889 -2.480681 6.179736
 22.800000 0.778488 -2.505056 5.125562
 23.000000 0.689593 -2.509929 2.245455
 23.200000 0.761509 -2.509515 4.189928
 23.400000 0.692223 -2.411391 0.531697
 23.600000 0.721445 -2.424841 0.445106
 23.800000 0.735952 -2.419333 1.006251
 24.000000 0.708734 -2.372373 2.582955
 24.200000 0.779220 -2.459172 3.411082
 24.400000 0.775827 -2.541306 7.805115
 24.600000 0.691096 -2.463360 0.222728
 24.800000 0.738736 -2.465137 1.059261
 25.000000 0.752735 -2.436495 1.515003
 25.200000 0.729146 -2.418756 0.786118
 25.400000 0.705733 -2.435367 0.061645
 25.600000 0.720458 -2.392256 1.560230
 25.800000 0.723235 -2.431640 0.384956
 26.000000 0.717431 -2.367401 3.078779
 26.200000 0.733361 -2.355516 4.487707
 26.400000 0.732450 -2.474874 1.082277
 26.600000 0.738544 -2.458164 0.924686
 26.800000 0.648799 -2.524386 4.491282
 27.000000 0.680884 -2.477934 0.742926
 27.200000 0.773768 -2.404993 3.600310
 27.400000 0.768108 -2.474376 2.926196
 27.600000 0.794969 -2.398954 5.679147
 27.800000 0.721284 -2.354945 4.185563
 28.000000 0.760043 -2.333288 7.985518
 28.200000 0.765871 -2.380585 4.271014
 28.400000 0.743102 -2.362528 4.286235
 28.600000 0.751311 -2.411119 1.937024
 28.800000 0.657773 -2.463543 1.016074
 29.000000 0.745487 -2.501789 2.822348
 29.200000 0.665404 -2.455330 0.605968
 29.400000 0.751311 -2.475061 1.913290
 29.600000 0.760903 -2.377338 4.156245
 29.800000 0.713149 -2.377176 2.309642
 30.000000 0.768840 -2.296429 13.309071
 30.200000 0.804772 -2.415100 6.088232
 30.400000 0.800804 -2.344788 10.139021
 30.600000 0.706297 -2.465883 0.284700
 30.800000 0.610319 -2.442124 3.856449
 31.000000 0.780103 -2.513102 5.784565
 31.200000 0.724941 -2.504805 2.240909
 31.400000 0.766905 -2.438351 2.377944
 31.600000 0.786098 -2.413004 4.332870
 31.800000 0.808158 -2.354946 9.970302
 32.000000 0.776342 -2.384246 4.811600
 32.200000 0.775653 -2.354339 6.976120
 32.400000 0.750301 -2.328585 7.959109
 32.600000 0.782232 -2.425317 3.701045
 32.800000 0.679545 -2.416217 0.543832
 33.000000 0.683658 -2.448379 0.116836
 33.200000 0.598078 -2.522495 8.128576
 33.400000 0.651478 -2.482801 1.862079
 33.600000 0.788861 -2.474431 4.595507
 33.800000 0.732438 -2.427856 0.710228
 34.000000 0.800470 -2.304591 14.879074
 34.200000 0.724416 -2.387173 1.929605
 34.400000 0.747455 -2.313900 9.609385
 34.600000 0.741196 -2.369426 3.667849
 34.800000 0.753833 -2.449677 1.570655
 35.000000 0.745692 -2.443429 1.131006
 35.200000 0.709287 -2.524061 3.310387
 35.400000 0.698300 -2.524666 3.297168
 35.600000 0.706250 -2.484271 0.865678
 35.800000 0.668055 -2.506365 2.430780
 36.000000 0.706981 -2.377749 2.198190
 36.200000 0.747730 -2.433310 1.281495
 36.400000 0.722890 -2.431413 0.379065
 36.600000 0.820766 -2.309326 16.515719
 36.800000 0.760473 -2.410443 2.488299
 37.000000 0.683675 -2.382120 1.985884
 37.200000 0.813546 -2.435921 6.688639
 37.400000 0.716813 -2.500381 1.794420
 37.600000 0.670809 -2.496122 1.759838
 37.800000 0.661570 -2.479273 1.309610
 38.000000 0.721265 -2.434192 0.310534
 38.200000 0.807620 -2.397206 7.063597
 38.400000 0.756881 -2.413968 2.160679
 38.600000 0.720815 -2.340653 5.542002
 38.800000 0.738374 -2.441328 0.811998
 39.000000 0.682952 -2.372702 2.618624
 39.200000 0.726653 -2.534671 4.566365
 39.400000 0.714256 -2.503498 1.932234
 39.600000 0.751568 -2.426388 1.573446
 39.800000 0.664654 -2.454063 0.616574
 40.000000 0.772542 -2.445308 2.770172
 40.200000 0.741785 -2.428388 1.066401
 40.400000 0.744829 -2.456212 1.171632
 40.600000 0.737741 -2.377857 2.936406
 40.800000 0.687347 -2.350908 4.341211
 41.000000 0.733933 -2.530715 4.447484
 41.200000 0.704726 -2.418240 0.339787
 41.400000 0.654994 -2.505264 2.840245
 41.600000 0.754232 -2.506585 3.565953
 41.800000 0.771013 -2.516972 5.357779
 42.000000 0.788853 -2.511221 6.410847
 42.200000 0.710477 -2.367202 2.983925
 42.400000 0.724491 -2.372845 2.840702
 42.600000 0.764001 -2.455543 2.242407
 42.800000 0.710395 -2.368581 2.878670
 43.000000 0.736224 -2.381735 2.630517
 43.200000 0.753076 -2.538452 6.021114
 43.400000 0.707058 -2.341608 5.226880
 43.600000 0.730101 -2.383454 2.311438
 43.800000 0.649065 -2.488066 2.198557
 44.000000 0.777933 -2.304675 12.814859
 44.200000 0.722588 -2.537314 4.703216
 44.400000 0.821877 -2.442212 7.657237
 44.600000 0.728859 -2.436133 0.498935
 44.800000 0.692013 -2.520159 2.960003
 45.000000 0.705192 -2.463007 0.215942
 45.200000 0.741046 -2.380257 2.918204
 45.400000 0.811638 -2.346741 11.119234
 45.600000 0.757690 -2.419067 2.071110
 45.800000 0.738785 -2.430682 0.907990
 46.000000 0.683922 -2.433347 0.152104
 46.200000 0.691431 -2.492048 1.202779
 46.400000 0.717638 -2.471548 0.584682
 46.600000 0.782095 -2.445800 3.527652
 46.800000 0.708669 -2.514047 2.546718
 47.000000 0.720637 -2.358334 3.876583
 47.200000 0.750933 -2.440004 1.399957
 47.400000 0.695189 -2.397188 1.074941
 47.600000 0.782753 -2.332736 9.710438
 47.800000 0.717439 -2.441262 0.188796
 48.000000 0.721607 -2.411614 0.782665
 48.200000 0.741588 -2.474956 1.440205
 48.400000 0.708429 -2.476742 0.606845
 48.600000 0.712447 -2.435478 0.134335
 48.800000 0.679322 -2.462473 0.357631
 49.000000 0.812172 -2.570832 14.614268
 49.200000 0.708878 -2.365115 3.126749
 49.400000 0.762534 -2.472944 2.508464
 49.600000 0.775118 -2.419826 3.242738
 49.800000 0.766097 -2.372445 4.831326
 50.000000 0.727926 -2.497845 1.922660
 50.200000 0.676147 -2.409906 0.804635
 50.400000 0.661833 -2.508258 2.758135
 50.600000 0.689752 -2.448654 0.048595
 50.800000 0.773057 -2.430011 2.897359
 51.000000 0.683863 -2.358686 3.695201
 51.200000 0.719224 -2.352236 4.383458
 51.400000 0.727317 -2.383752 2.208455
 51.600000 0.679516 -2.398331 1.191642
 51.800000 0.754210 -2.483827 2.387093
 52.000000 0.734866 -2.475477 1.187202
 52.200000 0.723068 -2.394520 1.508523
 52.400000 0.686846 -2.479542 0.714593
 52.600000 0.770895 -2.550995 8.429059
 52.800000 0.700150 -2.439090 0.011590
 53.000000 0.767272 -2.435101 2.425105
 53.200000 0.741525 -2.413992 1.375721
 53.400000 0.800154 -2.391742 6.541683
 53.600000 0.741888 -2.481402 1.677038
 53.800000 0.627447 -2.350201 6.846899
 54.000000 0.748631 -2.537213 5.669784
 54.200000 0.685710 -2.441008 0.080153
 54.400000 0.718674 -2.461257 0.369343
 54.600000 0.681656 -2.402968 0.955557
 54.800000 0.667555 -2.425434 0.629963
 55.000000 0.642314 -2.366340 4.531573
 55.200000 0.747421 -2.484406 2.052968
 55.400000 0.746194 -2.297136 11.860498
 55.600000 0.738689 -2.500086 2.425652
 55.800000 0.701265 -2.465368 0.244871
 56.000000 0.615900 -2.401836 4.247345
 56.200000 0.662309 -2.510310 2.876033
 56.400000 0.783617 -2.498948 5.193289
 56.600000 0.759299 -2.381506 3.789933
 56.800000 0.783625 -2.493786 4.920813
 57.000000 0.677169 -2.372801 2.716107
 57.200000 0.824974 -2.348688 12.535491
 57.400000 0.800580 -2.532593 9.220056
 57.600000 0.776219 -2.487706 4.027605
 57.800000 0.769834 -2.340045 7.918003
 58.000000 0.713895 -2.484872 0.981684
 58.200000 0.699054 -2.415149 0.401201
 58.400000 0.733480 -2.358172 4.261816
 58.600000 0.778086 -2.538131 7.677541
 58.800000 0.639599 -2.372768 4.211811
 59.000000 0.686113 -2.454484 0.132984
 59.200000 0.727357 -2.435556 0.458305
 59.400000 0.739894 -2.468329 1.181249
 59.600000 0.813091 -2.444627 6.608506
 59.800000 0.754092 -2.422549 1.784427
 60.000000 0.756556 -2.448162 1.717755
 60.200000 0.732119 -2.430755 0.658289
 60.400000 0.780853 -2.446755 3.426860
 60.600000 0.646790 -2.461834 1.486773
 60.800000 0.755468 -2.411706 2.147916
 61.000000 0.777326 -2.460484 3.280791
 61.200000 0.737795 -2.417549 1.122291
 61.400000 0.734623 -2.370040 3.361128
 61.600000 0.755360 -2.448434 1.649897
 61.800000 0.787888 -2.394690 5.217338
 62.000000 0.784852 -2.473534 4.212449
 62.200000 0.702204 -2.406915 0.676085
 62.400000 0.721036 -2.466892 0.536815
 62.600000 0.731909 -2.470112 0.925592
 62.800000 0.720705 -2.414287 0.680336
 63.000000 0.686222 -2.378395 2.187743
 63.200000 0.675350 -2.345891 5.019484
 63.400000 0.771655 -2.454065 2.759036
 63.600000 0.658382 -2.390739 2.179866
 63.800000 0.698494 -2.461488 0.162548
 64.000000 0.778772 -2.377268 5.442151
 64.200000 0.758876 -2.486491 2.770749
 64.400000 0.582212 -2.435187 6.752954
 64.600000 0.677621 -2.412700 0.683453
 64.800000 0.626539 -2.480745 3.257844
 65.000000 0.721319 -2.456048 0.348054
 65.200000 0.748893 -2.444125 1.288561
 65.400000 0.789302 -2.407011 4.820305
 65.600000 0.681023 -2.407918 0.778007
 65.800000 0.771306 -2.421991 2.907713
 66.000000 0.676830 -2.366418 3.194681
 66.200000 0.708601 -2.372915 2.543180
 66.400000 0.759609 -2.462206 2.065434
 66.600000 0.700136 -2.411733 0.505335
 66.800000 0.695359 -2.464842 0.232424
 67.000000 0.756329 -2.419908 1.970859
 67.200000 0.725383 -2.501975 2.083255
 67.400000 0.805981 -2.482832 6.590759
 67.600000 0.814534 -2.358760 10.361832
 67.800000 0.661179 -2.436378 0.707849
 68.000000 0.707769 -2.377753 2.205207
 68.200000 0.718828 -2.428362 0.328144
 68.400000 0.758285 -2.404980 2.549575
 68.600000 0.747131 -2.435581 1.231508
 68.800000 0.645607 -2.411841 1.879336
 69.000000 0.690375 -2.478909 0.658368
 69.200000 0.670476 -2.347219 5.013688
 69.400000 0.774176 -2.416635 3.251174
 69.600000 0.755855 -2.466610 1.933951
 69.800000 0.833217 -2.384336 10.871945
 70.000000 0.666053 -2.402631 1.348032
 70.200000 0.757301 -2.453599 1.801862
 70.400000 0.767960 -2.424707 2.613879
 70.600000 0.678907 -2.455184 0.253502
 70.800000 0.749699 -2.479417 1.976042
 71.000000 0.739003 -2.393541 2.081273
 71.200000 0.695401 -2.458321 0.114133
 71.400000 0.691095 -2.333769 6.040871
 71.600000 0.759725 -2.472059 2.305772
 71.800000 0.779279 -2.469459 3.630379
 72.000000 0.764626 -2.392145 3.527389
 72.200000 0.734244 -2.512077 3.006123
 72.400000 0.734673 -2.492870 1.888270
 72.600000 0.736749 -2.461719 0.912331
 72.800000 0.709613 -2.422757 0.280232
 73.000000 0.752330 -2.462065 1.641762
 73.200000 0.735808 -2.412242 1.197058
 73.400000 0.708513 -2.457673 0.154879
 73.600000 0.739711 -2.407223 1.520996
 73.800000 0.705387 -2.503321 1.817950
 74.000000 0.762923 -2.481980 2.840787
 74.200000 0.805517 -2.403344 6.570488
 74.400000 0.618809 -2.475419 3.656744
 74.600000 0.734905 -2.427508 0.803397
 74.800000 0.696111 -2.473623 0.456925
 75.000000 0.760532 -2.449157 1.963125
 75.200000 0.727918 -2.408496 1.054889
 75.400000 0.630470 -2.444405 2.289504
 75.600000 0.727988 -2.400364 1.374374
 75.800000 0.717443 -2.377960 2.331650
 76.000000 0.752924 -2.427692 1.625433
 76.200000 0.723990 -2.452035 0.371080
 76.400000 0.818813 -2.433477 7.331806
 76.600000 0.741224 -2.508590 3.049380
 76.800000 0.675140 -2.379977 2.279408
 77.000000 0.765972 -2.504482 4.162986
 77.200000 0.790615 -2.385545 5.953733
 77.400000 0.741021 -2.406273 1.611225
 77.600000 0.730609 -2.493670 1.787858
 77.800000 0.701690 -2.400110 0.945985
 78.000000 0.669847 -2.450786 0.426826
 78.200000 0.804296 -2.429261 5.736240
 78.400000 0.721791 -2.436446 0.304492
 78.600000 0.738160 -2.412924 1.267367
 78.800000 0.714276 -2.415407 0.523812
 79.000000 0.687197 -2.423724 0.254552
 79.200000 0.702860 -2.468053 0.313560
 79.400000 0.720634 -2.477583 0.835331
 79.600000 0.694965 -2.430559 0.088244
 79.800000 0.693821 -2.479750 0.667732
 80.000000 0.688064 -2.504421 1.908720
 80.200000 0.695794 -2.427184 0.135199
 80.400000 0.778906 -2.355750 7.108897
 80.600000 0.824524 -2.438397 8.000316
 80.800000 0.862060 -2.391093 14.807499
 81.000000 0.760699 -2.362377 5.244668
 81.200000 0.748961 -2.402019 2.150519
 81.400000 0.751011 -2.440411 1.402781
 81.600000 0.688279 -2.442602 0.048906
 81.800000 0.725004 -2.460763 0.510742
 82.000000 0.757363 -2.555439 8.023741
 82.200000 0.667795 -2.432944 0.515460
 82.400000 0.736055 -2.453374 0.768235
 82.600000 0.742416 -2.416237 1.351113
 82.800000 0.816275 -2.373865 9.400659
 83.000000 0.763161 -2.406723 2.789253
 83.200000 0.793586 -2.385263 6.249231
 83.400000 0.886173 -2.486188 18.592575
 83.600000 0.649353 -2.453756 1.242655
 83.800000 0.743761 -2.515449 3.632148
 84.000000 0.627823 -2.461011 2.625650
 84.200000 0.729901 -2.515473 3.097482
 84.400000 0.705174 -2.463994 0.235606
 84.600000 0.705584 -2.414953 0.434108
 84.800000 0.722895 -2.378838 2.394662
 85.000000 0.780599 -2.410589 3.940748
 85.200000 0.723602 -2.384414 2.067664
 85.400000 0.743262 -2.407219 1.675120
 85.600000 0.693166 -2.390046 1.438908
 85.800000 0.689499 -2.413730 0.479240
 86.000000 0.694649 -2.490357 1.105672
 86.200000 0.696111 -2.517896 2.772336
 86.400000 0.681021 -2.399680 1.104767
 86.600000 0.669868 -2.471007 0.778806
 86.800000 0.714981 -2.331716 6.385398
 87.000000 0.839240 -2.461164 10.112461
 87.200000 0.828612 -2.360677 11.939108
 87.400000 0.719572 -2.355535 4.095348
 87.600000 0.771244 -2.478877 3.299874
 87.800000 0.781652 -2.451789 3.522490
 88.000000 0.713373 -2.569637 8.076373
 88.200000 0.696271 -2.430612 0.084281
 88.400000 0.634766 -2.470172 2.364316
 88.600000 0.684929 -2.402987 0.906252
 88.800000 0.726190 -2.377664 2.558246
 89.000000 0.718180 -2.378012 2.342783
 89.200000 0.872656 -2.340422 20.537982
 89.400000 0.701186 -2.434725 0.042826
 89.600000 0.754174 -2.504463 3.431006
 89.800000 0.679051 -2.481373 0.900684
 90.000000 0.726586 -2.508656 2.529999
 90.200000 0.741717 -2.507680 3.011881
 90.400000 0.734446 -2.377172 2.856448
 90.600000 0.818697 -2.393873 8.497510
 90.800000 0.676943 -2.351740 4.430860
 91.000000 0.781883 -2.436997 3.528054
 91.200000 0.749025 -2.485462 2.177075
 91.400000 0.762324 -2.497039 3.495671
 91.600000 0.681446 -2.440864 0.142573
 91.800000 0.735376 -2.512094 3.048829
 92.000000 0.652415 -2.490240 2.139139
 92.200000 0.775532 -2.482139 3.743407
 92.400000 0.741847 -2.368304 3.779804
 92.600000 0.712270 -2.390082 1.524607
 92.800000 0.754900 -2.372274 4.145062
 93.000000 0.762203 -2.411889 2.550959
 93.200000 0.745985 -2.487411 2.110774
 93.400000 0.683276 -2.434690 0.148804
 93.600000 0.746583 -2.537120 5.559762
 93.800000 0.673861 -2.421059 0.545466
 94.000000 0.707740 -2.485765 0.940990
 94.200000 0.621516 -2.400724 3.848154
 94.400000 0.748731 -2.397540 2.334495
 94.600000 0.722813 -2.401615 1.180145
 94.800000 0.765544 -2.439983 2.278242
 95.000000 0.802984 -2.368496 8.306906
 95.200000 0.751719 -2.452727 1.478749
 95.400000 0.730689 -2.471133 0.912847
 95.600000 0.724976 -2.464993 0.592112
 95.800000 0.772017 -2.438846 2.740187
 96.000000 0.744514 -2.506424 3.057860
 96.200000 0.758057 -2.364147 4.940917
 96.400000 0.763110 -2.463900 2.319950
 96.600000 0.769857 -2.434928 2.608641
 96.800000 0.735648 -2.379382 2.756799
 97.000000 0.755847 -2.421395 1.908964
 97.200000 0.694138 -2.554812 6.207489
 97.400000 0.757489 -2.446638 1.766698
 97.600000 0.720786 -2.505043 2.152800
 97.800000 0.787904 -2.406997 4.694347
 98.000000 0.704082 -2.406478 0.701558
 98.200000 0.695197 -2.408624 0.611124
 98.400000 0.701333 -2.337178 5.653127
 98.600000 0.704989 -2.435770 0.053088
 98.800000 0.659672 -2.417406 1.078982
 99.000000 0.718794 -2.361489 3.573141
 99.200000 0.712720 -2.454205 0.164125
 99.400000 0.725457 -2.364586 3.483925
 99.600000 0.714644 -2.418493 0.448027
 99.800000 0.710544 -2.445803 0.079771
 100.000000 0.653844 -2.379928 2.998910
 100.200000 0.748668 -2.512826 3.682701
 100.400000 0.704005 -2.406533 0.699080
 100.600000 0.767944 -2.387439 4.006064
 100.800000 0.714815 -2.462025 0.311478
 101.000000 0.757725 -2.371182 4.387850
 101.200000 0.704668 -2.359863 3.515647
 101.400000 0.722536 -2.449416 0.315506
 101.600000 0.709899 -2.338864 5.539494
 101.800000 0.724923 -2.483185 1.147860
 102.000000 0.691726 -2.449673 0.039806
 102.200000 0.719031 -2.331643 6.469982
 102.400000 0.718401 -2.534466 4.346353
 102.600000 0.721438 -2.401875 1.136301
 102.800000 0.746590 -2.369633 3.899340
 103.000000 0.654885 -2.468137 1.239581
 103.200000 0.711337 -2.335416 5.924007
 103.400000 0.629946 -2.424042 2.513209
 103.600000 0.734066 -2.531479 4.519236
 103.800000 0.704844 -2.415645 0.409392
 104.000000 0.755949 -2.519619 4.571430
 104.200000 0.687839 -2.337892 5.625336
 104.400000 0.736542 -2.365053 3.811625
 104.600000 0.701139 -2.451316 0.035373
 104.800000 0.678441 -2.360578 3.628633
 105.000000 0.702983 -2.451876 0.047175
 105.200000 0.678630 -2.445301 0.191847
 105.400000 0.717943 -2.494037 1.475220
 105.600000 0.708197 -2.473525 0.502565
 105.800000 0.664829 -2.460821 0.705213
 106.000000 0.797698 -2.429895 5.048718
 106.200000 0.739808 -2.395557 2.015859
 106.400000 0.756121 -2.469253 2.013978
 106.600000 0.679159 -2.408812 0.780243
 106.800000 0.757088 -2.473378 2.185430
 107.000000 0.761636 -2.471155 2.399857
 107.200000 0.759155 -2.404852 2.607244
 107.400000 0.708714 -2.458870 0.174707
 107.600000 0.805487 -2.430793 5.842853
 107.800000 0.725172 -2.400979 1.267942
 108.000000 0.737352 -2.347607 5.363084
 108.200000 0.746307 -2.350849 5.448953
 108.400000 0.823105 -2.392197 9.123193
 108.600000 0.769322 -2.374621 4.903502
 108.800000 0.669807 -2.454904 0.466619
 109.000000 0.691802 -2.469623 0.362246
 109.200000 0.755925 -2.441429 1.672096
 109.400000 0.764180 -2.521342 5.213939
 109.600000 0.783596 -2.378501 5.761993
 109.800000 0.731670 -2.351870 4.756857
 110.000000 0.752743 -2.343542 6.483124
 110.200000 0.738203 -2.358224 4.435506
 110.400000 0.719772 -2.429584 0.330434
 110.600000 0.700959 -2.491488 1.157290
 110.800000 0.678615 -2.423512 0.389434
 111.000000 0.733767 -2.505266 2.544861
 111.200000 0.640384 -2.442962 1.667503
 111.400000 0.721742 -2.405120 1.013754
 111.600000 0.677163 -2.442269 0.220554
 111.800000 0.696279 -2.336083 5.766769
 112.000000 0.804732 -2.450327 5.705378
 112.200000 0.667803 -2.474412 0.938915
 112.400000 0.715033 -2.413439 0.593486
 112.600000 0.710136 -2.561495 7.038019
 112.800000 0.733483 -2.489511 1.685176
 113.000000 0.737402 -2.456325 0.853832
 113.200000 0.720542 -2.491051 1.383498
 113.400000 0.688541 -2.367509 2.930351
 113.600000 0.765333 -2.384358 4.004633
 113.800000 0.735372 -2.358076 4.338660
 114.000000 0.799201 -2.415265 5.505030
 114.200000 0.763606 -2.418432 2.456686
 114.400000 0.734632 -2.424138 0.852826
 114.600000 0.670948 -2.473289 0.814332
 114.800000 0.693918 -2.477915 0.602403
 115.000000 0.753545 -2.512638 3.928060
 115.200000 0.632004 -2.534432 6.324332
 115.400000 0.694623 -2.411355 0.521542
 115.600000 0.666572 -2.424855 0.671107
 115.800000 0.726711 -2.377205 2.603287
 116.000000 0.770595 -2.420165 2.896813
 116.200000 0.715289 -2.414933 0.554108
 116.400000 0.777634 -2.389783 4.600952
 116.600000 0.679912 -2.457811 0.268936
 116.800000 0.730587 -2.515777 3.141440
 117.000000 0.733094 -2.455668 0.685691
 117.200000 0.684032 -2.477272 0.670989
 117.400000 0.785071 -2.445748 3.781822
 117.600000 0.743772 -2.473422 1.490320
 117.800000 0.830135 -2.411146 9.234545
 118.000000 0.783228 -2.342722 8.694797
 118.200000 0.784509 -2.436871 3.752230
 118.400000 0.750106 -2.445312 1.352355
 118.600000 0.685373 -2.391997 1.405681
 118.800000 0.713018 -2.500187 1.719694
 119.000000 0.706306 -2.462331 0.211449
 119.200000 0.753956 -2.474116 2.028039
 119.400000 0.695644 -2.422104 0.231157
 119.600000 0.762390 -2.418657 2.372186
 119.800000 0.764351 -2.474951 2.688295
 120.000000 0.803105 -2.351943 9.697456
 120.200000 0.733107 -2.371439 3.205239
 120.400000 0.741749 -2.351432 5.185914
 120.600000 0.706741 -2.425883 0.191553
 120.800000 0.720724 -2.543862 5.295364
 121.000000 0.633470 -2.389512 3.545834
 121.200000 0.719398 -2.494699 1.538781
 121.400000 0.712254 -2.470312 0.460207
 121.600000 0.744634 -2.479611 1.734636
 121.800000 0.800812 -2.434304 5.313517
 122.000000 0.783348 -2.467547 3.920961
 122.200000 0.723580 -2.395711 1.463825
 122.400000 0.723205 -2.397111 1.388498
 122.600000 0.744664 -2.362144 4.388804
 122.800000 0.770274 -2.462904 2.791269
 123.000000 0.760396 -2.494730 3.252682
 123.200000 0.694295 -2.450996 0.035751
 123.400000 0.644992 -2.471911 1.816601
 123.600000 0.776189 -2.514865 5.595726
 123.800000 0.726898 -2.355305 4.299520
 124.000000 0.717861 -2.490759 1.313202
 124.200000 0.684861 -2.293036 11.401836
 124.400000 0.781990 -2.455973 3.594349
 124.600000 0.726751 -2.376295 2.665207
 124.800000 0.718489 -2.347410 4.820073
 125.000000 0.753055 -2.489249 2.556575
 125.200000 0.766167 -2.455889 2.391609
 125.400000 0.729294 -2.461657 0.651085
 125.600000 0.688969 -2.526754 3.510806
 125.800000 0.778222 -2.451093 3.236378
 126.000000 0.798417 -2.517274 7.752710
 126.200000 0.677389 -2.379355 2.269894
 126.400000 0.831359 -2.404889 9.618642
 126.600000 0.725206 -2.366163 3.353988
 126.800000 0.783272 -2.485323 4.500689
 127.000000 0.688130 -2.359121 3.606656
 127.200000 0.708009 -2.494010 1.326369
 127.400000 0.714164 -2.438951 0.138695
 127.600000 0.729075 -2.498722 2.005617
 127.800000 0.739977 -2.509099 3.029707
 128.000000 0.683195 -2.395632 1.255368
 128.200000 0.810210 -2.398435 7.294490
 128.400000 0.642661 -2.298179 12.091924
 128.600000 0.744031 -2.348418 5.569925
 128.800000 0.767097 -2.496870 3.804360
 129.000000 0.756558 -2.361526 5.063468
 129.200000 0.714799 -2.531448 4.009783
 129.400000 0.663481 -2.404643 1.353753
 129.600000 0.653693 -2.405682 1.701004
 129.800000 0.674980 -2.507353 2.309097
 130.000000 0.698057 -2.341878 5.159534
 130.200000 0.738567 -2.392009 2.141141
 130.400000 0.769259 -2.443807 2.529633
 130.600000 0.736770 -2.380430 2.732878
 130.800000 0.718879 -2.432975 0.270201
 131.000000 0.706470 -2.515384 2.621240
 131.200000 0.698164 -2.419751 0.281075
 131.400000 0.693569 -2.496895 1.438000
 131.600000 0.757846 -2.375340 4.103144
 131.800000 0.719665 -2.364614 3.340228
 132.000000 0.756557 -2.446111 1.710258
 132.200000 0.782070 -2.377708 5.684501
 132.400000 0.714260 -2.357311 3.840945
 132.600000 0.794496 -2.459626 4.773714
 132.800000 0.632412 -2.494510 3.462568
 133.000000 0.734953 -2.461907 0.848039
 133.200000 0.701207 -2.521825 3.075173
 133.400000 0.704580 -2.423227 0.225503
 133.600000 0.811769 -2.415401 6.850373
 133.800000 0.788097 -2.432623 4.105581
 134.000000 0.783968 -2.498733 5.211463
 134.200000 0.734562 -2.378621 2.765695
 134.400000 0.702445 -2.468899 0.332844
 134.600000 0.725739 -2.486116 1.290799
 134.800000 0.825669 -2.497893 9.614325
 135.000000 0.713447 -2.472687 0.544349
 135.200000 0.646169 -2.392790 2.633837
 135.400000 0.679415 -2.414642 0.590402
 135.600000 0.774330 -2.459786 3.036341
 135.800000 0.741339 -2.382585 2.786389
 136.000000 0.722044 -2.353984 4.289008
 136.200000 0.847549 -2.474988 11.659709
 136.400000 0.660012 -2.385596 2.400745
 136.600000 0.752739 -2.398701 2.492748
 136.800000 0.725160 -2.599609 12.556338
 137.000000 0.737708 -2.461838 0.952010
 137.200000 0.802678 -2.542670 10.386243
 137.400000 0.582278 -2.375630 9.011538
 137.600000 0.739896 -2.450003 0.893507
 137.800000 0.803511 -2.456242 5.634079
 138.000000 0.782893 -2.466744 3.863311
 138.200000 0.787109 -2.433668 4.006468
 138.400000 0.665086 -2.398571 1.553566
 138.600000 0.760570 -2.425216 2.115744
 138.800000 0.753245 -2.483614 2.324898
 139.000000 0.703761 -2.454336 0.074977
 139.200000 0.750919 -2.440082 1.398950
 139.400000 0.699025 -2.466620 0.268570
 139.600000 0.698783 -2.487086 0.951794
 139.800000 0.658120 -2.404998 1.540155
 140.000000 0.669622 -2.480490 1.091948
 140.200000 0.716856 -2.420450 0.440047
 140.400000 0.743796 -2.374493 3.420879
 140.600000 0.646283 -2.338612 6.840768
 140.800000 0.677778 -2.354385 4.174360
 141.000000 0.740136 -2.482534 1.645532
 141.200000 0.722899 -2.333967 6.301207
 141.400000 0.776081 -2.371370 5.636579
 141.600000 0.665768 -2.435896 0.552330
 141.800000 0.712412 -2.442331 0.102608
 142.000000 0.667017 -2.565812 7.968892
 142.200000 0.659029 -2.394395 1.968220
 142.400000 0.775602 -2.576974 11.913743
 142.600000 0.759374 -2.537621 6.308326
 142.800000 0.821108 -2.315918 15.695262
 143.000000 0.739053 -2.399328 1.811115
 143.200000 0.777462 -2.355996 6.971721
 143.400000 0.725342 -2.392683 1.659417
 143.600000 0.781432 -2.356047 7.290134
 143.800000 0.750417 -2.425445 1.529179
 144.000000 0.765681 -2.416896 2.634331
 144.200000 0.707110 -2.468151 0.345096
 144.400000 0.770763 -2.562954 9.776891
 144.600000 0.727187 -2.479078 1.056421
 144.800000 0.712422 -2.536040 4.387593
 145.000000 0.687190 -2.414337 0.483963
 145.200000 0.702842 -2.421033 0.262611
 145.400000 0.771894 -2.353752 6.744290
 145.600000 0.752971 -2.409857 2.068298
 145.800000 0.801176 -2.370077 8.001673
 146.000000 0.713179 -2.302382 10.064885
 146.200000 0.771880 -2.431156 2.795141
 146.400000 0.769033 -2.466530 2.779614
 146.600000 0.693163 -2.407683 0.652392
 146.800000 0.770923 -2.610143 16.540822
 147.000000 0.668226 -2.422800 0.660609
 147.200000 0.736272 -2.491615 1.886759
 147.400000 0.700172 -2.467127 0.282121
 147.600000 0.828523 -2.362495 11.778685
 147.800000 0.721727 -2.400304 1.209652
 148.000000 0.809935 -2.395308 7.409300
 148.200000 0.722743 -2.384546 2.038338
 148.400000 0.710181 -2.419913 0.349855
 148.600000 0.708541 -2.459418 0.181486
 148.800000 0.644504 -2.420468 1.702309
 149.000000 0.667385 -2.452871 0.516944
 149.200000 0.745902 -2.452866 1.185234
 149.400000 0.692586 -2.402076 0.871741
 149.600000 0.880558 -2.446508 16.644300
 149.800000 0.790730 -2.372102 6.833332
 150.000000 0.773545 -2.419509 3.130455
 150.200000 0.720242 -2.436591 0.268031
 150.400000 0.663781 -2.408657 1.195627
 150.600000 0.663626 -2.441927 0.596500
 150.800000 0.711019 -2.463370 0.281219
 151.000000 0.761295 -2.466442 2.258890
 151.200000 0.708629 -2.455545 0.128105
 151.400000 0.674153 -2.403180 1.098762
 151.600000 0.637246 -2.356312 5.651005
 151.800000 0.779228 -2.395325 4.446838
 152.000000 0.722808 -2.384902 2.019016
 152.200000 0.691336 -2.386554 1.642312
 152.400000 0.739403 -2.386751 2.459699
 152.600000 0.785090 -2.501660 5.474467
 152.800000 0.743992 -2.341376 6.262275
 153.000000 0.566027 -2.499598 10.301526
 153.200000 0.704328 -2.398384 1.035159
 153.400000 0.727660 -2.507101 2.460985
 153.600000 0.645736 -2.441517 1.374555
 153.800000 0.710370 -2.398367 1.091619
 154.000000 0.701044 -2.442525 0.004678
 154.200000 0.750748 -2.446386 1.388489
 154.400000 0.643699 -2.440430 1.486070
 154.600000 0.632841 -2.467402 2.418031
 154.800000 0.745436 -2.421893 1.351442
 155.000000 0.722010 -2.510884 2.557992
 155.200000 0.745739 -2.408626 1.739967
 155.400000 0.681095 -2.388346 1.663964
 155.600000 0.825971 -2.492946 9.395870
 155.800000 0.716287 -2.374332 2.554181
 156.000000 0.781663 -2.414102 3.919761
 156.200000 0.717788 -2.456510 0.278316
 156.400000 0.751345 -2.453551 1.466723
 156.600000 0.718288 -2.454876 0.268301
 156.800000 0.676009 -2.384349 1.991820
 157.000000 0.776218 -2.444754 3.049594
 157.200000 0.769566 -2.451785 2.586047
 157.400000 0.675760 -2.465436 0.491694
 157.600000 0.634162 -2.429266 2.146795
 157.800000 0.678108 -2.441468 0.202464
 158.000000 0.778809 -2.514847 5.802409
 158.200000 0.697424 -2.319717 7.656591
 158.400000 0.664793 -2.427969 0.675743
 158.600000 0.739317 -2.423750 1.042378
 158.800000 0.755204 -2.413488 2.077836
 159.000000 0.749857 -2.392743 2.623874
 159.200000 0.752612 -2.404815 2.230829
 159.400000 0.797233 -2.429275 5.011187
 159.600000 0.713413 -2.502387 1.852887
 159.800000 0.747876 -2.494409 2.535112
 160.000000 0.766536 -2.397930 3.376109
 160.200000 0.770388 -2.472804 3.041013
 160.400000 0.707540 -2.327268 6.794716
 160.600000 0.687746 -2.416222 0.424911
 160.800000 0.685494 -2.426397 0.225448
 161.000000 0.741618 -2.457916 1.049991
 161.200000 0.771538 -2.461926 2.864722
 161.400000 0.783238 -2.416820 3.976379
 161.600000 0.697800 -2.425208 0.166642
 161.800000 0.679901 -2.409766 0.733840
 162.000000 0.712605 -2.362815 3.356653
 162.200000 0.775614 -2.512263 5.368614
 162.400000 0.824509 -2.421162 8.234206
 162.600000 0.791663 -2.524013 7.618338
 162.800000 0.643246 -2.480676 2.198686
 163.000000 0.712796 -2.369550 2.838967
 163.200000 0.642349 -2.477909 2.149176
 163.400000 0.666155 -2.387272 2.089824
 163.600000 0.717326 -2.438187 0.198115
 163.800000 0.649165 -2.455052 1.266057
 164.000000 0.762494 -2.395195 3.236092
 164.200000 0.704177 -2.438728 0.029472
 164.400000 0.800017 -2.361454 8.552897
 164.600000 0.732502 -2.384648 2.320141
 164.800000 0.760528 -2.438425 1.959320
 165.000000 0.753890 -2.435197 1.588610
 165.200000 0.602562 -2.408027 5.194552
 165.400000 0.707350 -2.494027 1.320957
 165.600000 0.694586 -2.377943 2.152566
 165.800000 0.734034 -2.450938 0.672421
 166.000000 0.767963 -2.522895 5.593042
 166.200000 0.639281 -2.395370 2.888080
 166.400000 0.679013 -2.462880 0.371301
 166.600000 0.690646 -2.426530 0.171351
 166.800000 0.828276 -2.411429 8.981786
 167.000000 0.618991 -2.340305 8.452175
 167.200000 0.755763 -2.484419 2.499493
 167.400000 0.711229 -2.389312 1.551804
 167.600000 0.742311 -2.489667 2.043443
 167.800000 0.750691 -2.420042 1.655454
 168.000000 0.736142 -2.418138 1.043008
 168.200000 0.769579 -2.452080 2.589489
 168.400000 0.738170 -2.403192 1.612292
 168.600000 0.779486 -2.367085 6.225893
 168.800000 0.838544 -2.458554 9.971663
 169.000000 0.743666 -2.360035 4.516688
 169.200000 0.810387 -2.386968 7.896347
 169.400000 0.705285 -2.354131 4.015496
 169.600000 0.731137 -2.426095 0.695457
 169.800000 0.731106 -2.352818 4.651722
 170.000000 0.763716 -2.416111 2.524650
 170.200000 0.649451 -2.390846 2.569071
 170.400000 0.755911 -2.416078 2.044119
 170.600000 0.666860 -2.386147 2.131396
 170.800000 0.748991 -2.365311 4.347084
 171.000000 0.768933 -2.387971 4.045976
 171.200000 0.817283 -2.391941 8.425661
 171.400000 0.790916 -2.344867 9.164849
 171.600000 0.670892 -2.509645 2.561155
 171.800000 0.682017 -2.421965 0.360876
 172.000000 0.727119 -2.428492 0.532163
 172.200000 0.750089 -2.481788 2.084289
 172.400000 0.766833 -2.404121 3.133719
 172.600000 0.684226 -2.415516 0.487160
 172.800000 0.778172 -2.415601 3.591333
 173.000000 0.725507 -2.420778 0.631957
 173.200000 0.737800 -2.420146 1.058569
 173.400000 0.706139 -2.345988 4.782535
 173.600000 0.812342 -2.468400 6.833006
 173.800000 0.742772 -2.478833 1.621975
 174.000000 0.782006 -2.432949 3.572700
 174.200000 0.713934 -2.426300 0.272108
 174.400000 0.729396 -2.441370 0.490925
 174.600000 0.736653 -2.402591 1.577122
 174.800000 0.751241 -2.414456 1.830909
 175.000000 0.801927 -2.490611 6.498315
 175.200000 0.728007 -2.351221 4.700345
 175.400000 0.669034 -2.474734 0.912338
 175.600000 0.755731 -2.400564 2.578913
 175.800000 0.772839 -2.536788 7.145548
 176.000000 0.752076 -2.473385 1.902709
 176.200000 0.680329 -2.473319 0.604211
 176.400000 0.736282 -2.390367 2.137180
 176.600000 0.713238 -2.399977 1.059525
 176.800000 0.714376 -2.398870 1.126138
 177.000000 0.769215 -2.450834 2.553598
 177.200000 0.825571 -2.457607 8.220394
 177.400000 0.707816 -2.468880 0.369960
 177.600000 0.636792 -2.454928 1.947036
 177.800000 0.685693 -2.442501 0.077822
 178.000000 0.640665 -2.396360 2.760465
 178.200000 0.705211 -2.408032 0.652656
 178.400000 0.713443 -2.421142 0.366282
 178.600000 0.773008 -2.442975 2.803314
 178.800000 0.684821 -2.435237 0.122405
 179.000000 0.751420 -2.410699 1.956493
 179.200000 0.701798 -2.414568 0.424122
 179.400000 0.732224 -2.507333 2.620967
 179.600000 0.654791 -2.392177 2.254203
 179.800000 0.694333 -2.435331 0.040263
 180.000000 0.651280 -2.447152 1.104330
 180.200000 0.705707 -2.430143 0.117377
 180.400000 0.663585 -2.452935 0.641625
 180.600000 0.737915 -2.412380 1.274389
 180.800000 0.696313 -2.382488 1.860481
 181.000000 0.753949 -2.427917 1.678615
 181.200000 0.729514 -2.419816 0.771971
 181.400000 0.717496 -2.472547 0.610482
 181.600000 0.809208 -2.418497 6.480530
 181.800000 0.761731 -2.482227 2.773836
 182.000000 0.716061 -2.446647 0.165811
 182.200000 0.720184 -2.355128 4.144545
 182.400000 0.696737 -2.357232 3.718696
 182.600000 0.794609 -2.400322 5.584392
 182.800000 0.779201 -2.463452 3.485903
 183.000000 0.736756 -2.422703 0.961363
 183.200000 0.756180 -2.474425 2.164191
 183.400000 0.659551 -2.505778 2.685940
 183.600000 0.651660 -2.369898 3.785558
 183.800000 0.699638 -2.457373 0.097901
 184.000000 0.727769 -2.462246 0.615633
 184.200000 0.753179 -2.397903 2.552888
 184.400000 0.707828 -2.468302 0.355556
 184.600000 0.713914 -2.428451 0.237179
 184.800000 0.730296 -2.392099 1.836315
 185.000000 0.749504 -2.471413 1.710211
 185.200000 0.764290 -2.455069 2.255810
 185.400000 0.786494 -2.475231 4.408635
 185.600000 0.741386 -2.485979 1.839385
 185.800000 0.692175 -2.505408 1.936446
 186.000000 0.749845 -2.441681 1.338694
 186.200000 0.722695 -2.405734 1.013320
 186.400000 0.687176 -2.359608 3.575693
 186.600000 0.824682 -2.442048 8.008489
 186.800000 0.663233 -2.464433 0.828889
 187.000000 0.750480 -2.466412 1.633554
 187.200000 0.604958 -2.397044 5.417939
 187.400000 0.701199 -2.436401 0.029624
 187.600000 0.742160 -2.533226 4.998139
 187.800000 0.768443 -2.435902 2.500427
 188.000000 0.737878 -2.442482 0.790359
 188.200000 0.697247 -2.439725 0.007369
 188.400000 0.685184 -2.394514 1.281709
 188.600000 0.734606 -2.392916 1.942541
 188.800000 0.682409 -2.448773 0.137709
 189.000000 0.729633 -2.343651 5.477123
 189.200000 0.718607 -2.462712 0.394922
 189.400000 0.686179 -2.409567 0.645837
 189.600000 0.692305 -2.355949 3.846114
 189.800000 0.667534 -2.521665 3.526009
 190.000000 0.689689 -2.394210 1.248444
 190.200000 0.734639 -2.405131 1.400966
 190.400000 0.701167 -2.403760 0.792703
 190.600000 0.703071 -2.397362 1.074757
 190.800000 0.762246 -2.492624 3.263800
 191.000000 0.745012 -2.497718 2.570800
 191.200000 0.689033 -2.457385 0.138329
 191.400000 0.733061 -2.441314 0.612319
 191.600000 0.661193 -2.508378 2.789337
 191.800000 0.759495 -2.481080 2.590308
 192.000000 0.686412 -2.470454 0.432983
 192.200000 0.712411 -2.398297 1.121854
 192.400000 0.650346 -2.492596 2.348841
 192.600000 0.768794 -2.536248 6.801256
 192.800000 0.689327 -2.347104 4.681135
 193.000000 0.765003 -2.403907 3.018106
 193.200000 0.737656 -2.400223 1.715845
 193.400000 0.666791 -2.362905 3.735733
 193.600000 0.720922 -2.445941 0.262785
 193.800000 0.709232 -2.351508 4.289279
 194.000000 0.713034 -2.397733 1.156575
 194.200000 0.671986 -2.417324 0.683380
 194.400000 0.760581 -2.388057 3.484746
 194.600000 0.717630 -2.532772 4.178343
 194.800000 0.668953 -2.375794 2.715081
 195.000000 0.757622 -2.492854 2.989379
 195.200000 0.771565 -2.404222 3.466082
 195.400000 0.810224 -2.515890 8.905290
 195.600000 0.727475 -2.441563 0.432324
 195.800000 0.690751 -2.462879 0.215767
 196.000000 0.736369 -2.412784 1.201576
 196.200000 0.730022 -2.451343 0.539550
 196.400000 0.755189 -2.416992 1.978083
 196.600000 0.764456 -2.413637 2.644195
 196.800000 0.668037 -2.456854 0.542525
 197.000000 0.785382 -2.404400 4.569156
 197.200000 0.702202 -2.475470 0.520568
 197.400000 0.709316 -2.381583 1.977020
 197.600000 0.727242 -2.464287 0.640571
 197.800000 0.630320 -2.467207 2.581143
 198.000000 0.742216 -2.435344 1.004637
 198.200000 0.786248 -2.404661 4.634913
 198.400000 0.714578 -2.463800 0.342072
 198.600000 0.808470 -2.468737 6.406679
 198.800000 0.736758 -2.346969 5.401310
 199.000000 0.761429 -2.428210 2.119585
 199.200000 0.798546 -2.489048 6.080554
 199.400000 0.731690 -2.382893 2.397309
 199.600000 0.733373 -2.523883 3.854808
 199.800000 0.704057 -2.462831 0.205161
 200.000000 0.735269 -2.457018 0.781485
