#! FIELDS time phi psi restraint.bias
#! SET min_phi -pi
#! SET max_phi pi
#! SET min_psi -pi
#! SET max_psi pi
 0.000000 1.013162 -0.753612 82.407846
 0.200000 0.977905 -0.485697 11.734755
 0.400000 1.031172 -0.347216 0.130116
 0.600000 1.153382 -0.394373 6.663956
 0.800000 0.977542 -0.378805 2.868179
 1.000000 1.170490 -0.384345 8.222830
 1.200000 0.996209 -0.432570 4.786356
 1.400000 1.044016 -0.374727 0.334309
 1.600000 1.076088 -0.320278 0.831698
 1.800000 1.028068 -0.379919 0.658924
 2.000000 1.080854 -0.351934 0.570494
 2.200000 1.022561 -0.249885 5.221872
 2.400000 1.068854 -0.407914 1.966058
 2.600000 1.029663 -0.329543 0.344306
 2.800000 0.991024 -0.238323 7.709716
 3.000000 1.127283 -0.322648 3.555802
 3.200000 1.040508 -0.247437 5.186598
 3.400000 1.013778 -0.397939 1.752753
 3.600000 1.079360 -0.357262 0.550796
 3.800000 1.014720 -0.357444 0.562494
 4.000000 1.072468 -0.368506 0.508239
 4.200000 1.058510 -0.371787 0.322114
 4.400000 1.047457 -0.365033 0.127505
 4.600000 1.055925 -0.372384 0.309944
 4.800000 0.982083 -0.328321 2.335120
 5.000000 1.053942 -0.432092 3.469442
 5.200000 1.081474 -0.247032 5.792838
 5.400000 1.023250 -0.311210 1.003283
 5.600000 1.062869 -0.392861 1.081791
 5.800000 1.058179 -0.319569 0.495337
 6.000000 1.057487 -0.368953 0.250693
 6.200000 0.960213 -0.356070 3.807639
 6.400000 1.023681 -0.346620 0.279507
 6.600000 1.102842 -0.326792 1.796227
 6.800000 1.042443 -0.370950 0.250768
 7.000000 1.027213 -0.417608 2.548706
 7.200000 1.050867 -0.377000 0.396881
 7.400000 1.038520 -0.383079 0.616112
 7.600000 1.096375 -0.415786 3.434976
 7.800000 0.971864 -0.401400 4.206992
 8.000000 1.020738 -0.399603 1.627053
 8.200000 1.103789 -0.367736 1.775563
 8.400000 1.009425 -0.368499 0.902205
 8.600000 1.054363 -0.320780 0.425725
 8.800000 1.027927 -0.281916 2.440250
 9.000000 1.060220 -0.360001 0.144579
 9.200000 1.011799 -0.288266 2.474830
 9.400000 1.098739 -0.312846 1.984215
 9.600000 1.097224 -0.344606 1.261266
 9.800000 1.022026 -0.283803 2.446403
 10.000000 0.995551 -0.380695 1.833874
 10.200000 1.097326 -0.471454 8.745894
 10.400000 1.074615 -0.439104 4.429317
 10.600000 1.039997 -0.303166 1.079334
 10.800000 1.084027 -0.332122 0.821769
 11.000000 1.073138 -0.459058 6.385577
 11.200000 1.058039 -0.431472 3.454151
 11.400000 1.121190 -0.340059 2.777987
 11.600000 1.005278 -0.346016 0.883285
 11.800000 0.936352 -0.323480 6.470675
 12.000000 1.055149 -0.263021 3.733440
 12.200000 1.162401 -0.369880 6.852561
 12.400000 0.981537 -0.387678 2.901094
 12.600000 1.037890 -0.330632 0.213229
 12.800000 1.094541 -0.350832 1.122241
 13.000000 1.074346 -0.344907 0.377176
 13.200000 1.071692 -0.413241 2.359209
 13.400000 0.946076 -0.338309 5.170616
 13.600000 1.017127 -0.423841 3.247767
 13.800000 1.049430 -0.384018 0.613301
 14.000000 0.972012 -0.377834 3.240233
 14.200000 1.021051 -0.331821 0.490515
 14.400000 1.072428 -0.353244 0.327017
 14.600000 1.040637 -0.427847 3.124775
 14.800000 1.024243 -0.318839 0.720297
 15.000000 1.078115 -0.359329 0.530600
 15.200000 1.011902 -0.307682 1.479165
 15.400000 1.039913 -0.333420 0.148937
 15.600000 1.074337 -0.333216 0.493896
 15.800000 1.095149 -0.302087 2.253147
 16.000000 1.017976 -0.345196 0.434441
 16.200000 1.043577 -0.404062 1.518862
 16.400000 1.100615 -0.412961 3.468005
 16.600000 0.991500 -0.353398 1.560502
 16.800000 0.975770 -0.492455 12.831263
 17.000000 1.061020 -0.420747 2.664634
 17.200000 0.974015 -0.345488 2.684213
 17.400000 1.073818 -0.377338 0.753975
 17.600000 1.141510 -0.322773 4.793035
 17.800000 1.052701 -0.264416 3.597941
 18.000000 1.000677 -0.376722 1.464483
 18.200000 1.010338 -0.308244 1.512506
 18.400000 1.053919 -0.283854 2.148859
 18.600000 1.022787 -0.330498 0.470310
 18.800000 1.030869 -0.326315 0.392121
 19.000000 1.116766 -0.323266 2.752684
 19.200000 1.040143 -0.340950 0.057822
 19.400000 1.049899 -0.384829 0.643134
 19.600000 1.084085 -0.313687 1.306167
 19.800000 1.037109 -0.405191 1.625892
 20.000000 1.034971 -0.432447 3.550992
 20.200000 0.997835 -0.314428 1.818212
 20.400000 1.021083 -0.405216 1.917414
 20.600000 1.094826 -0.349169 1.134253
 20.800000 1.098436 -0.382650 1.876627
 21.000000 0.987467 -0.380524 2.278696
 21.200000 1.001859 -0.329755 1.214250
 21.400000 1.047228 -0.321736 0.373453
 21.600000 1.032903 -0.318244 0.577172
 21.800000 1.058410 -0.354925 0.080020
 22.000000 1.038330 -0.309000 0.841932
 22.200000 1.008459 -0.329207 0.947543
 22.400000 1.008958 -0.426276 3.711863
 22.600000 1.080158 -0.325655 0.817219
 22.800000 1.020556 -0.347464 0.356160
 23.000000 1.035524 -0.426935 3.099978
 23.200000 1.074104 -0.374135 0.676209
 23.400000 1.052376 -0.371115 0.256499
 23.600000 1.048901 -0.433337 3.552251
 23.800000 1.018454 -0.359788 0.470575
 24.000000 1.061113 -0.378250 0.522686
 24.200000 1.065364 -0.402156 1.574279
 24.400000 0.969332 -0.346217 3.035597
 24.600000 1.050930 -0.333453 0.128843
 24.800000 1.058550 -0.282468 2.282082
 25.000000 1.023962 -0.291050 1.952886
 25.200000 1.004715 -0.323261 1.235338
 25.400000 1.027506 -0.299853 1.404853
 25.600000 1.003767 -0.367795 1.118482
 25.800000 1.027603 -0.389433 1.006733
 26.000000 0.990237 -0.361162 1.695409
 26.200000 1.051387 -0.290712 1.711373
 26.400000 1.069885 -0.346754 0.260023
 26.600000 1.019888 -0.319532 0.809029
 26.800000 1.082572 -0.394845 1.673514
 27.000000 1.041842 -0.362749 0.107959
 27.200000 1.034640 -0.264577 3.648033
 27.400000 1.079089 -0.376705 0.890505
 27.600000 1.001136 -0.365992 1.204100
 27.800000 1.034329 -0.367459 0.251967
 28.000000 0.949905 -0.375491 5.082025
 28.200000 1.079616 -0.414709 2.680026
 28.400000 1.120520 -0.317531 3.185314
 28.600000 1.072141 -0.311698 1.009266
 28.800000 1.180953 -0.421358 11.558272
 29.000000 1.005690 -0.363580 0.966752
 29.200000 0.950962 -0.353622 4.641048
 29.400000 1.080240 -0.368220 0.729328
 29.600000 1.060579 -0.314576 0.684311
 29.800000 1.036909 -0.342756 0.072832
 30.000000 1.024120 -0.399120 1.519006
 30.200000 1.038484 -0.303562 1.073270
 30.400000 1.056275 -0.324924 0.332599
 30.600000 0.950773 -0.364911 4.774418
 30.800000 1.044872 -0.365748 0.141859
 31.000000 1.022163 -0.327086 0.554919
 31.200000 0.919423 -0.338157 8.222632
 31.400000 1.069910 -0.399978 1.553936
 31.600000 1.079500 -0.346722 0.524463
 31.800000 1.052207 -0.368102 0.193729
 32.000000 1.049751 -0.410326 1.879690
 32.200000 1.051359 -0.337896 0.071038
 32.400000 1.059304 -0.369225 0.276476
 32.600000 1.031632 -0.347262 0.122778
 32.800000 1.063498 -0.287184 2.047525
 33.000000 1.055384 -0.325346 0.314823
 33.200000 1.107831 -0.410577 3.730038
 33.400000 1.042089 -0.369736 0.226670
 33.600000 1.049780 -0.410028 1.861543
 33.800000 1.027879 -0.352866 0.193832
 34.000000 1.012924 -0.314783 1.175023
 34.200000 1.092846 -0.381684 1.573856
 34.400000 0.980270 -0.319817 2.667410
 34.600000 1.023950 -0.344614 0.280133
 34.800000 1.083037 -0.349022 0.642227
 35.000000 1.032675 -0.345462 0.111944
 35.200000 0.935369 -0.330415 6.426756
 35.400000 1.080084 -0.371125 0.784077
 35.600000 1.064479 -0.359689 0.205747
 35.800000 0.962982 -0.386060 4.230435
 36.000000 1.050105 -0.393451 0.989257
 36.200000 1.058600 -0.311758 0.760935
 36.400000 1.031610 -0.373577 0.421871
 36.600000 1.024512 -0.388680 1.041967
 36.800000 1.046008 -0.347305 0.002258
 37.000000 1.045899 -0.372153 0.267342
 37.200000 1.038522 -0.370329 0.263692
 37.400000 1.070187 -0.258234 4.389433
 37.600000 1.039596 -0.358457 0.072987
 37.800000 1.060196 -0.378612 0.520954
 38.000000 1.036544 -0.348264 0.057067
 38.200000 0.988059 -0.367673 1.921818
 38.400000 1.088982 -0.432243 4.332157
 38.600000 1.085536 -0.275086 3.471377
 38.800000 1.043241 -0.331544 0.161340
 39.000000 1.071964 -0.342304 0.329552
 39.200000 1.109353 -0.332928 2.061866
 39.400000 0.972971 -0.355106 2.772996
 39.600000 1.003927 -0.345982 0.940942
 39.800000 1.117731 -0.341334 2.517379
 40.000000 1.055970 -0.368249 0.222480
 40.200000 1.066588 -0.429188 3.397762
 40.400000 1.061313 -0.392482 1.042113
 40.600000 1.031536 -0.312377 0.795654
 40.800000 1.052488 -0.449331 5.040554
 41.000000 0.980439 -0.433548 5.796930
 41.200000 0.993446 -0.359021 1.494150
 41.400000 0.983304 -0.415113 4.222314
 41.600000 1.026223 -0.331101 0.381318
 41.800000 1.106713 -0.372732 2.051069
 42.000000 1.091991 -0.300293 2.192628
 42.200000 1.034921 -0.311609 0.776881
 42.400000 1.079324 -0.340125 0.556022
 42.600000 1.020965 -0.321461 0.725109
 42.800000 1.087423 -0.385602 1.476494
 43.000000 1.024495 -0.322858 0.601119
 43.200000 1.069728 -0.358842 0.301585
 43.400000 1.109874 -0.350029 1.964647
 43.600000 0.984221 -0.291541 3.637583
 43.800000 1.126404 -0.350616 3.137997
 44.000000 1.073051 -0.286501 2.291384
 44.200000 1.053002 -0.413173 2.071684
 44.400000 0.963604 -0.391672 4.401526
 44.600000 1.044633 -0.398813 1.240653
 44.800000 1.028021 -0.403766 1.679956
 45.000000 1.035069 -0.393890 1.078172
 45.200000 1.105382 -0.253302 6.278111
 45.400000 1.058656 -0.347914 0.066312
 45.600000 1.051337 -0.450450 5.147921
 45.800000 1.046873 -0.423849 2.796283
 46.000000 1.026371 -0.330701 0.385508
 46.200000 1.050956 -0.407261 1.700378
 46.400000 1.034712 -0.278362 2.577446
 46.600000 1.109719 -0.321824 2.325512
 46.800000 1.067079 -0.347161 0.199444
 47.000000 1.032923 -0.364345 0.218609
 47.200000 1.059877 -0.378390 0.510342
 47.400000 1.034023 -0.332722 0.220343
 47.600000 1.080154 -0.382789 1.111693
 47.800000 0.999498 -0.355941 1.161242
 48.000000 1.043705 -0.409708 1.844831
 48.200000 1.116795 -0.350445 2.422829
 48.400000 1.070555 -0.328341 0.487558
 48.600000 1.036568 -0.371075 0.298688
 48.800000 1.055066 -0.389999 0.868700
 49.000000 1.092857 -0.378231 1.467690
 49.200000 1.003256 -0.401736 2.352521
 49.400000 1.033433 -0.355710 0.116810
 49.600000 1.048381 -0.278670 2.478493
 49.800000 1.055224 -0.374212 0.348388
 50.000000 1.066845 -0.363466 0.296702
 50.200000 1.026166 -0.335370 0.314960
 50.400000 1.050881 -0.393905 1.012060
 50.600000 1.028560 -0.348601 0.173796
 50.800000 1.017721 -0.381216 0.951253
 51.000000 0.998827 -0.429451 4.400764
 51.200000 1.020754 -0.367827 0.525638
 51.400000 1.036235 -0.327406 0.294672
 51.600000 0.997887 -0.392577 2.162399
 51.800000 1.003373 -0.351470 0.963166
 52.000000 1.071643 -0.295218 1.748557
 52.200000 1.154833 -0.317352 6.295586
 52.400000 1.072470 -0.306141 1.240623
 52.600000 1.007055 -0.283540 2.952520
 52.800000 1.033969 -0.396422 1.208811
 53.000000 1.023868 -0.430007 3.547856
 53.200000 1.069850 -0.436871 4.111475
 53.400000 1.000148 -0.385426 1.767854
 53.600000 1.143122 -0.398498 5.822535
 53.800000 1.039747 -0.307605 0.887238
 54.000000 1.002379 -0.440129 5.150595
 54.200000 1.015168 -0.335959 0.598855
 54.400000 1.059427 -0.364259 0.190198
 54.600000 1.093545 -0.272751 3.986042
 54.800000 1.094453 -0.283198 3.285838
 55.000000 1.128519 -0.240125 9.240652
 55.200000 1.074244 -0.332774 0.498458
 55.400000 1.019231 -0.361097 0.463442
 55.600000 1.046754 -0.453519 5.455347
 55.800000 1.099574 -0.378609 1.808047
 56.000000 1.055287 -0.265371 3.535145
 56.200000 1.088603 -0.396914 2.001958
 56.400000 0.911282 -0.293347 10.788800
 56.600000 1.050481 -0.405389 1.591514
 56.800000 1.021166 -0.387712 1.085590
 57.000000 1.055002 -0.358877 0.078584
 57.200000 1.061322 -0.296747 1.468379
 57.400000 1.100420 -0.364664 1.537954
 57.600000 1.034663 -0.269883 3.213489
 57.800000 1.108888 -0.362309 1.990553
 58.000000 1.018808 -0.382278 0.954506
 58.200000 1.056438 -0.428492 3.196981
 58.400000 1.036558 -0.296881 1.418223
 58.600000 1.055643 -0.384083 0.648753
 58.800000 0.907289 -0.380764 10.289632
 59.000000 0.987049 -0.408374 3.567673
 59.200000 1.084810 -0.384878 1.348603
 59.400000 0.969058 -0.291734 4.696366
 59.600000 1.064160 -0.382837 0.714111
 59.800000 1.014821 -0.379845 0.997778
 60.000000 1.122089 -0.373891 3.112492
 60.200000 0.968985 -0.352179 3.063450
 60.400000 1.037947 -0.315078 0.620368
 60.600000 1.098653 -0.324545 1.624468
 60.800000 1.028899 -0.341460 0.196345
 61.000000 1.086105 -0.393811 1.757970
 61.200000 1.036094 -0.333572 0.181683
 61.400000 0.982688 -0.413577 4.161589
 61.600000 1.049136 -0.460648 6.227147
 61.800000 1.102396 -0.381526 2.050257
 62.000000 1.040774 -0.329359 0.214814
 62.200000 1.083210 -0.409587 2.479827
 62.400000 1.072433 -0.352447 0.324128
 62.600000 1.079159 -0.336045 0.595538
 62.800000 1.047374 -0.358071 0.040565
 63.000000 1.036890 -0.313424 0.688293
 63.200000 1.097606 -0.280854 3.596893
 63.400000 1.020440 -0.334184 0.468731
 63.600000 1.081075 -0.325076 0.861580
 63.800000 1.103207 -0.304976 2.540456
 64.000000 0.952787 -0.383950 5.065161
 64.200000 1.012890 -0.331306 0.746224
 64.400000 1.064363 -0.284885 2.206952
 64.600000 1.065827 -0.329229 0.370286
 64.800000 1.070081 -0.327951 0.484731
 65.000000 1.023619 -0.362938 0.374183
 65.200000 1.046038 -0.453946 5.500581
 65.400000 0.934249 -0.333661 6.497288
 65.600000 1.015618 -0.433500 4.063218
 65.800000 1.043105 -0.297008 1.363363
 66.000000 1.052174 -0.354648 0.027963
 66.200000 1.028985 -0.353578 0.176031
 66.400000 1.056975 -0.317775 0.537366
 66.600000 1.060238 -0.439666 4.189263
 66.800000 0.966561 -0.297610 4.574992
 67.000000 1.102109 -0.299570 2.732519
 67.200000 1.064898 -0.350983 0.158493
 67.400000 0.984548 -0.309893 2.729731
 67.600000 1.125274 -0.405072 4.616277
 67.800000 0.960063 -0.337494 3.863147
 68.000000 1.102774 -0.286733 3.487075
 68.200000 1.084580 -0.347868 0.699438
 68.400000 0.920981 -0.365843 8.106046
 68.600000 1.133728 -0.354926 3.760939
 68.800000 1.063686 -0.290747 1.836500
 69.000000 0.977572 -0.417802 4.786158
 69.200000 1.057972 -0.316923 0.574609
 69.400000 1.070817 -0.288963 2.085104
 69.600000 1.111196 -0.373604 2.348988
 69.800000 0.985732 -0.389234 2.695790
 70.000000 0.972475 -0.462921 9.273250
 70.200000 1.062644 -0.381027 0.630050
 70.400000 1.113734 -0.296141 3.614020
 70.600000 1.042619 -0.394108 1.024885
 70.800000 1.012793 -0.325163 0.877507
 71.000000 1.100019 -0.397852 2.585106
 71.200000 1.066800 -0.346267 0.196053
 71.400000 1.118910 -0.311353 3.282464
 71.600000 1.079245 -0.369352 0.719264
 71.800000 0.970419 -0.241184 8.766748
 72.000000 1.083970 -0.380215 1.161240
 72.200000 1.032049 -0.333829 0.230821
 72.400000 1.010367 -0.372020 0.941690
 72.600000 1.027625 -0.375836 0.549849
 72.800000 1.017861 -0.398420 1.648257
 73.000000 1.084496 -0.354122 0.708371
 73.200000 1.047079 -0.258092 4.138108
 73.400000 1.059466 -0.417924 2.445944
 73.600000 0.948140 -0.455161 10.534265
 73.800000 0.988464 -0.383526 2.318543
 74.000000 1.066660 -0.353906 0.201108
 74.200000 1.125833 -0.308445 3.916812
 74.400000 1.061237 -0.293182 1.660045
 74.600000 1.029485 -0.302451 1.243314
 74.800000 1.038786 -0.377280 0.433413
 75.000000 1.034688 -0.409608 1.910901
 75.200000 1.027704 -0.373466 0.487677
 75.400000 1.073807 -0.371229 0.599629
 75.600000 1.082162 -0.306955 1.497930
 75.800000 1.105446 -0.328045 1.917378
 76.000000 1.035077 -0.359631 0.129265
 76.200000 1.026713 -0.441524 4.484105
 76.400000 0.997509 -0.347654 1.235468
 76.600000 1.014631 -0.336663 0.607194
 76.800000 1.038176 -0.411910 2.015370
 77.000000 1.022758 -0.323574 0.623565
 77.200000 1.101538 -0.319553 1.911952
 77.400000 1.116860 -0.364081 2.539134
 77.600000 1.066671 -0.281297 2.485889
 77.800000 1.070763 -0.351626 0.280947
 78.000000 1.012669 -0.383872 1.201846
 78.200000 1.000471 -0.362862 1.186826
 78.400000 1.064427 -0.410529 2.037286
 78.600000 1.093594 -0.320476 1.485017
 78.800000 1.083725 -0.305045 1.636054
 79.000000 1.042769 -0.408871 1.798158
 79.200000 0.983655 -0.326622 2.270672
 79.400000 1.068558 -0.404299 1.753502
 79.600000 1.088898 -0.349431 0.869510
 79.800000 1.045305 -0.287373 1.904766
 80.000000 1.106103 -0.426472 4.730763
 80.200000 0.985022 -0.321095 2.324068
 80.400000 1.014171 -0.385574 1.211800
 80.600000 1.042595 -0.446104 4.718751
 80.800000 1.054315 -0.366972 0.185640
 81.000000 1.016046 -0.298429 1.767261
 81.200000 1.053305 -0.374267 0.336209
 81.400000 1.133258 -0.362063 3.787683
 81.600000 0.996471 -0.334263 1.396179
 81.800000 1.068030 -0.382336 0.770445
 82.000000 1.096402 -0.374817 1.542109
 82.200000 1.006908 -0.331813 0.960473
 82.400000 1.019784 -0.326483 0.630739
 82.600000 1.026837 -0.332589 0.343020
 82.800000 1.016770 -0.301468 1.595685
 83.000000 1.048240 -0.334989 0.099622
 83.200000 1.014058 -0.323663 0.871769
 83.400000 1.011488 -0.353545 0.647624
 83.600000 0.982405 -0.420074 4.620109
 83.800000 1.019091 -0.459096 6.448318
 84.000000 1.008585 -0.430314 4.046141
 84.200000 1.036535 -0.358773 0.103962
 84.400000 1.089276 -0.381643 1.415949
 84.600000 1.026445 -0.336525 0.293974
 84.800000 1.036025 -0.339080 0.112275
 85.000000 1.021700 -0.387815 1.075802
 85.200000 1.053087 -0.473754 7.790902
 85.400000 1.060824 -0.380791 0.596076
 85.600000 0.969263 -0.241478 8.824483
 85.800000 1.027724 -0.347628 0.190646
 86.000000 1.092861 -0.436612 4.874685
 86.200000 1.048322 -0.338576 0.055654
 86.400000 0.998285 -0.403753 2.691561
 86.600000 1.032121 -0.389582 0.934425
 86.800000 1.070128 -0.360356 0.326631
 87.000000 0.987879 -0.340739 1.793998
 87.200000 0.994255 -0.382664 1.965912
 87.400000 1.010812 -0.342567 0.683076
 87.600000 1.036861 -0.446924 4.841574
 87.800000 1.015981 -0.400483 1.809092
 88.000000 1.016717 -0.374052 0.776678
 88.200000 1.098631 -0.337109 1.394160
 88.400000 1.076110 -0.309136 1.215143
 88.600000 1.031051 -0.391105 1.014018
 88.800000 1.028944 -0.367143 0.329985
 89.000000 1.141598 -0.304651 5.442042
 89.200000 1.067574 -0.356534 0.235486
 89.400000 1.054398 -0.348845 0.025946
 89.600000 1.104853 -0.394484 2.693495
 89.800000 0.983363 -0.416876 4.336537
 90.000000 1.063364 -0.482145 8.985769
 90.200000 1.113929 -0.372214 2.494419
 90.400000 0.923587 -0.289396 9.420064
 90.600000 1.043124 -0.393893 1.013053
 90.800000 1.110625 -0.315577 2.572295
 91.000000 0.975815 -0.383764 3.149723
 91.200000 1.058462 -0.401088 1.416619
 91.400000 1.130788 -0.344451 3.504342
 91.600000 1.000206 -0.285069 3.151903
 91.800000 1.021206 -0.368856 0.533615
 92.000000 1.105063 -0.332280 1.815101
 92.200000 1.015682 -0.293002 2.068222
 92.400000 1.012110 -0.327946 0.838580
 92.600000 1.080184 -0.325237 0.827966
 92.800000 1.078038 -0.398830 1.713803
 93.000000 1.047055 -0.356342 0.026484
 93.200000 0.959727 -0.410713 5.725764
 93.400000 1.032242 -0.293747 1.641916
 93.600000 1.144012 -0.365410 4.820049
 93.800000 1.042161 -0.380524 0.507481
 94.000000 1.002278 -0.331378 1.165319
 94.200000 1.095984 -0.394420 2.218553
 94.400000 0.996855 -0.422317 3.950059
 94.600000 1.112058 -0.303310 3.150276
 94.800000 1.064214 -0.294928 1.610218
 95.000000 1.090143 -0.400447 2.242176
 95.200000 1.114227 -0.349796 2.246754
 95.400000 0.956523 -0.304219 5.116519
 95.600000 1.040234 -0.392389 0.962678
 95.800000 1.125803 -0.259298 7.118549
 96.000000 1.009443 -0.340636 0.748224
 96.200000 1.145535 -0.341903 4.860787
 96.400000 1.011044 -0.371053 0.895271
 96.600000 1.013171 -0.375274 0.922355
 96.800000 0.997429 -0.368205 1.421581
 97.000000 1.077919 -0.372040 0.735806
 97.200000 0.978872 -0.381324 2.854478
 97.400000 1.110976 -0.457729 7.937680
 97.600000 1.064751 -0.324857 0.447100
 97.800000 1.053597 -0.331495 0.174846
 98.000000 1.054050 -0.355900 0.046829
 98.200000 1.039719 -0.345433 0.034565
 98.400000 1.068638 -0.352620 0.236167
 98.600000 1.019216 -0.360379 0.455478
 98.800000 1.006324 -0.371539 1.087850
 99.000000 1.044436 -0.308344 0.832951
 99.200000 1.092022 -0.392088 1.930072
 99.400000 1.002162 -0.414850 3.177895
 99.600000 0.994683 -0.491332 11.498673
 99.800000 1.037956 -0.467955 7.110073
 100.000000 1.010762 -0.446240 5.385167
 100.200000 1.036995 -0.444580 4.613535
 100.400000 1.066940 -0.389809 1.024874
 100.600000 0.996032 -0.323161 1.644455
 100.800000 1.046432 -0.438734 4.020471
 101.000000 0.992479 -0.336412 1.577133
 101.200000 1.099597 -0.405083 2.941770
 101.400000 1.007349 -0.242823 6.437734
 101.600000 1.164144 -0.289142 8.633601
 101.800000 1.081577 -0.317238 1.097497
 102.000000 0.969053 -0.210415 12.665290
 102.200000 1.106336 -0.349661 1.748839
 102.400000 1.069715 -0.337313 0.322577
 102.600000 1.081586 -0.337879 0.653847
 102.800000 0.989469 -0.375459 2.014609
 103.000000 0.954083 -0.412332 6.336485
 103.200000 1.052008 -0.452267 5.336786
 103.400000 1.089317 -0.495737 11.643272
 103.600000 1.025128 -0.341560 0.271696
 103.800000 1.106716 -0.415527 3.979798
 104.000000 1.094769 -0.402707 2.570196
 104.200000 0.975537 -0.286377 4.532564
 104.400000 0.985006 -0.328631 2.142666
 104.600000 1.092786 -0.358986 1.088381
 104.800000 1.034439 -0.320925 0.477332
 105.000000 1.080565 -0.303849 1.578978
 105.200000 1.089956 -0.303057 1.972556
 105.400000 1.100578 -0.321175 1.813702
 105.600000 0.998181 -0.359696 1.257797
 105.800000 1.018958 -0.370903 0.637169
 106.000000 1.102993 -0.437061 5.428114
 106.200000 0.936295 -0.350868 6.151320
 106.400000 1.031404 -0.472811 7.781179
 106.600000 1.052587 -0.485421 9.310931
 106.800000 1.057746 -0.392858 1.014503
 107.000000 1.038376 -0.378591 0.474784
 107.200000 1.007074 -0.349762 0.805206
 107.400000 1.126449 -0.367808 3.316007
 107.600000 1.046672 -0.404038 1.511134
 107.800000 0.964665 -0.276980 6.003951
 108.000000 1.051498 -0.222362 8.036205
 108.200000 1.065516 -0.312963 0.819498
 108.400000 1.008331 -0.325425 1.034736
 108.600000 1.010701 -0.277711 3.211752
 108.800000 1.052023 -0.349427 0.011709
 109.000000 1.088857 -0.365967 1.010577
 109.200000 1.006317 -0.316868 1.353966
 109.400000 1.057572 -0.400168 1.359560
 109.600000 1.002333 -0.339483 1.052312
 109.800000 1.004922 -0.353994 0.905766
 110.000000 1.080358 -0.443985 5.054643
 110.200000 0.996774 -0.361239 1.345360
 110.400000 1.089703 -0.392866 1.862604
 110.600000 0.995380 -0.391488 2.242331
 110.800000 1.007181 -0.409092 2.602268
 111.000000 1.099286 -0.312492 2.025421
 111.200000 1.075214 -0.335979 0.478112
 111.400000 1.051976 -0.335567 0.102533
 111.600000 1.021027 -0.253290 4.928989
 111.800000 1.134292 -0.343860 3.806244
 112.000000 0.968101 -0.344131 3.140296
 112.200000 0.994987 -0.347870 1.363681
 112.400000 1.062760 -0.492670 10.432226
 112.600000 1.024173 -0.399484 1.536048
 112.800000 1.014999 -0.426516 3.517651
 113.000000 1.044978 -0.442105 4.330608
 113.200000 1.056321 -0.424278 2.870025
 113.400000 0.959178 -0.290540 5.586346
 113.600000 1.050753 -0.426021 2.967369
 113.800000 1.062272 -0.336437 0.193377
 114.000000 1.131972 -0.347551 3.594485
 114.200000 0.970671 -0.310383 3.676336
 114.400000 1.084250 -0.358443 0.730422
 114.600000 1.157373 -0.272817 8.976299
 114.800000 1.115054 -0.324937 2.593355
 115.000000 1.020453 -0.351209 0.359932
 115.200000 0.947044 -0.257022 9.251388
 115.400000 1.121196 -0.409468 4.562108
 115.600000 0.987650 -0.343279 1.789679
 115.800000 1.054368 -0.311250 0.740708
 116.000000 1.070769 -0.360952 0.348454
 116.200000 1.037977 -0.341375 0.072086
 116.400000 1.090478 -0.452824 6.319443
 116.600000 1.066756 -0.371708 0.447595
 116.800000 1.046599 -0.417523 2.343400
 117.000000 0.994152 -0.271855 4.387684
 117.200000 1.090204 -0.395019 1.980629
 117.400000 1.028742 -0.394848 1.218294
 117.600000 0.967879 -0.376580 3.524222
 117.800000 1.125899 -0.299161 4.342193
 118.000000 1.112589 -0.332381 2.277183
 118.200000 1.078711 -0.325979 0.763048
 118.400000 1.033364 -0.272125 3.055610
 118.600000 1.082929 -0.446153 5.351267
 118.800000 0.983362 -0.424806 4.905740
 119.000000 1.049448 -0.364985 0.129234
 119.200000 0.982005 -0.393510 3.112649
 119.400000 0.987498 -0.405155 3.355010
 119.600000 1.060486 -0.302497 1.172591
 119.800000 1.002136 -0.347606 1.016334
 120.000000 0.969178 -0.389564 3.863571
 120.200000 1.075622 -0.353781 0.415080
 120.400000 1.144509 -0.310804 5.466759
 120.600000 0.992353 -0.296638 2.878292
 120.800000 1.013043 -0.379773 1.054736
 121.000000 1.045492 -0.345104 0.009305
 121.200000 1.020408 -0.413573 2.439417
 121.400000 1.029466 -0.376551 0.534925
 121.600000 1.008750 -0.411955 2.716626
 121.800000 1.131568 -0.341371 3.588766
 122.000000 1.081077 -0.368311 0.759086
 122.200000 0.994582 -0.338646 1.438470
 122.400000 1.047705 -0.382398 0.555633
 122.600000 0.973408 -0.336097 2.806566
 122.800000 1.042901 -0.392683 0.960477
 123.000000 1.048506 -0.325992 0.267049
 123.200000 1.045292 -0.317673 0.494560
 123.400000 1.061816 -0.302936 1.170834
 123.600000 1.028904 -0.345011 0.175553
 123.800000 1.024096 -0.363643 0.373074
 124.000000 1.037584 -0.493171 10.429306
 124.200000 0.943898 -0.279824 7.732631
 124.400000 1.091624 -0.402761 2.428436
 124.600000 1.025873 -0.343915 0.240625
 124.800000 1.008061 -0.369660 0.977890
 125.000000 1.095383 -0.415540 3.370334
 125.200000 0.989343 -0.374526 1.997665
 125.400000 1.002910 -0.351929 0.984779
 125.600000 1.007707 -0.305346 1.735473
 125.800000 1.077787 -0.287615 2.355958
 126.000000 1.075038 -0.240792 6.249111
 126.200000 1.096072 -0.405500 2.786758
 126.400000 1.066768 -0.346360 0.195170
 126.600000 1.068280 -0.315407 0.788713
 126.800000 1.018386 -0.374979 0.750775
 127.000000 1.021966 -0.287290 2.226436
 127.200000 1.109756 -0.387924 2.711765
 127.400000 1.004102 -0.348639 0.928725
 127.600000 0.952887 -0.369387 4.653738
 127.800000 0.972675 -0.408031 4.515273
 128.000000 1.008999 -0.357913 0.768681
 128.200000 1.112761 -0.357269 2.182955
 128.400000 0.990753 -0.326999 1.836430
 128.600000 1.066212 -0.404869 1.737781
 128.800000 1.071804 -0.305788 1.239238
 129.000000 1.018644 -0.334329 0.516237
 129.200000 1.031392 -0.364305 0.241023
 129.400000 1.049138 -0.278669 2.479759
 129.600000 1.052329 -0.338896 0.064879
 129.800000 0.938905 -0.367565 6.034804
 130.000000 1.095208 -0.410621 3.047025
 130.200000 1.099608 -0.395683 2.460004
 130.400000 1.005126 -0.347393 0.886386
 130.600000 1.097663 -0.332678 1.407676
 130.800000 1.019694 -0.343714 0.392538
 131.000000 0.960763 -0.446045 8.437955
 131.200000 1.007979 -0.305731 1.708010
 131.400000 1.060540 -0.312137 0.770883
 131.600000 1.080801 -0.375332 0.909544
 131.800000 1.077866 -0.338399 0.527178
 132.000000 0.976538 -0.297758 3.812615
 132.200000 1.001676 -0.396897 2.180021
 132.400000 1.007778 -0.426393 3.766713
 132.600000 1.036644 -0.344887 0.064416
 132.800000 1.048980 -0.439794 4.117376
 133.000000 0.986784 -0.411150 3.752141
 133.200000 1.059405 -0.414109 2.189809
 133.400000 1.071331 -0.395308 1.360393
 133.600000 1.031687 -0.393656 1.114415
 133.800000 0.985962 -0.343734 1.889085
 134.000000 1.059099 -0.318010 0.553050
 134.200000 1.048262 -0.340870 0.034156
 134.400000 1.001712 -0.334047 1.147254
 134.600000 1.019540 -0.279380 2.810498
 134.800000 1.117563 -0.347521 2.476824
 135.000000 1.100881 -0.385509 2.105035
 135.200000 1.019360 -0.327142 0.627782
 135.400000 0.993326 -0.261467 5.287848
 135.600000 1.057118 -0.363281 0.150246
 135.800000 1.035253 -0.408946 1.864129
 136.000000 0.949560 -0.335564 4.857707
 136.200000 1.095486 -0.378650 1.603511
 136.400000 1.086503 -0.474629 8.655497
 136.600000 1.002294 -0.376054 1.372368
 136.800000 1.104881 -0.358330 1.706601
 137.000000 0.973242 -0.379343 3.193088
 137.200000 0.977329 -0.393291 3.418731
 137.400000 1.061150 -0.280040 2.479595
 137.600000 1.089736 -0.338180 0.964016
 137.800000 0.990324 -0.352936 1.624816
 138.000000 1.081650 -0.280810 2.922917
 138.200000 1.102980 -0.322122 1.918838
 138.400000 1.008259 -0.332948 0.888012
 138.600000 1.023200 -0.376895 0.675176
 138.800000 1.038740 -0.310719 0.771022
 139.000000 1.048574 -0.428378 3.146132
 139.200000 0.951623 -0.340353 4.605225
 139.400000 1.026613 -0.263691 3.856275
 139.600000 1.054961 -0.429674 3.279015
 139.800000 0.989722 -0.367637 1.824156
 140.000000 1.040761 -0.292168 1.639411
 140.200000 1.013922 -0.358634 0.599415
 140.400000 1.035035 -0.415003 2.247844
 140.600000 1.065885 -0.307699 1.030214
 140.800000 1.030242 -0.361275 0.218284
 141.000000 1.046823 -0.383960 0.608880
 141.200000 1.044978 -0.348626 0.002559
 141.400000 1.043444 -0.403614 1.494790
 141.600000 1.007081 -0.345690 0.810362
 141.800000 1.093813 -0.368187 1.269313
 142.000000 1.033861 -0.377374 0.489620
 142.200000 0.989764 -0.439658 5.752765
 142.400000 1.055679 -0.440322 4.199773
 142.600000 1.005154 -0.320005 1.306094
 142.800000 1.079421 -0.435085 4.218787
 143.000000 1.044889 -0.358694 0.049015
 143.200000 1.121469 -0.293636 4.294364
 143.400000 0.939725 -0.296178 7.173746
 143.600000 1.016739 -0.345899 0.468878
 143.800000 1.114029 -0.305355 3.188577
 144.000000 1.096405 -0.270672 4.283506
 144.200000 1.061573 -0.334034 0.216319
 144.400000 1.109508 -0.336659 2.018257
 144.600000 1.002051 -0.409297 2.833005
 144.800000 0.957605 -0.387850 4.765522
 145.000000 1.066849 -0.367816 0.368881
 145.200000 1.053453 -0.346710 0.022343
 145.400000 1.010299 -0.410388 2.560953
 145.600000 1.028934 -0.321040 0.559520
 145.800000 1.028711 -0.275892 2.848077
 146.000000 1.066332 -0.426208 3.158552
 146.200000 0.999715 -0.288633 2.953314
 146.400000 1.168422 -0.322124 7.710623
 146.600000 0.969110 -0.269098 6.246251
 146.800000 1.047829 -0.344426 0.010965
 147.000000 1.100746 -0.271448 4.445970
 147.200000 1.024341 -0.330620 0.431340
 147.400000 1.039855 -0.455989 5.743273
 147.600000 0.991552 -0.274758 4.309049
 147.800000 1.092016 -0.411720 2.967129
 148.000000 1.042522 -0.458177 5.963588
 148.200000 1.110873 -0.396939 3.173212
 148.400000 0.986958 -0.318380 2.285199
 148.600000 0.980291 -0.467122 9.206842
 148.800000 1.011941 -0.345427 0.628119
 149.000000 0.966830 -0.200142 14.318528
 149.200000 1.081408 -0.368748 0.778845
 149.400000 1.001534 -0.254124 5.549526
 149.600000 1.111731 -0.279103 4.529676
 149.800000 1.047467 -0.291893 1.634402
 150.000000 1.081274 -0.344943 0.589116
 150.200000 1.131489 -0.394591 4.588806
 150.400000 0.964005 -0.357317 3.494544
 150.600000 0.970616 -0.404014 4.442040
 150.800000 0.993867 -0.393448 2.406990
 151.000000 1.101436 -0.431147 4.839553
 151.200000 1.051546 -0.359137 0.060169
 151.400000 0.997231 -0.351472 1.251232
 151.600000 1.070464 -0.477396 8.505015
 151.800000 0.956479 -0.301795 5.232239
 152.000000 1.157004 -0.429937 9.298747
 152.200000 1.003396 -0.286863 2.893864
 152.400000 1.015348 -0.298166 1.802593
 152.600000 1.119827 -0.356452 2.664820
 152.800000 1.023176 -0.315848 0.840234
 153.000000 1.091154 -0.409429 2.787943
 153.200000 1.054078 -0.348782 0.023708
 153.400000 1.063603 -0.438891 4.168857
 153.600000 1.031993 -0.332062 0.260162
 153.800000 1.006227 -0.355252 0.858429
 154.000000 1.044153 -0.366302 0.153169
 154.200000 1.035924 -0.352377 0.069029
 154.400000 1.031495 -0.323721 0.444457
 154.600000 1.038467 -0.407035 1.718335
 154.800000 1.074196 -0.280007 2.749028
 155.000000 1.043144 -0.338034 0.069063
 155.200000 1.020007 -0.319490 0.807021
 155.400000 1.050832 -0.328308 0.222041
 155.600000 1.059505 -0.295607 1.504677
 155.800000 1.052751 -0.317437 0.515598
 156.000000 1.097789 -0.384756 1.916676
 156.200000 1.056532 -0.300312 1.232046
 156.400000 1.084253 -0.338588 0.741450
 156.600000 0.991537 -0.475077 9.488501
 156.800000 1.033453 -0.425276 2.998437
 157.000000 1.054985 -0.326010 0.296103
 157.200000 1.035409 -0.451362 5.301704
 157.400000 1.048118 -0.381327 0.520824
 157.600000 1.007388 -0.361843 0.874038
 157.800000 1.045964 -0.391555 0.903442
 158.000000 1.124274 -0.288246 4.819866
 158.200000 1.116972 -0.304743 3.416477
 158.400000 0.983567 -0.371966 2.286656
 158.600000 1.036855 -0.273807 2.885449
 158.800000 1.082261 -0.240408 6.518009
 159.000000 1.005088 -0.319054 1.336972
 159.200000 1.068404 -0.332032 0.369942
 159.400000 1.157472 -0.312340 6.754599
 159.600000 1.058733 -0.384283 0.686651
 159.800000 1.006580 -0.418439 3.231196
 160.000000 1.056742 -0.336133 0.129177
 160.200000 1.063456 -0.423939 2.935177
 160.400000 1.059292 -0.371789 0.331305
 160.600000 1.166743 -0.437802 11.082659
 160.800000 1.029404 -0.382413 0.714325
 161.000000 0.937759 -0.481760 14.792281
 161.200000 1.008987 -0.360904 0.800092
 161.400000 1.021950 -0.379087 0.769350
 161.600000 0.994614 -0.375706 1.737351
 161.800000 1.017576 -0.308729 1.252253
 162.000000 1.081516 -0.349484 0.588968
 162.200000 0.992984 -0.260482 5.393109
 162.400000 1.055653 -0.345129 0.043496
 162.600000 1.087588 -0.371053 1.057407
 162.800000 1.037062 -0.357546 0.087321
 163.000000 1.029308 -0.377548 0.565626
 163.200000 1.028573 -0.401567 1.551635
 163.400000 1.015749 -0.333498 0.615664
 163.600000 1.074550 -0.363254 0.474724
 163.800000 0.988087 -0.424946 4.625908
 164.000000 1.089132 -0.387586 1.621188
 164.200000 1.013919 -0.411012 2.472404
 164.400000 0.959220 -0.380350 4.359389
 164.600000 0.987334 -0.373552 2.091602
 164.800000 0.944683 -0.358037 5.294883
 165.000000 1.069587 -0.426923 3.281472
 165.200000 1.107397 -0.313705 2.437170
 165.400000 1.032960 -0.381527 0.628218
 165.600000 1.031565 -0.367992 0.301278
 165.800000 0.982263 -0.375870 2.467496
 166.000000 1.031083 -0.398967 1.374906
 166.200000 0.996490 -0.386564 1.988689
 166.400000 1.096436 -0.350372 1.213046
 166.600000 1.058575 -0.292146 1.684634
 166.800000 1.003006 -0.323906 1.292936
 167.000000 1.076360 -0.432079 3.870824
 167.200000 0.985544 -0.370002 2.119717
 167.400000 1.084394 -0.370535 0.922233
 167.600000 1.040455 -0.374428 0.344345
 167.800000 1.074549 -0.419974 2.888035
 168.000000 1.014859 -0.433341 4.073996
 168.200000 1.014443 -0.367242 0.701605
 168.400000 1.070324 -0.371453 0.518017
 168.600000 1.081456 -0.301611 1.712818
 168.800000 1.045234 -0.298066 1.302432
 169.000000 0.983796 -0.334081 2.122182
 169.200000 0.989370 -0.319821 2.099665
 169.400000 1.077832 -0.394609 1.506294
 169.600000 1.036040 -0.281075 2.373652
 169.800000 1.065920 -0.299161 1.420515
 170.000000 1.089774 -0.289989 2.651434
 170.200000 1.091510 -0.419684 3.475255
 170.400000 0.947043 -0.359115 5.065932
 170.600000 1.066122 -0.426657 3.189266
 170.800000 0.959864 -0.459863 9.951578
 171.000000 0.986260 -0.364727 1.979311
 171.200000 1.093865 -0.333940 1.203333
 171.400000 1.033706 -0.350439 0.091959
 171.600000 1.141356 -0.354171 4.445906
 171.800000 1.075920 -0.299946 1.618842
 172.000000 1.059466 -0.350025 0.075713
 172.200000 1.024278 -0.267861 3.559778
 172.400000 1.012952 -0.309586 1.365700
 172.600000 1.060510 -0.411546 2.040515
 172.800000 0.986514 -0.349650 1.841435
 173.000000 1.063282 -0.305577 1.074973
 173.200000 1.043779 -0.371385 0.254907
 173.400000 1.005490 -0.399339 2.133484
 173.600000 1.029777 -0.388269 0.920185
 173.800000 1.042538 -0.305162 0.974629
 174.000000 1.068306 -0.450258 5.342697
 174.200000 1.034393 -0.369739 0.295664
 174.400000 1.076737 -0.332573 0.572289
 174.600000 1.046510 -0.282455 2.218763
 174.800000 1.099780 -0.261660 5.202389
 175.000000 1.127435 -0.354703 3.234942
 175.200000 1.026179 -0.377727 0.631632
 175.400000 0.999776 -0.340398 1.161975
 175.600000 1.081154 -0.386490 1.276803
 175.800000 1.001812 -0.318792 1.488167
 176.000000 1.051743 -0.313663 0.637004
 176.200000 1.013502 -0.450766 5.739172
 176.400000 1.051706 -0.406106 1.636946
 176.600000 1.051215 -0.366710 0.163736
 176.800000 1.057878 -0.390366 0.909902
 177.000000 0.993835 -0.298991 2.677522
 177.200000 1.115465 -0.305861 3.263525
 177.400000 1.075575 -0.440106 4.546823
 177.600000 0.907956 -0.378617 10.130769
 177.800000 1.113275 -0.326225 2.443959
 178.000000 1.093797 -0.375339 1.430905
 178.200000 1.004362 -0.374012 1.228611
 178.400000 1.111691 -0.334236 2.189648
 178.600000 0.999550 -0.300137 2.332155
 178.800000 1.052496 -0.431645 3.423709
 179.000000 1.032872 -0.299719 1.320162
 179.200000 1.098156 -0.265229 4.812681
 179.400000 1.109500 -0.464566 8.610921
 179.600000 0.938409 -0.257742 10.087472
 179.800000 1.077834 -0.427180 3.520244
 180.000000 1.129955 -0.394185 4.442255
 180.200000 1.095535 -0.262735 4.894753
 180.400000 1.087665 -0.396258 1.932373
 180.600000 1.062995 -0.347283 0.126370
 180.800000 1.047372 -0.368544 0.189709
 181.000000 1.000770 -0.359511 1.132294
 181.200000 0.990839 -0.347598 1.589195
 181.400000 1.093936 -0.435933 4.865169
 181.600000 0.994934 -0.390743 2.234231
 181.800000 1.025547 -0.419749 2.732444
 182.000000 1.019668 -0.271267 3.405275
 182.200000 1.135020 -0.282846 6.048949
 182.400000 1.030005 -0.341201 0.178728
 182.600000 0.988279 -0.341624 1.763385
 182.800000 1.078187 -0.400822 1.819489
 183.000000 0.965171 -0.287646 5.250340
 183.200000 1.093810 -0.419413 3.560746
 183.400000 1.067756 -0.341242 0.241928
 183.600000 1.081020 -0.344598 0.581973
 183.800000 1.009844 -0.396121 1.804714
 184.000000 0.999775 -0.377873 1.539390
 184.200000 1.102059 -0.451227 6.723333
 184.400000 1.020965 -0.307443 1.210303
 184.600000 1.051425 -0.401881 1.403639
 184.800000 1.032006 -0.378430 0.546516
 185.000000 1.110241 -0.327812 2.213098
 185.200000 1.058558 -0.351696 0.067993
 185.400000 0.990881 -0.307876 2.434098
 185.600000 1.108764 -0.313868 2.514651
 185.800000 1.035083 -0.331278 0.231590
 186.000000 1.011340 -0.370002 0.862057
 186.200000 1.049418 -0.383671 0.601241
 186.400000 1.034687 -0.310786 0.810931
 186.600000 0.992301 -0.315392 2.073770
 186.800000 1.080833 -0.418824 2.998786
 187.000000 1.043457 -0.373432 0.303863
 187.200000 0.997938 -0.389903 2.047067
 187.400000 1.037516 -0.375199 0.388346
 187.600000 1.092967 -0.365938 1.189774
 187.800000 1.086282 -0.319237 1.208669
 188.000000 0.955474 -0.245183 9.602378
 188.200000 1.069661 -0.415744 2.475265
 188.400000 1.036054 -0.349136 0.062097
 188.600000 1.066819 -0.290762 1.892170
 188.800000 1.084483 -0.388695 1.480328
 189.000000 0.941809 -0.257363 9.758143
 189.200000 1.093821 -0.295253 2.534752
 189.400000 1.053776 -0.325750 0.293449
 189.600000 0.983583 -0.361306 2.098301
 189.800000 1.139488 -0.435333 7.979830
 190.000000 1.027465 -0.275883 2.872544
 190.200000 1.074685 -0.393190 1.351268
 190.400000 0.987830 -0.381572 2.290580
 190.600000 1.069336 -0.466070 7.090107
 190.800000 1.021860 -0.376567 0.699154
 191.000000 1.054484 -0.368290 0.211334
 191.200000 1.117274 -0.471634 9.966782
 191.400000 0.969653 -0.217816 11.619874
 191.600000 1.136877 -0.383973 4.630443
 191.800000 0.987888 -0.363221 1.859009
 192.000000 1.018604 -0.307682 1.265104
 192.200000 1.105696 -0.358332 1.753962
 192.400000 1.074910 -0.279398 2.810768
 192.600000 1.054835 -0.346589 0.032233
 192.800000 0.945971 -0.375475 5.472122
 193.000000 0.965400 -0.349822 3.345732
 193.200000 1.167654 -0.431586 10.659604
 193.400000 0.980805 -0.322155 2.566087
 193.600000 1.062601 -0.394235 1.138747
 193.800000 1.088260 -0.302068 1.947455
 194.000000 1.038813 -0.383956 0.643824
 194.200000 1.090898 -0.328293 1.170629
 194.400000 1.062184 -0.331990 0.258090
 194.600000 1.094508 -0.393896 2.124006
 194.800000 1.035473 -0.322074 0.433003
 195.000000 1.117612 -0.392589 3.426194
 195.200000 0.983755 -0.308728 2.826050
 195.400000 1.013315 -0.366748 0.730357
 195.600000 1.064207 -0.343562 0.159800
 195.800000 1.029349 -0.262415 3.913438
 196.000000 1.076681 -0.401762 1.823075
 196.200000 1.073932 -0.322817 0.701889
 196.400000 1.076817 -0.348480 0.438840
 196.600000 0.972667 -0.417879 5.144996
 196.800000 1.009922 -0.376529 1.071866
 197.000000 1.071837 -0.336365 0.384202
 197.200000 1.052141 -0.356367 0.038874
 197.400000 1.119440 -0.370830 2.846298
 197.600000 1.053159 -0.334995 0.116762
 197.800000 0.993737 -0.481557 10.205948
 198.000000 0.992483 -0.340288 1.535346
 198.200000 1.081051 -0.321992 0.939508
 198.400000 1.058557 -0.402392 1.486360
 198.600000 1.002557 -0.297144 2.344327
 198.800000 1.079091 -0.340448 0.545734
 199.000000 0.963894 -0.263167 7.158977
 199.200000 1.042516 -0.445950 4.704241
 199.400000 1.001165 -0.353333 1.068623
 199.600000 1.074978 -0.324929 0.677157
 199.800000 0.977917 -0.350652 2.401166
 200.000000 0.990687 -0.375806 1.954259
