#! FIELDS time phi psi restraint.bias
#! SET min_phi -pi
#! SET max_phi pi
#! SET min_psi -pi
#! SET max_psi pi
 0.000000 1.572399 -0.258275 246.697979
 0.200000 2.239883 -0.314138 1.031801
 0.400000 2.252556 -0.244625 5.587955
 0.600000 2.213511 -0.340825 1.569490
 0.800000 2.226225 -0.208205 10.832709
 1.000000 2.168946 -0.301563 6.126423
 1.200000 2.264444 -0.270407 3.103630
 1.400000 2.202521 -0.339546 2.250236
 1.600000 2.129808 -0.261399 13.519913
 1.800000 2.244911 -0.310219 1.042942
 2.000000 2.224710 -0.293178 2.539345
 2.200000 2.242812 -0.368678 0.533356
 2.400000 2.292864 -0.375991 0.648935
 2.600000 2.274421 -0.394599 1.051717
 2.800000 2.293759 -0.391265 1.198668
 3.000000 2.289804 -0.409497 2.043862
 3.200000 2.184590 -0.303782 4.581796
 3.400000 2.306753 -0.308626 1.533058
 3.600000 2.277390 -0.325004 0.325284
 3.800000 2.306948 -0.472111 8.292867
 4.000000 2.217247 -0.447113 6.142133
 4.200000 2.226142 -0.379935 1.391769
 4.400000 2.334991 -0.275308 4.902291
 4.600000 2.285771 -0.335566 0.232967
 4.800000 2.321200 -0.432180 4.820201
 5.000000 2.244085 -0.401134 1.664137
 5.200000 2.168158 -0.386676 5.784582
 5.400000 2.275159 -0.366428 0.170129
 5.600000 2.294687 -0.311112 1.052006
 5.800000 2.267053 -0.382284 0.553488
 6.000000 2.290025 -0.420172 2.750568
 6.200000 2.223248 -0.346864 1.045780
 6.400000 2.203668 -0.356792 2.159275
 6.600000 2.240405 -0.399989 1.703394
 6.800000 2.224983 -0.397773 2.151810
 7.000000 2.255933 -0.426118 3.052942
 7.200000 2.212275 -0.437913 5.551736
 7.400000 2.200051 -0.318656 2.834396
 7.600000 2.256304 -0.369166 0.281685
 7.800000 2.246599 -0.318820 0.706711
 8.000000 2.311465 -0.373826 1.211218
 8.200000 2.259980 -0.372128 0.305968
 8.400000 2.127305 -0.364548 10.148453
 8.600000 2.250782 -0.392688 1.116088
 8.800000 2.260632 -0.333207 0.160167
 9.000000 2.262185 -0.372333 0.293420
 9.200000 2.260682 -0.357549 0.069985
 9.400000 2.209676 -0.438268 5.733935
 9.600000 2.348229 -0.369524 3.353617
 9.800000 2.370551 -0.419132 7.618269
 10.000000 2.245821 -0.325676 0.540502
 10.200000 2.274366 -0.423813 2.808360
 10.400000 2.291655 -0.354343 0.272182
 10.600000 2.280543 -0.499367 11.362602
 10.800000 2.299903 -0.431205 3.853196
 11.000000 2.343727 -0.352901 2.804828
 11.200000 2.292266 -0.311875 0.963917
 11.400000 2.261047 -0.367906 0.208535
 11.600000 2.153673 -0.356028 6.666054
 11.800000 2.239151 -0.339727 0.486928
 12.000000 2.203441 -0.435002 5.836788
 12.200000 2.233476 -0.398394 1.845036
 12.400000 2.315860 -0.366756 1.257762
 12.600000 2.253008 -0.411711 2.088963
 12.800000 2.271881 -0.359491 0.058703
 13.000000 2.315159 -0.426059 4.032589
 13.200000 2.365192 -0.312531 5.300810
 13.400000 2.198796 -0.364463 2.577802
 13.600000 2.237754 -0.375876 0.845315
 13.800000 2.315186 -0.358596 1.115331
 14.000000 2.316395 -0.397211 2.285558
 14.200000 2.107304 -0.300324 14.249047
 14.400000 2.219156 -0.304239 2.243360
 14.600000 2.226768 -0.266905 4.263994
 14.800000 2.288129 -0.357286 0.218126
 15.000000 2.281881 -0.275580 2.783978
 15.200000 2.159469 -0.325542 6.267283
 15.400000 2.191547 -0.310010 3.756575
 15.600000 2.244607 -0.339752 0.339134
 15.800000 2.286249 -0.282904 2.338696
 16.000000 2.196021 -0.313670 3.284155
 16.200000 2.177089 -0.347064 4.219204
 16.400000 2.082804 -0.332479 17.458622
 16.600000 2.296909 -0.330944 0.555675
 16.800000 2.246138 -0.229621 7.393221
 17.000000 2.156527 -0.390593 7.179288
 17.200000 2.194727 -0.344744 2.762249
 17.400000 2.220342 -0.361535 1.258014
 17.600000 2.176996 -0.339923 4.267506
 17.800000 2.216829 -0.410942 3.271457
 18.000000 2.218074 -0.411822 3.262228
 18.200000 2.307744 -0.403876 2.255396
 18.400000 2.256593 -0.440538 4.259660
 18.600000 2.194515 -0.379896 3.243912
 18.800000 2.348395 -0.399971 4.453174
 19.000000 2.335696 -0.351023 2.230877
 19.200000 2.255810 -0.330977 0.249639
 19.400000 2.299843 -0.351905 0.481898
 19.600000 2.216023 -0.365572 1.535664
 19.800000 2.248858 -0.322447 0.555692
 20.000000 2.300261 -0.342710 0.511087
 20.200000 2.288453 -0.301198 1.336293
 20.400000 2.395342 -0.289169 9.784026
 20.600000 2.252278 -0.356995 0.170047
 20.800000 2.264845 -0.418701 2.432853
 21.000000 2.286207 -0.307161 1.027278
 21.200000 2.366108 -0.399520 5.994720
 21.400000 2.292615 -0.392490 1.223364
 21.600000 2.210540 -0.481520 10.476591
 21.800000 2.244013 -0.378896 0.755295
 22.000000 2.198559 -0.411851 4.446930
 22.200000 2.271572 -0.330594 0.174098
 22.400000 2.227187 -0.437719 4.800870
 22.600000 2.184792 -0.406093 5.165481
 22.800000 2.269184 -0.380826 0.504388
 23.000000 2.225238 -0.464371 7.602022
 23.200000 2.280252 -0.477570 8.320819
 23.400000 2.268221 -0.391932 0.919019
 23.600000 2.269087 -0.351182 0.002253
 23.800000 2.325768 -0.352849 1.622536
 24.000000 2.195719 -0.337477 2.746899
 24.200000 2.296996 -0.361561 0.471954
 24.400000 2.285102 -0.358057 0.171227
 24.600000 2.251610 -0.374460 0.472394
 24.800000 2.330884 -0.317724 2.410440
 25.000000 2.119146 -0.358080 11.257974
 25.200000 2.251614 -0.333029 0.278468
 25.400000 2.214210 -0.353976 1.509087
 25.600000 2.221476 -0.363007 1.223011
 25.800000 2.213086 -0.354145 1.572038
 26.000000 2.285258 -0.376148 0.500043
 26.200000 2.260214 -0.311352 0.749134
 26.400000 2.262949 -0.366667 0.172777
 26.600000 2.225971 -0.312412 1.594400
 26.800000 2.247745 -0.336098 0.308433
 27.000000 2.337530 -0.370793 2.589152
 27.200000 2.320491 -0.322098 1.692979
 27.400000 2.362048 -0.372523 4.610764
 27.600000 2.272242 -0.348804 0.005527
 27.800000 2.261794 -0.386111 0.711628
 28.000000 2.330101 -0.419542 4.354523
 28.200000 2.310643 -0.422685 3.579961
 28.400000 2.321094 -0.413241 3.419856
 28.600000 2.214926 -0.438469 5.454552
 28.800000 2.269443 -0.352046 0.004574
 29.000000 2.270364 -0.360797 0.069844
 29.200000 2.349604 -0.356933 3.285219
 29.400000 2.241113 -0.288092 2.245762
 29.600000 2.127139 -0.351517 10.055074
 29.800000 2.189732 -0.322918 3.477873
 30.000000 2.216539 -0.375011 1.708848
 30.200000 2.242932 -0.310214 1.092642
 30.400000 2.271355 -0.376280 0.373244
 30.600000 2.244914 -0.353541 0.298357
 30.800000 2.245128 -0.386614 0.988178
 31.000000 2.302222 -0.379483 1.016844
 31.200000 2.282719 -0.411206 2.025773
 31.400000 2.249575 -0.352455 0.193008
 31.600000 2.267841 -0.358033 0.040795
 31.800000 2.248179 -0.400990 1.563300
 32.000000 2.298954 -0.402978 1.904032
 32.200000 2.210288 -0.374504 2.042866
 32.400000 2.348608 -0.383971 3.783641
 32.600000 2.243297 -0.335449 0.421200
 32.800000 2.210004 -0.377290 2.134317
 33.000000 2.239125 -0.355299 0.463540
 33.200000 2.292872 -0.353131 0.294913
 33.400000 2.225894 -0.340493 0.962694
 33.600000 2.170972 -0.249337 9.770546
 33.800000 2.228699 -0.290176 2.543194
 34.000000 2.283912 -0.345905 0.117260
 34.200000 2.357663 -0.364350 4.053755
 34.400000 2.221002 -0.345307 1.155506
 34.600000 2.192798 -0.363986 3.009214
 34.800000 2.302242 -0.438698 4.571909
 35.000000 2.353250 -0.322187 3.916327
 35.200000 2.223262 -0.377949 1.459813
 35.400000 2.215588 -0.298538 2.699106
 35.600000 2.245835 -0.388827 1.057141
 35.800000 2.271537 -0.353663 0.013970
 36.000000 2.244650 -0.453689 5.767747
 36.200000 2.159539 -0.451575 11.236986
 36.400000 2.240546 -0.343984 0.415696
 36.600000 2.195316 -0.418361 5.110272
 36.800000 2.293736 -0.366206 0.454621
 37.000000 2.259809 -0.422449 2.734090
 37.200000 2.238365 -0.284124 2.575765
 37.400000 2.229533 -0.399089 2.027156
 37.600000 2.301188 -0.275686 3.212637
 37.800000 2.299017 -0.408270 2.205227
 38.000000 2.225492 -0.413031 2.989101
 38.200000 2.282264 -0.431139 3.456950
 38.400000 2.352992 -0.390290 4.383116
 38.600000 2.287693 -0.334636 0.280171
 38.800000 2.225094 -0.435377 4.685505
 39.000000 2.269410 -0.392362 0.937382
 39.200000 2.299492 -0.465943 7.297196
 39.400000 2.296568 -0.357199 0.415054
 39.600000 2.141490 -0.347979 8.120847
 39.800000 2.277455 -0.323204 0.370773
 40.000000 2.306849 -0.366928 0.878516
 40.200000 2.168513 -0.405257 6.620291
 40.400000 2.214837 -0.335992 1.548405
 40.600000 2.183266 -0.307805 4.520262
 40.800000 2.241784 -0.306654 1.267767
 41.000000 2.252897 -0.313133 0.774083
 41.200000 2.245004 -0.293752 1.816011
 41.400000 2.203630 -0.312517 2.799817
 41.600000 2.308615 -0.329867 0.971835
 41.800000 2.282163 -0.352716 0.094239
 42.000000 2.229420 -0.365884 0.921860
 42.200000 2.233511 -0.362099 0.712111
 42.400000 2.174117 -0.390172 5.339400
 42.600000 2.378260 -0.350203 5.977363
 42.800000 2.301640 -0.270120 3.651227
 43.000000 2.199539 -0.319895 2.832897
 43.200000 2.296060 -0.230253 7.426276
 43.400000 2.267769 -0.285928 1.993853
 43.600000 2.249876 -0.369681 0.393994
 43.800000 2.296303 -0.369971 0.593208
 44.000000 2.236051 -0.354563 0.555561
 44.200000 2.330903 -0.357795 1.958562
 44.400000 2.191277 -0.408631 4.788843
 44.600000 2.196863 -0.397571 3.773024
 44.800000 2.208586 -0.423723 4.607416
 45.000000 2.287004 -0.334739 0.266007
 45.200000 2.302717 -0.326877 0.817015
 45.400000 2.200265 -0.334396 2.464907
 45.600000 2.138051 -0.295280 10.010803
 45.800000 2.266758 -0.421676 2.638483
 46.000000 2.316313 -0.305563 2.068921
 46.200000 2.320314 -0.267860 4.617432
 46.400000 2.233654 -0.315306 1.191992
 46.600000 2.140120 -0.331753 8.445649
 46.800000 2.336980 -0.376060 2.679905
 47.000000 2.291121 -0.378088 0.667391
 47.200000 2.237162 -0.301422 1.639536
 47.400000 2.227182 -0.250138 5.764772
 47.600000 2.225016 -0.313382 1.600810
 47.800000 2.230239 -0.341244 0.779015
 48.000000 2.178558 -0.389531 4.902052
 48.200000 2.167267 -0.222215 13.213027
 48.400000 2.228458 -0.308220 1.653121
 48.600000 2.258777 -0.313637 0.679129
 48.800000 2.204065 -0.475102 10.046126
 49.000000 2.241907 -0.384157 0.980754
 49.200000 2.285465 -0.391544 1.038911
 49.400000 2.282980 -0.348089 0.099208
 49.600000 2.275013 -0.350786 0.019992
 49.800000 2.252097 -0.399826 1.429970
 50.000000 2.245407 -0.388652 1.060166
 50.200000 2.364858 -0.398015 5.799273
 50.400000 2.268907 -0.338470 0.056139
 50.600000 2.351616 -0.320869 3.816155
 50.800000 2.333936 -0.299393 3.346695
 51.000000 2.213239 -0.339315 1.598194
 51.200000 2.182019 -0.404269 5.300256
 51.400000 2.334094 -0.386671 2.830367
 51.600000 2.316500 -0.317223 1.638542
 51.800000 2.300902 -0.374928 0.845598
 52.000000 2.284727 -0.338916 0.176310
 52.200000 2.333845 -0.344712 2.116555
 52.400000 2.295843 -0.322879 0.705101
 52.600000 2.304645 -0.407379 2.338054
 52.800000 2.278708 -0.373976 0.358082
 53.000000 2.322730 -0.394593 2.483718
 53.200000 2.293763 -0.469805 7.597328
 53.400000 2.367536 -0.447613 9.717519
 53.600000 2.232707 -0.414131 2.772737
 53.800000 2.238020 -0.390346 1.329676
 54.000000 2.339009 -0.360998 2.526842
 54.200000 2.239697 -0.410805 2.333076
 54.400000 2.235271 -0.400230 1.875260
 54.600000 2.094042 -0.317224 15.799516
 54.800000 2.260636 -0.403497 1.515779
 55.000000 2.325021 -0.340951 1.606129
 55.200000 2.417587 -0.363454 11.153306
 55.400000 2.293647 -0.367742 0.479900
 55.600000 2.219900 -0.334921 1.301899
 55.800000 2.352835 -0.334021 3.633391
 56.000000 2.262076 -0.367688 0.196867
 56.200000 2.185753 -0.400043 4.758390
 56.400000 2.148339 -0.382686 7.835997
 56.600000 2.330527 -0.358885 1.945432
 56.800000 2.202040 -0.283616 4.378813
 57.000000 2.282639 -0.425348 3.003505
 57.200000 2.419415 -0.335026 11.421740
 57.400000 2.231848 -0.367975 0.866251
 57.600000 2.243476 -0.433778 3.911933
 57.800000 2.155260 -0.424783 9.326718
 58.000000 2.281889 -0.349102 0.083992
 58.200000 2.346413 -0.383312 3.588396
 58.400000 2.266469 -0.318411 0.472881
 58.600000 2.220953 -0.392926 2.112687
 58.800000 2.312723 -0.375134 1.298784
 59.000000 2.267269 -0.430121 3.286320
 59.200000 2.249932 -0.448749 5.148767
 59.400000 2.205055 -0.314994 2.620327
 59.600000 2.251154 -0.383756 0.759675
 59.800000 2.247488 -0.367230 0.394818
 60.000000 2.152587 -0.404181 8.286480
 60.200000 2.274765 -0.333059 0.145144
 60.400000 2.276443 -0.332752 0.161315
 60.600000 2.261041 -0.301304 1.171701
 60.800000 2.280735 -0.356751 0.099231
 61.000000 2.209624 -0.396344 2.876103
 61.200000 2.271135 -0.376378 0.375425
 61.400000 2.345645 -0.276352 5.586442
 61.600000 2.264928 -0.270652 3.082352
 61.800000 2.217625 -0.315656 1.874108
 62.000000 2.266934 -0.328718 0.209010
 62.200000 2.309007 -0.363212 0.903202
 62.400000 2.297628 -0.308535 1.233215
 62.600000 2.250542 -0.280362 2.529148
 62.800000 2.266863 -0.312227 0.680665
 63.000000 2.315293 -0.337535 1.141336
 63.200000 2.212725 -0.367568 1.750555
 63.400000 2.239146 -0.287934 2.312053
 63.600000 2.264282 -0.309059 0.811078
 63.800000 2.198827 -0.327666 2.686061
 64.000000 2.188824 -0.356817 3.238403
 64.200000 2.146559 -0.331455 7.642184
 64.400000 2.224127 -0.283834 3.131132
 64.600000 2.296357 -0.369516 0.585281
 64.800000 2.246677 -0.267612 3.564891
 65.000000 2.208105 -0.330427 2.023443
 65.200000 2.219762 -0.341659 1.236066
 65.400000 2.325063 -0.344835 1.584537
 65.600000 2.237793 -0.342524 0.506101
 65.800000 2.183778 -0.350313 3.626036
 66.000000 2.241279 -0.298629 1.654206
 66.200000 2.286863 -0.388782 0.949523
 66.400000 2.342848 -0.274426 5.517597
 66.600000 2.243877 -0.341870 0.339667
 66.800000 2.223064 -0.319326 1.493987
 67.000000 2.294727 -0.350745 0.334196
 67.200000 2.318836 -0.280994 3.562326
 67.400000 2.274698 -0.376120 0.382619
 67.600000 2.218434 -0.358301 1.317460
 67.800000 2.318136 -0.354442 1.225148
 68.000000 2.266956 -0.360109 0.062923
 68.200000 2.336566 -0.326038 2.552602
 68.400000 2.292316 -0.363125 0.372337
 68.600000 2.194350 -0.365885 2.922362
 68.800000 2.169200 -0.347347 4.974299
 69.000000 2.224953 -0.336054 1.051569
 69.200000 2.316599 -0.321993 1.502750
 69.400000 2.180667 -0.338732 3.948393
 69.600000 2.353463 -0.369348 3.778758
 69.800000 2.379732 -0.384721 6.774343
 70.000000 2.162822 -0.400183 6.935675
 70.200000 2.138452 -0.371177 8.756398
 70.400000 2.266450 -0.312787 0.661147
 70.600000 2.292028 -0.326426 0.523092
 70.800000 2.160635 -0.317694 6.355777
 71.000000 2.183145 -0.345089 3.687266
 71.200000 2.269976 -0.287968 1.867031
 71.400000 2.255969 -0.280184 2.456352
 71.600000 2.123464 -0.251625 15.327278
 71.800000 2.156740 -0.315864 6.844246
 72.000000 2.288555 -0.323548 0.518169
 72.200000 2.257124 -0.294071 1.581909
 72.400000 2.127399 -0.273780 12.849133
 72.600000 2.268630 -0.233588 6.667643
 72.800000 2.293506 -0.253993 4.821510
 73.000000 2.311221 -0.230763 7.892162
 73.200000 2.278864 -0.250141 4.942459
 73.400000 2.130939 -0.252055 14.226084
 73.600000 2.325380 -0.233601 8.259523
 73.800000 2.226252 -0.291798 2.550395
 74.000000 2.255923 -0.294226 1.588261
 74.200000 2.258257 -0.279771 2.457827
 74.400000 2.226784 -0.301902 2.000299
 74.600000 2.195809 -0.328458 2.885540
 74.800000 2.215304 -0.331432 1.593237
 75.000000 2.167488 -0.338723 5.198529
 75.200000 2.276409 -0.344510 0.038362
 75.400000 2.196418 -0.387389 3.363146
 75.600000 2.130145 -0.353111 9.638510
 75.800000 2.317241 -0.320765 1.567552
 76.000000 2.224504 -0.317523 1.484219
 76.200000 2.184861 -0.329063 3.733668
 76.400000 2.297057 -0.296968 1.752697
 76.600000 2.150337 -0.254590 11.494684
 76.800000 2.321833 -0.269624 4.554948
 77.000000 2.281169 -0.327807 0.300893
 77.200000 2.179344 -0.352156 4.017408
 77.400000 2.267068 -0.271655 2.997915
 77.600000 2.217126 -0.313517 1.973578
 77.800000 2.209851 -0.302086 2.848582
 78.000000 2.353127 -0.266571 6.947473
 78.200000 2.259599 -0.341276 0.073858
 78.400000 2.266815 -0.421220 2.605315
 78.600000 2.242636 -0.429570 3.586048
 78.800000 2.246406 -0.359587 0.308963
 79.000000 2.245948 -0.255970 4.597493
 79.200000 2.122280 -0.274842 13.507383
 79.400000 2.120593 -0.303086 12.058722
 79.600000 2.309566 -0.311612 1.527126
 79.800000 2.164861 -0.282823 7.609072
 80.000000 2.230975 -0.337065 0.792234
 80.200000 2.257645 -0.270421 3.156156
 80.400000 2.146433 -0.242353 13.196341
 80.600000 2.300584 -0.252707 5.143619
 80.800000 2.205322 -0.390947 2.899875
 81.000000 2.191198 -0.284937 5.077233
 81.200000 2.380167 -0.271990 9.157447
 81.400000 2.172565 -0.287329 6.548647
 81.600000 2.254967 -0.366074 0.242099
 81.800000 2.235572 -0.264981 4.091448
 82.000000 2.179777 -0.348044 3.974449
 82.200000 2.323992 -0.316456 2.047707
 82.400000 2.239945 -0.326434 0.676103
 82.600000 2.201065 -0.335340 2.396906
 82.800000 2.313969 -0.304052 2.027454
 83.000000 2.212940 -0.323848 1.885295
 83.200000 2.118492 -0.425668 14.249360
 83.400000 2.206964 -0.289573 3.689485
 83.600000 2.212530 -0.378273 2.016889
 83.800000 2.332520 -0.283084 4.198769
 84.000000 2.254015 -0.379403 0.571367
 84.200000 2.179394 -0.367173 4.172119
 84.400000 2.255701 -0.391817 1.001315
 84.600000 2.197884 -0.315513 3.086539
 84.800000 2.287914 -0.418710 2.605381
 85.000000 2.248468 -0.340919 0.242499
 85.200000 2.141806 -0.304163 9.088147
 85.400000 2.236820 -0.269247 3.700956
 85.600000 2.246133 -0.316950 0.775547
 85.800000 2.209420 -0.325851 2.040058
 86.000000 2.337651 -0.319784 2.790109
 86.200000 2.181693 -0.266944 7.176946
 86.400000 2.277716 -0.393836 1.040787
 86.600000 2.318415 -0.308593 2.043529
 86.800000 2.279061 -0.331831 0.199868
 87.000000 2.251042 -0.325752 0.431715
 87.200000 2.160008 -0.402290 7.348182
 87.400000 2.258087 -0.328394 0.272428
 87.600000 2.318116 -0.410773 3.113629
 87.800000 2.245658 -0.304019 1.285361
 88.000000 2.192557 -0.343047 2.934362
 88.200000 2.278017 -0.388745 0.828540
 88.400000 2.319340 -0.364697 1.392851
 88.600000 2.336351 -0.337338 2.341720
 88.800000 2.220224 -0.305006 2.156685
 89.000000 2.312469 -0.352877 0.955184
 89.200000 2.339282 -0.341359 2.504567
 89.400000 2.211840 -0.347183 1.631277
 89.600000 2.251937 -0.290838 1.839570
 89.800000 2.198805 -0.337467 2.525860
 90.000000 2.284667 -0.370198 0.347141
 90.200000 2.197252 -0.433374 6.122639
 90.400000 2.260500 -0.358800 0.082896
 90.600000 2.219969 -0.347648 1.199482
 90.800000 2.244817 -0.404877 1.848110
 91.000000 2.229855 -0.411961 2.741219
 91.200000 2.209819 -0.387961 2.503369
 91.400000 2.244455 -0.346244 0.303441
 91.600000 2.238892 -0.426747 3.468258
 91.800000 2.223782 -0.380752 1.521094
 92.000000 2.261938 -0.382415 0.580504
 92.200000 2.342124 -0.408500 4.445092
 92.400000 2.214992 -0.341191 1.485535
 92.600000 2.292870 -0.395519 1.365550
 92.800000 2.286185 -0.348539 0.149043
 93.000000 2.178085 -0.440195 8.278443
 93.200000 2.298097 -0.373822 0.731838
 93.400000 2.292213 -0.405078 1.839749
 93.600000 2.278996 -0.431501 3.448441
 93.800000 2.241003 -0.445993 5.087311
 94.000000 2.211961 -0.421058 4.214033
 94.200000 2.406736 -0.436113 13.284054
 94.400000 2.295650 -0.374779 0.687630
 94.600000 2.239859 -0.408008 2.159615
 94.800000 2.175199 -0.369834 4.608244
 95.000000 2.261487 -0.417894 2.396341
 95.200000 2.249509 -0.399352 1.452918
 95.400000 2.364597 -0.403493 6.057454
 95.600000 2.198208 -0.284457 4.587780
 95.800000 2.309563 -0.387613 1.568533
 96.000000 2.273624 -0.351080 0.013051
 96.200000 2.198023 -0.418312 4.911272
 96.400000 2.261521 -0.268251 3.292947
 96.600000 2.260289 -0.412828 2.070103
 96.800000 2.235142 -0.355354 0.590523
 97.000000 2.309934 -0.347484 0.842009
 97.200000 2.274969 -0.360644 0.085276
 97.400000 2.297257 -0.320999 0.795145
 97.600000 2.300342 -0.395142 1.554941
 97.800000 2.311170 -0.362016 0.976044
 98.000000 2.321638 -0.391711 2.298475
 98.200000 2.177929 -0.436884 7.996456
 98.400000 2.301226 -0.362079 0.606257
 98.600000 2.325593 -0.301327 2.744977
 98.800000 2.271825 -0.336991 0.077102
 99.000000 2.232847 -0.342885 0.670014
 99.200000 2.312228 -0.394419 1.965928
 99.400000 2.284944 -0.383022 0.704746
 99.600000 2.317731 -0.285341 3.221330
 99.800000 2.175061 -0.314580 5.000175
 100.000000 2.208155 -0.321908 2.215459
 100.200000 2.330374 -0.365389 2.021026
 100.400000 2.234208 -0.367165 0.766532
 100.600000 2.311761 -0.334791 1.019210
 100.800000 2.215913 -0.348893 1.405324
 101.000000 2.236074 -0.323745 0.860271
 101.200000 2.303329 -0.337378 0.660011
 101.400000 2.236277 -0.366336 0.682175
 101.600000 2.245495 -0.371868 0.534528
 101.800000 2.236925 -0.369155 0.713898
 102.000000 2.235936 -0.340024 0.585103
 102.200000 2.300010 -0.321276 0.869180
 102.400000 2.292544 -0.326129 0.541913
 102.600000 2.191058 -0.370891 3.270040
 102.800000 2.400096 -0.360997 8.673648
 103.000000 2.333289 -0.403848 3.571720
 103.200000 2.225767 -0.357201 0.964506
 103.400000 2.325358 -0.363454 1.695672
 103.600000 2.262668 -0.295067 1.477524
 103.800000 2.243352 -0.433943 3.929109
 104.000000 2.235296 -0.371712 0.821975
 104.200000 2.224537 -0.316749 1.507463
 104.400000 2.212563 -0.258360 5.702229
 104.600000 2.290081 -0.265112 3.747848
 104.800000 2.220187 -0.273545 4.039493
 105.000000 2.218183 -0.340052 1.328148
 105.200000 2.219307 -0.309184 2.026426
 105.400000 2.254418 -0.308665 0.921376
 105.600000 2.285267 -0.329736 0.320292
 105.800000 2.230156 -0.297725 2.069599
 106.000000 2.203576 -0.394509 3.167950
 106.200000 2.293018 -0.300609 1.464200
 106.400000 2.337854 -0.355018 2.393101
 106.600000 2.258816 -0.315784 0.604959
 106.800000 2.210262 -0.389878 2.553689
 107.000000 2.229376 -0.348210 0.782537
 107.200000 2.346392 -0.367658 3.173153
 107.400000 2.297540 -0.343092 0.427173
 107.600000 2.218269 -0.349229 1.283178
 107.800000 2.237675 -0.366663 0.643216
 108.000000 2.289897 -0.385903 0.898334
 108.200000 2.283051 -0.386591 0.803791
 108.400000 2.268746 -0.403743 1.494803
 108.600000 2.246423 -0.355877 0.276435
 108.800000 2.293820 -0.338360 0.367105
 109.000000 2.295288 -0.388498 1.124870
 109.200000 2.257084 -0.443951 4.571724
 109.400000 2.304330 -0.331015 0.789569
 109.600000 2.360549 -0.311513 4.902355
 109.800000 2.303167 -0.359956 0.645436
 110.000000 2.259530 -0.390002 0.882027
 110.200000 2.277934 -0.380019 0.519601
 110.400000 2.273853 -0.428495 3.166618
 110.600000 2.301022 -0.404613 2.057739
 110.800000 2.275780 -0.336129 0.107149
 111.000000 2.243242 -0.363894 0.439816
 111.200000 2.372409 -0.385379 6.013451
 111.400000 2.260611 -0.378201 0.459009
 111.600000 2.213818 -0.391623 2.424143
 111.800000 2.216337 -0.342308 1.405721
 112.000000 2.272535 -0.426061 2.970645
 112.200000 2.280721 -0.354317 0.083328
 112.400000 2.237110 -0.382552 1.066851
 112.600000 2.251597 -0.389569 0.970448
 112.800000 2.322763 -0.383162 2.030346
 113.000000 2.253226 -0.316824 0.643057
 113.200000 2.196884 -0.347064 2.597189
 113.400000 2.315788 -0.361073 1.170014
 113.600000 2.272848 -0.348516 0.007833
 113.800000 2.223862 -0.359300 1.067824
 114.000000 2.183012 -0.283046 5.870098
 114.200000 2.365624 -0.327013 4.918176
 114.400000 2.323466 -0.375524 1.837205
 114.600000 2.112476 -0.333415 12.361155
 114.800000 2.282050 -0.340528 0.122543
 115.000000 2.270762 -0.331937 0.148385
 115.200000 2.304952 -0.348200 0.649232
 115.400000 2.233477 -0.358838 0.676144
 115.600000 2.127893 -0.286762 11.886271
 115.800000 2.277189 -0.347426 0.035466
 116.000000 2.308152 -0.364541 0.889011
 116.200000 2.218151 -0.387772 2.038237
 116.400000 2.237858 -0.279437 2.906763
 116.600000 2.275816 -0.341027 0.056032
 116.800000 2.271842 -0.384636 0.636874
 117.000000 2.311318 -0.313022 1.548026
 117.200000 2.181399 -0.371854 4.090313
 117.400000 2.266828 -0.359218 0.053736
 117.600000 2.348639 -0.340422 3.214310
 117.800000 2.199466 -0.362452 2.502112
 118.000000 2.308262 -0.281846 3.032806
 118.200000 2.210944 -0.320101 2.100541
 118.400000 2.306037 -0.301964 1.797821
 118.600000 2.353391 -0.360887 3.636875
 118.800000 2.151887 -0.419010 9.295380
 119.000000 2.297038 -0.367537 0.565677
 119.200000 2.363993 -0.360440 4.583311
 119.400000 2.266451 -0.355309 0.022559
 119.600000 2.307611 -0.304719 1.731544
 119.800000 2.320755 -0.358551 1.388005
 120.000000 2.253526 -0.352521 0.124583
 120.200000 2.273918 -0.388623 0.794837
 120.400000 2.325592 -0.373992 1.916071
 120.600000 2.141593 -0.401919 9.503776
 120.800000 2.249820 -0.364762 0.305752
 121.000000 2.259744 -0.365833 0.182741
 121.200000 2.362649 -0.309488 5.175012
 121.400000 2.105723 -0.301777 14.436036
 121.600000 2.173440 -0.240568 10.444848
 121.800000 2.337336 -0.293899 3.861567
 122.000000 2.204501 -0.401950 3.473811
 122.200000 2.283503 -0.366576 0.259522
 122.400000 2.268096 -0.325310 0.282527
 122.600000 2.302232 -0.324854 0.847682
 122.800000 2.241139 -0.284509 2.469940
 123.000000 2.271886 -0.377311 0.403270
 123.200000 2.265009 -0.358863 0.055670
 123.400000 2.242707 -0.304616 1.331661
 123.600000 2.335329 -0.346643 2.207483
 123.800000 2.186467 -0.360247 3.462458
 124.000000 2.289760 -0.402872 1.664528
 124.200000 2.163487 -0.341025 5.591211
 124.400000 2.314984 -0.341298 1.090734
 124.600000 2.290589 -0.292663 1.825223
 124.800000 2.176713 -0.319730 4.682138
 125.000000 2.215160 -0.279631 3.856070
 125.200000 2.200934 -0.384597 2.942837
 125.400000 2.260491 -0.374394 0.356358
 125.600000 2.204518 -0.407688 3.792586
 125.800000 2.180068 -0.261281 7.801127
 126.000000 2.303185 -0.347853 0.587499
 126.200000 2.179779 -0.266288 7.399873
 126.400000 2.388710 -0.361807 7.255026
 126.600000 2.295476 -0.347247 0.354064
 126.800000 2.235204 -0.354812 0.585172
 127.000000 2.323026 -0.396286 2.578207
 127.200000 2.312086 -0.371326 1.179071
 127.400000 2.172957 -0.432470 8.083386
 127.600000 2.304878 -0.381275 1.164890
 127.800000 2.253050 -0.386111 0.812240
 128.000000 2.350666 -0.357798 3.378681
 128.200000 2.226252 -0.386439 1.609002
 128.400000 2.162091 -0.406495 7.356126
 128.600000 2.222225 -0.452183 6.407141
 128.800000 2.203937 -0.444035 6.621500
 129.000000 2.290209 -0.350522 0.227503
 129.200000 2.333845 -0.413847 4.205426
 129.400000 2.217734 -0.330943 1.474637
 129.600000 2.308667 -0.396822 1.929890
 129.800000 2.347225 -0.355716 3.087316
 130.000000 2.267332 -0.385709 0.672647
 130.200000 2.339341 -0.394393 3.506278
 130.400000 2.307741 -0.373626 1.054827
 130.600000 2.243663 -0.388597 1.100506
 130.800000 2.298400 -0.381550 0.961915
 131.000000 2.322840 -0.443512 5.913286
 131.200000 2.276071 -0.388242 0.792919
 131.400000 2.271856 -0.374407 0.325378
 131.600000 2.217240 -0.270678 4.408197
 131.800000 2.257682 -0.366275 0.211313
 132.000000 2.286180 -0.373682 0.451795
 132.200000 2.258378 -0.336809 0.130768
 132.400000 2.310427 -0.280600 3.204882
 132.600000 2.263990 -0.316851 0.531094
 132.800000 2.251130 -0.367940 0.336501
 133.000000 2.217162 -0.356945 1.370901
 133.200000 2.306877 -0.355825 0.742899
 133.400000 2.331267 -0.329889 2.126958
 133.600000 2.189186 -0.387006 3.899079
 133.800000 2.256848 -0.401171 1.430445
 134.000000 2.317974 -0.377100 1.595698
 134.200000 2.229249 -0.456005 6.505176
 134.400000 2.241985 -0.446009 5.061974
 134.600000 2.291135 -0.445596 4.905584
 134.800000 2.298128 -0.420413 2.971512
 135.000000 2.252350 -0.342963 0.156038
 135.200000 2.178359 -0.391313 4.993762
 135.400000 2.269601 -0.392719 0.953022
 135.600000 2.278169 -0.376788 0.426948
 135.800000 2.325753 -0.324619 1.913370
 136.000000 2.193703 -0.327323 3.065736
 136.200000 2.232445 -0.314877 1.249936
 136.400000 2.330027 -0.404864 3.423277
 136.600000 2.269715 -0.366249 0.147934
 136.800000 2.255030 -0.342032 0.121318
 137.000000 2.243929 -0.377267 0.710134
 137.200000 2.281107 -0.296396 1.461236
 137.400000 2.307765 -0.400059 2.054295
 137.600000 2.219755 -0.375776 1.565725
 137.800000 2.199976 -0.339322 2.424632
 138.000000 2.233918 -0.355635 0.634409
 138.200000 2.263924 -0.342341 0.035130
 138.400000 2.312905 -0.341360 0.996680
 138.600000 2.286602 -0.368757 0.350057
 138.800000 2.212171 -0.384162 2.226563
 139.000000 2.261854 -0.343145 0.042552
 139.200000 2.224788 -0.437746 4.906287
 139.400000 2.267451 -0.356107 0.025879
 139.600000 2.354926 -0.371010 3.938611
 139.800000 2.262209 -0.393193 0.996162
 140.000000 2.316843 -0.406598 2.802877
 140.200000 2.272887 -0.338713 0.061429
 140.400000 2.280352 -0.388209 0.831328
 140.600000 2.278863 -0.300693 1.219319
 140.800000 2.318601 -0.396914 2.378418
 141.000000 2.287061 -0.305457 1.115273
 141.200000 2.219878 -0.384342 1.825133
 141.400000 2.214063 -0.344954 1.513554
 141.600000 2.319486 -0.454772 6.864949
 141.800000 2.330729 -0.266201 5.342959
 142.000000 2.243348 -0.385038 0.974167
 142.200000 2.225689 -0.316004 1.481339
 142.400000 2.152134 -0.365504 6.955488
 142.600000 2.195630 -0.303367 3.730527
 142.800000 2.309106 -0.419486 3.286616
 143.000000 2.268886 -0.340573 0.036066
 143.200000 2.282971 -0.414493 2.238962
 143.400000 2.196385 -0.411689 4.592071
 143.600000 2.318684 -0.412771 3.267026
 143.800000 2.262421 -0.355744 0.043468
 144.000000 2.292552 -0.386286 0.971709
 144.200000 2.312250 -0.411455 2.884555
 144.400000 2.244015 -0.422203 2.984870
 144.600000 2.252657 -0.397606 1.310443
 144.800000 2.274063 -0.410170 1.880064
 145.000000 2.337270 -0.295872 3.750086
 145.200000 2.338844 -0.332101 2.588043
 145.400000 2.273902 -0.416384 2.278254
 145.600000 2.215291 -0.471745 8.963613
 145.800000 2.207104 -0.401056 3.262594
 146.000000 2.325917 -0.307878 2.472050
 146.200000 2.222332 -0.404399 2.616473
 146.400000 2.266335 -0.382628 0.566585
 146.600000 2.190495 -0.380101 3.557436
 146.800000 2.255528 -0.346978 0.091960
 147.000000 2.262621 -0.318016 0.501941
 147.200000 2.315387 -0.300126 2.276758
 147.400000 2.325687 -0.359456 1.664789
 147.600000 2.272624 -0.355092 0.024985
 147.800000 2.289875 -0.428543 3.377702
 148.000000 2.347670 -0.389986 3.937425
 148.200000 2.327583 -0.312660 2.382885
 148.400000 2.287110 -0.357789 0.203343
 148.600000 2.232259 -0.380094 1.153692
 148.800000 2.312675 -0.368155 1.139102
 149.000000 2.213473 -0.416202 3.791231
 149.200000 2.270861 -0.345269 0.009076
 149.400000 2.380602 -0.324428 6.539057
 149.600000 2.230018 -0.332589 0.892764
 149.800000 2.260352 -0.466349 6.914435
 150.000000 2.174437 -0.371286 4.711136
 150.200000 2.269968 -0.356875 0.031031
 150.400000 2.329341 -0.362783 1.918953
 150.600000 2.225237 -0.371540 1.206992
 150.800000 2.191399 -0.425117 5.897281
 151.000000 2.207424 -0.395061 2.949158
 151.200000 2.255682 -0.374287 0.405784
 151.400000 2.272880 -0.310427 0.754298
 151.600000 2.261859 -0.371405 0.274500
 151.800000 2.277582 -0.427324 3.099625
 152.000000 2.297836 -0.386510 1.118876
 152.200000 2.203645 -0.377545 2.536497
 152.400000 2.280605 -0.356072 0.092718
 152.600000 2.255595 -0.385436 0.750276
 152.800000 2.331069 -0.370307 2.156330
 153.000000 2.213411 -0.412535 3.555233
 153.200000 2.143862 -0.428699 10.991515
 153.400000 2.355600 -0.404669 5.301887
 153.600000 2.298336 -0.349593 0.432549
 153.800000 2.181863 -0.269322 6.969752
 154.000000 2.242764 -0.352586 0.348486
 154.200000 2.221426 -0.424825 3.997988
 154.400000 2.265710 -0.461396 6.314176
 154.600000 2.277547 -0.325510 0.314580
 154.800000 2.182918 -0.351403 3.701600
 155.000000 2.210649 -0.356502 1.725871
 155.200000 2.343890 -0.398068 4.010253
 155.400000 2.270343 -0.343930 0.014192
 155.600000 2.224659 -0.371607 1.233932
 155.800000 2.225228 -0.295584 2.385005
 156.000000 2.333264 -0.349811 2.069866
 156.200000 2.308772 -0.371523 1.045930
 156.400000 2.205933 -0.402451 3.409178
 156.600000 2.240977 -0.351089 0.392674
 156.800000 2.354040 -0.427138 6.669673
 157.000000 2.328999 -0.343138 1.821848
 157.200000 2.212766 -0.330357 1.752085
 157.400000 2.155633 -0.378776 6.859267
 157.600000 2.293670 -0.387982 1.063324
 157.800000 2.225968 -0.371437 1.173027
 158.000000 2.268984 -0.317100 0.510894
 158.200000 2.192142 -0.273534 5.800536
 158.400000 2.143072 -0.362447 8.009460
 158.600000 2.246668 -0.408161 1.993894
 158.800000 2.335985 -0.346103 2.252690
 159.000000 2.237028 -0.319770 0.937918
 159.200000 2.232771 -0.341855 0.679680
 159.400000 2.283533 -0.379799 0.578916
 159.600000 2.278592 -0.460479 6.253126
 159.800000 2.261021 -0.418878 2.468106
 160.000000 2.267404 -0.373294 0.294660
 160.200000 2.376485 -0.349678 5.784469
 160.400000 2.319840 -0.297533 2.623849
 160.600000 2.218335 -0.317937 1.764358
 160.800000 2.203352 -0.347091 2.152052
 161.000000 2.193811 -0.379421 3.282046
 161.200000 2.323302 -0.412282 3.476450
 161.400000 2.338816 -0.342543 2.463470
 161.600000 2.208401 -0.278859 4.296311
 161.800000 2.250077 -0.372745 0.458048
 162.000000 2.317382 -0.318917 1.628400
 162.200000 2.306626 -0.331382 0.866908
 162.400000 2.180501 -0.364077 4.022325
 162.600000 2.226897 -0.344999 0.891555
 162.800000 2.288775 -0.329197 0.394330
 163.000000 2.200850 -0.342404 2.339532
 163.200000 2.189317 -0.365061 3.296889
 163.400000 2.277956 -0.366635 0.195084
 163.600000 2.259027 -0.436979 3.913372
 163.800000 2.220042 -0.373053 1.482613
 164.000000 2.179476 -0.421910 6.653939
 164.200000 2.237054 -0.339244 0.556210
 164.400000 2.320071 -0.382316 1.860599
 164.600000 2.270422 -0.311210 0.717651
 164.800000 2.298931 -0.341007 0.482574
 165.000000 2.303908 -0.420972 3.197063
 165.200000 2.247791 -0.413517 2.300382
 165.400000 2.294871 -0.408602 2.108802
 165.600000 2.269901 -0.245568 5.356392
 165.800000 2.191865 -0.406869 4.639943
 166.000000 2.267161 -0.314343 0.604394
 166.200000 2.237942 -0.413661 2.566319
 166.400000 2.246373 -0.422391 2.942680
 166.600000 2.278928 -0.423964 2.854890
 166.800000 2.268371 -0.317729 0.491169
 167.000000 2.306832 -0.383940 1.326444
 167.200000 2.323129 -0.421478 4.090612
 167.400000 2.292331 -0.403439 1.752062
 167.600000 2.357303 -0.317522 4.402621
 167.800000 2.316453 -0.370931 1.368336
 168.000000 2.327734 -0.328036 1.950217
 168.200000 2.240068 -0.423115 3.158111
 168.400000 2.236247 -0.351350 0.536643
 168.600000 2.316365 -0.420142 3.651008
 168.800000 2.205531 -0.400465 3.330541
 169.000000 2.258248 -0.414612 2.205213
 169.200000 2.334412 -0.304418 3.140778
 169.400000 2.203537 -0.443408 6.588239
 169.600000 2.235188 -0.421695 3.206674
 169.800000 2.302748 -0.387035 1.292742
 170.000000 2.256642 -0.332359 0.215035
 170.200000 2.420857 -0.366722 11.697020
 170.400000 2.225837 -0.337603 0.994117
 170.600000 2.214564 -0.371487 1.729084
 170.800000 2.249398 -0.340530 0.227132
 171.000000 2.225778 -0.337440 0.998547
 171.200000 2.265514 -0.326750 0.254819
 171.400000 2.190345 -0.352953 3.095202
 171.600000 2.274778 -0.271706 3.009364
 171.800000 2.277617 -0.401945 1.435836
 172.000000 2.251926 -0.320656 0.548092
 172.200000 2.361650 -0.380836 4.803327
 172.400000 2.283478 -0.316652 0.631190
 172.600000 2.302929 -0.353937 0.589912
 172.800000 2.316989 -0.319402 1.594912
 173.000000 2.283458 -0.339370 0.152563
 173.200000 2.208288 -0.336282 1.920350
 173.400000 2.219220 -0.290503 2.950232
 173.600000 2.284040 -0.343857 0.127761
 173.800000 2.295061 -0.405981 1.961145
 174.000000 2.170712 -0.542297 23.492251
 174.200000 2.269350 -0.430579 3.322275
 174.400000 2.346177 -0.360342 3.047262
 174.600000 2.321477 -0.377050 1.772255
 174.800000 2.189660 -0.451591 8.397384
 175.000000 2.262763 -0.493301 10.420931
 175.200000 2.219153 -0.319270 1.682703
 175.400000 2.313374 -0.364301 1.103779
 175.600000 2.272942 -0.383103 0.587307
 175.800000 2.327225 -0.402975 3.152382
 176.000000 2.336659 -0.438848 6.324111
 176.200000 2.273175 -0.485994 9.383727
 176.400000 2.346592 -0.404652 4.560789
 176.600000 2.382996 -0.380275 6.992816
 176.800000 2.255513 -0.365638 0.227300
 177.000000 2.227842 -0.443769 5.328440
 177.200000 2.280111 -0.366619 0.216578
 177.400000 2.334012 -0.390783 2.988113
 177.600000 2.276469 -0.317658 0.521649
 177.800000 2.316341 -0.316843 1.643161
 178.000000 2.218309 -0.352735 1.287897
 178.200000 2.185634 -0.363845 3.578130
 178.400000 2.286300 -0.428887 3.336594
 178.600000 2.215053 -0.313588 2.080610
 178.800000 2.297267 -0.429171 3.609960
 179.000000 2.247635 -0.351832 0.230512
 179.200000 2.220587 -0.414556 3.312945
 179.400000 2.247811 -0.342169 0.246744
 179.600000 2.164839 -0.372192 5.684642
 179.800000 2.246806 -0.307262 1.118463
 180.000000 2.238063 -0.411150 2.403550
 180.200000 2.223761 -0.382684 1.585110
 180.400000 2.276534 -0.360800 0.097771
 180.600000 2.106330 -0.419832 15.722936
 180.800000 2.247982 -0.340424 0.256703
 181.000000 2.263985 -0.406737 1.675202
 181.200000 2.255048 -0.366896 0.255271
 181.400000 2.277735 -0.388597 0.820121
 181.600000 2.249496 -0.330157 0.367575
 181.800000 2.219101 -0.379293 1.698204
 182.000000 2.257014 -0.324418 0.374733
 182.200000 2.241423 -0.380415 0.869657
 182.400000 2.290823 -0.374714 0.568620
 182.600000 2.237929 -0.381894 1.019319
 182.800000 2.187818 -0.326397 3.546343
 183.000000 2.305333 -0.311649 1.362676
 183.200000 2.267090 -0.299161 1.246941
 183.400000 2.291316 -0.361117 0.323225
 183.600000 2.278230 -0.403419 1.520393
 183.800000 2.290743 -0.321103 0.628921
 184.000000 2.294228 -0.300887 1.480663
 184.200000 2.237056 -0.336805 0.583088
 184.400000 2.272024 -0.385155 0.656006
 184.600000 2.263057 -0.369429 0.224555
 184.800000 2.257375 -0.392082 0.991935
 185.000000 2.190844 -0.368150 3.230666
 185.200000 2.251355 -0.305100 1.120891
 185.400000 2.222813 -0.307474 1.928229
 185.600000 2.179730 -0.347063 3.980131
 185.800000 2.183568 -0.337961 3.704854
 186.000000 2.317786 -0.279987 3.579445
 186.200000 2.144132 -0.295318 9.231425
 186.400000 2.199419 -0.397215 3.574966
 186.600000 2.222283 -0.350840 1.089431
 186.800000 2.285889 -0.277033 2.738221
 187.000000 2.267707 -0.293913 1.521683
 187.200000 2.122815 -0.272291 13.621731
 187.400000 2.194754 -0.303517 3.788223
 187.600000 2.271447 -0.332643 0.138030
 187.800000 2.332008 -0.317021 2.502996
 188.000000 2.307413 -0.293617 2.277855
 188.200000 2.172404 -0.283613 6.800509
 188.400000 2.203240 -0.362383 2.246143
 188.600000 2.251279 -0.366879 0.314390
 188.800000 2.228670 -0.335052 0.908528
 189.000000 2.235483 -0.390145 1.403040
 189.200000 2.180907 -0.346483 3.877185
 189.400000 2.189274 -0.393004 4.137670
 189.600000 2.227641 -0.327784 1.078776
 189.800000 2.163144 -0.395110 6.655133
 190.000000 2.239866 -0.380652 0.921136
 190.200000 2.282832 -0.370318 0.322487
 190.400000 2.246856 -0.370147 0.465783
 190.600000 2.179554 -0.392903 4.954720
 190.800000 2.217500 -0.341770 1.349018
 191.000000 2.317941 -0.322743 1.547569
 191.200000 2.247914 -0.330310 0.396667
 191.400000 2.220719 -0.375118 1.501424
 191.600000 2.288110 -0.360431 0.248562
 191.800000 2.300058 -0.314332 1.087758
 192.000000 2.302088 -0.392983 1.514177
 192.200000 2.279868 -0.401724 1.446278
 192.400000 2.224518 -0.462813 7.455350
 192.600000 2.276547 -0.409780 1.872156
 192.800000 2.201712 -0.364399 2.376578
 193.000000 2.214966 -0.357567 1.492084
 193.200000 2.248349 -0.333770 0.328723
 193.400000 2.289593 -0.383335 0.800694
 193.600000 2.305273 -0.337848 0.723417
 193.800000 2.286789 -0.294238 1.662536
 194.000000 2.300953 -0.243963 6.036109
 194.200000 2.306439 -0.305479 1.653423
 194.400000 2.251014 -0.342356 0.182961
 194.600000 2.148007 -0.334420 7.418257
 194.800000 2.204872 -0.359394 2.104949
 195.000000 2.262268 -0.318622 0.485586
 195.200000 2.335292 -0.370446 2.430673
 195.400000 2.151048 -0.354629 6.963325
 195.600000 2.110917 -0.320856 12.881670
 195.800000 2.228417 -0.292902 2.397794
 196.000000 2.289659 -0.374631 0.541658
 196.200000 2.123294 -0.395703 11.692173
 196.400000 2.153232 -0.355633 6.714344
 196.600000 2.228188 -0.309590 1.609044
 196.800000 2.302472 -0.325525 0.839692
 197.000000 2.233511 -0.366121 0.772610
 197.200000 2.213533 -0.299786 2.748572
 197.400000 2.263768 -0.240015 5.959411
 197.600000 2.198581 -0.288422 4.313163
 197.800000 2.244101 -0.322612 0.658105
 198.000000 2.320117 -0.329081 1.509880
 198.200000 2.223820 -0.243176 6.623669
 198.400000 2.205511 -0.293556 3.551572
 198.600000 2.214568 -0.325863 1.746696
 198.800000 2.263231 -0.357949 0.055684
 199.000000 2.260459 -0.346864 0.038286
 199.200000 2.120813 -0.377921 11.385401
 199.400000 2.260192 -0.314038 0.651629
 199.600000 2.303728 -0.318752 1.065006
 199.800000 2.112632 -0.360655 12.281317
 200.000000 2.236356 -0.314066 1.142940
