#! FIELDS time phi psi restraint.bias
#! SET min_phi -pi
#! SET max_phi pi
#! SET min_psi -pi
#! SET max_psi pi
 0.000000 -0.284689 -0.081301 109.788523
 0.200000 0.344654 -0.212076 15.175359
 0.400000 0.269716 -0.285587 10.696408
 0.600000 0.175752 -0.094223 3.225577
 0.800000 0.278616 -0.168627 5.434108
 1.000000 0.294993 -0.315652 17.212647
 1.200000 0.148491 -0.121987 1.719619
 1.400000 0.191753 -0.135543 0.908374
 1.600000 0.265819 -0.251843 7.154980
 1.800000 0.242973 -0.252149 5.354152
 2.000000 0.085676 -0.085651 7.897777
 2.200000 0.296690 -0.085325 11.440259
 2.400000 0.342694 -0.184967 14.193580
 2.600000 0.149494 -0.040008 9.362005
 2.800000 0.306980 -0.177489 8.775422
 3.000000 0.126612 -0.239417 3.253205
 3.200000 0.084613 -0.147616 4.405017
 3.400000 0.351348 -0.267974 19.997409
 3.600000 0.118500 -0.111865 3.533469
 3.800000 0.273196 -0.229353 6.369775
 4.000000 0.380436 -0.213093 21.941472
 4.200000 0.072207 -0.056014 12.258753
 4.400000 0.303091 -0.230107 9.807861
 4.600000 0.268542 -0.251788 7.403022
 4.800000 0.138780 -0.151196 0.911437
 5.000000 0.173371 -0.258845 3.554958
 5.200000 0.153681 -0.130862 1.170957
 5.400000 0.175450 -0.256405 3.351961
 5.600000 0.153285 -0.108051 2.435690
 5.800000 0.175966 -0.161453 0.086571
 6.000000 0.207153 -0.166697 0.562745
 6.200000 0.195327 -0.124713 1.457232
 6.400000 0.309721 -0.059686 15.732772
 6.600000 0.116235 -0.164780 1.746882
 6.800000 0.257624 -0.213231 4.200819
 7.000000 0.213951 -0.183718 0.819054
 7.200000 0.256890 -0.146532 3.783349
 7.400000 0.235004 -0.096442 4.877495
 7.600000 0.245551 -0.134576 3.320088
 7.800000 0.163057 -0.176129 0.067121
 8.000000 0.257001 -0.213361 4.154284
 8.200000 0.082628 -0.145350 4.649131
 8.400000 0.206995 -0.142572 1.037641
 8.600000 0.242433 -0.159139 2.423678
 8.800000 0.245769 -0.198673 2.828644
 9.000000 0.140921 -0.202011 0.942404
 9.200000 0.232905 -0.205900 2.195614
 9.400000 0.090892 -0.171214 3.503412
 9.600000 0.197816 -0.173875 0.271259
 9.800000 0.248677 -0.141993 3.278108
 10.000000 0.213002 -0.113300 2.614708
 10.200000 0.196372 -0.231258 1.847349
 10.400000 0.233012 -0.162742 1.779438
 10.600000 0.177629 -0.172071 0.007824
 10.800000 0.133326 -0.210684 1.502441
 11.000000 0.243599 -0.238081 4.404222
 11.200000 0.262746 -0.186116 3.957833
 11.400000 0.136063 -0.187614 0.825508
 11.600000 0.180335 -0.159610 0.128181
 11.800000 0.184225 -0.152485 0.290015
 12.000000 0.127600 -0.256070 4.425483
 12.200000 0.169605 -0.225659 1.319066
 12.400000 0.174987 -0.191307 0.140790
 12.600000 0.232882 -0.133730 2.534758
 12.800000 0.152152 -0.249998 3.097974
 13.000000 0.194957 -0.200120 0.535936
 13.200000 0.289281 -0.102902 9.149030
 13.400000 0.173318 -0.173354 0.001433
 13.600000 0.209243 -0.186125 0.669579
 13.800000 0.219748 -0.146849 1.405408
 14.000000 0.138459 -0.304631 9.113403
 14.200000 0.131305 -0.231293 2.545152
 14.400000 0.205575 -0.108249 2.678589
 14.600000 0.219470 -0.224659 2.265968
 14.800000 0.201628 -0.181808 0.393532
 15.000000 0.262331 -0.231855 5.497116
 15.200000 0.197029 -0.229132 1.743557
 15.400000 0.233824 -0.232171 3.418785
 15.600000 0.215081 -0.126288 1.985846
 15.800000 0.294100 -0.060033 13.703250
 16.000000 0.160063 -0.143494 0.586388
 16.200000 0.168216 -0.194164 0.212636
 16.400000 0.206777 -0.107451 2.769823
 16.600000 0.130589 -0.234121 2.740864
 16.800000 0.212706 -0.222277 1.868373
 17.000000 0.210946 -0.167452 0.688042
 17.200000 0.262569 -0.170371 3.883801
 17.400000 0.146369 -0.096736 3.422784
 17.600000 0.276502 -0.105553 7.577996
 17.800000 0.208828 -0.137358 1.279056
 18.000000 0.240956 -0.185745 2.268878
 18.200000 0.153010 -0.275556 5.334494
 18.400000 0.254487 -0.142953 3.694985
 18.600000 0.165763 -0.072939 5.199150
 18.800000 0.163432 -0.121767 1.453717
 19.000000 0.213774 -0.340983 14.622819
 19.200000 0.151780 -0.202903 0.661268
 19.400000 0.195286 -0.205416 0.692227
 19.600000 0.232169 -0.122503 3.014533
 19.800000 0.254915 -0.107465 5.479707
 20.000000 0.254332 -0.165724 3.222782
 20.200000 0.121571 -0.237866 3.408063
 20.400000 0.281091 -0.288743 12.199248
 20.600000 0.148322 -0.172617 0.345346
 20.800000 0.179355 -0.157623 0.154596
 21.000000 0.176443 -0.160457 0.100893
 21.200000 0.266778 -0.123819 5.540514
 21.400000 0.251817 -0.177362 2.990400
 21.600000 0.199898 -0.075997 5.176361
 21.800000 0.243763 -0.260011 6.049677
 22.000000 0.126285 -0.234744 2.976652
 22.200000 0.196304 -0.182781 0.271005
 22.400000 0.250738 -0.169558 2.915990
 22.600000 0.163582 -0.191595 0.205515
 22.800000 0.242037 -0.165884 2.315836
 23.000000 0.204635 -0.175176 0.453282
 23.200000 0.134386 -0.226445 2.153346
 23.400000 0.160118 -0.247940 2.798167
 23.600000 0.166263 -0.230867 1.620976
 23.800000 0.214891 -0.184515 0.864200
 24.000000 0.179684 -0.198360 0.297123
 24.200000 0.172709 -0.182609 0.034272
 24.400000 0.228926 -0.179832 1.493363
 24.600000 0.197095 -0.191344 0.395825
 24.800000 0.237803 -0.244820 4.471704
 25.000000 0.162346 -0.160931 0.166773
 25.200000 0.254354 -0.197757 3.455384
 25.400000 0.202957 -0.110731 2.439345
 25.600000 0.161256 -0.147798 0.445522
 25.800000 0.182086 -0.180713 0.047620
 26.000000 0.215649 -0.201114 1.198553
 26.200000 0.146579 -0.197472 0.653824
 26.400000 0.187491 -0.209003 0.678066
 26.600000 0.324857 -0.150508 11.587228
 26.800000 0.189109 -0.059232 6.753393
 27.000000 0.184243 -0.105021 2.463114
 27.200000 0.178345 -0.252540 3.049817
 27.400000 0.227432 -0.241043 3.610953
 27.600000 0.239873 -0.137018 2.838381
 27.800000 0.255848 -0.078391 7.927673
 28.000000 0.181787 -0.120417 1.490597
 28.200000 0.218267 -0.149552 1.268382
 28.400000 0.185995 -0.147351 0.435117
 28.600000 0.273778 -0.191203 5.063772
 28.800000 0.166625 -0.137673 0.710592
 29.000000 0.208331 -0.296587 8.019702
 29.200000 0.122915 -0.122963 2.661923
 29.400000 0.258532 -0.259424 7.131165
 29.600000 0.185604 -0.117135 1.708525
 29.800000 0.241269 -0.162400 2.300475
 30.000000 0.258463 -0.160422 3.621693
 30.200000 0.152157 -0.154055 0.460010
 30.400000 0.277606 -0.233219 7.034079
 30.600000 0.187915 -0.084365 4.154655
 30.800000 0.245137 -0.207844 3.047275
 31.000000 0.045704 -0.133574 9.137316
 31.200000 0.264231 -0.171020 4.029029
 31.400000 0.243216 -0.228115 3.794205
 31.600000 0.197933 -0.134612 1.070633
 31.800000 0.251410 -0.172924 2.956359
 32.000000 0.116933 -0.183618 1.700170
 32.200000 0.162338 -0.153497 0.295615
 32.400000 0.234191 -0.201002 2.129846
 32.600000 0.242354 -0.259154 5.880234
 32.800000 0.200217 -0.111503 2.316257
 33.000000 0.271507 -0.197038 4.955266
 33.200000 0.120450 -0.149662 1.771767
 33.400000 0.256379 -0.172276 3.351952
 33.600000 0.205821 -0.269669 5.014871
 33.800000 0.214651 -0.192530 0.966677
 34.000000 0.282725 -0.126387 7.011841
 34.200000 0.175986 -0.146442 0.395617
 34.400000 0.274698 -0.233702 6.767001
 34.600000 0.165361 -0.116495 1.726233
 34.800000 0.254954 -0.270005 7.791256
 35.000000 0.154534 -0.111926 2.159822
 35.200000 0.369633 -0.177128 19.035453
 35.400000 0.161350 -0.084210 4.166000
 35.600000 0.285478 -0.284248 12.173068
 35.800000 0.133826 -0.124113 2.099595
 36.000000 0.206785 -0.222890 1.689315
 36.200000 0.198420 -0.138952 0.918296
 36.400000 0.230448 -0.214017 2.342771
 36.600000 0.212864 -0.128916 1.775091
 36.800000 0.158994 -0.193079 0.292721
 37.000000 0.141549 -0.244638 3.001291
 37.200000 0.169062 -0.129948 1.008862
 37.400000 0.272624 -0.218921 5.796108
 37.600000 0.190963 -0.159216 0.252265
 37.800000 0.257464 -0.227095 4.820196
 38.000000 0.148931 -0.220726 1.394616
 38.200000 0.270410 -0.160150 4.699679
 38.400000 0.240339 -0.172069 2.168242
 38.600000 0.264703 -0.187827 4.153688
 38.800000 0.173982 -0.240617 2.183684
 39.000000 0.172347 -0.224311 1.241322
 39.200000 0.267241 -0.108401 6.484130
 39.400000 0.197142 -0.161919 0.335150
 39.600000 0.214452 -0.218117 1.746530
 39.800000 0.173994 -0.181101 0.021713
 40.000000 0.190818 -0.316603 10.224495
 40.200000 0.139132 -0.170573 0.634454
 40.400000 0.228258 -0.131070 2.387696
 40.600000 0.238861 -0.137341 2.760633
 40.800000 0.189036 -0.180122 0.120789
 41.000000 0.153782 -0.214971 1.032945
 41.200000 0.172563 -0.240647 2.187466
 41.400000 0.177877 -0.166199 0.040321
 41.600000 0.242078 -0.122302 3.645177
 41.800000 0.158056 -0.174568 0.135752
 42.000000 0.228511 -0.206565 1.969814
 42.200000 0.239980 -0.096714 5.169551
 42.400000 0.240641 -0.272779 7.011294
 42.600000 0.160655 -0.124129 1.366588
 42.800000 0.335467 -0.229791 14.476640
 43.000000 0.148977 -0.113330 2.199458
 43.200000 0.198989 -0.162720 0.368811
 43.400000 0.241337 -0.128982 3.268855
 43.600000 0.233712 -0.169273 1.764917
 43.800000 0.206690 -0.178663 0.525578
 44.000000 0.176716 -0.257386 3.434697
 44.200000 0.257222 -0.186577 3.491303
 44.400000 0.265511 -0.026228 15.135662
 44.600000 0.186370 -0.197829 0.341410
 44.800000 0.179149 -0.151580 0.274073
 45.000000 0.208895 -0.129520 1.603459
 45.200000 0.187714 -0.232327 1.756946
 45.400000 0.202877 -0.215209 1.228969
 45.600000 0.221795 -0.134813 1.905702
 45.800000 0.253064 -0.163221 3.147585
 46.000000 0.203849 -0.144094 0.892975
 46.200000 0.112678 -0.192959 2.082796
 46.400000 0.202095 -0.273796 5.306432
 46.600000 0.245608 -0.150829 2.806761
 46.800000 0.208591 -0.176854 0.582686
 47.000000 0.115594 -0.204628 2.189775
 47.200000 0.184826 -0.213729 0.821131
 47.400000 0.244773 -0.129671 3.473105
 47.600000 0.212111 -0.158212 0.839240
 47.800000 0.170045 -0.301581 8.080721
 48.000000 0.164284 -0.217844 0.990446
 48.200000 0.168083 -0.211766 0.713933
 48.400000 0.187958 -0.182831 0.124537
 48.600000 0.290848 -0.145540 7.184865
 48.800000 0.151727 -0.149157 0.582036
 49.000000 0.173744 -0.286749 6.296520
 49.200000 0.118480 -0.186476 1.642303
 49.400000 0.269894 -0.178681 4.555482
 49.600000 0.113938 -0.149330 2.153434
 49.800000 0.217700 -0.243729 3.325733
 50.000000 0.122678 -0.213353 2.097990
 50.200000 0.238340 -0.170782 2.042688
 50.400000 0.134973 -0.160684 0.878392
 50.600000 0.222167 -0.201070 1.486605
 50.800000 0.219951 -0.178525 1.039370
 51.000000 0.170938 -0.169098 0.021232
 51.200000 0.234348 -0.133695 2.622785
 51.400000 0.172158 -0.213261 0.752766
 51.600000 0.156912 -0.192250 0.312197
 51.800000 0.229756 -0.173723 1.525128
 52.000000 0.139878 -0.179217 0.611441
 52.200000 0.225375 -0.227974 2.720435
 52.400000 0.200665 -0.113026 2.233008
 52.600000 0.208217 -0.164661 0.616034
 52.800000 0.172002 -0.183648 0.044746
 53.000000 0.245053 -0.159378 2.601355
 53.200000 0.185444 -0.150227 0.354922
 53.400000 0.210089 -0.183062 0.668486
 53.600000 0.251677 -0.209732 3.595071
 53.800000 0.217906 -0.140415 1.522634
 54.000000 0.215514 -0.256965 4.237287
 54.200000 0.164900 -0.186310 0.115747
 54.400000 0.214018 -0.178098 0.785899
 54.600000 0.231906 -0.158964 1.767045
 54.800000 0.088257 -0.208729 4.306450
 55.000000 0.280588 -0.245055 8.110531
 55.200000 0.101026 -0.213915 3.477101
 55.400000 0.215333 -0.195821 1.058898
 55.600000 0.131802 -0.073841 5.982405
 55.800000 0.257825 -0.243214 5.827286
 56.000000 0.121642 -0.238398 3.438092
 56.200000 0.188405 -0.227664 1.507681
 56.400000 0.213932 -0.243277 3.139053
 56.600000 0.146654 -0.163378 0.450830
 56.800000 0.241524 -0.242670 4.565218
 57.000000 0.150565 -0.136457 1.012148
 57.200000 0.265771 -0.184161 4.208579
 57.400000 0.248758 -0.088191 6.482163
 57.600000 0.271011 -0.194238 4.848193
 57.800000 0.113657 -0.154137 2.060944
 58.000000 0.215941 -0.224683 2.114821
 58.200000 0.206907 -0.150698 0.808093
 58.400000 0.224341 -0.139120 1.867463
 58.600000 0.263316 -0.197668 4.208785
 58.800000 0.138252 -0.156265 0.825022
 59.000000 0.290924 -0.246096 9.334060
 59.200000 0.123768 -0.101658 3.943919
 59.400000 0.193934 -0.272020 4.940023
 59.600000 0.107824 -0.122244 3.592102
 59.800000 0.252824 -0.178347 3.072049
 60.000000 0.173415 -0.168247 0.020385
 60.200000 0.124233 -0.197870 1.537343
 60.400000 0.217166 -0.134864 1.695615
 60.600000 0.238172 -0.162083 2.102461
 60.800000 0.180870 -0.102120 2.641911
 61.000000 0.236754 -0.213906 2.710857
 61.200000 0.207538 -0.205623 1.027963
 61.400000 0.195423 -0.180773 0.237656
 61.600000 0.136730 -0.190766 0.846290
 61.800000 0.258039 -0.109718 5.587117
 62.000000 0.293392 -0.181381 7.087139
 62.200000 0.168140 -0.180845 0.040355
 62.400000 0.198051 -0.249314 3.072643
 62.600000 0.146151 -0.065795 6.314678
 62.800000 0.291245 -0.222545 7.963394
 63.000000 0.086287 -0.159054 4.013504
 63.200000 0.227777 -0.247072 4.048401
 63.400000 0.207842 -0.145598 0.973357
 63.600000 0.262068 -0.178543 3.839219
 63.800000 0.248087 -0.205879 3.196411
 64.000000 0.091515 -0.109368 5.569178
 64.200000 0.262853 -0.265451 8.033243
 64.400000 0.152164 -0.084258 4.324932
 64.600000 0.279725 -0.150358 5.824926
 64.800000 0.170071 -0.125500 1.212062
 65.000000 0.309081 -0.291608 15.904903
 65.200000 0.131368 -0.175439 0.932029
 65.400000 0.243023 -0.216956 3.245317
 65.600000 0.136562 -0.138104 1.384416
 65.800000 0.245647 -0.213210 3.276577
 66.000000 0.210890 -0.147100 1.037198
 66.200000 0.202461 -0.177776 0.395246
 66.400000 0.100534 -0.155511 2.918857
 66.600000 0.177223 -0.154158 0.211179
 66.800000 0.201191 -0.266960 4.626668
 67.000000 0.216308 -0.114501 2.674488
 67.200000 0.192711 -0.212457 0.884323
 67.400000 0.190421 -0.135017 0.906974
 67.600000 0.268629 -0.146872 4.809565
 67.800000 0.207071 -0.167752 0.552342
 68.000000 0.183916 -0.247307 2.692061
 68.200000 0.242117 -0.135843 3.032235
 68.400000 0.237215 -0.085339 5.942322
 68.600000 0.229126 -0.119884 2.983454
 68.800000 0.256164 -0.221662 4.442367
 69.000000 0.207580 -0.173985 0.546201
 69.200000 0.149901 -0.228847 1.778395
 69.400000 0.150561 -0.175939 0.288310
 69.600000 0.261516 -0.114827 5.565424
 69.800000 0.247602 -0.090799 6.175239
 70.000000 0.096985 -0.267711 7.347974
 70.200000 0.172725 -0.254935 3.233895
 70.400000 0.105087 -0.217837 3.348984
 70.600000 0.215596 -0.196815 1.091341
 70.800000 0.180919 -0.165447 0.061671
 71.000000 0.222498 -0.176177 1.151677
 71.200000 0.230335 -0.136772 2.269865
 71.400000 0.211133 -0.180761 0.689181
 71.600000 0.216194 -0.188055 0.959233
 71.800000 0.196027 -0.179841 0.245092
 72.000000 0.179474 -0.192879 0.180492
 72.200000 0.218560 -0.140176 1.559400
 72.400000 0.241483 -0.094682 5.429223
 72.600000 0.166117 -0.120513 1.494508
 72.800000 0.240386 -0.236450 4.085167
 73.000000 0.099596 -0.134951 3.591164
 73.200000 0.228763 -0.281403 7.181064
 73.400000 0.171007 -0.154943 0.198108
 73.600000 0.259324 -0.125641 4.789999
 73.800000 0.176090 -0.121745 1.394470
 74.000000 0.211456 -0.256357 4.029230
 74.200000 0.179107 -0.210193 0.646293
 74.400000 0.196601 -0.192700 0.408521
 74.600000 0.097837 -0.154822 3.135383
 74.800000 0.297113 -0.227894 8.936700
 75.000000 0.222305 -0.100633 3.871684
 75.200000 0.227434 -0.223640 2.605025
 75.400000 0.093153 -0.112749 5.219941
 75.600000 0.246584 -0.210877 3.256085
 75.800000 0.290518 -0.138121 7.389141
 76.000000 0.261033 -0.159847 3.849010
 76.200000 0.140880 -0.237163 2.527544
 76.400000 0.162620 -0.141834 0.605556
 76.600000 0.282037 -0.150184 6.074957
 76.800000 0.201845 -0.219992 1.406240
 77.000000 0.149443 -0.220956 1.392290
 77.200000 0.212563 -0.148293 1.067402
 77.400000 0.232265 -0.210906 2.328013
 77.600000 0.165168 -0.161284 0.131614
 77.800000 0.251404 -0.177467 2.958904
 78.000000 0.199010 -0.161264 0.387592
 78.200000 0.166244 -0.225592 1.337882
 78.400000 0.199591 -0.247181 2.952852
 78.600000 0.234197 -0.136414 2.506445
 78.800000 0.178447 -0.089199 3.648632
 79.000000 0.239677 -0.142843 2.624014
 79.200000 0.219941 -0.217412 1.950291
 79.400000 0.152125 -0.166357 0.284483
 79.600000 0.156872 -0.211752 0.848587
 79.800000 0.269500 -0.240635 6.694105
 80.000000 0.162188 -0.113816 1.919446
 80.200000 0.189310 -0.167035 0.137295
 80.400000 0.196964 -0.196363 0.489849
 80.600000 0.163674 -0.127983 1.142414
 80.800000 0.108277 -0.174391 2.194906
 81.000000 0.226402 -0.172096 1.348188
 81.200000 0.261673 -0.163838 3.853889
 81.400000 0.140418 -0.209052 1.177693
 81.600000 0.193491 -0.101026 2.881318
 81.800000 0.243567 -0.142677 2.890259
 82.000000 0.221647 -0.189558 1.222743
 82.200000 0.248085 -0.119184 4.236722
 82.400000 0.174957 -0.185445 0.059625
 82.600000 0.152529 -0.176237 0.243540
 82.800000 0.220545 -0.251996 4.058841
 83.000000 0.159521 -0.200432 0.448050
 83.200000 0.240448 -0.190315 2.296959
 83.400000 0.303365 -0.139281 8.920265
 83.600000 0.165591 -0.128976 1.077697
 83.800000 0.225770 -0.219381 2.318273
 84.000000 0.239332 -0.221710 3.212274
 84.200000 0.239614 -0.182406 2.148758
 84.400000 0.173297 -0.148878 0.329864
 84.600000 0.148239 -0.137236 1.041220
 84.800000 0.138508 -0.143485 1.130879
 85.000000 0.218446 -0.268995 5.425770
 85.200000 0.136022 -0.258467 4.263956
 85.400000 0.248255 -0.192284 2.875046
 85.600000 0.262652 -0.040447 12.872078
 85.800000 0.170302 -0.121998 1.388887
 86.000000 0.249042 -0.245653 5.304824
 86.200000 0.301687 -0.218266 9.040390
 86.400000 0.167218 -0.195626 0.249217
 86.600000 0.191086 -0.184808 0.189790
 86.800000 0.155658 -0.140482 0.757889
 87.000000 0.277230 -0.237083 7.229602
 87.200000 0.186714 -0.126788 1.213993
 87.400000 0.239579 -0.125402 3.322395
 87.600000 0.156629 -0.127480 1.267258
 87.800000 0.105948 -0.240914 4.555184
 88.000000 0.205742 -0.213645 1.251875
 88.200000 0.210909 -0.164127 0.715772
 88.400000 0.248114 -0.160255 2.809022
 88.600000 0.216749 -0.149142 1.213472
 88.800000 0.183769 -0.131803 0.955559
 89.000000 0.209604 -0.261838 4.426081
 89.200000 0.231542 -0.143223 2.115197
 89.400000 0.209952 -0.149664 0.936488
 89.600000 0.192397 -0.187797 0.247526
 89.800000 0.215012 -0.206998 1.346262
 90.000000 0.211374 -0.181441 0.702496
 90.200000 0.152035 -0.201427 0.614730
 90.400000 0.248544 -0.127586 3.840830
 90.600000 0.203913 -0.156090 0.601662
 90.800000 0.132633 -0.220449 1.931954
 91.000000 0.150874 -0.202238 0.663677
 91.200000 0.315091 -0.112103 11.827123
 91.400000 0.186048 -0.197241 0.324122
 91.600000 0.256632 -0.174745 3.370130
 91.800000 0.187887 -0.142361 0.606686
 92.000000 0.182971 -0.222317 1.177270
 92.200000 0.201721 -0.159146 0.487980
 92.400000 0.261900 -0.109378 5.939078
 92.600000 0.138137 -0.230778 2.244082
 92.800000 0.223015 -0.204979 1.638744
 93.000000 0.182948 -0.165613 0.075185
 93.200000 0.284831 -0.115453 7.828074
 93.400000 0.160220 -0.112343 2.036202
 93.600000 0.197138 -0.317687 10.502006
 93.800000 0.052249 -0.187477 7.560496
 94.000000 0.242049 -0.189424 2.390107
 94.200000 0.139699 -0.142528 1.118884
 94.400000 0.230531 -0.214235 2.356024
 94.600000 0.118037 -0.163805 1.653457
 94.800000 0.163038 -0.228679 1.531959
 95.000000 0.176286 -0.231729 1.637236
 95.200000 0.163050 -0.091751 3.492330
 95.400000 0.196600 -0.209476 0.854002
 95.600000 0.147525 -0.214471 1.162251
 95.800000 0.192233 -0.321900 11.015167
 96.000000 0.150657 -0.116925 1.944356
 96.200000 0.243781 -0.182227 2.427249
 96.400000 0.168241 -0.145692 0.435698
 96.600000 0.171306 -0.224240 1.240581
 96.800000 0.191123 -0.265727 4.295767
 97.000000 0.156994 -0.177389 0.157892
 97.200000 0.288376 -0.084202 10.559963
 97.400000 0.095011 -0.091534 6.606273
 97.600000 0.216775 -0.203247 1.304430
 97.800000 0.221272 -0.268237 5.482528
 98.000000 0.203556 -0.224190 1.654069
 98.200000 0.275781 -0.134767 5.916245
 98.400000 0.139930 -0.137440 1.286636
 98.600000 0.260516 -0.268615 8.122193
 98.800000 0.163380 -0.166955 0.090908
 99.000000 0.186353 -0.242406 2.373249
 99.200000 0.191484 -0.212667 0.870789
 99.400000 0.182684 -0.161185 0.122303
 99.600000 0.166490 -0.262655 3.915096
 99.800000 0.179956 -0.026710 10.940583
 100.000000 0.192397 -0.213214 0.907697
 100.200000 0.178321 -0.120808 1.450339
 100.400000 0.276611 -0.173697 5.210324
 100.600000 0.197343 -0.236297 2.167539
 100.800000 0.097659 -0.294375 10.135828
 101.000000 0.160095 -0.180035 0.119364
 101.200000 0.234037 -0.152990 2.002425
 101.400000 0.200884 -0.122741 1.688383
 101.600000 0.201881 -0.191015 0.509797
 101.800000 0.193887 -0.238212 2.214780
 102.000000 0.190889 -0.282785 5.993008
 102.200000 0.187882 -0.204892 0.549934
 102.400000 0.206372 -0.080573 4.921117
 102.600000 0.248927 -0.108633 4.938606
 102.800000 0.250752 -0.175047 2.904815
 103.000000 0.130584 -0.275143 6.026983
 103.200000 0.215901 -0.152924 1.089143
 103.400000 0.248455 -0.151027 3.008467
 103.600000 0.149645 -0.138948 0.942850
 103.800000 0.257431 -0.171535 3.440523
 104.000000 0.207053 -0.077237 5.262067
 104.200000 0.165992 -0.171842 0.040094
 104.400000 0.245328 -0.159815 2.614268
 104.600000 0.269606 -0.145442 4.942600
 104.800000 0.152271 -0.261958 4.069391
 105.000000 0.175968 -0.205797 0.489756
 105.200000 0.115631 -0.122749 3.075541
 105.400000 0.314314 -0.154935 9.961490
 105.600000 0.137173 -0.157424 0.844244
 105.800000 0.202214 -0.258006 3.866983
 106.000000 0.127879 -0.227761 2.504886
 106.200000 0.271585 -0.232245 6.374933
 106.400000 0.122403 -0.172325 1.361213
 106.600000 0.253007 -0.244270 5.510714
 106.800000 0.161821 -0.179243 0.091894
 107.000000 0.225845 -0.198590 1.605841
 107.200000 0.200250 -0.132581 1.210656
 107.400000 0.261365 -0.189335 3.879491
 107.600000 0.182250 -0.154782 0.224825
 107.800000 0.253297 -0.203151 3.511372
 108.000000 0.204210 -0.161021 0.531661
 108.200000 0.144035 -0.203969 0.898297
 108.400000 0.199467 -0.191493 0.454662
 108.600000 0.153828 -0.139544 0.826461
 108.800000 0.212718 -0.170078 0.738985
 109.000000 0.211935 -0.104947 3.120540
 109.200000 0.281208 -0.179472 5.701934
 109.400000 0.180657 -0.174055 0.018866
 109.600000 0.304523 -0.229270 9.946748
 109.800000 0.107664 -0.178106 2.242130
 110.000000 0.265227 -0.201956 4.488711
 110.200000 0.158335 -0.127580 1.233482
 110.400000 0.188442 -0.147693 0.456910
 110.600000 0.153503 -0.194195 0.414414
 110.800000 0.216368 -0.214462 1.672253
 111.000000 0.150829 -0.201446 0.643104
 111.200000 0.182770 -0.165369 0.075915
 111.400000 0.211477 -0.053233 8.039239
 111.600000 0.225120 -0.186002 1.345311
 111.800000 0.198022 -0.206977 0.802182
 112.000000 0.189016 -0.211791 0.798952
 112.200000 0.187529 -0.184097 0.130188
 112.400000 0.256275 -0.151967 3.595499
 112.600000 0.273533 -0.119803 6.398224
 112.800000 0.210783 -0.155413 0.839813
 113.000000 0.230536 -0.227684 2.980700
 113.200000 0.158846 -0.153861 0.336688
 113.400000 0.183000 -0.196328 0.273365
 113.600000 0.226272 -0.165158 1.382436
 113.800000 0.210266 -0.183390 0.677639
 114.000000 0.177754 -0.189643 0.119349
 114.200000 0.143935 -0.153927 0.680419
 114.400000 0.272510 -0.153482 5.021293
 114.600000 0.155728 -0.236158 2.075640
 114.800000 0.208562 -0.305254 9.123028
 115.000000 0.107765 -0.121653 3.627138
 115.200000 0.274686 -0.174407 5.015289
 115.400000 0.213274 -0.135473 1.513282
 115.600000 0.157078 -0.257067 3.558231
 115.800000 0.174704 -0.198910 0.297137
 116.000000 0.168994 -0.175349 0.015674
 116.200000 0.185757 -0.203890 0.493923
 116.400000 0.208379 -0.180176 0.588688
 116.600000 0.237984 -0.199436 2.323099
 116.800000 0.150636 -0.220073 1.322465
 117.000000 0.176161 -0.248916 2.767721
 117.200000 0.159464 -0.174488 0.113537
 117.400000 0.184450 -0.230944 1.640256
 117.600000 0.151725 -0.302249 8.415771
 117.800000 0.163832 -0.189307 0.166386
 118.000000 0.285803 -0.140727 6.761893
 118.200000 0.195238 -0.140087 0.807610
 118.400000 0.274733 -0.195262 5.234834
 118.600000 0.096663 -0.197205 3.288860
 118.800000 0.242153 -0.292768 9.275936
 119.000000 0.115904 -0.099044 4.567985
 119.200000 0.336235 -0.125729 14.264741
 119.400000 0.200152 -0.116498 2.012213
 119.600000 0.189072 -0.227060 1.485247
 119.800000 0.237001 -0.133883 2.777341
 120.000000 0.222335 -0.158733 1.267322
 120.200000 0.180870 -0.193697 0.203704
 120.400000 0.200793 -0.087909 4.096624
 120.600000 0.263237 -0.215436 4.770722
 120.800000 0.106565 -0.228114 3.745270
 121.000000 0.229982 -0.156857 1.693529
 121.200000 0.265418 -0.171341 4.135174
 121.400000 0.133074 -0.202213 1.242522
 121.600000 0.152248 -0.284087 6.249350
 121.800000 0.151458 -0.188782 0.367761
 122.000000 0.245535 -0.161558 2.604793
 122.200000 0.217260 -0.132764 1.785123
 122.400000 0.168108 -0.187400 0.103425
 122.600000 0.179869 -0.258714 3.557496
 122.800000 0.284740 -0.151264 6.343556
 123.000000 0.197571 -0.142999 0.762571
 123.200000 0.186087 -0.147542 0.431012
 123.400000 0.210684 -0.247310 3.301728
 123.600000 0.266307 -0.215366 5.044892
 123.800000 0.124406 -0.176679 1.258639
 124.000000 0.246549 -0.240598 4.775435
 124.200000 0.158166 -0.113414 2.001723
 124.400000 0.287933 -0.249246 9.220860
 124.600000 0.045425 -0.198094 8.612004
 124.800000 0.154534 -0.144004 0.665989
 125.000000 0.297205 -0.101186 10.214082
 125.200000 0.186109 -0.165878 0.104460
 125.400000 0.272835 -0.275962 9.975576
 125.600000 0.033100 -0.245440 12.515540
 125.800000 0.302945 -0.243956 10.654652
 126.000000 0.232405 -0.101400 4.348796
 126.200000 0.221950 -0.165971 1.160869
 126.400000 0.210276 -0.235356 2.488490
 126.600000 0.107493 -0.167207 2.274023
 126.800000 0.211095 -0.264425 4.708685
 127.000000 0.183970 -0.152481 0.287679
 127.200000 0.299096 -0.155456 7.939950
 127.400000 0.178414 -0.136148 0.744214
 127.600000 0.208092 -0.220338 1.612170
 127.800000 0.221018 -0.236935 3.027426
 128.000000 0.205252 -0.174906 0.471893
 128.200000 0.195701 -0.196449 0.464198
 128.400000 0.211693 -0.132037 1.593387
 128.600000 0.230055 -0.187747 1.628639
 128.800000 0.202878 -0.208854 0.990683
 129.000000 0.192409 -0.163521 0.220410
 129.200000 0.294384 -0.099243 10.016453
 129.400000 0.193210 -0.156681 0.333762
 129.600000 0.197252 -0.258150 3.753970
 129.800000 0.156322 -0.202428 0.554882
 130.000000 0.270979 -0.152084 4.902943
 130.200000 0.126580 -0.066445 6.991188
 130.400000 0.323994 -0.166480 11.201694
 130.600000 0.178735 -0.164288 0.061306
 130.800000 0.196429 -0.261391 4.011860
 131.000000 0.175714 -0.124975 1.228681
 131.200000 0.209197 -0.139224 1.224155
 131.400000 0.122192 -0.208247 1.938090
 131.600000 0.293763 -0.179821 7.121891
 131.800000 0.245052 -0.239353 4.587277
 132.000000 0.143767 -0.220394 1.524891
 132.200000 0.228495 -0.195812 1.682373
 132.400000 0.240695 -0.147836 2.545066
 132.600000 0.194995 -0.251057 3.137277
 132.800000 0.269166 -0.153152 4.706303
 133.000000 0.146568 -0.092680 3.740943
 133.200000 0.166861 -0.223646 1.235476
 133.400000 0.165892 -0.212424 0.755178
 133.600000 0.288882 -0.258998 10.105077
 133.800000 0.133579 -0.117013 2.492858
 134.000000 0.303926 -0.185522 8.431605
 134.200000 0.198926 -0.193796 0.483032
 134.400000 0.196671 -0.143549 0.725048
 134.600000 0.234459 -0.279987 7.355793
 134.800000 0.181968 -0.160068 0.132252
 135.000000 0.266936 -0.196072 4.501089
 135.200000 0.192072 -0.054010 7.416718
 135.400000 0.182586 -0.260013 3.685823
 135.600000 0.276546 -0.150399 5.494532
 135.800000 0.234344 -0.085429 5.758490
 136.000000 0.258895 -0.165056 3.603359
 136.200000 0.190235 -0.203254 0.535742
 136.400000 0.315170 -0.237285 11.858350
 136.600000 0.085787 -0.113435 5.804385
 136.800000 0.397481 -0.163624 24.912476
 137.000000 0.191144 -0.049325 7.976479
 137.200000 0.188844 -0.167274 0.128751
 137.400000 0.206323 -0.262585 4.381899
 137.600000 0.082253 -0.093869 7.511139
 137.800000 0.299547 -0.231394 9.430910
 138.000000 0.162142 -0.088980 3.736416
 138.200000 0.213741 -0.215345 1.601435
 138.400000 0.179700 -0.270172 4.586790
 138.600000 0.089170 -0.209779 4.264585
 138.800000 0.340324 -0.242761 16.070791
 139.000000 0.143498 -0.092080 3.880818
 139.200000 0.228788 -0.309431 10.570558
 139.400000 0.212333 -0.153886 0.927568
 139.600000 0.267968 -0.061483 10.755195
 139.800000 0.205774 -0.185752 0.550919
 140.000000 0.257028 -0.263183 7.332156
 140.200000 0.246828 -0.212660 3.340093
 140.400000 0.173106 -0.262582 3.877330
 140.600000 0.290062 -0.186430 6.744220
 140.800000 0.172855 -0.028815 10.618298
 141.000000 0.259421 -0.267822 7.954443
 141.200000 0.065189 -0.221134 7.063895
 141.400000 0.193116 -0.287029 6.500396
 141.600000 0.182374 -0.104610 2.475367
 141.800000 0.256985 -0.130357 4.374941
 142.000000 0.174023 -0.127384 1.111655
 142.200000 0.206090 -0.151645 0.759848
 142.400000 0.185689 -0.222530 1.214074
 142.600000 0.293056 -0.070213 12.465199
 142.800000 0.240183 -0.140177 2.745119
 143.000000 0.125675 -0.191474 1.337052
 143.200000 0.182795 -0.249120 2.815730
 143.400000 0.150138 -0.134667 1.092177
 143.600000 0.236486 -0.206487 2.429606
 143.800000 0.246172 -0.105280 4.964068
 144.000000 0.239706 -0.243743 4.518794
 144.200000 0.143252 -0.239248 2.583275
 144.400000 0.285929 -0.188878 6.307490
 144.600000 0.136998 -0.102564 3.294190
 144.800000 0.212844 -0.127859 1.823098
 145.000000 0.198179 -0.199340 0.587260
 145.200000 0.182265 -0.225836 1.345906
 145.400000 0.147338 -0.163635 0.429151
 145.600000 0.210085 -0.161717 0.714093
 145.800000 0.256975 -0.147213 3.771555
 146.000000 0.211093 -0.134283 1.478328
 146.200000 0.197224 -0.140867 0.824156
 146.400000 0.176608 -0.174317 0.002177
 146.600000 0.217128 -0.221527 2.011403
 146.800000 0.180988 -0.260345 3.702654
 147.000000 0.215227 -0.157707 0.969535
 147.200000 0.162731 -0.200353 0.402980
 147.400000 0.080984 -0.136621 5.094365
 147.600000 0.241505 -0.229529 3.754929
 147.800000 0.177799 -0.181882 0.032336
 148.000000 0.213241 -0.241099 2.964715
 148.200000 0.140948 -0.141484 1.110109
 148.400000 0.232081 -0.133041 2.516659
 148.600000 0.170731 -0.180667 0.026041
 148.800000 0.173313 -0.213184 0.747713
 149.000000 0.229473 -0.291127 8.306316
 149.200000 0.110770 -0.232242 3.698005
 149.400000 0.216237 -0.236511 2.790248
 149.600000 0.210543 -0.088741 4.328538
 149.800000 0.304544 -0.256075 11.775944
 150.000000 0.167379 -0.093289 3.325872
 150.200000 0.280981 -0.153237 5.892330
 150.400000 0.145490 -0.149811 0.727336
 150.600000 0.186384 -0.286110 6.294896
 150.800000 0.159092 -0.224118 1.348545
 151.000000 0.247014 -0.201205 2.982423
 151.200000 0.244184 -0.051731 9.965847
 151.400000 0.299823 -0.201608 8.215363
 151.600000 0.182821 -0.170653 0.041871
 151.800000 0.160108 -0.270657 4.723946
 152.000000 0.240343 -0.190989 2.300895
 152.200000 0.287195 -0.089539 9.958413
 152.400000 0.224450 -0.148669 1.580306
 152.600000 0.114163 -0.196600 2.065748
 152.800000 0.182157 -0.212786 0.760718
 153.000000 0.137901 -0.224005 1.894679
 153.200000 0.272511 -0.209705 5.418365
 153.400000 0.224732 -0.111051 3.274930
 153.600000 0.195131 -0.208027 0.773053
 153.800000 0.058913 -0.181105 6.705585
 154.000000 0.243759 -0.240772 4.589874
 154.200000 0.272789 -0.172374 4.829463
 154.400000 0.148061 -0.153496 0.571644
 154.600000 0.264952 -0.162704 4.157722
 154.800000 0.173005 -0.138144 0.663246
 155.000000 0.180978 -0.215702 0.868225
 155.200000 0.245835 -0.150539 2.829825
 155.400000 0.189515 -0.233794 1.868156
 155.600000 0.165559 -0.143788 0.512903
 155.800000 0.247597 -0.231111 4.269728
 156.000000 0.203706 -0.140714 0.997395
 156.200000 0.283543 -0.208177 6.507580
 156.400000 0.128911 -0.145999 1.447780
 156.600000 0.175492 -0.204114 0.437985
 156.800000 0.225933 -0.127003 2.450514
 157.000000 0.251731 -0.222708 4.140194
 157.200000 0.225003 -0.123736 2.563788
 157.400000 0.135100 -0.221115 1.862436
 157.600000 0.159771 -0.232476 1.787661
 157.800000 0.259703 -0.107622 5.865517
 158.000000 0.291184 -0.172399 6.806019
 158.200000 0.147321 -0.115112 2.135670
 158.400000 0.269906 -0.222808 5.713203
 158.600000 0.100077 -0.185978 2.837339
 158.800000 0.233703 -0.259907 5.394974
 159.000000 0.184730 -0.125497 1.254263
 159.200000 0.152580 -0.167185 0.267949
 159.400000 0.225123 -0.148904 1.608090
 159.600000 0.206151 -0.195650 0.722812
 159.800000 0.166344 -0.236768 1.970107
 160.000000 0.260214 -0.186575 3.743164
 160.200000 0.180307 -0.183583 0.057619
 160.400000 0.235450 -0.165046 1.900467
 160.600000 0.249671 -0.176161 2.824153
 160.800000 0.230185 -0.133736 2.380759
 161.000000 0.217257 -0.088269 4.633417
 161.200000 0.276341 -0.114633 6.976390
 161.400000 0.168147 -0.161766 0.101889
 161.600000 0.180623 -0.189662 0.132980
 161.800000 0.205050 -0.289352 7.057409
 162.000000 0.154074 -0.168184 0.229439
 162.200000 0.180442 -0.100372 2.767395
 162.400000 0.170213 -0.191967 0.161308
 162.600000 0.199303 -0.218448 1.271045
 162.800000 0.234456 -0.100555 4.531793
 163.000000 0.209145 -0.245863 3.143002
 163.200000 0.124266 -0.143083 1.757945
 163.400000 0.238702 -0.218409 3.021376
 163.600000 0.096305 -0.223452 4.256351
 163.800000 0.244776 -0.213642 3.231804
 164.000000 0.231476 -0.135286 2.391422
 164.200000 0.186323 -0.171906 0.072951
 164.400000 0.153134 -0.202614 0.623248
 164.600000 0.185862 -0.154258 0.269699
 164.800000 0.225410 -0.316571 11.381625
 165.000000 0.168222 -0.085241 4.006457
 165.200000 0.301203 -0.174650 8.022700
 165.400000 0.118644 -0.129899 2.557879
 165.600000 0.239105 -0.215952 2.942541
 165.800000 0.168857 -0.159202 0.133635
 166.000000 0.225639 -0.221804 2.423206
 166.200000 0.232527 -0.062065 8.006211
 166.400000 0.212780 -0.199221 1.036185
 166.600000 0.110339 -0.198159 2.339538
 166.800000 0.255208 -0.223392 4.447810
 167.000000 0.242392 -0.130071 3.290838
 167.200000 0.248708 -0.197421 3.012877
 167.400000 0.179813 -0.130727 0.973426
 167.600000 0.215136 -0.176932 0.827189
 167.800000 0.175583 -0.233247 1.724237
 168.000000 0.253411 -0.137787 3.786013
 168.200000 0.272647 -0.131134 5.754912
 168.400000 0.145326 -0.178791 0.435585
 168.600000 0.179584 -0.195642 0.235551
 168.800000 0.166362 -0.193124 0.206206
 169.000000 0.276370 -0.178352 5.192638
 169.200000 0.286205 -0.111674 8.210939
 169.400000 0.204679 -0.183098 0.491080
 169.600000 0.138500 -0.273928 5.588913
 169.800000 0.171208 -0.140029 0.600771
 170.000000 0.217202 -0.245665 3.440212
 170.200000 0.210193 -0.149283 0.954595
 170.400000 0.255277 -0.225428 4.554970
 170.600000 0.194900 -0.252182 3.222091
 170.800000 0.217744 -0.236662 2.863629
 171.000000 0.236645 -0.105102 4.339287
 171.200000 0.136739 -0.174508 0.714197
 171.400000 0.194708 -0.222146 1.337016
 171.600000 0.267998 -0.117901 5.971458
 171.800000 0.213362 -0.221457 1.854809
 172.000000 0.215595 -0.196194 1.077647
 172.200000 0.250569 -0.107200 5.157624
 172.400000 0.218004 -0.282137 6.734229
 172.600000 0.124402 -0.196443 1.496545
 172.800000 0.276314 -0.182867 5.214392
 173.000000 0.198039 -0.173649 0.276653
 173.200000 0.220004 -0.191754 1.182074
 173.400000 0.153449 -0.136484 0.946131
 173.600000 0.069014 -0.215473 6.405135
 173.800000 0.217504 -0.285138 7.040032
 174.000000 0.163510 -0.166728 0.091213
 174.200000 0.243820 -0.184221 2.447307
 174.400000 0.151628 -0.162467 0.335121
 174.600000 0.152738 -0.202354 0.624533
 174.800000 0.179720 -0.225248 1.299464
 175.000000 0.182166 -0.177992 0.035115
 175.200000 0.185773 -0.193874 0.250204
 175.400000 0.188347 -0.094158 3.325516
 175.600000 0.264681 -0.140670 4.636652
 175.800000 0.210724 -0.179207 0.665808
 176.000000 0.138400 -0.252270 3.674348
 176.200000 0.184350 -0.179060 0.058430
 176.400000 0.194130 -0.216487 1.072067
 176.600000 0.190275 -0.197082 0.378140
 176.800000 0.328014 -0.172463 11.780307
 177.000000 0.191589 -0.209437 0.754586
 177.200000 0.106202 -0.240056 4.481157
 177.400000 0.160834 -0.211171 0.764991
 177.600000 0.180534 -0.155201 0.204869
 177.800000 0.185789 -0.205577 0.545206
 178.000000 0.223014 -0.140981 1.738098
 178.200000 0.194915 -0.181886 0.234740
 178.400000 0.097205 -0.176098 2.991059
 178.600000 0.228843 -0.167993 1.496174
 178.800000 0.215980 -0.192219 1.015334
 179.000000 0.181112 -0.212484 0.741774
 179.200000 0.223972 -0.123825 2.507753
 179.400000 0.203951 -0.097161 3.425917
 179.600000 0.155024 -0.162343 0.264598
 179.800000 0.249753 -0.187495 2.913055
 180.000000 0.155794 -0.226298 1.515374
 180.200000 0.216710 -0.195579 1.110936
 180.400000 0.238199 -0.153419 2.249601
 180.600000 0.146404 -0.119500 1.909937
 180.800000 0.258926 -0.178130 3.567565
 181.000000 0.207697 -0.185972 0.615366
 181.200000 0.211970 -0.138977 1.332898
 181.400000 0.204469 -0.143032 0.944221
 181.600000 0.166755 -0.206348 0.536348
 181.800000 0.137248 -0.227809 2.114226
 182.000000 0.218825 -0.170361 0.989600
 182.200000 0.224509 -0.224804 2.512435
 182.400000 0.228008 -0.127519 2.534988
 182.600000 0.228047 -0.089703 5.029919
 182.800000 0.166831 -0.191457 0.172872
 183.000000 0.158399 -0.226024 1.455813
 183.200000 0.286117 -0.124165 7.493973
 183.400000 0.207654 -0.196075 0.780538
 183.600000 0.145511 -0.147942 0.774677
 183.800000 0.202103 -0.151686 0.641026
 184.000000 0.191690 -0.193615 0.329247
 184.200000 0.131276 -0.185555 0.996328
 184.400000 0.245062 -0.171125 2.492982
 184.600000 0.110624 -0.120771 3.487355
 184.800000 0.262225 -0.244258 6.275785
 185.000000 0.198195 -0.160965 0.371982
 185.200000 0.144727 -0.059117 7.104635
 185.400000 0.255819 -0.209077 3.900390
 185.600000 0.171077 -0.167680 0.029453
 185.800000 0.186600 -0.257644 3.526551
 186.000000 0.116198 -0.173401 1.702112
 186.200000 0.266031 -0.100866 6.899313
 186.400000 0.256284 -0.152870 3.576224
 186.600000 0.162488 -0.132466 0.957348
 186.800000 0.317237 -0.193634 10.364696
 187.000000 0.133376 -0.181992 0.874755
 187.200000 0.147340 -0.147673 0.730461
 187.400000 0.273496 -0.198679 5.188339
 187.600000 0.117496 -0.139368 2.244900
 187.800000 0.230221 -0.244759 4.016434
 188.000000 0.191461 -0.180122 0.158901
 188.200000 0.108565 -0.081495 6.503952
 188.400000 0.195287 -0.203946 0.647923
 188.600000 0.245199 -0.194363 2.693420
 188.800000 0.197931 -0.203241 0.685814
 189.000000 0.175630 -0.143151 0.493020
 189.200000 0.270847 -0.093757 7.900571
 189.400000 0.222700 -0.202918 1.562869
 189.600000 0.203690 -0.171473 0.429761
 189.800000 0.188848 -0.214207 0.889475
 190.000000 0.073166 -0.231346 6.751530
 190.200000 0.217947 -0.194217 1.136121
 190.400000 0.240384 -0.115376 3.917966
 190.600000 0.216532 -0.115387 2.631083
 190.800000 0.200221 -0.192259 0.487052
 191.000000 0.228982 -0.174403 1.482372
 191.200000 0.093042 -0.247409 5.975867
 191.400000 0.203538 -0.204236 0.861799
 191.600000 0.230674 -0.128461 2.637259
 191.800000 0.250558 -0.170282 2.898931
 192.000000 0.139919 -0.169836 0.610095
 192.200000 0.272261 -0.101208 7.463702
 192.400000 0.178699 -0.238923 2.081704
 192.600000 0.157084 -0.280598 5.777086
 192.800000 0.249928 -0.156334 3.007809
 193.000000 0.153233 -0.180204 0.242930
 193.200000 0.204157 -0.135926 1.184027
 193.400000 0.286121 -0.106594 8.533772
 193.600000 0.140930 -0.266886 4.829091
 193.800000 0.195637 -0.205897 0.714561
 194.000000 0.263816 -0.132504 4.868944
 194.200000 0.216002 -0.102508 3.453615
 194.400000 0.119455 -0.119880 3.010247
 194.600000 0.312520 -0.210888 10.180983
 194.800000 0.211640 -0.216870 1.584682
 195.000000 0.136428 -0.177334 0.729919
 195.200000 0.307719 -0.202295 9.254556
 195.400000 0.193408 -0.139678 0.785552
 195.600000 0.217409 -0.130352 1.895159
 195.800000 0.290274 -0.151146 6.971432
 196.000000 0.154874 -0.207565 0.738787
 196.200000 0.089476 -0.250362 6.492298
 196.400000 0.171904 -0.182167 0.032598
 196.600000 0.113349 -0.206739 2.390355
 196.800000 0.184139 -0.175376 0.046496
 197.000000 0.222770 -0.040543 10.140041
 197.200000 0.306072 -0.187551 8.735973
 197.400000 0.163693 -0.217143 0.966543
 197.600000 0.224213 -0.230045 2.774839
 197.800000 0.226966 -0.199053 1.675210
 198.000000 0.105445 -0.230654 3.961344
 198.200000 0.322472 -0.149026 11.268303
 198.400000 0.267403 -0.182405 4.343384
 198.600000 0.126265 -0.260680 4.875590
 198.800000 0.141875 -0.148974 0.859898
 199.000000 0.219404 -0.130037 1.996646
 199.200000 0.193160 -0.229935 1.708156
 199.400000 0.210884 -0.193181 0.834560
 199.600000 0.277816 -0.151483 5.599318
 199.800000 0.169399 -0.163050 0.079112
 200.000000 0.263856 -0.121034 5.420391
