#! FIELDS time phi psi restraint.bias
#! SET min_phi -pi
#! SET max_phi pi
#! SET min_psi -pi
#! SET max_psi pi
 0.000000 -2.878922 2.773950 34.670498
 0.200000 -2.981531 2.713252 15.952127
 0.400000 3.135452 2.791252 0.019665
 0.600000 3.123934 2.831115 0.900457
 0.800000 -3.053263 2.849217 5.507976
 1.000000 -3.013553 2.797632 8.210120
 1.200000 -3.032419 2.787047 5.974496
 1.400000 -3.036909 2.776236 5.612005
 1.600000 -3.044276 2.772901 4.927813
 1.800000 3.081783 2.870873 4.857616
 2.000000 -3.133922 2.862213 2.457482
 2.200000 -3.034281 2.714030 8.838747
 2.400000 -3.040571 2.705328 8.904572
 2.600000 -3.095420 2.786689 1.082999
 2.800000 3.135415 2.830827 0.752535
 3.000000 3.120984 2.884720 4.462141
 3.200000 -3.077824 2.812470 2.232076
 3.400000 -3.066320 2.754684 3.549049
 3.600000 -3.133771 2.775609 0.173701
 3.800000 -3.114365 2.806229 0.464559
 4.000000 -3.112298 2.745202 1.548902
 4.200000 -3.137838 2.778392 0.106949
 4.400000 -3.108655 2.772683 0.739350
 4.600000 -3.099790 2.825167 1.406434
 4.800000 -3.029069 2.856090 8.350992
 5.000000 -3.067057 2.845231 4.166683
 5.200000 -3.052262 2.807084 4.095914
 5.400000 -3.109838 2.804117 0.571336
 5.600000 -2.999352 2.873003 13.354381
 5.800000 -3.038364 2.803594 5.389345
 6.000000 -3.040723 2.751682 5.921455
 6.200000 3.101048 2.719939 3.456440
 6.400000 -3.108402 2.783718 0.589602
 6.600000 -3.064486 2.700241 7.231011
 6.800000 -3.045497 2.759622 5.158534
 7.000000 3.093475 2.874805 4.542554
 7.200000 -3.133881 2.850129 1.688728
 7.400000 -3.003752 2.826830 10.088343
 7.600000 -2.989735 2.712520 14.730996
 7.800000 -3.118493 2.723686 2.636346
 8.000000 3.068360 2.813199 2.895145
 8.200000 3.136966 2.871839 3.155885
 8.400000 3.129099 2.778227 0.180297
 8.600000 -3.075746 2.730855 4.069570
 8.800000 3.077258 2.664477 10.267794
 9.000000 3.124846 2.820028 0.518382
 9.200000 3.133278 2.856877 2.105048
 9.400000 -3.083653 2.814939 1.929643
 9.600000 -3.024542 2.709505 10.296776
 9.800000 -3.124166 2.818899 0.499587
 10.000000 3.125135 2.824073 0.633010
 10.200000 -3.117299 2.837860 1.322655
 10.400000 -3.054559 2.741332 5.097893
 10.600000 -3.068022 2.663399 11.043408
 10.800000 -3.050700 2.791195 4.131619
 11.000000 -3.140153 2.860544 2.314238
 11.200000 -3.094575 2.849831 2.747214
 11.400000 -3.081845 2.749075 2.728903
 11.600000 3.130620 2.775627 0.203006
 11.800000 -3.045871 2.778917 4.673903
 12.000000 -3.124392 2.777942 0.254287
 12.200000 -3.107913 2.828280 1.206311
 12.400000 -3.026873 2.872743 9.797656
 12.600000 -3.076697 2.782019 2.160939
 12.800000 3.137075 2.823082 0.477005
 13.000000 3.127144 2.820114 0.484901
 13.200000 -3.090603 2.827080 1.896961
 13.400000 3.119940 2.770581 0.475223
 13.600000 -3.107247 2.792116 0.589907
 13.800000 -3.133629 2.818419 0.366916
 14.000000 -3.087517 2.705210 5.274201
 14.200000 -3.067078 2.710298 6.157026
 14.400000 -3.078935 2.804037 2.029255
 14.600000 -3.129160 2.806443 0.174122
 14.800000 3.121459 2.744666 1.348010
 15.000000 -3.136221 2.791026 0.015555
 15.200000 3.099115 2.852969 2.728825
 15.400000 -3.092565 2.776655 1.327821
 15.600000 -3.048538 2.837130 5.324242
 15.800000 -3.077703 2.834892 2.938323
 16.000000 -3.103553 2.738364 2.190309
 16.200000 -3.093548 2.753434 1.918283
 16.400000 -3.084620 2.794359 1.624642
 16.600000 3.118374 2.801704 0.311673
 16.800000 -3.010249 2.871234 11.722998
 17.000000 -3.027905 2.815495 6.726248
 17.200000 -3.052486 2.773884 4.143741
 17.400000 3.108761 2.770572 0.779954
 17.600000 -3.071896 2.780973 2.495556
 17.800000 -3.071895 2.848758 4.009872
 18.000000 -3.008480 2.872574 12.063272
 18.200000 -3.052417 2.809981 4.128453
 18.400000 3.111542 2.710501 3.815642
 18.600000 3.138364 2.833099 0.828247
 18.800000 -3.045754 2.786513 4.610595
 19.000000 -3.053282 2.752519 4.699675
 19.200000 -3.084779 2.791085 1.614962
 19.400000 3.110377 2.787261 0.501085
 19.600000 3.069779 2.777663 2.689056
 19.800000 -3.063839 2.756651 3.666338
 20.000000 -3.036208 2.853764 7.427946
 20.200000 -3.110370 2.895659 5.805554
 20.400000 3.124468 2.823908 0.639021
 20.600000 3.133190 2.787738 0.046766
 20.800000 -3.024327 2.745333 7.989284
 21.000000 -3.090820 2.756278 1.945934
 21.200000 -3.125787 2.760919 0.624421
 21.400000 3.065301 2.861138 5.263985
 21.600000 -3.119878 2.773960 0.408123
 21.800000 -3.050740 2.741710 5.418259
 22.000000 -2.938697 2.840241 21.721649
 22.200000 -3.068336 2.868963 5.604474
 22.400000 -3.122391 2.838487 1.240529
 22.600000 -3.114490 2.697854 4.848783
 22.800000 -3.097400 2.822978 1.440135
 23.000000 -3.069188 2.817476 2.932417
 23.200000 -3.104045 2.809517 0.849259
 23.400000 -3.087555 2.762437 1.912718
 23.600000 3.131424 2.768589 0.338214
 23.800000 -3.116199 2.792725 0.322445
 24.000000 -3.081997 2.810752 1.941904
 24.200000 -3.100193 2.784059 0.892822
 24.400000 -3.022819 2.839479 8.155898
 24.600000 -3.115342 2.822940 0.807028
 24.800000 3.113691 2.720015 3.018257
 25.000000 3.123999 2.722799 2.585756
 25.200000 -3.048021 2.763199 4.807880
 25.400000 -3.057562 2.820161 3.912426
 25.600000 -3.096740 2.797978 1.020729
 25.800000 3.059965 2.730166 5.275964
 26.000000 3.123028 2.728300 2.234879
 26.200000 -3.084397 2.836972 2.623349
 26.400000 -3.057329 2.849060 5.148179
 26.600000 -3.094065 2.781534 1.189835
 26.800000 -3.055883 2.814559 3.915789
 27.000000 -3.092827 2.686720 6.786572
 27.200000 -3.127929 2.793828 0.094201
 27.400000 -3.057203 2.884719 7.810487
 27.600000 -3.114021 2.780849 0.448292
 27.800000 -3.043211 2.715705 7.790311
 28.000000 -3.048430 2.766444 4.679815
 28.200000 -3.093918 2.776278 1.268460
 28.400000 -3.136723 2.901585 5.958657
 28.600000 3.123641 2.799071 0.182540
 28.800000 -3.072783 2.684448 8.207937
 29.000000 -3.090553 2.795592 1.307205
 29.200000 -3.112604 2.861506 2.799270
 29.400000 -3.093810 2.874062 4.465567
 29.600000 -3.050844 2.768109 4.415778
 29.800000 -3.099147 2.713271 4.041543
 30.000000 -3.124118 2.783930 0.189638
 30.200000 -3.113825 2.756374 1.039017
 30.400000 3.077239 2.823715 2.557035
 30.600000 -3.129777 2.882917 4.154976
 30.800000 3.108306 2.742263 1.817256
 31.000000 -3.073992 2.692503 7.287310
 31.200000 -3.008014 2.815042 9.175125
 31.400000 -3.020723 2.777218 7.421912
 31.600000 -3.043511 2.785046 4.837980
 31.800000 -3.070185 2.818601 2.889486
 32.000000 -3.115971 2.797129 0.338831
 32.200000 3.094302 2.741420 2.424135
 32.400000 -3.126072 2.787684 0.132176
 32.600000 3.134039 2.797200 0.039450
 32.800000 -3.034510 2.856861 7.802777
 33.000000 -3.015262 2.777472 8.093089
 33.200000 -3.030078 2.787378 6.231007
 33.400000 -3.046808 2.863230 6.991501
 33.600000 -3.109249 2.793398 0.523426
 33.800000 -3.118718 2.780874 0.329519
 34.000000 -3.043706 2.785868 4.813101
 34.200000 -3.124342 2.753010 0.929564
 34.400000 3.064682 2.775144 3.108727
 34.600000 -3.067988 2.845892 4.132699
 34.800000 -3.125266 2.806142 0.225959
 35.000000 -3.105362 2.737522 2.169059
 35.200000 -3.057291 2.788276 3.562447
 35.400000 -3.034393 2.809813 5.895243
 35.600000 -3.118535 2.845163 1.651092
 35.800000 3.067529 2.811445 2.921669
 36.000000 -3.085057 2.870112 4.607871
 36.200000 -3.024488 2.854341 8.767209
 36.400000 -3.014948 2.716283 10.926013
 36.600000 -2.987421 2.778158 11.987683
 36.800000 -3.083651 2.783952 1.715386
 37.000000 3.058727 2.745447 4.541605
 37.200000 -3.115378 2.760981 0.841157
 37.400000 3.127708 2.825915 0.653772
 37.600000 -3.082939 2.849646 3.351429
 37.800000 -3.079244 2.824882 2.467091
 38.000000 -3.062392 2.766393 3.477877
 38.200000 -3.101132 2.719026 3.519737
 38.400000 -3.100951 2.785251 0.852355
 38.600000 -3.125126 2.798586 0.153927
 38.800000 -3.118541 2.827820 0.888504
 39.000000 -3.117121 2.833457 1.137079
 39.200000 3.088264 2.741398 2.729061
 39.400000 -3.104669 2.756985 1.313276
 39.600000 -3.133078 2.796195 0.042980
 39.800000 -3.041796 2.751006 5.841728
 40.000000 -3.039360 2.760585 5.735851
 40.200000 -3.066830 2.802163 2.841155
 40.400000 3.127048 2.858243 2.265090
 40.600000 -3.125839 2.838249 1.169347
 40.800000 -3.059855 2.840081 4.471213
 41.000000 -3.103655 2.734543 2.400682
 41.200000 -3.129205 2.753309 0.845743
 41.400000 -3.120586 2.847545 1.734159
 41.600000 -3.079321 2.792299 1.938915
 41.800000 -3.111419 2.768569 0.742203
 42.000000 -3.103955 2.748965 1.657122
 42.200000 -3.129124 2.781675 0.136617
 42.400000 -3.126730 2.846942 1.590975
 42.600000 3.132906 2.799866 0.064661
 42.800000 -3.034439 2.795067 5.744144
 43.000000 -3.016891 2.821713 8.201194
 43.200000 -3.101210 2.811170 0.989168
 43.400000 3.082881 2.837644 2.741286
 43.600000 3.135274 2.834479 0.899961
 43.800000 -3.071789 2.770617 2.676282
 44.000000 -3.010466 2.798785 8.616732
 44.200000 -3.114404 2.813013 0.579460
 44.400000 -3.102564 2.865958 3.457689
 44.600000 -3.059236 2.814868 3.640879
 44.800000 -3.053172 2.763785 4.322161
 45.000000 3.115041 2.690533 5.553899
 45.200000 3.116947 2.784394 0.336764
 45.400000 -3.098616 2.869171 3.860642
 45.600000 -3.073691 2.734122 4.010874
 45.800000 -3.066320 2.745775 3.925854
 46.000000 -3.136315 2.741046 1.339043
 46.200000 3.107396 2.848410 2.146154
 46.400000 3.116420 2.834520 1.198537
 46.600000 -3.046717 2.805403 4.583629
 46.800000 -3.099454 2.786765 0.904453
 47.000000 -3.039722 2.812962 5.397634
 47.200000 -3.096992 2.764728 1.381007
 47.400000 -3.105236 2.818249 0.991732
 47.600000 3.131338 2.862137 2.475393
 47.800000 -3.107612 2.745410 1.687330
 48.000000 -3.035957 2.781549 5.639651
 48.200000 -3.043760 2.784114 4.821028
 48.400000 -3.108404 2.741578 1.848643
 48.600000 3.134770 2.724302 2.350605
 48.800000 -3.127473 2.849279 1.710086
 49.000000 3.041518 2.876540 8.536545
 49.200000 3.131482 2.771517 0.271820
 49.400000 -3.117772 2.772466 0.484916
 49.600000 -3.013142 2.785536 8.274254
 49.800000 3.140439 2.773176 0.187896
 50.000000 -3.074939 2.762748 2.664729
 50.200000 -3.140453 2.787373 0.013931
 50.400000 -3.139183 2.779714 0.084992
 50.600000 -3.094702 2.724481 3.414474
 50.800000 -3.097898 2.843108 2.233817
 51.000000 -3.025555 2.881644 10.703369
 51.200000 -3.103039 2.724329 3.068642
 51.400000 -3.039940 2.698498 9.587335
 51.600000 -3.024548 2.881319 10.791842
 51.800000 -3.102597 2.888275 5.344231
 52.000000 -3.100751 2.797157 0.844732
 52.200000 -3.020683 2.780452 7.382441
 52.400000 -3.030599 2.806807 6.261740
 52.600000 3.063342 2.748718 4.021242
 52.800000 -3.129531 2.719242 2.758050
 53.000000 -3.049967 2.860449 6.504279
 53.200000 -3.068269 2.836033 3.634609
 53.400000 -3.075952 2.806570 2.252967
 53.600000 -3.095302 2.799095 1.092982
 53.800000 -3.121357 2.822240 0.646174
 54.000000 3.097066 2.814862 1.240753
 54.200000 -3.063108 2.777241 3.196758
 54.400000 -3.044640 2.819958 5.076168
 54.600000 -3.041483 2.777939 5.117356
 54.800000 -3.139481 2.776281 0.134187
 55.000000 3.141484 2.859486 2.241750
 55.200000 -3.094800 2.809127 1.232570
 55.400000 -3.062350 2.735308 4.776662
 55.600000 -3.013988 2.743955 9.321051
 55.800000 -3.094711 2.782077 1.153557
 56.000000 -3.101693 2.855238 2.762304
 56.200000 3.043768 2.857719 6.909864
 56.400000 3.125402 2.818121 0.458615
 56.600000 -3.090613 2.710673 4.649492
 56.800000 -3.127220 2.771248 0.329688
 57.000000 -3.106757 2.851175 2.326580
 57.200000 -3.018073 2.772862 7.821912
 57.400000 -2.974461 2.838013 15.001035
 57.600000 3.120075 2.748859 1.184974
 57.800000 -3.077844 2.835684 2.963197
 58.000000 -3.094581 2.830632 1.831033
 58.200000 -3.028657 2.722579 8.823569
 58.400000 -3.062999 2.774163 3.257110
 58.600000 -3.077553 2.791705 2.050866
 58.800000 -3.129281 2.765164 0.450143
 59.000000 -3.096439 2.768265 1.313739
 59.200000 -3.022075 2.818499 7.479500
 59.400000 -3.047828 2.762493 4.846967
 59.600000 -3.047935 2.859886 6.654530
 59.800000 3.122659 2.896354 5.569320
 60.000000 -3.128757 2.756924 0.716146
 60.200000 -3.077956 2.739568 3.427146
 60.400000 -3.117826 2.746052 1.362376
 60.600000 -3.122064 2.796195 0.197403
 60.800000 -3.111484 2.812826 0.659313
 61.000000 -3.036432 2.737061 7.067556
 61.200000 -3.096825 2.761995 1.468163
 61.400000 -3.112277 2.826573 1.009272
 61.600000 -3.096481 2.825321 1.555282
 61.800000 -3.027673 2.753243 7.260439
 62.000000 -3.099603 2.836866 1.864535
 62.200000 -3.068793 2.879609 6.441510
 62.400000 3.129373 2.776185 0.208186
 62.600000 -3.094496 2.797031 1.119205
 62.800000 3.125874 2.766221 0.469546
 63.000000 -3.060833 2.779190 3.349988
 63.200000 3.117118 2.802452 0.348772
 63.400000 3.111250 2.717715 3.258742
 63.600000 -3.074112 2.774559 2.438233
 63.800000 -3.049437 2.785578 4.270446
 64.000000 -3.133786 2.759668 0.570311
 64.200000 -3.128285 2.824683 0.605575
 64.400000 -3.042412 2.817876 5.239655
 64.600000 -3.046454 2.864676 7.128480
 64.800000 -3.108484 2.802877 0.601663
 65.000000 3.137109 2.734195 1.711379
 65.200000 -3.141167 2.784866 0.029437
 65.400000 -3.072796 2.827686 2.984556
 65.600000 3.113901 2.746061 1.462946
 65.800000 -3.073224 2.765517 2.701897
 66.000000 -3.115736 2.842852 1.600611
 66.200000 -3.024798 2.862530 9.270737
 66.400000 3.132475 2.730658 1.955464
 66.600000 -3.129579 2.764245 0.472091
 66.800000 -3.123569 2.794844 0.165108
 67.000000 -3.075732 2.822244 2.610327
 67.200000 -3.132003 2.784006 0.082280
 67.400000 -3.111991 2.821296 0.851961
 67.600000 -3.095909 2.881900 5.037253
 67.800000 -3.091306 2.794294 1.265952
 68.000000 3.130225 2.698913 4.446425
 68.200000 -3.117612 2.731956 2.121952
 68.400000 -3.063724 2.796091 3.038153
 68.600000 -3.052963 2.834522 4.809386
 68.800000 3.131741 2.835172 0.957821
 69.000000 3.112261 2.839836 1.549225
 69.200000 -3.066162 2.823919 3.337653
 69.400000 -3.064338 2.742130 4.254064
 69.600000 -3.043292 2.727815 6.925299
 69.800000 -3.057171 2.837503 4.574910
 70.000000 -3.061211 2.787973 3.240977
 70.200000 3.071486 2.803557 2.518333
 70.400000 3.129669 2.820925 0.474320
 70.600000 -3.052493 2.886946 8.426918
 70.800000 -3.028323 2.795054 6.418146
 71.000000 -3.118152 2.696768 4.859591
 71.200000 -3.105010 2.781076 0.734712
 71.400000 -3.017354 2.851420 9.451853
 71.600000 -3.101696 2.854398 2.709860
 71.800000 3.123121 2.898263 5.760691
 72.000000 -3.124584 2.783568 0.184774
 72.200000 -3.103868 2.722660 3.152258
 72.400000 -3.089525 2.768687 1.639694
 72.600000 -2.982307 2.821666 13.110566
 72.800000 -3.061220 2.806366 3.325675
 73.000000 -3.041445 2.800241 5.044490
 73.200000 -3.121951 2.829677 0.882968
 73.400000 3.114341 2.812984 0.580573
 73.600000 -3.130808 2.824435 0.567226
 73.800000 -3.043583 2.806600 4.901951
 74.000000 -3.029684 2.761915 6.730299
 74.200000 -3.071680 2.704502 6.318088
 74.400000 -3.085764 2.823341 2.033171
 74.600000 3.092570 2.824847 1.723907
 74.800000 3.115873 2.896458 5.731571
 75.000000 -3.121938 2.734982 1.848833
 75.200000 -3.086346 2.722418 3.983756
 75.400000 -3.092809 2.816198 1.470086
 75.600000 -3.105989 2.739116 2.060167
 75.800000 -3.060244 2.848368 4.867888
 76.000000 3.093858 2.861042 3.486450
 76.200000 3.100666 2.814030 1.068691
 76.400000 -3.084159 2.738010 3.135354
 76.600000 -3.039552 2.720395 7.807621
 76.800000 -3.048373 2.767798 4.650673
 77.000000 -3.117429 2.829590 0.978795
 77.200000 -3.119573 2.870671 3.295715
 77.400000 -3.131391 2.795792 0.057365
 77.600000 -3.133958 2.757096 0.656825
 77.800000 -3.048127 2.745832 5.458126
 78.000000 -3.098019 2.741678 2.242142
 78.200000 -3.079635 2.775440 2.065362
 78.400000 -3.116937 2.807069 0.409673
 78.600000 3.118138 2.772171 0.482232
 78.800000 -3.117282 2.811192 0.469702
 79.000000 -3.109969 2.799413 0.523732
 79.200000 -3.089319 2.766509 1.704715
 79.400000 3.130950 2.791007 0.057787
 79.600000 -3.072483 2.860855 4.722434
 79.800000 -3.053926 2.845773 5.260263
 80.000000 3.080523 2.749284 2.799724
 80.200000 3.133876 2.741790 1.316899
 80.400000 -3.006909 2.782317 9.121905
 80.600000 -3.008047 2.826187 9.483747
 80.800000 3.133250 2.797759 0.048490
 81.000000 -3.133574 2.790887 0.033497
 81.200000 -3.067244 2.778826 2.857722
 81.400000 -3.076126 2.833512 2.982805
 81.600000 -3.135291 2.804724 0.094243
 81.800000 -3.106179 2.793826 0.627918
 82.000000 -3.050156 2.797128 4.190918
 82.200000 -3.134814 2.756814 0.660673
 82.400000 3.130051 2.778629 0.163190
 82.600000 -3.073354 2.837403 3.335183
 82.800000 -3.085527 2.807307 1.680881
 83.000000 -3.096803 2.749632 1.923044
 83.200000 -3.135363 2.719643 2.675462
 83.400000 -3.114104 2.815087 0.632292
 83.600000 -3.061983 2.829694 3.859507
 83.800000 3.140286 2.809307 0.141638
 84.000000 -3.061382 2.746418 4.279858
 84.200000 -3.125966 2.836718 1.098518
 84.400000 -3.119146 2.791037 0.253042
 84.600000 -3.083485 2.743875 2.871730
 84.800000 -3.047969 2.767294 4.701095
 85.000000 -3.053602 2.884809 8.129208
 85.200000 -3.089563 2.834710 2.243273
 85.400000 -3.077458 2.734596 3.734563
 85.600000 -3.118636 2.819844 0.636625
 85.800000 -3.050370 2.825594 4.707466
 86.000000 -3.110056 2.747944 1.491109
 86.200000 -3.126716 2.817107 0.412752
 86.400000 3.141262 2.861799 2.399400
 86.600000 -3.004280 2.772765 9.622683
 86.800000 -3.056491 2.737622 5.128451
 87.000000 -3.040514 2.815094 5.363080
 87.200000 -3.058649 2.864407 6.023233
 87.400000 -3.138562 2.784518 0.036663
 87.600000 -3.128976 2.779579 0.163419
 87.800000 3.129082 2.803994 0.144016
 88.000000 -3.034907 2.867022 8.465724
 88.200000 -3.081821 2.754179 2.521588
 88.400000 -3.113837 2.735723 1.998510
 88.600000 -3.106257 2.819678 0.992898
 88.800000 -3.103055 2.808566 0.871218
 89.000000 3.130762 2.793260 0.058922
 89.200000 3.128425 2.781688 0.145436
 89.400000 -3.001057 2.786123 9.895569
 89.600000 -3.063190 2.695934 7.738628
 89.800000 -3.016392 2.757484 8.451535
 90.000000 3.065058 2.837082 3.921310
 90.200000 3.110923 2.890338 5.253833
 90.400000 -3.065299 2.836155 3.862075
 90.600000 -3.089281 2.658504 10.349250
 90.800000 -3.086410 2.741933 2.802406
 91.000000 -3.117287 2.842285 1.533318
 91.200000 -3.099604 2.852881 2.702818
 91.400000 -3.040242 2.805535 5.220538
 91.600000 -3.057002 2.779809 3.658635
 91.800000 -3.098134 2.821880 1.375133
 92.000000 -3.061461 2.734514 4.893286
 92.200000 -3.132052 2.756727 0.686317
 92.400000 -3.070236 2.827103 3.143621
 92.600000 -3.072503 2.840066 3.516677
 92.800000 -3.099768 2.797292 0.885987
 93.000000 -3.086494 2.839795 2.635054
 93.200000 -3.094030 2.821874 1.561711
 93.400000 -3.085593 2.761553 2.047693
 93.600000 -3.047013 2.709645 7.907358
 93.800000 -3.082088 2.774591 1.931256
 94.000000 -3.109975 2.868553 3.389794
 94.200000 -3.096693 2.791430 1.008594
 94.400000 -3.099238 2.819500 1.260707
 94.600000 -3.062043 2.790335 3.166448
 94.800000 -3.038464 2.809634 5.464089
 95.000000 -3.128236 2.786321 0.108449
 95.200000 3.098350 2.800322 0.965336
 95.400000 -3.035382 2.847578 7.155639
 95.600000 -3.023670 2.824135 7.452443
 95.800000 3.131990 2.791172 0.047023
 96.000000 3.119856 2.755314 0.928609
 96.200000 -3.098947 2.799542 0.933941
 96.400000 -3.010670 2.806983 8.674807
 96.600000 -3.029505 2.781544 6.342131
 96.800000 -3.092433 2.873282 4.469052
 97.000000 -3.129802 2.856791 2.134435
 97.200000 3.114498 2.716358 3.267884
 97.400000 -3.074455 2.768534 2.541544
 97.600000 -3.105558 2.808098 0.770461
 97.800000 -3.060908 2.817029 3.555154
 98.000000 -3.088746 2.753433 2.160561
 98.200000 -3.068530 2.766078 3.018859
 98.400000 3.114036 2.821708 0.805440
 98.600000 -3.047806 2.823000 4.862229
 98.800000 -2.952098 2.798601 17.972605
 99.000000 -3.032253 2.764010 6.384225
 99.200000 -3.127830 2.808750 0.226313
 99.400000 3.071007 2.802568 2.541584
 99.600000 3.132420 2.805294 0.123571
 99.800000 3.125120 2.852681 1.944953
 100.000000 -3.056210 2.829047 4.311969
 100.200000 -3.074368 2.808496 2.387087
 100.400000 -3.129271 2.794792 0.078474
 100.600000 -3.134646 2.777939 0.130531
 100.800000 -3.063230 2.780804 3.139065
 101.000000 -3.107006 2.792837 0.598175
 101.200000 -3.104954 2.798494 0.689002
 101.400000 -3.052069 2.818648 4.348392
 101.600000 -3.095971 2.835423 1.960690
 101.800000 -3.091797 2.787723 1.251368
 102.000000 -3.079579 2.792786 1.922849
 102.200000 -3.112909 2.713286 3.550945
 102.400000 -3.061258 2.850198 4.889835
 102.600000 -3.075723 2.812340 2.365698
 102.800000 -3.092328 2.753777 1.964253
 103.000000 -3.076264 2.843930 3.455033
 103.200000 -3.036402 2.875176 8.947942
 103.400000 3.127054 2.791065 0.106760
 103.600000 -3.098679 2.780335 0.995088
 103.800000 -3.087746 2.776056 1.585360
 104.000000 -3.047961 2.757925 4.982065
 104.200000 -3.060073 2.843105 4.601857
 104.400000 -3.088116 2.855723 3.426750
 104.600000 -3.119489 2.815074 0.498482
 104.800000 -3.093126 2.788439 1.182847
 105.000000 -3.067044 2.741634 4.073835
 105.200000 -3.090565 2.809390 1.444101
 105.400000 -3.046239 2.853274 6.391246
 105.600000 -3.054558 2.806377 3.883391
 105.800000 -3.088925 2.780435 1.460018
 106.000000 3.050346 2.770993 4.394837
 106.200000 -3.097564 2.896218 6.345154
 106.400000 -3.024061 2.818735 7.250310
 106.600000 -3.046601 2.819765 4.882677
 106.800000 -3.105040 2.705404 4.463266
 107.000000 -3.019225 2.812187 7.680124
 107.200000 -3.120180 2.753193 1.002840
 107.400000 -3.131206 2.776351 0.184764
 107.600000 3.119542 2.844513 1.594390
 107.800000 -3.071422 2.851271 4.187401
 108.000000 -3.078099 2.693661 6.902939
 108.200000 -3.112008 2.710824 3.775270
 108.400000 -3.067520 2.880556 6.617973
 108.600000 -3.091914 2.849255 2.843010
 108.800000 3.131995 2.702455 4.102508
 109.000000 -3.122691 2.736272 1.760913
 109.200000 -3.077412 2.785733 2.082640
 109.400000 -3.002856 2.760990 10.121266
 109.600000 3.102550 2.807310 0.871413
 109.800000 -3.126374 2.923054 8.634416
 110.000000 3.136525 2.775932 0.150530
 110.200000 -3.089192 2.715556 4.335222
 110.400000 -3.105546 2.705940 4.398324
 110.600000 -3.090664 2.873308 4.559631
 110.800000 -3.028421 2.859414 8.640856
 111.000000 -3.052069 2.787994 4.017484
 111.200000 -3.112182 2.753987 1.175167
 111.400000 -3.065135 2.823139 3.391413
 111.600000 3.124187 2.747131 1.181838
 111.800000 -3.130971 2.779521 0.140977
 112.000000 -3.117914 2.797670 0.293556
 112.200000 -2.964258 2.780213 15.799690
 112.400000 -3.138199 2.830181 0.714668
 112.600000 3.108175 2.797286 0.569710
 112.800000 -3.090831 2.763300 1.715473
 113.000000 -3.060375 2.801445 3.337955
 113.200000 3.123799 2.776498 0.286776
 113.400000 -3.108930 2.802764 0.585838
 113.600000 -3.004148 2.767965 9.747082
 113.800000 -3.084355 2.719082 4.335175
 114.000000 3.126250 2.747037 1.152338
 114.200000 3.135871 2.784696 0.047027
 114.400000 -3.055370 2.858089 5.866356
 114.600000 -3.015321 2.873826 11.277054
 114.800000 -3.080898 2.820449 2.231741
 115.000000 -3.075044 2.809625 2.360504
 115.200000 -3.123864 2.793950 0.158168
 115.400000 -3.077663 2.822224 2.484453
 115.600000 -3.079686 2.782766 1.963867
 115.800000 -3.108768 2.753423 1.303257
 116.000000 -3.099266 2.782898 0.942126
 116.200000 -3.097017 2.814865 1.242995
 116.400000 -3.116019 2.842394 1.570369
 116.600000 -3.080631 2.775622 2.001080
 116.800000 -3.117923 2.781803 0.337621
 117.000000 -3.018812 2.787102 7.552292
 117.200000 -3.022417 2.827541 7.714458
 117.400000 -3.077318 2.828465 2.711420
 117.600000 -3.096880 2.863088 3.489017
 117.800000 -3.133391 2.782662 0.082297
 118.000000 -3.047845 2.811215 4.568960
 118.200000 -3.056056 2.875301 7.084099
 118.400000 -3.066571 2.826173 3.380158
 118.600000 -3.065188 2.727052 5.062300
 118.800000 -3.084272 2.840458 2.791511
 119.000000 -3.139307 2.860849 2.336543
 119.200000 3.122253 2.787287 0.200730
 119.400000 -3.023598 2.781033 7.027424
 119.600000 -3.105262 2.762927 1.098044
 119.800000 -3.086679 2.773701 1.684974
 120.000000 -3.094050 2.841958 2.351873
 120.200000 -3.050412 2.869220 7.097839
 120.400000 -3.049406 2.811934 4.437469
 120.600000 -3.080617 2.735624 3.477984
 120.800000 -3.085232 2.740569 2.938063
 121.000000 -3.129151 2.844279 1.416525
 121.200000 3.130651 2.850326 1.730212
 121.400000 -3.100400 2.826146 1.413565
 121.600000 -3.088290 2.717008 4.272127
 121.800000 -3.077357 2.682093 8.160892
 122.000000 -3.097732 2.786047 0.982890
 122.200000 3.124361 2.837011 1.137867
 122.400000 -3.127477 2.845242 1.489053
 122.600000 -3.129194 2.761277 0.565136
 122.800000 -3.082809 2.809816 1.877220
 123.000000 -3.103470 2.731021 2.618167
 123.200000 -3.090833 2.729394 3.281136
 123.400000 -3.059604 2.780265 3.436232
 123.600000 -3.100440 2.871330 3.951703
 123.800000 -3.111713 2.834931 1.345482
 124.000000 -3.099913 2.804627 0.941792
 124.200000 -3.055418 2.811325 3.889767
 124.400000 -3.095735 2.732241 2.868668
 124.600000 -3.101896 2.792747 0.787927
 124.800000 -3.084518 2.780076 1.706296
 125.000000 3.135424 2.750995 0.881474
 125.200000 -3.095615 2.745379 2.168438
 125.400000 -3.055098 2.819939 4.116395
 125.600000 -3.070385 2.833460 3.373009
 125.800000 -3.136646 2.825651 0.560828
 126.000000 3.086891 2.828331 2.137085
 126.200000 3.128414 2.762653 0.533077
 126.400000 -3.047745 2.744137 5.574444
 126.600000 -3.096717 2.719356 3.683886
 126.800000 3.130147 2.818833 0.411508
 127.000000 -3.105124 2.859238 2.890174
 127.200000 -3.140520 2.711135 3.312882
 127.400000 -3.110085 2.836280 1.453537
 127.600000 -3.006210 2.798903 9.184569
 127.800000 -3.051294 2.800390 4.107879
 128.000000 -3.045024 2.853798 6.539846
 128.200000 -3.071189 2.803484 2.538364
 128.400000 -3.097672 2.744445 2.120457
 128.600000 -3.090759 2.779974 1.370842
 128.800000 -3.093120 2.850722 2.868119
 129.000000 -3.089283 2.793119 1.368300
 129.200000 -3.112904 2.831074 1.154449
 129.400000 -3.101189 2.781505 0.876975
 129.600000 -3.101877 2.820586 1.182334
 129.800000 -3.055284 2.861081 6.074426
 130.000000 -3.135003 2.785662 0.045275
 130.200000 -3.093202 2.819136 1.524837
 130.400000 -3.110522 2.797841 0.496817
 130.600000 -3.067909 2.777134 2.833133
 130.800000 3.135981 2.789067 0.021731
 131.000000 -3.136823 2.754802 0.722961
 131.200000 -3.096807 2.799326 1.025973
 131.400000 -3.104436 2.803266 0.747958
 131.600000 -3.094049 2.765791 1.487593
 131.800000 -3.123376 2.762442 0.618481
 132.000000 -3.064230 2.795353 2.996498
 132.200000 -3.085437 2.843417 2.871639
 132.400000 -3.116202 2.805354 0.404614
 132.600000 -3.089217 2.809972 1.523779
 132.800000 -3.086909 2.788663 1.502594
 133.000000 -3.071209 2.731588 4.333710
 133.200000 -3.096440 2.741916 2.300124
 133.400000 -3.108937 2.871759 3.672100
 133.600000 -3.140346 2.825007 0.528242
 133.800000 -3.136199 2.756760 0.654184
 134.000000 -3.045216 2.677791 11.226368
 134.200000 -3.068785 2.764668 3.038540
 134.400000 -3.124305 2.835362 1.066836
 134.600000 -3.053793 2.882162 7.871637
 134.800000 -3.126821 2.764772 0.494272
 135.000000 -3.075049 2.827882 2.839061
 135.200000 -3.118527 2.814623 0.510131
 135.400000 -3.050285 2.799574 4.193416
 135.600000 -3.059929 2.810323 3.492834
 135.800000 -3.065670 2.812702 3.085662
 136.000000 -3.120049 2.805362 0.314427
 136.200000 -3.108627 2.771226 0.770227
 136.400000 -3.061109 2.800260 3.268693
 136.600000 -3.048906 2.798056 4.310726
 136.800000 -3.107235 2.775514 0.734935
 137.000000 -3.089183 2.786306 1.392763
 137.200000 -3.064093 2.794862 3.005798
 137.400000 -3.095828 2.773253 1.232923
 137.600000 -3.089381 2.782245 1.415868
 137.800000 -3.098651 2.810503 1.083549
 138.000000 3.133741 2.775052 0.183510
 138.200000 -3.140655 2.809488 0.144275
 138.400000 -3.092949 2.758620 1.757929
 138.600000 -3.001442 2.791613 9.821512
 138.800000 -3.021133 2.796731 7.264133
 139.000000 -3.103298 2.812870 0.940154
 139.200000 -3.021324 2.854894 9.177068
 139.400000 -3.053178 2.764189 4.310072
 139.600000 -3.117659 2.763149 0.717944
 139.800000 -3.060477 2.803524 3.350373
 140.000000 3.107149 2.797526 0.605682
 140.200000 3.139989 2.807196 0.108871
 140.400000 -3.128249 2.787482 0.101752
 140.600000 -2.954167 2.787339 17.577599
 140.800000 -3.108631 2.693898 5.407039
 141.000000 3.097074 2.873559 4.274053
 141.200000 -3.111691 2.804552 0.519371
 141.400000 -3.066332 2.798751 2.851433
 141.600000 -3.044688 2.875957 8.175593
 141.800000 -3.073511 2.868846 5.229848
 142.000000 -3.106426 2.828843 1.277789
 142.200000 -3.075003 2.795169 2.220578
 142.400000 -3.092106 2.770625 1.464294
 142.600000 -3.094018 2.743924 2.312793
 142.800000 -3.121392 2.789813 0.207714
 143.000000 3.139264 2.780302 0.077432
 143.200000 -3.027581 2.788023 6.509506
 143.400000 -3.077912 2.785697 2.050911
 143.600000 -3.111282 2.737305 1.984074
 143.800000 -3.047950 2.710729 7.729934
 144.000000 -3.091473 2.819073 1.608357
 144.200000 -3.100695 2.844575 2.190812
 144.400000 -3.112111 2.841353 1.626582
 144.600000 -3.008865 2.841440 10.004602
 144.800000 -3.074653 2.690183 7.477622
 145.000000 -3.132807 2.682398 6.102734
 145.200000 -3.112538 2.852907 2.244975
 145.400000 -3.072455 2.855168 4.351936
 145.600000 -3.112784 2.752331 1.222804
 145.800000 -3.094276 2.750014 2.023086
 146.000000 -3.105780 2.875570 4.089394
 146.200000 3.101396 2.863263 3.309676
 146.400000 -3.100636 2.823798 1.327634
 146.600000 -3.124198 2.782183 0.204784
 146.800000 -3.069204 2.833930 3.477190
 147.000000 -3.084041 2.873121 4.903831
 147.200000 -3.046239 2.821105 4.954505
 147.400000 -3.060693 2.848421 4.834478
 147.600000 -3.056622 2.813683 3.833839
 147.800000 -3.133651 2.781415 0.093265
 148.000000 -3.125374 2.787210 0.145652
 148.200000 -3.052743 2.834731 4.837735
 148.400000 -3.070873 2.775944 2.638109
 148.600000 -3.114642 2.756457 1.013678
 148.800000 3.128412 2.768448 0.376765
 149.000000 3.107219 2.829518 1.274955
 149.200000 -3.104987 2.816992 0.969256
 149.400000 -3.009363 2.769750 9.001714
 149.600000 -3.048382 2.778317 4.445081
 149.800000 3.118458 2.805473 0.351418
 150.000000 -3.123223 2.808126 0.290385
 150.200000 -3.124906 2.809295 0.279808
 150.400000 -3.086130 2.724312 3.864696
 150.600000 -3.017188 2.783461 7.779347
 150.800000 -3.043898 2.791004 4.773288
 151.000000 3.124114 2.805795 0.240777
 151.200000 3.116317 2.813476 0.538874
 151.400000 -3.070315 2.845332 3.934473
 151.600000 -3.022823 2.732720 8.841560
 151.800000 -3.103788 2.737507 2.228200
 152.000000 3.120783 2.833648 1.062022
 152.200000 -3.104106 2.865628 3.374481
 152.400000 -2.998779 2.836289 11.155444
 152.600000 -3.091430 2.729048 3.272906
 152.800000 -3.117167 2.712172 3.526780
 153.000000 -3.119695 2.784162 0.274749
 153.200000 3.103503 2.834927 1.624319
 153.400000 -3.108639 2.785665 0.566522
 153.600000 -3.136421 2.783224 0.056647
 153.800000 -3.092436 2.742740 2.447543
 154.000000 -3.139436 2.809039 0.138659
 154.200000 3.133678 2.809522 0.175750
 154.400000 3.138791 2.790566 0.005847
 154.600000 -3.100191 2.814175 1.091392
 154.800000 3.066093 2.789091 2.856024
 155.000000 3.089278 2.732401 3.175931
 155.200000 -3.093392 2.693307 6.083942
 155.400000 -3.128269 2.769781 0.347448
 155.600000 -3.063495 2.788783 3.056625
 155.800000 -3.141032 2.813555 0.221244
 156.000000 3.117081 2.771600 0.519373
 156.200000 -2.987221 2.867767 14.745849
 156.400000 -3.043192 2.842517 6.090820
 156.600000 -3.115601 2.758521 0.915987
 156.800000 -3.137598 2.727998 2.089939
 157.000000 -3.114909 2.731746 2.203144
 157.200000 -3.115835 2.831238 1.081032
 157.400000 -3.129440 2.723963 2.424364
 157.600000 3.137370 2.793297 0.009211
 157.800000 -3.093588 2.810827 1.319658
 158.000000 -3.090012 2.776808 1.453825
 158.200000 -3.105159 2.820601 1.057773
 158.400000 -3.073273 2.844474 3.683048
 158.600000 -3.023877 2.868096 9.783840
 158.800000 -3.043779 2.747107 5.815185
 159.000000 -3.098071 2.793884 0.947974
 159.200000 -3.125525 2.820610 0.523412
 159.400000 -3.125688 2.816549 0.415007
 159.600000 -3.094928 2.769717 1.348939
 159.800000 -3.040781 2.760253 5.602329
 160.000000 -3.123998 2.790197 0.157500
 160.200000 -3.112773 2.810733 0.581012
 160.400000 -3.090083 2.783687 1.365700
 160.600000 -3.039296 2.802211 5.279180
 160.800000 -3.122230 2.794902 0.190286
 161.000000 -3.141027 2.771962 0.211619
 161.200000 3.105075 2.782498 0.717067
 161.400000 3.135402 2.843368 1.311569
 161.600000 -3.070648 2.819033 2.867899
 161.800000 -3.095395 2.789655 1.071222
 162.000000 -3.096479 2.793734 1.018350
 162.200000 -3.061599 2.803983 3.265129
 162.400000 -3.021960 2.810839 7.323638
 162.600000 -3.080848 2.799344 1.868210
 162.800000 -3.079852 2.852480 3.703138
 163.000000 -3.028719 2.859120 8.587617
 163.200000 -3.031020 2.780840 6.181505
 163.400000 -3.038802 2.752195 6.096349
 163.600000 -3.109413 2.821657 0.942070
 163.800000 -3.054420 2.940931 14.811486
 164.000000 -3.093510 2.797687 1.169287
 164.200000 -3.121764 2.758982 0.759222
 164.400000 -3.112541 2.782228 0.475036
 164.600000 -3.030568 2.736952 7.707516
 164.800000 -3.027876 2.802665 6.517137
 165.000000 -3.070672 2.839459 3.616145
 165.200000 -3.055832 2.790668 3.679210
 165.400000 -3.110551 2.799413 0.505516
 165.600000 -3.116959 2.781891 0.359962
 165.800000 -3.127805 2.811915 0.283011
 166.000000 -3.063793 2.838255 4.071917
 166.200000 -3.133124 2.790380 0.038166
 166.400000 -3.043943 2.816970 5.066509
 166.600000 -3.043443 2.778772 4.911308
 166.800000 -3.096394 2.778245 1.123429
 167.000000 3.116385 2.859085 2.532742
 167.200000 -3.115300 2.877724 3.974907
 167.400000 -3.030456 2.712260 9.397088
 167.600000 -3.039545 2.761253 5.695853
 167.800000 -3.041501 2.816624 5.299486
 168.000000 -3.094166 2.888108 5.692519
 168.200000 -3.094820 2.833595 1.937152
 168.400000 -3.105930 2.744739 1.777747
 168.600000 -3.074075 2.741357 3.588491
 168.800000 -3.018681 2.730634 9.468911
 169.000000 -3.086574 2.869984 4.513372
 169.200000 -3.069708 2.858667 4.770955
 169.400000 -3.106685 2.770090 0.860961
 169.600000 -3.083077 2.743479 2.914870
 169.800000 3.114789 2.839538 1.464252
 170.000000 -3.116726 2.892291 5.285618
 170.200000 -3.044572 2.793930 4.707516
 170.400000 -3.079557 2.675530 8.768379
 170.600000 -3.093515 2.764948 1.536043
 170.800000 3.106847 2.800846 0.638230
 171.000000 -3.135809 2.808122 0.138329
 171.200000 -3.091367 2.823758 1.748999
 171.400000 -3.086415 2.809436 1.665241
 171.600000 -3.100744 2.744434 1.990752
 171.800000 -3.129907 2.784711 0.098820
 172.000000 -3.121340 2.781762 0.263014
 172.200000 -3.049428 2.818072 4.573407
 172.400000 3.114041 2.746604 1.434007
 172.600000 -3.032511 2.806845 6.051897
 172.800000 -3.080305 2.794217 1.879519
 173.000000 -3.138407 2.820034 0.383390
 173.200000 -3.108825 2.814804 0.784994
 173.400000 -3.076096 2.818557 2.483710
 173.600000 3.137119 2.825619 0.557566
 173.800000 -3.113886 2.771792 0.598792
 174.000000 -3.044817 2.762142 5.144383
 174.200000 -3.106443 2.760453 1.132130
 174.400000 -3.095568 2.866058 3.762535
 174.600000 -3.133532 2.777235 0.149402
 174.800000 -3.058668 2.732269 5.253773
 175.000000 -3.080575 2.750448 2.746916
 175.200000 -3.097869 2.846289 2.401085
 175.400000 -3.111590 2.964409 15.221853
 175.600000 -3.096595 2.786339 1.031530
 175.800000 -3.044671 2.778332 4.797629
 176.000000 -3.088963 2.805501 1.469081
 176.200000 3.123744 2.746262 1.229524
 176.400000 3.110348 2.786652 0.505360
 176.600000 -3.111969 2.802596 0.489487
 176.800000 -3.136455 2.779230 0.101607
 177.000000 -3.081833 2.734633 3.461484
 177.200000 -3.112108 2.779771 0.516037
 177.400000 -3.137453 2.861981 2.420507
 177.600000 -3.099272 2.824676 1.412285
 177.800000 -3.082973 2.757385 2.335599
 178.000000 -3.008335 2.734764 10.547121
 178.200000 -3.082763 2.774742 1.888601
 178.400000 -3.102288 2.836191 1.725711
 178.600000 -3.076388 2.836601 3.097119
 178.800000 -3.072837 2.782523 2.413740
 179.000000 -3.055552 2.841809 4.915857
 179.200000 -3.038934 2.848583 6.840562
 179.400000 -3.039201 2.772759 5.437405
 179.600000 -3.033772 2.865686 8.488774
 179.800000 3.121601 2.843393 1.493500
 180.000000 -3.133346 2.787350 0.047401
 180.200000 -3.051141 2.772049 4.300446
 180.400000 -3.133659 2.801132 0.068499
 180.600000 3.100828 2.780144 0.907558
 180.800000 -3.097771 2.860244 3.252968
 181.000000 -3.054755 2.752562 4.569008
 181.200000 -3.069072 2.752252 3.440662
 181.400000 -3.139289 2.764321 0.400446
 181.600000 3.098925 2.873461 4.185407
 181.800000 -3.073498 2.927159 11.381364
 182.000000 -3.069733 2.783526 2.622441
 182.200000 -3.106670 2.737946 2.099312
 182.400000 -3.074808 2.763075 2.663775
 182.600000 -3.051962 2.813103 4.228523
 182.800000 -3.081323 2.816657 2.107358
 183.000000 -3.120301 2.859326 2.457755
 183.200000 -3.014605 2.854359 9.974569
 183.400000 -3.063948 2.715156 6.007479
 183.600000 -3.094233 2.697230 5.662177
 183.800000 -3.136776 2.800981 0.047337
 184.000000 -3.038315 2.852615 7.138419
 184.200000 -3.098530 2.774760 1.085005
 184.400000 -3.053726 2.733905 5.578507
 184.600000 -3.123135 2.750489 1.053913
 184.800000 -3.053187 2.863536 6.428970
 185.000000 -3.086205 2.871612 4.661123
 185.200000 3.109618 2.814127 0.744473
 185.400000 -3.102324 2.831239 1.520339
 185.600000 -3.003805 2.804495 9.564271
 185.800000 -3.098820 2.653979 10.512497
 186.000000 3.108459 2.836010 1.494313
 186.200000 3.111818 2.888761 5.073757
 186.400000 3.126754 2.810062 0.263845
 186.600000 -3.084634 2.716747 4.493477
 186.800000 -2.976734 2.801206 13.626811
 187.000000 -3.083525 2.745297 2.801250
 187.200000 3.126171 2.791457 0.119488
 187.400000 -3.119336 2.860229 2.539452
 187.600000 -3.091467 2.863329 3.762798
 187.800000 -3.003312 2.800068 9.589190
 188.000000 -3.082932 2.747768 2.722227
 188.200000 3.132781 2.742433 1.293502
 188.400000 3.081974 2.770298 2.024273
 188.600000 -3.048447 2.898613 9.965190
 188.800000 -3.088022 2.791164 1.435854
 189.000000 -2.977345 2.774239 13.655929
 189.200000 -3.121157 2.822427 0.655815
 189.400000 3.139269 2.774478 0.165573
 189.600000 -3.094826 2.804504 1.165269
 189.800000 -3.024387 2.838601 7.930003
 190.000000 -3.056634 2.791348 3.609660
 190.200000 3.129351 2.736559 1.641111
 190.400000 -3.104989 2.738571 2.125520
 190.600000 3.095140 2.875653 4.533956
 190.800000 3.117903 2.862828 2.751760
 191.000000 -3.096205 2.776478 1.158826
 191.200000 -3.055379 2.768102 4.014661
 191.400000 -3.064042 2.754773 3.719707
 191.600000 -3.072229 2.795679 2.410628
 191.800000 -3.036336 2.814622 5.783632
 192.000000 -3.133495 2.838874 1.106796
 192.200000 -3.098458 2.834838 1.825414
 192.400000 -3.086579 2.827697 2.131704
 192.600000 -3.092733 2.742589 2.440499
 192.800000 -3.109408 2.750471 1.402277
 193.000000 -3.067653 2.894608 7.943818
 193.200000 -3.121069 2.780929 0.277869
 193.400000 3.125233 2.706502 3.833946
 193.600000 -3.058795 2.812671 3.630669
 193.800000 -2.975748 2.866893 16.517364
 194.000000 -3.050868 2.748720 5.075011
 194.200000 3.064474 2.786725 2.990473
 194.400000 3.134268 2.819765 0.397789
 194.600000 -3.074241 2.806399 2.364362
 194.800000 -3.088197 2.724768 3.721156
 195.000000 -3.124028 2.793486 0.154712
 195.200000 -3.080976 2.899181 7.524719
 195.400000 -3.040520 2.824027 5.603933
 195.600000 -3.057242 2.731411 5.425051
 195.800000 -3.069640 2.731618 4.443509
 196.000000 -3.107920 2.849801 2.207083
 196.200000 3.109024 2.836314 1.489001
 196.400000 -3.136612 2.780131 0.089233
 196.600000 -3.009269 2.775230 8.904360
 196.800000 -2.994381 2.826173 11.401638
 197.000000 3.117205 2.783463 0.338465
 197.200000 3.126524 2.783479 0.154467
 197.400000 -3.058548 2.846327 4.895398
 197.600000 -3.016012 2.789379 7.890162
 197.800000 -3.104666 2.771775 0.897105
 198.000000 -3.106773 2.841997 1.829872
 198.200000 3.134319 2.775382 0.173423
 198.400000 -3.120084 2.796139 0.237835
 198.600000 -3.035840 2.823421 6.069045
 198.800000 -3.066352 2.782395 2.881919
 199.000000 -3.116687 2.723890 2.665667
 199.200000 3.073472 2.765190 2.693841
 199.400000 3.136918 2.827326 0.616417
 199.600000 -3.122285 2.781165 0.250941
 199.800000 -3.032707 2.837130 6.922779
 200.000000 -2.991249 2.903955 17.509696
