#! FIELDS time phi psi restraint.bias
#! SET min_phi -pi
#! SET max_phi pi
#! SET min_psi -pi
#! SET max_psi pi
 0.000000 2.243426 -2.860208 185.910800
 0.200000 2.037048 -2.239199 2.086270
 0.400000 2.018497 -2.245732 3.149315
 0.600000 2.211323 -2.309903 7.675569
 0.800000 2.053924 -2.246136 1.078676
 1.000000 2.108914 -2.225123 1.064846
 1.200000 2.083775 -2.272294 0.062061
 1.400000 1.989085 -2.263291 5.560993
 1.600000 2.031233 -2.272573 2.001386
 1.800000 2.062176 -2.229293 1.304505
 2.000000 2.065456 -2.283192 0.520462
 2.200000 2.100202 -2.320281 1.335416
 2.400000 2.039409 -2.233483 2.139901
 2.600000 2.058277 -2.199799 3.041701
 2.800000 2.082221 -2.275496 0.095680
 3.000000 2.002585 -2.292836 4.500303
 3.200000 2.100577 -2.274584 0.035102
 3.400000 2.081109 -2.364355 4.641431
 3.600000 2.002399 -2.298154 4.658768
 3.800000 2.016307 -2.325094 4.626191
 4.000000 1.981250 -2.346903 9.440944
 4.200000 1.997021 -2.262380 4.762308
 4.400000 2.049260 -2.325734 2.632046
 4.600000 2.096925 -2.253726 0.118754
 4.800000 2.066367 -2.139350 8.787993
 5.000000 2.011400 -2.137014 12.144673
 5.200000 1.984145 -2.217881 7.380411
 5.400000 2.059512 -2.223708 1.630849
 5.600000 2.099097 -2.290512 0.243992
 5.800000 2.148286 -2.298193 1.880334
 6.000000 1.996505 -2.191248 7.808374
 6.200000 2.005722 -2.256796 4.005052
 6.400000 1.998071 -2.239115 5.083607
 6.600000 2.051456 -2.298103 1.347473
 6.800000 2.161572 -2.292149 2.525946
 7.000000 2.055276 -2.337039 3.084698
 7.200000 2.007646 -2.394388 11.632735
 7.400000 1.939837 -2.373152 17.375388
 7.600000 2.040383 -2.298121 1.884752
 7.800000 2.034412 -2.236659 2.319614
 8.000000 2.060322 -2.366533 5.343888
 8.200000 2.029629 -2.330518 3.994029
 8.400000 2.039321 -2.253269 1.639171
 8.600000 2.077277 -2.274040 0.159571
 8.800000 2.093784 -2.232864 0.650484
 9.000000 2.037784 -2.229308 2.387249
 9.200000 2.098584 -2.259629 0.052006
 9.400000 2.050834 -2.174043 5.450432
 9.600000 2.092265 -2.195029 2.732780
 9.800000 2.139784 -2.309334 1.846385
 10.000000 2.136659 -2.271367 0.896091
 10.200000 2.151963 -2.251781 1.804047
 10.400000 2.070256 -2.243825 0.606414
 10.600000 1.985404 -2.377638 11.848465
 10.800000 2.004769 -2.285318 4.150778
 11.000000 2.077508 -2.311099 1.031797
 11.200000 2.091917 -2.260090 0.042127
 11.400000 2.037042 -2.337262 3.979480
 11.600000 2.064572 -2.292143 0.714173
 11.800000 1.987945 -2.332541 7.689086
 12.000000 2.117229 -2.238810 0.714227
 12.200000 2.071168 -2.214416 1.755549
 12.400000 1.949192 -2.262506 10.562623
 12.600000 1.986333 -2.279768 5.897489
 12.800000 2.075696 -2.266283 0.178329
 13.000000 2.042250 -2.290348 1.588970
 13.200000 1.995480 -2.236468 5.418919
 13.400000 2.012761 -2.345389 6.255259
 13.600000 2.065093 -2.250550 0.598182
 13.800000 2.031873 -2.224813 2.927543
 14.000000 2.079735 -2.274525 0.123128
 14.200000 2.038931 -2.332149 3.536612
 14.400000 2.050813 -2.259103 0.997953
 14.600000 2.120543 -2.299291 0.802819
 14.800000 2.008933 -2.292953 3.940531
 15.000000 2.012486 -2.293207 3.649310
 15.200000 2.036045 -2.266981 1.704293
 15.400000 2.077707 -2.223411 1.175150
 15.600000 2.067549 -2.234150 0.965106
 15.800000 2.041981 -2.201299 3.660493
 16.000000 2.082655 -2.225821 0.998009
 16.200000 2.055725 -2.297239 1.148446
 16.400000 2.115093 -2.353578 3.797048
 16.600000 2.032730 -2.293394 2.200585
 16.800000 1.970472 -2.258622 7.731605
 17.000000 2.059518 -2.275389 0.629064
 17.200000 2.053223 -2.238277 1.317292
 17.400000 2.056998 -2.253664 0.815772
 17.600000 2.065459 -2.314805 1.471008
 17.800000 2.058105 -2.250459 0.829022
 18.000000 2.083432 -2.293010 0.350056
 18.200000 2.071587 -2.287210 0.427224
 18.400000 2.020932 -2.236132 3.236196
 18.600000 2.011226 -2.269721 3.458854
 18.800000 1.968546 -2.251099 8.077925
 19.000000 2.030724 -2.214485 3.509027
 19.200000 2.101113 -2.236956 0.533665
 19.400000 2.101806 -2.292966 0.316372
 19.600000 2.162042 -2.309018 3.091668
 19.800000 1.985464 -2.281256 6.009038
 20.000000 2.050094 -2.247919 1.201957
 20.200000 2.102049 -2.264736 0.038079
 20.400000 2.053528 -2.257437 0.901079
 20.600000 2.071440 -2.360557 4.461383
 20.800000 2.068829 -2.250644 0.493977
 21.000000 2.051712 -2.370478 6.067143
 21.200000 2.027720 -2.265519 2.228564
 21.400000 2.065716 -2.306389 1.112893
 21.600000 2.018419 -2.302225 3.440486
 21.800000 2.009865 -2.303096 4.156386
 22.000000 2.140792 -2.276222 1.102924
 22.200000 2.122410 -2.231295 1.100532
 22.400000 2.105027 -2.305568 0.727760
 22.600000 2.148186 -2.220794 2.605165
 22.800000 2.062650 -2.185177 4.011005
 23.000000 2.138773 -2.239327 1.422832
 23.200000 2.037925 -2.144099 9.385538
 23.400000 2.015763 -2.217958 4.390512
 23.600000 2.101956 -2.274025 0.041573
 23.800000 2.084794 -2.383466 6.605567
 24.000000 2.125651 -2.272918 0.496419
 24.200000 2.070385 -2.331847 2.267627
 24.400000 2.010596 -2.393740 11.300136
 24.600000 2.046072 -2.336181 3.429026
 24.800000 2.066364 -2.374800 5.997283
 25.000000 2.075983 -2.273145 0.178403
 25.200000 2.125471 -2.199580 2.887413
 25.400000 2.002888 -2.227603 5.040624
 25.600000 2.083895 -2.284503 0.176408
 25.800000 2.098323 -2.210336 1.724207
 26.000000 2.140478 -2.247348 1.294679
 26.200000 2.060521 -2.334398 2.716911
 26.400000 2.105996 -2.226266 0.977304
 26.600000 2.010244 -2.239776 3.965638
 26.800000 2.081717 -2.153065 6.792449
 27.000000 2.085858 -2.298805 0.482754
 27.200000 2.129386 -2.246156 0.871453
 27.400000 2.045185 -2.360235 5.379316
 27.600000 2.042860 -2.341354 3.950712
 27.800000 1.972933 -2.379092 13.444524
 28.000000 1.978312 -2.286798 6.897366
 28.200000 1.977358 -2.266401 6.852028
 28.400000 2.096825 -2.336417 2.280336
 28.600000 2.052641 -2.305291 1.532826
 28.800000 2.047722 -2.254596 1.191918
 29.000000 2.075835 -2.302390 0.732077
 29.200000 2.010919 -2.278789 3.532765
 29.400000 2.059580 -2.257602 0.670175
 29.600000 2.086455 -2.267422 0.032660
 29.800000 2.133954 -2.235784 1.331709
 30.000000 2.118121 -2.252165 0.421955
 30.200000 2.134216 -2.187235 4.129743
 30.400000 2.035697 -2.210499 3.429739
 30.600000 1.985907 -2.266873 5.886996
 30.800000 2.125336 -2.314307 1.508281
 31.000000 2.128653 -2.254155 0.695921
 31.200000 2.090400 -2.250754 0.173126
 31.400000 2.089968 -2.306230 0.705517
 31.600000 2.009284 -2.310633 4.491585
 31.800000 2.071589 -2.265752 0.265095
 32.000000 2.084004 -2.252667 0.186189
 32.200000 2.127661 -2.222822 1.616174
 32.400000 2.155263 -2.286111 2.000079
 32.600000 2.161541 -2.219776 3.462226
 32.800000 2.044981 -2.274681 1.237419
 33.000000 2.021990 -2.239328 3.059320
 33.200000 2.046305 -2.251228 1.312964
 33.400000 2.092149 -2.215577 1.425710
 33.600000 2.072934 -2.262686 0.249774
 33.800000 2.023602 -2.208683 4.320551
 34.000000 2.027821 -2.217836 3.521244
 34.200000 2.049041 -2.269220 1.028554
 34.400000 2.052937 -2.307889 1.618366
 34.600000 2.155374 -2.310270 2.713758
 34.800000 2.174114 -2.225526 4.119403
 35.000000 2.045856 -2.294588 1.507258
 35.200000 2.140758 -2.329339 2.899494
 35.400000 2.096890 -2.254836 0.102401
 35.600000 2.048783 -2.220895 2.193809
 35.800000 2.099831 -2.339569 2.509872
 36.000000 1.974181 -2.261672 7.251977
 36.200000 2.025157 -2.262789 2.415814
 36.400000 2.116033 -2.289817 0.452263
 36.600000 2.059002 -2.277951 0.667034
 36.800000 2.135607 -2.274355 0.863924
 37.000000 2.144339 -2.160828 7.089950
 37.200000 1.972923 -2.232119 8.055167
 37.400000 2.052566 -2.255447 0.965718
 37.600000 2.130581 -2.329798 2.507266
 37.800000 2.122552 -2.333066 2.453272
 38.000000 2.113548 -2.302498 0.746886
 38.200000 1.958031 -2.323912 10.809260
 38.400000 1.960846 -2.290122 9.142333
 38.600000 2.167482 -2.288202 2.856550
 38.800000 2.124421 -2.297815 0.868013
 39.000000 2.099353 -2.235908 0.557469
 39.200000 2.047924 -2.180819 4.961409
 39.400000 2.005184 -2.211506 5.627995
 39.600000 2.043448 -2.293548 1.600878
 39.800000 2.094473 -2.328755 1.789615
 40.000000 2.129044 -2.268613 0.600336
 40.200000 2.103648 -2.237561 0.534748
 40.400000 1.941789 -2.253736 11.759712
 40.600000 2.023198 -2.342854 5.267055
 40.800000 2.153150 -2.291035 1.970441
 41.000000 2.068441 -2.310956 1.219964
 41.200000 2.057137 -2.291511 0.949089
 41.400000 1.981607 -2.272558 6.367196
 41.600000 1.999158 -2.273937 4.547607
 41.800000 2.039390 -2.215633 2.932953
 42.000000 2.058714 -2.273016 0.644922
 42.200000 2.144455 -2.196524 3.874164
 42.400000 2.152194 -2.275254 1.690390
 42.600000 2.102054 -2.241437 0.407197
 42.800000 2.158703 -2.157760 8.247000
 43.000000 2.107245 -2.200347 2.434228
 43.200000 2.068774 -2.253285 0.450576
 43.400000 2.071397 -2.261055 0.295439
 43.600000 1.985318 -2.307311 6.685531
 43.800000 2.002256 -2.334339 6.384115
 44.000000 2.065882 -2.364670 4.989725
 44.200000 2.096336 -2.322440 1.433645
 44.400000 1.994185 -2.325900 6.643985
 44.600000 2.091062 -2.297549 0.415140
 44.800000 2.090017 -2.208246 1.850755
 45.000000 2.111509 -2.207329 2.043682
 45.200000 2.124882 -2.255274 0.557935
 45.400000 2.077575 -2.257543 0.206269
 45.600000 2.112566 -2.192531 3.083353
 45.800000 2.071071 -2.352788 3.788262
 46.000000 2.000595 -2.304858 5.044751
 46.200000 2.080263 -2.227752 0.947578
 46.400000 2.050807 -2.235838 1.497418
 46.600000 2.036614 -2.214000 3.177878
 46.800000 2.204156 -2.291759 6.284339
 47.000000 2.103209 -2.267091 0.040526
 47.200000 2.089751 -2.285127 0.141987
 47.400000 2.219818 -2.252145 8.006226
 47.600000 2.106644 -2.229796 0.840679
 47.800000 2.085589 -2.233944 0.650705
 48.000000 2.034085 -2.293817 2.128401
 48.200000 2.008817 -2.220106 4.853651
 48.400000 2.050129 -2.250885 1.142522
 48.600000 2.061236 -2.254048 0.660487
 48.800000 2.061442 -2.248948 0.742546
 49.000000 2.077608 -2.244602 0.436785
 49.200000 2.145209 -2.251570 1.441654
 49.400000 2.100341 -2.216597 1.386925
 49.600000 2.135409 -2.248255 1.054759
 49.800000 2.066668 -2.231543 1.083190
 50.000000 1.955918 -2.385129 16.339356
 50.200000 2.027228 -2.392842 9.933012
 50.400000 2.081740 -2.332867 2.124162
 50.600000 2.018603 -2.381236 9.178715
 50.800000 2.055939 -2.318661 1.976131
 51.000000 2.066708 -2.237435 0.879193
 51.200000 2.130615 -2.150199 7.704303
 51.400000 2.097625 -2.273610 0.016176
 51.600000 2.071721 -2.158144 6.393623
 51.800000 2.033538 -2.132422 11.168656
 52.000000 2.030560 -2.154406 8.595152
 52.200000 2.113458 -2.160363 6.074885
 52.400000 2.053910 -2.213189 2.372916
 52.600000 2.069600 -2.224460 1.296104
 52.800000 2.033244 -2.298949 2.320353
 53.000000 1.998860 -2.311984 5.490378
 53.200000 2.142762 -2.314329 2.200306
 53.400000 2.051958 -2.302223 1.454744
 53.600000 1.937258 -2.300113 12.832336
 53.800000 2.045402 -2.352829 4.719856
 54.000000 2.001856 -2.231408 4.985568
 54.200000 2.068496 -2.275803 0.359002
 54.400000 2.071778 -2.269479 0.255918
 54.600000 2.073225 -2.179643 4.210028
 54.800000 2.086812 -2.166273 5.297804
 55.000000 2.059326 -2.180174 4.553541
 55.200000 2.083236 -2.250057 0.240335
 55.400000 1.993353 -2.265052 5.112289
 55.600000 2.006478 -2.279899 3.924871
 55.800000 2.142051 -2.237685 1.623602
 56.000000 2.049764 -2.336401 3.272300
 56.200000 2.058643 -2.306496 1.344772
 56.400000 2.027472 -2.357133 6.129363
 56.600000 2.044864 -2.347756 4.333553
 56.800000 2.029161 -2.206816 4.056678
 57.000000 2.036237 -2.233343 2.324336
 57.200000 2.101817 -2.261342 0.056314
 57.400000 2.039119 -2.277406 1.563667
 57.600000 2.104589 -2.317866 1.249415
 57.800000 2.087480 -2.257516 0.089022
 58.000000 2.014412 -2.190485 6.275325
 58.200000 2.097322 -2.179339 4.017405
 58.400000 2.060202 -2.228386 1.406410
 58.600000 2.086131 -2.220276 1.217665
 58.800000 1.991749 -2.230728 5.997769
 59.000000 2.116872 -2.266218 0.256270
 59.200000 2.137015 -2.240620 1.308911
 59.400000 2.036244 -2.299588 2.160802
 59.600000 2.092763 -2.183068 3.687324
 59.800000 2.069859 -2.264943 0.308959
 60.000000 2.139226 -2.258849 1.055694
 60.200000 2.135245 -2.288250 1.021055
 60.400000 1.992446 -2.286339 5.348356
 60.600000 2.058613 -2.350341 3.954202
 60.800000 2.074565 -2.187326 3.526042
 61.000000 2.072848 -2.253038 0.358373
 61.200000 2.053550 -2.259500 0.878589
 61.400000 2.211223 -2.296044 7.192000
 61.600000 2.165217 -2.273226 2.517127
 61.800000 2.070823 -2.178772 4.341891
 62.000000 2.136929 -2.189648 4.047236
 62.200000 1.968066 -2.174331 12.453861
 62.400000 2.059475 -2.281686 0.691091
 62.600000 2.123734 -2.226889 1.314035
 62.800000 2.108829 -2.265930 0.108655
 63.000000 2.150280 -2.293873 1.872657
 63.200000 2.055120 -2.200773 3.093826
 63.400000 2.102374 -2.241366 0.411663
 63.600000 2.062807 -2.197675 3.037412
 63.800000 1.991641 -2.247498 5.508830
 64.000000 2.106414 -2.315493 1.156382
 64.200000 2.102615 -2.321548 1.418190
 64.400000 2.051133 -2.320609 2.271272
 64.600000 2.097269 -2.332425 2.020082
 64.800000 2.037992 -2.355010 5.295653
 65.000000 2.012914 -2.289304 3.527184
 65.200000 2.090478 -2.225226 0.962591
 65.400000 2.002119 -2.146601 11.739395
 65.600000 2.016490 -2.188321 6.283395
 65.800000 2.040958 -2.266217 1.431430
 66.000000 2.070191 -2.233175 0.932061
 66.200000 2.114475 -2.241383 0.580976
 66.400000 2.128926 -2.285133 0.727509
 66.600000 2.099026 -2.333432 2.091105
 66.800000 2.014548 -2.362797 7.593462
 67.000000 1.990429 -2.251450 5.557179
 67.200000 2.049208 -2.348876 4.216751
 67.400000 2.136499 -2.339451 3.373110
 67.600000 2.172487 -2.331643 5.015783
 67.800000 2.106064 -2.265528 0.073864
 68.000000 2.096910 -2.235847 0.550344
 68.200000 2.107171 -2.267224 0.083058
 68.400000 2.026026 -2.220304 3.519277
 68.600000 2.023702 -2.186398 5.904362
 68.800000 2.060053 -2.289579 0.802940
 69.000000 2.159012 -2.270674 2.089215
 69.200000 2.193233 -2.229728 5.652763
 69.400000 2.142974 -2.197331 3.743005
 69.600000 2.163410 -2.198293 4.876179
 69.800000 2.041492 -2.221715 2.513890
 70.000000 2.036512 -2.263464 1.690180
 70.200000 2.123202 -2.304089 1.033066
 70.400000 2.084660 -2.365709 4.730676
 70.600000 2.004369 -2.356199 7.860424
 70.800000 2.035046 -2.381915 8.144160
 71.000000 2.062171 -2.283244 0.621664
 71.200000 2.071721 -2.288309 0.444872
 71.400000 2.116287 -2.246544 0.490136
 71.600000 2.117030 -2.264178 0.267446
 71.800000 2.126974 -2.220178 1.718948
 72.000000 2.145258 -2.172223 5.969441
 72.200000 2.116437 -2.197867 2.767768
 72.400000 2.024982 -2.259430 2.454178
 72.600000 2.078418 -2.261781 0.153168
 72.800000 2.040886 -2.301441 1.960147
 73.000000 2.010147 -2.287079 3.713591
 73.200000 2.034535 -2.308602 2.578662
 73.400000 2.019148 -2.293251 3.126870
 73.600000 1.995454 -2.338035 7.282532
 73.800000 2.047172 -2.347314 4.187210
 74.000000 2.079704 -2.261574 0.134960
 74.200000 2.051652 -2.309087 1.719855
 74.400000 2.113933 -2.273487 0.201259
 74.600000 2.080758 -2.298323 0.525017
 74.800000 2.038933 -2.231518 2.237802
 75.000000 2.034170 -2.282143 1.900815
 75.200000 2.142614 -2.231471 1.864071
 75.400000 2.128921 -2.277098 0.629379
 75.600000 1.980423 -2.294831 6.830247
 75.800000 1.958388 -2.245072 9.533572
 76.000000 2.042864 -2.208939 3.127039
 76.200000 2.099648 -2.278003 0.054971
 76.400000 2.135617 -2.376393 6.623967
 76.600000 2.099686 -2.272708 0.021143
 76.800000 2.042312 -2.248677 1.561384
 77.000000 2.073975 -2.254775 0.308646
 77.200000 2.094660 -2.254990 0.097170
 77.400000 2.112029 -2.263018 0.172934
 77.600000 2.056549 -2.286899 0.877646
 77.800000 1.941159 -2.308236 12.513142
 78.000000 2.062609 -2.297868 0.923937
 78.200000 2.130048 -2.310209 1.487624
 78.400000 2.097415 -2.351606 3.422402
 78.600000 2.073223 -2.267859 0.224701
 78.800000 2.063472 -2.175990 4.796880
 79.000000 1.983406 -2.228225 6.987721
 79.200000 2.015373 -2.282833 3.218914
 79.400000 2.099608 -2.294358 0.336930
 79.600000 2.148118 -2.203875 3.559006
 79.800000 2.134971 -2.293059 1.114362
 80.000000 2.017885 -2.255472 3.017443
 80.200000 2.059591 -2.264212 0.616774
 80.400000 2.010866 -2.307731 4.241381
 80.600000 1.984436 -2.316239 7.164701
 80.800000 2.098455 -2.454912 17.303214
 81.000000 2.182525 -2.301567 4.416102
 81.200000 2.119551 -2.189365 3.481510
 81.400000 2.107424 -2.259950 0.125181
 81.600000 2.042140 -2.262618 1.385184
 81.800000 2.012989 -2.331694 5.283257
 82.000000 2.036460 -2.156036 8.050559
 82.200000 2.017099 -2.227276 3.854819
 82.400000 2.041326 -2.312763 2.368917
 82.600000 2.055373 -2.325527 2.363100
 82.800000 2.072291 -2.349275 3.472108
 83.000000 2.006405 -2.263976 3.883409
 83.200000 2.008599 -2.205489 5.692744
 83.400000 2.064946 -2.180925 4.305883
 83.600000 2.101965 -2.205142 2.062976
 83.800000 2.096117 -2.225110 0.961499
 84.000000 2.127928 -2.232642 1.220556
 84.200000 2.113107 -2.235612 0.730049
 84.400000 2.086759 -2.234598 0.618420
 84.600000 2.016214 -2.279873 3.116054
 84.800000 2.017570 -2.303092 3.534636
 85.000000 2.083113 -2.283881 0.175441
 85.200000 2.064403 -2.306657 1.161505
 85.400000 1.950202 -2.288406 10.585566
 85.600000 1.999474 -2.341458 7.135342
 85.800000 2.094627 -2.295395 0.350273
 86.000000 2.068747 -2.240235 0.740563
 86.200000 2.065353 -2.269488 0.421885
 86.400000 2.024715 -2.267748 2.428374
 86.600000 2.131902 -2.172875 5.316432
 86.800000 2.087952 -2.313393 1.009302
 87.000000 2.075161 -2.296116 0.554567
 87.200000 2.097920 -2.141008 8.188032
 87.400000 2.102024 -2.184803 3.567608
 87.600000 2.118042 -2.264129 0.291095
 87.800000 2.139827 -2.291195 1.279916
 88.000000 2.095091 -2.224515 0.986508
 88.200000 2.044935 -2.201544 3.493430
 88.400000 2.037265 -2.267585 1.632809
 88.600000 2.037907 -2.313854 2.604620
 88.800000 2.096633 -2.329239 1.821200
 89.000000 2.024745 -2.302624 2.993241
 89.200000 1.975270 -2.293035 7.386015
 89.400000 2.097844 -2.359700 4.125717
 89.600000 2.135922 -2.277667 0.900445
 89.800000 2.122006 -2.301669 0.917182
 90.000000 2.070149 -2.268438 0.294057
 90.200000 2.023819 -2.249563 2.678022
 90.400000 2.038795 -2.221811 2.655697
 90.600000 2.066639 -2.254978 0.482515
 90.800000 2.130142 -2.183879 4.255601
 91.000000 2.104078 -2.196895 2.641261
 91.200000 2.038667 -2.320486 2.881905
 91.400000 2.044186 -2.270462 1.261669
 91.600000 2.084759 -2.239601 0.476461
 91.800000 2.145741 -2.263962 1.330552
 92.000000 2.039900 -2.301697 2.021786
 92.200000 1.968544 -2.303155 8.504997
 92.400000 2.015238 -2.231471 3.834425
 92.600000 2.009998 -2.284471 3.682194
 92.800000 2.104584 -2.360503 4.244898
 93.000000 2.208350 -2.329982 8.356613
 93.200000 2.163726 -2.247188 2.639712
 93.400000 2.102095 -2.319111 1.288801
 93.600000 1.989963 -2.284817 5.579220
 93.800000 2.047300 -2.257698 1.172039
 94.000000 2.114360 -2.242327 0.553125
 94.200000 2.033896 -2.306632 2.540853
 94.400000 2.020734 -2.278300 2.756879
 94.600000 2.082455 -2.222716 1.139083
 94.800000 2.131659 -2.253446 0.814163
 95.000000 2.061732 -2.159332 6.539025
 95.200000 2.050417 -2.265275 0.973722
 95.400000 2.133305 -2.183955 4.367197
 95.600000 2.086067 -2.223936 1.046801
 95.800000 2.136011 -2.261107 0.896526
 96.000000 2.122209 -2.212434 1.982570
 96.200000 1.975702 -2.227069 7.920067
 96.400000 1.985179 -2.319816 7.258851
 96.600000 2.066656 -2.326157 2.022302
 96.800000 2.032424 -2.333953 4.034328
 97.000000 2.016077 -2.361141 7.318421
 97.200000 2.026546 -2.353765 5.900412
 97.400000 2.052464 -2.238672 1.336828
 97.600000 2.056842 -2.271439 0.708276
 97.800000 2.089486 -2.348263 3.159071
 98.000000 2.067077 -2.250195 0.548597
 98.200000 2.097865 -2.189157 3.187743
 98.400000 2.074970 -2.199566 2.594207
 98.600000 2.007341 -2.162824 9.418278
 98.800000 2.108754 -2.249526 0.291310
 99.000000 2.072005 -2.321535 1.634395
 99.200000 2.059621 -2.239175 1.047242
 99.400000 2.074792 -2.281825 0.275301
 99.600000 2.061232 -2.324531 2.095733
 99.800000 2.131737 -2.289797 0.914956
 100.000000 2.097770 -2.235894 0.551333
 100.200000 1.987415 -2.349390 8.959402
 100.400000 1.981800 -2.358063 10.311365
 100.600000 2.011804 -2.237040 3.919045
 100.800000 2.098432 -2.303486 0.605265
 101.000000 2.114612 -2.358804 4.243164
 101.200000 2.106877 -2.304892 0.724598
 101.400000 2.133459 -2.306459 1.467260
 101.600000 2.088361 -2.263055 0.035454
 101.800000 2.022374 -2.246992 2.834095
 102.000000 2.067240 -2.166094 5.656144
 102.200000 2.067413 -2.281513 0.443202
 102.400000 2.113522 -2.281940 0.267580
 102.600000 2.086362 -2.251469 0.184682
 102.800000 2.146783 -2.287227 1.539677
 103.000000 2.117582 -2.220386 1.446993
 103.200000 2.024253 -2.214182 3.958528
 103.400000 1.991789 -2.335451 7.476707
 103.600000 2.014219 -2.366438 7.968179
 103.800000 2.097184 -2.306045 0.692709
 104.000000 2.080688 -2.330018 1.959913
 104.200000 2.089695 -2.327919 1.751004
 104.400000 2.046761 -2.238455 1.598815
 104.600000 2.066560 -2.244213 0.692806
 104.800000 2.097900 -2.214129 1.507626
 105.000000 2.112677 -2.185163 3.675403
 105.200000 2.122133 -2.256162 0.466192
 105.400000 2.112448 -2.269122 0.162969
 105.600000 2.089538 -2.212726 1.591117
 105.800000 2.111908 -2.191817 3.126379
 106.000000 2.057698 -2.202491 2.880285
 106.200000 2.092716 -2.314248 1.028377
 106.400000 2.094767 -2.296064 0.368242
 106.600000 2.081063 -2.288964 0.289589
 106.800000 2.032794 -2.337294 4.234309
 107.000000 1.992851 -2.317348 6.327901
 107.200000 2.036906 -2.262074 1.675962
 107.400000 2.114025 -2.272939 0.200711
 107.600000 2.086254 -2.324022 1.550785
 107.800000 2.031323 -2.245271 2.268893
 108.000000 1.995746 -2.255059 4.962032
 108.200000 1.983253 -2.246276 6.432880
 108.400000 2.016130 -2.268701 3.062732
 108.600000 2.103413 -2.301233 0.562480
 108.800000 2.112403 -2.301257 0.684729
 109.000000 2.121344 -2.218548 1.632176
 109.200000 2.096959 -2.241790 0.371511
 109.400000 1.950036 -2.239010 10.867338
 109.600000 1.996285 -2.294405 5.137360
 109.800000 2.036197 -2.279350 1.747846
 110.000000 2.011908 -2.322030 4.811950
 110.200000 2.071265 -2.347685 3.368825
 110.400000 2.058120 -2.318361 1.879720
 110.600000 1.993881 -2.333967 7.166624
 110.800000 2.074829 -2.335165 2.385094
 111.000000 2.113630 -2.229186 0.974706
 111.200000 2.078355 -2.214982 1.583705
 111.400000 2.027395 -2.219745 3.453969
 111.600000 2.019578 -2.125073 13.145913
 111.800000 2.061848 -2.194505 3.299042
 112.000000 2.165781 -2.260053 2.587355
 112.200000 2.120725 -2.280622 0.415013
 112.400000 1.997914 -2.191913 7.619934
 112.600000 2.004880 -2.261365 4.035082
 112.800000 2.031686 -2.278688 2.013832
 113.000000 2.103369 -2.300960 0.553291
 113.200000 2.101388 -2.328109 1.775617
 113.400000 1.980948 -2.323578 7.928369
 113.600000 1.951455 -2.252328 10.353651
 113.800000 2.078993 -2.320517 1.449330
 114.000000 2.142433 -2.310215 2.006103
 114.200000 2.071563 -2.426808 12.723609
 114.400000 2.052819 -2.254041 0.975117
 114.600000 2.091852 -2.149340 7.153925
 114.800000 1.989696 -2.331752 7.454405
 115.000000 2.010291 -2.232649 4.194879
 115.200000 2.086949 -2.278407 0.072648
 115.400000 2.059541 -2.232695 1.263839
 115.600000 2.124295 -2.235517 1.005124
 115.800000 2.132297 -2.236161 1.255116
 116.000000 2.154545 -2.205889 3.796006
 116.200000 2.078616 -2.306782 0.840961
 116.400000 2.149281 -2.281711 1.587908
 116.600000 2.050164 -2.392610 8.626863
 116.800000 2.068204 -2.314976 1.403209
 117.000000 2.013400 -2.336646 5.572991
 117.200000 2.104259 -2.231174 0.761346
 117.400000 2.087978 -2.247022 0.260521
 117.600000 2.028327 -2.338475 4.600864
 117.800000 2.116264 -2.274921 0.257082
 118.000000 2.093510 -2.269630 0.000638
 118.200000 2.099011 -2.171362 4.770221
 118.400000 2.062617 -2.233694 1.125651
 118.600000 2.069282 -2.213143 1.871316
 118.800000 2.046314 -2.304029 1.771910
 119.000000 2.052379 -2.254351 0.988917
 119.200000 2.053723 -2.228864 1.629657
 119.400000 2.079228 -2.225728 1.048139
 119.600000 2.083779 -2.281607 0.136728
 119.800000 2.054351 -2.315059 1.865804
 120.000000 2.033210 -2.263962 1.884111
 120.200000 2.038745 -2.288724 1.744406
 120.400000 2.113101 -2.305765 0.853456
 120.600000 2.124439 -2.351621 3.870384
 120.800000 2.040031 -2.311114 2.367561
 121.000000 1.983210 -2.317500 7.360740
 121.200000 2.003541 -2.335703 6.356678
 121.400000 2.064117 -2.303227 1.046564
 121.600000 2.096720 -2.181589 3.816761
 121.800000 2.093051 -2.229970 0.759769
 122.000000 2.092043 -2.298848 0.450371
 122.200000 2.031568 -2.242492 2.323080
 122.400000 2.004510 -2.175592 8.395474
 122.600000 2.039725 -2.226977 2.374336
 122.800000 2.015738 -2.186326 6.505030
 123.000000 2.118790 -2.236056 0.837822
 123.200000 2.137998 -2.304235 1.573890
 123.400000 2.072044 -2.230193 0.999996
 123.600000 2.020031 -2.289308 2.972706
 123.800000 2.009102 -2.341389 6.262762
 124.000000 2.063232 -2.263846 0.498481
 124.200000 2.076162 -2.275993 0.191182
 124.400000 2.055732 -2.252368 0.884523
 124.600000 2.106160 -2.358577 4.087694
 124.800000 2.062282 -2.329968 2.378547
 125.000000 2.013801 -2.294006 3.562133
 125.200000 2.032651 -2.231165 2.619194
 125.400000 2.056406 -2.257627 0.785445
 125.600000 2.004685 -2.222604 5.096914
 125.800000 2.104372 -2.263338 0.065394
 126.000000 2.052339 -2.201039 3.188850
 126.200000 2.061256 -2.196041 3.205316
 126.400000 2.043893 -2.297411 1.680836
 126.600000 2.018243 -2.206177 4.868405
 126.800000 2.024882 -2.290175 2.641740
 127.000000 1.964113 -2.296428 8.864892
 127.200000 1.981546 -2.323161 7.838079
 127.400000 1.999509 -2.301849 5.043541
 127.600000 1.996394 -2.332055 6.794611
 127.800000 1.998314 -2.299074 5.070206
 128.000000 2.074463 -2.260407 0.234947
 128.200000 2.093321 -2.309705 0.831948
 128.400000 2.062269 -2.287819 0.694473
 128.600000 2.084746 -2.303778 0.653827
 128.800000 2.024789 -2.308010 3.186235
 129.000000 2.054823 -2.340602 3.351543
 129.200000 2.158867 -2.268836 2.078320
 129.400000 2.064380 -2.232820 1.102353
 129.600000 2.062284 -2.232173 1.191049
 129.800000 1.991887 -2.259281 5.300516
 130.000000 2.060995 -2.288262 0.744686
 130.200000 2.133137 -2.295367 1.099988
 130.400000 2.033295 -2.275878 1.890779
 130.600000 2.098777 -2.249712 0.194236
 130.800000 2.120015 -2.255455 0.418958
 131.000000 2.103438 -2.209495 1.807028
 131.200000 2.122791 -2.311640 1.315338
 131.400000 2.055343 -2.314058 1.780897
 131.600000 2.087902 -2.295788 0.381818
 131.800000 2.046021 -2.187658 4.472442
 132.000000 2.053546 -2.262316 0.856172
 132.200000 2.093184 -2.341673 2.646677
 132.400000 2.099968 -2.298941 0.465933
 132.600000 2.101263 -2.263357 0.039104
 132.800000 2.086150 -2.231694 0.727167
 133.000000 2.099038 -2.268352 0.010944
 133.200000 2.075189 -2.227711 1.033858
 133.400000 2.106039 -2.379828 6.217181
 133.600000 2.069656 -2.313451 1.297159
 133.800000 2.075881 -2.214245 1.666489
 134.000000 1.989257 -2.236117 6.065273
 134.200000 2.047664 -2.238294 1.561143
 134.400000 2.114673 -2.296432 0.583839
 134.600000 2.136585 -2.230583 1.625164
 134.800000 2.080300 -2.254699 0.200563
 135.000000 2.067853 -2.309584 1.178693
 135.200000 2.116496 -2.245212 0.525439
 135.400000 2.098315 -2.238294 0.476918
 135.600000 2.133748 -2.369113 5.792778
 135.800000 2.029744 -2.270657 2.091403
 136.000000 2.012068 -2.276652 3.418666
 136.200000 2.002237 -2.307652 4.996302
 136.400000 2.059512 -2.276620 0.638005
 136.600000 2.128931 -2.319776 1.889141
 136.800000 1.942110 -2.300924 12.107250
 137.000000 2.075579 -2.213967 1.687366
 137.200000 2.131692 -2.190769 3.749927
 137.400000 2.087428 -2.216077 1.420864
 137.600000 2.057256 -2.215233 2.131252
 137.800000 2.036942 -2.272052 1.655329
 138.000000 2.027103 -2.222640 3.335392
 138.200000 1.923061 -2.311696 15.592294
 138.400000 2.051301 -2.272169 0.933808
 138.600000 2.103419 -2.322407 1.470733
 138.800000 2.088534 -2.269510 0.017343
 139.000000 1.976630 -2.324710 8.490173
 139.200000 1.974575 -2.258920 7.228470
 139.400000 2.090460 -2.237268 0.508912
 139.600000 2.172860 -2.265291 3.084964
 139.800000 2.067709 -2.278551 0.402377
 140.000000 2.109762 -2.322103 1.531839
 140.200000 2.032444 -2.320195 3.233159
 140.400000 2.085182 -2.345215 2.952300
 140.600000 2.101167 -2.318839 1.268484
 140.800000 2.069024 -2.224476 1.309829
 141.000000 2.121484 -2.185687 3.831441
 141.200000 2.009075 -2.273572 3.650580
 141.400000 2.061952 -2.260158 0.564749
 141.600000 2.071559 -2.283900 0.372840
 141.800000 2.177101 -2.199022 5.863556
 142.000000 2.175636 -2.193886 6.115710
 142.200000 2.078082 -2.226505 1.032939
 142.400000 2.002605 -2.239671 4.640678
 142.600000 2.093699 -2.232212 0.674268
 142.800000 2.026461 -2.286507 2.462061
 143.000000 2.081923 -2.323488 1.566172
 143.200000 2.074521 -2.364184 4.734331
 143.400000 2.094700 -2.350567 3.332496
 143.600000 2.099293 -2.262477 0.032799
 143.800000 2.146634 -2.286159 1.512931
 144.000000 2.068426 -2.237925 0.817798
 144.200000 2.069846 -2.252426 0.437498
 144.400000 2.064698 -2.232370 1.109172
 144.600000 1.993422 -2.251885 5.242996
 144.800000 2.051681 -2.288943 1.112538
 145.000000 2.165496 -2.315723 3.622554
 145.200000 2.100340 -2.273297 0.027216
 145.400000 2.033532 -2.208981 3.649008
 145.600000 1.981944 -2.222146 7.416913
 145.800000 1.961046 -2.194436 11.665488
 146.000000 2.072726 -2.269751 0.235108
 146.200000 2.083218 -2.353404 3.630567
 146.400000 1.996722 -2.372968 10.182142
 146.600000 2.106278 -2.276708 0.100864
 146.800000 2.042544 -2.315250 2.417122
 147.000000 2.000457 -2.266076 4.416278
 147.200000 2.142155 -2.337477 3.489988
 147.400000 2.036439 -2.341176 4.289354
 147.600000 2.032595 -2.289039 2.111855
 147.800000 2.053262 -2.304680 1.485069
 148.000000 1.963934 -2.308597 9.296814
 148.200000 1.986386 -2.286870 5.993944
 148.400000 2.094580 -2.214419 1.485641
 148.600000 2.067914 -2.190928 3.392633
 148.800000 1.963559 -2.307281 9.294442
 149.000000 2.099195 -2.215769 1.424446
 149.200000 2.104251 -2.284718 0.173227
 149.400000 2.049199 -2.293128 1.314168
 149.600000 2.042106 -2.307172 2.098382
 149.800000 2.066742 -2.216003 1.782902
 150.000000 2.173167 -2.192445 6.027353
 150.200000 2.066676 -2.312953 1.353253
 150.400000 2.037439 -2.271653 1.625732
 150.600000 1.986403 -2.183141 9.510875
 150.800000 1.970522 -2.298994 8.124259
 151.000000 2.135420 -2.223788 1.860331
 151.200000 2.140358 -2.269076 1.056284
 151.400000 2.061054 -2.334029 2.674888
 151.600000 2.101724 -2.278319 0.070953
 151.800000 2.058349 -2.250655 0.816626
 152.000000 2.116971 -2.230192 1.005081
 152.200000 2.086457 -2.321540 1.415531
 152.400000 2.082832 -2.285341 0.201549
 152.600000 2.123864 -2.270722 0.435812
 152.800000 2.092763 -2.248037 0.219549
 153.000000 2.062975 -2.325485 2.092955
 153.200000 2.022286 -2.263401 2.615140
 153.400000 1.981757 -2.265707 6.348841
 153.600000 2.059036 -2.210118 2.354436
 153.800000 2.042028 -2.150200 8.419340
 154.000000 2.229897 -2.277310 9.215500
 154.200000 2.187713 -2.206290 6.315899
 154.400000 2.128312 -2.183198 4.249977
 154.600000 2.254109 -2.261633 12.780814
 154.800000 2.083827 -2.244509 0.353990
 155.000000 2.188954 -2.213284 6.018823
 155.200000 2.086922 -2.339231 2.499163
 155.400000 2.027071 -2.360949 6.500188
 155.600000 2.098440 -2.217173 1.347466
 155.800000 2.091296 -2.301443 0.533401
 156.000000 2.052636 -2.169231 5.841640
 156.200000 2.092446 -2.163558 5.553323
 156.400000 2.074508 -2.217936 1.497866
 156.600000 2.037845 -2.264757 1.607628
 156.800000 2.069707 -2.354469 3.963368
 157.000000 2.079647 -2.218783 1.366022
 157.200000 2.000638 -2.221126 5.537713
 157.400000 2.068448 -2.262803 0.355386
 157.600000 2.061699 -2.267858 0.535085
 157.800000 2.089832 -2.245975 0.273833
 158.000000 2.055692 -2.286991 0.912081
 158.200000 2.061419 -2.337792 2.914833
 158.400000 2.092512 -2.317290 1.171227
 158.600000 2.079872 -2.332971 2.156182
 158.800000 2.100046 -2.338311 2.422976
 159.000000 2.114028 -2.320444 1.519698
 159.200000 2.075764 -2.347520 3.261880
 159.400000 2.098995 -2.283879 0.122341
 159.600000 2.038810 -2.295788 1.905560
 159.800000 2.012375 -2.298479 3.800300
 160.000000 1.998871 -2.236682 5.082333
 160.200000 2.060009 -2.187743 3.886702
 160.400000 2.091024 -2.293424 0.305708
 160.600000 1.982417 -2.306637 6.980562
 160.800000 2.022230 -2.184803 6.142414
 161.000000 2.096575 -2.231676 0.696219
 161.200000 2.052279 -2.144670 8.606921
 161.400000 2.005705 -2.230534 4.670065
 161.600000 2.126946 -2.350155 3.828723
 161.800000 2.145564 -2.279357 1.363493
 162.000000 2.086593 -2.309417 0.850103
 162.200000 2.140839 -2.328701 2.864906
 162.400000 2.066280 -2.283596 0.502812
 162.600000 2.127017 -2.241014 0.921692
 162.800000 2.168144 -2.342738 5.443417
 163.000000 2.134094 -2.236950 1.299283
 163.200000 2.165747 -2.231037 3.263398
 163.400000 2.077732 -2.167751 5.257244
 163.600000 2.063024 -2.198103 3.000146
 163.800000 2.122410 -2.299493 0.859535
 164.000000 2.055702 -2.257758 0.810947
 164.200000 1.986113 -2.201163 8.158552
 164.400000 2.046382 -2.304758 1.794517
 164.600000 1.958059 -2.284339 9.412546
 164.800000 2.015543 -2.291521 3.364005
 165.000000 2.136114 -2.280250 0.934333
 165.200000 2.058431 -2.292535 0.925358
 165.400000 2.024401 -2.267915 2.450118
 165.600000 2.073248 -2.280455 0.290035
 165.800000 2.126512 -2.288620 0.709630
 166.000000 2.185540 -2.212982 5.718710
 166.200000 2.216596 -2.292313 7.739935
 166.400000 2.071688 -2.270789 0.259535
 166.600000 2.030621 -2.225387 2.981475
 166.800000 2.063685 -2.255807 0.557640
 167.000000 2.055848 -2.223117 1.792248
 167.200000 2.062976 -2.259859 0.534696
 167.400000 2.021223 -2.246933 2.918956
 167.600000 2.015923 -2.193894 5.893962
 167.800000 2.032805 -2.250492 2.066642
 168.000000 2.014953 -2.268068 3.155874
 168.200000 2.146572 -2.275488 1.382720
 168.400000 2.144837 -2.259339 1.318153
 168.600000 2.056663 -2.275814 0.735559
 168.800000 2.082034 -2.319335 1.346837
 169.000000 2.064298 -2.295841 0.815083
 169.200000 2.064777 -2.275611 0.460959
 169.400000 2.103078 -2.293017 0.327841
 169.600000 2.013430 -2.262564 3.297931
 169.800000 2.029347 -2.283777 2.225896
 170.000000 2.079362 -2.288941 0.313252
 170.200000 2.002503 -2.208210 6.065420
 170.400000 2.048839 -2.245780 1.305601
 170.600000 2.031442 -2.230159 2.733035
 170.800000 2.034957 -2.244120 2.074156
 171.000000 2.135752 -2.288983 1.056298
 171.200000 2.041492 -2.300447 1.896078
 171.400000 2.008276 -2.292732 3.991575
 171.600000 2.111133 -2.199291 2.564715
 171.800000 2.060392 -2.204873 2.629635
 172.000000 2.060604 -2.253122 0.695817
 172.200000 2.139967 -2.455751 18.489798
 172.400000 2.052676 -2.348158 4.008992
 172.600000 2.053578 -2.222079 1.930426
 172.800000 2.192397 -2.269926 4.802656
 173.000000 2.136404 -2.210418 2.594047
 173.200000 2.102219 -2.203929 2.143022
 173.400000 2.042057 -2.320400 2.694324
 173.600000 2.070579 -2.225013 1.247892
 173.800000 2.075180 -2.262004 0.208587
 174.000000 2.060306 -2.300504 1.079558
 174.200000 2.008128 -2.276130 3.746931
 174.400000 2.016455 -2.214426 4.522549
 174.600000 2.011776 -2.302050 3.961445
 174.800000 1.986794 -2.215335 7.225163
 175.000000 2.145515 -2.249370 1.497896
 175.200000 2.151877 -2.350993 5.019426
 175.400000 2.038198 -2.311475 2.484194
 175.600000 2.033699 -2.266558 1.844813
 175.800000 2.071209 -2.203852 2.386243
 176.000000 2.052103 -2.234745 1.478568
 176.200000 2.083330 -2.337856 2.436737
 176.400000 2.052814 -2.256782 0.938262
 176.600000 2.076749 -2.298594 0.595715
 176.800000 1.967772 -2.315725 9.111747
 177.000000 1.967713 -2.301705 8.561323
 177.200000 2.079339 -2.271355 0.116285
 177.400000 2.122618 -2.243178 0.729790
 177.600000 2.087038 -2.286264 0.177336
 177.800000 2.076707 -2.236412 0.685097
 178.000000 2.113007 -2.243928 0.485710
 178.200000 2.117498 -2.268613 0.266928
 178.400000 2.079709 -2.294454 0.433638
 178.600000 2.044173 -2.359466 5.359713
 178.800000 2.034120 -2.263361 1.832020
 179.000000 2.052113 -2.308294 1.668718
 179.200000 2.174766 -2.346082 6.206143
 179.400000 2.135654 -2.325906 2.474405
 179.600000 2.058072 -2.316007 1.767874
 179.800000 2.024884 -2.264652 2.425016
 180.000000 2.035840 -2.184712 5.260471
 180.200000 2.040793 -2.234281 2.036789
 180.400000 1.971344 -2.327922 9.310928
 180.600000 2.062404 -2.236588 1.034639
 180.800000 2.093879 -2.246812 0.244699
 181.000000 2.073837 -2.221554 1.333452
 181.200000 2.049970 -2.236758 1.504243
 181.400000 2.125273 -2.183379 4.136065
 181.600000 2.173548 -2.238871 3.584309
 181.800000 2.226509 -2.321297 10.098265
 182.000000 2.142793 -2.225463 2.115819
 182.200000 2.024831 -2.226782 3.307722
 182.400000 1.985238 -2.338732 8.393895
 182.600000 2.008381 -2.348389 6.856214
 182.800000 2.000453 -2.284525 4.534226
 183.000000 1.992526 -2.317881 6.386803
 183.200000 2.043589 -2.291157 1.537704
 183.400000 2.084636 -2.268721 0.047641
 183.600000 2.069948 -2.255619 0.387391
 183.800000 2.114005 -2.207149 2.100593
 184.000000 2.097497 -2.195719 2.684604
 184.200000 2.070645 -2.143663 8.127698
 184.400000 2.124323 -2.177837 4.596604
 184.600000 2.115354 -2.202860 2.402165
 184.800000 2.075535 -2.246403 0.431535
 185.000000 2.065990 -2.258060 0.462479
 185.200000 2.049254 -2.260018 1.058579
 185.400000 2.059701 -2.357165 4.494727
 185.600000 2.018793 -2.363338 7.314414
 185.800000 2.050094 -2.349394 4.218662
 186.000000 2.023295 -2.296975 2.920945
 186.200000 2.114602 -2.335475 2.418440
 186.400000 2.117925 -2.229446 1.056236
 186.600000 2.028729 -2.205100 4.193033
 186.800000 2.092770 -2.219559 1.219963
 187.000000 2.094481 -2.193697 2.829833
 187.200000 2.102432 -2.214511 1.512928
 187.400000 2.097951 -2.288423 0.196348
 187.600000 2.064147 -2.278441 0.502732
 187.800000 2.008244 -2.110076 16.328050
 188.000000 1.960924 -2.198885 11.360264
 188.200000 2.074315 -2.277322 0.236835
 188.400000 2.055629 -2.259875 0.792397
 188.600000 2.080653 -2.298894 0.543391
 188.800000 2.097491 -2.333146 2.066788
 189.000000 2.028805 -2.330894 4.070920
 189.200000 2.076656 -2.309550 0.982434
 189.400000 2.043300 -2.244466 1.604533
 189.600000 2.067771 -2.259140 0.402324
 189.800000 2.175246 -2.341339 5.890100
 190.000000 2.174639 -2.240327 3.628589
 190.200000 2.138275 -2.248415 1.173116
 190.400000 2.134189 -2.237684 1.279887
 190.600000 2.058697 -2.227031 1.514868
 190.800000 2.084623 -2.243185 0.379091
 191.000000 2.050903 -2.245101 1.229634
 191.200000 2.113372 -2.203185 2.341157
 191.400000 2.090537 -2.260060 0.046765
 191.600000 2.046529 -2.245440 1.421453
 191.800000 2.142375 -2.274577 1.166980
 192.000000 2.071169 -2.285333 0.404282
 192.200000 2.135752 -2.281867 0.938885
 192.400000 2.068603 -2.235352 0.896276
 192.600000 2.065350 -2.188666 3.642803
 192.800000 2.165570 -2.290138 2.757878
 193.000000 2.018139 -2.289489 3.118892
 193.200000 2.079411 -2.280335 0.177321
 193.400000 2.119819 -2.312989 1.293867
 193.600000 2.019671 -2.285664 2.931894
 193.800000 2.016696 -2.274664 3.035033
 194.000000 2.033386 -2.263734 1.874533
 194.200000 2.086807 -2.266785 0.031085
 194.400000 2.089455 -2.180027 3.963925
 194.600000 2.082894 -2.213590 1.597300
 194.800000 2.038469 -2.285026 1.693427
 195.000000 2.012883 -2.204839 5.375823
 195.200000 2.063424 -2.279676 0.537370
 195.400000 2.007449 -2.292382 4.054852
 195.600000 2.041816 -2.324793 2.942736
 195.800000 2.051371 -2.374304 6.477625
 196.000000 1.959043 -2.283567 9.267282
 196.200000 1.995459 -2.324970 6.464542
 196.400000 2.015865 -2.311352 3.983420
 196.600000 2.066672 -2.240945 0.775811
 196.800000 2.062504 -2.241847 0.875206
 197.000000 2.064437 -2.283053 0.548507
 197.200000 2.151106 -2.219117 2.848606
 197.400000 2.067180 -2.252473 0.505699
 197.600000 2.072402 -2.305314 0.903793
 197.800000 2.147660 -2.263962 1.430885
 198.000000 1.988891 -2.203012 7.737980
 198.200000 2.081894 -2.235875 0.624404
 198.400000 1.976084 -2.232410 7.665584
 198.600000 2.011648 -2.290776 3.662243
 198.800000 2.145947 -2.317182 2.493019
 199.000000 2.147551 -2.300258 1.903534
 199.200000 2.207265 -2.328365 8.136169
 199.400000 2.093103 -2.225253 0.954578
 199.600000 2.070076 -2.166523 5.539140
 199.800000 2.077874 -2.243488 0.460070
 200.000000 2.083439 -2.285016 0.189427
