#! FIELDS time phi psi restraint.bias
#! SET min_phi -pi
#! SET max_phi pi
#! SET min_psi -pi
#! SET max_psi pi
 0.000000 -1.786751 0.893003 69.087474
 0.200000 -1.670752 0.570506 3.881022
 0.400000 -1.749454 0.615254 4.208876
 0.600000 -1.657703 0.584466 5.691572
 0.800000 -1.761948 0.537713 0.237693
 1.000000 -1.759712 0.568753 1.122889
 1.200000 -1.753813 0.519309 0.045192
 1.400000 -1.728983 0.492203 0.626443
 1.600000 -1.765795 0.572134 1.387256
 1.800000 -1.759292 0.587463 2.136816
 2.000000 -1.735227 0.503755 0.247909
 2.200000 -1.738612 0.550070 0.372933
 2.400000 -1.752288 0.594919 2.567522
 2.600000 -1.726049 0.540499 0.328667
 2.800000 -1.753167 0.548679 0.345214
 3.000000 -1.767663 0.508756 0.359564
 3.200000 -1.657854 0.479338 4.805503
 3.400000 -1.723492 0.546459 0.499734
 3.600000 -1.816698 0.516201 2.574140
 3.800000 -1.744282 0.521715 0.002323
 4.000000 -1.630655 0.558463 7.182792
 4.200000 -1.694078 0.571249 2.448611
 4.400000 -1.796777 0.534135 1.378928
 4.600000 -1.770974 0.500641 0.592350
 4.800000 -1.675478 0.540706 2.585924
 5.000000 -1.657384 0.616853 8.215347
 5.200000 -1.843964 0.473707 6.108977
 5.400000 -1.742306 0.457920 2.161436
 5.600000 -1.652098 0.456837 6.574617
 5.800000 -1.724698 0.545366 0.449730
 6.000000 -1.834511 0.575750 5.336575
 6.200000 -1.687741 0.574491 2.953244
 6.400000 -1.656317 0.551076 4.339058
 6.600000 -1.745087 0.456514 2.250244
 6.800000 -1.679428 0.571466 3.317150
 7.000000 -1.736060 0.537183 0.135216
 7.200000 -1.748075 0.496293 0.376581
 7.400000 -1.690460 0.490657 2.047905
 7.600000 -1.762112 0.533481 0.189654
 7.800000 -1.759237 0.592641 2.480105
 8.000000 -1.725438 0.495591 0.590044
 8.200000 -1.626840 0.554805 7.506795
 8.400000 -1.703998 0.579822 2.434656
 8.600000 -1.743718 0.496146 0.378113
 8.800000 -1.747151 0.538922 0.119057
 9.000000 -1.754335 0.525441 0.042253
 9.200000 -1.769030 0.427848 4.864937
 9.400000 -1.657447 0.616991 8.222767
 9.600000 -1.772063 0.585434 2.269162
 9.800000 -1.831713 0.474653 4.928959
 10.000000 -1.652773 0.540717 4.429828
 10.200000 -1.699361 0.500993 1.312053
 10.400000 -1.748095 0.514536 0.044887
 10.600000 -1.723554 0.527283 0.243879
 10.800000 -1.733450 0.480506 0.999047
 11.000000 -1.661597 0.555765 4.022878
 11.200000 -1.722351 0.548727 0.579702
 11.400000 -1.810592 0.494550 2.551501
 11.600000 -1.748949 0.520753 0.010601
 11.800000 -1.730312 0.535080 0.178677
 12.000000 -1.752479 0.561916 0.759653
 12.200000 -1.749364 0.579155 1.551393
 12.400000 -1.762560 0.516269 0.175320
 12.600000 -1.807296 0.517958 1.935877
 12.800000 -1.703173 0.461127 2.839928
 13.000000 -1.701302 0.530486 0.992908
 13.200000 -1.744979 0.508595 0.112621
 13.400000 -1.749463 0.452226 2.555563
 13.600000 -1.628190 0.477398 7.928009
 13.800000 -1.702605 0.504075 1.103275
 14.000000 -1.721091 0.499176 0.591974
 14.200000 -1.731139 0.564688 0.944855
 14.400000 -1.746792 0.543105 0.191308
 14.600000 -1.684916 0.604517 5.098819
 14.800000 -1.739975 0.556742 0.563558
 15.000000 -1.748449 0.519652 0.012654
 15.200000 -1.746355 0.541689 0.164154
 15.400000 -1.780810 0.584694 2.495763
 15.600000 -1.709097 0.613262 4.676113
 15.800000 -1.702114 0.462139 2.822469
 16.000000 -1.723272 0.405251 7.246340
 16.200000 -1.762144 0.533051 0.186039
 16.400000 -1.676737 0.628448 7.849119
 16.600000 -1.688611 0.588582 3.719888
 16.800000 -1.789366 0.485415 1.698609
 17.000000 -1.764827 0.573069 1.413718
 17.200000 -1.717518 0.541820 0.552746
 17.400000 -1.661448 0.567171 4.467343
 17.600000 -1.699148 0.536731 1.152584
 17.800000 -1.681385 0.624775 7.162691
 18.000000 -1.787816 0.571600 2.054613
 18.200000 -1.680506 0.592015 4.441406
 18.400000 -1.726460 0.524937 0.178920
 18.600000 -1.803935 0.536502 1.800579
 18.800000 -1.768839 0.495547 0.669798
 19.000000 -1.739177 0.576498 1.418110
 19.200000 -1.718662 0.585499 2.271403
 19.400000 -1.779395 0.515302 0.614647
 19.600000 -1.748338 0.470116 1.434733
 19.800000 -1.705470 0.480065 1.741975
 20.000000 -1.721744 0.495288 0.678899
 20.200000 -1.752352 0.610569 3.806569
 20.400000 -1.800211 0.588741 3.627797
 20.600000 -1.718919 0.516676 0.372711
 20.800000 -1.766171 0.519111 0.227264
 21.000000 -1.647435 0.499830 5.074116
 21.200000 -1.718816 0.480376 1.285555
 21.400000 -1.679239 0.515525 2.216553
 21.600000 -1.765948 0.511671 0.283700
 21.800000 -1.640730 0.453448 7.931069
 22.000000 -1.723354 0.492601 0.721897
 22.200000 -1.782778 0.473903 1.936002
 22.400000 -1.720302 0.524019 0.313277
 22.600000 -1.686783 0.445926 4.730356
 22.800000 -1.711136 0.455211 2.923008
 23.000000 -1.728686 0.532353 0.176817
 23.200000 -1.759309 0.524353 0.098000
 23.400000 -1.697074 0.506496 1.310566
 23.600000 -1.646773 0.541617 5.019024
 23.800000 -1.769431 0.530454 0.313934
 24.000000 -1.738227 0.513890 0.072356
 24.200000 -1.636281 0.411747 12.201206
 24.400000 -1.781953 0.538538 0.782235
 24.600000 -1.702787 0.573747 2.162331
 24.800000 -1.694220 0.579527 2.870062
 25.000000 -1.697803 0.481906 1.998532
 25.200000 -1.705653 0.451685 3.372898
 25.400000 -1.643189 0.511431 5.290367
 25.600000 -1.779906 0.569625 1.656958
 25.800000 -1.851003 0.435177 9.492698
 26.000000 -1.626448 0.501308 7.314813
 26.200000 -1.739724 0.465008 1.732161
 26.400000 -1.753699 0.451743 2.616637
 26.600000 -1.700868 0.467749 2.547978
 26.800000 -1.701711 0.506895 1.090799
 27.000000 -1.754594 0.463641 1.840397
 27.200000 -1.703972 0.456352 3.116249
 27.400000 -1.785529 0.458636 2.918074
 27.600000 -1.799453 0.440845 4.888776
 27.800000 -1.725369 0.631165 5.984483
 28.000000 -1.762674 0.514153 0.195030
 28.200000 -1.770755 0.458540 2.439554
 28.400000 -1.658945 0.486527 4.418265
 28.600000 -1.656274 0.431500 8.206476
 28.800000 -1.812681 0.520152 2.274096
 29.000000 -1.790708 0.551841 1.428441
 29.200000 -1.717413 0.567594 1.357451
 29.400000 -1.778866 0.508874 0.670773
 29.600000 -1.691572 0.481808 2.318115
 29.800000 -1.683014 0.521292 1.944252
 30.000000 -1.697481 0.520819 1.148579
 30.200000 -1.812345 0.505757 2.404742
 30.400000 -1.740431 0.552088 0.417828
 30.600000 -1.771343 0.507983 0.460283
 30.800000 -1.701033 0.540356 1.121505
 31.000000 -1.710466 0.510747 0.690306
 31.200000 -1.792697 0.505892 1.278633
 31.400000 -1.628108 0.598267 9.658073
 31.600000 -1.699782 0.539772 1.168073
 31.800000 -1.824092 0.448808 5.898581
 32.000000 -1.659364 0.549412 4.028203
 32.200000 -1.709531 0.525273 0.642173
 32.400000 -1.757787 0.562545 0.836017
 32.600000 -1.703248 0.497627 1.222679
 32.800000 -1.746712 0.467226 1.589893
 33.000000 -1.702296 0.637241 7.383176
 33.200000 -1.668476 0.567297 3.907985
 33.400000 -1.726101 0.436605 3.968780
 33.600000 -1.722791 0.449796 2.977443
 33.800000 -1.762545 0.566545 1.070380
 34.000000 -1.773015 0.600099 3.309382
 34.200000 -1.724800 0.542829 0.395621
 34.400000 -1.715118 0.472553 1.759206
 34.600000 -1.724151 0.490039 0.787396
 34.800000 -1.677750 0.500757 2.544345
 35.000000 -1.754750 0.588015 2.119101
 35.200000 -1.750551 0.495808 0.399797
 35.400000 -1.730084 0.542605 0.296819
 35.600000 -1.728982 0.562653 0.896244
 35.800000 -1.773563 0.534616 0.459261
 36.000000 -1.698442 0.475961 2.233887
 36.200000 -1.796555 0.602315 4.410168
 36.400000 -1.686131 0.644889 9.107892
 36.600000 -1.675039 0.583747 4.279248
 36.800000 -1.688794 0.439441 5.139424
 37.000000 -1.790045 0.491478 1.515636
 37.200000 -1.678158 0.514374 2.298527
 37.400000 -1.670435 0.513159 2.859031
 37.600000 -1.766315 0.620478 4.913001
 37.800000 -1.753537 0.569151 1.071209
 38.000000 -1.714881 0.450819 3.111976
 38.200000 -1.741665 0.538976 0.124936
 38.400000 -1.688407 0.520100 1.626180
 38.600000 -1.635200 0.571547 7.213749
 38.800000 -1.718322 0.536372 0.446288
 39.000000 -1.702114 0.525568 0.935701
 39.200000 -1.653412 0.527314 4.231295
 39.400000 -1.797681 0.545671 1.613926
 39.600000 -1.735023 0.465832 1.721633
 39.800000 -1.675127 0.635342 8.707509
 40.000000 -1.733589 0.538249 0.176230
 40.200000 -1.721442 0.425939 5.054057
 40.400000 -1.671031 0.496393 3.130193
 40.600000 -1.762425 0.531685 0.178831
 40.800000 -1.783999 0.463734 2.539570
 41.000000 -1.680782 0.547487 2.368501
 41.200000 -1.723753 0.490978 0.764830
 41.400000 -1.746034 0.526914 0.005743
 41.600000 -1.655008 0.527515 4.086604
 41.800000 -1.702096 0.465587 2.617223
 42.000000 -1.711582 0.455435 2.892595
 42.200000 -1.766768 0.526568 0.234215
 42.400000 -1.747148 0.570257 1.090145
 42.600000 -1.773646 0.599167 3.256237
 42.800000 -1.750519 0.517848 0.030002
 43.000000 -1.647705 0.498961 5.068704
 43.200000 -1.796876 0.624947 6.464231
 43.400000 -1.749033 0.545576 0.248353
 43.600000 -1.705053 0.586311 2.777535
 43.800000 -1.701873 0.523914 0.944287
 44.000000 -1.724152 0.483997 1.008376
 44.200000 -1.648292 0.516901 4.730511
 44.400000 -1.671460 0.593367 5.162196
 44.600000 -1.749502 0.582155 1.723140
 44.800000 -1.759607 0.518583 0.114508
 45.000000 -1.763075 0.517003 0.179200
 45.200000 -1.683104 0.512895 1.993261
 45.400000 -1.710486 0.543092 0.797034
 45.600000 -1.801914 0.465191 3.306644
 45.800000 -1.726471 0.553346 0.620265
 46.000000 -1.680721 0.576858 3.505386
 46.200000 -1.775519 0.579611 2.024376
 46.400000 -1.786437 0.535199 0.912203
 46.600000 -1.746229 0.467171 1.592434
 46.800000 -1.698738 0.435345 4.979718
 47.000000 -1.694033 0.561527 2.034912
 47.200000 -1.734018 0.536901 0.152440
 47.400000 -1.706664 0.435554 4.623419
 47.600000 -1.690687 0.484498 2.257317
 47.800000 -1.693655 0.531665 1.367642
 48.000000 -1.682865 0.480550 2.877509
 48.200000 -1.723474 0.445673 3.275034
 48.400000 -1.782830 0.548258 1.007205
 48.600000 -1.701923 0.542930 1.128912
 48.800000 -1.754472 0.581004 1.689505
 49.000000 -1.743092 0.446214 2.996729
 49.200000 -1.686598 0.533231 1.771052
 49.400000 -1.734653 0.590989 2.327706
 49.600000 -1.729604 0.553637 0.574786
 49.800000 -1.674374 0.497549 2.856602
 50.000000 -1.765175 0.497060 0.549066
 50.200000 -1.683586 0.548213 2.209031
 50.400000 -1.762997 0.597356 2.876099
 50.600000 -1.714230 0.485523 1.208494
 50.800000 -1.752221 0.500455 0.291579
 51.000000 -1.758738 0.561694 0.815506
 51.200000 -1.747167 0.588043 2.078206
 51.400000 -1.776034 0.593730 2.930620
 51.600000 -1.673447 0.573767 3.841964
 51.800000 -1.787104 0.563033 1.650108
 52.000000 -1.672608 0.574420 3.935635
 52.200000 -1.651245 0.572150 5.604562
 52.400000 -1.740296 0.540777 0.160218
 52.600000 -1.793965 0.544848 1.408477
 52.800000 -1.706875 0.596920 3.427349
 53.000000 -1.793978 0.566077 2.085534
 53.200000 -1.766034 0.597330 2.932464
 53.400000 -1.685560 0.550939 2.159929
 53.600000 -1.763869 0.540728 0.318562
 53.800000 -1.698247 0.604055 4.344944
 54.000000 -1.726353 0.599821 3.084927
 54.200000 -1.734178 0.594029 2.542410
 54.400000 -1.725488 0.578584 1.708543
 54.600000 -1.735834 0.590634 2.291937
 54.800000 -1.725032 0.591192 2.490417
 55.000000 -1.669956 0.500680 3.103217
 55.200000 -1.650216 0.528913 4.537365
 55.400000 -1.678119 0.532568 2.298805
 55.600000 -1.736738 0.582788 1.788589
 55.800000 -1.784048 0.662047 10.333532
 56.000000 -1.752183 0.622730 4.937027
 56.200000 -1.690314 0.582848 3.268616
 56.400000 -1.685975 0.589588 3.938738
 56.600000 -1.803896 0.474536 2.918611
 56.800000 -1.745624 0.580418 1.614284
 57.000000 -1.745958 0.603527 3.194494
 57.200000 -1.763791 0.501709 0.409997
 57.400000 -1.729763 0.578103 1.606502
 57.600000 -1.662682 0.597275 6.129412
 57.800000 -1.691222 0.597125 4.166852
 58.000000 -1.689638 0.627170 6.914222
 58.200000 -1.829981 0.599095 6.432837
 58.400000 -1.671037 0.565187 3.624494
 58.600000 -1.670797 0.581467 4.451839
 58.800000 -1.752096 0.525454 0.024616
 59.000000 -1.730101 0.562100 0.857144
 59.200000 -1.721966 0.606054 3.672379
 59.400000 -1.687469 0.563963 2.488498
 59.600000 -1.735184 0.508305 0.168420
 59.800000 -1.771862 0.544282 0.565892
 60.000000 -1.684810 0.545044 2.061217
 60.200000 -1.612434 0.575504 10.177606
 60.400000 -1.709181 0.561151 1.358454
 60.600000 -1.727464 0.572640 1.362090
 60.800000 -1.658883 0.518500 3.749497
 61.000000 -1.776016 0.587113 2.487891
 61.200000 -1.726634 0.570679 1.283005
 61.400000 -1.712134 0.532807 0.593345
 61.600000 -1.733044 0.539851 0.207536
 61.800000 -1.732052 0.533641 0.138567
 62.000000 -1.643948 0.626439 10.427099
 62.200000 -1.714608 0.493091 0.937257
 62.400000 -1.739698 0.515945 0.045144
 62.600000 -1.713274 0.611695 4.394278
 62.800000 -1.721254 0.599186 3.146486
 63.000000 -1.735470 0.511474 0.122104
 63.200000 -1.714237 0.493767 0.928315
 63.400000 -1.720445 0.598021 3.078916
 63.600000 -1.715914 0.578549 1.942421
 63.800000 -1.697619 0.534458 1.197077
 64.000000 -1.782714 0.586826 2.697644
 64.200000 -1.795995 0.561780 2.012397
 64.400000 -1.605322 0.542409 9.977928
 64.600000 -1.711677 0.551908 0.966927
 64.800000 -1.781126 0.535106 0.706903
 65.000000 -1.703265 0.467566 2.454551
 65.200000 -1.727157 0.604560 3.442464
 65.400000 -1.654035 0.560852 4.861248
 65.600000 -1.724947 0.519474 0.216227
 65.800000 -1.778569 0.455804 2.850521
 66.000000 -1.673809 0.448935 5.344863
 66.200000 -1.651616 0.639583 11.117228
 66.400000 -1.808517 0.602250 5.089359
 66.600000 -1.832836 0.520456 3.833691
 66.800000 -1.694496 0.477892 2.336579
 67.000000 -1.616515 0.538613 8.409334
 67.200000 -1.674105 0.480151 3.480325
 67.400000 -1.817198 0.486526 3.269749
 67.600000 -1.752849 0.533231 0.074663
 67.800000 -1.675142 0.623853 7.488578
 68.000000 -1.725249 0.558332 0.804805
 68.200000 -1.833847 0.601765 6.972628
 68.400000 -1.742807 0.572714 1.209349
 68.600000 -1.710095 0.549773 0.963286
 68.800000 -1.678396 0.491483 2.755758
 69.000000 -1.684702 0.586328 3.805342
 69.200000 -1.844517 0.539023 5.038096
 69.400000 -1.746751 0.565270 0.869276
 69.600000 -1.723663 0.551794 0.632212
 69.800000 -1.720399 0.624983 5.450101
 70.000000 -1.661497 0.561395 4.228181
 70.200000 -1.767480 0.668502 10.743764
 70.400000 -1.732747 0.503545 0.280229
 70.600000 -1.695097 0.531921 1.296246
 70.800000 -1.723987 0.495011 0.636381
 71.000000 -1.821724 0.513353 2.970576
 71.200000 -1.750861 0.580251 1.620043
 71.400000 -1.708214 0.581790 2.381880
 71.600000 -1.757721 0.598099 2.851930
 71.800000 -1.772574 0.522814 0.371435
 72.000000 -1.658646 0.498417 4.074089
 72.200000 -1.631786 0.542049 6.616238
 72.400000 -1.732420 0.591408 2.382343
 72.600000 -1.753544 0.489313 0.621508
 72.800000 -1.675874 0.548686 2.726725
 73.000000 -1.689740 0.579999 3.135543
 73.200000 -1.705967 0.507746 0.900366
 73.400000 -1.714734 0.556435 1.007141
 73.600000 -1.700714 0.549703 1.335984
 73.800000 -1.752485 0.523758 0.025614
 74.000000 -1.672305 0.553522 3.113979
 74.200000 -1.669778 0.525366 2.855541
 74.400000 -1.815986 0.550214 2.850379
 74.600000 -1.689906 0.557898 2.124100
 74.800000 -1.686591 0.535349 1.794115
 75.000000 -1.733559 0.558591 0.681497
 75.200000 -1.713004 0.540976 0.673445
 75.400000 -1.752174 0.470234 1.447306
 75.600000 -1.689437 0.561127 2.266156
 75.800000 -1.757086 0.520100 0.075226
 76.000000 -1.753123 0.526137 0.033593
 76.200000 -1.783566 0.559649 1.380825
 76.400000 -1.745309 0.493497 0.453045
 76.600000 -1.650986 0.526539 4.454668
 76.800000 -1.720224 0.543062 0.504528
 77.000000 -1.756590 0.480997 0.970834
 77.200000 -1.661310 0.561417 4.244693
 77.400000 -1.710094 0.617178 4.999266
 77.600000 -1.765936 0.494814 0.626601
 77.800000 -1.645432 0.543792 5.193648
 78.000000 -1.754240 0.481490 0.926299
 78.200000 -1.688250 0.514678 1.668813
 78.400000 -1.770528 0.539531 0.444394
 78.600000 -1.790247 0.603538 4.203976
 78.800000 -1.630841 0.554812 7.040863
 79.000000 -1.839671 0.534876 4.513755
 79.200000 -1.652911 0.628185 9.739691
 79.400000 -1.669593 0.576421 4.263116
 79.600000 -1.802944 0.506008 1.814442
 79.800000 -1.581675 0.500781 13.651658
 80.000000 -1.726477 0.521128 0.180754
 80.200000 -1.773750 0.547872 0.698475
 80.400000 -1.751011 0.571735 1.174676
 80.600000 -1.821859 0.589937 5.128791
 80.800000 -1.727388 0.587711 2.216145
 81.000000 -1.626098 0.628572 12.617668
 81.200000 -1.740278 0.567687 0.984636
 81.400000 -1.761567 0.452261 2.676366
 81.600000 -1.668912 0.477132 3.999406
 81.800000 -1.703395 0.552115 1.285833
 82.000000 -1.699404 0.525377 1.056156
 82.200000 -1.776522 0.532204 0.523526
 82.400000 -1.749674 0.563832 0.818778
 82.600000 -1.683291 0.543884 2.130125
 82.800000 -1.638365 0.527222 5.727259
 83.000000 -1.652331 0.535068 4.390132
 83.200000 -1.795041 0.480312 2.172491
 83.400000 -1.682170 0.569977 3.070022
 83.600000 -1.652096 0.548525 4.656858
 83.800000 -1.724492 0.510416 0.303991
 84.000000 -1.784023 0.556063 1.275545
 84.200000 -1.634846 0.499791 6.386699
 84.400000 -1.709647 0.553936 1.096760
 84.600000 -1.716593 0.500986 0.668555
 84.800000 -1.774359 0.566464 1.340076
 85.000000 -1.711124 0.460930 2.548690
 85.200000 -1.692957 0.574961 2.690467
 85.400000 -1.762934 0.478371 1.177724
 85.600000 -1.762912 0.552068 0.559840
 85.800000 -1.715004 0.552936 0.890130
 86.000000 -1.745714 0.572284 1.185220
 86.200000 -1.673094 0.540928 2.759116
 86.400000 -1.630766 0.461872 8.467415
 86.600000 -1.713021 0.473829 1.760423
 86.800000 -1.846437 0.536004 5.188350
 87.000000 -1.604516 0.547393 10.197245
 87.200000 -1.720119 0.571045 1.443358
 87.400000 -1.783477 0.587461 2.766802
 87.600000 -1.784959 0.501476 1.029978
 87.800000 -1.706647 0.557606 1.326414
 88.000000 -1.672262 0.588568 4.779940
 88.200000 -1.770130 0.525321 0.309017
 88.400000 -1.735255 0.490735 0.590769
 88.600000 -1.755231 0.607956 3.607060
 88.800000 -1.747651 0.512222 0.067408
 89.000000 -1.648166 0.533050 4.765009
 89.200000 -1.743788 0.526840 0.006440
 89.400000 -1.731135 0.502688 0.319362
 89.600000 -1.724524 0.616408 4.523206
 89.800000 -1.634067 0.547802 6.482517
 90.000000 -1.842054 0.580894 6.319204
 90.200000 -1.734078 0.487444 0.716867
 90.400000 -1.688803 0.522467 1.598255
 90.600000 -1.612791 0.586122 10.737769
 90.800000 -1.750991 0.558626 0.629482
 91.000000 -1.703273 0.530555 0.908554
 91.200000 -1.780986 0.538686 0.749506
 91.400000 -1.687860 0.489880 2.219846
 91.600000 -1.614213 0.523699 8.595800
 91.800000 -1.715342 0.451336 3.060539
 92.000000 -1.777311 0.539113 0.631772
 92.200000 -1.681022 0.504752 2.245281
 92.400000 -1.699882 0.567496 1.996213
 92.600000 -1.708063 0.495623 1.085689
 92.800000 -1.771389 0.524694 0.340144
 93.000000 -1.813849 0.489723 2.921295
 93.200000 -1.730278 0.615053 4.295182
 93.400000 -1.684233 0.580613 3.491696
 93.600000 -1.717865 0.457716 2.547427
 93.800000 -1.748404 0.482552 0.847135
 94.000000 -1.769912 0.520898 0.305814
 94.200000 -1.679933 0.549694 2.478781
 94.400000 -1.697744 0.506024 1.286617
 94.600000 -1.766485 0.525038 0.224816
 94.800000 -1.764598 0.462657 2.042609
 95.000000 -1.635420 0.539094 6.160061
 95.200000 -1.640624 0.584560 7.339759
 95.400000 -1.738779 0.508415 0.136728
 95.600000 -1.886543 0.513434 10.022267
 95.800000 -1.692309 0.625083 6.555071
 96.000000 -1.686298 0.529027 1.757071
 96.200000 -1.740754 0.420827 5.291475
 96.400000 -1.710733 0.536730 0.684656
 96.600000 -1.740004 0.480063 0.961844
 96.800000 -1.758705 0.482402 0.938046
 97.000000 -1.697901 0.515951 1.153977
 97.200000 -1.786529 0.584739 2.717801
 97.400000 -1.728734 0.478710 1.145201
 97.600000 -1.719949 0.522088 0.323230
 97.800000 -1.641095 0.485109 6.173103
 98.000000 -1.761072 0.569653 1.184410
 98.200000 -1.726107 0.449155 2.955718
 98.400000 -1.776857 0.540122 0.633527
 98.600000 -1.644283 0.543137 5.296022
 98.800000 -1.675671 0.585995 4.372768
 99.000000 -1.777916 0.540670 0.676681
 99.200000 -1.841758 0.512897 4.706519
 99.400000 -1.691552 0.608020 5.009479
 99.600000 -1.667400 0.616821 7.381699
 99.800000 -1.798104 0.527261 1.399288
 100.000000 -1.728727 0.444977 3.228473
 100.200000 -1.717666 0.540720 0.529206
 100.400000 -1.678781 0.642639 9.299662
 100.600000 -1.680930 0.533617 2.123801
 100.800000 -1.743166 0.469411 1.470515
 101.000000 -1.778933 0.513765 0.612945
 101.200000 -1.661453 0.587839 5.581061
 101.400000 -1.660155 0.648186 11.388324
 101.600000 -1.806852 0.669055 12.471256
 101.800000 -1.752814 0.571198 1.160878
 102.000000 -1.700878 0.556233 1.520454
 102.200000 -1.685356 0.517007 1.820143
 102.400000 -1.746396 0.432100 4.186572
 102.600000 -1.740509 0.521435 0.013957
 102.800000 -1.805438 0.550040 2.156133
 103.000000 -1.683497 0.513503 1.962563
 103.200000 -1.666206 0.558767 3.748639
 103.400000 -1.789697 0.575408 2.326350
 103.600000 -1.642259 0.492749 5.787622
 103.800000 -1.720270 0.511919 0.382181
 104.000000 -1.731666 0.583162 1.867255
 104.200000 -1.680201 0.510049 2.212607
 104.400000 -1.752543 0.530450 0.049485
 104.600000 -1.764305 0.642234 7.217210
 104.800000 -1.699489 0.607533 4.573133
 105.000000 -1.824558 0.487985 3.772768
 105.200000 -1.736363 0.547909 0.335700
 105.400000 -1.634899 0.533587 6.147321
 105.600000 -1.792643 0.546755 1.387389
 105.800000 -1.642588 0.538905 5.395029
 106.000000 -1.730437 0.523424 0.110898
 106.200000 -1.790313 0.474456 2.219279
 106.400000 -1.723384 0.502199 0.469762
 106.600000 -1.734988 0.631106 5.832329
 106.800000 -1.791757 0.531889 1.112156
 107.000000 -1.770762 0.556309 0.858381
 107.200000 -1.697236 0.608196 4.734804
 107.400000 -1.694826 0.555668 1.789502
 107.600000 -1.767696 0.570397 1.345148
 107.800000 -1.838163 0.577924 5.784686
 108.000000 -1.708577 0.552375 1.089379
 108.200000 -1.726321 0.444827 3.283193
 108.400000 -1.648427 0.520563 4.699657
 108.600000 -1.759304 0.566733 1.027921
 108.800000 -1.713733 0.518827 0.510531
 109.000000 -1.652614 0.547353 4.580214
 109.200000 -1.765067 0.595761 2.798460
 109.400000 -1.755115 0.487448 0.701330
 109.600000 -1.756823 0.581386 1.735716
 109.800000 -1.654611 0.461923 6.016790
 110.000000 -1.694965 0.513159 1.322793
 110.200000 -1.659425 0.501619 3.931370
 110.400000 -1.766037 0.618950 4.760295
 110.600000 -1.724295 0.564828 1.071138
 110.800000 -1.576506 0.468004 15.796055
 111.000000 -1.700585 0.520240 1.006673
 111.200000 -1.736689 0.532114 0.073580
 111.400000 -1.809072 0.511606 2.103502
 111.600000 -1.634684 0.641530 13.075109
 111.800000 -1.734516 0.513007 0.114553
 112.000000 -1.795380 0.466111 2.904930
 112.200000 -1.651993 0.398946 12.125056
 112.400000 -1.642761 0.450847 7.906508
 112.600000 -1.680968 0.491138 2.598036
 112.800000 -1.841568 0.562872 5.402149
 113.000000 -1.747702 0.574084 1.277204
 113.200000 -1.713338 0.487060 1.179268
 113.400000 -1.784257 0.547621 1.046226
 113.600000 -1.700978 0.519511 0.991884
 113.800000 -1.639983 0.470344 6.966951
 114.000000 -1.766211 0.486883 0.892029
 114.200000 -1.758185 0.506636 0.226509
 114.400000 -1.679177 0.551928 2.589312
 114.600000 -1.692744 0.457972 3.536031
 114.800000 -1.741518 0.634199 6.123425
 115.000000 -1.705279 0.517728 0.819254
 115.200000 -1.710360 0.539373 0.735831
 115.400000 -1.696139 0.568420 2.214341
 115.600000 -1.772139 0.466583 1.984758
 115.800000 -1.620822 0.465883 9.416558
 116.000000 -1.739127 0.529567 0.037042
 116.200000 -1.682392 0.537221 2.073317
 116.400000 -1.704735 0.619673 5.439107
 116.600000 -1.705282 0.489330 1.389072
 116.800000 -1.863264 0.517890 6.970550
 117.000000 -1.710754 0.491790 1.103622
 117.200000 -1.704126 0.573007 2.069444
 117.400000 -1.688172 0.459235 3.704882
 117.600000 -1.747080 0.652421 8.299174
 117.800000 -1.730212 0.568216 1.109590
 118.000000 -1.759440 0.580701 1.729893
 118.200000 -1.718873 0.520059 0.356224
 118.400000 -1.750510 0.550938 0.387135
 118.600000 -1.741803 0.480003 0.956507
 118.800000 -1.653106 0.548969 4.574334
 119.000000 -1.758432 0.550425 0.445665
 119.200000 -1.707040 0.567940 1.716113
 119.400000 -1.755413 0.595201 2.614254
 119.600000 -1.833599 0.538783 4.011023
 119.800000 -1.704260 0.612196 4.768076
 120.000000 -1.757868 0.509543 0.177389
 120.200000 -1.733576 0.567762 1.044269
 120.400000 -1.664053 0.513911 3.349813
 120.600000 -1.723511 0.552612 0.658900
 120.800000 -1.690565 0.567146 2.447752
 121.000000 -1.723293 0.499752 0.527134
 121.200000 -1.729933 0.466807 1.731163
 121.400000 -1.696526 0.586285 3.155643
 121.600000 -1.685927 0.483061 2.586017
 121.800000 -1.786413 0.564157 1.666433
 122.000000 -1.798017 0.564209 2.212566
 122.200000 -1.745212 0.515222 0.035093
 122.400000 -1.639753 0.516728 5.596819
 122.600000 -1.727840 0.522914 0.153166
 122.800000 -1.724302 0.591295 2.512451
 123.000000 -1.779505 0.522256 0.584886
 123.200000 -1.768113 0.473317 1.523665
 123.400000 -1.719320 0.531146 0.366722
 123.600000 -1.701971 0.618904 5.481545
 123.800000 -1.843098 0.565349 5.650888
 124.000000 -1.707411 0.649943 8.700341
 124.200000 -1.753794 0.630961 5.799105
 124.400000 -1.804391 0.537392 1.839256
 124.600000 -1.793941 0.533544 1.230997
 124.800000 -1.694201 0.503023 1.518749
 125.000000 -1.655636 0.525814 4.024876
 125.200000 -1.765105 0.515499 0.228338
 125.400000 -1.778480 0.532242 0.586829
 125.600000 -1.706175 0.558697 1.382483
 125.800000 -1.669020 0.516191 2.938985
 126.000000 -1.756178 0.466225 1.704696
 126.200000 -1.732518 0.513732 0.130738
 126.400000 -1.682389 0.541757 2.145565
 126.600000 -1.841504 0.479460 5.598871
 126.800000 -1.808394 0.513871 2.035906
 127.000000 -1.706328 0.507960 0.882844
 127.200000 -1.731015 0.499118 0.402111
 127.400000 -1.789449 0.571764 2.133194
 127.600000 -1.682661 0.505092 2.134881
 127.800000 -1.745530 0.487375 0.656119
 128.000000 -1.739762 0.492962 0.484812
 128.200000 -1.699953 0.517440 1.048480
 128.400000 -1.780560 0.595359 3.195370
 128.600000 -1.758013 0.515222 0.115529
 128.800000 -1.737682 0.589668 2.211804
 129.000000 -1.685783 0.529074 1.787840
 129.200000 -1.730883 0.599183 2.960840
 129.400000 -1.700652 0.581806 2.692104
 129.600000 -1.682004 0.525185 2.006295
 129.800000 -1.726660 0.524442 0.174629
 130.000000 -1.664902 0.577250 4.673516
 130.200000 -1.778613 0.513064 0.609408
 130.400000 -1.714089 0.552779 0.913702
 130.600000 -1.744614 0.573267 1.233709
 130.800000 -1.677363 0.540184 2.447258
 131.000000 -1.701347 0.614862 5.131751
 131.200000 -1.737275 0.580841 1.670748
 131.400000 -1.724914 0.599317 3.075046
 131.600000 -1.731171 0.617034 4.465278
 131.800000 -1.717744 0.563322 1.169436
 132.000000 -1.754324 0.511756 0.110576
 132.200000 -1.710087 0.608047 4.186800
 132.400000 -1.695919 0.493609 1.670376
 132.600000 -1.782433 0.562846 1.458519
 132.800000 -1.617346 0.511159 8.267243
 133.000000 -1.703180 0.549649 1.227599
 133.200000 -1.697854 0.434474 5.098602
 133.400000 -1.796418 0.642984 8.431523
 133.600000 -1.666684 0.547169 3.370336
 133.800000 -1.657653 0.548236 4.147101
 134.000000 -1.771387 0.615735 4.584016
 134.200000 -1.734357 0.553056 0.494077
 134.400000 -1.662541 0.530153 3.448448
 134.600000 -1.689185 0.599563 4.461398
 134.800000 -1.801697 0.586795 3.585526
 135.000000 -1.716081 0.623099 5.377910
 135.200000 -1.741172 0.561024 0.708971
 135.400000 -1.803743 0.626193 6.968865
 135.600000 -1.726578 0.532527 0.215658
 135.800000 -1.777478 0.589420 2.682975
 136.000000 -1.686613 0.643449 8.905778
 136.200000 -1.786290 0.540022 0.973750
 136.400000 -1.686812 0.504254 1.899254
 136.600000 -1.700948 0.556359 1.521452
 136.800000 -1.717005 0.559444 1.043568
 137.000000 -1.731751 0.562088 0.832900
 137.200000 -1.692510 0.601009 4.391086
 137.400000 -1.707006 0.585451 2.647176
 137.600000 -1.729232 0.508399 0.245089
 137.800000 -1.710971 0.571918 1.757585
 138.000000 -1.673735 0.497610 2.900584
 138.200000 -1.713664 0.557102 1.062575
 138.400000 -1.752159 0.643888 7.258025
 138.600000 -1.703127 0.496703 1.252207
 138.800000 -1.691999 0.487893 2.059495
 139.000000 -1.746827 0.551122 0.379877
 139.200000 -1.710417 0.443309 3.832638
 139.400000 -1.703190 0.500014 1.165971
 139.600000 -1.708493 0.563036 1.456115
 139.800000 -1.658267 0.472914 5.074355
 140.000000 -1.684718 0.524244 1.837059
 140.200000 -1.809743 0.464966 3.793485
 140.400000 -1.672669 0.559622 3.288599
 140.600000 -1.672190 0.592567 5.052997
 140.800000 -1.826321 0.519705 3.287449
 141.000000 -1.770331 0.526759 0.317528
 141.200000 -1.728903 0.551944 0.536653
 141.400000 -1.680597 0.528806 2.108711
 141.600000 -1.801405 0.498497 1.887262
 141.800000 -1.681249 0.598343 4.846539
 142.000000 -1.746283 0.563275 0.787537
 142.200000 -1.770616 0.611703 4.200882
 142.400000 -1.648558 0.479351 5.661247
 142.600000 -1.766129 0.512065 0.282826
 142.800000 -1.801152 0.582349 3.283884
 143.000000 -1.666101 0.584647 5.001979
 143.200000 -1.714461 0.567556 1.442539
 143.400000 -1.797557 0.532737 1.405636
 143.600000 -1.667863 0.477940 4.042822
 143.800000 -1.626516 0.421565 12.263776
 144.000000 -1.689211 0.442496 4.863453
 144.200000 -1.759122 0.496490 0.462560
 144.400000 -1.769456 0.551790 0.688417
 144.600000 -1.747503 0.573721 1.258494
 144.800000 -1.730487 0.550095 0.461173
 145.000000 -1.743061 0.397197 7.991222
 145.200000 -1.777766 0.482293 1.379138
 145.400000 -1.731302 0.638818 6.736098
 145.600000 -1.667977 0.473217 4.260830
 145.800000 -1.749957 0.458541 2.126951
 146.000000 -1.772837 0.509829 0.473133
 146.200000 -1.716474 0.483751 1.210257
 146.400000 -1.638284 0.554706 6.213164
 146.600000 -1.757695 0.599682 2.970817
 146.800000 -1.758063 0.516965 0.103072
 147.000000 -1.724983 0.573949 1.474553
 147.200000 -1.669261 0.570651 4.000109
 147.400000 -1.723432 0.486149 0.940961
 147.600000 -1.703799 0.446473 3.836534
 147.800000 -1.674461 0.564661 3.354197
 148.000000 -1.757761 0.559997 0.739694
 148.200000 -1.801120 0.614859 5.720556
 148.400000 -1.761471 0.544193 0.342343
 148.600000 -1.762322 0.520246 0.149999
 148.800000 -1.742266 0.545069 0.235177
 149.000000 -1.682400 0.642351 9.031154
 149.200000 -1.757876 0.558903 0.701896
 149.400000 -1.793124 0.574490 2.437131
 149.600000 -1.724158 0.589867 2.419883
 149.800000 -1.700881 0.438940 4.571400
 150.000000 -1.714302 0.531248 0.510608
 150.200000 -1.750518 0.506094 0.166673
 150.400000 -1.786322 0.576246 2.226046
 150.600000 -1.715029 0.531686 0.491761
 150.800000 -1.776064 0.562929 1.245755
 151.000000 -1.730775 0.496976 0.460313
 151.200000 -1.689084 0.496649 1.944872
 151.400000 -1.708322 0.461029 2.642240
 151.600000 -1.649006 0.602695 7.767238
 151.800000 -1.683779 0.552801 2.320639
 152.000000 -1.801310 0.455891 3.859140
 152.200000 -1.750900 0.490828 0.552494
 152.400000 -1.677295 0.521869 2.315829
 152.600000 -1.736871 0.626180 5.297211
 152.800000 -1.740217 0.553948 0.473619
 153.000000 -1.762902 0.607588 3.681467
 153.200000 -1.638940 0.585631 7.583296
 153.400000 -1.685956 0.515484 1.795538
 153.600000 -1.733497 0.480998 0.977406
 153.800000 -1.785239 0.581756 2.487536
 154.000000 -1.692021 0.569748 2.485774
 154.200000 -1.734193 0.595895 2.675384
 154.400000 -1.738194 0.546668 0.291556
 154.600000 -1.700682 0.487763 1.638781
 154.800000 -1.662319 0.553578 3.894754
 155.000000 -1.766157 0.512781 0.275421
 155.200000 -1.780241 0.503654 0.808330
 155.400000 -1.694582 0.534547 1.347589
 155.600000 -1.720977 0.555721 0.812426
 155.800000 -1.727468 0.454206 2.567221
 156.000000 -1.750506 0.499913 0.293918
 156.200000 -1.622212 0.508404 7.694313
 156.400000 -1.739516 0.559303 0.654279
 156.600000 -1.797596 0.537558 1.463363
 156.800000 -1.705032 0.549199 1.139627
 157.000000 -1.764012 0.522568 0.175054
 157.200000 -1.808305 0.438789 5.579353
 157.400000 -1.768743 0.568969 1.303317
 157.600000 -1.620175 0.581591 9.513361
 157.800000 -1.727544 0.545557 0.399231
 158.000000 -1.706225 0.477928 1.807498
 158.200000 -1.780518 0.566039 1.519703
 158.400000 -1.705813 0.477831 1.828112
 158.600000 -1.685753 0.488875 2.377529
 158.800000 -1.746998 0.502396 0.226166
 159.000000 -1.765351 0.510010 0.292769
 159.200000 -1.764818 0.481079 1.093861
 159.400000 -1.731912 0.529871 0.109685
 159.600000 -1.741380 0.440084 3.495142
 159.800000 -1.797393 0.520256 1.360891
 160.000000 -1.662420 0.534301 3.494269
 160.200000 -1.729899 0.503022 0.330765
 160.400000 -1.728070 0.460257 2.155018
 160.600000 -1.721269 0.546013 0.540645
 160.800000 -1.664063 0.446837 6.248298
 161.000000 -1.695493 0.612062 5.154732
 161.200000 -1.735826 0.573418 1.286147
 161.400000 -1.828217 0.506616 3.579395
 161.600000 -1.735937 0.487085 0.710741
 161.800000 -1.659502 0.476646 4.785402
 162.000000 -1.675113 0.502236 2.693382
 162.200000 -1.675634 0.550842 2.799781
 162.400000 -1.682829 0.465585 3.635958
 162.600000 -1.811472 0.582518 3.923208
 162.800000 -1.747268 0.464494 1.748579
 163.000000 -1.688169 0.477278 2.706469
 163.200000 -1.771463 0.556420 0.880101
 163.400000 -1.682818 0.516620 1.978158
 163.600000 -1.678470 0.547781 2.527471
 163.800000 -1.719567 0.497723 0.666630
 164.000000 -1.630826 0.525856 6.558039
 164.200000 -1.759712 0.531604 0.135467
 164.400000 -1.665572 0.502159 3.410453
 164.600000 -1.714524 0.654068 8.985589
 164.800000 -1.730721 0.521162 0.109674
 165.000000 -1.738658 0.428086 4.583644
 165.200000 -1.689630 0.549122 1.876903
 165.400000 -1.717604 0.564846 1.235005
 165.600000 -1.682002 0.528839 2.018920
 165.800000 -1.697901 0.451077 3.754433
 166.000000 -1.718303 0.474011 1.594700
 166.200000 -1.663184 0.435235 7.277992
 166.400000 -1.741290 0.581719 1.697162
 166.600000 -1.686676 0.518922 1.731066
 166.800000 -1.731870 0.570663 1.198080
 167.000000 -1.695911 0.543870 1.426524
 167.200000 -1.687584 0.605043 4.983889
 167.400000 -1.694933 0.396230 9.381337
 167.600000 -1.692373 0.509202 1.505805
 167.800000 -1.751652 0.526809 0.025144
 168.000000 -1.769082 0.546881 0.553123
 168.200000 -1.622988 0.530378 7.506674
 168.400000 -1.720873 0.466434 1.932944
 168.600000 -1.782781 0.497655 1.037842
 168.800000 -1.704752 0.520459 0.828201
 169.000000 -1.709854 0.476130 1.755911
 169.200000 -1.741070 0.565068 0.868914
 169.400000 -1.705320 0.660160 10.124908
 169.600000 -1.707814 0.614443 4.830070
 169.800000 -1.750055 0.491228 0.535115
 170.000000 -1.625891 0.481677 8.011403
 170.200000 -1.723066 0.570922 1.367547
 170.400000 -1.746886 0.539141 0.121997
 170.600000 -1.747422 0.622198 4.863056
 170.800000 -1.752486 0.575316 1.362950
 171.000000 -1.760715 0.627687 5.535504
 171.200000 -1.671931 0.486609 3.377810
 171.400000 -1.791160 0.577625 2.509628
 171.600000 -1.680324 0.572706 3.318577
 171.800000 -1.690916 0.584301 3.322777
 172.000000 -1.664831 0.470042 4.674157
 172.200000 -1.723875 0.568463 1.236537
 172.400000 -1.771660 0.553114 0.782221
 172.600000 -1.765326 0.636674 6.592943
 172.800000 -1.718117 0.577048 1.798652
 173.000000 -1.770141 0.524512 0.308229
 173.200000 -1.693884 0.557702 1.904784
 173.400000 -1.705678 0.524957 0.787043
 173.600000 -1.704315 0.413044 6.952215
 173.800000 -1.693503 0.505820 1.501001
 174.000000 -1.777284 0.516630 0.534834
 174.200000 -1.799227 0.553679 1.904878
 174.400000 -1.641345 0.619396 9.994910
 174.600000 -1.729850 0.455404 2.445069
 174.800000 -1.785344 0.595742 3.402872
 175.000000 -1.800253 0.520962 1.511799
 175.200000 -1.756735 0.582705 1.811814
 175.400000 -1.643826 0.609969 8.881349
 175.600000 -1.822547 0.562439 3.735553
 175.800000 -1.697855 0.478690 2.135311
 176.000000 -1.682414 0.610672 5.770003
 176.200000 -1.724139 0.490196 0.782370
 176.400000 -1.724838 0.522552 0.210485
 176.600000 -1.717161 0.511266 0.472766
 176.800000 -1.745575 0.483382 0.808717
 177.000000 -1.689043 0.483852 2.373963
 177.200000 -1.750879 0.575603 1.367603
 177.400000 -1.788662 0.507812 1.063464
 177.600000 -1.778537 0.459255 2.621412
 177.800000 -1.722368 0.522163 0.264639
 178.000000 -1.632485 0.605267 9.701842
 178.200000 -1.795804 0.504333 1.459437
 178.400000 -1.729415 0.460054 2.145581
 178.600000 -1.698274 0.484119 1.886416
 178.800000 -1.733032 0.543443 0.272511
 179.000000 -1.657365 0.587927 5.937966
 179.200000 -1.684277 0.515634 1.895434
 179.400000 -1.794478 0.533708 1.258917
 179.600000 -1.723806 0.525070 0.232699
 179.800000 -1.682377 0.584063 3.809436
 180.000000 -1.758378 0.513016 0.141141
 180.200000 -1.804931 0.478012 2.815250
 180.400000 -1.734710 0.510761 0.138793
 180.600000 -1.671545 0.579071 4.260625
 180.800000 -1.808313 0.432283 6.152744
 181.000000 -1.763285 0.459603 2.208951
 181.200000 -1.693588 0.551480 1.727266
 181.400000 -1.722689 0.516958 0.278328
 181.600000 -1.722211 0.634985 6.470680
 181.800000 -1.683620 0.543225 2.096634
 182.000000 -1.716673 0.451394 3.017359
 182.200000 -1.729117 0.494360 0.558884
 182.400000 -1.741728 0.645307 7.412943
 182.600000 -1.718553 0.574544 1.656189
 182.800000 -1.726627 0.469062 1.662000
 183.000000 -1.756383 0.574713 1.367426
 183.200000 -1.782489 0.603638 3.893574
 183.400000 -1.685169 0.529621 1.827747
 183.600000 -1.654946 0.512864 4.142183
 183.800000 -1.836049 0.522487 4.115655
 184.000000 -1.733388 0.555672 0.585632
 184.200000 -1.640301 0.597934 8.278344
 184.400000 -1.730291 0.418584 5.627096
 184.600000 -1.776585 0.426630 5.189971
 184.800000 -1.685188 0.580502 3.427451
 185.000000 -1.668572 0.535814 3.020439
 185.200000 -1.716021 0.522371 0.430235
 185.400000 -1.748474 0.561977 0.741399
 185.600000 -1.822256 0.578053 4.441483
 185.800000 -1.709696 0.521982 0.636185
 186.000000 -1.583826 0.516277 13.068429
 186.200000 -1.758034 0.481119 0.982974
 186.400000 -1.813400 0.566099 3.219932
 186.600000 -1.647210 0.530112 4.834896
 186.800000 -1.682658 0.532505 2.003509
 187.000000 -1.772981 0.521769 0.383981
 187.200000 -1.769603 0.531468 0.325570
 187.400000 -1.743422 0.530687 0.026940
 187.600000 -1.636328 0.562770 6.707870
 187.800000 -1.765281 0.601691 3.248192
 188.000000 -1.757661 0.479338 1.055569
 188.200000 -1.715548 0.523471 0.443478
 188.400000 -1.692008 0.556394 1.959323
 188.600000 -1.701807 0.581051 2.597435
 188.800000 -1.727992 0.522824 0.150598
 189.000000 -1.687948 0.519615 1.654239
 189.200000 -1.753970 0.533622 0.087570
 189.400000 -1.799582 0.554095 1.936715
 189.600000 -1.750408 0.580355 1.623546
 189.800000 -1.678595 0.465997 3.885755
 190.000000 -1.756735 0.482517 0.908904
 190.200000 -1.650306 0.572350 5.703036
 190.400000 -1.639525 0.535380 5.666707
 190.600000 -1.749713 0.446903 2.950720
 190.800000 -1.722373 0.544744 0.487053
 191.000000 -1.706674 0.601058 3.747102
 191.200000 -1.764027 0.570682 1.283212
 191.400000 -1.731965 0.536200 0.168698
 191.600000 -1.727708 0.559143 0.786940
 191.800000 -1.750411 0.437899 3.685162
 192.000000 -1.645719 0.459185 7.035661
 192.200000 -1.669144 0.547840 3.195898
 192.400000 -1.751685 0.512374 0.083200
 192.600000 -1.715464 0.483811 1.237479
 192.800000 -1.735611 0.556046 0.573639
 193.000000 -1.731838 0.510365 0.178583
 193.200000 -1.731019 0.559237 0.737425
 193.400000 -1.799534 0.479445 2.443880
 193.600000 -1.754929 0.520749 0.050142
 193.800000 -1.710821 0.582858 2.351237
 194.000000 -1.732496 0.536487 0.165397
 194.200000 -1.737413 0.481277 0.926912
 194.400000 -1.676862 0.500084 2.620385
 194.600000 -1.725551 0.446449 3.171619
 194.800000 -1.714758 0.558708 1.083604
 195.000000 -1.721615 0.565926 1.176982
 195.200000 -1.887405 0.541061 10.245221
 195.400000 -1.697086 0.530364 1.186594
 195.600000 -1.608296 0.543930 9.595752
 195.800000 -1.821982 0.565642 3.821670
 196.000000 -1.766419 0.558620 0.835641
 196.200000 -1.647716 0.585432 6.675862
 196.400000 -1.808680 0.604942 5.315020
 196.600000 -1.796453 0.503371 1.511389
 196.800000 -1.591694 0.561827 12.532655
 197.000000 -1.748007 0.541625 0.166058
 197.200000 -1.784712 0.488299 1.398549
 197.400000 -1.681172 0.548066 2.357383
 197.600000 -1.775041 0.618993 4.991419
 197.800000 -1.705110 0.486012 1.515171
 198.000000 -1.720182 0.508319 0.432920
 198.200000 -1.831312 0.610005 7.429565
 198.400000 -1.663966 0.563930 4.123293
 198.600000 -1.701832 0.591453 3.248062
 198.800000 -1.851357 0.540007 5.755532
 199.000000 -1.653367 0.586781 6.224518
 199.200000 -1.748635 0.539722 0.135445
 199.400000 -1.829182 0.491438 4.032807
 199.600000 -1.720651 0.575545 1.653736
 199.800000 -1.723571 0.472488 1.542840
 200.000000 -1.809594 0.561559 2.785436
