#! FIELDS time phi psi restraint.bias
#! SET min_phi -pi
#! SET max_phi pi
#! SET min_psi -pi
#! SET max_psi pi
 0.000000 -0.663492 1.311273 154.408164
 0.200000 -0.251730 1.031054 3.110015
 0.400000 -0.062515 1.186851 16.025626
 0.600000 -0.085696 1.161093 10.432047
 0.800000 -0.046139 1.147861 13.309024
 1.000000 -0.251992 1.114914 5.292743
 1.200000 -0.223423 1.117721 3.681921
 1.400000 -0.145894 1.131378 3.953289
 1.600000 -0.268833 1.023852 4.718747
 1.800000 -0.157215 0.974635 2.782620
 2.000000 -0.189350 1.006740 0.928196
 2.200000 -0.250027 0.971790 5.692807
 2.400000 -0.211485 0.936794 6.777178
 2.600000 -0.198290 1.055751 0.318765
 2.800000 -0.225561 0.985263 3.219872
 3.000000 -0.167259 0.998935 1.191083
 3.200000 -0.232484 1.049497 1.681778
 3.400000 -0.191131 1.061351 0.237906
 3.600000 -0.118337 1.034378 1.661170
 3.800000 -0.325045 1.093029 12.377225
 4.000000 -0.143046 1.095556 1.664975
 4.200000 -0.164526 1.105419 1.744913
 4.400000 -0.268868 1.012263 5.059788
 4.600000 -0.112331 1.044474 1.938222
 4.800000 -0.109149 1.087890 2.965489
 5.000000 -0.205158 1.046832 0.469009
 5.200000 -0.201360 0.963708 3.845119
 5.400000 -0.216950 1.065543 1.067877
 5.600000 -0.266087 1.035253 4.262379
 5.800000 -0.159897 1.037754 0.151699
 6.000000 -0.155125 1.039032 0.221664
 6.200000 -0.194184 0.957776 4.191194
 6.400000 -0.186186 1.016604 0.535869
 6.600000 -0.086501 1.083943 4.549958
 6.800000 -0.189717 1.028786 0.284766
 7.000000 -0.214137 1.070630 1.058765
 7.200000 -0.242839 1.086300 3.097340
 7.400000 -0.155955 1.081557 0.762842
 7.600000 -0.098513 1.083790 3.559023
 7.800000 -0.221964 1.033429 1.219627
 8.000000 -0.156731 1.093143 1.213956
 8.200000 -0.163237 1.108914 1.968271
 8.400000 -0.229645 1.044171 1.523229
 8.600000 -0.142943 1.001930 1.523541
 8.800000 -0.251694 0.991340 4.536951
 9.000000 -0.198321 1.043253 0.290703
 9.200000 -0.222631 0.995255 2.505723
 9.400000 -0.193646 1.030944 0.314757
 9.600000 -0.203710 1.065931 0.601120
 9.800000 -0.120575 1.117725 3.942807
 10.000000 -0.239934 1.122043 4.939565
 10.200000 -0.153118 1.087786 1.053018
 10.400000 -0.181055 1.139685 4.298261
 10.600000 -0.221068 1.114693 3.360593
 10.800000 -0.162528 1.055955 0.110411
 11.000000 -0.172324 1.154970 5.809881
 11.200000 -0.200015 1.007139 1.127024
 11.400000 -0.163647 1.019557 0.441253
 11.600000 -0.198810 1.132014 3.891552
 11.800000 -0.201102 0.974883 2.967647
 12.000000 -0.237238 0.999706 3.093687
 12.200000 -0.201515 1.020739 0.714060
 12.400000 -0.248287 1.021500 3.050003
 12.600000 -0.211361 1.035643 0.744920
 12.800000 -0.114038 0.999217 2.980891
 13.000000 -0.180584 0.996600 1.298380
 13.200000 -0.143066 1.046117 0.495667
 13.400000 -0.071806 1.054550 5.303420
 13.600000 -0.207127 1.026060 0.754584
 13.800000 -0.227499 1.094360 2.514844
 14.000000 -0.192473 1.048606 0.161919
 14.200000 -0.200928 1.058902 0.416833
 14.400000 -0.178637 1.110341 2.001957
 14.600000 -0.166554 0.983861 2.037572
 14.800000 -0.250679 1.086430 3.668666
 15.000000 -0.099584 1.052006 2.820238
 15.200000 -0.159970 0.932991 6.627590
 15.400000 -0.264002 1.030007 4.150162
 15.600000 -0.158953 1.016469 0.593486
 15.800000 -0.148271 1.097315 1.600730
 16.000000 -0.209191 1.092482 1.625933
 16.200000 -0.182212 1.063923 0.169357
 16.400000 -0.224938 1.042462 1.281538
 16.600000 -0.213789 1.124304 3.743234
 16.800000 -0.117355 1.178988 10.319014
 17.000000 -0.257243 1.037422 3.468237
 17.200000 -0.210024 1.006331 1.464862
 17.400000 -0.178492 1.041407 0.024606
 17.600000 -0.122866 1.051988 1.346232
 17.800000 -0.196542 1.028768 0.412018
 18.000000 -0.238232 1.009191 2.751045
 18.200000 -0.222860 0.995469 2.505658
 18.400000 -0.126427 1.031216 1.284778
 18.600000 -0.211895 1.042547 0.708773
 18.800000 -0.270363 1.031006 4.722799
 19.000000 -0.187735 0.991485 1.639065
 19.200000 -0.094366 1.064594 3.364692
 19.400000 -0.169608 1.054306 0.037392
 19.600000 -0.166541 1.063943 0.172138
 19.800000 -0.126930 1.078189 1.613245
 20.000000 -0.192534 1.108398 2.034787
 20.200000 -0.223363 1.167484 8.426638
 20.400000 -0.140360 1.051523 0.593242
 20.600000 -0.208877 1.129988 4.016915
 20.800000 -0.277107 1.078460 5.749374
 21.000000 -0.222735 0.991640 2.705030
 21.200000 -0.204079 1.046311 0.436892
 21.400000 -0.233300 0.986564 3.564959
 21.600000 -0.204417 0.936260 6.600124
 21.800000 -0.131005 1.024172 1.212436
 22.000000 -0.253775 1.117009 5.576489
 22.200000 -0.248099 1.003911 3.642822
 22.400000 -0.122825 0.969653 4.343455
 22.600000 -0.250688 1.073053 3.234021
 22.800000 -0.239034 1.069146 2.321080
 23.000000 -0.243213 1.002725 3.347417
 23.200000 -0.249098 1.119683 5.407057
 23.400000 -0.173848 1.006720 0.819457
 23.600000 -0.248962 1.027179 2.970209
 23.800000 -0.189406 1.077984 0.584508
 24.000000 -0.242346 1.018550 2.709665
 24.200000 -0.236811 1.068270 2.161330
 24.400000 -0.125209 0.990095 2.846795
 24.600000 -0.142489 1.021874 0.834036
 24.800000 -0.229529 1.037302 1.561233
 25.000000 -0.112074 1.074571 2.325228
 25.200000 -0.209151 1.020073 0.967094
 25.400000 -0.198149 1.143085 4.876016
 25.600000 -0.132302 1.108926 2.796917
 25.800000 -0.163943 1.060715 0.147441
 26.000000 -0.279456 1.044404 5.508355
 26.200000 -0.212804 0.962267 4.338979
 26.400000 -0.124851 1.050024 1.238145
 26.600000 -0.240204 1.024352 2.417332
 26.800000 -0.226303 0.995112 2.696544
 27.000000 -0.237716 1.032377 2.105887
 27.200000 -0.180710 1.034025 0.105844
 27.400000 -0.161203 0.990213 1.712463
 27.600000 -0.200079 1.096060 1.520102
 27.800000 -0.208434 1.103225 2.144208
 28.000000 -0.069145 1.066521 5.740019
 28.200000 -0.057467 1.080612 7.410508
 28.400000 -0.225768 1.008178 2.073759
 28.600000 -0.199395 1.180558 9.201513
 28.800000 -0.129981 1.081032 1.564829
 29.000000 -0.214474 1.050070 0.801788
 29.200000 -0.186806 0.950130 4.786402
 29.400000 -0.129277 0.931700 7.693912
 29.600000 -0.192951 1.072266 0.483819
 29.800000 -0.226262 1.053407 1.357210
 30.000000 -0.141310 1.048675 0.552988
 30.200000 -0.213264 1.045084 0.752300
 30.400000 -0.160209 1.038150 0.143521
 30.600000 -0.134438 1.044741 0.806837
 30.800000 -0.271645 0.991675 6.256742
 31.000000 -0.310612 1.045479 9.260175
 31.200000 -0.144232 1.027637 0.650386
 31.400000 -0.179083 0.928870 7.011116
 31.600000 -0.236552 1.079215 2.435725
 31.800000 -0.131811 1.032376 1.022407
 32.000000 -0.206744 1.092819 1.559411
 32.200000 -0.169559 1.084118 0.693930
 32.400000 -0.211134 1.091860 1.667175
 32.600000 -0.272263 1.059792 4.854846
 32.800000 -0.183552 1.196047 11.118680
 33.000000 -0.115679 1.102528 3.262579
 33.200000 -0.227773 1.092929 2.462925
 33.400000 -0.245651 1.056923 2.576169
 33.600000 -0.110054 1.064556 2.229427
 33.800000 -0.200130 1.074078 0.688882
 34.000000 -0.167279 1.057887 0.083445
 34.200000 -0.170607 1.035530 0.075769
 34.400000 -0.251141 0.974509 5.576172
 34.600000 -0.239252 1.054656 2.122076
 34.800000 -0.173085 0.976436 2.504661
 35.000000 -0.304469 1.071977 8.748693
 35.200000 -0.235129 1.027696 2.026065
 35.400000 -0.169804 0.982451 2.107261
 35.600000 -0.215562 1.085446 1.573152
 35.800000 -0.098331 1.093480 3.974419
 36.000000 -0.099654 1.035278 2.874456
 36.200000 -0.234649 1.026896 2.013069
 36.400000 -0.246845 1.116590 5.022188
 36.600000 -0.166865 1.041016 0.048504
 36.800000 -0.229037 1.102036 2.988933
 37.000000 -0.121502 1.070412 1.675618
 37.200000 -0.209545 0.984039 2.607408
 37.400000 -0.242685 1.074053 2.682973
 37.600000 -0.121617 1.037615 1.445971
 37.800000 -0.144200 1.035278 0.531082
 38.000000 -0.237445 1.041835 1.993361
 38.200000 -0.126210 1.030077 1.314113
 38.400000 -0.200133 1.015070 0.843761
 38.600000 -0.205289 1.097239 1.725056
 38.800000 -0.176047 1.000649 1.084513
 39.000000 -0.239250 0.984803 4.040651
 39.200000 -0.133868 1.056189 0.867221
 39.400000 -0.139385 1.075586 1.020668
 39.600000 -0.197232 1.074580 0.632517
 39.800000 -0.177404 1.070031 0.264808
 40.000000 -0.170161 1.082904 0.647040
 40.200000 -0.161825 1.090533 1.019723
 40.400000 -0.264621 1.132142 7.665642
 40.600000 -0.129751 1.118786 3.565140
 40.800000 -0.191268 1.103268 1.712002
 41.000000 -0.182153 1.080932 0.598033
 41.200000 -0.129635 0.980982 3.200157
 41.400000 -0.255601 1.043648 3.292331
 41.600000 -0.191753 1.000908 1.219620
 41.800000 -0.197049 1.005711 1.114053
 42.000000 -0.238655 0.984485 4.022288
 42.200000 -0.265736 1.070033 4.419733
 42.400000 -0.049637 1.003065 8.773312
 42.600000 -0.230566 0.985678 3.462139
 42.800000 -0.344594 1.080581 15.017585
 43.000000 -0.133317 1.048150 0.849840
 43.200000 -0.160528 1.076783 0.535704
 43.400000 -0.179374 1.138311 4.162535
 43.600000 -0.081603 1.009149 5.041820
 43.800000 -0.212411 1.165275 7.688520
 44.000000 -0.214116 1.177486 9.270976
 44.200000 -0.134343 1.087519 1.620523
 44.400000 -0.307456 1.080778 9.398098
 44.600000 -0.191563 1.062427 0.260977
 44.800000 -0.118892 1.016428 2.021320
 45.000000 -0.168030 1.018077 0.445144
 45.200000 -0.179995 0.985215 1.935863
 45.400000 -0.248121 1.012524 3.308742
 45.600000 -0.212768 1.041862 0.745204
 45.800000 -0.028050 1.006857 11.542317
 46.000000 -0.351697 1.048693 15.694641
 46.200000 -0.269796 0.993251 5.992648
 46.400000 -0.124577 0.995638 2.576979
 46.600000 -0.199517 1.046175 0.312614
 46.800000 -0.191167 1.075889 0.549947
 47.000000 -0.181754 1.113666 2.235091
 47.200000 -0.277785 1.084904 6.041365
 47.400000 -0.179671 1.068541 0.240976
 47.600000 -0.075688 1.092166 5.896232
 47.800000 -0.158943 1.044044 0.126503
 48.000000 -0.247805 0.971975 5.513586
 48.200000 -0.225961 1.087808 2.147040
 48.400000 -0.117540 1.032958 1.725495
 48.600000 -0.186838 0.972888 2.836658
 48.800000 -0.167342 0.971797 2.868478
 49.000000 -0.209240 1.016048 1.087444
 49.200000 -0.250558 0.963349 6.405213
 49.400000 -0.167199 1.069887 0.284297
 49.600000 -0.195212 1.089119 1.092516
 49.800000 -0.233897 1.048992 1.763665
 50.000000 -0.197550 1.146219 5.167516
 50.200000 -0.029684 1.002750 11.478371
 50.400000 -0.143884 1.038314 0.509141
 50.600000 -0.302713 1.038554 8.252451
 50.800000 -0.116930 1.076310 2.082818
 51.000000 -0.202370 1.201482 12.289260
 51.200000 -0.141234 1.014489 1.089314
 51.400000 -0.168529 1.075038 0.405568
 51.600000 -0.317230 1.056942 10.228644
 51.800000 -0.107458 0.983042 4.307521
 52.000000 -0.097438 1.009812 3.670684
 52.200000 -0.231038 1.036436 1.654330
 52.400000 -0.179771 0.982757 2.090005
 52.600000 -0.134969 1.095604 1.954232
 52.800000 -0.199472 1.004928 1.204318
 53.000000 -0.223743 1.010579 1.881270
 53.200000 -0.233843 1.025062 2.003831
 53.400000 -0.154552 1.127037 3.386793
 53.600000 -0.231899 0.991784 3.180777
 53.800000 -0.146924 1.073430 0.725205
 54.000000 -0.207530 1.101282 2.006955
 54.200000 -0.215571 1.062631 0.961177
 54.400000 -0.031079 1.024511 10.546792
 54.600000 -0.156784 1.123952 3.103155
 54.800000 -0.267252 1.061040 4.394203
 55.000000 -0.125134 1.086520 1.993228
 55.200000 -0.176317 1.212199 13.614307
 55.400000 -0.206097 1.016263 0.976629
 55.600000 -0.198423 1.025132 0.528809
 55.800000 -0.257675 1.129890 6.875319
 56.000000 -0.089553 1.038141 3.651813
 56.200000 -0.174733 0.980337 2.235165
 56.400000 -0.273186 1.033889 4.954770
 56.600000 -0.104903 0.984756 4.373617
 56.800000 -0.203103 1.029083 0.572193
 57.000000 -0.244339 1.040666 2.457742
 57.200000 -0.099326 0.929625 9.739720
 57.400000 -0.270139 1.098962 5.910069
 57.600000 -0.158751 1.035623 0.191519
 57.800000 -0.153162 0.937879 6.203622
 58.000000 -0.271729 1.051585 4.733186
 58.200000 -0.134615 1.004465 1.709757
 58.400000 -0.099713 1.011201 3.446886
 58.600000 -0.331330 1.127529 15.519270
 58.800000 -0.133057 1.043433 0.867208
 59.000000 -0.193801 1.100649 1.614172
 59.200000 -0.192856 1.188506 10.151866
 59.400000 -0.091174 1.053704 3.495532
 59.600000 -0.269666 1.128565 7.835494
 59.800000 -0.178364 1.141226 4.428040
 60.000000 -0.104981 1.023047 2.710377
 60.200000 -0.205870 1.017683 0.926589
 60.400000 -0.138482 1.052387 0.663293
 60.600000 -0.151073 0.968964 3.335438
 60.800000 -0.219897 0.985970 2.903350
 61.000000 -0.281256 1.024844 5.944712
 61.200000 -0.206052 0.941691 6.062577
 61.400000 -0.181999 1.053129 0.045466
 61.600000 -0.174476 1.036851 0.053524
 61.800000 -0.136954 0.972317 3.509659
 62.000000 -0.260051 1.117487 6.126994
 62.200000 -0.071186 1.053089 5.357639
 62.400000 -0.184084 1.163716 6.833904
 62.600000 -0.278089 1.119586 7.981942
 62.800000 -0.090379 1.054030 3.564288
 63.000000 -0.233661 1.180589 10.644740
 63.200000 -0.179833 0.967981 3.151654
 63.400000 -0.107497 0.976356 4.756183
 63.600000 -0.214006 1.098130 2.076106
 63.800000 -0.242654 1.007945 3.090635
 64.000000 -0.089821 1.080358 4.137855
 64.200000 -0.244093 1.013244 2.995755
 64.400000 -0.219624 1.041088 1.035283
 64.600000 -0.066185 1.039950 5.895934
 64.800000 -0.236173 1.008819 2.636243
 65.000000 -0.223325 1.050097 1.194540
 65.200000 -0.165262 1.051285 0.051330
 65.400000 -0.254950 1.150086 8.526503
 65.600000 -0.221386 1.032448 1.206385
 65.800000 -0.128771 1.099301 2.404419
 66.000000 -0.292754 1.079183 7.499650
 66.200000 -0.138211 1.057265 0.710303
 66.400000 -0.100914 1.087083 3.505296
 66.600000 -0.230591 1.020489 1.927896
 66.800000 -0.206470 1.101327 1.974960
 67.000000 -0.234484 1.089003 2.670881
 67.200000 -0.114412 1.026065 2.030540
 67.400000 -0.150427 0.977491 2.720032
 67.600000 -0.217719 0.970382 3.882821
 67.800000 -0.141883 0.992548 2.026325
 68.000000 -0.253835 1.022857 3.440595
 68.200000 -0.235088 1.075351 2.229756
 68.400000 -0.208448 1.011766 1.202821
 68.600000 -0.194810 1.069992 0.465382
 68.800000 -0.282029 1.029180 5.940052
 69.000000 -0.164782 1.136550 4.039459
 69.200000 -0.216209 1.021016 1.211159
 69.400000 -0.165943 1.132159 3.646095
 69.600000 -0.118777 1.023004 1.847050
 69.800000 -0.192667 1.006574 0.989570
 70.000000 -0.145834 1.095428 1.574891
 70.200000 -0.158518 1.052383 0.141683
 70.400000 -0.161446 1.017793 0.517943
 70.600000 -0.103803 0.992052 4.021845
 70.800000 -0.224520 1.119423 3.857605
 71.000000 -0.228646 1.022859 1.760318
 71.200000 -0.212643 1.034616 0.805341
 71.400000 -0.224329 1.124395 4.219558
 71.600000 -0.181241 1.032401 0.131965
 71.800000 -0.258228 1.019159 3.895465
 72.000000 -0.113341 1.047818 1.872437
 72.200000 -0.161475 0.982379 2.186001
 72.400000 -0.267974 0.998847 5.534466
 72.600000 -0.202205 1.125353 3.437044
 72.800000 -0.226150 1.046955 1.332209
 73.000000 -0.226439 1.087610 2.163694
 73.200000 -0.072461 1.036724 5.264153
 73.400000 -0.179264 1.075236 0.404282
 73.600000 -0.116076 1.061962 1.817581
 73.800000 -0.170730 1.093025 1.057310
 74.000000 -0.250573 1.136302 6.860867
 74.200000 -0.189923 1.038126 0.159565
 74.400000 -0.137535 1.092815 1.724901
 74.600000 -0.178288 1.093213 1.065779
 74.800000 -0.153050 0.975346 2.812086
 75.000000 -0.149606 1.029828 0.461520
 75.200000 -0.191201 1.088682 0.999393
 75.400000 -0.164369 1.019739 0.428644
 75.600000 -0.192137 0.994725 1.531625
 75.800000 -0.224261 1.062094 1.347388
 76.000000 -0.175382 0.973303 2.730585
 76.200000 -0.165186 1.018581 0.453124
 76.400000 -0.304590 1.095258 9.612325
 76.600000 -0.207744 1.063348 0.681896
 76.800000 -0.138587 0.997200 1.895931
 77.000000 -0.170240 1.082317 0.625902
 77.200000 -0.160583 1.090141 1.019364
 77.400000 -0.187574 1.110010 2.057736
 77.600000 -0.228782 1.181470 10.486000
 77.800000 -0.113384 1.043618 1.876004
 78.000000 -0.147734 1.079130 0.868929
 78.200000 -0.289360 1.068877 6.827636
 78.400000 -0.174060 1.006742 0.818421
 78.600000 -0.165339 1.115699 2.388498
 78.800000 -0.255868 0.994397 4.701598
 79.000000 -0.172387 0.955335 4.221674
 79.200000 -0.203490 1.038439 0.457620
 79.400000 -0.171644 1.020414 0.362840
 79.600000 -0.213488 1.045781 0.759761
 79.800000 -0.281550 1.065996 5.903000
 80.000000 -0.210889 0.998626 1.840486
 80.200000 -0.088468 1.043668 3.709831
 80.400000 -0.129695 1.032852 1.108100
 80.600000 -0.260080 1.002218 4.670749
 80.800000 -0.158032 1.073482 0.481574
 81.000000 -0.106750 1.106587 4.060838
 81.200000 -0.160708 1.088867 0.963748
 81.400000 -0.191740 1.018054 0.572701
 81.600000 -0.217708 1.125205 3.974654
 81.800000 -0.189834 1.126770 3.282922
 82.000000 -0.193518 0.988553 1.899800
 82.200000 -0.116584 1.038284 1.718756
 82.400000 -0.229495 1.030932 1.642674
 82.600000 -0.240816 0.967893 5.341331
 82.800000 -0.090659 0.960235 7.298619
 83.000000 -0.199825 0.945018 5.540179
 83.200000 -0.247683 1.040164 2.700230
 83.400000 -0.191406 1.018173 0.563563
 83.600000 -0.219301 0.966992 4.218564
 83.800000 -0.193185 0.988514 1.895828
 84.000000 -0.222619 1.117899 3.655467
 84.200000 -0.138564 1.078925 1.150220
 84.400000 -0.241489 1.069943 2.500272
 84.600000 -0.237000 1.102701 3.491367
 84.800000 -0.220150 1.085919 1.790108
 85.000000 -0.167778 1.099754 1.403905
 85.200000 -0.126580 1.142882 5.727456
 85.400000 -0.174152 1.070628 0.274562
 85.600000 -0.300522 1.070066 8.198168
 85.800000 -0.166847 1.113286 2.213398
 86.000000 -0.116984 1.042468 1.667108
 86.200000 -0.257021 1.008572 4.148102
 86.400000 -0.129509 0.937534 7.026620
 86.600000 -0.275594 0.988277 6.842464
 86.800000 -0.198058 1.042341 0.288516
 87.000000 -0.147438 0.924981 7.835450
 87.200000 -0.189596 1.014957 0.633167
 87.400000 -0.207169 1.005947 1.383337
 87.600000 -0.312546 1.054876 9.553311
 87.800000 -0.218698 1.047101 0.975281
 88.000000 -0.130865 1.102077 2.459352
 88.200000 -0.199941 1.119437 2.932090
 88.400000 -0.130089 1.009786 1.687438
 88.600000 -0.138896 1.060635 0.725301
 88.800000 -0.240878 1.145984 7.080193
 89.000000 -0.188427 1.041975 0.110166
 89.200000 -0.222693 1.037780 1.204026
 89.400000 -0.262392 1.104131 5.480319
 89.600000 -0.143041 1.069731 0.749742
 89.800000 -0.178425 1.011254 0.653535
 90.000000 -0.199694 1.012688 0.911978
 90.200000 -0.142485 1.017945 0.941401
 90.400000 -0.196217 1.040669 0.256400
 90.600000 -0.233653 1.055573 1.782662
 90.800000 -0.195904 1.067471 0.433868
 91.000000 -0.256813 1.048721 3.386168
 91.200000 -0.145029 0.987297 2.229258
 91.400000 -0.170357 1.184017 9.368444
 91.600000 -0.262541 1.045755 3.873738
 91.800000 -0.090226 1.047286 3.553814
 92.000000 -0.156199 1.156656 6.158680
 92.200000 -0.228747 1.074460 1.841191
 92.400000 -0.126636 0.996041 2.455565
 92.600000 -0.153083 1.029838 0.380740
 92.800000 -0.284009 1.066050 6.170189
 93.000000 -0.146440 1.090197 1.319089
 93.200000 -0.161655 1.025589 0.316383
 93.400000 -0.163955 1.039290 0.087209
 93.600000 -0.166163 0.987321 1.827634
 93.800000 -0.164445 1.029641 0.204991
 94.000000 -0.217016 1.053061 0.919589
 94.200000 -0.213801 1.062461 0.887479
 94.400000 -0.113866 1.052866 1.856294
 94.600000 -0.162372 1.084358 0.764397
 94.800000 -0.288080 1.000814 7.522202
 95.000000 -0.198563 1.059280 0.361729
 95.200000 -0.144798 1.070884 0.722616
 95.400000 -0.264523 0.990419 5.660973
 95.600000 -0.228470 1.075738 1.861868
 95.800000 -0.245505 1.003711 3.464019
 96.000000 -0.219285 1.055357 1.034658
 96.200000 -0.131243 1.033318 1.033320
 96.400000 -0.191319 1.001461 1.186821
 96.600000 -0.212441 1.013369 1.290709
 96.800000 -0.173380 1.143653 4.652497
 97.000000 -0.161998 1.030341 0.220639
 97.200000 -0.158549 1.028504 0.302464
 97.400000 -0.231755 1.070619 1.911461
 97.600000 -0.132499 1.009056 1.610803
 97.800000 -0.133755 1.125365 3.886496
 98.000000 -0.205541 1.111366 2.539578
 98.200000 -0.218218 1.049371 0.956562
 98.400000 -0.135941 1.037665 0.790115
 98.600000 -0.214548 1.001515 1.844090
 98.800000 -0.197312 1.041386 0.276329
 99.000000 -0.264401 0.971283 6.919658
 99.200000 -0.239137 1.086007 2.839953
 99.400000 -0.240588 1.018774 2.585545
 99.600000 -0.222563 1.026851 1.360411
 99.800000 -0.254494 1.054826 3.225964
 100.000000 -0.102241 0.992053 4.133569
 100.200000 -0.137088 1.052598 0.715639
 100.400000 -0.174654 1.092908 1.044747
 100.600000 -0.206834 1.079730 1.050863
 100.800000 -0.246044 1.063655 2.692352
 101.000000 -0.160028 1.099970 1.497681
 101.200000 -0.108333 1.032838 2.294329
 101.400000 -0.203411 1.039917 0.443473
 101.600000 -0.261774 1.061078 3.901838
 101.800000 -0.268434 0.995110 5.765254
 102.000000 -0.133258 1.005127 1.736767
 102.200000 -0.138854 1.114639 2.910700
 102.400000 -0.168925 0.994030 1.429111
 102.600000 -0.181957 1.015989 0.514536
 102.800000 -0.148960 1.086686 1.106650
 103.000000 -0.141000 0.977907 2.962804
 103.200000 -0.209205 1.045173 0.603116
 103.400000 -0.256330 1.080177 3.889214
 103.600000 -0.233622 1.000891 2.817937
 103.800000 -0.208286 1.071069 0.854555
 104.000000 -0.119271 1.068196 1.747398
 104.200000 -0.141411 0.981496 2.706911
 104.400000 -0.181220 1.108958 1.929522
 104.600000 -0.152776 1.057324 0.287954
 104.800000 -0.175681 1.028839 0.169170
 105.000000 -0.332334 1.094295 13.559702
 105.200000 -0.177255 1.033322 0.099967
 105.400000 -0.236535 1.025385 2.160051
 105.600000 -0.152398 1.121974 3.040694
 105.800000 -0.173376 0.998080 1.206943
 106.000000 -0.199186 0.989574 1.964136
 106.200000 -0.088518 1.080927 4.268114
 106.400000 -0.132283 1.040780 0.913113
 106.600000 -0.203261 1.147018 5.394686
 106.800000 -0.247758 1.069898 2.938648
 107.000000 -0.221340 1.060273 1.180959
 107.200000 -0.151017 1.136688 4.280773
 107.400000 -0.105332 1.031529 2.517101
 107.600000 -0.192822 1.047295 0.167246
 107.800000 -0.158568 1.054102 0.151279
 108.000000 -0.159976 0.989628 1.763094
 108.200000 -0.272509 0.978950 7.128502
 108.400000 -0.207848 1.024195 0.819509
 108.600000 -0.162470 0.999117 1.228638
 108.800000 -0.325713 1.098504 12.743806
 109.000000 -0.197751 1.021274 0.605564
 109.200000 -0.146015 1.050394 0.411733
 109.400000 -0.223964 1.063940 1.361859
 109.600000 -0.198147 1.112860 2.434597
 109.800000 -0.156612 1.012706 0.755395
 110.000000 -0.214746 1.036563 0.865090
 110.200000 -0.132230 1.081561 1.485212
 110.400000 -0.156843 1.014772 0.682184
 110.600000 -0.226471 1.045840 1.349681
 110.800000 -0.130079 1.009019 1.716886
 111.000000 -0.210253 1.045429 0.639543
 111.200000 -0.240390 1.080953 2.738293
 111.400000 -0.118389 1.002897 2.557359
 111.600000 -0.159819 0.989380 1.779657
 111.800000 -0.237760 1.065924 2.174145
 112.000000 -0.169971 0.954453 4.311218
 112.200000 -0.134309 1.001757 1.841383
 112.400000 -0.291503 1.113299 9.025732
 112.600000 -0.141395 1.090049 1.467188
 112.800000 -0.098324 0.985862 4.784936
 113.000000 -0.247181 1.125439 5.699699
 113.200000 -0.138701 1.092293 1.658782
 113.400000 -0.180097 1.076970 0.458667
 113.600000 -0.332615 1.108469 14.372148
 113.800000 -0.081534 1.113056 6.493024
 114.000000 -0.189850 1.037646 0.162921
 114.200000 -0.268376 1.025352 4.641826
 114.400000 -0.031589 0.944880 15.450909
 114.600000 -0.243585 1.006798 3.200168
 114.800000 -0.240253 1.040479 2.182131
 115.000000 -0.108320 0.949874 6.927980
 115.200000 -0.203196 1.047750 0.410932
 115.400000 -0.243042 1.078903 2.849374
 115.600000 -0.146453 1.094974 1.535516
 115.800000 -0.123689 1.048226 1.293086
 116.000000 -0.203603 1.116596 2.830573
 116.200000 -0.258126 1.088083 4.329706
 116.400000 -0.169054 1.100836 1.453529
 116.600000 -0.188868 1.092089 1.110386
 116.800000 -0.214464 1.018359 1.213077
 117.000000 -0.233692 0.956299 5.881152
 117.200000 -0.181053 0.998591 1.202553
 117.400000 -0.189919 1.083546 0.778979
 117.600000 -0.200498 1.058561 0.401665
 117.800000 -0.251168 0.948305 7.826374
 118.000000 -0.155529 1.015210 0.692161
 118.200000 -0.170491 1.088248 0.850719
 118.400000 -0.196955 1.041861 0.265610
 118.600000 -0.168066 1.054275 0.045954
 118.800000 -0.153211 1.076733 0.663483
 119.000000 -0.213530 1.057944 0.818124
 119.200000 -0.152776 1.085905 0.985812
 119.400000 -0.162885 1.113059 2.236678
 119.600000 -0.232507 1.010988 2.336082
 119.800000 -0.129417 1.054901 1.047390
 120.000000 -0.184588 1.020249 0.413666
 120.200000 -0.241880 1.029188 2.429970
 120.400000 -0.162430 1.086047 0.827874
 120.600000 -0.138567 1.026684 0.857168
 120.800000 -0.224747 1.061283 1.359919
 121.000000 -0.153259 1.056940 0.273737
 121.200000 -0.163539 0.983157 2.111024
 121.400000 -0.214179 1.068243 1.007361
 121.600000 -0.191778 1.049311 0.150936
 121.800000 -0.242641 1.002176 3.332851
 122.000000 -0.238672 1.090315 2.986475
 122.200000 -0.235968 1.004905 2.781455
 122.400000 -0.165717 1.110355 2.033302
 122.600000 -0.080828 1.029145 4.553289
 122.800000 -0.179495 1.001367 1.062552
 123.000000 -0.158691 1.091349 1.100173
 123.200000 -0.253780 1.115248 5.455426
 123.400000 -0.155218 1.116070 2.558267
 123.600000 -0.108719 1.099816 3.550100
 123.800000 -0.135046 0.961853 4.421417
 124.000000 -0.131720 0.922824 8.650820
 124.200000 -0.140200 1.122819 3.448690
 124.400000 -0.271834 0.987025 6.544071
 124.600000 -0.169286 0.978202 2.393954
 124.800000 -0.176425 1.023473 0.283207
 125.000000 -0.241957 0.996167 3.575053
 125.200000 -0.129368 0.999777 2.144299
 125.400000 -0.209927 1.020226 0.990096
 125.600000 -0.178675 1.050707 0.014736
 125.800000 -0.154554 1.073108 0.535253
 126.000000 -0.218548 1.074613 1.344463
 126.200000 -0.194935 1.129504 3.595327
 126.400000 -0.146103 1.093486 1.475450
 126.600000 -0.212685 1.102236 2.242431
 126.800000 -0.117429 1.138121 5.763927
 127.000000 -0.167671 1.028708 0.194475
 127.200000 -0.160254 0.971927 2.934774
 127.400000 -0.171999 1.059268 0.076063
 127.600000 -0.262817 1.011557 4.532135
 127.800000 -0.286164 0.925712 13.610146
 128.000000 -0.196714 1.018061 0.670484
 128.200000 -0.262635 0.900179 14.688287
 128.400000 -0.185865 0.954906 4.323077
 128.600000 -0.126852 1.078071 1.613311
 128.800000 -0.219406 1.022822 1.303874
 129.000000 -0.120220 1.117132 3.920331
 129.200000 -0.192812 1.106643 1.933947
 129.400000 -0.237384 1.025238 2.216275
 129.600000 -0.061066 1.109237 8.361802
 129.800000 -0.135824 1.095008 1.892105
 130.000000 -0.264069 1.044127 4.013033
 130.200000 -0.245280 1.189258 12.593171
 130.400000 -0.255147 1.101584 4.728256
 130.600000 -0.235088 1.101803 3.324339
 130.800000 -0.064557 1.081543 6.637170
 131.000000 -0.205620 0.997295 1.728349
 131.200000 -0.268702 0.983307 6.474928
 131.400000 -0.159635 1.062747 0.231867
 131.600000 -0.208612 1.029770 0.732552
 131.800000 -0.253076 0.982392 5.184358
 132.000000 -0.156184 0.983627 2.188965
 132.200000 -0.221020 0.971032 3.981122
 132.400000 -0.202613 1.066177 0.574365
 132.600000 -0.246356 1.087116 3.375975
 132.800000 -0.235225 1.036611 1.897794
 133.000000 -0.234022 1.086373 2.536851
 133.200000 -0.148583 1.137316 4.397362
 133.400000 -0.147586 1.128863 3.697702
 133.600000 -0.185019 1.087119 0.851838
 133.800000 -0.147679 1.128389 3.656576
 134.000000 -0.157838 1.096303 1.345035
 134.200000 -0.202040 1.074440 0.749401
 134.400000 -0.206025 1.058492 0.559653
 134.600000 -0.217843 1.008717 1.678255
 134.800000 -0.309589 0.985832 11.002899
 135.000000 -0.182964 1.001394 1.084541
 135.200000 -0.115762 1.004453 2.640585
 135.400000 -0.184755 0.941647 5.622697
 135.600000 -0.250279 1.011909 3.491344
 135.800000 -0.173302 1.039068 0.033801
 136.000000 -0.126915 1.032091 1.247855
 136.200000 -0.207829 1.033705 0.645356
 136.400000 -0.237067 1.028218 2.135379
 136.600000 -0.189966 1.099298 1.476333
 136.800000 -0.199379 1.136183 4.267910
 137.000000 -0.228176 1.103557 3.026964
 137.200000 -0.217548 1.047567 0.925212
 137.400000 -0.216077 1.128947 4.204420
 137.600000 -0.100039 1.099991 4.168293
 137.800000 -0.201335 1.108915 2.263734
 138.000000 -0.239270 1.059444 2.170420
 138.200000 -0.175172 1.012584 0.599253
 138.400000 -0.138849 1.081378 1.220820
 138.600000 -0.259750 1.058292 3.692497
 138.800000 -0.199547 1.030130 0.458506
 139.000000 -0.213479 1.051832 0.769143
 139.200000 -0.301773 1.050151 8.099368
 139.400000 -0.102200 1.086058 3.371116
 139.600000 -0.163595 1.020493 0.416398
 139.800000 -0.235058 1.041822 1.846106
 140.000000 -0.178992 1.040762 0.030649
 140.200000 -0.142676 1.036144 0.568521
 140.400000 -0.095094 1.104629 4.804429
 140.600000 -0.056787 0.965198 10.294007
 140.800000 -0.209384 0.960660 4.351636
 141.000000 -0.258806 1.144981 8.331830
 141.200000 -0.156379 1.053105 0.182233
 141.400000 -0.198856 1.029324 0.455536
 141.600000 -0.193032 1.075799 0.580132
 141.800000 -0.201926 1.031400 0.499970
 142.000000 -0.224785 1.071837 1.566172
 142.200000 -0.148995 1.060171 0.410245
 142.400000 -0.133661 1.055400 0.868913
 142.600000 -0.081605 1.010117 5.005274
 142.800000 -0.152091 1.128154 3.528792
 143.000000 -0.185387 1.149220 5.263172
 143.200000 -0.200422 1.159126 6.599080
 143.400000 -0.057797 1.064661 6.966158
 143.600000 -0.191819 0.968359 3.257138
 143.800000 -0.220684 1.061763 1.171045
 144.000000 -0.143623 1.046293 0.478121
 144.200000 -0.264152 0.978612 6.367800
 144.400000 -0.243835 0.974812 5.021234
 144.600000 -0.168544 0.983551 2.043359
 144.800000 -0.182246 1.018764 0.433967
 145.000000 -0.271305 0.990226 6.305278
 145.200000 -0.193980 1.068498 0.415943
 145.400000 -0.158889 1.051496 0.131603
 145.600000 -0.125574 1.074620 1.574497
 145.800000 -0.233249 1.138675 5.907890
 146.000000 -0.215876 1.136088 4.805414
 146.200000 -0.179694 1.053872 0.035592
 146.400000 -0.144260 1.075505 0.858866
 146.600000 -0.247483 1.094423 3.775967
 146.800000 -0.203305 0.969485 3.433566
 147.000000 -0.253146 1.103410 4.669893
 147.200000 -0.181126 1.063310 0.151544
 147.400000 -0.135376 0.979924 3.029478
 147.600000 -0.230367 1.045674 1.559896
 147.800000 -0.150649 0.952652 4.754629
 148.000000 -0.189122 0.980524 2.329122
 148.200000 -0.186148 1.114320 2.320154
 148.400000 -0.140705 1.069474 0.820294
 148.600000 -0.237251 1.043702 1.972870
 148.800000 -0.107203 1.117003 4.703108
 149.000000 -0.161414 1.101067 1.536987
 149.200000 -0.245394 1.088461 3.361945
 149.400000 -0.200128 0.981041 2.515895
 149.600000 -0.185354 0.972632 2.838544
 149.800000 -0.241091 1.029360 2.374087
 150.000000 -0.188538 1.036384 0.156532
 150.200000 -0.222096 1.040824 1.151417
 150.400000 -0.223828 0.952581 5.691128
 150.600000 -0.101638 1.037945 2.699623
 150.800000 -0.195221 1.033077 0.313683
 151.000000 -0.176128 0.987822 1.763986
 151.200000 -0.187843 1.134516 3.900817
 151.400000 -0.216617 1.108727 2.778438
 151.600000 -0.151143 1.069246 0.516614
 151.800000 -0.139494 1.095566 1.783599
 152.000000 -0.241682 1.151463 7.690170
 152.200000 -0.227939 1.152417 6.961642
 152.400000 -0.153038 1.051347 0.239615
 152.600000 -0.202477 1.077406 0.846730
 152.800000 -0.231592 1.005370 2.502609
 153.000000 -0.191310 0.998159 1.343127
 153.200000 -0.233984 1.052739 1.782550
 153.400000 -0.302142 1.043485 8.148991
 153.600000 -0.148265 1.042932 0.354098
 153.800000 -0.171912 0.983213 2.050458
 154.000000 -0.180383 1.021690 0.342428
 154.200000 -0.148251 1.055328 0.378427
 154.400000 -0.213203 0.876592 15.300778
 154.600000 -0.240661 1.125057 5.217541
 154.800000 -0.149813 1.102138 1.814754
 155.000000 -0.118994 1.073704 1.893584
 155.200000 -0.192077 1.097642 1.426197
 155.400000 -0.164456 1.059702 0.128945
 155.600000 -0.148116 1.112799 2.500713
 155.800000 -0.230022 1.098460 2.853463
 156.000000 -0.202993 1.082954 1.044235
 156.200000 -0.207314 0.948681 5.390089
 156.400000 -0.275435 1.024867 5.339898
 156.600000 -0.157348 0.957035 4.212261
 156.800000 -0.160942 0.994471 1.482429
 157.000000 -0.193905 1.034005 0.274664
 157.200000 -0.112381 0.963243 5.455599
 157.400000 -0.202345 1.059295 0.459929
 157.600000 -0.216711 1.053070 0.906751
 157.800000 -0.120528 1.051272 1.466552
 158.000000 -0.261535 1.088412 4.633956
 158.200000 -0.183235 1.033569 0.130727
 158.400000 -0.110135 1.039759 2.101243
 158.600000 -0.159827 1.069576 0.358529
 158.800000 -0.135310 1.033809 0.858831
 159.000000 -0.199008 1.060869 0.392966
 159.200000 -0.222558 1.066505 1.339608
 159.400000 -0.222335 1.003295 2.106236
 159.600000 -0.235006 1.082467 2.450462
 159.800000 -0.181800 1.102391 1.549549
 160.000000 -0.166854 0.936709 6.133326
 160.200000 -0.227652 1.014053 1.960086
 160.400000 -0.097873 1.010519 3.611032
 160.600000 -0.269569 0.987162 6.318072
 160.800000 -0.305793 0.954248 12.934375
 161.000000 -0.125845 1.025471 1.421283
 161.200000 -0.215359 1.085011 1.548311
 161.400000 -0.136915 1.012905 1.295543
 161.600000 -0.165273 1.019753 0.419477
 161.800000 -0.254306 1.063998 3.323022
 162.000000 -0.112162 1.096404 3.155714
 162.200000 -0.178694 1.112307 2.128279
 162.400000 -0.173440 1.071832 0.304034
 162.600000 -0.170177 1.065934 0.185020
 162.800000 -0.174118 1.091963 1.002052
 163.000000 -0.152061 1.049070 0.254251
 163.200000 -0.157488 1.089313 1.032128
 163.400000 -0.223195 1.152657 6.744870
 163.600000 -0.070234 1.037325 5.487875
 163.800000 -0.243020 1.026454 2.560427
 164.000000 -0.217692 1.012795 1.523105
 164.200000 -0.119782 0.973257 4.232441
 164.400000 -0.285207 1.092829 7.165457
 164.600000 -0.204444 1.051176 0.455246
 164.800000 -0.225091 1.070854 1.557890
 165.000000 -0.240676 1.067484 2.393241
 165.200000 -0.129090 0.994941 2.397895
 165.400000 -0.244895 1.050219 2.479963
 165.600000 -0.215145 1.235116 18.481333
 165.800000 -0.096897 1.064031 3.155332
 166.000000 -0.241086 1.171163 9.898438
 166.200000 -0.163391 1.106995 1.849960
 166.400000 -0.181298 1.097911 1.308818
 166.600000 -0.196113 1.129345 3.606935
 166.800000 -0.163436 0.982249 2.170704
 167.000000 -0.196188 1.039235 0.266181
 167.200000 -0.259343 1.017844 4.027234
 167.400000 -0.185797 0.937252 6.107439
 167.600000 -0.128462 0.986816 2.884228
 167.800000 -0.274391 1.021480 5.316481
 168.000000 -0.163387 0.914675 8.843294
 168.200000 -0.177119 1.010650 0.671195
 168.400000 -0.197964 1.075640 0.679004
 168.600000 -0.122776 1.018415 1.753586
 168.800000 -0.265173 1.086634 4.885385
 169.000000 -0.104684 1.143429 7.069611
 169.200000 -0.181443 1.166767 7.172356
 169.400000 -0.157940 1.068344 0.361247
 169.600000 -0.191893 1.068717 0.382239
 169.800000 -0.198623 1.139583 4.557728
 170.000000 -0.164253 1.111535 2.122506
 170.200000 -0.156020 1.000593 1.257341
 170.400000 -0.284326 1.070180 6.291361
 170.600000 -0.135243 1.048676 0.772929
 170.800000 -0.194300 1.062567 0.313477
 171.000000 -0.376538 0.961958 24.035962
 171.200000 -0.150902 0.863966 17.066125
 171.400000 -0.183795 1.028140 0.224486
 171.600000 -0.214801 1.003374 1.771025
 171.800000 -0.167795 0.995447 1.361777
 172.000000 -0.274536 1.039373 5.030921
 172.200000 -0.210821 1.053942 0.681147
 172.400000 -0.134429 1.067670 1.013725
 172.600000 -0.241774 1.070887 2.541265
 172.800000 -0.199716 1.019572 0.698687
 173.000000 -0.146767 1.008658 1.128118
 173.200000 -0.170921 1.044948 0.009053
 173.400000 -0.158253 1.074598 0.507921
 173.600000 -0.195338 1.071764 0.518197
 173.800000 -0.286644 1.091352 7.259212
 174.000000 -0.124388 1.011721 1.886539
 174.200000 -0.112805 1.012623 2.502833
 174.400000 -0.195045 1.022991 0.503350
 174.600000 -0.266165 1.030076 4.344814
 174.800000 -0.225294 1.049726 1.291533
 175.000000 -0.162262 1.083208 0.723674
 175.200000 -0.182359 1.063548 0.164291
 175.400000 -0.213357 1.122839 3.614430
 175.600000 -0.209484 1.028692 0.782020
 175.800000 -0.244969 1.074804 2.861665
 176.000000 -0.099739 1.077874 3.267562
 176.200000 -0.182687 1.011153 0.682841
 176.400000 -0.200434 1.027421 0.531000
 176.600000 -0.114584 0.970923 4.705833
 176.800000 -0.195433 1.095690 1.394143
 177.000000 -0.245056 1.002287 3.495264
 177.200000 -0.199420 1.118729 2.868080
 177.400000 -0.161390 1.032813 0.189818
 177.600000 -0.203088 1.039669 0.436041
 177.800000 -0.182065 1.047103 0.028370
 178.000000 -0.181019 1.067609 0.229351
 178.200000 -0.168081 1.086672 0.799918
 178.400000 -0.243041 1.060241 2.431765
 178.600000 -0.100085 1.046858 2.771291
 178.800000 -0.219480 1.034604 1.089426
 179.000000 -0.216106 0.974133 3.533362
 179.200000 -0.171344 1.041451 0.021595
 179.400000 -0.130662 0.996183 2.263556
 179.600000 -0.183339 1.034888 0.114539
 179.800000 -0.177675 1.001190 1.063272
 180.000000 -0.250108 1.075798 3.264799
 180.200000 -0.187425 1.019382 0.469942
 180.400000 -0.106209 1.056846 2.380619
 180.600000 -0.232384 1.142391 6.204336
 180.800000 -0.249131 1.072868 3.111891
 181.000000 -0.194150 1.088572 1.048349
 181.200000 -0.245401 1.094651 3.637063
 181.400000 -0.057779 1.028494 6.990627
 181.600000 -0.167675 1.021526 0.353025
 181.800000 -0.246361 1.081608 3.171682
 182.000000 -0.149782 1.015406 0.811673
 182.200000 -0.170370 1.027649 0.199730
 182.400000 -0.248670 1.133997 6.515239
 182.600000 -0.203119 0.984740 2.359071
 182.800000 -0.253433 1.045729 3.113656
 183.000000 -0.198935 1.158090 6.446278
 183.200000 -0.153708 0.967344 3.405086
 183.400000 -0.146833 1.045320 0.385393
 183.600000 -0.156865 1.053594 0.176541
 183.800000 -0.197460 1.018628 0.670929
 184.000000 -0.220264 1.083284 1.696761
 184.200000 -0.132366 1.053649 0.909829
 184.400000 -0.194077 1.082689 0.820815
 184.600000 -0.251037 1.111064 4.965938
 184.800000 -0.166165 0.980122 2.284600
 185.000000 -0.228865 1.101877 2.970930
 185.200000 -0.178561 1.034214 0.092393
 185.400000 -0.192061 0.954929 4.410396
 185.600000 -0.211583 1.009752 1.387445
 185.800000 -0.169242 1.016864 0.474049
 186.000000 -0.187218 1.039607 0.109265
 186.200000 -0.214309 1.064210 0.935800
 186.400000 -0.249698 1.011744 3.453360
 186.600000 -0.158752 0.966202 3.404679
 186.800000 -0.186695 1.059054 0.144252
 187.000000 -0.170755 1.088373 0.854841
 187.200000 -0.314783 1.043736 9.840974
 187.400000 -0.183949 1.139279 4.283854
 187.600000 -0.193120 1.165292 7.145837
 187.800000 -0.229167 1.086380 2.260074
 188.000000 -0.145008 1.031084 0.565675
 188.200000 -0.140366 1.088036 1.417574
 188.400000 -0.168966 1.114998 2.313957
 188.600000 -0.231679 0.954284 5.949273
 188.800000 -0.143244 1.021867 0.810343
 189.000000 -0.178518 1.024550 0.264407
 189.200000 -0.221272 0.938739 6.973863
 189.400000 -0.275996 1.040827 5.167649
 189.600000 -0.236717 0.979039 4.256261
 189.800000 -0.165751 0.975202 2.630250
 190.000000 -0.237619 1.027147 2.190934
 190.200000 -0.157816 1.062440 0.255900
 190.400000 -0.088920 1.066827 3.857399
 190.600000 -0.221796 1.125934 4.216615
 190.800000 -0.228711 1.108453 3.343752
 191.000000 -0.204123 1.168054 7.740950
 191.200000 -0.210964 1.109435 2.600337
 191.400000 -0.155523 1.058151 0.240685
 191.600000 -0.141283 1.082930 1.191171
 191.800000 -0.251293 1.097696 4.221069
 192.000000 -0.212939 1.079189 1.249238
 192.200000 -0.098733 1.022436 3.179370
 192.400000 -0.262261 1.053595 3.868534
 192.600000 -0.126981 0.946862 6.164174
 192.800000 -0.275908 1.036592 5.194715
 193.000000 -0.231515 1.025644 1.855728
 193.200000 -0.128720 0.970063 4.024307
 193.400000 -0.334448 1.130254 16.235566
 193.600000 -0.186198 1.037552 0.114553
 193.800000 -0.209661 1.104307 2.247727
 194.000000 -0.226340 1.110377 3.337809
 194.200000 -0.085510 1.165057 10.907963
 194.400000 -0.205032 1.039371 0.495714
 194.600000 -0.109189 1.081291 2.716114
 194.800000 -0.133535 1.087422 1.649416
 195.000000 -0.271428 1.159561 11.007098
 195.200000 -0.094672 1.026952 3.393813
 195.400000 -0.213310 1.029633 0.906102
 195.600000 -0.243645 1.004627 3.294359
 195.800000 -0.162213 1.003028 1.051370
 196.000000 -0.239616 1.056410 2.160312
 196.200000 -0.290860 1.024975 7.012928
 196.400000 -0.153000 1.064705 0.385103
 196.600000 -0.233897 1.086975 2.553156
 196.800000 -0.183793 1.084448 0.736652
 197.000000 -0.105990 1.072318 2.664564
 197.200000 -0.183569 1.055148 0.072432
 197.400000 -0.221350 1.130039 4.527298
 197.600000 -0.108464 1.107906 4.025331
 197.800000 -0.303704 1.111178 10.389274
 198.000000 -0.233082 1.137632 5.803257
 198.200000 -0.058783 1.020046 7.067617
 198.400000 -0.363452 1.055998 17.883976
 198.600000 -0.103693 0.935102 8.791819
 198.800000 -0.117470 1.041459 1.644530
 199.000000 -0.326159 1.056025 11.534220
 199.200000 -0.147011 0.975339 2.960575
 199.400000 -0.122781 1.048982 1.340701
 199.600000 -0.301319 1.074054 8.397997
 199.800000 -0.141420 1.013197 1.126263
 200.000000 -0.193512 1.110611 2.190718
