#! FIELDS time phi psi restraint.bias
#! SET min_phi -pi
#! SET max_phi pi
#! SET min_psi -pi
#! SET max_psi pi
 0.000000 -3.049617 -3.024946 216.475476
 0.200000 2.710205 -2.746781 5.297783
 0.400000 2.735982 -2.805103 7.039638
 0.600000 2.653598 -2.849232 2.241541
 0.800000 2.631611 -2.765876 0.447838
 1.000000 2.746632 -2.737295 9.799188
 1.200000 2.718649 -2.799242 5.088315
 1.400000 2.663303 -2.718528 3.764349
 1.600000 2.658696 -2.815765 1.098348
 1.800000 2.706403 -2.914955 11.402417
 2.000000 2.758860 -2.789506 9.926164
 2.200000 2.733813 -2.812536 6.907265
 2.400000 2.682672 -2.928759 11.371283
 2.600000 2.621543 -2.848390 1.566667
 2.800000 2.616695 -2.748024 0.991083
 3.000000 2.669735 -2.791141 1.339528
 3.200000 2.694958 -2.745633 4.061229
 3.400000 2.627469 -2.728231 2.111874
 3.600000 2.655290 -2.796676 0.704102
 3.800000 2.665119 -2.845478 2.512305
 4.000000 2.680859 -2.785810 1.998592
 4.200000 2.680785 -2.793773 1.972116
 4.400000 2.660320 -2.816197 1.175879
 4.600000 2.728633 -2.868457 9.003295
 4.800000 2.727161 -2.899126 11.640382
 5.000000 2.724613 -2.895691 11.005289
 5.200000 2.714771 -2.856840 6.751002
 5.400000 2.649303 -2.849218 2.097043
 5.600000 2.693642 -2.782656 2.910066
 5.800000 2.667007 -2.816866 1.497363
 6.000000 2.681195 -2.784911 2.026176
 6.200000 2.696472 -2.773155 3.267067
 6.400000 2.619099 -2.756929 0.634209
 6.600000 2.620383 -2.809365 0.144623
 6.800000 2.642987 -2.780768 0.381461
 7.000000 2.738607 -2.788177 7.283229
 7.200000 2.717779 -2.807135 5.085266
 7.400000 2.591600 -2.818401 0.683064
 7.600000 2.538827 -2.851647 4.881324
 7.800000 2.645805 -2.862769 2.853732
 8.000000 2.596669 -2.801599 0.268522
 8.200000 2.606010 -2.723251 2.471363
 8.400000 2.678481 -2.815308 2.088840
 8.600000 2.684890 -2.881040 6.154811
 8.800000 2.653888 -2.791195 0.645080
 9.000000 2.719099 -2.816742 5.404343
 9.200000 2.696559 -2.831671 3.852408
 9.400000 2.713350 -2.836136 5.497280
 9.600000 2.698244 -2.836082 4.168526
 9.800000 2.706962 -2.880680 7.843140
 10.000000 2.737745 -2.873078 10.414344
 10.200000 2.691748 -2.787456 2.732704
 10.400000 2.712272 -2.834780 5.336903
 10.600000 2.680026 -2.817152 2.227182
 10.800000 2.646043 -2.806928 0.497081
 11.000000 2.590031 -2.756494 1.040126
 11.200000 2.668679 -2.738833 2.725982
 11.400000 2.674218 -2.811008 1.751371
 11.600000 2.651144 -2.789516 0.554012
 11.800000 2.655626 -2.863117 3.199623
 12.000000 2.636018 -2.764333 0.559891
 12.200000 2.612369 -2.728831 2.044387
 12.400000 2.723834 -2.866707 8.352462
 12.600000 2.682337 -2.877092 5.645678
 12.800000 2.630408 -2.821217 0.488625
 13.000000 2.662995 -2.822616 1.465211
 13.200000 2.760960 -2.786218 10.239595
 13.400000 2.771573 -2.861350 14.161610
 13.600000 2.762111 -2.716853 13.248212
 13.800000 2.711037 -2.831264 5.078765
 14.000000 2.693965 -2.875341 6.314852
 14.200000 2.678421 -2.784087 1.861351
 14.400000 2.751936 -2.799713 8.996014
 14.600000 2.762887 -2.832223 11.284869
 14.800000 2.697729 -2.811522 3.359210
 15.000000 2.631666 -2.863309 2.598529
 15.200000 2.665048 -2.839218 2.197092
 15.400000 2.649387 -2.831561 1.254586
 15.600000 2.709045 -2.821383 4.561465
 15.800000 2.688103 -2.805321 2.539482
 16.000000 2.628353 -2.854056 1.946566
 16.200000 2.655729 -2.797797 0.725844
 16.400000 2.638698 -2.813251 0.429081
 16.600000 2.671807 -2.789908 1.451353
 16.800000 2.620943 -2.791517 0.004859
 17.000000 2.584698 -2.770461 0.797754
 17.200000 2.657099 -2.826411 1.338657
 17.400000 2.618246 -2.826923 0.591596
 17.600000 2.607198 -2.843380 1.351294
 17.800000 2.678681 -2.840299 2.982575
 18.000000 2.665731 -2.828353 1.781159
 18.200000 2.739276 -2.804093 7.421557
 18.400000 2.763369 -2.803728 10.629753
 18.600000 2.703984 -2.871555 6.819887
 18.800000 2.681194 -2.816200 2.277314
 19.000000 2.696849 -2.823450 3.587165
 19.200000 2.697224 -2.834666 4.026559
 19.400000 2.680408 -2.850067 3.603144
 19.600000 2.628005 -2.789368 0.055103
 19.800000 2.671207 -2.823929 1.908858
 20.000000 2.625649 -2.892014 4.978117
 20.200000 2.614074 -2.784235 0.042060
 20.400000 2.613920 -2.790279 0.010826
 20.600000 2.697999 -2.770031 3.453474
 20.800000 2.694356 -2.782132 2.969599
 21.000000 2.619625 -2.780491 0.073759
 21.200000 2.591801 -2.815301 0.602368
 21.400000 2.587752 -2.870440 3.492529
 21.600000 2.615174 -2.804362 0.074012
 21.800000 2.704402 -2.826648 4.315355
 22.000000 2.695769 -2.847680 4.545392
 22.200000 2.657495 -2.835342 1.696714
 22.400000 2.573453 -2.861074 3.341325
 22.600000 2.620522 -2.796532 0.011216
 22.800000 2.707729 -2.790576 4.028101
 23.000000 2.719507 -2.835775 6.087603
 23.200000 2.680357 -2.792108 1.944641
 23.400000 2.688356 -2.861673 4.865963
 23.600000 2.636610 -2.801239 0.211235
 23.800000 2.681568 -2.831664 2.786725
 24.000000 2.709916 -2.844839 5.593153
 24.200000 2.746839 -2.799323 8.323583
 24.400000 2.652779 -2.792036 0.605129
 24.600000 2.662720 -2.792998 1.000302
 24.800000 2.728909 -2.865623 8.822591
 25.000000 2.733620 -2.823520 7.165017
 25.200000 2.668327 -2.838689 2.332179
 25.400000 2.669515 -2.878866 5.054448
 25.600000 2.699498 -2.856761 5.384480
 25.800000 2.689934 -2.825773 3.140352
 26.000000 2.722059 -2.814161 5.648772
 26.200000 2.671933 -2.761815 1.926331
 26.400000 2.653172 -2.750046 1.521029
 26.600000 2.685452 -2.796163 2.281893
 26.800000 2.623548 -2.782907 0.061697
 27.000000 2.643512 -2.780869 0.393533
 27.200000 2.669486 -2.816911 1.623023
 27.400000 2.666010 -2.806437 1.249528
 27.600000 2.678704 -2.802965 1.897319
 27.800000 2.662078 -2.817750 1.289795
 28.000000 2.699148 -2.813252 3.507760
 28.200000 2.723705 -2.823136 6.055914
 28.400000 2.690497 -2.821053 3.035227
 28.600000 2.677657 -2.817078 2.081223
 28.800000 2.647588 -2.820555 0.830680
 29.000000 2.614681 -2.809308 0.146297
 29.200000 2.644100 -2.917127 8.103357
 29.400000 2.642024 -2.809158 0.427027
 29.600000 2.659353 -2.837649 1.873291
 29.800000 2.614891 -2.841168 1.187796
 30.000000 2.719857 -2.864446 7.774221
 30.200000 2.655760 -2.843294 2.001778
 30.400000 2.652328 -2.839533 1.694214
 30.600000 2.627768 -2.836969 1.035339
 30.800000 2.625765 -2.887327 4.523728
 31.000000 2.716992 -2.847004 6.384244
 31.200000 2.706299 -2.836063 4.846564
 31.400000 2.650351 -2.836994 1.512137
 31.600000 2.662925 -2.845608 2.418213
 31.800000 2.681564 -2.784977 2.049055
 32.000000 2.620801 -2.768018 0.304273
 32.200000 2.638009 -2.864929 2.821339
 32.400000 2.736979 -2.851361 8.809425
 32.600000 2.732626 -2.797116 6.580814
 32.800000 2.652806 -2.854586 2.531613
 33.000000 2.672116 -2.821945 1.897328
 33.200000 2.607223 -2.717491 2.873215
 33.400000 2.705245 -2.794255 3.807912
 33.600000 2.645633 -2.851345 2.111743
 33.800000 2.672049 -2.848463 3.025388
 34.000000 2.632576 -2.853227 1.948567
 34.200000 2.622258 -2.807554 0.122004
 34.400000 2.630723 -2.818676 0.422900
 34.600000 2.728489 -2.817667 6.420642
 34.800000 2.634534 -2.813559 0.357971
 35.000000 2.695230 -2.784830 3.012347
 35.200000 2.656591 -2.874183 4.078703
 35.400000 2.665900 -2.865729 3.826819
 35.600000 2.669061 -2.788600 1.311647
 35.800000 2.730630 -2.817603 6.657883
 36.000000 2.719593 -2.799657 5.186559
 36.200000 2.624115 -2.728954 2.039462
 36.400000 2.681056 -2.811133 2.161535
 36.600000 2.561340 -2.801608 1.646084
 36.800000 2.712003 -2.844956 5.793303
 37.000000 2.676085 -2.795108 1.690602
 37.200000 2.762384 -2.837225 11.423263
 37.400000 2.716735 -2.850414 6.550326
 37.600000 2.606050 -2.763985 0.478645
 37.800000 2.587037 -2.735298 2.116729
 38.000000 2.728406 -2.806545 6.193640
 38.200000 2.707429 -2.734821 5.664270
 38.400000 2.732755 -2.759975 7.114852
 38.600000 2.691238 -2.760808 3.185435
 38.800000 2.673866 -2.888142 6.132029
 39.000000 2.659296 -2.892654 5.865678
 39.200000 2.675915 -2.842704 2.936290
 39.400000 2.758233 -2.821272 10.246626
 39.600000 2.774954 -2.850481 13.997515
 39.800000 2.717104 -2.822416 5.358135
 40.000000 2.646849 -2.802580 0.466858
 40.200000 2.605357 -2.801535 0.120421
 40.400000 2.716452 -2.779448 4.932494
 40.600000 2.728375 -2.848292 7.646933
 40.800000 2.626073 -2.825771 0.585229
 41.000000 2.612523 -2.813738 0.239927
 41.200000 2.638515 -2.813647 0.433589
 41.400000 2.774652 -2.923289 20.820294
 41.600000 2.719858 -2.823608 5.671215
 41.800000 2.650181 -2.739585 1.919436
 42.000000 2.629766 -2.850421 1.745142
 42.200000 2.658298 -2.862474 3.258501
 42.400000 2.666616 -2.799442 1.205953
 42.600000 2.713134 -2.805092 4.604724
 42.800000 2.663737 -2.828995 1.711161
 43.000000 2.641060 -2.848572 1.836538
 43.200000 2.670923 -2.768126 1.698445
 43.400000 2.743296 -2.789194 7.855924
 43.600000 2.764501 -2.769485 10.997655
 43.800000 2.719440 -2.819294 5.503936
 44.000000 2.682149 -2.729029 4.073946
 44.200000 2.660713 -2.854638 2.841395
 44.400000 2.654779 -2.846790 2.148800
 44.600000 2.645177 -2.796103 0.375861
 44.800000 2.641070 -2.739991 1.646260
 45.000000 2.675431 -2.751716 2.482281
 45.200000 2.696717 -2.790608 3.100514
 45.400000 2.683186 -2.859931 4.396634
 45.600000 2.722126 -2.862907 7.898394
 45.800000 2.697628 -2.816403 3.455833
 46.000000 2.750963 -2.770054 9.092924
 46.200000 2.711353 -2.812947 4.566423
 46.400000 2.719850 -2.778288 5.288746
 46.600000 2.688408 -2.800133 2.508020
 46.800000 2.675622 -2.724432 3.979008
 47.000000 2.720974 -2.806935 5.406251
 47.200000 2.707010 -2.878318 7.642049
 47.400000 2.652539 -2.845160 1.981826
 47.600000 2.666478 -2.792911 1.175420
 47.800000 2.620247 -2.889329 4.687869
 48.000000 2.626050 -2.918961 8.025309
 48.200000 2.601208 -2.901022 6.026523
 48.400000 2.560547 -2.836806 2.630380
 48.600000 2.609231 -2.798844 0.058344
 48.800000 2.589512 -2.801472 0.445612
 49.000000 2.707039 -2.812691 4.167816
 49.200000 2.661130 -2.785932 0.952100
 49.400000 2.655430 -2.746658 1.752690
 49.600000 2.695537 -2.848902 4.595564
 49.800000 2.716306 -2.887424 9.335373
 50.000000 2.644685 -2.803824 0.420007
 50.200000 2.679945 -2.788866 1.925675
 50.400000 2.738622 -2.913807 14.630005
 50.600000 2.734185 -2.852516 8.549561
 50.800000 2.674121 -2.776172 1.708863
 51.000000 2.663209 -2.763211 1.451889
 51.200000 2.738312 -2.908333 13.943851
 51.400000 2.627974 -2.824379 0.557074
 51.600000 2.704657 -2.774120 3.924676
 51.800000 2.691827 -2.772649 2.923240
 52.000000 2.725784 -2.843149 7.090632
 52.200000 2.695771 -2.848167 4.572547
 52.400000 2.698934 -2.792146 3.275758
 52.600000 2.546244 -2.798576 2.592293
 52.800000 2.627802 -2.812659 0.250755
 53.000000 2.682835 -2.864786 4.712857
 53.200000 2.707763 -2.776087 4.164404
 53.400000 2.630611 -2.757971 0.676651
 53.600000 2.690195 -2.876006 6.090836
 53.800000 2.697769 -2.828718 3.836917
 54.000000 2.688249 -2.760099 2.993641
 54.200000 2.773190 -2.840727 13.204539
 54.400000 2.670706 -2.852233 3.171723
 54.600000 2.652333 -2.834706 1.479113
 54.800000 2.626095 -2.822680 0.487431
 55.000000 2.730250 -2.798285 6.317299
 55.200000 2.781634 -2.846056 14.821674
 55.400000 2.730667 -2.761485 6.829387
 55.600000 2.648632 -2.778957 0.561406
 55.800000 2.713414 -2.846821 6.026372
 56.000000 2.662212 -2.827956 1.605226
 56.200000 2.751385 -2.783487 8.937451
 56.400000 2.729014 -2.807213 6.270619
 56.600000 2.605641 -2.759177 0.632399
 56.800000 2.614869 -2.862519 2.454308
 57.000000 2.717608 -2.878035 8.617324
 57.200000 2.689873 -2.769737 2.842984
 57.400000 2.725232 -2.751400 6.595686
 57.600000 2.761096 -2.873987 13.557030
 57.800000 2.728506 -2.810979 6.276670
 58.000000 2.716890 -2.698398 9.320381
 58.200000 2.665529 -2.814232 1.365372
 58.400000 2.676514 -2.891829 6.642791
 58.600000 2.671028 -2.811794 1.591899
 58.800000 2.709558 -2.778999 4.283542
 59.000000 2.713890 -2.866156 7.308671
 59.200000 2.720791 -2.821679 5.708578
 59.400000 2.607974 -2.752147 0.865484
 59.600000 2.639301 -2.756005 0.893919
 59.800000 2.591639 -2.848063 1.889418
 60.000000 2.701816 -2.834363 4.388177
 60.200000 2.725431 -2.755854 6.443843
 60.400000 2.688760 -2.832615 3.307448
 60.600000 2.675155 -2.805378 1.716247
 60.800000 2.629478 -2.807600 0.179552
 61.000000 2.705611 -2.790801 3.839878
 61.200000 2.711564 -2.809256 4.517623
 61.400000 2.701819 -2.726470 5.695080
 61.600000 2.657937 -2.800192 0.827104
 61.800000 2.592363 -2.782854 0.375258
 62.000000 2.649078 -2.750567 1.363413
 62.200000 2.746318 -2.833950 9.091481
 62.400000 2.656452 -2.852982 2.566909
 62.600000 2.645895 -2.905186 6.735294
 62.800000 2.698205 -2.822132 3.655134
 63.000000 2.719802 -2.888976 9.833712
 63.200000 2.767917 -2.908306 17.940876
 63.400000 2.693885 -2.833136 3.704291
 63.600000 2.739633 -2.759340 7.948720
 63.800000 2.739195 -2.841366 8.537462
 64.000000 2.615436 -2.763999 0.410177
 64.200000 2.659894 -2.788324 0.886652
 64.400000 2.681260 -2.807218 2.109217
 64.600000 2.676794 -2.770361 1.974367
 64.800000 2.705584 -2.744636 4.982755
 65.000000 2.689905 -2.850487 4.265291
 65.200000 2.707550 -2.838179 5.052168
 65.400000 2.632290 -2.851904 1.865027
 65.600000 2.603966 -2.901115 5.994060
 65.800000 2.664610 -2.793158 1.086718
 66.000000 2.557760 -2.801934 1.858299
 66.200000 2.660168 -2.730161 2.834083
 66.400000 2.699086 -2.748326 4.264782
 66.600000 2.672820 -2.752434 2.306652
 66.800000 2.711047 -2.794944 4.332341
 67.000000 2.677459 -2.836880 2.751670
 67.200000 2.674531 -2.812708 1.801862
 67.400000 2.599788 -2.821217 0.577275
 67.600000 2.687808 -2.858698 4.626338
 67.800000 2.629592 -2.927963 9.238731
 68.000000 2.611295 -2.860313 2.319941
 68.200000 2.649348 -2.783436 0.532877
 68.400000 2.625286 -2.774350 0.191789
 68.600000 2.743561 -2.885093 12.167729
 68.800000 2.740996 -2.780154 7.641316
 69.000000 2.716890 -2.823536 5.371033
 69.200000 2.627842 -2.797879 0.062813
 69.400000 2.668878 -2.813545 1.515473
 69.600000 2.649766 -2.886426 4.913253
 69.800000 2.694143 -2.932159 12.647889
 70.000000 2.714655 -2.862537 7.122428
 70.200000 2.644555 -2.779153 0.442190
 70.400000 2.643161 -2.922604 8.776738
 70.600000 2.597344 -2.879196 3.969021
 70.800000 2.664686 -2.826523 1.667950
 71.000000 2.666297 -2.808656 1.296669
 71.200000 2.691475 -2.826275 3.269178
 71.400000 2.593889 -2.735350 1.925111
 71.600000 2.687499 -2.715389 5.390602
 71.800000 2.673277 -2.778145 1.631519
 72.000000 2.738038 -2.798446 7.222805
 72.200000 2.605153 -2.859559 2.329115
 72.400000 2.640287 -2.834449 1.127254
 72.600000 2.673204 -2.809372 1.665952
 72.800000 2.681618 -2.802052 2.069377
 73.000000 2.654649 -2.826270 1.241100
 73.200000 2.713481 -2.821634 4.982499
 73.400000 2.557558 -2.840625 2.982969
 73.600000 2.663278 -2.801404 1.064731
 73.800000 2.586511 -2.769992 0.749494
 74.000000 2.750312 -2.770049 9.006662
 74.200000 2.679144 -2.785532 1.894158
 74.400000 2.778007 -2.869982 15.801734
 74.600000 2.665440 -2.818330 1.458448
 74.800000 2.619538 -2.749108 0.943782
 75.000000 2.696840 -2.789190 3.113937
 75.200000 2.734198 -2.898267 12.342217
 75.400000 2.712003 -2.778828 4.512649
 75.600000 2.651857 -2.727801 2.668072
 75.800000 2.667729 -2.820587 1.630470
 76.000000 2.743048 -2.835665 8.749658
 76.200000 2.743966 -2.777214 8.051788
 76.400000 2.758903 -2.796102 9.934123
 76.600000 2.745534 -2.921941 16.507294
 76.800000 2.728733 -2.802922 6.185645
 77.000000 2.648851 -2.783841 0.513791
 77.200000 2.768823 -2.806446 11.471570
 77.400000 2.730457 -2.830457 7.043274
 77.600000 2.753197 -2.822529 9.589980
 77.800000 2.657559 -2.794792 0.785251
 78.000000 2.658347 -2.706589 4.506833
 78.200000 2.712396 -2.767631 4.765736
 78.400000 2.713517 -2.823796 5.051187
 78.600000 2.666512 -2.777237 1.293892
 78.800000 2.732514 -2.786876 6.573410
 79.000000 2.641502 -2.885178 4.568407
 79.200000 2.714447 -2.830207 5.361468
 79.400000 2.643651 -2.789180 0.334747
 79.600000 2.697122 -2.710906 6.461599
 79.800000 2.619940 -2.773439 0.184067
 80.000000 2.687886 -2.813691 2.666436
 80.200000 2.707931 -2.809729 4.192337
 80.400000 2.765828 -2.806553 11.025760
 80.600000 2.685008 -2.873251 5.503698
 80.800000 2.642938 -2.854372 2.223529
 81.000000 2.662318 -2.838210 2.025767
 81.200000 2.750862 -2.847405 10.332783
 81.400000 2.728588 -2.795938 6.121365
 81.600000 2.636116 -2.762033 0.629133
 81.800000 2.645596 -2.867212 3.169904
 82.000000 2.681879 -2.819612 2.407465
 82.200000 2.658410 -2.854342 2.727254
 82.400000 2.624292 -2.865077 2.651605
 82.600000 2.677318 -2.866189 4.472718
 82.800000 2.608565 -2.820079 0.424017
 83.000000 2.561059 -2.823054 2.086731
 83.200000 2.627666 -2.836686 1.021784
 83.400000 2.653563 -2.819992 1.009769
 83.600000 2.642406 -2.775134 0.449245
 83.800000 2.725369 -2.701748 9.885106
 84.000000 2.649880 -2.800732 0.542027
 84.200000 2.586920 -2.822441 0.930227
 84.400000 2.622263 -2.736912 1.555630
 84.600000 2.724147 -2.758150 6.225143
 84.800000 2.767833 -2.821755 11.653087
 85.000000 2.699101 -2.794276 3.290724
 85.200000 2.684626 -2.924308 10.902995
 85.400000 2.709313 -2.852874 5.990467
 85.600000 2.624512 -2.785703 0.044522
 85.800000 2.678231 -2.829320 2.491129
 86.000000 2.768795 -2.863138 13.863414
 86.200000 2.776133 -2.747507 13.517467
 86.400000 2.668837 -2.806066 1.384172
 86.600000 2.657422 -2.770795 1.013425
 86.800000 2.636150 -2.754109 0.902782
 87.000000 2.668806 -2.804078 1.357655
 87.200000 2.670931 -2.810549 1.563566
 87.400000 2.694277 -2.755107 3.609706
 87.600000 2.608696 -2.790094 0.046182
 87.800000 2.673523 -2.743621 2.737671
 88.000000 2.727848 -2.820243 6.418083
 88.200000 2.739791 -2.724398 9.737990
 88.400000 2.752034 -2.740778 10.322276
 88.600000 2.737415 -2.797048 7.140926
 88.800000 2.666202 -2.835407 2.081359
 89.000000 2.703255 -2.752560 4.433427
 89.200000 2.714476 -2.860298 6.950855
 89.400000 2.701259 -2.856982 5.543721
 89.600000 2.711960 -2.831677 5.181143
 89.800000 2.710777 -2.842038 5.529975
 90.000000 2.712590 -2.865424 7.131232
 90.200000 2.733140 -2.759377 7.178821
 90.400000 2.704335 -2.740128 5.100200
 90.600000 2.684204 -2.779067 2.282494
 90.800000 2.590518 -2.764015 0.783927
 91.000000 2.681231 -2.800282 2.029551
 91.200000 2.643215 -2.833081 1.140387
 91.400000 2.660929 -2.753738 1.674028
 91.600000 2.652704 -2.738222 2.076914
 91.800000 2.680418 -2.846618 3.411340
 92.000000 2.684461 -2.801944 2.253251
 92.200000 2.678153 -2.775574 1.953230
 92.400000 2.672129 -2.834438 2.343585
 92.600000 2.626968 -2.845550 1.445991
 92.800000 2.555470 -2.770360 2.200307
 93.000000 2.653676 -2.746649 1.689001
 93.200000 2.708039 -2.806251 4.148235
 93.400000 2.706860 -2.783274 3.991398
 93.600000 2.661478 -2.770468 1.188739
 93.800000 2.677335 -2.877766 5.393554
 94.000000 2.689461 -2.841426 3.749310
 94.200000 2.683601 -2.843886 3.471010
 94.400000 2.680022 -2.853995 3.812946
 94.600000 2.718586 -2.839453 6.160356
 94.800000 2.628509 -2.805145 0.134903
 95.000000 2.676575 -2.863205 4.213617
 95.200000 2.573361 -2.849265 2.605645
 95.400000 2.646791 -2.745986 1.497671
 95.600000 2.669633 -2.759388 1.882410
 95.800000 2.694572 -2.830878 3.667530
 96.000000 2.590247 -2.857741 2.511377
 96.200000 2.636717 -2.818437 0.510959
 96.400000 2.599562 -2.895522 5.473843
 96.600000 2.628342 -2.888041 4.614988
 96.800000 2.600149 -2.840696 1.319334
 97.000000 2.658636 -2.885148 5.115234
 97.200000 2.682772 -2.882612 6.155784
 97.400000 2.636415 -2.858736 2.361502
 97.600000 2.705385 -2.846790 5.290840
 97.800000 2.780845 -2.795640 13.265090
 98.000000 2.642809 -2.723743 2.673547
 98.200000 2.638198 -2.776453 0.333297
 98.400000 2.651319 -2.781448 0.616656
 98.600000 2.664568 -2.718280 3.840857
 98.800000 2.714668 -2.756913 5.307067
 99.000000 2.719946 -2.810516 5.358924
 99.200000 2.786455 -2.765283 14.560643
 99.400000 2.725776 -2.764848 6.191497
 99.600000 2.716443 -2.816394 5.130892
 99.800000 2.856827 -2.859150 30.740038
 100.000000 2.719046 -2.833020 5.925582
 100.200000 2.666810 -2.776185 1.325023
 100.400000 2.698067 -2.846037 4.637487
 100.600000 2.600208 -2.805133 0.237624
 100.800000 2.712888 -2.790828 4.503850
 101.000000 2.655752 -2.780865 0.780852
 101.200000 2.669283 -2.798695 1.334306
 101.400000 2.707812 -2.774714 4.192331
 101.600000 2.693831 -2.827668 3.493075
 101.800000 2.669508 -2.820605 1.721039
 102.000000 2.581918 -2.854105 2.546666
 102.200000 2.590497 -2.808567 0.506694
 102.400000 2.695143 -2.817673 3.292193
 102.600000 2.719335 -2.823629 5.618678
 102.800000 2.718259 -2.772226 5.232630
 103.000000 2.671498 -2.790340 1.433745
 103.200000 2.695397 -2.806019 3.086652
 103.400000 2.627062 -2.854534 1.963548
 103.600000 2.699972 -2.873028 6.600419
 103.800000 2.650336 -2.775095 0.674947
 104.000000 2.602567 -2.838727 1.186202
 104.200000 2.644681 -2.810894 0.524786
 104.400000 2.565038 -2.835269 2.315645
 104.600000 2.681298 -2.814516 2.245487
 104.800000 2.654799 -2.799783 0.703647
 105.000000 2.614739 -2.742701 1.246577
 105.200000 2.590085 -2.739740 1.782681
 105.400000 2.705766 -2.798948 3.872571
 105.600000 2.569117 -2.862557 3.646628
 105.800000 2.658279 -2.787594 0.823618
 106.000000 2.635416 -2.844707 1.513153
 106.200000 2.650486 -2.754482 1.251595
 106.400000 2.634478 -2.820427 0.525056
 106.600000 2.694738 -2.813744 3.169934
 106.800000 2.661554 -2.809020 1.084745
 107.000000 2.723301 -2.820691 5.941376
 107.200000 2.645000 -2.815752 0.634368
 107.400000 2.716852 -2.780340 4.960741
 107.600000 2.660043 -2.724053 3.228382
 107.800000 2.737526 -2.879632 10.937604
 108.000000 2.720688 -2.808273 5.397057
 108.200000 2.708402 -2.786158 4.107055
 108.400000 2.707335 -2.816873 4.287256
 108.600000 2.701640 -2.814815 3.746723
 108.800000 2.704969 -2.772010 3.992817
 109.000000 2.677338 -2.815295 2.020047
 109.200000 2.650030 -2.897647 6.038312
 109.400000 2.707857 -2.881491 7.994939
 109.600000 2.631836 -2.824751 0.614991
 109.800000 2.612958 -2.830696 0.741109
 110.000000 2.568380 -2.885116 5.517136
 110.200000 2.640370 -2.879508 4.033244
 110.400000 2.619052 -2.871130 3.089794
 110.600000 2.690921 -2.831732 3.427698
 110.800000 2.563145 -2.781571 1.564216
 111.000000 2.698911 -2.807573 3.386974
 111.200000 2.713644 -2.851316 6.302552
 111.400000 2.695898 -2.761190 3.525520
 111.600000 2.735068 -2.778449 6.952323
 111.800000 2.688014 -2.829120 3.120937
 112.000000 2.718613 -2.848376 6.621663
 112.200000 2.676643 -2.726348 3.909684
 112.400000 2.690108 -2.766178 2.947369
 112.600000 2.737615 -2.857040 9.235639
 112.800000 2.675803 -2.855210 3.635546
 113.000000 2.684308 -2.860523 4.510492
 113.200000 2.652691 -2.798763 0.621399
 113.400000 2.631672 -2.760212 0.615684
 113.600000 2.727530 -2.849951 7.647883
 113.800000 2.636012 -2.819658 0.530366
 114.000000 2.662529 -2.820213 1.374944
 114.200000 2.678227 -2.797788 1.827871
 114.400000 2.745903 -2.740269 9.545768
 114.600000 2.766305 -2.863850 13.541641
 114.800000 2.798457 -2.880602 20.162090
 115.000000 2.622487 -2.844655 1.368770
 115.200000 2.654403 -2.842887 1.930863
 115.400000 2.697826 -2.875850 6.657961
 115.600000 2.675613 -2.765997 2.011895
 115.800000 2.617140 -2.751381 0.846841
 116.000000 2.618347 -2.845837 1.421061
 116.200000 2.660778 -2.869309 3.862966
 116.400000 2.702284 -2.802153 3.598754
 116.600000 2.726711 -2.850511 7.590764
 116.800000 2.675470 -2.803757 1.714820
 117.000000 2.656606 -2.724287 3.073768
 117.200000 2.720227 -2.804453 5.296942
 117.400000 2.720174 -2.886096 9.597905
 117.600000 2.603030 -2.755630 0.792626
 117.800000 2.621686 -2.787447 0.019715
 118.000000 2.637541 -2.856174 2.216556
 118.200000 2.670252 -2.810280 1.523025
 118.400000 2.612534 -2.791511 0.015423
 118.600000 2.745359 -2.880002 11.936846
 118.800000 2.614754 -2.795511 0.009700
 119.000000 2.670761 -2.811265 1.567759
 119.200000 2.706759 -2.874408 7.291828
 119.400000 2.663426 -2.810738 1.197864
 119.600000 2.640119 -2.804463 0.316006
 119.800000 2.751107 -2.874164 12.191845
 120.000000 2.725823 -2.835778 6.748849
 120.200000 2.700057 -2.871673 6.499204
 120.400000 2.706649 -2.855302 5.900260
 120.600000 2.672303 -2.848274 3.028596
 120.800000 2.575778 -2.791698 0.891414
 121.000000 2.707924 -2.870928 7.117139
 121.200000 2.737065 -2.841974 8.311552
 121.400000 2.636131 -2.732209 1.983586
 121.600000 2.720972 -2.790562 5.304136
 121.800000 2.714270 -2.779356 4.721307
 122.000000 2.580418 -2.802745 0.758170
 122.200000 2.661587 -2.819914 1.325210
 122.400000 2.665749 -2.825793 1.693567
 122.600000 2.650256 -2.760998 1.017470
 122.800000 2.670958 -2.786418 1.421264
 123.000000 2.659327 -2.811417 1.032617
 123.200000 2.678597 -2.729845 3.800878
 123.400000 2.704334 -2.758764 4.297269
 123.600000 2.679396 -2.802185 1.931756
 123.800000 2.747119 -2.848050 9.878051
 124.000000 2.652155 -2.790445 0.585651
 124.200000 2.709561 -2.783018 4.237515
 124.400000 2.710036 -2.830356 4.951364
 124.600000 2.650726 -2.860092 2.818235
 124.800000 2.663219 -2.821467 1.441428
 125.000000 2.748970 -2.817143 8.880378
 125.200000 2.734358 -2.839780 7.886778
 125.400000 2.657333 -2.748276 1.752856
 125.600000 2.769366 -2.855245 13.423593
 125.800000 2.716574 -2.930034 14.313079
 126.000000 2.648423 -2.797236 0.474062
 126.200000 2.691408 -2.893905 7.833538
 126.400000 2.687754 -2.854065 4.326725
 126.600000 2.661276 -2.810761 1.102922
 126.800000 2.708476 -2.810456 4.254266
 127.000000 2.639161 -2.844726 1.586410
 127.200000 2.620547 -2.792239 0.003301
 127.400000 2.645378 -2.795951 0.380809
 127.600000 2.707554 -2.760948 4.509140
 127.800000 2.696743 -2.811599 3.282558
 128.000000 2.700556 -2.793161 3.408461
 128.200000 2.637162 -2.795609 0.188453
 128.400000 2.723783 -2.823792 6.084454
 128.600000 2.583032 -2.752694 1.404499
 128.800000 2.615283 -2.792501 0.003675
 129.000000 2.677462 -2.922866 10.262380
 129.200000 2.686682 -2.757190 2.983394
 129.400000 2.674019 -2.779550 1.653608
 129.600000 2.766886 -2.998835 32.365874
 129.800000 2.674617 -2.830295 2.316274
 130.000000 2.587447 -2.731498 2.328841
 130.200000 2.547315 -2.835404 3.416988
 130.400000 2.628223 -2.834319 0.925614
 130.600000 2.631183 -2.802603 0.137748
 130.800000 2.685528 -2.839578 3.387320
 131.000000 2.673738 -2.814336 1.791528
 131.200000 2.611271 -2.749362 0.954214
 131.400000 2.646900 -2.895056 5.673955
 131.600000 2.717758 -2.874298 8.319710
 131.800000 2.667308 -2.819611 1.582717
 132.000000 2.657907 -2.818538 1.134836
 132.200000 2.607110 -2.803576 0.120269
 132.400000 2.674696 -2.796837 1.616839
 132.600000 2.766145 -2.801504 11.014714
 132.800000 2.782204 -2.804856 13.558410
 133.000000 2.630004 -2.827675 0.689827
 133.200000 2.693376 -2.827053 3.437228
 133.400000 2.683788 -2.828893 2.825687
 133.600000 2.714750 -2.849187 6.286075
 133.800000 2.634358 -2.857659 2.255029
 134.000000 2.568997 -2.826662 1.782973
 134.200000 2.649087 -2.907041 7.040172
 134.400000 2.651066 -2.839701 1.659566
 134.600000 2.652988 -2.756145 1.274138
 134.800000 2.633409 -2.757268 0.740408
 135.000000 2.666574 -2.745050 2.307062
 135.200000 2.717307 -2.720615 7.517171
 135.400000 2.682464 -2.836091 3.027089
 135.600000 2.676654 -2.866529 4.458626
 135.800000 2.644634 -2.772685 0.551711
 136.000000 2.687467 -2.843720 3.723670
 136.200000 2.753271 -2.885491 13.471034
 136.400000 2.618251 -2.776922 0.121791
 136.600000 2.625564 -2.759092 0.587599
 136.800000 2.736704 -2.812303 7.241615
 137.000000 2.640402 -2.830465 0.970704
 137.200000 2.648458 -2.835016 1.366672
 137.400000 2.655781 -2.834502 1.594890
 137.600000 2.661159 -2.782050 0.986501
 137.800000 2.633031 -2.760020 0.641395
 138.000000 2.673109 -2.778894 1.611747
 138.200000 2.658129 -2.842973 2.077819
 138.400000 2.657563 -2.779226 0.871310
 138.600000 2.656901 -2.789471 0.761571
 138.800000 2.719867 -2.767257 5.508350
 139.000000 2.692960 -2.797749 2.823585
 139.200000 2.648669 -2.832996 1.289346
 139.400000 2.690024 -2.874835 5.981482
 139.600000 2.640596 -2.838215 1.299131
 139.800000 2.666395 -2.832878 1.985435
 140.000000 2.702530 -2.842215 4.807639
 140.200000 2.685654 -2.825908 2.846065
 140.400000 2.696759 -2.729116 5.112443
 140.600000 2.690869 -2.825736 3.206845
 140.800000 2.742144 -2.846007 9.136633
 141.000000 2.694316 -2.852846 4.731682
 141.200000 2.692832 -2.884454 7.025734
 141.400000 2.645398 -2.865784 3.058801
 141.600000 2.629966 -2.824755 0.591000
 141.800000 2.620183 -2.855860 2.007917
 142.000000 2.652137 -2.809556 0.727888
 142.200000 2.657945 -2.729784 2.766404
 142.400000 2.671344 -2.809577 1.568498
 142.600000 2.655595 -2.819048 1.058607
 142.800000 2.614123 -2.797171 0.018277
 143.000000 2.625597 -2.778894 0.121820
 143.200000 2.674734 -2.838209 2.653187
 143.400000 2.735148 -2.836232 7.817629
 143.600000 2.689607 -2.848233 4.115832
 143.800000 2.647644 -2.801332 0.478337
 144.000000 2.641474 -2.803458 0.335391
 144.200000 2.703584 -2.820468 4.053213
 144.400000 2.757122 -2.753727 10.431000
 144.600000 2.750995 -2.740308 10.207987
 144.800000 2.713713 -2.780313 4.655618
 145.000000 2.728439 -2.858740 8.291176
 145.200000 2.723790 -2.836518 6.564080
 145.400000 2.694289 -2.802256 2.957820
 145.600000 2.626327 -2.826402 0.608479
 145.800000 2.617097 -2.841934 1.220933
 146.000000 2.564354 -2.777215 1.555824
 146.200000 2.631510 -2.776753 0.215746
 146.400000 2.701310 -2.774812 3.627670
 146.600000 2.682452 -2.719990 4.708208
 146.800000 2.620278 -2.844417 1.348926
 147.000000 2.633212 -2.897909 5.668490
 147.200000 2.532771 -2.912830 10.867867
 147.400000 2.721939 -2.871300 8.504922
 147.600000 2.747317 -2.775862 8.501055
 147.800000 2.718387 -2.733354 6.790125
 148.000000 2.660180 -2.814727 1.136264
 148.200000 2.693886 -2.840373 4.024392
 148.400000 2.701275 -2.724509 5.781123
 148.600000 2.655086 -2.688044 6.146231
 148.800000 2.736973 -2.826151 7.643335
 149.000000 2.751805 -2.864846 11.567825
 149.200000 2.623734 -2.782741 0.064357
 149.400000 2.686975 -2.834188 3.247008
 149.600000 2.710915 -2.881059 8.236169
 149.800000 2.732896 -2.849287 8.212171
 150.000000 2.748284 -2.776836 8.610911
 150.200000 2.698840 -2.770560 3.509271
 150.400000 2.683960 -2.827912 2.801831
 150.600000 2.580764 -2.826140 1.257969
 150.800000 2.673316 -2.811527 1.710783
 151.000000 2.657426 -2.779837 0.857967
 151.200000 2.630310 -2.762700 0.520674
 151.400000 2.680897 -2.902504 8.025873
 151.600000 2.655111 -2.816428 0.974480
 151.800000 2.519498 -2.796738 4.859601
 152.000000 2.587295 -2.825896 1.027934
 152.200000 2.650964 -2.861821 2.944403
 152.400000 2.739075 -2.745220 8.449324
 152.600000 2.633253 -2.693949 4.975222
 152.800000 2.665464 -2.759613 1.668366
 153.000000 2.692563 -2.857056 4.862308
 153.200000 2.651172 -2.835225 1.461952
 153.400000 2.668738 -2.769450 1.553720
 153.600000 2.614306 -2.869880 2.998534
 153.800000 2.660562 -2.887454 5.411651
 154.000000 2.667968 -2.882837 5.326674
 154.200000 2.715780 -2.811966 4.969999
 154.400000 2.723305 -2.816773 5.839115
 154.600000 2.671664 -2.855831 3.443974
 154.800000 2.667413 -2.731201 3.101541
 155.000000 2.640494 -2.804104 0.320143
 155.200000 2.599736 -2.824350 0.673008
 155.400000 2.561698 -2.803300 1.642660
 155.600000 2.615098 -2.803398 0.063284
 155.800000 2.703137 -2.871676 6.756996
 156.000000 2.667535 -2.850053 2.881810
 156.200000 2.637248 -2.841719 1.395319
 156.400000 2.651129 -2.852537 2.349586
 156.600000 2.727340 -2.789852 5.981913
 156.800000 2.757824 -2.766620 10.111834
 157.000000 2.719649 -2.843429 6.462443
 157.200000 2.717603 -2.741790 6.248104
 157.400000 2.704415 -2.759737 4.271837
 157.600000 2.753845 -2.853256 11.071738
 157.800000 2.660624 -2.866042 3.610902
 158.000000 2.641942 -2.847771 1.812703
 158.200000 2.585373 -2.909254 7.344619
 158.400000 2.657360 -2.892790 5.801238
 158.600000 2.687860 -2.855757 4.439704
 158.800000 2.660179 -2.726786 3.050712
 159.000000 2.651446 -2.735505 2.185273
 159.200000 2.636360 -2.798576 0.186949
 159.400000 2.609494 -2.792359 0.036141
 159.600000 2.627062 -2.749833 0.952512
 159.800000 2.623628 -2.778280 0.117362
 160.000000 2.700297 -2.806956 3.490989
 160.200000 2.651306 -2.898446 6.164234
 160.400000 2.663594 -2.898439 6.648389
 160.600000 2.659962 -2.818207 1.210417
 160.800000 2.633740 -2.810241 0.280865
 161.000000 2.703688 -2.776828 3.795006
 161.200000 2.750273 -2.809401 8.891271
 161.400000 2.626391 -2.751623 0.871829
 161.600000 2.755915 -2.734349 11.203385
 161.800000 2.649794 -2.838481 1.561518
 162.000000 2.707305 -2.872077 7.152344
 162.200000 2.710418 -2.833167 5.096917
 162.400000 2.689931 -2.762101 3.050348
 162.600000 2.706054 -2.959774 17.863133
 162.800000 2.617288 -2.965981 15.043442
 163.000000 2.562953 -2.859746 3.773932
 163.200000 2.645825 -2.833331 1.219777
 163.400000 2.698796 -2.841668 4.471915
 163.600000 2.771231 -2.776203 11.874071
 163.800000 2.731736 -2.825933 7.026633
 164.000000 2.664333 -2.784317 1.107370
 164.200000 2.689449 -2.898321 8.149142
 164.400000 2.699836 -2.865866 6.038365
 164.600000 2.595010 -2.766121 0.612768
 164.800000 2.635116 -2.865843 2.834244
 165.000000 2.659623 -2.880188 4.708783
 165.200000 2.647084 -2.785018 0.451313
 165.400000 2.630980 -2.775790 0.224375
 165.600000 2.558926 -2.831957 2.521902
 165.800000 2.604632 -2.807411 0.200042
 166.000000 2.628996 -2.837085 1.053249
 166.200000 2.731216 -2.845590 7.817404
 166.400000 2.602368 -2.870828 3.187605
 166.600000 2.630178 -2.792384 0.074232
 166.800000 2.590039 -2.867980 3.237345
 167.000000 2.659876 -2.823646 1.361249
 167.200000 2.569525 -2.844448 2.522537
 167.400000 2.768336 -2.795615 11.306133
 167.600000 2.645927 -2.821023 0.796126
 167.800000 2.717926 -2.782867 5.039863
 168.000000 2.664378 -2.825776 1.628478
 168.200000 2.733898 -2.828619 7.368162
 168.400000 2.675287 -2.892841 6.672705
 168.600000 2.590315 -2.856523 2.430823
 168.800000 2.627978 -2.844755 1.413711
 169.000000 2.676509 -2.787089 1.726802
 169.200000 2.555433 -2.761606 2.434975
 169.400000 2.629149 -2.829696 0.752994
 169.600000 2.599049 -2.814945 0.430740
 169.800000 2.592998 -2.769754 0.571705
 170.000000 2.637311 -2.787945 0.197071
 170.200000 2.738321 -2.790148 7.242120
 170.400000 2.645699 -2.828019 1.013645
 170.600000 2.633568 -2.804141 0.188724
 170.800000 2.608172 -2.850479 1.727444
 171.000000 2.634416 -2.837306 1.137426
 171.200000 2.586631 -2.828658 1.144545
 171.400000 2.717540 -2.763272 5.382598
 171.600000 2.693496 -2.757796 3.453400
 171.800000 2.800421 -2.788290 16.648845
 172.000000 2.730098 -2.808158 6.405826
 172.200000 2.685631 -2.762302 2.744136
 172.400000 2.592348 -2.881483 4.285429
 172.600000 2.648525 -2.910692 7.447635
 172.800000 2.655550 -2.836096 1.654361
 173.000000 2.707856 -2.810969 4.207619
 173.200000 2.573526 -2.722645 3.430397
 173.400000 2.640683 -2.847383 1.761971
 173.600000 2.571217 -2.850280 2.761741
 173.800000 2.698406 -2.748984 4.181030
 174.000000 2.687453 -2.800946 2.447720
 174.200000 2.741751 -2.753134 8.433801
 174.400000 2.841768 -2.795774 25.042593
 174.600000 2.750073 -2.841523 9.922716
 174.800000 2.613344 -2.765731 0.369824
 175.000000 2.651361 -2.816262 0.838359
 175.200000 2.721168 -2.844692 6.683040
 175.400000 2.736770 -2.804991 7.131608
 175.600000 2.622037 -2.817597 0.322430
 175.800000 2.577532 -2.810005 0.971340
 176.000000 2.714380 -2.851672 6.394206
 176.200000 2.680866 -2.811875 2.163630
 176.400000 2.743474 -2.778606 7.969505
 176.600000 2.715127 -2.798038 4.732612
 176.800000 2.634837 -2.886065 4.516558
 177.000000 2.662845 -2.873121 4.253555
 177.200000 2.712503 -2.867187 7.253041
 177.400000 2.803221 -2.812991 17.363878
 177.600000 2.666203 -2.776535 1.289949
 177.800000 2.626409 -2.817562 0.348796
 178.000000 2.600808 -2.875524 3.591913
 178.200000 2.584495 -2.855559 2.547642
 178.400000 2.666056 -2.791642 1.155380
 178.600000 2.749096 -2.777535 8.706244
 178.800000 2.711971 -2.783971 4.452423
 179.000000 2.669229 -2.853722 3.184912
 179.200000 2.674152 -2.886240 5.967975
 179.400000 2.644338 -2.836552 1.316128
 179.600000 2.698252 -2.758832 3.788355
 179.800000 2.729784 -2.719707 8.899804
 180.000000 2.680263 -2.746343 3.005223
 180.200000 2.622712 -2.694650 4.801020
 180.400000 2.630343 -2.739351 1.490055
 180.600000 2.712598 -2.754945 5.181201
 180.800000 2.715097 -2.819339 5.073929
 181.000000 2.711532 -2.826516 4.952292
 181.200000 2.770209 -2.856423 13.626095
 181.400000 2.724263 -2.871621 8.774462
 181.600000 2.729011 -2.832467 6.960054
 181.800000 2.667766 -2.821250 1.651125
 182.000000 2.740016 -2.802168 7.491123
 182.200000 2.671170 -2.768288 1.707606
 182.400000 2.669896 -2.731504 3.208838
 182.600000 2.646107 -2.812712 0.598894
 182.800000 2.625142 -2.813086 0.236883
 183.000000 2.677936 -2.781015 1.862810
 183.200000 2.756148 -2.853383 11.394984
 183.400000 2.707751 -2.829011 4.693756
 183.600000 2.609257 -2.835568 0.964451
 183.800000 2.599360 -2.886536 4.592459
 184.000000 2.596047 -2.831292 0.992198
 184.200000 2.628030 -2.764205 0.451412
 184.400000 2.588141 -2.810668 0.610158
 184.600000 2.708294 -2.724972 6.358913
 184.800000 2.708242 -2.728392 6.128967
 185.000000 2.657195 -2.777281 0.884585
 185.200000 2.696823 -2.796489 3.114853
 185.400000 2.779178 -2.863454 15.505499
 185.600000 2.705249 -2.821364 4.222521
 185.800000 2.663827 -2.838547 2.109277
 186.000000 2.629485 -2.909374 6.892692
 186.200000 2.617449 -2.838667 1.064589
 186.400000 2.662957 -2.715639 3.966717
 186.600000 2.633017 -2.778871 0.206079
 186.800000 2.707872 -2.838870 5.112934
 187.000000 2.643109 -2.735823 1.923031
 187.200000 2.697345 -2.771712 3.364905
 187.400000 2.657634 -2.885444 5.102465
 187.600000 2.630173 -2.849929 1.721658
 187.800000 2.672685 -2.902503 7.542977
 188.000000 2.691509 -2.918608 10.650517
 188.200000 2.612989 -2.801833 0.055830
 188.400000 2.691674 -2.825239 3.249460
 188.600000 2.680133 -2.891747 6.852936
 188.800000 2.663452 -2.787818 1.044310
 189.000000 2.637100 -2.786099 0.203178
 189.200000 2.617616 -2.805942 0.090050
 189.400000 2.664761 -2.790284 1.096092
 189.600000 2.653075 -2.819442 0.977542
 189.800000 2.619051 -2.841137 1.182035
 190.000000 2.713562 -2.817702 4.883577
 190.200000 2.671968 -2.820628 1.851437
 190.400000 2.704211 -2.805366 3.799106
 190.600000 2.684852 -2.831445 2.992325
 190.800000 2.739939 -2.791574 7.435728
 191.000000 2.703012 -2.760745 4.119103
 191.200000 2.701695 -2.821525 3.923355
 191.400000 2.611165 -2.750396 0.910806
 191.600000 2.666287 -2.725124 3.437645
 191.800000 2.686155 -2.804766 2.397886
 192.000000 2.682812 -2.834536 2.983075
 192.200000 2.690117 -2.758372 3.184187
 192.400000 2.654168 -2.851649 2.401972
 192.600000 2.665745 -2.949692 13.490485
 192.800000 2.693582 -2.896388 8.250331
 193.000000 2.691207 -2.779608 2.763500
 193.200000 2.727211 -2.782288 6.016627
 193.400000 2.746076 -2.817043 8.503067
 193.600000 2.663311 -2.832378 1.820870
 193.800000 2.635326 -2.748600 1.115001
 194.000000 2.661529 -2.784947 0.976375
 194.200000 2.736855 -2.841331 8.254888
 194.400000 2.726991 -2.825371 6.479545
 194.600000 2.673593 -2.779758 1.627135
 194.800000 2.601817 -2.864167 2.697020
 195.000000 2.661353 -2.826977 1.533419
 195.200000 2.672289 -2.847096 2.962911
 195.400000 2.695112 -2.796685 2.982251
 195.600000 2.695219 -2.732209 4.800956
 195.800000 2.591219 -2.745146 1.480929
 196.000000 2.636541 -2.763220 0.601437
 196.200000 2.717421 -2.840818 6.108949
 196.400000 2.677195 -2.916214 9.401680
 196.600000 2.659631 -2.856454 2.910145
 196.800000 2.756604 -2.866638 12.352666
 197.000000 2.786098 -2.890822 18.960436
 197.200000 2.656612 -2.841420 1.940935
 197.400000 2.701953 -2.818261 3.855687
 197.600000 2.728082 -2.823877 6.551070
 197.800000 2.707522 -2.750108 4.907362
 198.000000 2.639360 -2.757401 0.845158
 198.200000 2.636602 -2.791947 0.173296
 198.400000 2.744334 -2.816054 8.257697
 198.600000 2.642563 -2.845349 1.696935
 198.800000 2.641437 -2.858859 2.474765
 199.000000 2.618181 -2.837630 1.017154
 199.200000 2.595670 -2.769584 0.512360
 199.400000 2.547791 -2.806640 2.563813
 199.600000 2.653724 -2.732966 2.412079
 199.800000 2.707420 -2.842292 5.236791
 200.000000 2.703813 -2.877410 7.285011
