#! FIELDS time phi psi restraint.bias
#! SET min_phi -pi
#! SET max_phi pi
#! SET min_psi -pi
#! SET max_psi pi
 0.000000 -0.849381 2.572505 12.472763
 0.200000 -0.758025 2.519485 6.645620
 0.400000 -0.816898 2.632083 7.151929
 0.600000 -0.760835 2.573979 2.934523
 0.800000 -0.771046 2.690082 5.256607
 1.000000 -0.689928 2.624883 0.057379
 1.200000 -0.642862 2.576272 2.397715
 1.400000 -0.771066 2.514561 8.008896
 1.600000 -0.739077 2.647224 1.265482
 1.800000 -0.770280 2.594879 2.869870
 2.000000 -0.739943 2.634577 1.011612
 2.200000 -0.812296 2.552753 8.644955
 2.400000 -0.701947 2.585290 0.542040
 2.600000 -0.699761 2.675628 1.662198
 2.800000 -0.798711 2.605514 5.136002
 3.000000 -0.720807 2.597805 0.460869
 3.200000 -0.791264 2.646524 4.743835
 3.400000 -0.729607 2.618018 0.495352
 3.600000 -0.690987 2.573293 1.024610
 3.800000 -0.665991 2.690840 3.169799
 4.000000 -0.725662 2.565189 1.773148
 4.200000 -0.704244 2.525685 4.279137
 4.400000 -0.784928 2.553871 5.822660
 4.600000 -0.790683 2.647523 4.718837
 4.800000 -0.812437 2.619975 6.534859
 5.000000 -0.752705 2.603927 1.588069
 5.200000 -0.706634 2.541369 2.971836
 5.400000 -0.787643 2.631837 4.101955
 5.600000 -0.825690 2.597155 8.352670
 5.800000 -0.761370 2.545931 4.596052
 6.000000 -0.761679 2.656416 2.757269
 6.200000 -0.766405 2.659251 3.181659
 6.400000 -0.703624 2.614865 0.019977
 6.600000 -0.759948 2.644048 2.250042
 6.800000 -0.768535 2.611170 2.501571
 7.000000 -0.737452 2.557625 2.595210
 7.200000 -0.741750 2.686950 3.328753
 7.400000 -0.641912 2.578753 2.350261
 7.600000 -0.808949 2.658686 6.968178
 7.800000 -0.741006 2.528515 4.922364
 8.000000 -0.709022 2.611259 0.081987
 8.200000 -0.748696 2.605377 1.357989
 8.400000 -0.694824 2.485271 8.813098
 8.600000 -0.809995 2.574977 7.181928
 8.800000 -0.809686 2.657629 7.007642
 9.000000 -0.746040 2.577940 1.949758
 9.200000 -0.761854 2.605855 2.103916
 9.400000 -0.789909 2.631545 4.303393
 9.600000 -0.685606 2.652284 0.666362
 9.800000 -0.723126 2.652025 0.891423
 10.000000 -0.606906 2.572059 5.216052
 10.200000 -0.657249 2.565684 2.203826
 10.400000 -0.805462 2.583759 6.345883
 10.600000 -0.782054 2.529721 7.417476
 10.800000 -0.789426 2.547107 6.679840
 11.000000 -0.735237 2.697378 3.839300
 11.200000 -0.787669 2.590232 4.393794
 11.400000 -0.860784 2.537280 16.485232
 11.600000 -0.734302 2.579398 1.398942
 11.800000 -0.733954 2.688216 3.107189
 12.000000 -0.848556 2.654714 11.987971
 12.200000 -0.664625 2.608008 0.611190
 12.400000 -0.764273 2.626863 2.226694
 12.600000 -0.853446 2.575840 12.949745
 12.800000 -0.687949 2.522218 4.638366
 13.000000 -0.797186 2.584312 5.473112
 13.200000 -0.619809 2.600181 3.225865
 13.400000 -0.738581 2.595256 1.076585
 13.600000 -0.832752 2.677717 10.844701
 13.800000 -0.729276 2.578080 1.281544
 14.000000 -0.733020 2.667965 1.857164
 14.200000 -0.782020 2.647493 3.953750
 14.400000 -0.741077 2.597441 1.133354
 14.600000 -0.730088 2.611064 0.534624
 14.800000 -0.689642 2.531646 3.764006
 15.000000 -0.743928 2.509448 6.939760
 15.200000 -0.736152 2.646372 1.125430
 15.400000 -0.734965 2.655231 1.371641
 15.600000 -0.786926 2.560491 5.595523
 15.800000 -0.727553 2.637445 0.621970
 16.000000 -0.737265 2.709288 4.933028
 16.200000 -0.793037 2.656733 5.253852
 16.400000 -0.781464 2.586098 3.980824
 16.600000 -0.661434 2.598182 0.869626
 16.800000 -0.734605 2.565704 2.032262
 17.000000 -0.717297 2.606833 0.245936
 17.200000 -0.730134 2.534678 3.982863
 17.400000 -0.727734 2.583032 1.049298
 17.600000 -0.640603 2.620869 1.658886
 17.800000 -0.677891 2.589092 0.622512
 18.000000 -0.738030 2.566844 2.104064
 18.200000 -0.738141 2.504267 7.267261
 18.400000 -0.751110 2.719716 6.577062
 18.600000 -0.754739 2.609048 1.642201
 18.800000 -0.723218 2.625643 0.343913
 19.000000 -0.735284 2.613632 0.699673
 19.200000 -0.744737 2.622854 1.097836
 19.400000 -0.828404 2.644825 8.845396
 19.600000 -0.761059 2.588312 2.420431
 19.800000 -0.677446 2.596393 0.447255
 20.000000 -0.696147 2.633353 0.119925
 20.200000 -0.810663 2.617439 6.331761
 20.400000 -0.683307 2.547957 2.562429
 20.600000 -0.746111 2.670113 2.509188
 20.800000 -0.740884 2.594457 1.190861
 21.000000 -0.716891 2.684694 2.400383
 21.200000 -0.750520 2.545568 3.995067
 21.400000 -0.743429 2.600916 1.171740
 21.600000 -0.747472 2.581559 1.880976
 21.800000 -0.849214 2.602698 11.529844
 22.000000 -0.756363 2.509372 7.594818
 22.200000 -0.721969 2.556832 2.154472
 22.400000 -0.701612 2.561751 1.587666
 22.600000 -0.726967 2.604933 0.501033
 22.800000 -0.704485 2.564747 1.437819
 23.000000 -0.721582 2.593223 0.581758
 23.200000 -0.746841 2.616586 1.187275
 23.400000 -0.661706 2.629202 0.726206
 23.600000 -0.686505 2.575912 0.953016
 23.800000 -0.733291 2.617138 0.618464
 24.000000 -0.731515 2.617635 0.557281
 24.200000 -0.733589 2.619443 0.629656
 24.400000 -0.694403 2.518243 4.982091
 24.600000 -0.772393 2.607264 2.814941
 24.800000 -0.766086 2.580911 2.996498
 25.000000 -0.742065 2.640169 1.210936
 25.200000 -0.790921 2.545284 6.948263
 25.400000 -0.735396 2.592156 1.028117
 25.600000 -0.765830 2.648810 2.766340
 25.800000 -0.775541 2.615662 2.998817
 26.000000 -0.764432 2.604486 2.289071
 26.200000 -0.772892 2.599176 2.971597
 26.400000 -0.722024 2.643246 0.604241
 26.600000 -0.685903 2.638369 0.282339
 26.800000 -0.748636 2.590202 1.661570
 27.000000 -0.716711 2.473880 10.557033
 27.200000 -0.779904 2.604223 3.438155
 27.400000 -0.689711 2.532362 3.701877
 27.600000 -0.716760 2.607599 0.227523
 27.800000 -0.760597 2.629217 2.013959
 28.000000 -0.687160 2.591493 0.411347
 28.200000 -0.727021 2.611349 0.439373
 28.400000 -0.667548 2.634768 0.608370
 28.600000 -0.730793 2.589511 0.939016
 28.800000 -0.792213 2.612882 4.438706
 29.000000 -0.744659 2.646556 1.490315
 29.200000 -0.799865 2.556392 7.072196
 29.400000 -0.749246 2.603473 1.411756
 29.600000 -0.733461 2.559197 2.352620
 29.800000 -0.762525 2.566821 3.382577
 30.000000 -0.757460 2.569431 2.939076
 30.200000 -0.751889 2.635199 1.592955
 30.400000 -0.838099 2.578995 10.555869
 30.600000 -0.641195 2.676645 3.340863
 30.800000 -0.731389 2.695699 3.572113
 31.000000 -0.785837 2.607619 3.899894
 31.200000 -0.779562 2.621347 3.321056
 31.400000 -0.753197 2.651946 2.092443
 31.600000 -0.811347 2.547967 8.860702
 31.800000 -0.766170 2.641439 2.589467
 32.000000 -0.707071 2.605740 0.115036
 32.200000 -0.760269 2.585640 2.453935
 32.400000 -0.789205 2.554960 6.133813
 32.600000 -0.756315 2.597997 1.892575
 32.800000 -0.719708 2.634301 0.365732
 33.000000 -0.686426 2.646729 0.481356
 33.200000 -0.674603 2.574643 1.216450
 33.400000 -0.772402 2.603967 2.856399
 33.600000 -0.704729 2.551230 2.250500
 33.800000 -0.719145 2.623298 0.234848
 34.000000 -0.728783 2.513576 5.921320
 34.200000 -0.688115 2.650500 0.578483
 34.400000 -0.846989 2.580122 11.796419
 34.600000 -0.815748 2.637072 7.098830
 34.800000 -0.772423 2.649487 3.255515
 35.000000 -0.766875 2.660539 3.267885
 35.200000 -0.777801 2.597587 3.381808
 35.400000 -0.789899 2.635310 4.360574
 35.600000 -0.781790 2.531608 7.230580
 35.800000 -0.798296 2.538855 8.147887
 36.000000 -0.731596 2.604108 0.656338
 36.200000 -0.759739 2.550047 4.206100
 36.400000 -0.771104 2.516172 7.846363
 36.600000 -0.754471 2.645482 1.964867
 36.800000 -0.764089 2.638859 2.392834
 37.000000 -0.698584 2.577758 0.809556
 37.200000 -0.672961 2.692860 3.119265
 37.400000 -0.741172 2.577194 1.758573
 37.600000 -0.766533 2.544564 5.035358
 37.800000 -0.726560 2.638884 0.622276
 38.000000 -0.750738 2.647350 1.814600
 38.200000 -0.692153 2.600858 0.164687
 38.400000 -0.771071 2.568440 3.887863
 38.600000 -0.677399 2.656994 0.975454
 38.800000 -0.670905 2.613563 0.380449
 39.000000 -0.811920 2.665676 7.610735
 39.200000 -0.754076 2.542077 4.446547
 39.400000 -0.717029 2.557246 2.023697
 39.600000 -0.819848 2.563646 8.884226
 39.800000 -0.730884 2.433981 17.466748
 40.000000 -0.767360 2.600209 2.554432
 40.200000 -0.777632 2.650744 3.696444
 40.400000 -0.690246 2.594202 0.314117
 40.600000 -0.714749 2.606507 0.204048
 40.800000 -0.748204 2.688062 3.708399
 41.000000 -0.777889 2.689311 5.723640
 41.200000 -0.745739 2.628084 1.184144
 41.400000 -0.827015 2.527311 12.417103
 41.600000 -0.718145 2.514587 5.546755
 41.800000 -0.683032 2.582536 0.742620
 42.000000 -0.732021 2.642871 0.883650
 42.200000 -0.695938 2.607005 0.062786
 42.400000 -0.745421 2.631644 1.211296
 42.600000 -0.690276 2.516578 5.173450
 42.800000 -0.660113 2.689798 3.300599
 43.000000 -0.758483 2.601672 1.954346
 43.200000 -0.742106 2.609922 0.999462
 43.400000 -0.783814 2.696875 6.781842
 43.600000 -0.780874 2.502351 10.109846
 43.800000 -0.732839 2.499353 7.640134
 44.000000 -0.766369 2.666040 3.482334
 44.200000 -0.681383 2.577209 0.971947
 44.400000 -0.729606 2.566183 1.837515
 44.600000 -0.821968 2.710513 11.947635
 44.800000 -0.741965 2.609557 0.996271
 45.000000 -0.854627 2.597115 12.463352
 45.200000 -0.815259 2.667486 8.084153
 45.400000 -0.695991 2.552064 2.175665
 45.600000 -0.738241 2.685560 3.086952
 45.800000 -0.829380 2.499318 15.654996
 46.000000 -0.627487 2.579088 3.252195
 46.200000 -0.724509 2.706020 4.222195
 46.400000 -0.647575 2.639931 1.518606
 46.600000 -0.666933 2.543115 3.290063
 46.800000 -0.843093 2.546392 13.070274
 47.000000 -0.751746 2.611936 1.455615
 47.200000 -0.707847 2.499564 7.060039
 47.400000 -0.781963 2.615184 3.517830
 47.600000 -0.777227 2.591389 3.481942
 47.800000 -0.689857 2.609454 0.070700
 48.000000 -0.774539 2.620299 2.921724
 48.200000 -0.798332 2.595407 5.275164
 48.400000 -0.745870 2.568289 2.374780
 48.600000 -0.776446 2.683635 5.220949
 48.800000 -0.777844 2.565370 4.561661
 49.000000 -0.755603 2.543037 4.460717
 49.200000 -0.781933 2.643685 3.841307
 49.400000 -0.750139 2.585620 1.876402
 49.600000 -0.699361 2.458114 12.781614
 49.800000 -0.775726 2.695152 5.987106
 50.000000 -0.874143 2.615164 15.493995
 50.200000 -0.760418 2.595544 2.191786
 50.400000 -0.672953 2.633442 0.436304
 50.600000 -0.694676 2.587854 0.460177
 50.800000 -0.754788 2.538792 4.741407
 51.000000 -0.762617 2.600304 2.235634
 51.200000 -0.797796 2.540979 7.932216
 51.400000 -0.777988 2.670617 4.573126
 51.600000 -0.710039 2.676431 1.778371
 51.800000 -0.690686 2.583751 0.614018
 52.000000 -0.714675 2.557463 1.968835
 52.200000 -0.736372 2.567235 2.019385
 52.400000 -0.781757 2.651363 4.053376
 52.600000 -0.737422 2.631412 0.861878
 52.800000 -0.751680 2.559487 3.145248
 53.000000 -0.690966 2.545898 2.624545
 53.200000 -0.784932 2.611545 3.787934
 53.400000 -0.858214 2.624224 12.832498
 53.600000 -0.760721 2.569778 3.121102
 53.800000 -0.725246 2.685741 2.662449
 54.000000 -0.786755 2.599029 4.106918
 54.200000 -0.760965 2.563700 3.447911
 54.400000 -0.755036 2.530467 5.449501
 54.600000 -0.752113 2.581405 2.126375
 54.800000 -0.703921 2.647317 0.446671
 55.000000 -0.798237 2.599515 5.181279
 55.200000 -0.718682 2.522446 4.775860
 55.400000 -0.724697 2.664087 1.415139
 55.600000 -0.817738 2.658736 7.982796
 55.800000 -0.752741 2.663068 2.506895
 56.000000 -0.750563 2.587015 1.854396
 56.200000 -0.783541 2.518808 8.566295
 56.400000 -0.788999 2.511736 9.773845
 56.600000 -0.694082 2.604049 0.105427
 56.800000 -0.811066 2.516068 11.571471
 57.000000 -0.768970 2.611917 2.527504
 57.200000 -0.731344 2.586090 1.060476
 57.400000 -0.714265 2.604342 0.223334
 57.600000 -0.745711 2.632252 1.233537
 57.800000 -0.692732 2.541975 2.903991
 58.000000 -0.753475 2.648809 2.006225
 58.200000 -0.779101 2.666884 4.473149
 58.400000 -0.720873 2.471721 10.956511
 58.600000 -0.835745 2.567312 10.753067
 58.800000 -0.785975 2.604464 3.949757
 59.000000 -0.753905 2.585839 2.072305
 59.200000 -0.792643 2.634090 4.595764
 59.400000 -0.727890 2.614905 0.447535
 59.600000 -0.691468 2.669468 1.346977
 59.800000 -0.738585 2.585275 1.353512
 60.000000 -0.639922 2.634243 1.826205
 60.200000 -0.728186 2.566639 1.770320
 60.400000 -0.802441 2.657298 6.212572
 60.600000 -0.823174 2.537924 11.023429
 60.800000 -0.702740 2.639090 0.233147
 61.000000 -0.785116 2.570855 4.894182
 61.200000 -0.817246 2.517623 12.131326
 61.400000 -0.741401 2.606027 1.007723
 61.600000 -0.689498 2.613973 0.045353
 61.800000 -0.690462 2.651328 0.584995
 62.000000 -0.748649 2.526160 5.492721
 62.200000 -0.609993 2.668834 5.176579
 62.400000 -0.679015 2.560078 1.859845
 62.600000 -0.759573 2.640610 2.143284
 62.800000 -0.723265 2.567985 1.566263
 63.000000 -0.756102 2.692819 4.479717
 63.200000 -0.799118 2.585877 5.614881
 63.400000 -0.817303 2.614017 7.108788
 63.600000 -0.799483 2.606171 5.205884
 63.800000 -0.768886 2.600465 2.656683
 64.000000 -0.824048 2.624250 7.947074
 64.200000 -0.738769 2.570705 1.943799
 64.400000 -0.734247 2.622141 0.660743
 64.600000 -0.713795 2.616736 0.123460
 64.800000 -0.736817 2.580142 1.464660
 65.000000 -0.738985 2.643942 1.171152
 65.200000 -0.750642 2.663144 2.397912
 65.400000 -0.763078 2.548814 4.501959
 65.600000 -0.699930 2.575039 0.924175
 65.800000 -0.731101 2.620781 0.547366
 66.000000 -0.724577 2.588087 0.796900
 66.200000 -0.800002 2.575204 6.104263
 66.400000 -0.806962 2.614104 5.929536
 66.600000 -0.729909 2.572787 1.526737
 66.800000 -0.727954 2.557967 2.246279
 67.000000 -0.792192 2.586263 4.927041
 67.200000 -0.749270 2.631538 1.399273
 67.400000 -0.742733 2.636315 1.162462
 67.600000 -0.773927 2.668908 4.168584
 67.800000 -0.699285 2.558754 1.755358
 68.000000 -0.753905 2.524674 5.909593
 68.200000 -0.781851 2.616692 3.505345
 68.400000 -0.719088 2.608552 0.264148
 68.600000 -0.726995 2.567249 1.704091
 68.800000 -0.745950 2.609961 1.175568
 69.000000 -0.812439 2.561495 8.129124
 69.200000 -0.774234 2.632802 3.005414
 69.400000 -0.756296 2.611618 1.711874
 69.600000 -0.721374 2.622237 0.279096
 69.800000 -0.777048 2.603660 3.216590
 70.000000 -0.791036 2.644823 4.675467
 70.200000 -0.636786 2.512660 7.429235
 70.400000 -0.722029 2.601397 0.423276
 70.600000 -0.727209 2.569021 1.621924
 70.800000 -0.677750 2.641025 0.472912
 71.000000 -0.801527 2.533350 8.927571
 71.200000 -0.846644 2.648739 11.500613
 71.400000 -0.801085 2.624550 5.321213
 71.600000 -0.770476 2.572336 3.659199
 71.800000 -0.732267 2.574996 1.507004
 72.000000 -0.715662 2.633558 0.274772
 72.200000 -0.750804 2.568947 2.589958
 72.400000 -0.751608 2.644586 1.783447
 72.600000 -0.695590 2.560029 1.683199
 72.800000 -0.740901 2.657295 1.686882
 73.000000 -0.793751 2.658937 5.409657
 73.200000 -0.853624 2.621436 12.094809
 73.400000 -0.713285 2.528855 4.087702
 73.600000 -0.795295 2.620943 4.724750
 73.800000 -0.743406 2.512697 6.568599
 74.000000 -0.774554 2.606263 2.988958
 74.200000 -0.735381 2.615513 0.696820
 74.400000 -0.676559 2.573131 1.239015
 74.600000 -0.820707 2.601338 7.651117
 74.800000 -0.797250 2.648730 5.384591
 75.000000 -0.767494 2.631647 2.498762
 75.200000 -0.640130 2.570305 2.819208
 75.400000 -0.837874 2.569867 10.922041
 75.600000 -0.750026 2.636125 1.510904
 75.800000 -0.800854 2.573650 6.259107
 76.000000 -0.760300 2.589015 2.352343
 76.200000 -0.753603 2.618512 1.538694
 76.400000 -0.685564 2.558745 1.834187
 76.600000 -0.826886 2.598551 8.477799
 76.800000 -0.717367 2.590711 0.557189
 77.000000 -0.661487 2.617449 0.671577
 77.200000 -0.785963 2.645575 4.237518
 77.400000 -0.730351 2.581542 1.183394
 77.600000 -0.731867 2.604351 0.662112
 77.800000 -0.714362 2.638403 0.339968
 78.000000 -0.747521 2.594263 1.501252
 78.200000 -0.716433 2.588311 0.607991
 78.400000 -0.730960 2.667318 1.755292
 78.600000 -0.716707 2.555220 2.142840
 78.800000 -0.762537 2.575014 2.997669
 79.000000 -0.754886 2.619601 1.611814
 79.200000 -0.829000 2.658037 9.365040
 79.400000 -0.777715 2.542325 6.029647
 79.600000 -0.748434 2.591578 1.614051
 79.800000 -0.726825 2.558269 2.195181
 80.000000 -0.796442 2.591283 5.189159
 80.200000 -0.716019 2.549101 2.533104
 80.400000 -0.671376 2.645725 0.742444
 80.600000 -0.714896 2.594938 0.406305
 80.800000 -0.763752 2.672724 3.650705
 81.000000 -0.684852 2.649015 0.569321
 81.200000 -0.712332 2.569695 1.267215
 81.400000 -0.833712 2.639434 9.420851
 81.600000 -0.763822 2.547459 4.645246
 81.800000 -0.690019 2.575016 0.956467
 82.000000 -0.862448 2.596777 13.725016
 82.200000 -0.744652 2.583807 1.666470
 82.400000 -0.706276 2.578641 0.807502
 82.600000 -0.774667 2.704037 6.630564
 82.800000 -0.720484 2.627285 0.292968
 83.000000 -0.697573 2.560153 1.672925
 83.200000 -0.775393 2.632649 3.092074
 83.400000 -0.691422 2.573853 0.996729
 83.600000 -0.802311 2.626409 5.462047
 83.800000 -0.728961 2.527422 4.576883
 84.000000 -0.732607 2.559482 2.306071
 84.200000 -0.759015 2.500153 8.796624
 84.400000 -0.805567 2.609484 5.807357
 84.600000 -0.685567 2.576280 0.948960
 84.800000 -0.697174 2.643255 0.319528
 85.000000 -0.702054 2.620940 0.012033
 85.200000 -0.746663 2.621314 1.183174
 85.400000 -0.737135 2.673504 2.301349
 85.600000 -0.746194 2.516193 6.336671
 85.800000 -0.768060 2.558850 4.193980
 86.000000 -0.759526 2.558863 3.632878
 86.200000 -0.707888 2.598048 0.246515
 86.400000 -0.857304 2.555225 14.637852
 86.600000 -0.724887 2.655306 1.054039
 86.800000 -0.799953 2.614430 5.190116
 87.000000 -0.786355 2.616659 3.892605
 87.200000 -0.684456 2.595563 0.345074
 87.400000 -0.665948 2.614120 0.525391
 87.600000 -0.767905 2.622347 2.443604
 87.800000 -0.709924 2.543913 2.813527
 88.000000 -0.798391 2.521684 9.663772
 88.200000 -0.782967 2.554954 5.585590
 88.400000 -0.726362 2.603607 0.501957
 88.600000 -0.765390 2.644034 2.600849
 88.800000 -0.776824 2.639950 3.337270
 89.000000 -0.682694 2.626239 0.153156
 89.200000 -0.720366 2.610174 0.277752
 89.400000 -0.729789 2.595175 0.761451
 89.600000 -0.721410 2.687433 2.681854
 89.800000 -0.732878 2.631145 0.690148
 90.000000 -0.736439 2.570226 1.874602
 90.200000 -0.752158 2.482113 10.691212
 90.400000 -0.768280 2.606160 2.530444
 90.600000 -0.727545 2.528202 4.463893
 90.800000 -0.766927 2.585485 2.894832
 91.000000 -0.762917 2.602524 2.218201
 91.200000 -0.708888 2.576261 0.928668
 91.400000 -0.771721 2.635756 2.865433
 91.600000 -0.872784 2.619824 15.253447
 91.800000 -0.714109 2.668242 1.390075
 92.000000 -0.800963 2.580330 5.996385
 92.200000 -0.732265 2.628765 0.640555
 92.400000 -0.776736 2.553784 5.150784
 92.600000 -0.721804 2.522460 4.843573
 92.800000 -0.686079 2.509645 5.942368
 93.000000 -0.722278 2.595765 0.538576
 93.200000 -0.698055 2.608455 0.045497
 93.400000 -0.710677 2.539075 3.192762
 93.600000 -0.722111 2.615713 0.290097
 93.800000 -0.746254 2.527097 5.288959
 94.000000 -0.822868 2.642638 8.083232
 94.200000 -0.819812 2.587405 7.870854
 94.400000 -0.709444 2.491814 8.024704
 94.600000 -0.750018 2.642460 1.645390
 94.800000 -0.806436 2.607515 5.919827
 95.000000 -0.810775 2.593593 6.641957
 95.200000 -0.789752 2.684223 6.390252
 95.400000 -0.650046 2.569474 2.333210
 95.600000 -0.719142 2.566690 1.536770
 95.800000 -0.731666 2.609016 0.602567
 96.000000 -0.723502 2.652154 0.905271
 96.200000 -0.742726 2.541574 3.914313
 96.400000 -0.798405 2.508702 10.999743
 96.600000 -0.770789 2.607015 2.699795
 96.800000 -0.688205 2.681124 2.041979
 97.000000 -0.736447 2.632329 0.836785
 97.200000 -0.661739 2.622088 0.670607
 97.400000 -0.728099 2.588631 0.880123
 97.600000 -0.738680 2.646877 1.239218
 97.800000 -0.720517 2.575777 1.141686
 98.000000 -0.682912 2.656713 0.865386
 98.200000 -0.722360 2.545318 2.934406
 98.400000 -0.752060 2.520090 6.246675
 98.600000 -0.790692 2.619051 4.284230
 98.800000 -0.798408 2.610594 5.055093
 99.000000 -0.713488 2.566314 1.453334
 99.200000 -0.761981 2.607406 2.094395
 99.400000 -0.775775 2.648399 3.476502
 99.600000 -0.772364 2.567894 4.010212
 99.800000 -0.762781 2.629060 2.151000
 100.000000 -0.813074 2.626039 6.638209
 100.200000 -0.763508 2.560824 3.771256
 100.400000 -0.612926 2.494416 11.265797
 100.600000 -0.759427 2.581638 2.539445
 100.800000 -0.795833 2.558171 6.562133
 101.000000 -0.771982 2.536867 6.017731
 101.200000 -0.773604 2.586050 3.358250
 101.400000 -0.670450 2.590711 0.755313
 101.600000 -0.703835 2.511028 5.737133
 101.800000 -0.736356 2.637263 0.916210
 102.000000 -0.767968 2.686351 4.774928
 102.200000 -0.678092 2.607852 0.252225
 102.400000 -0.734511 2.624751 0.684555
 102.600000 -0.743451 2.589388 1.436052
 102.800000 -0.751181 2.565546 2.782518
 103.000000 -0.800357 2.598198 5.420980
 103.200000 -0.748370 2.570447 2.392294
 103.400000 -0.734640 2.533778 4.212547
 103.600000 -0.746105 2.621716 1.157668
 103.800000 -0.815324 2.480392 16.334060
 104.000000 -0.786427 2.543464 6.675401
 104.200000 -0.747406 2.659689 2.083223
 104.400000 -0.720735 2.645305 0.628404
 104.600000 -0.766652 2.545880 4.947691
 104.800000 -0.769361 2.591789 2.880165
 105.000000 -0.720099 2.586552 0.735587
 105.200000 -0.756452 2.530533 5.525336
 105.400000 -0.752261 2.593474 1.765568
 105.600000 -0.788358 2.583947 4.649970
 105.800000 -0.754145 2.621140 1.573717
 106.000000 -0.798941 2.624061 5.099680
 106.200000 -0.697775 2.600848 0.147051
 106.400000 -0.721132 2.633633 0.386801
 106.600000 -0.642792 2.607676 1.584494
 106.800000 -0.787965 2.670982 5.438889
 107.000000 -0.741035 2.682209 2.982143
 107.200000 -0.698808 2.531563 3.735406
 107.400000 -0.785878 2.520386 8.613293
 107.600000 -0.727407 2.590699 0.801025
 107.800000 -0.734241 2.568741 1.864865
 108.000000 -0.721798 2.563552 1.762016
 108.200000 -0.707654 2.613704 0.054538
 108.400000 -0.762496 2.602227 2.195703
 108.600000 -0.684516 2.649826 0.599342
 108.800000 -0.740414 2.621604 0.900416
 109.000000 -0.691080 2.623875 0.042154
 109.200000 -0.800941 2.643822 5.618391
 109.400000 -0.772626 2.593579 3.072750
 109.600000 -0.723634 2.453511 13.852474
 109.800000 -0.770705 2.580475 3.337261
 110.000000 -0.704698 2.556654 1.902850
 110.200000 -0.783714 2.635198 3.810194
 110.400000 -0.653068 2.660374 1.913370
 110.600000 -0.760697 2.605292 2.037894
 110.800000 -0.773268 2.637542 3.013763
 111.000000 -0.737644 2.651580 1.344637
 111.200000 -0.720794 2.578970 1.018226
 111.400000 -0.725794 2.535625 3.774908
 111.600000 -0.700692 2.532248 3.679457
 111.800000 -0.767332 2.572847 3.413475
 112.000000 -0.748697 2.565667 2.647459
 112.200000 -0.751278 2.645560 1.792225
 112.400000 -0.756095 2.536892 4.968598
 112.600000 -0.748466 2.745615 9.410332
 112.800000 -0.795310 2.634242 4.853768
 113.000000 -0.715263 2.673829 1.705525
 113.200000 -0.743303 2.660250 1.913037
 113.400000 -0.705517 2.580211 0.741029
 113.600000 -0.753331 2.555281 3.489934
 113.800000 -0.715253 2.541962 3.037034
 114.000000 -0.767804 2.586861 2.911771
 114.200000 -0.739174 2.554946 2.829743
 114.400000 -0.811232 2.602230 6.520078
 114.600000 -0.804733 2.569236 6.870552
 114.800000 -0.629518 2.555100 4.331777
 115.000000 -0.745251 2.647973 1.559481
 115.200000 -0.780353 2.628144 3.431708
 115.400000 -0.741429 2.620728 0.941058
 115.600000 -0.743425 2.586257 1.529356
 115.800000 -0.717863 2.589672 0.595725
 116.000000 -0.724656 2.515899 5.563428
 116.200000 -0.840255 2.627117 10.141128
 116.400000 -0.783622 2.503906 10.162319
 116.600000 -0.691861 2.629370 0.084367
 116.800000 -0.759900 2.618401 1.907723
 117.000000 -0.746827 2.593216 1.492577
 117.200000 -0.746664 2.652897 1.786770
 117.400000 -0.752815 2.588749 1.922765
 117.600000 -0.822498 2.599641 7.901901
 117.800000 -0.835575 2.629742 9.514290
 118.000000 -0.679284 2.570628 1.299373
 118.200000 -0.781612 2.564129 4.935178
 118.400000 -0.849189 2.612065 11.426706
 118.600000 -0.735844 2.551475 2.923511
 118.800000 -0.766138 2.628286 2.365414
 119.000000 -0.685991 2.597507 0.283546
 119.200000 -0.634892 2.575657 2.895815
 119.400000 -0.773823 2.641043 3.130250
 119.600000 -0.679794 2.653791 0.808835
 119.800000 -0.804740 2.582705 6.305343
 120.000000 -0.800593 2.652612 5.848356
 120.200000 -0.760040 2.572283 2.961041
 120.400000 -0.791355 2.477254 14.249179
 120.600000 -0.780313 2.611991 3.394870
 120.800000 -0.740965 2.528702 4.903833
 121.000000 -0.771219 2.539852 5.723991
 121.200000 -0.768605 2.542206 5.355190
 121.400000 -0.725659 2.710815 4.686721
 121.600000 -0.668759 2.575596 1.330194
 121.800000 -0.703249 2.676187 1.706293
 122.000000 -0.709966 2.625542 0.098518
 122.200000 -0.787316 2.667962 5.225370
 122.400000 -0.800113 2.641133 5.467806
 122.600000 -0.755044 2.508525 7.611207
 122.800000 -0.676395 2.582657 0.860591
 123.000000 -0.776201 2.552690 5.179689
 123.200000 -0.809017 2.551332 8.369752
 123.400000 -0.802272 2.576587 6.279918
 123.600000 -0.756985 2.677866 3.524176
 123.800000 -0.747807 2.612025 1.251620
 124.000000 -0.813994 2.663100 7.729285
 124.200000 -0.741268 2.641422 1.204803
 124.400000 -0.729459 2.506358 6.721950
 124.600000 -0.772460 2.602886 2.876472
 124.800000 -0.828273 2.620653 8.471959
 125.000000 -0.675271 2.597409 0.473167
 125.200000 -0.745818 2.595573 1.388333
 125.400000 -0.708524 2.564707 1.473722
 125.600000 -0.647057 2.599910 1.467821
 125.800000 -0.755179 2.635502 1.780440
 126.000000 -0.788349 2.620158 4.071889
 126.200000 -0.693037 2.561196 1.626005
 126.400000 -0.834566 2.662082 10.279071
 126.600000 -0.766004 2.498731 9.415104
 126.800000 -0.734556 2.600048 0.824376
 127.000000 -0.765889 2.635078 2.441472
 127.200000 -0.697320 2.581430 0.668787
 127.400000 -0.723059 2.670649 1.696984
 127.600000 -0.681126 2.579657 0.879456
 127.800000 -0.774652 2.669985 4.279238
 128.000000 -0.727519 2.681364 2.439668
 128.200000 -0.666023 2.516360 5.680176
 128.400000 -0.740409 2.652968 1.505280
 128.600000 -0.773202 2.589042 3.236882
 128.800000 -0.766306 2.439605 18.235112
 129.000000 -0.755516 2.516906 6.755856
 129.200000 -0.746460 2.659770 2.040422
 129.400000 -0.738073 2.562730 2.324673
 129.600000 -0.763352 2.646005 2.519185
 129.800000 -0.733330 2.555218 2.589866
 130.000000 -0.723185 2.654911 0.995289
 130.200000 -0.719319 2.692696 3.014676
 130.400000 -0.702265 2.532988 3.621534
 130.600000 -0.701717 2.632680 0.114262
 130.800000 -0.734735 2.622568 0.680363
 131.000000 -0.805258 2.488208 14.160190
 131.200000 -0.779263 2.557767 5.104805
 131.400000 -0.738473 2.653954 1.460292
 131.600000 -0.672608 2.587363 0.794858
 131.800000 -0.690735 2.624008 0.045443
 132.000000 -0.759567 2.662728 2.887724
 132.200000 -0.682068 2.560386 1.788360
 132.400000 -0.843769 2.656493 11.346268
 132.600000 -0.778715 2.648893 3.724161
 132.800000 -0.733340 2.531392 4.369788
 133.000000 -0.721858 2.587803 0.737208
 133.200000 -0.768260 2.558863 4.207260
 133.400000 -0.702719 2.575943 0.894660
 133.600000 -0.790783 2.615622 4.294981
 133.800000 -0.830710 2.578326 9.575260
 134.000000 -0.785559 2.560263 5.488229
 134.200000 -0.751465 2.733274 8.066974
 134.400000 -0.706031 2.623480 0.046252
 134.600000 -0.623375 2.598754 2.979387
 134.800000 -0.796733 2.641133 5.128821
 135.000000 -0.727489 2.496987 7.752234
 135.200000 -0.826965 2.564398 9.735264
 135.400000 -0.814919 2.550026 9.129388
 135.600000 -0.701434 2.590270 0.389771
 135.800000 -0.761983 2.625996 2.070491
 136.000000 -0.742585 2.561599 2.578244
 136.200000 -0.763551 2.536519 5.458914
 136.400000 -0.757665 2.589040 2.191288
 136.600000 -0.695613 2.640860 0.264607
 136.800000 -0.753468 2.588790 1.957473
 137.000000 -0.730929 2.648072 0.990184
 137.200000 -0.763966 2.541471 5.094951
 137.400000 -0.686892 2.587369 0.532105
 137.600000 -0.833969 2.591863 9.567321
 137.800000 -0.694955 2.608255 0.052469
 138.000000 -0.706506 2.686308 2.368475
 138.200000 -0.835086 2.628059 9.428945
 138.400000 -0.693006 2.580123 0.730228
 138.600000 -0.724092 2.666740 1.525071
 138.800000 -0.766068 2.729364 8.509341
 139.000000 -0.659564 2.555793 2.678240
 139.200000 -0.686938 2.673349 1.594746
 139.400000 -0.759271 2.543044 4.677787
 139.600000 -0.670799 2.575231 1.287856
 139.800000 -0.781527 2.549641 5.813469
 140.000000 -0.819364 2.601303 7.487975
 140.200000 -0.759898 2.519902 6.718490
 140.400000 -0.765773 2.628712 2.345093
 140.600000 -0.752604 2.624800 1.506760
 140.800000 -0.842149 2.609156 10.409603
 141.000000 -0.769010 2.588944 2.933799
 141.200000 -0.753592 2.609140 1.577116
 141.400000 -0.750919 2.684880 3.630131
 141.600000 -0.705881 2.609082 0.069739
 141.800000 -0.714433 2.519337 4.999438
 142.000000 -0.810878 2.479273 15.977655
 142.200000 -0.718872 2.537848 3.426765
 142.400000 -0.735344 2.540874 3.666080
 142.600000 -0.767999 2.566513 3.765904
 142.800000 -0.758747 2.615618 1.839946
 143.000000 -0.686344 2.589800 0.466920
 143.200000 -0.796650 2.623001 4.865468
 143.400000 -0.784830 2.649640 4.259016
 143.600000 -0.704783 2.637875 0.219747
 143.800000 -0.661071 2.586263 1.190153
 144.000000 -0.792624 2.634209 4.595833
 144.200000 -0.769208 2.603026 2.637965
 144.400000 -0.704466 2.525549 4.293047
 144.600000 -0.745678 2.552376 3.283219
 144.800000 -0.762013 2.618283 2.040434
 145.000000 -0.686251 2.515877 5.284458
 145.200000 -0.811516 2.571780 7.495857
 145.400000 -0.808697 2.603229 6.221385
 145.600000 -0.681961 2.622088 0.139126
 145.800000 -0.732364 2.642143 0.877510
 146.000000 -0.843054 2.684259 12.696748
 146.200000 -0.746977 2.630580 1.272157
 146.400000 -0.768221 2.632550 2.562173
 146.600000 -0.841181 2.591334 10.586859
 146.800000 -0.814273 2.566074 8.092281
 147.000000 -0.671257 2.580768 1.053986
 147.200000 -0.743606 2.593092 1.344003
 147.400000 -0.726417 2.562280 1.952049
 147.600000 -0.744102 2.624931 1.080703
 147.800000 -0.713351 2.655524 0.820058
 148.000000 -0.739796 2.622831 0.879677
 148.200000 -0.764930 2.590439 2.610685
 148.400000 -0.747534 2.617938 1.220285
 148.600000 -0.802516 2.610088 5.479284
 148.800000 -0.788290 2.568301 5.298913
 149.000000 -0.781297 2.620705 3.461914
 149.200000 -0.751495 2.525536 5.698033
 149.400000 -0.608153 2.570525 5.174761
 149.600000 -0.754170 2.559132 3.302468
 149.800000 -0.689323 2.653650 0.674476
 150.000000 -0.764118 2.671071 3.585681
 150.200000 -0.726332 2.635785 0.555900
 150.400000 -0.715891 2.564927 1.565751
 150.600000 -0.839607 2.630418 10.084853
 150.800000 -0.828913 2.655648 9.260826
 151.000000 -0.789304 2.527281 8.270646
 151.200000 -0.782122 2.563554 5.009070
 151.400000 -0.768675 2.589252 2.901198
 151.600000 -0.685208 2.522415 4.651180
 151.800000 -0.702619 2.646145 0.406312
 152.000000 -0.818535 2.617294 7.248672
 152.200000 -0.758964 2.696014 4.893918
 152.400000 -0.693007 2.611722 0.032800
 152.600000 -0.724140 2.615972 0.340255
 152.800000 -0.685758 2.546751 2.614340
 153.000000 -0.681173 2.595524 0.396265
 153.200000 -0.806155 2.587805 6.290155
 153.400000 -0.746498 2.540268 4.190333
 153.600000 -0.817103 2.568843 8.285027
 153.800000 -0.805781 2.486806 14.399324
 154.000000 -0.757077 2.653196 2.356898
 154.200000 -0.814781 2.660176 7.693213
 154.400000 -0.762758 2.610698 2.114908
 154.600000 -0.727652 2.544612 3.128146
 154.800000 -0.706874 2.610952 0.063004
 155.000000 -0.714132 2.532123 3.814935
 155.200000 -0.761863 2.613074 2.042971
 155.400000 -0.744002 2.656065 1.776770
 155.600000 -0.788222 2.531090 7.834256
 155.800000 -0.861688 2.631970 13.472958
 156.000000 -0.741400 2.620395 0.938941
 156.200000 -0.759557 2.566992 3.187119
 156.400000 -0.754583 2.547409 4.084487
 156.600000 -0.760350 2.634095 2.065200
 156.800000 -0.741556 2.640930 1.205850
 157.000000 -0.734609 2.623565 0.680832
 157.200000 -0.685711 2.628720 0.134666
 157.400000 -0.711117 2.608464 0.129724
 157.600000 -0.748134 2.704378 4.981219
 157.800000 -0.768731 2.579477 3.233880
 158.000000 -0.679628 2.552790 2.296936
 158.200000 -0.679859 2.597451 0.377957
 158.400000 -0.775341 2.605862 3.054258
 158.600000 -0.783499 2.566918 4.948139
 158.800000 -0.684964 2.606382 0.154113
 159.000000 -0.779529 2.639375 3.541350
 159.200000 -0.789283 2.574794 5.087380
 159.400000 -0.819606 2.636439 7.548102
 159.600000 -0.657334 2.574995 1.756679
 159.800000 -0.713104 2.537943 3.316168
 160.000000 -0.821456 2.545782 10.211704
 160.200000 -0.717353 2.580046 0.904742
 160.400000 -0.730068 2.658037 1.311673
 160.600000 -0.713704 2.535166 3.551469
 160.800000 -0.639715 2.587074 2.184287
 161.000000 -0.785911 2.549817 6.176692
 161.200000 -0.772705 2.695316 5.769957
 161.400000 -0.742324 2.601822 1.107252
 161.600000 -0.737348 2.602445 0.889827
 161.800000 -0.697700 2.612809 0.013533
 162.000000 -0.778309 2.621053 3.218870
 162.200000 -0.782603 2.546798 6.102127
 162.400000 -0.818448 2.569881 8.395410
 162.600000 -0.670212 2.606962 0.450602
 162.800000 -0.727896 2.624209 0.462260
 163.000000 -0.788585 2.588794 4.517203
 163.200000 -0.762083 2.607666 2.098223
 163.400000 -0.752763 2.722646 6.968270
 163.600000 -0.775878 2.658431 3.839811
 163.800000 -0.708572 2.634119 0.184508
 164.000000 -0.759852 2.587197 2.378918
 164.200000 -0.762892 2.654003 2.745276
 164.400000 -0.729097 2.596657 0.707037
 164.600000 -0.768974 2.577121 3.344601
 164.800000 -0.732417 2.626751 0.626077
 165.000000 -0.692051 2.598245 0.213493
 165.200000 -0.736813 2.557317 2.588944
 165.400000 -0.777926 2.611390 3.205339
 165.600000 -0.738111 2.623646 0.815161
 165.800000 -0.781218 2.585074 3.993509
 166.000000 -0.705514 2.570982 1.132300
 166.200000 -0.683205 2.635810 0.270114
 166.400000 -0.708516 2.580901 0.741849
 166.600000 -0.810732 2.593397 6.641889
 166.800000 -0.742178 2.639509 1.201485
 167.000000 -0.660373 2.642794 1.020386
 167.200000 -0.822447 2.578145 8.521137
 167.400000 -0.833287 2.638093 9.335425
 167.600000 -0.657999 2.563914 2.267626
 167.800000 -0.773202 2.512397 8.393119
 168.000000 -0.782160 2.579800 4.259779
 168.200000 -0.667615 2.640412 0.716919
 168.400000 -0.770399 2.629334 2.675581
 168.600000 -0.763773 2.583830 2.737930
 168.800000 -0.713162 2.554255 2.144314
 169.000000 -0.699902 2.619976 0.003532
 169.200000 -0.794818 2.734913 11.509210
 169.400000 -0.760728 2.588055 2.407279
 169.600000 -0.723611 2.602578 0.443430
 169.800000 -0.720977 2.604497 0.352036
 170.000000 -0.731944 2.663041 1.586262
 170.200000 -0.765687 2.511048 8.000573
 170.400000 -0.749842 2.513570 6.789156
 170.600000 -0.832427 2.556043 10.936613
 170.800000 -0.714047 2.560853 1.759207
 171.000000 -0.774460 2.613840 2.921611
 171.200000 -0.762702 2.620792 2.088569
 171.400000 -0.726364 2.568621 1.617347
 171.600000 -0.758460 2.589022 2.239459
 171.800000 -0.810480 2.680117 8.240707
 172.000000 -0.741108 2.597560 1.132250
 172.200000 -0.713131 2.597495 0.322581
 172.400000 -0.733015 2.627630 0.654854
 172.600000 -0.689020 2.649933 0.551580
 172.800000 -0.680796 2.612243 0.166800
 173.000000 -0.759601 2.502778 8.526595
 173.200000 -0.787764 2.616381 4.018231
 173.400000 -0.764616 2.582098 2.854345
 173.600000 -0.729067 2.594106 0.763814
 173.800000 -0.808776 2.605439 6.199838
 174.000000 -0.759336 2.635252 2.021885
 174.200000 -0.754027 2.571896 2.624632
 174.400000 -0.672329 2.644104 0.673761
 174.600000 -0.776134 2.605203 3.123962
 174.800000 -0.650963 2.641863 1.397293
 175.000000 -0.699800 2.587673 0.461080
 175.200000 -0.716321 2.577631 0.979993
 175.400000 -0.817871 2.566600 8.489449
 175.600000 -0.727013 2.645170 0.786344
 175.800000 -0.815343 2.648321 7.329058
 176.000000 -0.757001 2.574695 2.670200
 176.200000 -0.729104 2.588164 0.924557
 176.400000 -0.766036 2.595640 2.555318
 176.600000 -0.806974 2.577727 6.733986
 176.800000 -0.712545 2.640247 0.351469
 177.000000 -0.761861 2.582919 2.645827
 177.200000 -0.706463 2.614784 0.039857
 177.400000 -0.654239 2.569264 2.150609
 177.600000 -0.687629 2.573482 1.045805
 177.800000 -0.760749 2.642113 2.251323
 178.000000 -0.724348 2.536681 3.649527
 178.200000 -0.750302 2.638606 1.573331
 178.400000 -0.739747 2.637294 1.052172
 178.600000 -0.767375 2.596199 2.634819
 178.800000 -0.761403 2.614513 2.007705
 179.000000 -0.686793 2.628714 0.121748
 179.200000 -0.698803 2.633238 0.116422
 179.400000 -0.744703 2.615849 1.086721
 179.600000 -0.756513 2.596463 1.935974
 179.800000 -0.793942 2.615480 4.592947
 180.000000 -0.818127 2.533278 10.787813
 180.200000 -0.779151 2.607393 3.338229
 180.400000 -0.773018 2.616437 2.805183
 180.600000 -0.757705 2.650472 2.301935
 180.800000 -0.749456 2.513426 6.784343
 181.000000 -0.766514 2.692356 5.102961
 181.200000 -0.695790 2.647826 0.447710
 181.400000 -0.669806 2.629212 0.464092
 181.600000 -0.780460 2.589330 3.799752
 181.800000 -0.745545 2.668048 2.376691
 182.000000 -0.689204 2.534305 3.541789
 182.200000 -0.772829 2.588279 3.231344
 182.400000 -0.784371 2.599093 3.897232
 182.600000 -0.664442 2.559304 2.289720
 182.800000 -0.731488 2.530751 4.361948
 183.000000 -0.786700 2.602659 4.039774
 183.200000 -0.670468 2.568006 1.632051
 183.400000 -0.734514 2.573959 1.631386
 183.600000 -0.824322 2.599875 8.126170
 183.800000 -0.769685 2.590249 2.944826
 184.000000 -0.758937 2.595383 2.104300
 184.200000 -0.771131 2.653130 3.281678
 184.400000 -0.767703 2.599471 2.591667
 184.600000 -0.717901 2.599601 0.364561
 184.800000 -0.722611 2.595904 0.543613
 185.000000 -0.787088 2.623363 3.971024
 185.200000 -0.711434 2.552071 2.261370
 185.400000 -0.699001 2.580005 0.721939
 185.600000 -0.752164 2.614215 1.466871
 185.800000 -0.797288 2.587686 5.375303
 186.000000 -0.762808 2.584089 2.666258
 186.200000 -0.747095 2.601822 1.329461
 186.400000 -0.708821 2.620732 0.060874
 186.600000 -0.754257 2.574569 2.517860
 186.800000 -0.785668 2.637337 4.018411
 187.000000 -0.764390 2.550370 4.481580
 187.200000 -0.784011 2.567889 4.942875
 187.400000 -0.725103 2.601059 0.507111
 187.600000 -0.751254 2.608363 1.457357
 187.800000 -0.739657 2.616214 0.863754
 188.000000 -0.781927 2.609645 3.545644
 188.200000 -0.795058 2.586939 5.179577
 188.400000 -0.807467 2.654957 6.660234
 188.600000 -0.721504 2.636933 0.452475
 188.800000 -0.776333 2.722052 8.471772
 189.000000 -0.700129 2.608486 0.047195
 189.200000 -0.724632 2.590183 0.737881
 189.400000 -0.838861 2.577893 10.706460
 189.600000 -0.778959 2.567183 4.557380
 189.800000 -0.823492 2.631549 7.949410
 190.000000 -0.707508 2.525637 4.308866
 190.200000 -0.748013 2.534484 4.731053
 190.400000 -0.760296 2.642524 2.233037
 190.600000 -0.797631 2.662324 5.932598
 190.800000 -0.702834 2.598608 0.198963
 191.000000 -0.745942 2.619118 1.143538
 191.200000 -0.656088 2.647076 1.306745
 191.400000 -0.675805 2.561635 1.837405
 191.600000 -0.676746 2.516329 5.396541
 191.800000 -0.799704 2.623773 5.175184
 192.000000 -0.734084 2.576067 1.525210
 192.200000 -0.773609 2.569706 4.014274
 192.400000 -0.727502 2.620783 0.435187
 192.600000 -0.750190 2.584204 1.925929
 192.800000 -0.711518 2.583170 0.695948
 193.000000 -0.786510 2.627259 3.948302
 193.200000 -0.759021 2.675046 3.481197
 193.400000 -0.719232 2.702867 3.824351
 193.600000 -0.784197 2.619947 3.705520
 193.800000 -0.799885 2.563322 6.671403
 194.000000 -0.685704 2.584223 0.647444
 194.200000 -0.831002 2.640444 9.079278
 194.400000 -0.737215 2.473191 11.247680
 194.600000 -0.664916 2.572751 1.575089
 194.800000 -0.738955 2.513658 6.276272
 195.000000 -0.720553 2.593734 0.545635
 195.200000 -0.802733 2.628849 5.529628
 195.400000 -0.755033 2.549058 3.994910
 195.600000 -0.755622 2.613604 1.662215
 195.800000 -0.765099 2.622743 2.253569
 196.000000 -0.708492 2.650706 0.588719
 196.200000 -0.706939 2.677082 1.784479
 196.400000 -0.720886 2.706045 4.135392
 196.600000 -0.722722 2.517280 5.373987
 196.800000 -0.746410 2.617375 1.165580
 197.000000 -0.757680 2.502539 8.437952
 197.200000 -0.714813 2.526655 4.310518
 197.400000 -0.763433 2.604109 2.228509
 197.600000 -0.761013 2.548139 4.416852
 197.800000 -0.755093 2.575720 2.515788
 198.000000 -0.732775 2.607750 0.652546
 198.200000 -0.697567 2.661728 0.956502
 198.400000 -0.775695 2.620895 3.012223
 198.600000 -0.711663 2.687454 2.503914
 198.800000 -0.747650 2.615167 1.230034
 199.000000 -0.691552 2.556358 1.921116
 199.200000 -0.741447 2.567695 2.203089
 199.400000 -0.772062 2.584729 3.286126
 199.600000 -0.786337 2.525951 8.125988
 199.800000 -0.805523 2.506889 11.938598
 200.000000 -0.820533 2.586072 8.000543
