#! FIELDS time phi psi restraint.bias
#! SET min_phi -pi
#! SET max_phi pi
#! SET min_psi -pi
#! SET max_psi pi
 0.000000 -1.332281 -0.033807 78.138685
 0.200000 -1.667770 -0.322273 5.060905
 0.400000 -1.607900 -0.296667 2.061164
 0.600000 -1.451541 -0.288443 8.948437
 0.800000 -1.524294 -0.402247 2.495331
 1.000000 -1.591450 -0.442230 4.553039
 1.200000 -1.567270 -0.301120 1.155630
 1.400000 -1.620186 -0.357717 1.257086
 1.600000 -1.593006 -0.335203 0.342714
 1.800000 -1.556685 -0.232913 6.845302
 2.000000 -1.607564 -0.384857 1.316445
 2.200000 -1.617827 -0.365583 1.242356
 2.400000 -1.572994 -0.318328 0.474822
 2.600000 -1.582892 -0.380457 0.565857
 2.800000 -1.452741 -0.352081 6.973107
 3.000000 -1.473152 -0.351989 4.771497
 3.200000 -1.656943 -0.364045 3.822833
 3.400000 -1.602886 -0.289543 2.286323
 3.600000 -1.514121 -0.312243 2.284040
 3.800000 -1.465688 -0.350229 5.524535
 4.000000 -1.632760 -0.266943 5.291861
 4.200000 -1.525583 -0.217695 9.651289
 4.400000 -1.510293 -0.283656 3.969519
 4.600000 -1.613120 -0.369186 1.098064
 4.800000 -1.528735 -0.350038 0.885064
 5.000000 -1.553842 -0.291341 1.809808
 5.200000 -1.622708 -0.423125 4.089758
 5.400000 -1.578655 -0.394976 1.084730
 5.600000 -1.458990 -0.427499 9.326147
 5.800000 -1.579434 -0.412352 2.039860
 6.000000 -1.595210 -0.374645 0.625149
 6.200000 -1.627302 -0.300169 2.791898
 6.400000 -1.669766 -0.253985 9.417659
 6.600000 -1.639218 -0.306799 3.234011
 6.800000 -1.625328 -0.402857 2.933566
 7.000000 -1.524151 -0.350422 1.088815
 7.200000 -1.480077 -0.295133 5.569389
 7.400000 -1.569853 -0.338159 0.059929
 7.600000 -1.498206 -0.374016 2.945944
 7.800000 -1.491544 -0.257978 7.288934
 8.000000 -1.612374 -0.276117 3.525119
 8.200000 -1.481165 -0.323320 4.348342
 8.400000 -1.512836 -0.328733 1.886416
 8.600000 -1.546551 -0.334418 0.401200
 8.800000 -1.606855 -0.363469 0.753837
 9.000000 -1.543536 -0.329464 0.563698
 9.200000 -1.539526 -0.326799 0.736827
 9.400000 -1.578518 -0.399618 1.307565
 9.600000 -1.601118 -0.349638 0.459869
 9.800000 -1.565080 -0.357308 0.050306
 10.000000 -1.567677 -0.351076 0.006887
 10.200000 -1.500551 -0.330788 2.634268
 10.400000 -1.635893 -0.303552 3.154537
 10.600000 -1.503757 -0.325520 2.524333
 10.800000 -1.583620 -0.347570 0.083342
 11.000000 -1.614796 -0.283827 3.096024
 11.200000 -1.481200 -0.303155 5.067638
 11.400000 -1.500920 -0.284982 4.494731
 11.600000 -1.510775 -0.357340 1.835485
 11.800000 -1.512481 -0.282350 3.925878
 12.000000 -1.604014 -0.362418 0.640839
 12.200000 -1.591905 -0.341641 0.250343
 12.400000 -1.482000 -0.284775 6.009038
 12.600000 -1.542819 -0.329156 0.589563
 12.800000 -1.572411 -0.334729 0.104081
 13.000000 -1.514926 -0.377846 1.974889
 13.200000 -1.617732 -0.324140 1.412129
 13.400000 -1.626049 -0.342142 1.550382
 13.600000 -1.615668 -0.389576 1.827288
 13.800000 -1.481913 -0.409979 5.805390
 14.000000 -1.606917 -0.270176 3.764147
 14.200000 -1.561137 -0.341081 0.078535
 14.400000 -1.526196 -0.282873 3.185316
 14.600000 -1.659574 -0.270916 6.994368
 14.800000 -1.510200 -0.314563 2.431180
 15.000000 -1.459325 -0.339068 6.262925
 15.200000 -1.612660 -0.365872 1.017500
 15.400000 -1.555402 -0.320679 0.521395
 15.600000 -1.537564 -0.315717 1.108257
 15.800000 -1.640294 -0.395103 3.474687
 16.000000 -1.503446 -0.353177 2.276504
 16.200000 -1.517255 -0.360460 1.498276
 16.400000 -1.578311 -0.417125 2.344251
 16.600000 -1.597170 -0.300475 1.528302
 16.800000 -1.607091 -0.319699 1.089883
 17.000000 -1.558736 -0.367040 0.234259
 17.200000 -1.529605 -0.350086 0.848874
 17.400000 -1.515031 -0.292187 3.172471
 17.600000 -1.587835 -0.341570 0.173261
 17.800000 -1.598836 -0.250033 5.296828
 18.000000 -1.478541 -0.338638 4.309900
 18.200000 -1.586667 -0.418998 2.571220
 18.400000 -1.540350 -0.333473 0.585073
 18.600000 -1.483920 -0.338054 3.834367
 18.800000 -1.526801 -0.422923 3.695262
 19.000000 -1.518151 -0.383251 1.970087
 19.200000 -1.568153 -0.231178 6.952247
 19.400000 -1.576660 -0.299012 1.269880
 19.600000 -1.545657 -0.328162 0.534478
 19.800000 -1.660103 -0.257955 8.138493
 20.000000 -1.563970 -0.289064 1.823443
 20.200000 -1.499075 -0.392584 3.518896
 20.400000 -1.554720 -0.419313 2.596565
 20.600000 -1.550508 -0.320993 0.599859
 20.800000 -1.574770 -0.410650 1.904225
 21.000000 -1.587593 -0.363859 0.250483
 21.200000 -1.504583 -0.382354 2.746134
 21.400000 -1.634308 -0.404888 3.574946
 21.600000 -1.623058 -0.296094 2.768613
 21.800000 -1.561499 -0.257321 4.251758
 22.000000 -1.601067 -0.357356 0.492504
 22.200000 -1.634911 -0.367842 2.231593
 22.400000 -1.520455 -0.300545 2.444274
 22.600000 -1.518685 -0.317398 1.859213
 22.800000 -1.621593 -0.292762 2.875227
 23.000000 -1.593044 -0.312171 0.928102
 23.200000 -1.459920 -0.345589 6.152792
 23.400000 -1.530838 -0.312184 1.478454
 23.600000 -1.528352 -0.323732 1.221657
 23.800000 -1.509144 -0.336120 1.984295
 24.000000 -1.576282 -0.332132 0.158416
 24.200000 -1.504575 -0.310556 2.934141
 24.400000 -1.599533 -0.363832 0.521930
 24.600000 -1.649603 -0.333202 3.231083
 24.800000 -1.601040 -0.237554 6.674725
 25.000000 -1.535974 -0.337592 0.672118
 25.200000 -1.597729 -0.338516 0.418336
 25.400000 -1.573141 -0.366241 0.150243
 25.600000 -1.509037 -0.369390 2.113611
 25.800000 -1.453441 -0.317890 7.372123
 26.000000 -1.655873 -0.374424 3.940570
 26.200000 -1.571370 -0.405983 1.619941
 26.400000 -1.465326 -0.155827 24.232742
 26.600000 -1.626330 -0.337735 1.606181
 26.800000 -1.608038 -0.359574 0.748701
 27.000000 -1.495716 -0.233647 9.479326
 27.200000 -1.608041 -0.351745 0.697160
 27.400000 -1.598147 -0.364168 0.488062
 27.600000 -1.523135 -0.311196 1.852850
 27.800000 -1.582403 -0.367594 0.238996
 28.000000 -1.529774 -0.307163 1.719349
 28.200000 -1.571160 -0.375709 0.354988
 28.400000 -1.672719 -0.377599 5.601179
 28.600000 -1.487288 -0.269822 6.626629
 28.800000 -1.551673 -0.418545 2.596507
 29.000000 -1.630804 -0.446333 6.530940
 29.200000 -1.452535 -0.240904 12.842381
 29.400000 -1.640936 -0.311176 3.177596
 29.600000 -1.628005 -0.356979 1.667701
 29.800000 -1.523895 -0.288477 2.935404
 30.000000 -1.597622 -0.376626 0.739590
 30.200000 -1.640445 -0.369193 2.628005
 30.400000 -1.492770 -0.333643 3.162980
 30.600000 -1.589249 -0.438121 4.135673
 30.800000 -1.580879 -0.312595 0.715885
 31.000000 -1.547834 -0.318628 0.726883
 31.200000 -1.587026 -0.312936 0.784376
 31.400000 -1.506577 -0.265558 5.548844
 31.600000 -1.548469 -0.281989 2.498921
 31.800000 -1.668450 -0.335904 4.854740
 32.000000 -1.439950 -0.311518 9.265264
 32.200000 -1.471730 -0.323940 5.222671
 32.400000 -1.655490 -0.356272 3.612515
 32.600000 -1.548265 -0.315355 0.822048
 32.800000 -1.489364 -0.315066 3.893611
 33.000000 -1.591480 -0.412633 2.234329
 33.200000 -1.601442 -0.368943 0.667130
 33.400000 -1.484360 -0.288275 5.583349
 33.600000 -1.642032 -0.296359 3.926309
 33.800000 -1.616475 -0.367677 1.216448
 34.000000 -1.585515 -0.247909 5.224716
 34.200000 -1.571506 -0.312778 0.658650
 34.400000 -1.614570 -0.394471 1.988890
 34.600000 -1.507793 -0.319123 2.432964
 34.800000 -1.580109 -0.295359 1.485558
 35.000000 -1.541291 -0.339753 0.478654
 35.200000 -1.450057 -0.256117 11.608812
 35.400000 -1.504449 -0.364780 2.324439
 35.600000 -1.571039 -0.338391 0.057010
 35.800000 -1.513417 -0.291391 3.309374
 36.000000 -1.524733 -0.389361 1.872730
 36.200000 -1.612512 -0.259748 4.858897
 36.400000 -1.573619 -0.284029 2.118866
 36.600000 -1.590648 -0.319636 0.630103
 36.800000 -1.572572 -0.312342 0.675883
 37.000000 -1.525094 -0.352237 1.049357
 37.200000 -1.659221 -0.396007 5.011212
 37.400000 -1.524853 -0.327569 1.286454
 37.600000 -1.560731 -0.409347 1.867545
 37.800000 -1.629119 -0.376572 2.079069
 38.000000 -1.465732 -0.359124 5.569802
 38.200000 -1.597169 -0.369197 0.550380
 38.400000 -1.466051 -0.356422 5.512839
 38.600000 -1.567404 -0.379699 0.474953
 38.800000 -1.629947 -0.292674 3.339441
 39.000000 -1.517036 -0.253860 5.977156
 39.200000 -1.573893 -0.329947 0.187568
 39.400000 -1.581263 -0.328438 0.267528
 39.600000 -1.538562 -0.290700 2.222828
 39.800000 -1.597966 -0.287954 2.236445
 40.000000 -1.572060 -0.309036 0.801997
 40.200000 -1.516945 -0.316713 1.973319
 40.400000 -1.568302 -0.352479 0.008936
 40.600000 -1.561556 -0.387136 0.767376
 40.800000 -1.552289 -0.328583 0.381047
 41.000000 -1.554273 -0.273820 2.967446
 41.200000 -1.580880 -0.311556 0.754319
 41.400000 -1.498017 -0.317092 3.159621
 41.600000 -1.563378 -0.361556 0.105522
 41.800000 -1.591949 -0.362566 0.314841
 42.000000 -1.604586 -0.308407 1.397445
 42.200000 -1.509122 -0.323085 2.239331
 42.400000 -1.572708 -0.427204 3.054588
 42.600000 -1.528731 -0.314267 1.490210
 42.800000 -1.659587 -0.414294 6.069267
 43.000000 -1.578526 -0.385235 0.683984
 43.200000 -1.406128 -0.293102 15.123790
 43.400000 -1.592881 -0.324176 0.553630
 43.600000 -1.692831 -0.283642 9.586408
 43.800000 -1.454615 -0.317978 7.232239
 44.000000 -1.533559 -0.448525 5.639359
 44.200000 -1.454468 -0.382604 7.328488
 44.400000 -1.554526 -0.341461 0.161280
 44.600000 -1.624256 -0.369492 1.637546
 44.800000 -1.547319 -0.333751 0.392852
 45.000000 -1.565715 -0.243631 5.571136
 45.200000 -1.580598 -0.292002 1.676171
 45.400000 -1.582092 -0.375830 0.421966
 45.600000 -1.527629 -0.260117 4.887666
 45.800000 -1.570307 -0.310234 0.754087
 46.000000 -1.624034 -0.346596 1.420179
 46.200000 -1.593466 -0.296273 1.650482
 46.400000 -1.482667 -0.261918 7.680837
 46.600000 -1.623296 -0.431257 4.755816
 46.800000 -1.563138 -0.431098 3.393978
 47.000000 -1.417750 -0.318978 12.164216
 47.200000 -1.678486 -0.320406 6.209268
 47.400000 -1.604892 -0.266262 4.009489
 47.600000 -1.502713 -0.330152 2.496541
 47.800000 -1.558156 -0.311614 0.781227
 48.000000 -1.515278 -0.431472 4.936503
 48.200000 -1.556682 -0.334439 0.206585
 48.400000 -1.599385 -0.257425 4.607717
 48.600000 -1.559734 -0.308147 0.898362
 48.800000 -1.606556 -0.317624 1.133656
 49.000000 -1.494303 -0.282229 5.159185
 49.200000 -1.521976 -0.314315 1.795528
 49.400000 -1.553532 -0.362866 0.244249
 49.600000 -1.506543 -0.318781 2.522836
 49.800000 -1.645500 -0.330841 2.956404
 50.000000 -1.644036 -0.313818 3.303251
 50.200000 -1.518863 -0.319753 1.778159
 50.400000 -1.585462 -0.366596 0.261187
 50.600000 -1.572612 -0.302172 1.101144
 50.800000 -1.472901 -0.322473 5.145307
 51.000000 -1.660660 -0.328827 4.242553
 51.200000 -1.554910 -0.343318 0.142711
 51.400000 -1.516085 -0.312021 2.182827
 51.600000 -1.519120 -0.305357 2.290487
 51.800000 -1.539648 -0.280413 2.841689
 52.000000 -1.499179 -0.353977 2.576596
 52.200000 -1.532516 -0.329334 0.927365
 52.400000 -1.509708 -0.321258 2.252514
 52.600000 -1.484415 -0.382809 4.300139
 52.800000 -1.537553 -0.380738 1.054125
 53.000000 -1.615336 -0.367003 1.152743
 53.200000 -1.551725 -0.289581 1.951052
 53.400000 -1.477483 -0.265401 7.853597
 53.600000 -1.618963 -0.390201 2.006070
 53.800000 -1.559576 -0.311671 0.762148
 54.000000 -1.600233 -0.360944 0.503815
 54.200000 -1.483579 -0.393718 4.800354
 54.400000 -1.514166 -0.323846 1.921485
 54.600000 -1.630752 -0.351682 1.800744
 54.800000 -1.560126 -0.357427 0.091885
 55.000000 -1.660230 -0.355792 4.021843
 55.200000 -1.560064 -0.310000 0.820661
 55.400000 -1.520695 -0.395789 2.346604
 55.600000 -1.490211 -0.388536 4.025920
 55.800000 -1.557080 -0.264767 3.647213
 56.000000 -1.698713 -0.271998 11.151038
 56.200000 -1.575001 -0.314253 0.614792
 56.400000 -1.531105 -0.288080 2.647335
 56.600000 -1.534873 -0.311604 1.346929
 56.800000 -1.503430 -0.285499 4.289505
 57.000000 -1.524271 -0.330152 1.261171
 57.200000 -1.581751 -0.314462 0.658714
 57.400000 -1.574641 -0.298370 1.292412
 57.600000 -1.585125 -0.281548 2.382000
 57.800000 -1.461121 -0.355651 6.036022
 58.000000 -1.505127 -0.438156 6.124800
 58.200000 -1.575776 -0.391240 0.901717
 58.400000 -1.487337 -0.318463 3.950948
 58.600000 -1.578984 -0.320612 0.438314
 58.800000 -1.596500 -0.260229 4.276311
 59.000000 -1.601099 -0.275647 3.154244
 59.200000 -1.544031 -0.230542 7.382180
 59.400000 -1.569034 -0.344000 0.014384
 59.600000 -1.543023 -0.329121 0.584564
 59.800000 -1.522557 -0.235926 7.563844
 60.000000 -1.629455 -0.323380 2.050317
 60.200000 -1.522988 -0.451023 6.340491
 60.400000 -1.494182 -0.327959 3.157619
 60.600000 -1.481126 -0.398019 5.218589
 60.800000 -1.606711 -0.441259 4.894712
 61.000000 -1.495690 -0.255785 7.171178
 61.200000 -1.558754 -0.237374 6.309995
 61.400000 -1.653759 -0.329993 3.623263
 61.600000 -1.582884 -0.241106 5.900773
 61.800000 -1.569681 -0.220136 8.312019
 62.000000 -1.601783 -0.427845 3.583177
 62.200000 -1.528302 -0.409722 2.742509
 62.400000 -1.482862 -0.314836 4.452060
 62.600000 -1.623199 -0.406410 3.017168
 62.800000 -1.580246 -0.352309 0.049903
 63.000000 -1.529201 -0.360281 0.927977
 63.200000 -1.555621 -0.337054 0.187281
 63.400000 -1.518366 -0.363802 1.483066
 63.600000 -1.571456 -0.288728 1.820544
 63.800000 -1.527858 -0.219154 9.360417
 64.000000 -1.530043 -0.296661 2.203527
 64.200000 -1.632867 -0.386053 2.610418
 64.400000 -1.534879 -0.311005 1.369363
 64.600000 -1.498073 -0.349573 2.644475
 64.800000 -1.535303 -0.376791 1.014242
 65.000000 -1.547025 -0.318983 0.735026
 65.200000 -1.523183 -0.356483 1.161013
 65.400000 -1.533796 -0.336388 0.764869
 65.600000 -1.527370 -0.301106 2.092996
 65.800000 -1.608125 -0.329570 0.886746
 66.000000 -1.537353 -0.383789 1.162070
 66.200000 -1.490142 -0.358674 3.298718
 66.400000 -1.555809 -0.356715 0.141570
 66.600000 -1.604161 -0.394821 1.603363
 66.800000 -1.637444 -0.379644 2.688486
 67.000000 -1.566794 -0.296293 1.400481
 67.200000 -1.548619 -0.315084 0.823304
 67.400000 -1.558590 -0.315424 0.640391
 67.600000 -1.585417 -0.402600 1.539829
 67.800000 -1.604819 -0.361617 0.657536
 68.000000 -1.610777 -0.312805 1.456630
 68.200000 -1.596821 -0.351678 0.342048
 68.400000 -1.533038 -0.359280 0.765007
 68.600000 -1.550094 -0.317047 0.726885
 68.800000 -1.600945 -0.327374 0.689733
 69.000000 -1.607247 -0.289971 2.410404
 69.200000 -1.554753 -0.252745 4.767579
 69.400000 -1.543520 -0.300159 1.567957
 69.600000 -1.603665 -0.287570 2.431026
 69.800000 -1.564794 -0.330760 0.185572
 70.000000 -1.552792 -0.333011 0.290960
 70.200000 -1.530162 -0.412213 2.819351
 70.400000 -1.648546 -0.363941 3.133112
 70.600000 -1.538351 -0.301264 1.668834
 70.800000 -1.516308 -0.353488 1.494251
 71.000000 -1.564395 -0.314565 0.615660
 71.200000 -1.608201 -0.296591 2.076364
 71.400000 -1.601330 -0.334610 0.570648
 71.600000 -1.589086 -0.334938 0.267054
 71.800000 -1.613266 -0.291332 2.568423
 72.000000 -1.585213 -0.289124 1.900458
 72.200000 -1.541978 -0.359279 0.467419
 72.400000 -1.513374 -0.377102 2.041639
 72.600000 -1.578416 -0.342087 0.053385
 72.800000 -1.571068 -0.334445 0.106920
 73.000000 -1.521266 -0.367143 1.390020
 73.200000 -1.631379 -0.348811 1.835186
 73.400000 -1.551013 -0.276161 2.853245
 73.600000 -1.557384 -0.258180 4.220067
 73.800000 -1.558615 -0.345472 0.080648
 74.000000 -1.570088 -0.330397 0.174513
 74.200000 -1.519010 -0.332789 1.473389
 74.400000 -1.582777 -0.379239 0.526965
 74.600000 -1.522733 -0.350529 1.156092
 74.800000 -1.615943 -0.339509 1.064766
 75.000000 -1.517219 -0.377089 1.827926
 75.200000 -1.578340 -0.371191 0.273205
 75.400000 -1.489060 -0.307067 4.222322
 75.600000 -1.492657 -0.291449 4.712691
 75.800000 -1.628803 -0.272892 4.583562
 76.000000 -1.463627 -0.218192 14.306586
 76.200000 -1.534664 -0.352428 0.658435
 76.400000 -1.633780 -0.306505 2.889228
 76.600000 -1.534048 -0.250425 5.540220
 76.800000 -1.600881 -0.321337 0.836986
 77.000000 -1.503520 -0.445845 6.946112
 77.200000 -1.527491 -0.375731 1.293205
 77.400000 -1.572041 -0.309615 0.778954
 77.600000 -1.521560 -0.338855 1.264214
 77.800000 -1.590956 -0.365477 0.337865
 78.000000 -1.617000 -0.283835 3.194943
 78.200000 -1.503135 -0.277252 4.867631
 78.400000 -1.636849 -0.294516 3.669305
 78.600000 -1.628841 -0.343698 1.698989
 78.800000 -1.549520 -0.339154 0.275473
 79.000000 -1.531560 -0.343983 0.782670
 79.200000 -1.574206 -0.424284 2.834692
 79.400000 -1.521356 -0.281476 3.506403
 79.600000 -1.575008 -0.360909 0.079002
 79.800000 -1.605020 -0.411770 2.551552
 80.000000 -1.508458 -0.333010 2.071921
 80.200000 -1.600046 -0.309122 1.225521
 80.400000 -1.570095 -0.365788 0.140064
 80.600000 -1.626552 -0.303417 2.596270
 80.800000 -1.539462 -0.302463 1.576855
 81.000000 -1.556420 -0.341260 0.133806
 81.200000 -1.531508 -0.234907 7.287929
 81.400000 -1.534020 -0.274922 3.424918
 81.600000 -1.569898 -0.297500 1.329915
 81.800000 -1.538356 -0.330126 0.705568
 82.000000 -1.537018 -0.361938 0.653320
 82.200000 -1.546664 -0.330263 0.467960
 82.400000 -1.481638 -0.372116 4.240291
 82.600000 -1.557951 -0.366961 0.242622
 82.800000 -1.593873 -0.277704 2.812499
 83.000000 -1.555180 -0.310962 0.847894
 83.200000 -1.569945 -0.381781 0.535511
 83.400000 -1.533234 -0.275480 3.412932
 83.600000 -1.561138 -0.289297 1.832818
 83.800000 -1.631582 -0.251207 6.635669
 84.000000 -1.546387 -0.269624 3.453391
 84.200000 -1.514898 -0.315665 2.120140
 84.400000 -1.631311 -0.336193 1.913847
 84.600000 -1.568581 -0.368964 0.200431
 84.800000 -1.500016 -0.345891 2.509999
 85.000000 -1.498489 -0.355410 2.634312
 85.200000 -1.593280 -0.350574 0.253899
 85.400000 -1.557708 -0.365352 0.218276
 85.600000 -1.520301 -0.335093 1.372494
 85.800000 -1.546808 -0.407921 2.019655
 86.000000 -1.512805 -0.330789 1.848484
 86.200000 -1.574834 -0.308086 0.847842
 86.400000 -1.627166 -0.289282 3.375831
 86.600000 -1.623150 -0.234512 7.931704
 86.800000 -1.618862 -0.321394 1.538018
 87.000000 -1.628350 -0.339133 1.705562
 87.200000 -1.496260 -0.382256 3.328651
 87.400000 -1.635733 -0.353008 2.116178
 87.600000 -1.545208 -0.402673 1.764232
 87.800000 -1.596362 -0.335603 0.417419
 88.000000 -1.542680 -0.307099 1.275876
 88.200000 -1.575869 -0.361436 0.089379
 88.400000 -1.635356 -0.390672 2.949530
 88.600000 -1.495367 -0.269493 6.010758
 88.800000 -1.538738 -0.294456 2.004967
 89.000000 -1.582607 -0.354555 0.084818
 89.200000 -1.544535 -0.309047 1.145596
 89.400000 -1.524176 -0.218487 9.612211
 89.600000 -1.562407 -0.313734 0.659372
 89.800000 -1.554724 -0.285535 2.147268
 90.000000 -1.498242 -0.293621 4.169078
 90.200000 -1.532360 -0.385487 1.401925
 90.400000 -1.600306 -0.389326 1.245826
 90.600000 -1.506383 -0.363124 2.173364
 90.800000 -1.533851 -0.429021 3.878882
 91.000000 -1.557510 -0.430395 3.395487
 91.200000 -1.509827 -0.327233 2.096973
 91.400000 -1.579040 -0.356667 0.062871
 91.600000 -1.562982 -0.289743 1.790130
 91.800000 -1.604210 -0.236162 6.931838
 92.000000 -1.645677 -0.278638 5.283578
 92.200000 -1.566281 -0.364236 0.125258
 92.400000 -1.514318 -0.314840 2.180600
 92.600000 -1.479484 -0.337385 4.237215
 92.800000 -1.528920 -0.412845 2.910713
 93.000000 -1.615679 -0.308475 1.831037
 93.200000 -1.511246 -0.341907 1.798723
 93.400000 -1.536130 -0.361974 0.684192
 93.600000 -1.576623 -0.317312 0.521138
 93.800000 -1.553287 -0.198671 11.462536
 94.000000 -1.589713 -0.269240 3.364963
 94.200000 -1.505462 -0.357674 2.171335
 94.400000 -1.520085 -0.270972 4.335160
 94.600000 -1.575223 -0.332525 0.146596
 94.800000 -1.537004 -0.387050 1.292360
 95.000000 -1.542950 -0.294692 1.865981
 95.200000 -1.535248 -0.285436 2.656187
 95.400000 -1.550352 -0.431271 3.587805
 95.600000 -1.626146 -0.375893 1.891628
 95.800000 -1.553191 -0.311208 0.871598
 96.000000 -1.491190 -0.311859 3.860755
 96.200000 -1.607986 -0.308428 1.517253
 96.400000 -1.671036 -0.253951 9.547426
 96.600000 -1.581022 -0.237196 6.309753
 96.800000 -1.535650 -0.402249 2.031880
 97.000000 -1.500400 -0.394823 3.524702
 97.200000 -1.543375 -0.325496 0.653734
 97.400000 -1.533134 -0.343733 0.723459
 97.600000 -1.620714 -0.361831 1.327361
 97.800000 -1.561117 -0.288360 1.889437
 98.000000 -1.525448 -0.354984 1.045743
 98.200000 -1.451259 -0.350988 7.146383
 98.400000 -1.612512 -0.284091 2.980942
 98.600000 -1.579125 -0.301889 1.147499
 98.800000 -1.574111 -0.308839 0.814602
 99.000000 -1.530435 -0.350394 0.815412
 99.200000 -1.523419 -0.355542 1.143282
 99.400000 -1.546259 -0.395539 1.380928
 99.600000 -1.500095 -0.325595 2.774784
 99.800000 -1.639493 -0.251467 7.122384
 100.000000 -1.616049 -0.367368 1.191384
 100.200000 -1.454449 -0.267279 10.112909
 100.400000 -1.648068 -0.261043 6.859523
 100.600000 -1.632897 -0.411537 3.879572
 100.800000 -1.502844 -0.343547 2.323976
 101.000000 -1.516696 -0.322204 1.824221
 101.200000 -1.581437 -0.403928 1.561530
 101.400000 -1.562440 -0.299343 1.271098
 101.600000 -1.512704 -0.307116 2.567254
 101.800000 -1.624388 -0.304270 2.439371
 102.000000 -1.567016 -0.258540 4.104583
 102.200000 -1.527881 -0.278032 3.443733
 102.400000 -1.559728 -0.317237 0.567790
 102.600000 -1.539659 -0.299246 1.725775
 102.800000 -1.479888 -0.319992 4.554821
 103.000000 -1.539622 -0.308224 1.319964
 103.200000 -1.535361 -0.392489 1.570611
 103.400000 -1.591621 -0.256294 4.520110
 103.600000 -1.541084 -0.281134 2.748769
 103.800000 -1.606383 -0.371723 0.889875
 104.000000 -1.525670 -0.327723 1.245933
 104.200000 -1.479166 -0.385675 4.868158
 104.400000 -1.617590 -0.363966 1.205813
 104.600000 -1.564183 -0.384055 0.633974
 104.800000 -1.506538 -0.332665 2.199057
 105.000000 -1.604800 -0.344410 0.588954
 105.200000 -1.536622 -0.385718 1.255658
 105.400000 -1.538723 -0.319894 0.939865
 105.600000 -1.478253 -0.311621 4.983171
 105.800000 -1.540196 -0.315992 1.015128
 106.000000 -1.598852 -0.319438 0.832472
 106.200000 -1.559809 -0.241865 5.806400
 106.400000 -1.621387 -0.322210 1.640336
 106.600000 -1.578385 -0.413833 2.126196
 106.800000 -1.450255 -0.371945 7.526870
 107.000000 -1.499407 -0.328618 2.757238
 107.200000 -1.614812 -0.331022 1.131460
 107.400000 -1.556498 -0.323548 0.427786
 107.600000 -1.563221 -0.268188 3.299324
 107.800000 -1.570913 -0.377106 0.393134
 108.000000 -1.527048 -0.339965 0.998384
 108.200000 -1.488092 -0.323465 3.747702
 108.400000 -1.593211 -0.441211 4.496554
 108.600000 -1.629131 -0.353589 1.711715
 108.800000 -1.511366 -0.342520 1.787388
 109.000000 -1.652725 -0.343691 3.370606
 109.200000 -1.579277 -0.346922 0.038258
 109.400000 -1.575812 -0.284642 2.087826
 109.600000 -1.650038 -0.360205 3.201693
 109.800000 -1.528176 -0.351374 0.910902
 110.000000 -1.516869 -0.322967 1.794665
 110.200000 -1.499490 -0.392103 3.468400
 110.400000 -1.543304 -0.342278 0.400943
 110.600000 -1.543862 -0.254903 4.796012
 110.800000 -1.548948 -0.290490 1.954232
 111.000000 -1.532360 -0.290228 2.469625
 111.200000 -1.493547 -0.324483 3.285893
 111.400000 -1.475117 -0.225992 12.150819
 111.600000 -1.509725 -0.375146 2.204951
 111.800000 -1.632466 -0.307438 2.768036
 112.000000 -1.637900 -0.273753 5.087433
 112.200000 -1.544085 -0.299099 1.605102
 112.400000 -1.537396 -0.405456 2.147732
 112.600000 -1.635050 -0.337099 2.135882
 112.800000 -1.562295 -0.400649 1.366535
 113.000000 -1.569932 -0.401025 1.350238
 113.200000 -1.587215 -0.378891 0.579552
 113.400000 -1.596886 -0.301493 1.471914
 113.600000 -1.611315 -0.365116 0.949678
 113.800000 -1.595288 -0.318046 0.781046
 114.000000 -1.506227 -0.296168 3.483674
 114.200000 -1.562341 -0.380586 0.532497
 114.400000 -1.644858 -0.367414 2.910865
 114.600000 -1.476845 -0.204236 14.901168
 114.800000 -1.502802 -0.321128 2.701861
 115.000000 -1.620385 -0.454410 6.778267
 115.200000 -1.512934 -0.252148 6.370562
 115.400000 -1.584336 -0.272999 2.984774
 115.600000 -1.612156 -0.416094 3.101696
 115.800000 -1.475965 -0.308819 5.306366
 116.000000 -1.589900 -0.258450 4.288143
 116.200000 -1.615234 -0.400930 2.332263
 116.400000 -1.553787 -0.310046 0.905926
 116.600000 -1.592585 -0.302859 1.304914
 116.800000 -1.520689 -0.368358 1.441458
 117.000000 -1.522828 -0.358427 1.194302
 117.200000 -1.573326 -0.400485 1.325162
 117.400000 -1.594282 -0.329348 0.470170
 117.600000 -1.556436 -0.355099 0.121310
 117.800000 -1.521146 -0.368225 1.416100
 118.000000 -1.626773 -0.290393 3.287950
 118.200000 -1.531037 -0.320974 1.184960
 118.400000 -1.555123 -0.361780 0.203651
 118.600000 -1.594845 -0.427306 3.349974
 118.800000 -1.527807 -0.293273 2.480477
 119.000000 -1.490137 -0.368689 3.445475
 119.200000 -1.538589 -0.332940 0.648674
 119.400000 -1.534648 -0.269155 3.846209
 119.600000 -1.524416 -0.369021 1.274698
 119.800000 -1.598543 -0.361191 0.458447
 120.000000 -1.476256 -0.288487 6.303870
 120.200000 -1.548079 -0.353689 0.268722
 120.400000 -1.576449 -0.308895 0.822837
 120.600000 -1.576146 -0.286896 1.946849
 120.800000 -1.610051 -0.279673 3.178130
 121.000000 -1.604368 -0.372218 0.831543
 121.200000 -1.501738 -0.331988 2.530366
 121.400000 -1.597080 -0.362523 0.435964
 121.600000 -1.639502 -0.396219 3.471954
 121.800000 -1.518058 -0.338779 1.443562
 122.000000 -1.543388 -0.393721 1.372632
 122.200000 -1.652853 -0.399403 4.633563
 122.400000 -1.577974 -0.383466 0.617432
 122.600000 -1.544372 -0.328135 0.568165
 122.800000 -1.578778 -0.282335 2.258384
 123.000000 -1.539907 -0.290385 2.198767
 123.200000 -1.647111 -0.328848 3.116374
 123.400000 -1.542919 -0.305747 1.326845
 123.600000 -1.501974 -0.353019 2.376083
 123.800000 -1.584204 -0.364920 0.215553
 124.000000 -1.554080 -0.291897 1.773851
 124.200000 -1.563942 -0.324389 0.327969
 124.400000 -1.556324 -0.353529 0.114689
 124.600000 -1.527538 -0.312605 1.600341
 124.800000 -1.538549 -0.329385 0.713628
 125.000000 -1.495562 -0.321258 3.216772
 125.200000 -1.582495 -0.278432 2.563034
 125.400000 -1.530176 -0.277772 3.366410
 125.600000 -1.477412 -0.339012 4.410844
 125.800000 -1.592148 -0.295281 1.674359
 126.000000 -1.579583 -0.344447 0.049268
 126.200000 -1.568868 -0.354271 0.015405
 126.400000 -1.546967 -0.399597 1.560609
 126.600000 -1.470681 -0.413943 7.116055
 126.800000 -1.593839 -0.339837 0.308073
 127.000000 -1.636737 -0.353865 2.185631
 127.200000 -1.487344 -0.328662 3.690338
 127.400000 -1.599668 -0.338654 0.471003
 127.600000 -1.592299 -0.307761 1.084248
 127.800000 -1.567647 -0.300849 1.167374
 128.000000 -1.562511 -0.378282 0.461119
 128.200000 -1.470686 -0.415616 7.225455
 128.400000 -1.510042 -0.379318 2.303138
 128.600000 -1.646104 -0.389439 3.650600
 128.800000 -1.392197 -0.308114 16.787300
 129.000000 -1.514454 -0.261813 5.393766
 129.200000 -1.603725 -0.344369 0.553174
 129.400000 -1.473958 -0.280708 7.025189
 129.600000 -1.615564 -0.228488 8.271635
 129.800000 -1.634513 -0.354433 2.044334
 130.000000 -1.628974 -0.276423 4.330779
 130.200000 -1.553271 -0.304219 1.159191
 130.400000 -1.559745 -0.360975 0.131983
 130.600000 -1.560845 -0.380508 0.543810
 130.800000 -1.604555 -0.355314 0.589328
 131.000000 -1.531950 -0.406502 2.403988
 131.200000 -1.537005 -0.351431 0.573711
 131.400000 -1.542615 -0.335807 0.484989
 131.600000 -1.530560 -0.323807 1.128511
 131.800000 -1.511690 -0.342897 1.765782
 132.000000 -1.522384 -0.197755 12.619305
 132.200000 -1.647226 -0.255406 7.306765
 132.400000 -1.588757 -0.298809 1.424160
 132.600000 -1.531419 -0.289899 2.525654
 132.800000 -1.475249 -0.401325 5.930157
 133.000000 -1.552455 -0.394538 1.202065
 133.200000 -1.565235 -0.382323 0.568473
 133.400000 -1.609810 -0.408862 2.548857
 133.600000 -1.507659 -0.300612 3.167025
 133.800000 -1.527437 -0.354782 0.956349
 134.000000 -1.640333 -0.376431 2.792100
 134.200000 -1.471473 -0.220017 13.259316
 134.400000 -1.573696 -0.295010 1.465220
 134.600000 -1.664673 -0.278012 6.930752
 134.800000 -1.569525 -0.226658 7.492675
 135.000000 -1.551440 -0.302453 1.273722
 135.200000 -1.568939 -0.375537 0.352082
 135.400000 -1.504976 -0.362154 2.251823
 135.600000 -1.567501 -0.333194 0.131385
 135.800000 -1.580937 -0.366551 0.204284
 136.000000 -1.574711 -0.237496 6.231574
 136.200000 -1.595459 -0.279239 2.742020
 136.400000 -1.563643 -0.378422 0.456471
 136.600000 -1.462943 -0.285175 7.857231
 136.800000 -1.544402 -0.286957 2.277102
 137.000000 -1.608139 -0.371623 0.951637
 137.200000 -1.535765 -0.266810 3.996642
 137.400000 -1.537594 -0.306812 1.443882
 137.600000 -1.600154 -0.403248 1.898818
 137.800000 -1.506479 -0.361918 2.150928
 138.000000 -1.530713 -0.353417 0.812797
 138.200000 -1.542524 -0.304502 1.392646
 138.400000 -1.603246 -0.281063 2.838694
 138.600000 -1.575527 -0.390036 0.850460
 138.800000 -1.611414 -0.300015 2.027887
 139.000000 -1.582219 -0.380632 0.563446
 139.200000 -1.543278 -0.381845 0.915866
 139.400000 -1.641861 -0.361019 2.596543
 139.600000 -1.596931 -0.264939 3.880128
 139.800000 -1.593117 -0.345719 0.254700
 140.000000 -1.683676 -0.296845 7.734439
 140.200000 -1.519793 -0.307700 2.156231
 140.400000 -1.527704 -0.360578 0.994727
 140.600000 -1.528410 -0.331196 1.057957
 140.800000 -1.549524 -0.337675 0.291120
 141.000000 -1.473169 -0.349651 4.765741
 141.200000 -1.525971 -0.297630 2.327482
 141.400000 -1.483119 -0.331942 3.990236
 141.600000 -1.596131 -0.295620 1.749185
 141.800000 -1.528406 -0.244242 6.392537
 142.000000 -1.648403 -0.241808 8.763501
 142.200000 -1.668840 -0.324413 5.110141
 142.400000 -1.530500 -0.329406 1.005129
 142.600000 -1.566096 -0.322451 0.365231
 142.800000 -1.621185 -0.278055 3.790744
 143.000000 -1.552472 -0.444694 4.740263
 143.200000 -1.555064 -0.344809 0.132805
 143.400000 -1.528432 -0.321868 1.267232
 143.600000 -1.533626 -0.307279 1.563876
 143.800000 -1.607384 -0.305755 1.607222
 144.000000 -1.572456 -0.296311 1.392905
 144.200000 -1.522924 -0.259011 5.200862
 144.400000 -1.592669 -0.376448 0.614112
 144.600000 -1.524914 -0.301117 2.202141
 144.800000 -1.571916 -0.301957 1.110262
 145.000000 -1.500973 -0.360737 2.505777
 145.200000 -1.557448 -0.348434 0.089293
 145.400000 -1.582771 -0.333305 0.195909
 145.600000 -1.495780 -0.305863 3.746945
 145.800000 -1.647554 -0.338308 3.003767
 146.000000 -1.545285 -0.382387 0.880583
 146.200000 -1.522981 -0.342971 1.161727
 146.400000 -1.548565 -0.350677 0.248403
 146.600000 -1.623930 -0.259239 5.445997
 146.800000 -1.571041 -0.252426 4.669667
 147.000000 -1.650390 -0.321154 3.557150
 147.200000 -1.616077 -0.277523 3.584408
 147.400000 -1.511144 -0.348801 1.779265
 147.600000 -1.521511 -0.399959 2.509602
 147.800000 -1.500716 -0.307331 3.326524
 148.000000 -1.463783 -0.330260 5.902748
 148.200000 -1.713180 -0.374878 10.469743
 148.400000 -1.503738 -0.362132 2.333766
 148.600000 -1.488134 -0.290215 5.148211
 148.800000 -1.655446 -0.339429 3.629226
 149.000000 -1.522336 -0.344414 1.185004
 149.200000 -1.601909 -0.268819 3.703757
 149.400000 -1.625125 -0.335661 1.565677
 149.600000 -1.534023 -0.349704 0.676337
 149.800000 -1.598151 -0.334575 0.479142
 150.000000 -1.596639 -0.254706 4.785847
 150.200000 -1.505747 -0.294490 3.604951
 150.400000 -1.568844 -0.373475 0.299801
 150.600000 -1.505299 -0.311515 2.849970
 150.800000 -1.467215 -0.365096 5.493051
 151.000000 -1.608646 -0.342085 0.740679
 151.200000 -1.595062 -0.305491 1.243771
 151.400000 -1.568625 -0.366553 0.155259
 151.600000 -1.555822 -0.307581 0.972618
 151.800000 -1.521944 -0.336865 1.267731
 152.000000 -1.626843 -0.369741 1.784372
 152.200000 -1.589717 -0.344907 0.187652
 152.400000 -1.538611 -0.259504 4.528622
 152.600000 -1.554105 -0.319231 0.584367
 152.800000 -1.556418 -0.341282 0.133658
 153.000000 -1.473433 -0.353774 4.750887
 153.200000 -1.541090 -0.322206 0.801956
 153.400000 -1.557446 -0.353681 0.099761
 153.600000 -1.568171 -0.330305 0.179423
 153.800000 -1.602639 -0.288232 2.357347
 154.000000 -1.519201 -0.290052 3.072357
 154.200000 -1.547956 -0.316824 0.780596
 154.400000 -1.665601 -0.319193 4.940180
 154.600000 -1.540126 -0.338494 0.526216
 154.800000 -1.509596 -0.355314 1.892267
 155.000000 -1.586428 -0.369543 0.331825
 155.200000 -1.537592 -0.358986 0.600460
 155.400000 -1.547704 -0.314370 0.868514
 155.600000 -1.539122 -0.399084 1.752545
 155.800000 -1.658367 -0.376301 4.205166
 156.000000 -1.471460 -0.291931 6.566095
 156.200000 -1.582222 -0.390243 0.913042
 156.400000 -1.660802 -0.412692 6.074674
 156.600000 -1.511360 -0.265180 5.284769
 156.800000 -1.525889 -0.351884 1.012298
 157.000000 -1.606029 -0.336001 0.706004
 157.200000 -1.545200 -0.246386 5.599121
 157.400000 -1.500645 -0.353393 2.469949
 157.600000 -1.559101 -0.375086 0.406921
 157.800000 -1.548942 -0.293479 1.783744
 158.000000 -1.528744 -0.384839 1.524053
 158.200000 -1.523789 -0.276187 3.760501
 158.400000 -1.616258 -0.259912 5.007594
 158.600000 -1.551813 -0.392765 1.134987
 158.800000 -1.461326 -0.307396 6.860027
 159.000000 -1.592022 -0.329275 0.421094
 159.200000 -1.617275 -0.300876 2.241257
 159.400000 -1.579869 -0.253906 4.568824
 159.600000 -1.550138 -0.315731 0.768965
 159.800000 -1.534827 -0.366984 0.807422
 160.000000 -1.593541 -0.325944 0.525973
 160.200000 -1.563088 -0.398123 1.233019
 160.400000 -1.520883 -0.380704 1.746168
 160.600000 -1.558237 -0.338271 0.137131
 160.800000 -1.615468 -0.326646 1.249123
 161.000000 -1.654999 -0.363892 3.654998
 161.200000 -1.558900 -0.289679 1.834182
 161.400000 -1.518660 -0.282513 3.573741
 161.600000 -1.645915 -0.323369 3.151562
 161.800000 -1.543635 -0.282792 2.564997
 162.000000 -1.585216 -0.276099 2.766082
 162.200000 -1.520192 -0.308679 2.095919
 162.400000 -1.503061 -0.377599 2.701134
 162.600000 -1.523737 -0.375789 1.464340
 162.800000 -1.461864 -0.342460 5.954977
 163.000000 -1.534111 -0.354643 0.688449
 163.200000 -1.573340 -0.354786 0.019597
 163.400000 -1.547101 -0.309251 1.073335
 163.600000 -1.507985 -0.261606 5.797218
 163.800000 -1.510092 -0.353007 1.850257
 164.000000 -1.583038 -0.345384 0.081703
 164.200000 -1.616621 -0.334197 1.160511
 164.400000 -1.518028 -0.379069 1.842323
 164.600000 -1.472782 -0.330298 4.979495
 164.800000 -1.590565 -0.271650 3.192037
 165.000000 -1.601607 -0.357515 0.510339
 165.200000 -1.519965 -0.318473 1.759858
 165.400000 -1.541582 -0.359461 0.480771
 165.600000 -1.531931 -0.313330 1.393800
 165.800000 -1.562710 -0.319938 0.456916
 166.000000 -1.562931 -0.380784 0.533944
 166.200000 -1.544250 -0.267518 3.677388
 166.400000 -1.631148 -0.338928 1.872572
 166.600000 -1.601279 -0.300459 1.645913
 166.800000 -1.626229 -0.234113 8.143430
 167.000000 -1.625391 -0.265710 4.964374
 167.200000 -1.478982 -0.325345 4.496286
 167.400000 -1.563823 -0.396856 1.166247
 167.600000 -1.488604 -0.397494 4.550449
 167.800000 -1.488105 -0.336077 3.503299
 168.000000 -1.698771 -0.378388 8.618656
 168.200000 -1.530554 -0.369634 1.021246
 168.400000 -1.493695 -0.323721 3.293462
 168.600000 -1.563197 -0.320104 0.448274
 168.800000 -1.522276 -0.260928 5.061229
 169.000000 -1.644359 -0.336156 2.789071
 169.200000 -1.516276 -0.264860 5.031550
 169.400000 -1.509802 -0.356365 1.886792
 169.600000 -1.600012 -0.336101 0.510814
 169.800000 -1.560554 -0.301137 1.201051
 170.000000 -1.608580 -0.303668 1.744264
 170.200000 -1.488275 -0.382618 3.967734
 170.400000 -1.566318 -0.355920 0.033518
 170.600000 -1.629048 -0.405776 3.304630
 170.800000 -1.506717 -0.328484 2.264854
 171.000000 -1.577220 -0.360981 0.091615
 171.200000 -1.619257 -0.305503 2.123059
 171.400000 -1.523715 -0.288723 2.928981
 171.600000 -1.564129 -0.306488 0.928681
 171.800000 -1.527095 -0.286052 2.940234
 172.000000 -1.565454 -0.290582 1.724473
 172.200000 -1.619826 -0.317072 1.713782
 172.400000 -1.476084 -0.317633 4.979197
 172.600000 -1.585101 -0.382198 0.651188
 172.800000 -1.573107 -0.397138 1.158119
 173.000000 -1.458670 -0.290945 7.975118
 173.200000 -1.567396 -0.385865 0.682857
 173.400000 -1.565344 -0.372128 0.280787
 173.600000 -1.565433 -0.281295 2.310859
 173.800000 -1.651862 -0.305720 4.225285
 174.000000 -1.495200 -0.325416 3.137056
 174.200000 -1.585570 -0.276629 2.732685
 174.400000 -1.585740 -0.295392 1.552092
 174.600000 -1.552747 -0.389548 0.982288
 174.800000 -1.528214 -0.300924 2.065455
 175.000000 -1.502121 -0.334208 2.468549
 175.200000 -1.500911 -0.448159 7.351694
 175.400000 -1.595327 -0.315627 0.859963
 175.600000 -1.559905 -0.353577 0.069487
 175.800000 -1.505378 -0.338883 2.191636
 176.000000 -1.569758 -0.360649 0.067619
 176.200000 -1.567107 -0.308016 0.849331
 176.400000 -1.601771 -0.314212 1.087089
 176.600000 -1.540680 -0.318432 0.922714
 176.800000 -1.557259 -0.345845 0.096818
 177.000000 -1.529914 -0.304218 1.841353
 177.200000 -1.502229 -0.373266 2.643574
 177.400000 -1.618179 -0.347480 1.123801
 177.600000 -1.573533 -0.330717 0.172089
 177.800000 -1.505418 -0.371833 2.396335
 178.000000 -1.543890 -0.382151 0.909277
 178.200000 -1.520422 -0.323549 1.594367
 178.400000 -1.606118 -0.255336 5.016494
 178.600000 -1.571519 -0.327379 0.235423
 178.800000 -1.573639 -0.278091 2.522738
 179.000000 -1.518483 -0.259330 5.394621
 179.200000 -1.476488 -0.352616 4.453324
 179.400000 -1.576879 -0.354965 0.035900
 179.600000 -1.538495 -0.281829 2.782068
 179.800000 -1.533840 -0.364828 0.807133
 180.000000 -1.643879 -0.372375 2.942176
 180.200000 -1.505174 -0.312058 2.837930
 180.400000 -1.475809 -0.333437 4.633387
 180.600000 -1.549264 -0.370531 0.462188
 180.800000 -1.545878 -0.329053 0.510712
 181.000000 -1.660757 -0.271630 7.044631
 181.200000 -1.611709 -0.305343 1.792782
 181.400000 -1.508756 -0.379403 2.384659
 181.600000 -1.584299 -0.291967 1.721301
 181.800000 -1.509620 -0.424037 4.681605
 182.000000 -1.536515 -0.317696 1.079640
 182.200000 -1.588579 -0.370447 0.386676
 182.400000 -1.530611 -0.277545 3.365041
 182.600000 -1.540588 -0.319437 0.895208
 182.800000 -1.549236 -0.351397 0.235139
 183.000000 -1.627071 -0.250197 6.471000
 183.200000 -1.605412 -0.334376 0.707026
 183.400000 -1.451448 -0.366077 7.266748
 183.600000 -1.524625 -0.304342 2.065992
 183.800000 -1.555157 -0.334103 0.234229
 184.000000 -1.556371 -0.332994 0.233202
 184.200000 -1.541992 -0.314319 1.018511
 184.400000 -1.561651 -0.293962 1.560013
 184.600000 -1.608823 -0.314089 1.334722
 184.800000 -1.600544 -0.360302 0.505572
 185.000000 -1.524520 -0.329408 1.263954
 185.200000 -1.568419 -0.337016 0.075423
 185.400000 -1.482927 -0.367721 4.034481
 185.600000 -1.617781 -0.361136 1.176640
 185.800000 -1.608289 -0.289526 2.475319
 186.000000 -1.447743 -0.294946 9.035520
 186.200000 -1.710301 -0.362287 9.818217
 186.400000 -1.548169 -0.298488 1.535031
 186.600000 -1.464935 -0.294925 7.068974
 186.800000 -1.650837 -0.344725 3.212660
 187.000000 -1.513614 -0.296167 3.034024
 187.200000 -1.486330 -0.302777 4.638596
 187.400000 -1.552686 -0.403877 1.666109
 187.600000 -1.639917 -0.266370 5.808110
 187.800000 -1.558685 -0.279728 2.477213
 188.000000 -1.613097 -0.491873 11.091557
 188.200000 -1.583150 -0.292888 1.654283
 188.400000 -1.478876 -0.361315 4.299654
 188.600000 -1.581685 -0.443594 4.527048
 188.800000 -1.641584 -0.266205 5.938401
 189.000000 -1.482105 -0.320092 4.352796
 189.200000 -1.597894 -0.426543 3.368524
 189.400000 -1.496373 -0.390148 3.613326
 189.600000 -1.482390 -0.290836 5.603159
 189.800000 -1.676627 -0.432006 9.039658
 190.000000 -1.521043 -0.296023 2.644435
 190.200000 -1.509517 -0.298099 3.176396
 190.400000 -1.639391 -0.324192 2.661955
 190.600000 -1.516657 -0.315271 2.036567
 190.800000 -1.610710 -0.356203 0.822024
 191.000000 -1.597436 -0.347732 0.355732
 191.200000 -1.506036 -0.312489 2.765909
 191.400000 -1.478034 -0.393244 5.278293
 191.600000 -1.531954 -0.364452 0.872723
 191.800000 -1.487923 -0.294173 4.940609
 192.000000 -1.567659 -0.273208 2.882138
 192.200000 -1.674674 -0.284458 7.482323
 192.400000 -1.500417 -0.294392 3.971245
 192.600000 -1.568684 -0.384158 0.617967
 192.800000 -1.491596 -0.316334 3.672054
 193.000000 -1.584920 -0.314487 0.697569
 193.200000 -1.624557 -0.345340 1.452040
 193.400000 -1.479555 -0.316942 4.678456
 193.600000 -1.536159 -0.334067 0.712352
 193.800000 -1.575339 -0.350075 0.010825
 194.000000 -1.429835 -0.328075 10.155407
 194.200000 -1.642951 -0.228971 9.814533
 194.400000 -1.585781 -0.281507 2.394372
 194.600000 -1.553296 -0.203548 10.740902
 194.800000 -1.610919 -0.336844 0.879597
 195.000000 -1.520397 -0.416563 3.548005
 195.200000 -1.483979 -0.364680 3.890513
 195.400000 -1.582507 -0.358465 0.112746
 195.600000 -1.640621 -0.350535 2.438828
 195.800000 -1.571477 -0.339346 0.047471
 196.000000 -1.567018 -0.326654 0.258282
 196.200000 -1.500099 -0.288576 4.328560
 196.400000 -1.579491 -0.310635 0.776278
 196.600000 -1.605546 -0.299526 1.830837
 196.800000 -1.517689 -0.335629 1.500453
 197.000000 -1.515740 -0.341877 1.541431
 197.200000 -1.521639 -0.309516 1.990324
 197.400000 -1.582030 -0.306901 0.952059
 197.600000 -1.475133 -0.283311 6.737521
 197.800000 -1.415619 -0.276486 14.673982
 198.000000 -1.548133 -0.396286 1.371677
 198.200000 -1.501439 -0.376358 2.777646
 198.400000 -1.480243 -0.307885 4.947872
 198.600000 -1.671413 -0.302535 6.144439
 198.800000 -1.550181 -0.277674 2.760921
 199.000000 -1.558843 -0.218683 8.571334
 199.200000 -1.579248 -0.316050 0.580728
 199.400000 -1.491969 -0.390162 3.951305
 199.600000 -1.598510 -0.276853 2.991406
 199.800000 -1.590523 -0.346177 0.198736
 200.000000 -1.625071 -0.327645 1.702302
