#! FIELDS time phi psi restraint.bias
#! SET min_phi -pi
#! SET max_phi pi
#! SET min_psi -pi
#! SET max_psi pi
 0.000000 -3.000790 1.622319 145.536161
 0.200000 2.808892 1.361242 0.747165
 0.400000 2.834625 1.461697 3.026900
 0.600000 2.777866 1.451683 1.643125
 0.800000 2.828332 1.418061 0.878577
 1.000000 2.871674 1.406782 3.187440
 1.200000 2.833308 1.435595 1.605035
 1.400000 2.874647 1.401803 3.387185
 1.600000 2.790039 1.428777 0.531650
 1.800000 2.949369 1.448632 13.670930
 2.000000 2.837820 1.332297 3.071614
 2.200000 2.830480 1.390310 0.737936
 2.400000 2.920924 1.429489 8.794851
 2.600000 2.986483 1.299899 23.452501
 2.800000 2.888169 1.367114 4.998553
 3.000000 2.863753 1.286101 8.604428
 3.200000 2.901509 1.371353 6.248793
 3.400000 2.853323 1.429887 2.413362
 3.600000 2.795794 1.324161 2.604721
 3.800000 2.825922 1.493230 5.258873
 4.000000 2.874504 1.402617 3.380321
 4.200000 2.850574 1.399153 1.688937
 4.400000 2.848826 1.432853 2.254208
 4.600000 2.838689 1.335797 2.893609
 4.800000 2.895134 1.392083 5.272884
 5.000000 2.892016 1.441235 5.960288
 5.200000 2.879041 1.395199 3.742956
 5.400000 2.905259 1.461418 8.476805
 5.600000 2.821104 1.407682 0.473513
 5.800000 2.867557 1.456674 4.639468
 6.000000 2.753893 1.340535 2.299106
 6.200000 2.877021 1.470162 6.300150
 6.400000 2.827463 1.409596 0.699137
 6.600000 2.811676 1.440241 1.150369
 6.800000 2.879529 1.321481 6.580878
 7.000000 2.924936 1.325909 11.240984
 7.200000 2.910525 1.370787 7.286374
 7.400000 2.916882 1.331674 9.817980
 7.600000 2.892503 1.340785 6.536512
 7.800000 2.897577 1.432845 6.186829
 8.000000 2.906949 1.355643 7.371236
 8.200000 2.873064 1.349465 4.338166
 8.400000 2.878597 1.355026 4.554283
 8.600000 2.840191 1.363318 1.678607
 8.800000 2.928170 1.480715 12.765549
 9.000000 2.881627 1.405272 4.010047
 9.200000 2.862344 1.398810 2.440467
 9.400000 2.867217 1.472566 5.700376
 9.600000 2.780573 1.456631 1.893591
 9.800000 2.820924 1.491574 4.945209
 10.000000 2.778710 1.440377 1.068461
 10.200000 2.932566 1.468800 12.436238
 10.400000 2.886098 1.396913 4.377958
 10.600000 2.902632 1.473496 9.043968
 10.800000 2.810340 1.361443 0.764891
 11.000000 2.876938 1.491755 8.121919
 11.200000 2.862414 1.314766 5.763061
 11.400000 2.964230 1.365479 15.214860
 11.600000 2.863154 1.398179 2.495912
 11.800000 2.825559 1.406261 0.595536
 12.000000 2.796770 1.422460 0.352141
 12.200000 2.877107 1.430693 4.169602
 12.400000 2.937575 1.390217 10.537712
 12.600000 2.869161 1.320524 5.804642
 12.800000 2.976459 1.413316 17.060843
 13.000000 2.795584 1.305857 4.091331
 13.200000 2.894136 1.435526 5.933044
 13.400000 2.798497 1.278394 6.964458
 13.600000 2.815239 1.341216 1.773028
 13.800000 2.927899 1.284495 15.408845
 14.000000 3.018745 1.445383 26.793595
 14.200000 2.839657 1.389134 1.136043
 14.400000 2.891479 1.381028 5.011787
 14.600000 2.899116 1.423982 6.064817
 14.800000 2.868576 1.377360 3.070394
 15.000000 2.846821 1.405812 1.519508
 15.200000 2.870566 1.443597 4.165314
 15.400000 2.808439 1.350996 1.151191
 15.600000 2.853227 1.492232 6.447257
 15.800000 2.931035 1.459713 11.605234
 16.000000 2.787214 1.405208 0.054118
 16.200000 2.844435 1.539194 11.561852
 16.400000 2.883758 1.460606 6.231483
 16.600000 2.858671 1.463807 4.468587
 16.800000 2.823134 1.503278 6.194472
 17.000000 2.848474 1.479001 4.987748
 17.200000 2.790303 1.429755 0.563321
 17.400000 2.805251 1.399226 0.085346
 17.600000 2.868678 1.444090 4.043225
 17.800000 2.783315 1.419957 0.323128
 18.000000 2.910179 1.533233 16.301391
 18.200000 2.909197 1.369531 7.163313
 18.400000 2.918622 1.352082 8.926006
 18.600000 2.846745 1.537041 11.378931
 18.800000 2.780894 1.394139 0.069921
 19.000000 2.855617 1.470704 4.760915
 19.200000 2.829004 1.358576 1.375464
 19.400000 2.717296 1.444769 4.006283
 19.600000 2.827592 1.410741 0.719566
 19.800000 2.899796 1.376943 5.939924
 20.000000 2.844350 1.422896 1.697470
 20.200000 2.869637 1.378121 3.137572
 20.400000 2.979427 1.360096 18.119898
 20.600000 2.876600 1.363800 4.061067
 20.800000 2.909639 1.391099 6.871003
 21.000000 2.833750 1.392882 0.855404
 21.200000 2.910664 1.443038 8.072160
 21.400000 2.925676 1.417129 9.082106
 21.600000 2.876496 1.353096 4.457145
 21.800000 2.886343 1.404472 4.434405
 22.000000 2.913668 1.376768 7.527619
 22.200000 2.855404 1.407173 2.036276
 22.400000 2.863046 1.366383 2.932873
 22.600000 2.887598 1.406438 4.571021
 22.800000 2.770900 1.418025 0.470646
 23.000000 2.831975 1.450217 2.233618
 23.200000 2.831422 1.371070 1.073783
 23.400000 2.927566 1.448757 10.495596
 23.600000 2.821249 1.367558 0.824483
 23.800000 2.983635 1.377046 18.445786
 24.000000 2.900494 1.413587 5.978538
 24.200000 2.803719 1.344120 1.422100
 24.400000 2.851382 1.406965 1.789208
 24.600000 2.801133 1.447694 1.359603
 24.800000 2.810358 1.464421 2.481699
 25.000000 2.810745 1.457978 2.070302
 25.200000 2.848239 1.533840 11.015571
 25.400000 2.876204 1.392822 3.506850
 25.600000 2.882175 1.519921 11.663949
 25.800000 2.818126 1.458828 2.284811
 26.000000 2.922010 1.334929 10.263834
 26.200000 2.896157 1.394818 5.370635
 26.400000 2.779807 1.380671 0.202456
 26.600000 2.841677 1.497127 6.294649
 26.800000 2.825146 1.408627 0.608428
 27.000000 2.887991 1.466360 7.013497
 27.200000 2.853266 1.467217 4.361816
 27.400000 2.830934 1.389270 0.761992
 27.600000 2.932159 1.427032 10.221911
 27.800000 2.828453 1.422707 0.994998
 28.000000 2.863816 1.390542 2.557415
 28.200000 2.919347 1.447553 9.356967
 28.400000 2.854730 1.357414 2.689279
 28.600000 2.822143 1.355275 1.278599
 28.800000 2.837925 1.460129 3.069905
 29.000000 2.783369 1.390471 0.058706
 29.200000 2.849097 1.474104 4.629686
 29.400000 2.726837 1.412775 2.293881
 29.600000 2.904186 1.398293 6.235935
 29.800000 2.877994 1.422374 3.993158
 30.000000 2.793999 1.419431 0.269442
 30.200000 2.815250 1.445571 1.473797
 30.400000 2.833253 1.422380 1.170344
 30.600000 2.955428 1.439361 14.197121
 30.800000 2.831646 1.431734 1.394239
 31.000000 2.880251 1.492555 8.483807
 31.200000 2.931360 1.323704 12.269825
 31.400000 2.877913 1.357207 4.408112
 31.600000 2.893452 1.360916 5.717699
 31.800000 2.988869 1.340405 20.835135
 32.000000 2.791692 1.393211 0.005006
 32.200000 2.903205 1.417867 6.358231
 32.400000 2.857655 1.251261 12.633746
 32.600000 2.811143 1.488961 4.469729
 32.800000 2.735271 1.351060 2.660774
 33.000000 2.975149 1.434073 17.390149
 33.200000 2.842057 1.410781 1.332001
 33.400000 2.835925 1.336930 2.701903
 33.600000 2.870085 1.406104 3.056032
 33.800000 2.851077 1.426351 2.166712
 34.000000 2.861244 1.265603 10.897086
 34.200000 2.881362 1.440800 4.937562
 34.400000 2.880902 1.429278 4.450108
 34.600000 2.837606 1.436557 1.827838
 34.800000 2.889531 1.464758 7.050705
 35.000000 2.862386 1.399698 2.446042
 35.200000 2.847658 1.433326 2.206572
 35.400000 2.809514 1.383778 0.222222
 35.600000 2.882481 1.402148 4.063227
 35.800000 2.862392 1.326637 4.864448
 36.000000 2.788486 1.361832 0.600931
 36.200000 2.852190 1.377310 1.959486
 36.400000 2.878649 1.328104 6.031346
 36.600000 2.916713 1.370522 8.042381
 36.800000 2.892495 1.350621 6.038399
 37.000000 2.886832 1.318827 7.444893
 37.200000 2.924986 1.289063 14.518686
 37.400000 2.946610 1.338674 13.529080
 37.600000 2.780580 1.272818 7.690768
 37.800000 2.848040 1.311366 5.144603
 38.000000 2.831100 1.404648 0.779083
 38.200000 2.741438 1.347703 2.484102
 38.400000 2.884634 1.379820 4.377055
 38.600000 2.876414 1.505827 9.520614
 38.800000 2.843344 1.470062 4.014309
 39.000000 2.836246 1.455021 2.681912
 39.200000 2.858697 1.498354 7.400519
 39.400000 2.926790 1.478265 12.375423
 39.600000 2.874299 1.419413 3.611282
 39.800000 2.841227 1.449961 2.627551
 40.000000 2.761118 1.441554 1.518864
 40.200000 2.817474 1.403658 0.338517
 40.400000 2.783587 1.419349 0.306439
 40.600000 2.914461 1.478139 10.785836
 40.800000 2.935112 1.421855 10.492758
 41.000000 2.873487 1.305047 7.437418
 41.200000 2.882044 1.337403 5.738932
 41.400000 2.846299 1.350628 2.487034
 41.600000 2.905370 1.238865 18.753925
 41.800000 2.884271 1.309514 7.971164
 42.000000 2.918011 1.393290 7.877567
 42.200000 2.861169 1.310676 6.018533
 42.400000 2.851371 1.460697 3.807190
 42.600000 2.824552 1.402336 0.531262
 42.800000 3.013941 1.423874 24.893247
 43.000000 2.805379 1.506992 6.212988
 43.200000 2.726307 1.443436 3.305158
 43.400000 2.845097 1.393360 1.386024
 43.600000 2.719954 1.492007 7.216811
 43.800000 2.761451 1.441409 1.501929
 44.000000 2.919411 1.512570 14.813412
 44.200000 2.792097 1.430209 0.576234
 44.400000 2.757208 1.409374 0.709641
 44.600000 2.856596 1.571042 17.326296
 44.800000 2.774908 1.424846 0.563690
 45.000000 2.825522 1.377984 0.711399
 45.200000 2.837123 1.446930 2.277965
 45.400000 2.843727 1.352802 2.255189
 45.600000 2.910651 1.351393 7.983322
 45.800000 2.797205 1.388263 0.042947
 46.000000 2.874402 1.338095 5.043594
 46.200000 2.867156 1.379175 2.930784
 46.400000 2.895339 1.362316 5.861353
 46.600000 2.898011 1.394072 5.565828
 46.800000 2.847483 1.401715 1.524937
 47.000000 2.847680 1.356100 2.327457
 47.200000 2.966740 1.374056 15.421755
 47.400000 2.957905 1.378216 13.837881
 47.600000 2.841489 1.384756 1.264861
 47.800000 2.875524 1.411541 3.560947
 48.000000 2.866854 1.381127 2.876785
 48.200000 2.704651 1.404690 3.896624
 48.400000 2.812064 1.479785 3.678782
 48.600000 2.817060 1.457278 2.162342
 48.800000 2.846692 1.392361 1.474558
 49.000000 2.897009 1.430449 6.042594
 49.200000 2.821736 1.511960 7.119463
 49.400000 2.884467 1.432641 4.888162
 49.600000 2.840953 1.441050 2.175458
 49.800000 2.922886 1.450590 9.972476
 50.000000 2.889638 1.347010 5.928305
 50.200000 2.850343 1.374405 1.910275
 50.400000 2.897852 1.442024 6.593749
 50.600000 2.845128 1.334584 3.285614
 50.800000 2.838125 1.333991 2.978521
 51.000000 2.924841 1.398299 8.755660
 51.200000 2.924585 1.299141 13.436069
 51.400000 2.929029 1.360929 9.940644
 51.600000 2.868673 1.407461 2.961799
 51.800000 2.825999 1.341259 2.072969
 52.000000 2.851329 1.329752 3.940725
 52.200000 2.945819 1.437171 12.586049
 52.400000 2.821682 1.306317 4.470166
 52.600000 2.940476 1.392875 10.950272
 52.800000 2.842595 1.394444 1.255071
 53.000000 2.850784 1.445939 2.930776
 53.200000 2.785143 1.442974 1.118217
 53.400000 2.907891 1.472221 9.539183
 53.600000 2.832316 1.396143 0.791588
 53.800000 2.877054 1.430159 4.146900
 54.000000 2.885951 1.440354 5.336048
 54.200000 2.781140 1.403523 0.091178
 54.400000 2.920229 1.413994 8.311118
 54.600000 2.843163 1.374576 1.517154
 54.800000 2.919108 1.323657 10.647296
 55.000000 2.888988 1.339597 6.257871
 55.200000 2.873307 1.351446 4.267027
 55.400000 2.871606 1.352061 4.103714
 55.600000 2.913916 1.363311 7.910648
 55.800000 2.946056 1.378962 11.935265
 56.000000 2.914814 1.292872 12.821897
 56.200000 2.929343 1.370494 9.691359
 56.400000 2.855164 1.393920 1.964472
 56.600000 2.854144 1.426141 2.344698
 56.800000 2.794811 1.343695 1.384308
 57.000000 2.872016 1.462264 5.337285
 57.200000 2.836442 1.386011 1.016811
 57.400000 2.852175 1.516236 8.975661
 57.600000 2.881078 1.466292 6.372670
 57.800000 2.893953 1.419218 5.407068
 58.000000 2.859070 1.474158 5.247761
 58.200000 2.840175 1.455976 2.917968
 58.400000 2.777308 1.335288 1.974814
 58.600000 2.915298 1.435129 8.291586
 58.800000 2.838425 1.296349 6.044741
 59.000000 2.827117 1.320790 3.446315
 59.200000 2.972282 1.443139 17.254596
 59.400000 2.754463 1.260273 9.971174
 59.600000 2.829879 1.392360 0.705230
 59.800000 2.902769 1.376118 6.279580
 60.000000 2.923009 1.333277 10.496376
 60.200000 2.802462 1.415613 0.236550
 60.400000 2.976752 1.336499 18.755236
 60.600000 2.952946 1.355715 13.689291
 60.800000 2.832775 1.462272 2.988494
 61.000000 2.877680 1.292676 8.990696
 61.200000 2.957232 1.411290 13.676723
 61.400000 2.805964 1.421573 0.410555
 61.600000 2.923798 1.408488 8.690739
 61.800000 2.852312 1.415477 1.971731
 62.000000 2.870894 1.435434 3.837926
 62.200000 2.917890 1.428260 8.369885
 62.400000 2.946506 1.439136 12.773772
 62.600000 2.837041 1.431911 1.626133
 62.800000 2.866944 1.382473 2.864054
 63.000000 2.859401 1.402739 2.257052
 63.200000 2.781058 1.406783 0.121101
 63.400000 2.952783 1.396598 12.841030
 63.600000 2.908913 1.441923 7.815234
 63.800000 2.945042 1.360841 12.257846
 64.000000 2.947066 1.445150 13.136170
 64.200000 2.774999 1.446939 1.437595
 64.400000 2.889926 1.349784 5.823505
 64.600000 2.798609 1.401769 0.033655
 64.800000 2.788690 1.455223 1.745484
 65.000000 2.857630 1.355424 2.953120
 65.200000 2.887791 1.458016 6.444336
 65.400000 2.754028 1.458824 2.698012
 65.600000 2.795778 1.438038 0.877855
 65.800000 2.867906 1.483842 6.675997
 66.000000 2.824740 1.485468 4.497555
 66.200000 2.894909 1.443547 6.358911
 66.400000 2.866223 1.398614 2.718298
 66.600000 2.892999 1.410644 5.150731
 66.800000 2.833758 1.389780 0.871020
 67.000000 2.907726 1.362150 7.217292
 67.200000 2.930566 1.393133 9.532294
 67.400000 2.868765 1.354334 3.785169
 67.600000 2.929234 1.394114 9.346706
 67.800000 2.818836 1.353768 1.249044
 68.000000 2.858851 1.414547 2.366568
 68.200000 2.927651 1.374786 9.359926
 68.400000 2.920944 1.400860 8.256080
 68.600000 2.848916 1.382747 1.681196
 68.800000 2.969204 1.512871 22.406048
 69.000000 2.819192 1.410731 0.460174
 69.200000 2.844947 1.435491 2.143373
 69.400000 2.869115 1.489472 7.276832
 69.600000 2.818309 1.382306 0.429775
 69.800000 2.889818 1.494892 9.596572
 70.000000 2.859789 1.435042 3.013979
 70.200000 2.829426 1.458678 2.628534
 70.400000 2.802083 1.497233 5.143085
 70.600000 2.899199 1.418970 5.947268
 70.800000 2.895983 1.410518 5.453171
 71.000000 2.881408 1.408711 4.027401
 71.200000 2.874329 1.398167 3.347581
 71.400000 2.853201 1.389396 1.864252
 71.600000 2.846647 1.454684 3.170963
 71.800000 2.771302 1.312162 3.761763
 72.000000 2.858390 1.374380 2.408408
 72.200000 2.846852 1.384560 1.544092
 72.400000 2.853694 1.348686 3.002560
 72.600000 2.888419 1.401409 4.610866
 72.800000 2.816683 1.343229 1.698067
 73.000000 2.947376 1.418928 12.245921
 73.200000 2.823504 1.384846 0.544969
 73.400000 2.812823 1.338400 1.880050
 73.600000 2.888715 1.469235 7.288522
 73.800000 2.799092 1.371294 0.333279
 74.000000 2.870936 1.349781 4.154283
 74.200000 2.933552 1.443334 11.051891
 74.400000 2.775101 1.315338 3.426251
 74.600000 2.836279 1.436635 1.772044
 74.800000 2.824482 1.359800 1.175357
 75.000000 2.804873 1.346855 1.296789
 75.200000 2.881636 1.442137 5.022414
 75.400000 2.816290 1.446061 1.522251
 75.600000 2.769157 1.435563 1.045296
 75.800000 2.781926 1.452623 1.644416
 76.000000 2.900214 1.380310 5.925557
 76.200000 2.910156 1.407250 6.978705
 76.400000 2.845079 1.424557 1.781122
 76.600000 2.909862 1.357576 7.632110
 76.800000 2.857927 1.394656 2.139866
 77.000000 2.844076 1.397703 1.329683
 77.200000 2.930681 1.366536 9.985149
 77.400000 2.853800 1.387219 1.918104
 77.600000 2.755858 1.374156 0.916681
 77.800000 2.854368 1.434053 2.626184
 78.000000 2.826351 1.444640 1.742175
 78.200000 2.819573 1.435671 1.142212
 78.400000 2.877904 1.446195 4.891182
 78.600000 2.887322 1.441861 5.532606
 78.800000 2.856666 1.401023 2.068239
 79.000000 2.874314 1.390654 3.360266
 79.200000 2.891352 1.361778 5.477841
 79.400000 2.812843 1.393732 0.209572
 79.600000 2.908958 1.428028 7.282615
 79.800000 2.775562 1.392947 0.149407
 80.000000 2.793345 1.501104 5.496149
 80.200000 2.812866 1.280480 6.909763
 80.400000 2.810426 1.482713 3.896938
 80.600000 2.841246 1.440243 2.153910
 80.800000 2.881465 1.371605 4.258982
 81.000000 2.906901 1.460650 8.613474
 81.200000 2.849542 1.330074 3.815857
 81.400000 2.926307 1.374956 9.175608
 81.600000 2.837270 1.359723 1.668597
 81.800000 2.939805 1.360454 11.486640
 82.000000 2.842270 1.347965 2.403597
 82.200000 2.803141 1.364738 0.553268
 82.400000 2.868397 1.350894 3.907287
 82.600000 2.932880 1.369888 10.197325
 82.800000 2.815940 1.404512 0.308119
 83.000000 2.914702 1.408534 7.538663
 83.200000 2.946421 1.369606 12.197040
 83.400000 2.861873 1.389651 2.426301
 83.600000 2.903226 1.437547 6.979320
 83.800000 2.825108 1.346057 1.791114
 84.000000 2.809897 1.472104 3.026770
 84.200000 2.837806 1.290193 6.650597
 84.400000 2.889025 1.425150 5.073201
 84.600000 2.840010 1.459998 3.158363
 84.800000 2.876526 1.365817 3.991451
 85.000000 2.921859 1.452436 9.941128
 85.200000 2.889267 1.377283 4.859450
 85.400000 2.799322 1.441211 1.033248
 85.600000 2.821828 1.495664 5.369552
 85.800000 2.808474 1.384466 0.196746
 86.000000 2.844208 1.410094 1.431114
 86.200000 2.881889 1.442975 5.083784
 86.400000 2.835389 1.379905 1.052404
 86.600000 2.880076 1.449784 5.264647
 86.800000 2.795066 1.443881 1.136925
 87.000000 2.831746 1.391785 0.779085
 87.200000 2.924723 1.428789 9.266825
 87.400000 2.831972 1.327367 3.151320
 87.600000 2.852085 1.424390 2.169153
 87.800000 2.845596 1.450223 2.863977
 88.000000 2.814737 1.321940 3.008640
 88.200000 2.882601 1.450702 5.538443
 88.400000 2.840346 1.453337 2.772025
 88.600000 2.860728 1.362514 2.895196
 88.800000 2.846999 1.445178 2.679930
 89.000000 2.711088 1.382760 3.407273
 89.200000 2.887151 1.408013 4.545883
 89.400000 2.889063 1.392764 4.665706
 89.600000 2.902042 1.355936 6.809949
 89.800000 2.944083 1.416761 11.694715
 90.000000 2.779845 1.357965 0.813791
 90.200000 2.846195 1.438970 2.352049
 90.400000 2.848575 1.367111 1.995618
 90.600000 2.872545 1.388130 3.234512
 90.800000 2.859373 1.358901 2.932181
 91.000000 2.833806 1.465401 3.242002
 91.200000 2.725097 1.415189 2.452499
 91.400000 2.937869 1.435443 11.329757
 91.600000 2.913922 1.392390 7.375866
 91.800000 2.886855 1.448365 5.806163
 92.000000 2.917466 1.465299 10.187832
 92.200000 2.881968 1.503160 9.713304
 92.400000 2.801429 1.452600 1.626530
 92.600000 2.841318 1.443213 2.292422
 92.800000 2.912887 1.311144 10.865911
 93.000000 2.836744 1.372284 1.265082
 93.200000 2.888440 1.345056 5.910772
 93.400000 2.777982 1.382650 0.198442
 93.600000 2.825005 1.420957 0.832300
 93.800000 2.860308 1.346855 3.517736
 94.000000 2.718714 1.471091 5.523718
 94.200000 2.825165 1.488580 4.793795
 94.400000 2.832793 1.374543 1.046567
 94.600000 2.785921 1.427592 0.512544
 94.800000 2.841003 1.354606 2.042680
 95.000000 2.899548 1.399762 5.732898
 95.200000 2.789473 1.336964 1.762901
 95.400000 2.892882 1.393448 5.039508
 95.600000 2.862345 1.368715 2.816710
 95.800000 2.961062 1.396065 14.202154
 96.000000 2.826438 1.365556 1.046439
 96.200000 2.938642 1.425547 11.103607
 96.400000 2.808681 1.380387 0.256512
 96.600000 2.846758 1.466036 3.904643
 96.800000 2.937777 1.421886 10.877113
 97.000000 2.906830 1.385399 6.591581
 97.200000 2.913197 1.413565 7.430299
 97.400000 2.864568 1.335802 4.422723
 97.600000 2.901130 1.366620 6.336680
 97.800000 2.852998 1.362233 2.407452
 98.000000 2.841038 1.461472 3.302738
 98.200000 2.895010 1.405258 5.291891
 98.400000 2.793547 1.504312 5.837805
 98.600000 2.819037 1.470207 3.085208
 98.800000 2.872647 1.513547 10.087261
 99.000000 2.849606 1.456701 3.455366
 99.200000 2.857559 1.426238 2.563860
 99.400000 2.860971 1.457376 4.209684
 99.600000 2.805296 1.449557 1.501603
 99.800000 2.881086 1.401431 3.934692
 100.000000 2.847531 1.398255 1.514691
 100.200000 2.829447 1.396553 0.681594
 100.400000 2.907758 1.309916 10.367053
 100.600000 2.867300 1.403240 2.819845
 100.800000 2.845349 1.327052 3.790207
 101.000000 2.945656 1.299279 16.427288
 101.200000 2.938603 1.377013 10.854404
 101.400000 2.911955 1.397451 7.132248
 101.600000 2.908330 1.404774 6.741451
 101.800000 2.827629 1.386881 0.660098
 102.000000 2.804128 1.361431 0.673959
 102.200000 2.876911 1.361395 4.168226
 102.400000 2.882872 1.393374 4.085312
 102.600000 2.879587 1.399590 3.795269
 102.800000 2.843696 1.470866 4.091938
 103.000000 2.799761 1.455845 1.801162
 103.200000 2.849459 1.420941 1.925152
 103.400000 2.855050 1.501964 7.540916
 103.600000 2.850411 1.432248 2.322714
 103.800000 2.789660 1.497123 5.090405
 104.000000 2.781085 1.544183 11.005625
 104.200000 2.851184 1.412725 1.855818
 104.400000 2.818470 1.575016 16.312779
 104.600000 2.762323 1.464889 2.810885
 104.800000 2.832269 1.468988 3.434139
 105.000000 2.816688 1.436138 1.086892
 105.200000 2.819768 1.417964 0.606494
 105.400000 2.882066 1.381857 4.112400
 105.600000 2.850477 1.351024 2.702425
 105.800000 2.861342 1.386236 2.418025
 106.000000 2.820561 1.304911 4.565577
 106.200000 2.881802 1.358953 4.681069
 106.400000 2.884250 1.429351 4.753964
 106.600000 2.890014 1.395890 4.751923
 106.800000 2.886208 1.350735 5.424484
 107.000000 2.926830 1.378465 9.177067
 107.200000 2.847729 1.360246 2.172312
 107.400000 2.818449 1.386774 0.380992
 107.600000 2.768687 1.401658 0.298729
 107.800000 2.819007 1.366745 0.786242
 108.000000 2.871410 1.470238 5.847382
 108.200000 2.895484 1.452394 6.875424
 108.400000 2.852177 1.437831 2.642962
 108.600000 2.778773 1.459338 2.083798
 108.800000 2.796774 1.439434 0.940874
 109.000000 2.878273 1.461237 5.786958
 109.200000 2.832623 1.401059 0.815333
 109.400000 2.913363 1.386518 7.348241
 109.600000 2.869838 1.325111 5.519792
 109.800000 2.886370 1.341328 5.912178
 110.000000 2.965880 1.356389 15.820710
 110.200000 2.904014 1.333646 8.175167
 110.400000 2.790605 1.439813 0.950134
 110.600000 2.894795 1.516703 12.482269
 110.800000 2.773691 1.330303 2.352765
 111.000000 2.857628 1.522655 10.106535
 111.200000 2.867549 1.555502 15.492645
 111.400000 2.888238 1.354253 5.462792
 111.600000 2.882363 1.513676 10.928117
 111.800000 2.831468 1.439298 1.684188
 112.000000 2.854405 1.395544 1.914737
 112.200000 2.795299 1.488811 4.286332
 112.400000 2.852501 1.320151 4.695041
 112.600000 2.860175 1.405713 2.332816
 112.800000 2.841471 1.374432 1.436059
 113.000000 2.892425 1.332110 7.047602
 113.200000 2.871066 1.430277 3.662633
 113.400000 2.864788 1.354461 3.484574
 113.600000 2.918491 1.416221 8.132675
 113.800000 2.891191 1.389953 4.887252
 114.000000 2.872840 1.387347 3.264822
 114.200000 2.850092 1.436593 2.470085
 114.400000 2.868234 1.340373 4.427649
 114.600000 2.849698 1.392698 1.640628
 114.800000 2.761662 1.408250 0.548156
 115.000000 2.826519 1.437115 1.412142
 115.200000 2.828530 1.413825 0.802341
 115.400000 2.906149 1.374149 6.699561
 115.600000 2.844025 1.454406 3.016336
 115.800000 2.863383 1.452805 4.108780
 116.000000 2.881754 1.398968 3.984382
 116.200000 2.824135 1.419606 0.771994
 116.400000 2.857015 1.410563 2.181586
 116.600000 2.886002 1.321775 7.143039
 116.800000 2.825289 1.412891 0.674910
 117.000000 2.861427 1.314840 5.688487
 117.200000 2.980816 1.330528 19.886928
 117.400000 2.896235 1.396739 5.377769
 117.600000 2.885085 1.337593 6.004588
 117.800000 2.833727 1.364220 1.362106
 118.000000 2.836250 1.417901 1.189955
 118.200000 2.769079 1.337499 2.001521
 118.400000 2.919746 1.438345 8.977837
 118.600000 2.941891 1.339269 12.779009
 118.800000 2.856927 1.415328 2.255404
 119.000000 2.944154 1.394409 11.497104
 119.200000 2.757645 1.346479 1.847599
 119.400000 2.867517 1.466936 5.309082
 119.600000 2.886095 1.351034 5.400407
 119.800000 2.864704 1.348303 3.754875
 120.000000 2.907969 1.375471 6.879653
 120.200000 2.881547 1.445566 5.177620
 120.400000 2.802688 1.412818 0.188651
 120.600000 2.939123 1.413350 10.891170
 120.800000 2.870999 1.444242 4.229901
 121.000000 2.824583 1.440105 1.474836
 121.200000 2.910672 1.452353 8.552199
 121.400000 2.863967 1.418747 2.804579
 121.600000 2.884653 1.448546 5.610396
 121.800000 2.886044 1.355039 5.222410
 122.000000 2.894045 1.419664 5.426781
 122.200000 2.840276 1.314417 4.489419
 122.400000 2.855414 1.391852 1.987144
 122.600000 2.934955 1.448899 11.528107
 122.800000 2.870825 1.296968 7.995043
 123.000000 2.887431 1.458005 6.409453
 123.200000 2.871681 1.479565 6.602285
 123.400000 2.809162 1.304616 4.338019
 123.600000 2.927715 1.515084 16.197082
 123.800000 2.868825 1.343984 4.277325
 124.000000 2.953032 1.446072 14.121444
 124.200000 2.921234 1.455986 10.066237
 124.400000 2.832482 1.369389 1.159337
 124.600000 2.849539 1.430177 2.200267
 124.800000 2.814259 1.347223 1.438613
 125.000000 2.929334 1.419673 9.632034
 125.200000 2.901802 1.386892 6.014412
 125.400000 2.901069 1.439480 6.824531
 125.600000 2.817375 1.441928 1.351357
 125.800000 2.806154 1.346780 1.317179
 126.000000 2.817502 1.417839 0.544641
 126.200000 2.905092 1.417746 6.566182
 126.400000 2.790030 1.298383 4.793355
 126.600000 2.798477 1.384483 0.087089
 126.800000 2.896993 1.396436 5.456604
 127.000000 2.881535 1.400165 3.968820
 127.200000 2.909027 1.374218 7.029176
 127.400000 2.934816 1.362938 10.678352
 127.600000 2.870849 1.321372 5.871598
 127.800000 2.873341 1.385580 3.322551
 128.000000 2.843870 1.465515 3.716002
 128.200000 2.806134 1.332682 2.113855
 128.400000 2.944627 1.387724 11.603705
 128.600000 2.881030 1.431249 4.528440
 128.800000 2.852115 1.378620 1.931006
 129.000000 2.889665 1.429576 5.272755
 129.200000 2.875726 1.382246 3.559296
 129.400000 2.878342 1.402964 3.704581
 129.600000 2.844882 1.392589 1.377284
 129.800000 2.866498 1.343421 4.132028
 130.000000 2.759595 1.403083 0.565499
 130.200000 2.879395 1.480596 7.329088
 130.400000 2.862994 1.356331 3.280094
 130.600000 2.895136 1.416345 5.465949
 130.800000 2.793169 1.349738 1.082492
 131.000000 2.849501 1.398681 1.625959
 131.200000 2.824213 1.438305 1.385737
 131.400000 2.722429 1.336949 4.215989
 131.600000 2.856973 1.406851 2.132694
 131.800000 2.819128 1.290208 5.977678
 132.000000 2.823355 1.344198 1.830563
 132.200000 2.882615 1.347428 5.250413
 132.400000 2.850463 1.347812 2.852088
 132.600000 2.859455 1.376055 2.443858
 132.800000 2.934705 1.362764 10.668466
 133.000000 2.940505 1.343101 12.361844
 133.200000 3.012510 1.398927 24.199824
 133.400000 2.886485 1.327723 6.762952
 133.600000 2.824622 1.353269 1.439322
 133.800000 2.926297 1.339223 10.574014
 134.000000 2.882511 1.338492 5.717382
 134.200000 2.881549 1.461088 6.063576
 134.400000 2.824743 1.401500 0.532645
 134.600000 2.845855 1.466783 3.908483
 134.800000 2.809875 1.482395 3.859822
 135.000000 2.813567 1.475666 3.373708
 135.200000 2.847958 1.483896 5.376009
 135.400000 2.798813 1.477238 3.298171
 135.600000 2.807688 1.570171 15.236904
 135.800000 2.795828 1.410644 0.108847
 136.000000 2.868235 1.489063 7.171714
 136.200000 2.785192 1.421758 0.351892
 136.400000 2.981993 1.416154 18.146492
 136.600000 2.836818 1.390730 0.996164
 136.800000 2.856795 1.349272 3.169294
 137.000000 2.925044 1.366673 9.218182
 137.200000 2.878330 1.352429 4.641795
 137.400000 2.940238 1.362095 11.492991
 137.600000 2.966983 1.373829 15.469138
 137.800000 2.848097 1.307367 5.495339
 138.000000 2.850805 1.306850 5.695523
 138.200000 2.843876 1.351053 2.340320
 138.400000 2.841110 1.374191 1.423734
 138.600000 2.786629 1.369939 0.363874
 138.800000 2.948453 1.475326 15.281907
 139.000000 2.845484 1.326875 3.809612
 139.200000 2.876691 1.468846 6.175909
 139.400000 2.825395 1.408381 0.613589
 139.600000 2.771253 1.431421 0.844299
 139.800000 2.843728 1.456445 3.121733
 140.000000 2.752363 1.352723 1.754429
 140.200000 2.854923 1.481531 5.581939
 140.400000 2.839521 1.380369 1.230526
 140.600000 2.863212 1.475974 5.675111
 140.800000 2.770803 1.427626 0.727761
 141.000000 2.896915 1.393006 5.453742
 141.200000 2.891304 1.455278 6.619856
 141.400000 2.848355 1.357032 2.327924
 141.600000 2.848089 1.342062 3.012477
 141.800000 2.903766 1.338135 7.876557
 142.000000 2.835057 1.376752 1.094740
 142.200000 2.780892 1.433688 0.767978
 142.400000 2.962753 1.456089 16.277954
 142.600000 2.850051 1.351843 2.641124
 142.800000 2.923922 1.369379 8.993725
 143.000000 2.899057 1.390300 5.692149
 143.200000 2.885072 1.373724 4.536323
 143.400000 2.887042 1.374224 4.709379
 143.600000 2.871818 1.434392 3.870497
 143.800000 2.800309 1.378322 0.191228
 144.000000 2.857504 1.451957 3.661942
 144.200000 2.833107 1.368007 1.222581
 144.400000 2.870998 1.400340 3.087194
 144.600000 2.827927 1.506326 6.683483
 144.800000 2.858242 1.356308 2.957457
 145.000000 2.869729 1.440683 3.966603
 145.200000 2.854841 1.429471 2.492892
 145.400000 2.905106 1.466916 8.832957
 145.600000 2.790675 1.400428 0.010388
 145.800000 2.796991 1.417563 0.236810
 146.000000 2.886313 1.413478 4.546106
 146.200000 2.848663 1.441355 2.592265
 146.400000 2.843870 1.419408 1.585883
 146.600000 2.827487 1.388041 0.644915
 146.800000 2.888408 1.449073 5.991074
 147.000000 2.817647 1.374757 0.546780
 147.200000 2.874550 1.481556 7.001343
 147.400000 2.843694 1.458759 3.261873
 147.600000 2.944492 1.401774 11.561887
 147.800000 2.874326 1.348498 4.486308
 148.000000 2.864621 1.398279 2.600813
 148.200000 2.895947 1.381636 5.454882
 148.400000 2.866329 1.463834 5.006313
 148.600000 2.919044 1.402050 8.020006
 148.800000 2.858155 1.411252 2.265869
 149.000000 2.826653 1.438887 1.490706
 149.200000 2.820803 1.371990 0.694364
 149.400000 2.867540 1.496375 7.824631
 149.600000 2.748632 1.428446 1.481254
 149.800000 2.852829 1.404074 1.848679
 150.000000 2.822098 1.401853 0.452851
 150.200000 2.893226 1.386343 5.119421
 150.400000 2.915526 1.462901 9.784625
 150.600000 2.815563 1.448684 1.639282
 150.800000 2.881118 1.389817 3.944954
 151.000000 2.880902 1.418761 4.158169
 151.200000 2.878313 1.388169 3.712433
 151.400000 2.831060 1.353404 1.660851
 151.600000 2.878197 1.424567 4.070258
 151.800000 2.825154 1.398657 0.535116
 152.000000 2.925027 1.466633 11.254124
 152.200000 2.833796 1.385200 0.912772
 152.400000 2.942096 1.466797 13.673030
 152.600000 2.813338 1.362208 0.796438
 152.800000 2.879805 1.374075 4.054867
 153.000000 2.867869 1.377750 3.009582
 153.200000 2.722677 1.276677 9.589969
 153.400000 2.862776 1.390684 2.483039
 153.600000 2.817941 1.425532 0.751269
 153.800000 2.907069 1.327875 8.898477
 154.000000 2.857389 1.357346 2.860788
 154.200000 2.865587 1.470154 5.398805
 154.400000 2.813403 1.402816 0.239377
 154.600000 2.796574 1.354915 0.863038
 154.800000 2.820349 1.398362 0.389240
 155.000000 2.792737 1.422567 0.345963
 155.200000 2.830580 1.428563 1.245638
 155.400000 2.837912 1.385889 1.083701
 155.600000 2.863118 1.481358 6.112138
 155.800000 2.894736 1.372595 5.503471
 156.000000 2.846299 1.368683 1.826036
 156.200000 2.918338 1.446986 9.200620
 156.400000 2.762048 1.363613 0.997511
 156.600000 2.849630 1.381283 1.742595
 156.800000 2.846233 1.474279 4.485430
 157.000000 2.786302 1.376964 0.205604
 157.200000 2.945611 1.420852 12.019694
 157.400000 2.931441 1.521961 17.548480
 157.600000 2.826252 1.433218 1.251515
 157.800000 2.943513 1.490016 15.793297
 158.000000 2.852408 1.442782 2.874862
 158.200000 2.872281 1.352823 4.123899
 158.400000 2.936590 1.392657 10.383555
 158.600000 2.915731 1.310810 11.240798
 158.800000 2.851598 1.341530 3.242579
 159.000000 2.844049 1.466448 3.790207
 159.200000 2.852270 1.372535 2.066155
 159.400000 2.907921 1.486616 10.739691
 159.600000 2.869352 1.385559 3.008365
 159.800000 2.811718 1.409494 0.271678
 160.000000 2.817515 1.441199 1.321784
 160.200000 2.788111 1.454465 1.703467
 160.400000 2.753995 1.371880 1.039633
 160.600000 2.849998 1.431614 2.276268
 160.800000 2.871039 1.453339 4.710886
 161.000000 2.900344 1.376232 6.012871
 161.200000 2.945314 1.368225 12.064978
 161.400000 2.932635 1.405952 9.862063
 161.600000 2.831462 1.376425 0.954774
 161.800000 2.941606 1.400806 11.122639
 162.000000 2.842072 1.405012 1.265635
 162.200000 2.862661 1.445204 3.656969
 162.400000 2.795450 1.449377 1.414796
 162.600000 2.806501 1.456033 1.883815
 162.800000 2.856137 1.395037 2.023863
 163.000000 2.802559 1.475808 3.213955
 163.200000 2.891151 1.408055 4.932895
 163.400000 2.847712 1.465779 3.938946
 163.600000 2.872040 1.419040 3.420555
 163.800000 2.941743 1.406553 11.185648
 164.000000 2.827100 1.420731 0.896978
 164.200000 2.826914 1.466944 3.089148
 164.400000 2.896525 1.404701 5.443447
 164.600000 2.784648 1.397707 0.032083
 164.800000 2.864913 1.411117 2.730190
 165.000000 2.906891 1.434257 7.261306
 165.200000 2.750066 1.405078 0.940318
 165.400000 2.776306 1.455714 1.898747
 165.600000 2.872312 1.398075 3.184447
 165.800000 2.800008 1.448290 1.381380
 166.000000 2.903382 1.401047 6.155858
 166.200000 2.919276 1.422770 8.383937
 166.400000 2.891590 1.415496 5.091742
 166.600000 2.841747 1.427030 1.684611
 166.800000 2.864658 1.385244 2.662145
 167.000000 2.913697 1.389143 7.366415
 167.200000 2.874137 1.428157 3.838752
 167.400000 2.861687 1.379970 2.524305
 167.600000 2.986234 1.416108 18.958154
 167.800000 2.830887 1.400083 0.743061
 168.000000 2.867003 1.436616 3.587476
 168.200000 2.880081 1.382816 3.923246
 168.400000 2.777808 1.393045 0.113495
 168.600000 2.785832 1.504176 5.844923
 168.800000 2.844126 1.394803 1.332311
 169.000000 2.868394 1.375414 3.095285
 169.200000 2.925415 1.432910 9.501074
 169.400000 2.895857 1.351677 6.332512
 169.600000 2.882384 1.435218 4.795893
 169.800000 2.844629 1.475128 4.467158
 170.000000 2.854197 1.340767 3.441485
 170.200000 2.871713 1.443463 4.249129
 170.400000 2.880563 1.388642 3.904199
 170.600000 2.811968 1.420553 0.483955
 170.800000 2.834657 1.475930 4.060868
 171.000000 2.918477 1.436270 8.731965
 171.200000 2.820125 1.365066 0.867458
 171.400000 2.887784 1.394873 4.537900
 171.600000 2.825189 1.356108 1.339639
 171.800000 2.832212 1.424344 1.181720
 172.000000 2.859042 1.368129 2.607899
 172.200000 2.840188 1.434547 1.868594
 172.400000 2.843807 1.438878 2.222847
 172.600000 2.900955 1.412369 6.008007
 172.800000 2.943907 1.407511 11.521238
 173.000000 2.781934 1.365411 0.532045
 173.200000 2.908248 1.390607 6.711725
 173.400000 2.805089 1.425824 0.515812
 173.600000 2.779763 1.307605 4.011610
 173.800000 2.846677 1.298666 6.228751
 174.000000 2.851329 1.388340 1.760235
 174.200000 2.917698 1.343178 9.242982
 174.400000 2.914674 1.484930 11.390807
 174.600000 2.954164 1.381632 13.170254
 174.800000 2.915767 1.367026 8.021512
 175.000000 2.861527 1.346242 3.631566
 175.200000 2.766797 1.342564 1.772826
 175.400000 2.827373 1.451752 2.146612
 175.600000 2.831555 1.373930 1.010981
 175.800000 2.834369 1.408408 0.949112
 176.000000 2.905692 1.400100 6.410578
 176.200000 2.897024 1.374314 5.700697
 176.400000 2.880718 1.402100 3.905917
 176.600000 2.844016 1.439980 2.281175
 176.800000 2.944731 1.407640 11.647724
 177.000000 2.862476 1.516436 9.667171
 177.200000 2.817752 1.393446 0.322123
 177.400000 2.936917 1.406241 10.474019
 177.600000 2.773210 1.417852 0.419596
 177.800000 2.864037 1.365840 3.019641
 178.000000 2.910054 1.417622 7.134415
 178.200000 2.856540 1.329660 4.266817
 178.400000 2.955097 1.395420 13.214921
 178.600000 2.867294 1.337753 4.506817
 178.800000 2.882194 1.405465 4.062463
 179.000000 2.835970 1.399285 0.948218
 179.200000 2.926407 1.354590 9.830364
 179.400000 2.874550 1.410534 3.465766
 179.600000 2.857855 1.442025 3.180947
 179.800000 2.783616 1.398338 0.041851
 180.000000 2.785840 1.444743 1.197477
 180.200000 2.920835 1.453729 9.882701
 180.400000 2.722077 1.393942 2.484257
 180.600000 2.882368 1.505066 9.954809
 180.800000 2.808976 1.381864 0.238969
 181.000000 2.807431 1.497622 5.247882
 181.200000 2.931523 1.425732 10.094160
 181.400000 2.851367 1.359206 2.417714
 181.600000 2.867188 1.468365 5.386447
 181.800000 2.856129 1.338539 3.688638
 182.000000 2.908945 1.319797 9.700108
 182.200000 2.857604 1.416995 2.332456
 182.400000 2.837268 1.405343 1.042112
 182.600000 2.864623 1.373706 2.853318
 182.800000 2.793490 1.396343 0.000467
 183.000000 2.834579 1.436486 1.693127
 183.200000 2.893242 1.400776 5.081948
 183.400000 2.861258 1.365772 2.826895
 183.600000 2.871089 1.389997 3.105644
 183.800000 2.915807 1.402422 7.618001
 184.000000 2.851582 1.369734 2.095658
 184.200000 2.954458 1.397012 13.111076
 184.400000 2.873771 1.392419 3.307702
 184.600000 2.862576 1.359762 3.119617
 184.800000 2.851634 1.370377 2.081878
 185.000000 2.862287 1.398049 2.434860
 185.200000 2.830234 1.412304 0.839578
 185.400000 2.909321 1.442973 7.911361
 185.600000 2.876634 1.413557 3.686511
 185.800000 2.870067 1.455408 4.755264
 186.000000 2.857534 1.376283 2.312611
 186.200000 2.797660 1.369653 0.367229
 186.400000 2.864724 1.404520 2.640300
 186.600000 2.808131 1.306308 4.167709
 186.800000 2.955711 1.439270 14.239292
 187.000000 2.826793 1.354457 1.460974
 187.200000 2.885193 1.416014 4.488574
 187.400000 2.863895 1.396945 2.546945
 187.600000 2.970881 1.406120 15.953624
 187.800000 2.871657 1.426959 3.601955
 188.000000 2.739334 1.383129 1.501020
 188.200000 2.873115 1.438171 4.125388
 188.400000 2.799166 1.392248 0.030104
 188.600000 2.812501 1.354496 1.071757
 188.800000 2.841127 1.504009 6.985484
 189.000000 2.895817 1.442153 6.387385
 189.200000 2.759802 1.347371 1.730666
 189.400000 2.838079 1.450099 2.486653
 189.600000 2.901502 1.409995 6.032112
 189.800000 2.789441 1.426986 0.476686
 190.000000 2.894566 1.457714 7.094080
 190.200000 2.866138 1.277516 9.759808
 190.400000 2.889081 1.401711 4.676177
 190.600000 2.874519 1.362031 3.947310
 190.800000 2.799849 1.347470 1.217191
 191.000000 2.870304 1.496623 8.060693
 191.200000 2.846024 1.430588 2.020091
 191.400000 2.868247 1.408065 2.936445
 191.600000 2.862243 1.423297 2.795557
 191.800000 2.909173 1.411051 6.912482
 192.000000 2.857937 1.379032 2.287686
 192.200000 2.862152 1.358916 3.121223
 192.400000 2.785356 1.381890 0.129009
 192.600000 2.894313 1.471476 8.008702
 192.800000 2.899082 1.349830 6.755040
 193.000000 2.801126 1.472281 2.926350
 193.200000 2.883952 1.452031 5.734333
 193.400000 2.835915 1.389567 0.963677
 193.600000 2.907151 1.467217 9.086543
 193.800000 2.978482 1.424530 17.689148
 194.000000 2.858431 1.350344 3.226003
 194.200000 2.849140 1.470092 4.327872
 194.400000 2.865313 1.338670 4.307478
 194.600000 2.884795 1.410678 4.360615
 194.800000 2.930288 1.496078 14.470566
 195.000000 2.833428 1.421787 1.162161
 195.200000 2.814572 1.438128 1.119332
 195.400000 2.910385 1.443913 8.080570
 195.600000 2.831526 1.401826 0.775952
 195.800000 2.923139 1.422816 8.882360
 196.000000 2.762016 1.337429 2.196194
 196.200000 2.846663 1.417620 1.693409
 196.400000 2.885726 1.351447 5.347280
 196.600000 2.744975 1.392184 1.138889
 196.800000 2.814489 1.367425 0.656993
 197.000000 2.804615 1.520098 7.740623
 197.200000 2.827766 1.403336 0.645897
 197.400000 2.892437 1.380554 5.114447
 197.600000 2.862021 1.431622 3.039801
 197.800000 2.861955 1.345776 3.684620
 198.000000 2.931945 1.439120 10.637005
 198.200000 2.833180 1.358221 1.549935
 198.400000 2.837115 1.339215 2.621309
 198.600000 2.848053 1.420831 1.843380
 198.800000 2.912333 1.396901 7.177006
 199.000000 2.874493 1.445905 4.591436
 199.200000 2.814937 1.423501 0.622060
 199.400000 2.831624 1.391478 0.775764
 199.600000 2.855074 1.371508 2.262476
 199.800000 2.937596 1.401228 10.534801
 200.000000 2.806333 1.444589 1.262976
