#! FIELDS time phi psi restraint.bias
#! SET min_phi -pi
#! SET max_phi pi
#! SET min_psi -pi
#! SET max_psi pi
 0.000000 -2.983890 2.845969 56.618251
 0.200000 3.137959 2.739854 15.990489
 0.400000 3.065528 2.830714 5.577133
 0.600000 2.987747 2.876116 3.707522
 0.800000 3.008079 2.760227 1.362916
 1.000000 2.975108 2.787263 0.046239
 1.200000 2.970171 2.767444 0.319410
 1.400000 2.949002 2.811576 0.344471
 1.600000 2.977631 2.765045 0.433494
 1.800000 3.046765 2.778371 3.276688
 2.000000 3.069722 2.783799 5.307835
 2.200000 3.113550 2.827715 11.348872
 2.400000 2.960462 2.871698 3.155805
 2.600000 3.017698 2.881666 5.255069
 2.800000 3.107414 2.786051 9.870629
 3.000000 3.062735 2.653426 14.251476
 3.200000 3.012291 2.797492 1.035252
 3.400000 3.062247 2.944548 16.085598
 3.600000 3.029808 2.787037 1.983712
 3.800000 3.072318 2.687094 11.097734
 4.000000 3.050740 2.768481 3.790292
 4.200000 3.018873 2.822427 1.789321
 4.400000 2.955820 2.806195 0.156571
 4.600000 3.007047 2.822556 1.250376
 4.800000 3.030091 2.783215 2.029834
 5.000000 3.096567 2.762164 8.846978
 5.200000 3.054317 2.779791 3.887992
 5.400000 2.988785 2.863616 2.762825
 5.600000 2.990877 2.859654 2.536660
 5.800000 2.975616 2.745345 1.149674
 6.000000 3.025612 2.797452 1.726303
 6.200000 2.974498 2.840199 1.163986
 6.400000 2.924938 2.770531 1.129032
 6.600000 3.027132 2.737335 3.327396
 6.800000 3.074733 2.853738 7.670183
 7.000000 3.049717 2.791566 3.416605
 7.200000 3.015358 2.711675 4.434892
 7.400000 3.082666 2.828733 7.337845
 7.600000 2.998521 2.802955 0.549263
 7.800000 2.945929 2.778524 0.321299
 8.000000 3.056786 2.838457 5.080213
 8.200000 3.035787 2.756834 2.998719
 8.400000 2.952789 2.752212 0.914472
 8.600000 3.016187 2.709074 4.688905
 8.800000 3.041009 2.764166 3.136420
 9.000000 3.007155 2.872589 4.008801
 9.200000 2.963023 2.875541 3.453860
 9.400000 3.037739 2.761904 2.966665
 9.600000 3.054946 2.776098 3.996952
 9.800000 3.060396 2.804577 4.428444
 10.000000 3.069349 2.763463 5.653883
 10.200000 3.032620 2.778663 2.245209
 10.400000 3.003631 2.784560 0.700476
 10.600000 3.055283 2.876107 7.384473
 10.800000 2.936527 2.781360 0.528457
 11.000000 2.952446 2.770268 0.354504
 11.200000 2.979543 2.817035 0.378241
 11.400000 3.012823 2.831964 1.824795
 11.600000 2.973139 2.771960 0.229970
 11.800000 3.023095 2.699668 5.881353
 12.000000 3.111995 2.737144 12.036826
 12.200000 3.071483 2.819337 5.811473
 12.400000 2.921203 2.840408 2.197736
 12.600000 2.938077 2.859168 2.640542
 12.800000 3.049929 2.782553 3.483401
 13.000000 3.021548 2.655311 10.898550
 13.200000 3.043473 2.693789 7.794092
 13.400000 3.012425 2.813619 1.251423
 13.600000 3.012520 2.924504 9.742324
 13.800000 2.995277 2.859353 2.630979
 14.000000 3.025859 2.758344 2.312901
 14.200000 3.020801 2.724612 3.750248
 14.400000 3.077053 2.761196 6.540059
 14.600000 3.036123 2.824813 2.906094
 14.800000 3.122722 2.863336 14.622424
 15.000000 2.996089 2.820854 0.822584
 15.200000 2.983913 2.773788 0.317588
 15.400000 3.053823 2.777978 3.869730
 15.600000 2.999509 2.739204 1.948149
 15.800000 2.999560 2.841677 1.736025
 16.000000 3.033912 2.812533 2.434755
 16.200000 3.072758 2.758401 6.168392
 16.400000 3.057322 2.793473 4.074112
 16.600000 3.101672 2.822908 9.521698
 16.800000 3.004273 2.779788 0.773545
 17.000000 3.031659 2.758019 2.681913
 17.200000 2.986785 2.812803 0.400099
 17.400000 2.980270 2.820501 0.478521
 17.600000 3.003986 2.789724 0.685708
 17.800000 3.065049 2.822958 5.263974
 18.000000 3.020885 2.789872 1.452131
 18.200000 3.055808 2.765417 4.305625
 18.400000 2.993738 2.743530 1.556190
 18.600000 3.019782 2.734139 3.094394
 18.800000 3.066275 2.824629 5.437123
 19.000000 3.013176 2.864295 3.638662
 19.200000 2.999292 2.819674 0.887954
 19.400000 2.979812 2.793913 0.082271
 19.600000 2.959533 2.822474 0.476742
 19.800000 2.966566 2.740095 1.374654
 20.000000 3.087896 2.805226 7.381361
 20.200000 3.063769 2.780203 4.752296
 20.400000 3.014065 2.724573 3.413605
 20.600000 3.057576 2.760550 4.607839
 20.800000 2.950090 2.809674 0.291007
 21.000000 2.971336 2.776509 0.137432
 21.200000 3.074491 2.778646 5.867065
 21.400000 3.060802 2.756423 5.045519
 21.600000 3.026545 2.794933 1.772125
 21.800000 3.069925 2.832701 6.097586
 22.000000 3.016570 2.777639 1.336463
 22.200000 3.021561 2.749421 2.414214
 22.400000 3.006370 2.780486 0.845133
 22.600000 3.006762 2.845573 2.195096
 22.800000 3.060478 2.880549 8.237442
 23.000000 3.089936 2.843984 8.873270
 23.200000 3.050890 2.758551 4.090904
 23.400000 3.051351 2.740364 4.912980
 23.600000 3.022792 2.812269 1.747942
 23.800000 3.040114 2.921549 10.991890
 24.000000 3.059220 2.881696 8.222347
 24.200000 3.022532 2.732292 3.352673
 24.400000 2.981281 2.733543 1.840671
 24.600000 2.995974 2.757424 1.034128
 24.800000 3.007525 2.793125 0.818885
 25.000000 3.087255 2.869196 10.162536
 25.200000 3.084113 2.819450 7.213104
 25.400000 3.011574 2.813347 1.207488
 25.600000 3.005265 2.770631 0.969527
 25.800000 2.991273 2.770133 0.543886
 26.000000 2.940133 2.815036 0.615863
 26.200000 2.918504 2.807592 1.292310
 26.400000 2.963041 2.855557 1.994449
 26.600000 2.990023 2.861946 2.673172
 26.800000 3.067326 2.730423 6.955167
 27.000000 3.075844 2.681357 12.096290
 27.200000 3.084882 2.807367 7.051131
 27.400000 3.063498 2.793499 4.650620
 27.600000 3.029822 2.848588 3.540974
 27.800000 3.030676 2.745441 3.132080
 28.000000 3.050023 2.774802 3.598498
 28.200000 3.052004 2.790165 3.610549
 28.400000 2.969276 2.795228 0.006104
 28.600000 2.960729 2.836333 0.979514
 28.800000 3.049904 2.820222 3.815077
 29.000000 3.136460 2.856990 16.425929
 29.200000 3.074842 2.805682 5.895001
 29.400000 3.050151 2.825482 3.995124
 29.600000 3.033498 2.771515 2.427785
 29.800000 3.035931 2.719949 5.005450
 30.000000 3.049637 2.809121 3.547171
 30.200000 2.944438 2.816444 0.541890
 30.400000 2.986337 2.808333 0.310713
 30.600000 3.036215 2.809162 2.529571
 30.800000 3.072257 2.781403 5.595104
 31.000000 3.017337 2.790806 1.265387
 31.200000 3.011197 2.806420 1.070548
 31.400000 2.988411 2.769068 0.503094
 31.600000 3.066032 2.802322 4.945744
 31.800000 3.004182 2.760437 1.203911
 32.000000 3.009636 2.678147 7.447808
 32.200000 3.100437 2.819920 9.269985
 32.400000 2.973217 2.852462 1.815098
 32.600000 2.956492 2.804801 0.131169
 32.800000 3.066624 2.778676 5.052460
 33.000000 3.061067 2.721389 6.948908
 33.200000 3.007103 2.727637 2.907035
 33.400000 2.978732 2.807233 0.176260
 33.600000 2.999899 2.772781 0.734146
 33.800000 3.075222 2.827527 6.462047
 34.000000 2.991528 2.828796 0.957079
 34.200000 2.953064 2.860458 2.405292
 34.400000 2.982507 2.871572 3.243349
 34.600000 3.037805 2.776685 2.627912
 34.800000 3.038410 2.680258 8.847608
 35.000000 3.031479 2.814734 2.321481
 35.200000 3.065482 2.751195 5.697642
 35.400000 2.943163 2.760055 0.812750
 35.600000 3.025143 2.831667 2.452836
 35.800000 2.933275 2.793348 0.571038
 36.000000 3.031687 2.786520 2.106395
 36.200000 3.116469 2.764071 11.566414
 36.400000 3.008276 2.782576 0.898893
 36.600000 2.993083 2.808959 0.473609
 36.800000 3.025394 2.834981 2.602618
 37.000000 3.033480 2.762253 2.664085
 37.200000 3.003147 2.836027 1.597280
 37.400000 2.970540 2.819566 0.371606
 37.600000 2.941957 2.755776 0.990396
 37.800000 3.033156 2.790983 2.185563
 38.000000 3.107600 2.754629 10.593867
 38.200000 2.992745 2.762078 0.793428
 38.400000 2.976462 2.806387 0.140255
 38.600000 3.011375 2.865365 3.634620
 38.800000 3.018158 2.839992 2.431977
 39.000000 3.038819 2.772795 2.769355
 39.200000 3.068970 2.763617 5.610767
 39.400000 2.984311 2.827112 0.746878
 39.600000 2.984776 2.848145 1.703631
 39.800000 3.000683 2.833737 1.414383
 40.000000 3.066420 2.824963 5.462319
 40.200000 3.020853 2.691078 6.592777
 40.400000 3.036326 2.749168 3.338863
 40.600000 3.037083 2.806460 2.548728
 40.800000 3.017743 2.848318 2.840697
 41.000000 2.976464 2.865154 2.681593
 41.200000 2.946883 2.823088 0.670524
 41.400000 2.993613 2.778574 0.449885
 41.600000 3.008231 2.713043 4.006339
 41.800000 3.043044 2.792369 2.886805
 42.000000 3.032614 2.773795 2.324143
 42.200000 3.017432 2.830554 1.991742
 42.400000 3.016184 2.852550 3.007953
 42.600000 3.017870 2.782321 1.342906
 42.800000 3.052197 2.731640 5.477724
 43.000000 2.996237 2.746057 1.505378
 43.200000 2.932059 2.749006 1.559547
 43.400000 2.975999 2.777545 0.152189
 43.600000 3.034597 2.842274 3.518036
 43.800000 3.118303 2.799998 11.465214
 44.000000 3.117838 2.701898 15.473814
 44.200000 3.075563 2.768811 6.167669
 44.400000 3.041355 2.857309 4.858303
 44.600000 2.973811 2.860231 2.314722
 44.800000 3.036500 2.829799 3.105584
 45.000000 3.052296 2.791591 3.633009
 45.200000 3.064854 2.812575 4.982822
 45.400000 3.018962 2.849514 2.970672
 45.600000 3.020883 2.835070 2.353420
 45.800000 3.066514 2.781424 5.007212
 46.000000 3.091039 2.755068 8.386961
 46.200000 3.003831 2.700058 4.951288
 46.400000 2.937161 2.719601 3.106020
 46.600000 2.978555 2.845678 1.478575
 46.800000 2.970233 2.775542 0.149279
 47.000000 3.053264 2.676123 10.490484
 47.200000 3.047064 2.790283 3.202826
 47.400000 3.050837 2.917895 11.367865
 47.600000 2.963080 2.828774 0.664842
 47.800000 2.949255 2.781626 0.217916
 48.000000 3.024552 2.834377 2.528393
 48.200000 3.072221 2.752574 6.327525
 48.400000 2.998882 2.669580 8.064236
 48.600000 3.012473 2.781713 1.089631
 48.800000 3.031581 2.848178 3.630040
 49.000000 3.002292 2.829390 1.300130
 49.200000 3.048879 2.807462 3.458747
 49.400000 3.044987 2.872370 6.223785
 49.600000 3.008666 2.839440 1.965973
 49.800000 3.032787 2.688435 7.577652
 50.000000 3.093156 2.740729 9.291672
 50.200000 3.088164 2.873692 10.627074
 50.400000 2.941628 2.878835 4.047918
 50.600000 3.026295 2.787168 1.768774
 50.800000 3.034002 2.824550 2.753397
 51.000000 3.063346 2.851098 6.350797
 51.200000 3.054409 2.804503 3.886653
 51.400000 3.066370 2.865679 7.606948
 51.600000 2.973856 2.868934 2.942108
 51.800000 2.961887 2.787720 0.024933
 52.000000 3.042895 2.697362 7.403621
 52.200000 3.072423 2.799120 5.572489
 52.400000 3.070346 2.820485 5.724835
 52.600000 2.985696 2.847544 1.687073
 52.800000 3.025779 2.899160 7.409328
 53.000000 3.135744 2.829243 14.901178
 53.200000 3.002454 2.722990 3.044070
 53.400000 3.001454 2.744016 1.768112
 53.600000 3.035553 2.872257 5.524138
 53.800000 2.939542 2.762087 0.841891
 54.000000 2.991183 2.724063 2.634595
 54.200000 3.130491 2.812435 13.553055
 54.400000 3.028401 2.791884 1.881609
 54.600000 2.936393 2.867589 3.287343
 54.800000 3.029449 2.860016 4.223569
 55.000000 3.117939 2.814196 11.617075
 55.200000 3.052425 2.772023 3.853827
 55.400000 2.980636 2.743253 1.306108
 55.600000 3.001600 2.759463 1.143124
 55.800000 3.021756 2.781418 1.557543
 56.000000 2.946840 2.769768 0.463396
 56.200000 3.028321 2.828277 2.515507
 56.400000 3.054140 2.793045 3.791587
 56.600000 3.030560 2.741305 3.327959
 56.800000 3.021004 2.749004 2.402094
 57.000000 3.057641 2.825766 4.654884
 57.200000 2.982353 2.825693 0.666959
 57.400000 3.007925 2.863837 3.377582
 57.600000 2.984752 2.823384 0.632590
 57.800000 3.055578 2.713014 7.078898
 58.000000 3.031346 2.728874 4.092215
 58.200000 2.986892 2.714774 3.219448
 58.400000 2.986727 2.832729 1.001522
 58.600000 3.005128 2.840925 1.895792
 58.800000 3.019286 2.801110 1.400628
 59.000000 3.077786 2.801769 6.172870
 59.200000 3.132815 2.747629 14.745378
 59.400000 3.068044 2.803170 5.155571
 59.600000 3.054202 2.906236 10.261712
 59.800000 2.934679 2.790944 0.525498
 60.000000 3.035921 2.743593 3.568228
 60.200000 3.082164 2.750765 7.496507
 60.400000 3.030153 2.857728 4.115977
 60.600000 3.050850 2.811604 3.692392
 60.800000 3.067052 2.801561 5.040024
 61.000000 3.016489 2.743248 2.435818
 61.200000 3.057577 2.788352 4.105426
 61.400000 3.038826 2.784960 2.603817
 61.600000 2.964305 2.767485 0.317342
 61.800000 3.033919 2.834809 3.128949
 62.000000 3.019664 2.819845 1.756744
 62.200000 3.043468 2.784373 2.952322
 62.400000 3.006001 2.813967 0.988060
 62.600000 3.014119 2.802840 1.160456
 62.800000 3.002515 2.751307 1.478094
 63.000000 3.012989 2.698187 5.504766
 63.200000 2.985063 2.770147 0.412492
 63.400000 2.988684 2.865580 2.902202
 63.600000 3.059914 2.809322 4.452038
 63.800000 3.006578 2.755431 1.468889
 64.000000 3.008299 2.692528 5.850236
 64.200000 3.033773 2.690965 7.382773
 64.400000 3.019535 2.891291 6.253986
 64.600000 3.017270 2.905860 7.682716
 64.800000 2.998787 2.786062 0.524201
 65.000000 3.039212 2.666444 10.551388
 65.200000 3.013955 2.795051 1.102778
 65.400000 3.048181 2.848605 4.862673
 65.600000 3.054430 2.805354 3.899044
 65.800000 3.030897 2.809113 2.175126
 66.000000 3.039199 2.729687 4.576458
 66.200000 3.006401 2.733806 2.497937
 66.400000 3.125441 2.807653 12.656691
 66.600000 3.051758 2.867574 6.402881
 66.800000 2.979893 2.817340 0.390188
 67.000000 3.021751 2.762833 1.936405
 67.200000 3.047601 2.741215 4.559854
 67.400000 3.009243 2.711909 4.139326
 67.600000 2.957647 2.796479 0.052108
 67.800000 2.945585 2.836235 1.185778
 68.000000 3.080125 2.870068 9.398163
 68.200000 3.023845 2.746546 2.669409
 68.400000 3.078283 2.712884 9.356757
 68.600000 3.071191 2.843530 6.722265
 68.800000 2.985769 2.822564 0.626151
 69.000000 3.013459 2.793883 1.077366
 69.200000 3.062306 2.745056 5.662691
 69.400000 3.015890 2.680471 7.470495
 69.600000 2.961382 2.784639 0.047233
 69.800000 3.006056 2.865930 3.454328
 70.000000 2.968044 2.854788 1.938684
 70.200000 2.992208 2.800809 0.350524
 70.400000 3.033245 2.679527 8.574789
 70.600000 3.126237 2.808670 12.798940
 70.800000 3.069349 2.854789 7.169874
 71.000000 2.936625 2.850633 2.151293
 71.200000 3.040232 2.783485 2.717964
 71.400000 3.045315 2.829363 3.740384
 71.600000 3.008710 2.725751 3.096889
 71.800000 2.983264 2.739974 1.512187
 72.000000 3.023591 2.837310 2.600644
 72.200000 3.012091 2.842548 2.264949
 72.400000 3.031261 2.661899 10.592711
 72.600000 3.101215 2.721720 11.505535
 72.800000 3.051874 2.805554 3.681616
 73.000000 2.911907 2.769610 1.783530
 73.200000 2.893127 2.841706 3.942324
 73.400000 2.957641 2.869293 2.990869
 73.600000 3.110987 2.831614 11.121444
 73.800000 3.004066 2.705853 4.440946
 74.000000 2.959130 2.639516 11.737612
 74.200000 2.971872 2.777812 0.119840
 74.400000 3.062182 2.885121 8.810982
 74.600000 2.974061 2.866864 2.787500
 74.800000 2.866231 2.692614 10.074564
 75.000000 3.057478 2.703452 8.054927
 75.200000 3.027638 2.739109 3.261600
 75.400000 2.993439 2.726100 2.554211
 75.600000 2.957640 2.825246 0.579635
 75.800000 2.972385 2.866697 2.764817
 76.000000 3.038657 2.791017 2.564237
 76.200000 2.993607 2.757552 0.964012
 76.400000 3.020280 2.759918 1.947891
 76.600000 3.075697 2.799353 5.924294
 76.800000 2.966976 2.729978 1.956199
 77.000000 2.954210 2.826036 0.643988
 77.200000 2.995730 2.867231 3.201368
 77.400000 3.033237 2.675100 9.084222
 77.600000 3.014194 2.722699 3.548782
 77.800000 3.097881 2.689212 13.894128
 78.000000 3.031801 2.810135 2.250779
 78.200000 2.960726 2.821390 0.436601
 78.400000 3.007347 2.848118 2.356722
 78.600000 3.070980 2.775421 5.546064
 78.800000 3.064866 2.677616 11.385275
 79.000000 3.043865 2.782746 2.997372
 79.200000 3.061865 2.896755 9.925774
 79.400000 3.032571 2.845598 3.554130
 79.600000 3.078334 2.781183 6.255357
 79.800000 3.012474 2.831377 1.785893
 80.000000 3.002314 2.880858 4.522680
 80.200000 3.044773 2.780277 3.094698
 80.400000 3.078336 2.764699 6.578420
 80.600000 3.081598 2.795743 6.564670
 80.800000 3.023789 2.749282 2.544159
 81.000000 2.961352 2.818294 0.348264
 81.200000 2.964816 2.827814 0.625094
 81.400000 3.041016 2.795822 2.740187
 81.600000 3.101419 2.834888 9.923459
 81.800000 3.070295 2.839838 6.447895
 82.000000 3.040784 2.868580 5.609715
 82.200000 3.093338 2.866766 10.728909
 82.400000 3.087699 2.755749 7.953167
 82.600000 3.032667 2.718287 4.907953
 82.800000 2.967199 2.783040 0.045010
 83.000000 2.925615 2.842501 2.107568
 83.200000 3.032139 2.757015 2.748209
 83.400000 3.104744 2.779751 9.560153
 83.600000 3.092276 2.821559 8.261057
 83.800000 3.030687 2.813362 2.241246
 84.000000 3.011983 2.831859 1.782541
 84.200000 2.985096 2.790060 0.165691
 84.400000 2.973702 2.866525 2.759945
 84.600000 3.012187 2.733819 2.741555
 84.800000 2.996474 2.781596 0.492335
 85.000000 2.956231 2.869586 3.027713
 85.200000 3.039751 2.745566 3.744635
 85.400000 3.086237 2.747992 8.093287
 85.600000 3.126723 2.788077 12.756071
 85.800000 3.016672 2.831295 1.982161
 86.000000 2.909730 2.780938 1.710483
 86.200000 3.013612 2.796480 1.091350
 86.400000 3.019579 2.844431 2.726162
 86.600000 3.020669 2.788463 1.445249
 86.800000 3.081769 2.813411 6.797197
 87.000000 3.044143 2.760601 3.480566
 87.200000 3.009372 2.779476 0.980310
 87.400000 3.028602 2.815416 2.155671
 87.600000 3.044248 2.830621 3.704606
 87.800000 2.904846 2.863226 4.434462
 88.000000 2.998171 2.798398 0.501202
 88.200000 3.049168 2.697352 7.900033
 88.400000 3.066986 2.768171 5.289260
 88.600000 3.075333 2.831894 6.636412
 88.800000 2.976689 2.783758 0.084807
 89.000000 2.992213 2.739364 1.729471
 89.200000 2.988156 2.773734 0.399105
 89.400000 2.961619 2.836078 0.963141
 89.600000 3.009982 2.778240 1.023227
 89.800000 3.044270 2.780172 3.057002
 90.000000 3.099087 2.735821 10.323367
 90.200000 3.087553 2.794051 7.260533
 90.400000 3.008146 2.872642 4.053263
 90.600000 3.031075 2.949624 14.388700
 90.800000 2.945912 2.849438 1.843039
 91.000000 2.968198 2.803987 0.066311
 91.200000 2.999526 2.686248 6.174631
 91.400000 3.018355 2.763131 1.747658
 91.600000 3.045286 2.862388 5.499951
 91.800000 2.978598 2.825214 0.600806
 92.000000 3.020482 2.805634 1.512857
 92.200000 2.900731 2.721096 4.750903
 92.400000 2.937230 2.778790 0.539264
 92.600000 3.015830 2.828185 1.825029
 92.800000 3.057438 2.819339 4.443569
 93.000000 3.033659 2.774024 2.388926
 93.200000 3.028145 2.720210 4.480546
 93.400000 3.048358 2.704023 7.221195
 93.600000 2.992779 2.740167 1.701507
 93.800000 3.019792 2.822457 1.838235
 94.000000 3.024875 2.870732 4.729321
 94.200000 2.968207 2.871932 3.153279
 94.400000 3.028452 2.806118 1.976843
 94.600000 3.090238 2.780142 7.663177
 94.800000 3.055836 2.747530 4.952979
 95.000000 3.031451 2.814326 2.310694
 95.200000 3.012666 2.807659 1.154447
 95.400000 3.032976 2.795321 2.176352
 95.600000 3.010843 2.814192 1.193198
 95.800000 3.025472 2.785889 1.728017
 96.000000 2.995704 2.769434 0.676867
 96.200000 2.994512 2.793468 0.377259
 96.400000 3.050752 2.855797 5.503753
 96.600000 3.026757 2.821568 2.203576
 96.800000 3.115750 2.760452 11.568742
 97.000000 3.037054 2.755420 3.138049
 97.200000 2.947973 2.778671 0.278151
 97.400000 2.989750 2.781838 0.314557
 97.600000 3.028299 2.745456 2.982934
 97.800000 3.025301 2.788796 1.703011
 98.000000 3.080070 2.869421 9.342078
 98.200000 3.104354 2.793366 9.425149
 98.400000 3.020767 2.795452 1.446519
 98.600000 3.048064 2.779782 3.362073
 98.800000 3.053787 2.759882 4.293625
 99.000000 2.964116 2.799536 0.028898
 99.200000 3.044794 2.771364 3.245241
 99.400000 3.055567 2.853986 5.805403
 99.600000 3.028787 2.832719 2.712871
 99.800000 3.019401 2.730565 3.289443
 100.000000 2.918284 2.798209 1.205695
 100.200000 3.000329 2.806830 0.655698
 100.400000 3.012560 2.803338 1.093599
 100.600000 3.010489 2.805375 1.025587
 100.800000 2.924814 2.806111 0.984619
 101.000000 3.022862 2.854311 3.465545
 101.200000 2.975058 2.740906 1.364317
 101.400000 2.990515 2.719586 2.935211
 101.600000 3.068332 2.719515 7.793342
 101.800000 3.021484 2.795085 1.484292
 102.000000 3.001341 2.825207 1.121573
 102.200000 3.011775 2.822128 1.437854
 102.400000 3.033273 2.705549 5.974737
 102.600000 3.048167 2.598693 22.075007
 102.800000 3.055986 2.782730 4.001956
 103.000000 2.954954 2.893528 5.173915
 103.200000 2.963974 2.878658 3.714039
 103.400000 2.998641 2.745574 1.600944
 103.600000 2.975340 2.647577 10.539572
 103.800000 3.022094 2.686611 7.123427
 104.000000 3.055467 2.839269 5.000381
 104.200000 2.945806 2.805074 0.304583
 104.400000 3.024359 2.812858 1.848261
 104.600000 3.068431 2.870880 8.207708
 104.800000 3.054903 2.763770 4.271716
 105.000000 3.007618 2.788458 0.830775
 105.200000 3.028794 2.760802 2.408796
 105.400000 2.979069 2.807255 0.180573
 105.600000 3.029205 2.824789 2.451416
 105.800000 -3.138255 2.826492 16.395873
 106.000000 3.058389 2.820850 4.571656
 106.200000 2.929135 2.774123 0.888481
 106.400000 2.994418 2.822257 0.816179
 106.600000 -3.133313 2.852825 18.528185
 106.800000 3.038172 2.815320 2.788281
 107.000000 3.042719 2.772451 3.063651
 107.200000 2.980832 2.844002 1.419708
 107.400000 3.030140 2.800218 2.019153
 107.600000 3.040568 2.731338 4.573782
 107.800000 3.068158 2.795551 5.115003
 108.000000 3.072863 2.831891 6.371960
 108.200000 2.986059 2.805592 0.265829
 108.400000 2.973584 2.830682 0.749192
 108.600000 3.074704 2.788611 5.801340
 108.800000 3.017329 2.735227 2.905146
 109.000000 2.965074 2.772094 0.210724
 109.200000 2.992944 2.826911 0.926133
 109.400000 3.086476 2.779910 7.209677
 109.600000 3.049181 2.750410 4.258917
 109.800000 2.985893 2.836265 1.133842
 110.000000 3.040258 2.847787 4.205811
 110.200000 2.973721 2.728506 2.071506
 110.400000 3.030004 2.701812 6.095559
 110.600000 3.078085 2.831273 6.913966
 110.800000 3.010130 2.879761 4.732423
 111.000000 2.959465 2.744744 1.170422
 111.200000 3.041358 2.730798 4.665293
 111.400000 2.968304 2.775008 0.154225
 111.600000 2.991754 2.744998 1.434393
 111.800000 2.996412 2.811710 0.614781
 112.000000 3.029871 2.901666 7.928263
 112.200000 3.032506 2.772487 2.342387
 112.400000 2.973636 2.741784 1.309060
 112.600000 3.062426 2.704511 8.420727
 112.800000 3.054247 2.804422 3.871579
 113.000000 2.950595 2.743888 1.318416
 113.200000 2.982340 2.805533 0.201333
 113.400000 3.049077 2.866674 6.112274
 113.600000 2.973055 2.752335 0.825663
 113.800000 3.069811 2.697985 9.747963
 114.000000 3.076478 2.717167 8.825700
 114.200000 3.005444 2.894658 5.952040
 114.400000 2.924657 2.885188 5.192013
 114.600000 2.972155 2.724504 2.326521
 114.800000 3.080394 2.780023 6.500469
 115.000000 3.089582 2.767680 7.814536
 115.200000 3.006115 2.747774 1.764065
 115.400000 3.029227 2.824825 2.453947
 115.600000 3.114161 2.885510 15.142375
 115.800000 3.001509 2.785269 0.619731
 116.000000 3.064572 2.764201 5.155524
 116.200000 3.068094 2.816488 5.391015
 116.400000 3.035340 2.823948 2.824763
 116.600000 3.005647 2.878538 4.443431
 116.800000 3.067095 2.786468 5.021910
 117.000000 3.075511 2.788494 5.889016
 117.200000 3.031020 2.803258 2.103028
 117.400000 3.009865 2.788785 0.923142
 117.600000 3.017872 2.814931 1.541918
 117.800000 3.027967 2.828924 2.517253
 118.000000 2.999837 2.766779 0.868645
 118.200000 3.032172 2.727649 4.224358
 118.400000 3.077248 2.885799 10.420555
 118.600000 3.052862 2.833618 4.525223
 118.800000 2.979342 2.769923 0.330887
 119.000000 2.963774 2.824380 0.512698
 119.200000 2.976494 2.809761 0.193008
 119.400000 2.999413 2.777892 0.630442
 119.600000 3.057457 2.821105 4.494214
 119.800000 3.073122 2.811799 5.810361
 120.000000 3.026625 2.706883 5.441499
 120.200000 2.998854 2.714385 3.558505
 120.400000 3.049717 2.782760 3.463783
 120.600000 3.021343 2.823818 1.962900
 120.800000 2.986785 2.821905 0.626085
 121.000000 3.019003 2.790625 1.350856
 121.200000 3.047479 2.785097 3.261259
 121.400000 3.036300 2.703922 6.322484
 121.600000 3.016177 2.781608 1.265888
 121.800000 3.005415 2.839245 1.826852
 122.000000 3.023523 2.954239 14.669520
 122.200000 3.074799 2.789782 5.807680
 122.400000 3.086200 2.712179 10.325049
 122.600000 3.037877 2.684067 8.389243
 122.800000 3.019998 2.819123 1.754917
 123.000000 3.056923 2.896978 9.492768
 123.200000 3.035591 2.830780 3.079914
 123.400000 2.997140 2.783069 0.497149
 123.600000 2.975609 2.765812 0.393381
 123.800000 2.995224 2.789078 0.402562
 124.000000 2.959391 2.748712 0.989252
 124.200000 3.028975 2.779971 1.995557
 124.400000 3.079432 2.875422 9.749541
 124.600000 2.978070 2.826061 0.622886
 124.800000 2.953305 2.751409 0.939945
 125.000000 3.077278 2.764295 6.472549
 125.200000 3.058493 2.813309 4.395939
 125.400000 2.962059 2.794609 0.014670
 125.600000 2.968760 2.843328 1.291841
 125.800000 3.022301 2.791007 1.526953
 126.000000 3.045762 2.693619 7.988364
 126.200000 3.063886 2.858528 6.865813
 126.400000 3.038453 2.857070 4.631417
 126.600000 2.889199 2.761546 3.511076
 126.800000 2.977923 2.759738 0.596551
 127.000000 3.032501 2.743181 3.358762
 127.200000 3.043407 2.747329 3.935876
 127.400000 3.087002 2.869062 10.121873
 127.600000 2.996952 2.893999 5.595106
 127.800000 3.024746 2.753917 2.409225
 128.000000 3.067787 2.787230 5.087055
 128.200000 3.055826 2.791284 3.940476
 128.400000 3.026394 2.810006 1.913052
 128.600000 3.047036 2.847369 4.701978
 128.800000 2.982050 2.794832 0.115013
 129.000000 3.073622 2.774030 5.848799
 129.200000 3.065270 2.712929 7.990550
 129.400000 2.954365 2.784697 0.111234
 129.600000 2.996397 2.827959 1.058040
 129.800000 2.998738 2.797636 0.514811
 130.000000 2.974597 2.729285 2.028176
 130.200000 3.014028 2.803069 1.158594
 130.400000 3.013815 2.899789 6.845624
 130.600000 3.003298 2.812987 0.865916
 130.800000 3.026071 2.730297 3.677424
 131.000000 3.010616 2.822577 1.400113
 131.200000 3.018377 2.813615 1.539089
 131.400000 2.986443 2.704787 4.036974
 131.600000 2.990844 2.769250 0.553746
 131.800000 3.106296 2.823665 10.178166
 132.000000 3.016145 2.743799 2.391869
 132.200000 2.951903 2.855554 2.101067
 132.400000 3.018951 2.833735 2.195412
 132.600000 3.080259 2.715613 9.364931
 132.800000 3.070960 2.792532 5.397602
 133.000000 3.044691 2.842353 4.254632
 133.200000 2.975223 2.822675 0.487793
 133.400000 2.954596 2.821751 0.504687
 133.600000 2.989766 2.750689 1.133010
 133.800000 3.052333 2.783793 3.673863
 134.000000 3.001097 2.821057 0.986241
 134.200000 2.991201 2.796389 0.298865
 134.400000 3.105989 2.738931 11.086920
 134.600000 3.060147 2.682075 10.432426
 134.800000 2.988571 2.796422 0.238957
 135.000000 2.959329 2.897695 5.560100
 135.200000 2.961790 2.885975 4.380145
 135.400000 3.013716 2.721715 3.595528
 135.600000 3.092376 2.708159 11.411066
 135.800000 3.100425 2.800532 8.925207
 136.000000 2.981902 2.833415 0.946061
 136.200000 2.977226 2.908357 6.760005
 136.400000 3.070093 2.853962 7.195051
 136.600000 3.015467 2.678965 7.619773
 136.800000 3.011369 2.662954 9.376181
 137.000000 3.055972 2.867957 6.797572
 137.200000 2.980633 2.874968 3.490374
 137.400000 3.016778 2.819556 1.601253
 137.600000 3.080977 2.825304 7.025731
 137.800000 3.058828 2.742226 5.475758
 138.000000 3.054358 2.757525 4.423021
 138.200000 2.967679 2.838211 1.043727
 138.400000 2.970220 2.852537 1.805617
 138.600000 3.065423 2.834770 5.729883
 138.800000 2.994164 2.690894 5.531889
 139.000000 2.983514 2.691844 5.203855
 139.200000 3.017453 2.767793 1.575617
 139.400000 3.056986 2.795023 4.046482
 139.600000 2.998319 2.811639 0.671213
 139.800000 2.944993 2.775798 0.383389
 140.000000 2.932217 2.826364 1.179499
 140.200000 3.038244 2.770140 2.784183
 140.400000 3.014493 2.739011 2.556962
 140.600000 2.998671 2.850978 2.207920
 140.800000 3.007299 2.843211 2.094051
 141.000000 2.984168 2.824883 0.669808
 141.200000 3.040044 2.727234 4.794973
 141.400000 3.039842 2.794361 2.650293
 141.600000 3.071681 2.841255 6.659982
 141.800000 2.966641 2.814161 0.234116
 142.000000 2.905324 2.760407 2.421515
 142.200000 3.029897 2.792341 1.974275
 142.400000 3.052473 2.737805 5.144936
 142.600000 2.999447 2.746817 1.569159
 142.800000 2.990542 2.850035 1.929329
 143.000000 3.002989 2.898249 6.234053
 143.200000 3.001169 2.754865 1.290942
 143.400000 3.045221 2.726474 5.236068
 143.600000 3.066699 2.824398 5.471842
 143.800000 2.968689 2.797879 0.015650
 144.000000 2.948565 2.771793 0.385957
 144.200000 3.051779 2.774343 3.754026
 144.400000 3.083101 2.791881 6.732977
 144.600000 2.978976 2.728934 2.092991
 144.800000 3.034374 2.802611 2.316465
 145.000000 3.094273 2.859857 10.358349
 145.200000 2.995717 2.847318 1.911645
 145.400000 3.048345 2.811043 3.475092
 145.600000 3.046976 2.758587 3.769276
 145.800000 2.996369 2.750553 1.310401
 146.000000 2.957736 2.798911 0.063846
 146.200000 2.990201 2.862276 2.700246
 146.400000 3.036211 2.844243 3.728288
 146.600000 3.011137 2.764937 1.352023
 146.800000 2.945350 2.760252 0.756471
 147.000000 3.002923 2.771051 0.873702
 147.200000 3.051450 2.809136 3.698819
 147.400000 3.090990 2.798267 7.695867
 147.600000 3.009162 2.772904 1.078836
 147.800000 2.980552 2.797346 0.102628
 148.000000 2.994026 2.733363 2.113753
 148.200000 2.957317 2.768175 0.343958
 148.400000 3.029139 2.758229 2.515095
 148.600000 3.025042 2.807546 1.793745
 148.800000 2.978114 2.734828 1.725672
 149.000000 3.035194 2.849678 3.954257
 149.200000 3.002122 2.780887 0.682413
 149.400000 3.024127 2.752997 2.409639
 149.600000 3.025191 2.842184 2.922564
 149.800000 3.019156 2.820002 1.734457
 150.000000 3.041046 2.810869 2.905227
 150.200000 3.029434 2.684873 7.739990
 150.400000 3.064271 2.836845 5.707097
 150.600000 3.041855 2.861332 5.164251
 150.800000 3.044868 2.808004 3.146854
 151.000000 3.036624 2.741214 3.736124
 151.200000 3.026686 2.848403 3.338740
 151.400000 2.991346 2.806728 0.395752
 151.600000 3.037283 2.777781 2.574401
 151.800000 -3.139045 2.791265 15.679549
 152.000000 3.038744 2.800010 2.597287
 152.200000 2.968196 2.832117 0.784323
 152.400000 2.995403 2.822348 0.846332
 152.600000 2.953968 2.819953 0.461813
 152.800000 3.084372 2.772944 7.072875
 153.000000 3.093997 2.785831 8.079002
 153.200000 2.998236 2.769041 0.761749
 153.400000 3.037133 2.809665 2.601979
 153.600000 3.047568 2.801756 3.283387
 153.800000 3.040012 2.782060 2.715783
 154.000000 3.089310 2.845379 8.869197
 154.200000 2.952890 2.871017 3.180733
 154.400000 2.932510 2.770144 0.847330
 154.600000 3.039905 2.772400 2.855756
 154.800000 3.088117 2.821650 7.751458
 155.000000 3.080230 2.803200 6.460667
 155.200000 2.984008 2.806277 0.238156
 155.400000 2.936088 2.786257 0.499291
 155.600000 3.010919 2.861614 3.348343
 155.800000 3.093003 2.822168 8.370203
 156.000000 3.075282 2.699302 10.201517
 156.200000 3.033961 2.794324 2.239538
 156.400000 3.020479 2.921282 9.715768
 156.600000 2.988618 2.790777 0.233908
 156.800000 3.094104 2.804299 8.139475
 157.000000 2.988109 2.732591 2.017673
 157.200000 3.010954 2.786525 0.981368
 157.400000 3.118090 2.731008 13.297409
 157.600000 3.055220 2.738258 5.358648
 157.800000 3.020696 2.815605 1.704749
 158.000000 3.100566 2.791571 8.912478
 158.200000 3.034552 2.821995 2.711757
 158.400000 3.074124 2.812550 5.931882
 158.600000 3.046246 2.688980 8.496260
 158.800000 2.990049 2.811475 0.443760
 159.000000 2.960484 2.849161 1.625331
 159.200000 2.986181 2.908009 6.850920
 159.400000 3.073770 2.766371 6.035552
 159.600000 3.077376 2.813219 6.298920
 159.800000 2.988172 2.789154 0.228557
 160.000000 3.007389 2.698663 5.218444
 160.200000 3.114061 2.818897 11.152367
 160.400000 3.011937 2.784545 1.038847
 160.600000 3.053089 2.711308 6.998741
 160.800000 3.109647 2.811536 10.346298
 161.000000 3.048588 2.880066 7.154958
 161.200000 3.016270 2.819482 1.574109
 161.400000 3.031329 2.744585 3.214467
 161.600000 3.092846 2.829814 8.606323
 161.800000 3.009059 2.790149 0.884782
 162.000000 3.038424 2.789100 2.552278
 162.200000 3.038193 2.782664 2.578583
 162.400000 3.042273 2.825309 3.365867
 162.600000 3.096668 2.842648 9.655253
 162.800000 3.040853 2.739791 4.113299
 163.000000 2.990255 2.804840 0.344822
 163.200000 3.012177 2.900090 6.802723
 163.400000 3.014336 2.819478 1.480724
 163.600000 2.932144 2.789239 0.614963
 163.800000 3.103947 2.838732 10.436505
 164.000000 3.125023 2.843500 13.775370
 164.200000 2.992907 2.728129 2.407599
 164.400000 2.937794 2.785024 0.456374
 164.600000 3.022590 2.918821 9.516948
 164.800000 3.044138 2.783133 3.014681
 165.000000 3.007293 2.821758 1.236579
 165.200000 3.025776 2.748405 2.697162
 165.400000 3.010058 2.760853 1.426016
 165.600000 3.089183 2.840091 8.588172
 165.800000 3.092034 2.821437 8.227165
 166.000000 2.983101 2.820691 0.525287
 166.200000 3.074043 2.726828 7.880899
 166.400000 3.086527 2.821977 7.569838
 166.600000 2.952795 2.846484 1.557448
 166.800000 2.981164 2.857680 2.221913
 167.000000 3.033232 2.802520 2.239286
 167.200000 3.019824 2.749240 2.328924
 167.400000 2.941998 2.796259 0.321017
 167.600000 2.969334 2.759697 0.541479
 167.800000 3.033999 2.823904 2.732733
 168.000000 3.120531 2.836810 12.757150
 168.200000 3.069760 2.770515 5.515915
 168.400000 2.994419 2.777800 0.482696
 168.600000 2.999767 2.828105 1.167795
 168.800000 2.996584 2.817784 0.754795
 169.000000 3.029898 2.762340 2.429938
 169.200000 3.027351 2.813188 2.030932
 169.400000 3.058012 2.808272 4.260096
 169.600000 3.109553 2.819119 10.505766
 169.800000 3.060373 2.753527 5.114130
 170.000000 3.042492 2.764041 3.250721
 170.200000 3.027137 2.836501 2.771511
 170.400000 3.004373 2.920676 8.907177
 170.600000 2.988070 2.760796 0.724123
 170.800000 -3.105132 2.744429 23.415857
 171.000000 3.042306 2.678883 9.288448
 171.200000 3.050101 2.788369 3.456541
 171.400000 3.035714 2.854069 4.250442
 171.600000 2.994626 2.813630 0.602620
 171.800000 3.051673 2.734503 5.263136
 172.000000 2.945310 2.789884 0.240012
 172.200000 2.962439 2.824070 0.508178
 172.400000 2.995542 2.808868 0.539129
 172.600000 3.098662 2.858185 10.815120
 172.800000 3.088721 2.820577 7.794078
 173.000000 3.023285 2.730964 3.475582
 173.200000 2.999934 2.876017 4.025720
 173.400000 2.981786 2.841152 1.290657
 173.600000 3.031157 2.753586 2.812407
 173.800000 3.039412 2.741434 3.922694
 174.000000 3.046824 2.804525 3.253131
 174.200000 3.002355 2.787119 0.637517
 174.400000 2.984318 2.782474 0.199459
 174.600000 2.990113 2.710227 3.652334
 174.800000 3.062601 2.779355 4.650805
 175.000000 3.004870 2.794347 0.716453
 175.200000 2.982440 2.769760 0.377447
 175.400000 3.019131 2.803348 1.414273
 175.600000 2.990024 2.834825 1.158227
 175.800000 2.998615 2.816654 0.788948
 176.000000 3.003365 2.782554 0.708760
 176.200000 3.002668 2.781682 0.692780
 176.400000 3.058188 2.815965 4.426823
 176.600000 3.031774 2.785259 2.120413
 176.800000 2.997519 2.783198 0.507407
 177.000000 2.989677 2.793698 0.256450
 177.200000 3.033377 2.787819 2.210075
 177.400000 3.001188 2.819693 0.951393
 177.600000 3.039932 2.865610 5.325784
 177.800000 3.088502 2.724824 9.665974
 178.000000 3.039834 2.783580 2.688059
 178.200000 3.012472 2.824245 1.534156
 178.400000 2.957823 2.776438 0.172080
 178.600000 3.020359 2.900311 7.229102
 178.800000 3.102347 2.926075 18.068933
 179.000000 2.969780 2.757306 0.623958
 179.200000 2.993771 2.694993 5.113196
 179.400000 3.016563 2.767123 1.547968
 179.600000 2.999932 2.786238 0.560084
 179.800000 3.042401 2.771270 3.064049
 180.000000 3.030574 2.838203 3.060162
 180.200000 3.067202 2.812373 5.211195
 180.400000 2.990857 2.805886 0.372401
 180.600000 2.935571 2.715200 3.485476
 180.800000 3.024062 2.766210 1.970918
 181.000000 3.065503 2.919508 12.907708
 181.200000 3.059644 2.853339 6.134990
 181.400000 3.056434 2.714592 7.030791
 181.600000 3.001477 2.741943 1.871650
 181.800000 2.918800 2.740252 2.530859
 182.000000 3.005007 2.829497 1.403402
 182.200000 3.038956 2.844518 3.936110
 182.400000 3.013067 2.817442 1.368740
 182.600000 3.076656 2.782257 6.058396
 182.800000 3.063150 2.736713 6.174255
 183.000000 3.047209 2.726773 5.373752
 183.200000 2.994192 2.797048 0.378292
 183.400000 2.929277 2.835532 1.638501
 183.600000 2.990118 2.860183 2.554506
 183.800000 2.998260 2.816964 0.785318
 184.000000 3.040836 2.758528 3.299453
 184.200000 3.074417 2.743951 6.942581
 184.400000 3.062267 2.746807 5.577345
 184.600000 3.001643 2.746084 1.676439
 184.800000 2.951216 2.824989 0.652399
 185.000000 3.039234 2.863710 5.138149
 185.200000 2.961683 2.838637 1.077529
 185.400000 2.978108 2.774712 0.219710
 185.600000 3.069617 2.794202 5.260414
 185.800000 3.106633 2.778909 9.833128
 186.000000 3.062598 2.847580 6.079199
 186.200000 3.057132 2.886179 8.441870
 186.400000 2.997144 2.785764 0.475401
 186.600000 3.023450 2.785651 1.613566
 186.800000 3.044540 2.785369 3.027221
 187.000000 3.023488 2.777614 1.703269
 187.200000 2.997482 2.783131 0.506888
 187.400000 2.977259 2.786539 0.069939
 187.600000 3.001116 2.870694 3.634973
 187.800000 3.087349 2.747770 8.236292
 188.000000 3.114658 2.772326 11.096611
 188.200000 2.969023 2.768978 0.279206
 188.400000 3.048250 2.828951 3.959301
 188.600000 3.031179 2.790986 2.056836
 188.800000 3.044452 2.807486 3.106683
 189.000000 3.006258 2.855471 2.749218
 189.200000 2.971009 2.789029 0.013919
 189.400000 3.038462 2.740976 3.877897
 189.600000 3.001749 2.828711 1.256335
 189.800000 2.991748 2.791994 0.304888
 190.000000 3.079000 2.793006 6.265406
 190.200000 3.137268 2.779994 14.563952
 190.400000 3.107797 2.798300 9.920122
 190.600000 3.048025 2.847048 4.763995
 190.800000 2.978413 2.808197 0.187222
 191.000000 2.972493 2.859473 2.255663
 191.200000 2.991328 2.837003 1.283559
 191.400000 3.050683 2.782100 3.550763
 191.600000 2.975045 2.770279 0.279355
 191.800000 2.982722 2.803368 0.181419
 192.000000 3.067082 2.786082 5.023034
 192.200000 3.064553 2.793551 4.752971
 192.400000 3.037556 2.760401 3.000918
 192.600000 2.979645 2.822898 0.540395
 192.800000 2.971630 2.809730 0.158424
 193.000000 3.031474 2.811187 2.248679
 193.200000 3.045782 2.766562 3.435686
 193.400000 3.003847 2.759022 1.237962
 193.600000 3.014988 2.771407 1.371566
 193.800000 3.037553 2.752195 3.297999
 194.000000 2.999938 2.756856 1.176695
 194.200000 2.957984 2.756114 0.704124
 194.400000 3.006340 2.782625 0.820482
 194.600000 2.981528 2.829927 0.804051
 194.800000 3.000910 2.789257 0.578268
 195.000000 3.037412 2.753261 3.245647
 195.200000 3.112070 2.750132 11.412680
 195.400000 3.137253 2.849909 16.129251
 195.600000 3.114183 2.912767 18.051365
 195.800000 3.059420 2.812661 4.467881
 196.000000 3.036538 2.783094 2.458093
 196.200000 2.957798 2.810484 0.204130
 196.400000 2.976161 2.736894 1.588937
 196.600000 3.011889 2.696012 5.662344
 196.800000 2.982747 2.799592 0.148003
 197.000000 3.043038 2.925938 11.785685
 197.200000 3.099879 2.856325 10.855557
 197.400000 3.087957 2.727064 9.450790
 197.600000 3.116437 2.819339 11.516232
 197.800000 3.097053 2.824050 8.946000
 198.000000 2.943961 2.785997 0.288107
 198.200000 3.034575 2.875754 5.742567
 198.400000 3.124288 2.844016 13.685953
 198.600000 3.000545 2.686137 6.220018
 198.800000 2.956689 2.658045 9.096508
 199.000000 3.021282 2.805199 1.550342
 199.200000 2.994576 2.801397 0.417922
 199.400000 3.022344 2.802020 1.573221
 199.600000 3.028110 2.848616 3.436573
 199.800000 3.072866 2.815739 5.866903
 200.000000 3.116484 2.751609 12.001007
