#! FIELDS time phi psi restraint.bias
#! SET min_phi -pi
#! SET max_phi pi
#! SET min_psi -pi
#! SET max_psi pi
 0.000000 -0.226653 -0.867578 25.698688
 0.200000 0.090023 -0.757795 10.649626
 0.400000 -0.009404 -0.972746 5.052392
 0.600000 0.063910 -0.886001 2.131200
 0.800000 -0.044510 -0.859806 1.073217
 1.000000 -0.096015 -0.750548 12.065653
 1.200000 0.046645 -0.885392 1.168878
 1.400000 0.070130 -0.838408 3.045861
 1.600000 -0.098825 -0.922509 6.125393
 1.800000 -0.007488 -0.813317 1.789108
 2.000000 -0.027211 -0.911631 1.129393
 2.200000 -0.045509 -0.869974 1.039142
 2.400000 0.069828 -0.893787 2.661033
 2.600000 0.058192 -0.907747 2.308559
 2.800000 0.049254 -0.858941 1.307126
 3.000000 -0.040229 -0.889739 0.954965
 3.200000 0.065838 -0.902861 2.623241
 3.400000 -0.016716 -0.879831 0.165387
 3.600000 0.057238 -0.775908 6.319004
 3.800000 -0.064018 -0.817866 3.550614
 4.000000 -0.019123 -0.861708 0.242864
 4.200000 0.043279 -0.866847 0.953455
 4.400000 0.131782 -0.831750 9.520266
 4.600000 -0.002028 -0.957914 3.635765
 4.800000 0.089205 -0.809923 5.946968
 5.000000 -0.067715 -0.880396 2.322563
 5.200000 0.051038 -0.812223 3.129040
 5.400000 0.043618 -0.876992 0.960644
 5.600000 -0.048699 -0.830199 2.087485
 5.800000 0.043837 -0.839158 1.522193
 6.000000 -0.024780 -0.916396 1.263247
 6.200000 0.059791 -0.898473 2.120517
 6.400000 -0.036114 -0.879746 0.677198
 6.600000 -0.004606 -0.877503 0.022313
 6.800000 0.068193 -0.867050 2.340885
 7.000000 -0.023967 -0.863069 0.333248
 7.200000 -0.033177 -0.829091 1.499684
 7.400000 0.058783 -0.899157 2.078628
 7.600000 -0.046001 -0.893652 1.278251
 7.800000 -0.029787 -0.880309 0.472853
 8.000000 0.017339 -0.930279 1.810025
 8.200000 -0.009159 -0.862828 0.090322
 8.400000 0.034738 -0.901672 1.024054
 8.600000 -0.025632 -0.917945 1.353634
 8.800000 -0.041492 -0.923247 2.140082
 9.000000 -0.063994 -0.873953 2.048464
 9.200000 0.023834 -0.898370 0.614432
 9.400000 0.042616 -0.850108 1.162458
 9.600000 0.052147 -0.978589 6.969588
 9.800000 -0.016105 -0.846012 0.484879
 10.000000 -0.044018 -0.923196 2.245516
 10.200000 0.089960 -0.874113 4.047453
 10.400000 0.056591 -0.912913 2.411194
 10.600000 0.019391 -0.850852 0.425914
 10.800000 -0.067463 -0.901014 2.677439
 11.000000 0.001847 -0.900143 0.379239
 11.200000 0.033632 -0.900928 0.964962
 11.400000 0.053694 -0.869574 1.446279
 11.600000 0.044922 -0.854198 1.179485
 11.800000 -0.071724 -0.809799 4.548212
 12.000000 0.048120 -0.914964 2.052396
 12.200000 -0.021584 -0.863879 0.271534
 12.400000 0.069357 -0.872873 2.405250
 12.600000 -0.046196 -0.846971 1.397099
 12.800000 -0.086217 -0.868779 3.724255
 13.000000 0.014536 -0.791635 3.388552
 13.200000 0.103636 -0.907086 5.962613
 13.400000 0.112208 -0.922654 7.544746
 13.600000 -0.020726 -0.941312 2.571005
 13.800000 -0.074207 -0.848495 3.045444
 14.000000 0.027716 -0.912251 1.167648
 14.200000 0.098821 -0.875250 4.886175
 14.400000 -0.106756 -0.872978 5.698447
 14.600000 -0.007683 -0.742107 8.552202
 14.800000 -0.005875 -0.800872 2.594368
 15.000000 0.003956 -0.843557 0.431446
 15.200000 -0.017635 -0.923762 1.460943
 15.400000 -0.083333 -0.903020 3.932954
 15.600000 -0.114318 -0.775661 11.239179
 15.800000 0.046372 -0.881241 1.111963
 16.000000 0.080306 -0.844637 3.617300
 16.200000 -0.036206 -0.858103 0.761448
 16.400000 -0.096050 -0.818798 6.063608
 16.600000 -0.017650 -0.789433 3.619497
 16.800000 0.007769 -0.959655 3.813838
 17.000000 0.131813 -0.860096 8.766344
 17.200000 0.026345 -0.906636 0.924062
 17.400000 -0.050384 -0.811957 3.111967
 17.600000 -0.021562 -0.852661 0.432519
 17.800000 0.056557 -0.865149 1.627597
 18.000000 0.026007 -0.828138 1.329487
 18.200000 0.017353 -0.810028 2.112240
 18.400000 -0.016617 -0.844554 0.533166
 18.600000 0.009955 -0.885721 0.134776
 18.800000 0.057966 -0.946043 4.372208
 19.000000 -0.036733 -0.874671 0.676666
 19.200000 -0.117955 -0.843713 7.375753
 19.400000 -0.021187 -0.873875 0.225177
 19.600000 0.037296 -0.914239 1.559708
 19.800000 0.020157 -0.944734 2.800152
 20.000000 -0.017102 -0.899852 0.515806
 20.200000 -0.072692 -0.884693 2.714366
 20.400000 -0.003422 -0.923095 1.277441
 20.600000 0.034441 -0.916982 1.575114
 20.800000 -0.022159 -0.947741 3.063740
 21.000000 0.065049 -0.841931 2.587967
 21.200000 -0.136656 -0.932820 11.146707
 21.400000 0.044031 -0.836685 1.616637
 21.600000 0.051930 -0.866217 1.369164
 21.800000 -0.047381 -0.879200 1.143812
 22.000000 -0.004043 -0.909971 0.704069
 22.200000 -0.068920 -0.966851 6.810499
 22.400000 0.003747 -0.797849 2.805722
 22.600000 -0.013839 -0.938994 2.295517
 22.800000 0.005371 -0.895155 0.267329
 23.000000 0.006408 -0.815638 1.646571
 23.200000 0.025912 -0.903677 0.816622
 23.400000 -0.027484 -0.869097 0.384037
 23.600000 -0.012050 -0.887589 0.183976
 23.800000 -0.017739 -0.840030 0.689848
 24.000000 0.036503 -0.815075 2.324492
 24.200000 0.043315 -0.833645 1.699373
 24.400000 -0.007536 -0.863113 0.074013
 24.600000 0.073839 -0.833485 3.493593
 24.800000 0.036487 -0.836392 1.323531
 25.000000 0.063600 -0.869722 2.026809
 25.200000 0.131388 -0.908195 9.262658
 25.400000 0.028791 -0.848637 0.703138
 25.600000 -0.079729 -0.743334 11.541536
 25.800000 -0.014437 -0.827314 1.132530
 26.000000 0.077384 -0.831688 3.833697
 26.200000 0.047388 -0.872911 1.122851
 26.400000 0.006076 -0.862932 0.065825
 26.600000 -0.052694 -0.814723 3.066990
 26.800000 -0.000938 -0.808115 2.083773
 27.000000 -0.003658 -0.895091 0.258168
 27.200000 0.007849 -0.846557 0.371608
 27.400000 -0.001643 -0.886393 0.095581
 27.600000 0.049091 -0.812204 3.032687
 27.800000 -0.035415 -0.853675 0.807408
 28.000000 -0.008594 -0.906073 0.594990
 28.200000 0.005714 -0.849019 0.295878
 28.400000 -0.021944 -0.868054 0.251398
 28.600000 0.056221 -0.882244 1.626283
 28.800000 -0.024042 -0.907454 0.894152
 29.000000 0.080279 -0.891044 3.391229
 29.200000 -0.041361 -0.925923 2.273619
 29.400000 -0.072244 -0.956185 6.097422
 29.600000 0.011730 -0.829202 1.013315
 29.800000 -0.063919 -0.933399 3.887133
 30.000000 0.103246 -0.864119 5.366378
 30.200000 -0.093804 -0.925764 5.809359
 30.400000 0.041357 -0.872068 0.855393
 30.600000 -0.028334 -0.936695 2.451356
 30.800000 -0.076622 -0.862833 2.983781
 31.000000 -0.020469 -0.837363 0.832580
 31.200000 -0.014102 -0.923158 1.374192
 31.400000 0.001428 -0.903628 0.480384
 31.600000 0.051954 -0.935983 3.354208
 31.800000 0.070982 -0.848903 2.801524
 32.000000 -0.079995 -0.865819 3.223067
 32.200000 0.001683 -0.885675 0.086053
 32.400000 -0.005480 -0.908734 0.665495
 32.600000 -0.023454 -0.895358 0.532552
 32.800000 -0.012492 -0.834004 0.825339
 33.000000 -0.032057 -0.863175 0.558851
 33.200000 0.107284 -0.824310 6.924010
 33.400000 0.036058 -0.916181 1.596934
 33.600000 0.035281 -0.798771 3.352517
 33.800000 -0.030996 -0.827229 1.512574
 34.000000 0.052028 -0.837361 1.976630
 34.200000 0.083126 -0.891981 3.641529
 34.400000 -0.074573 -0.905225 3.310659
 34.600000 0.031084 -0.814396 2.180720
 34.800000 0.029335 -0.938831 2.619279
 35.000000 0.077820 -0.888631 3.155404
 35.200000 -0.032055 -0.811386 2.391299
 35.400000 -0.120932 -0.799855 9.962902
 35.600000 -0.065009 -0.828733 3.078083
 35.800000 0.050615 -0.904153 1.776698
 36.000000 0.069364 -0.919399 3.497706
 36.200000 0.032844 -0.859465 0.626484
 36.400000 0.004808 -0.816532 1.587017
 36.600000 -0.004554 -0.857719 0.122052
 36.800000 0.082488 -0.963322 7.511586
 37.000000 0.046028 -0.959125 4.796971
 37.200000 -0.041135 -0.837936 1.449110
 37.400000 -0.042650 -0.908349 1.546221
 37.600000 -0.010024 -0.848344 0.345982
 37.800000 0.039882 -0.820595 2.150892
 38.000000 -0.022065 -0.842444 0.700092
 38.200000 0.060664 -0.873091 1.840180
 38.400000 0.030755 -0.924841 1.834109
 38.600000 -0.048399 -0.860390 1.246545
 38.800000 -0.009669 -0.829970 0.958146
 39.000000 0.099147 -0.840189 5.442418
 39.200000 0.037939 -0.891793 0.902646
 39.400000 0.054432 -0.883256 1.537496
 39.600000 -0.063260 -0.783895 5.940929
 39.800000 0.001506 -0.899773 0.368559
 40.000000 0.025285 -0.869374 0.325089
 40.200000 0.008990 -0.971109 4.886107
 40.400000 0.066559 -0.877032 2.224580
 40.600000 -0.048652 -0.928091 2.719522
 40.800000 0.006092 -0.782434 4.089352
 41.000000 0.103573 -0.873602 5.364133
 41.200000 0.047398 -0.963931 5.288055
 41.400000 0.031414 -0.891947 0.679306
 41.600000 -0.045633 -0.886123 1.131743
 41.800000 -0.092498 -0.764941 10.080146
 42.000000 0.048897 -0.862933 1.242800
 42.200000 0.103766 -0.839434 5.935843
 42.400000 0.063893 -0.860986 2.109327
 42.600000 0.008748 -0.884437 0.107550
 42.800000 -0.002891 -0.850877 0.241525
 43.000000 -0.031440 -0.875866 0.499361
 43.200000 0.155948 -0.839553 12.708152
 43.400000 0.032286 -0.867389 0.535111
 43.600000 -0.020617 -0.850039 0.468477
 43.800000 -0.068078 -0.835630 3.003108
 44.000000 -0.061925 -0.902037 2.348717
 44.200000 0.041224 -0.904112 1.344158
 44.400000 -0.035004 -0.846867 0.945389
 44.600000 0.016659 -0.798850 2.863072
 44.800000 0.154433 -0.901903 12.352225
 45.000000 0.025707 -0.921599 1.527740
 45.200000 -0.001792 -0.841749 0.479500
 45.400000 -0.049768 -0.833408 2.009000
 45.600000 -0.116238 -0.905107 7.281911
 45.800000 0.069987 -0.863241 2.493495
 46.000000 0.014955 -0.854823 0.270996
 46.200000 0.016607 -0.778984 4.525954
 46.400000 -0.033049 -0.847205 0.870230
 46.600000 -0.061819 -0.902323 2.350600
 46.800000 0.006772 -0.852077 0.234851
 47.000000 -0.003473 -0.842513 0.460584
 47.200000 -0.037437 -0.917049 1.685764
 47.400000 0.000182 -0.885827 0.086639
 47.600000 -0.024249 -0.820593 1.649718
 47.800000 -0.060615 -0.891433 2.013207
 48.000000 0.030132 -0.868972 0.460797
 48.200000 -0.018589 -0.988741 6.909683
 48.400000 0.023615 -0.975238 5.539511
 48.600000 -0.034042 -0.990778 7.554780
 48.800000 -0.087431 -0.863283 3.866061
 49.000000 -0.012983 -0.885703 0.169283
 49.200000 0.009484 -0.883450 0.103139
 49.400000 0.027974 -0.924213 1.719914
 49.600000 0.002305 -0.921501 1.195163
 49.800000 -0.112524 -0.927464 7.832300
 50.000000 -0.035085 -0.859415 0.703240
 50.200000 -0.018707 -0.904436 0.679684
 50.400000 0.036094 -0.847838 0.959569
 50.600000 0.038135 -0.913435 1.558262
 50.800000 -0.053565 -0.891488 1.611749
 51.000000 -0.046756 -0.834014 1.840033
 51.200000 -0.046869 -0.803317 3.502888
 51.400000 -0.004333 -0.877270 0.019992
 51.600000 0.114677 -0.897409 6.881560
 51.800000 0.058753 -0.839940 2.261403
 52.000000 0.008370 -0.813528 1.783568
 52.200000 0.025365 -0.785705 4.102653
 52.400000 0.056341 -0.833222 2.365005
 52.600000 0.086486 -0.853671 3.920292
 52.800000 0.015402 -0.802603 2.572891
 53.000000 -0.053267 -0.767557 6.942540
 53.200000 0.011780 -0.810433 2.005779
 53.400000 0.069786 -0.851606 2.656805
 53.600000 0.050011 -0.789609 4.699654
 53.800000 0.030943 -0.784815 4.337511
 54.000000 0.000814 -0.861501 0.062640
 54.200000 0.005324 -0.861573 0.075686
 54.400000 0.020921 -0.846527 0.560426
 54.600000 0.000916 -0.849653 0.265180
 54.800000 0.057632 -0.756141 8.449656
 55.000000 -0.054376 -0.861650 1.539007
 55.200000 0.018982 -0.785918 3.942677
 55.400000 0.012957 -0.861613 0.145004
 55.600000 -0.064596 -0.872354 2.086355
 55.800000 0.018382 -0.887690 0.281828
 56.000000 0.001754 -0.902214 0.438117
 56.200000 0.066815 -0.874537 2.233888
 56.400000 0.017976 -0.915821 1.092820
 56.600000 -0.058800 -0.866947 1.745072
 56.800000 0.059948 -0.896563 2.082461
 57.000000 -0.038453 -0.941888 3.135229
 57.200000 0.085629 -0.923948 4.981196
 57.400000 0.067129 -0.968278 6.824168
 57.600000 -0.021046 -0.798114 3.000380
 57.800000 0.043388 -0.878697 0.959447
 58.000000 -0.004382 -0.840873 0.514953
 58.200000 0.049082 -0.846658 1.542712
 58.400000 -0.007202 -0.895715 0.291587
 58.600000 -0.043450 -0.893016 1.151045
 58.800000 0.000129 -0.897527 0.309084
 59.000000 0.061594 -0.857454 2.012605
 59.200000 -0.003105 -0.913079 0.821462
 59.400000 -0.006465 -0.860741 0.091985
 59.600000 -0.124779 -0.815455 9.421372
 59.800000 0.044699 -0.882090 1.043435
 60.000000 0.049434 -0.873503 1.222197
 60.200000 -0.041636 -0.868386 0.875950
 60.400000 -0.088739 -0.825106 5.068216
 60.600000 -0.022709 -0.841727 0.736414
 60.800000 -0.046111 -0.937600 3.171380
 61.000000 0.054622 -0.907718 2.106160
 61.200000 -0.017429 -0.856768 0.278237
 61.400000 0.027773 -0.858037 0.492638
 61.600000 -0.005789 -0.789247 3.496043
 61.800000 -0.102784 -0.886112 5.372723
 62.000000 0.087973 -0.836767 4.513934
 62.200000 0.017656 -0.818417 1.627282
 62.400000 0.030083 -0.804674 2.763874
 62.600000 0.017646 -0.877008 0.165117
 62.800000 -0.009963 -0.957889 3.681254
 63.000000 0.034740 -0.949241 3.535420
 63.200000 0.104569 -0.886505 5.563119
 63.400000 -0.076042 -0.892724 3.092407
 63.600000 -0.004746 -0.794866 3.037540
 63.800000 0.009599 -0.849201 0.321340
 64.000000 -0.026795 -0.841848 0.833827
 64.200000 -0.015145 -0.837976 0.716317
 64.400000 0.033872 -0.852703 0.772887
 64.600000 -0.022734 -0.863827 0.297467
 64.800000 0.042149 -0.910786 1.614882
 65.000000 0.037140 -0.931238 2.405101
 65.200000 0.029861 -0.868618 0.454037
 65.400000 -0.019020 -0.811255 2.066470
 65.600000 -0.088204 -0.892468 4.086086
 65.800000 0.051577 -0.892637 1.529545
 66.000000 0.073869 -0.941626 5.106156
 66.200000 -0.085264 -0.818460 5.104053
 66.400000 -0.064164 -0.832673 2.858153
 66.600000 0.040914 -0.898199 1.162970
 66.800000 0.075506 -0.921959 4.065578
 67.000000 0.096365 -0.816286 6.232414
 67.200000 -0.049227 -0.922463 2.451585
 67.400000 0.081556 -0.886645 3.423389
 67.600000 0.057798 -0.972707 6.674540
 67.800000 0.052606 -0.895173 1.637037
 68.000000 0.023015 -0.858650 0.363050
 68.200000 0.010039 -0.800755 2.635881
 68.400000 -0.061771 -0.866476 1.926984
 68.600000 0.047458 -0.810267 3.072844
 68.800000 -0.094987 -0.903148 4.975908
 69.000000 -0.060384 -0.815562 3.453425
 69.200000 0.021162 -0.878446 0.240626
 69.400000 0.058029 -0.872547 1.683671
 69.600000 -0.044296 -0.895801 1.248723
 69.800000 -0.020222 -0.828114 1.196827
 70.000000 -0.048735 -0.871906 1.187845
 70.200000 0.034001 -0.873472 0.578343
 70.400000 -0.068901 -0.853096 2.565147
 70.600000 -0.099544 -0.825551 6.064311
 70.800000 -0.014865 -0.837231 0.738246
 71.000000 0.002715 -0.893046 0.211380
 71.200000 0.035489 -0.858723 0.726912
 71.400000 -0.055552 -0.883580 1.602576
 71.600000 -0.032857 -0.910437 1.253154
 71.800000 0.053290 -0.872676 1.419931
 72.000000 -0.065305 -0.907024 2.722672
 72.200000 0.011716 -0.835881 0.745157
 72.400000 -0.000852 -0.891101 0.170314
 72.600000 0.000594 -0.845563 0.367438
 72.800000 0.034308 -0.850564 0.832742
 73.000000 -0.036850 -0.857761 0.790026
 73.200000 -0.080451 -0.858180 3.341108
 73.400000 0.015141 -0.840309 0.638051
 73.600000 -0.011330 -0.869348 0.069685
 73.800000 0.090256 -0.827651 5.086197
 74.000000 -0.026831 -0.883775 0.421678
 74.200000 0.042382 -0.831565 1.742692
 74.400000 0.003490 -0.892930 0.211437
 74.600000 0.140701 -0.872923 9.898478
 74.800000 0.088727 -0.872652 3.936252
 75.000000 -0.134568 -0.798296 11.819638
 75.200000 0.022051 -0.787006 3.911805
 75.400000 0.016782 -0.841534 0.625378
 75.600000 0.085665 -0.806391 5.865313
 75.800000 0.051119 -0.832456 2.114948
 76.000000 -0.046463 -0.870258 1.082311
 76.200000 0.008548 -0.846502 0.378780
 76.400000 0.048384 -0.858218 1.274849
 76.600000 -0.002897 -0.888900 0.135984
 76.800000 0.074592 -0.863918 2.820228
 77.000000 -0.014198 -0.883078 0.155012
 77.200000 -0.029018 -0.915762 1.349738
 77.400000 0.002347 -0.833472 0.770787
 77.600000 -0.022945 -0.853329 0.450165
 77.800000 -0.044984 -0.735281 10.448905
 78.000000 0.040767 -0.902602 1.279117
 78.200000 0.052028 -0.902384 1.795097
 78.400000 0.001166 -0.905852 0.551381
 78.600000 -0.003719 -0.911647 0.766728
 78.800000 -0.046168 -0.968314 5.640122
 79.000000 0.026250 -0.879355 0.366904
 79.200000 -0.053164 -0.911988 2.186386
 79.400000 0.044123 -0.875315 0.976926
 79.600000 0.045038 -0.853480 1.198260
 79.800000 -0.057093 -0.886046 1.719304
 80.000000 0.030078 -0.867777 0.464276
 80.200000 -0.004931 -0.879938 0.038613
 80.400000 0.028863 -0.923874 1.727737
 80.600000 0.095350 -0.958704 8.247258
 80.800000 -0.055259 -0.918775 2.589905
 81.000000 0.049010 -0.866880 1.217739
 81.200000 0.009194 -0.891914 0.227536
 81.400000 0.016295 -0.925892 1.549334
 81.600000 -0.011154 -0.865946 0.084775
 81.800000 -0.066078 -0.850898 2.420019
 82.000000 0.000228 -0.827763 1.008112
 82.200000 0.075374 -0.872199 2.840738
 82.400000 0.010100 -0.875861 0.056116
 82.600000 0.011588 -0.861430 0.130248
 82.800000 -0.019642 -0.797748 2.999170
 83.000000 0.036583 -0.920647 1.820338
 83.200000 0.037006 -0.822792 1.928348
 83.400000 0.015630 -0.850878 0.359475
 83.600000 0.050420 -0.790457 4.650184
 83.800000 0.109880 -0.865569 6.061965
 84.000000 0.054992 -0.781148 5.699704
 84.200000 0.007839 -0.861753 0.090251
 84.400000 0.024647 -0.815055 1.963147
 84.600000 0.011419 -0.890399 0.222458
 84.800000 0.058587 -0.833005 2.502642
 85.000000 0.006928 -0.913054 0.839667
 85.200000 -0.074301 -0.806930 4.920874
 85.400000 -0.014266 -0.812962 1.883984
 85.600000 0.053955 -0.893114 1.664669
 85.800000 0.060425 -0.806736 3.998901
 86.000000 -0.050976 -0.815076 2.957490
 86.200000 0.014527 -0.815104 1.762134
 86.400000 -0.007888 -0.896181 0.307626
 86.600000 0.074960 -0.857394 2.926057
 86.800000 -0.005864 -0.835427 0.710529
 87.000000 0.087162 -0.794835 6.827282
 87.200000 0.013728 -0.852489 0.297747
 87.400000 0.036892 -0.848005 0.984577
 87.600000 -0.019097 -0.913418 1.012757
 87.800000 0.005646 -0.898941 0.361175
 88.000000 0.075119 -0.952493 6.007729
 88.200000 0.079895 -0.889461 3.332626
 88.400000 0.050741 -0.920266 2.420270
 88.600000 -0.095569 -0.821213 5.890366
 88.800000 -0.099472 -0.888462 5.072077
 89.000000 0.097926 -0.923560 6.089879
 89.200000 0.003473 -0.949059 2.924064
 89.400000 -0.077716 -0.858318 3.122806
 89.600000 -0.122108 -0.805700 9.697273
 89.800000 -0.046312 -0.891982 1.258999
 90.000000 0.079767 -0.914496 4.056319
 90.200000 -0.014496 -0.914067 0.962155
 90.400000 -0.116927 -0.842012 7.305798
 90.600000 -0.076838 -0.821109 4.281025
 90.800000 -0.043100 -0.854065 1.101760
 91.000000 0.006701 -0.958238 3.683843
 91.200000 0.026451 -0.908047 0.975773
 91.400000 -0.020196 -0.873043 0.204004
 91.600000 0.025837 -0.915993 1.272463
 91.800000 -0.013747 -0.843913 0.507803
 92.000000 -0.035785 -0.880115 0.668044
 92.200000 -0.072808 -0.854665 2.812493
 92.400000 0.008009 -0.856460 0.163363
 92.600000 0.083860 -0.904920 4.036483
 92.800000 0.056364 -0.894010 1.816286
 93.000000 -0.071312 -0.804879 4.840147
 93.200000 -0.019876 -0.863342 0.240981
 93.400000 0.064655 -0.828870 3.049116
 93.600000 -0.016610 -0.889679 0.282700
 93.800000 -0.086036 -0.813190 5.469734
 94.000000 -0.127567 -0.886356 8.230349
 94.200000 0.032633 -0.855838 0.674035
 94.400000 0.079061 -0.880723 3.157761
 94.600000 0.000450 -0.842021 0.469608
 94.800000 -0.030262 -0.766075 6.138569
 95.000000 -0.039363 -0.870357 0.777396
 95.200000 0.034431 -0.768984 5.967620
 95.400000 0.004839 -0.846760 0.347237
 95.600000 -0.048597 -0.805242 3.453752
 95.800000 -0.045947 -0.847748 1.365996
 96.000000 0.039617 -0.929775 2.415588
 96.200000 0.044292 -0.876649 0.988831
 96.400000 -0.075655 -0.853445 3.046571
 96.600000 -0.094349 -0.850078 4.705932
 96.800000 0.011491 -0.939874 2.324576
 97.000000 0.102382 -0.952999 8.467909
 97.200000 0.038704 -0.961445 4.690018
 97.400000 0.074565 -0.909592 3.461742
 97.600000 -0.059383 -0.847861 2.070769
 97.800000 0.044683 -0.895311 1.254699
 98.000000 0.056600 -0.882656 1.651725
 98.200000 -0.039968 -0.879003 0.818797
 98.400000 0.032143 -0.844810 0.904518
 98.600000 -0.025009 -0.843703 0.732112
 98.800000 -0.042904 -0.930638 2.600808
 99.000000 -0.001518 -0.925255 1.384029
 99.200000 0.031913 -0.934042 2.392852
 99.400000 -0.003118 -0.921996 1.221671
 99.600000 -0.018689 -0.867347 0.188778
 99.800000 0.020910 -0.900574 0.608073
 100.000000 0.066031 -0.862182 2.235005
 100.200000 0.058169 -0.837639 2.305194
 100.400000 0.052478 -0.773322 6.311459
 100.600000 -0.077968 -0.790204 6.439343
 100.800000 -0.032568 -0.783642 4.492839
 101.000000 0.047623 -0.865659 1.158510
 101.200000 0.089445 -0.881254 4.037065
 101.400000 0.028486 -0.772940 5.378188
 101.600000 -0.028293 -0.811595 2.264983
 101.800000 0.051859 -0.784075 5.268699
 102.000000 -0.006626 -0.915614 0.944273
 102.200000 0.134042 -0.902258 9.421516
 102.400000 0.083547 -0.848372 3.785129
 102.600000 -0.000329 -0.762841 6.030657
 102.800000 -0.052332 -0.933040 3.191930
 103.000000 -0.023561 -0.823294 1.496298
 103.200000 0.008892 -0.937245 2.124826
 103.400000 0.094068 -0.856115 4.561343
 103.600000 -0.027820 -0.864227 0.422568
 103.800000 -0.033320 -0.904285 1.055041
 104.000000 -0.045446 -0.943185 3.519220
 104.200000 0.046008 -0.845354 1.431280
 104.400000 -0.024086 -0.826392 1.360667
 104.600000 0.002906 -0.815878 1.616571
 104.800000 -0.054876 -0.921260 2.686419
 105.000000 -0.021627 -0.816269 1.824103
 105.200000 -0.133889 -0.931630 10.701520
 105.400000 0.070889 -0.878062 2.527178
 105.600000 0.168736 -0.907927 14.857556
 105.800000 -0.013808 -0.914045 0.951517
 106.000000 -0.035862 -0.861081 0.710148
 106.200000 -0.080865 -0.893784 3.492590
 106.400000 0.066895 -0.890876 2.403301
 106.600000 0.064785 -0.864569 2.131346
 106.800000 -0.012613 -0.830686 0.960651
 107.000000 -0.064024 -0.782253 6.136705
 107.200000 0.006383 -0.848689 0.307779
 107.400000 -0.060886 -0.920403 2.993052
 107.600000 0.068204 -0.845591 2.692417
 107.800000 0.014654 -0.880673 0.139439
 108.000000 0.102023 -0.803045 7.627836
 108.200000 -0.008421 -0.820450 1.398621
 108.400000 -0.045313 -0.782086 5.128922
 108.600000 0.063691 -0.870589 2.030432
 108.800000 0.017573 -0.931206 1.867956
 109.000000 -0.056041 -0.763671 7.510133
 109.200000 -0.011855 -0.804932 2.364137
 109.400000 0.103813 -0.801978 7.886869
 109.600000 0.038573 -0.933593 2.600095
 109.800000 -0.009852 -0.776771 4.646325
 110.000000 -0.016830 -0.796690 3.027697
 110.200000 0.068367 -0.871688 2.337513
 110.400000 0.161766 -0.878499 13.101137
 110.600000 -0.011694 -0.860777 0.139033
 110.800000 -0.031539 -0.799142 3.200166
 111.000000 -0.085833 -0.853832 3.860982
 111.200000 0.067331 -0.851486 2.490990
 111.400000 0.004834 -0.906156 0.572520
 111.600000 0.014203 -0.843564 0.524294
 111.800000 -0.011740 -0.913597 0.906661
 112.000000 -0.012542 -0.923019 1.346424
 112.200000 0.020362 -0.895535 0.468839
 112.400000 0.082200 -0.908298 4.013297
 112.600000 -0.044783 -0.896941 1.297431
 112.800000 -0.030452 -0.873921 0.464444
 113.000000 -0.056873 -0.954013 4.926089
 113.200000 -0.029269 -0.917733 1.443916
 113.400000 0.065112 -0.900050 2.494788
 113.600000 -0.016457 -0.936793 2.191677
 113.800000 -0.000616 -0.847101 0.326938
 114.000000 -0.121061 -0.902249 7.765496
 114.200000 0.065897 -0.822586 3.425149
 114.400000 -0.048097 -0.854158 1.327917
 114.600000 -0.006811 -0.865971 0.045594
 114.800000 -0.069795 -0.896430 2.718089
 115.000000 0.024242 -0.896350 0.574331
 115.200000 0.041186 -0.916475 1.807812
 115.400000 0.096078 -0.863803 4.654779
 115.600000 -0.066069 -0.857557 2.296656
 115.800000 -0.008943 -0.829997 0.950258
 116.000000 0.001437 -0.892485 0.197458
 116.200000 0.070916 -0.835257 3.214181
 116.400000 0.010980 -0.891566 0.238909
 116.600000 -0.013740 -0.775185 4.845553
 116.800000 -0.030626 -0.817761 1.976204
 117.000000 0.035824 -0.835528 1.331220
 117.200000 -0.028757 -0.843612 0.835495
 117.400000 0.004281 -0.851339 0.236546
 117.600000 0.063522 -0.829731 2.939152
 117.800000 0.019873 -0.824577 1.353688
 118.000000 -0.042888 -0.813586 2.664840
 118.200000 -0.014900 -0.871820 0.111365
 118.400000 0.054790 -0.804824 3.802156
 118.600000 -0.017408 -0.881782 0.193078
 118.800000 0.035242 -0.822702 1.869126
 119.000000 -0.069722 -0.853815 2.608232
 119.200000 0.015494 -0.806294 2.322523
 119.400000 -0.023830 -0.933298 2.122167
 119.600000 0.046417 -0.913657 1.917447
 119.800000 -0.042823 -0.879315 0.939002
 120.000000 0.042532 -0.818577 2.367203
 120.200000 -0.091023 -0.936840 6.201840
 120.400000 0.076215 -0.849312 3.176989
 120.600000 -0.010669 -0.955187 3.461867
 120.800000 -0.021387 -0.859676 0.313047
 121.000000 -0.088400 -0.928837 5.484907
 121.200000 -0.030636 -0.868742 0.476989
 121.400000 0.115335 -0.991501 13.712120
 121.600000 0.068538 -0.993299 9.625025
 121.800000 0.012473 -0.877117 0.087693
 122.000000 -0.132238 -0.927477 10.245693
 122.200000 -0.074818 -0.769488 8.121604
 122.400000 0.056610 -0.924383 2.939745
 122.600000 0.143667 -0.901340 10.731206
 122.800000 -0.125682 -0.865987 7.920225
 123.000000 -0.075281 -0.792300 6.062804
 123.200000 0.075847 -0.940285 5.162642
 123.400000 0.131697 -0.843643 9.093162
 123.600000 0.028756 -0.869555 0.418287
 123.800000 -0.052580 -0.758140 7.940302
 124.000000 -0.013908 -0.806348 2.295642
 124.200000 -0.043478 -0.803600 3.330147
 124.400000 -0.013258 -0.817184 1.626941
 124.600000 -0.034258 -0.910959 1.320055
 124.800000 0.068087 -0.824718 3.467403
 125.000000 -0.046092 -0.921448 2.252179
 125.200000 0.052146 -0.813750 3.095051
 125.400000 -0.010407 -0.863114 0.099759
 125.600000 -0.067908 -0.832696 3.104505
 125.800000 -0.035244 -0.861918 0.678803
 126.000000 0.055124 -0.871197 1.520390
 126.200000 0.050882 -0.823559 2.500151
 126.400000 0.091669 -0.857045 4.323623
 126.600000 -0.025028 -0.845105 0.692984
 126.800000 -0.053576 -0.813694 3.173959
 127.000000 0.059374 -0.809022 3.787831
 127.200000 -0.011737 -0.820137 1.448458
 127.400000 0.095834 -0.905926 5.145211
 127.600000 0.055680 -0.839822 2.089464
 127.800000 0.011582 -0.854472 0.232550
 128.000000 0.037373 -0.824814 1.843217
 128.200000 0.034152 -0.926574 2.036292
 128.400000 0.020751 -0.828068 1.209735
 128.600000 -0.095664 -0.777894 9.066510
 128.800000 0.013258 -0.779443 4.433005
 129.000000 0.050618 -0.962940 5.355883
 129.200000 0.078294 -0.864869 3.095346
 129.400000 -0.070042 -0.867988 2.463902
 129.600000 -0.101271 -0.765917 10.825437
 129.800000 -0.007375 -0.957687 3.641613
 130.000000 0.127366 -0.912931 8.921692
 130.200000 0.012166 -0.887905 0.190127
 130.400000 -0.077990 -0.860594 3.114044
 130.600000 -0.011189 -0.956006 3.535460
 130.800000 0.101194 -0.895519 5.381231
 131.000000 0.003808 -0.934446 1.915720
 131.200000 -0.100217 -0.843758 5.439552
 131.400000 -0.054175 -0.866620 1.485726
 131.600000 -0.004148 -0.869577 0.013369
 131.800000 0.077570 -1.016234 13.314685
 132.000000 -0.032617 -0.864350 0.566517
 132.200000 -0.108406 -0.893657 6.096265
 132.400000 0.009263 -0.928212 1.585679
 132.600000 -0.006008 -0.933287 1.855603
 132.800000 0.055985 -0.955107 4.965522
 133.000000 -0.004355 -0.863804 0.048740
 133.200000 -0.097724 -0.860819 4.845149
 133.400000 0.059755 -0.934453 3.694246
 133.600000 0.016460 -0.955690 3.582109
 133.800000 -0.062306 -0.922694 3.192518
 134.000000 -0.092240 -0.845955 4.610816
 134.200000 -0.017092 -0.841884 0.619788
 134.400000 0.123062 -0.880237 7.600822
 134.600000 0.043298 -0.950445 3.962228
 134.800000 0.033981 -0.902545 1.023794
 135.000000 -0.038506 -0.877596 0.753501
 135.200000 -0.064062 -0.815128 3.707238
 135.400000 -0.033740 -0.889166 0.705334
 135.600000 0.045704 -0.897281 1.347396
 135.800000 0.072787 -0.929088 4.240731
 136.000000 -0.007036 -0.852102 0.236159
 136.200000 -0.078983 -0.830655 4.001548
 136.400000 -0.049996 -0.819463 2.665006
 136.600000 -0.018739 -0.845823 0.535823
 136.800000 0.097425 -0.881987 4.789247
 137.000000 0.009480 -0.908253 0.678196
 137.200000 -0.035829 -0.831469 1.490408
 137.400000 -0.087637 -0.823327 5.057239
 137.600000 0.027767 -0.777931 4.872744
 137.800000 0.092888 -0.883299 4.370668
 138.000000 0.079196 -0.905701 3.681696
 138.200000 -0.008183 -0.859581 0.119069
 138.400000 -0.032604 -0.807273 2.669555
 138.600000 -0.105008 -0.858804 5.609427
 138.800000 0.080370 -0.850553 3.474153
 139.000000 -0.032401 -0.910395 1.236718
 139.200000 -0.018802 -0.842006 0.646721
 139.400000 -0.003591 -0.787366 3.644368
 139.600000 0.058195 -0.810997 3.594737
 139.800000 0.016757 -0.892969 0.346536
 140.000000 0.040910 -0.863034 0.883195
 140.200000 -0.013816 -0.856519 0.225788
 140.400000 -0.002053 -0.900143 0.379649
 140.600000 0.019837 -0.925020 1.567289
 140.800000 0.001083 -0.861587 0.061943
 141.000000 0.009387 -0.809403 2.045090
 141.200000 -0.059538 -0.879817 1.797972
 141.400000 0.038548 -0.883884 0.805889
 141.600000 -0.041308 -0.985003 7.163076
 141.800000 0.007366 -0.880816 0.060346
 142.000000 -0.037849 -0.847478 1.033478
 142.200000 -0.025135 -0.854486 0.481101
 142.400000 -0.069808 -0.902439 2.879869
 142.600000 0.028583 -0.962038 4.402323
 142.800000 0.025273 -0.966274 4.700708
 143.000000 0.004478 -0.877591 0.022158
 143.200000 -0.129561 -0.842822 8.838298
 143.400000 -0.073382 -0.877764 2.705479
 143.600000 0.055657 -0.953683 4.830879
 143.800000 0.103530 -0.846878 5.691754
 144.000000 -0.048545 -0.924261 2.509437
 144.200000 -0.029727 -0.879026 0.462087
 144.400000 -0.062994 -0.918469 3.033125
 144.600000 0.135851 -0.895811 9.495679
 144.800000 0.076684 -0.901802 3.364721
 145.000000 -0.039086 -0.764190 6.647246
 145.200000 -0.012869 -0.828600 1.053628
 145.400000 -0.000203 -0.856214 0.135339
 145.600000 0.006517 -0.904397 0.524717
 145.800000 0.012823 -0.844737 0.472190
 146.000000 -0.102109 -0.844338 5.614325
 146.200000 -0.011981 -0.849346 0.343654
 146.400000 0.100275 -0.940629 7.337082
 146.600000 0.115748 -0.882410 6.746223
 146.800000 0.056056 -0.888861 1.702317
 147.000000 -0.155753 -0.829094 13.078759
 147.200000 -0.083628 -0.877695 3.509467
 147.400000 0.102912 -0.896863 5.588232
 147.600000 0.030532 -0.937502 2.568005
 147.800000 -0.022347 -0.856146 0.386135
 148.000000 -0.027041 -0.845098 0.745581
 148.200000 0.015751 -0.903111 0.587557
 148.400000 0.040311 -0.959100 4.548076
 148.600000 0.070079 -0.899607 2.818457
 148.800000 -0.086852 -0.898012 4.092844
 149.000000 -0.002031 -0.931175 1.713779
 149.200000 0.112483 -0.889374 6.465798
 149.400000 0.006237 -0.925130 1.395737
 149.600000 -0.028082 -0.842861 0.838422
 149.800000 -0.161451 -0.897538 13.342512
 150.000000 -0.027174 -0.830891 1.241739
 150.200000 0.003668 -0.963987 4.176572
 150.400000 0.034141 -0.905113 1.109254
 150.600000 -0.015623 -0.929942 1.762395
 150.800000 0.053551 -0.861792 1.492950
 151.000000 0.018357 -0.875078 0.171409
 151.200000 0.054582 -0.763796 7.415836
 151.400000 0.000822 -0.820806 1.344982
 151.600000 0.003611 -0.861811 0.065424
 151.800000 0.084329 -0.868220 3.565533
 152.000000 -0.026420 -0.849301 0.621953
 152.200000 0.091354 -0.832488 4.979858
 152.400000 -0.003777 -0.860287 0.083737
 152.600000 0.092402 -0.854558 4.432995
 152.800000 0.036233 -0.898444 0.988693
 153.000000 -0.002393 -0.913667 0.843468
 153.200000 -0.017359 -0.829897 1.065215
 153.400000 -0.032985 -0.859487 0.630833
 153.600000 0.056024 -0.870793 1.571070
 153.800000 0.133635 -0.887088 9.033239
 154.000000 0.108783 -0.872202 5.916947
 154.200000 -0.002657 -0.867280 0.018030
 154.400000 -0.034399 -0.766132 6.266284
 154.600000 -0.065518 -0.902401 2.588415
 154.800000 0.089681 -0.825852 5.117024
 155.000000 -0.001878 -0.789762 3.438168
 155.200000 -0.066911 -0.845880 2.597221
 155.400000 -0.052668 -0.935008 3.330296
 155.600000 -0.011384 -0.884194 0.131258
 155.800000 0.066862 -0.892256 2.427147
 156.000000 -0.007762 -0.844050 0.439522
 156.200000 -0.096628 -0.841358 5.158508
 156.400000 -0.040075 -0.885141 0.880840
 156.600000 -0.018245 -0.893743 0.388579
 156.800000 0.015541 -0.897917 0.439609
 157.000000 -0.038819 -0.896844 1.045773
 157.200000 -0.129450 -0.874933 8.381247
 157.400000 0.022310 -0.851676 0.469115
 157.600000 -0.029937 -0.976832 5.873476
 157.800000 -0.000316 -0.901788 0.424143
 158.000000 -0.031504 -0.927420 1.995334
 158.200000 0.025009 -0.856714 0.439934
 158.400000 0.073351 -0.857334 2.807664
 158.600000 -0.018687 -0.865460 0.200554
 158.800000 -0.033905 -0.852678 0.774500
 159.000000 0.030044 -0.843938 0.863935
 159.200000 0.055697 -0.903377 2.022727
 159.400000 0.039846 -0.869688 0.798277
 159.600000 -0.007522 -0.774619 4.834813
 159.800000 -0.070199 -0.817914 3.962808
 160.000000 -0.010401 -0.797598 2.871616
 160.200000 0.058463 -0.810520 3.639927
 160.400000 0.075620 -0.767912 8.345750
 160.600000 0.030733 -0.797402 3.304471
 160.800000 -0.050043 -0.808464 3.313020
 161.000000 0.083093 -0.814000 5.173047
 161.200000 0.090044 -0.851414 4.279770
 161.400000 0.052061 -0.825286 2.477542
 161.600000 -0.023485 -0.787918 3.866797
 161.800000 -0.035169 -0.825918 1.711057
 162.000000 -0.013911 -0.897954 0.416532
 162.200000 0.109785 -0.898196 6.352307
 162.400000 -0.017096 -0.894599 0.386700
 162.600000 -0.041932 -0.809205 2.892738
 162.800000 0.003043 -0.842933 0.446610
 163.000000 -0.086864 -0.896313 4.052340
 163.200000 0.039561 -0.903817 1.267757
 163.400000 0.064366 -0.919697 3.177507
 163.600000 0.025706 -0.886266 0.422890
 163.800000 0.043933 -0.867900 0.976399
 164.000000 0.060716 -0.862674 1.893094
 164.200000 0.007660 -0.850524 0.274448
 164.400000 0.087343 -0.810880 5.723070
 164.600000 0.113302 -0.869140 6.424895
 164.800000 -0.046536 -0.792494 4.296443
 165.000000 0.065934 -0.789857 5.602266
 165.200000 0.072066 -0.826370 3.668358
 165.400000 0.003106 -0.806120 2.218927
 165.600000 -0.034318 -0.830410 1.481581
 165.800000 0.073182 -0.765300 8.441441
 166.000000 0.050319 -0.933058 3.089683
 166.200000 0.088461 -0.910958 4.645890
 166.400000 -0.026240 -0.902094 0.777309
 166.600000 -0.048602 -0.827858 2.184897
 166.800000 0.025775 -0.871250 0.333166
 167.000000 0.111038 -0.879102 6.185388
 167.200000 0.053475 -0.870294 1.432603
 167.400000 0.008035 -0.759522 6.432907
 167.600000 -0.121778 -0.864250 7.450382
 167.800000 0.047329 -0.933404 2.964674
 168.000000 0.035756 -0.944349 3.208538
 168.200000 -0.037813 -0.908141 1.344192
 168.400000 0.027691 -0.900967 0.783921
 168.600000 -0.093083 -0.903511 4.808015
 168.800000 -0.015122 -0.872784 0.114345
 169.000000 -0.054717 -0.928858 3.075836
 169.200000 -0.052009 -0.915535 2.271375
 169.400000 -0.019647 -0.987278 6.761167
 169.600000 -0.082858 -0.907675 4.045603
 169.800000 -0.066984 -0.910451 2.957370
 170.000000 0.005254 -0.947329 2.801197
 170.200000 -0.001699 -0.878465 0.018268
 170.400000 0.034459 -0.946339 3.307689
 170.600000 -0.003789 -0.910601 0.726757
 170.800000 -0.126109 -0.930489 9.623521
 171.000000 0.021754 -0.880708 0.268952
 171.200000 0.046239 -0.822943 2.305168
 171.400000 -0.009562 -0.885486 0.127909
 171.600000 0.111262 -0.822556 7.445007
 171.800000 -0.082491 -0.852546 3.604762
 172.000000 -0.010470 -0.815615 1.682116
 172.200000 0.017092 -0.862593 0.196793
 172.400000 -0.023121 -0.903106 0.730615
 172.600000 0.064997 -0.849351 2.384040
 172.800000 -0.034644 -0.878045 0.614581
 173.000000 -0.044426 -0.870054 0.990239
 173.200000 0.016687 -0.901874 0.565823
 173.400000 -0.027007 -0.881210 0.401188
 173.600000 0.095214 -0.843728 4.951472
 173.800000 -0.027622 -0.896178 0.657936
 174.000000 0.097302 -0.788767 8.253263
 174.200000 -0.021268 -0.912562 1.022077
 174.400000 0.008318 -0.808385 2.100534
 174.600000 0.050761 -0.965742 5.619976
 174.800000 0.092978 -0.879549 4.346155
 175.000000 -0.057809 -0.931806 3.419823
 175.200000 -0.055168 -0.922388 2.757983
 175.400000 -0.010550 -0.879379 0.078193
 175.600000 -0.015587 -0.852416 0.326480
 175.800000 0.138041 -0.833883 10.279639
 176.000000 -0.119237 -0.861737 7.168470
 176.200000 0.114564 -0.840281 7.086761
 176.400000 0.123726 -0.900058 8.029238
 176.600000 -0.066274 -0.938656 4.373551
 176.800000 0.079832 -0.822650 4.437306
 177.000000 -0.018387 -0.857794 0.279614
 177.200000 0.073214 -0.833754 3.437127
 177.400000 0.011503 -0.935711 2.053550
 177.600000 -0.074801 -0.820212 4.173222
 177.800000 0.173207 -0.930554 16.675982
 178.000000 0.088272 -0.883852 3.958566
 178.200000 -0.051256 -0.789755 4.750563
 178.400000 -0.030024 -0.773396 5.377862
 178.600000 -0.043643 -0.905804 1.501455
 178.800000 0.031177 -0.856810 0.611675
 179.000000 0.069342 -0.811892 4.250857
 179.200000 -0.094505 -0.851097 4.698184
 179.400000 0.027331 -0.828423 1.352159
 179.600000 -0.042168 -0.891797 1.072097
 179.800000 0.012445 -0.845197 0.454658
 180.000000 -0.011406 -0.844289 0.467626
 180.200000 0.062382 -0.785950 5.705467
 180.400000 0.019582 -0.836897 0.831413
 180.600000 0.061573 -0.791106 5.221541
 180.800000 -0.070384 -0.783288 6.470975
 181.000000 0.044796 -0.767494 6.533814
 181.200000 0.071881 -0.775290 7.324317
 181.400000 -0.015448 -0.780705 4.347573
 181.600000 0.016360 -0.816604 1.705212
 181.800000 -0.066384 -0.855802 2.345609
 182.000000 0.093341 -0.816753 5.919314
 182.200000 0.029858 -0.938498 2.612785
 182.400000 0.000359 -0.802302 2.475500
 182.600000 0.007929 -0.901518 0.447708
 182.800000 0.025462 -0.849365 0.595591
 183.000000 -0.012799 -0.982134 6.073645
 183.200000 -0.005668 -0.884180 0.082367
 183.400000 -0.075594 -0.941009 5.192719
 183.600000 0.000257 -0.911640 0.759563
 183.800000 0.052475 -0.920871 2.538741
 184.000000 0.015922 -0.931583 1.862416
 184.200000 0.017211 -0.945371 2.791197
 184.400000 -0.028065 -0.872645 0.393820
 184.600000 -0.037615 -0.868815 0.714863
 184.800000 0.005216 -0.873418 0.013887
 185.000000 -0.055574 -0.835282 2.242949
 185.200000 -0.017811 -0.906828 0.742168
 185.400000 0.065196 -0.943829 4.657397
 185.600000 0.071135 -0.898332 2.859483
 185.800000 0.046829 -0.797110 3.950725
 186.000000 -0.028887 -0.880508 0.447994
 186.200000 0.000685 -0.837788 0.608427
 186.400000 0.051790 -0.874520 1.342811
 186.600000 -0.027408 -0.808617 2.426612
 186.800000 0.048887 -0.833609 1.957644
 187.000000 0.022898 -0.863554 0.303664
 187.200000 0.021543 -0.895167 0.485226
 187.400000 -0.039035 -0.896200 1.038825
 187.600000 -0.017652 -0.886869 0.256675
 187.800000 -0.021731 -0.870976 0.237538
 188.000000 0.086161 -0.854102 3.884183
 188.200000 -0.075204 -0.816551 4.402178
 188.400000 -0.022990 -0.863154 0.309494
 188.600000 0.014878 -0.873671 0.111180
 188.800000 -0.016966 -0.868397 0.153036
 189.000000 -0.124268 -0.784727 11.587718
 189.200000 -0.093938 -0.817401 5.939199
 189.400000 0.068048 -0.927476 3.817443
 189.600000 0.069627 -0.910474 3.138748
 189.800000 -0.032727 -0.868383 0.544686
 190.000000 0.020440 -0.837382 0.831324
 190.200000 0.013607 -0.852248 0.300997
 190.400000 0.045762 -0.892627 1.246357
 190.600000 0.020465 -0.844351 0.610234
 190.800000 0.004990 -0.846051 0.366588
 191.000000 -0.018316 -0.837002 0.803639
 191.200000 0.072426 -0.985274 8.963167
 191.400000 0.075778 -0.852560 3.073292
 191.600000 -0.077256 -0.796549 5.881031
 191.800000 0.045618 -0.894278 1.274071
 192.000000 0.038631 -0.878360 0.762410
 192.200000 -0.000880 -0.899917 0.371745
 192.400000 -0.006783 -0.868161 0.033150
 192.600000 -0.010987 -0.883140 0.115229
 192.800000 -0.019333 -0.945109 2.810952
 193.000000 0.009483 -0.912188 0.825993
 193.200000 0.000091 -0.858395 0.101821
 193.400000 -0.063864 -0.973158 7.088779
 193.600000 0.052858 -0.867069 1.412645
 193.800000 0.092913 -0.933705 6.179347
 194.000000 -0.124555 -0.881536 7.796334
 194.200000 0.013175 -0.889857 0.234572
 194.400000 0.032653 -0.935862 2.530048
 194.600000 -0.045522 -0.831377 1.888454
 194.800000 -0.018124 -0.883123 0.218926
 195.000000 0.004312 -0.806450 2.201497
 195.200000 0.026205 -0.904335 0.844862
 195.400000 -0.040919 -0.939235 3.052955
 195.600000 -0.067313 -0.870666 2.267530
 195.800000 0.167928 -0.935845 16.095820
 196.000000 -0.017675 -0.934965 2.096890
 196.200000 0.038225 -0.870672 0.732567
 196.400000 -0.011899 -0.893108 0.279767
 196.600000 0.006047 -0.872880 0.018306
 196.800000 0.051383 -0.852610 1.521208
 197.000000 0.069601 -0.884633 2.493762
 197.200000 0.014307 -0.841705 0.581592
 197.400000 0.017547 -0.846259 0.502575
 197.600000 0.004260 -0.824498 1.169074
 197.800000 -0.031140 -0.904322 0.985957
 198.000000 0.061832 -0.823221 3.133958
 198.200000 0.006582 -0.930133 1.672981
 198.400000 0.059831 -0.865336 1.816707
 198.600000 -0.046244 -0.840790 1.577256
 198.800000 0.008294 -0.837829 0.641170
 199.000000 0.074026 -0.954367 6.077509
 199.200000 0.106096 -0.838512 6.211413
 199.400000 -0.063601 -0.847488 2.339506
 199.600000 -0.014335 -0.897039 0.399794
 199.800000 0.013996 -0.914367 0.967484
 200.000000 -0.013516 -0.842611 0.542948
