#! FIELDS time phi psi restraint.bias
#! SET min_phi -pi
#! SET max_phi pi
#! SET min_psi -pi
#! SET max_psi pi
 0.000000 1.320849 -0.250261 62.551998
 0.200000 1.562976 -0.135710 9.239234
 0.400000 1.567599 -0.011070 0.066388
 0.600000 1.442562 -0.038415 8.959864
 0.800000 1.507524 -0.141803 12.055771
 1.000000 1.574764 -0.092397 4.276434
 1.200000 1.455391 -0.060746 8.504251
 1.400000 1.521850 0.033110 1.746010
 1.600000 1.571648 -0.089588 4.013407
 1.800000 1.493488 -0.068835 5.357417
 2.000000 1.498488 0.003320 2.619742
 2.200000 1.461455 -0.131992 14.688708
 2.400000 1.559633 -0.094059 4.485830
 2.600000 1.487654 -0.043480 4.401569
 2.800000 1.516846 0.020399 1.663390
 3.000000 1.497231 0.048160 3.865627
 3.200000 1.426679 -0.052389 11.757183
 3.400000 1.520296 0.019530 1.465865
 3.600000 1.563925 0.074021 2.763155
 3.800000 1.542581 0.042705 1.309929
 4.000000 1.489626 -0.023047 3.559905
 4.200000 1.550378 -0.007224 0.234536
 4.400000 1.504358 0.055293 3.735705
 4.600000 1.463746 -0.023458 6.005021
 4.800000 1.533821 -0.031896 1.192278
 5.000000 1.453160 0.008221 6.952908
 5.200000 1.506379 0.030343 2.535125
 5.400000 1.438422 -0.128106 16.967057
 5.600000 1.540057 -0.051234 1.784901
 5.800000 1.550319 -0.073559 2.915152
 6.000000 1.501190 0.010155 2.474094
 6.200000 1.393110 -0.095351 20.332106
 6.400000 1.527153 -0.045009 1.965237
 6.600000 1.665788 0.079616 7.681084
 6.800000 1.470283 0.025481 5.376116
 7.000000 1.387676 -0.032550 17.296221
 7.200000 1.427712 -0.047253 11.352957
 7.400000 1.609451 0.018175 0.912269
 7.600000 1.583613 -0.045938 1.137300
 7.800000 1.413059 -0.095771 17.026551
 8.000000 1.484277 -0.065020 5.856627
 8.200000 1.651357 0.023358 3.517782
 8.400000 1.579285 -0.014951 0.147793
 8.600000 1.405657 -0.075344 16.473917
 8.800000 1.540811 0.040264 1.260187
 9.000000 1.600448 -0.005792 0.456384
 9.200000 1.559482 -0.133488 8.973515
 9.400000 1.450657 -0.032676 7.750599
 9.600000 1.427721 -0.004559 10.245678
 9.800000 1.420174 0.034766 11.947920
 10.000000 1.485274 -0.084742 7.247620
 10.200000 1.509017 0.002158 1.910678
 10.400000 1.534018 0.003588 0.682748
 10.600000 1.534862 -0.046897 1.745314
 10.800000 1.499495 -0.041149 3.388565
 11.000000 1.466135 -0.125389 13.338169
 11.200000 1.471351 -0.047128 6.055203
 11.400000 1.475168 -0.027639 4.954390
 11.600000 1.479026 -0.106518 9.883936
 11.800000 1.470436 -0.046494 6.116940
 12.000000 1.552537 0.043092 1.095170
 12.200000 1.535792 0.004664 0.623535
 12.400000 1.444710 -0.040755 8.779391
 12.600000 1.483342 -0.058162 5.515518
 12.800000 1.528158 0.035803 1.549969
 13.000000 1.452328 -0.030801 7.491768
 13.200000 1.458261 -0.041604 7.197587
 13.400000 1.561010 0.057083 1.677110
 13.600000 1.603504 0.003429 0.540770
 13.800000 1.540812 -0.009856 0.498109
 14.000000 1.459773 -0.011701 6.231523
 14.200000 1.501301 -0.000364 2.414894
 14.400000 1.591797 -0.034472 0.814669
 14.600000 1.473849 -0.035717 5.337237
 14.800000 1.552903 0.031140 0.644958
 15.000000 1.530691 0.042951 1.726627
 15.200000 1.500633 -0.088299 6.359794
 15.400000 1.463622 0.016915 5.886281
 15.600000 1.461918 0.026872 6.288266
 15.800000 1.459784 0.046201 7.229170
 16.000000 1.576384 0.000032 0.015610
 16.200000 1.514984 -0.011424 1.622746
 16.400000 1.451553 -0.075143 9.932715
 16.600000 1.533675 0.001017 0.689506
 16.800000 1.542238 0.006670 0.430033
 17.000000 1.517769 -0.060468 3.234138
 17.200000 1.411162 -0.035827 13.383372
 17.400000 1.458582 -0.039412 7.072678
 17.600000 1.699455 -0.001100 8.277150
 17.800000 1.485621 -0.143866 13.976060
 18.000000 1.358905 -0.046814 23.544638
 18.200000 1.533812 0.044768 1.686010
 18.400000 1.523359 -0.041114 1.970331
 18.600000 1.511405 -0.107961 7.591420
 18.800000 1.490707 -0.069137 5.597126
 19.000000 1.561391 0.018579 0.216815
 19.200000 1.488165 -0.159012 16.056404
 19.400000 1.505599 -0.129881 10.559919
 19.600000 1.471815 -0.006955 4.922858
 19.800000 1.528142 -0.079899 4.101631
 20.000000 1.479932 0.008338 4.162924
 20.200000 1.470104 -0.062460 7.020111
 20.400000 1.528340 -0.017630 1.056692
 20.600000 1.529089 0.008502 0.905883
 20.800000 1.542127 -0.018274 0.577934
 21.000000 1.447697 -0.031578 8.075355
 21.200000 1.526841 0.024005 1.254168
 21.400000 1.577760 -0.033368 0.580968
 21.600000 1.457645 -0.046066 7.462612
 21.800000 1.492919 -0.048134 4.190892
 22.000000 1.604359 -0.009494 0.608301
 22.200000 1.497984 -0.001498 2.651915
 22.400000 1.457065 -0.032055 6.981220
 22.600000 1.432011 -0.014363 9.733794
 22.800000 1.511178 0.077759 4.800409
 23.000000 1.522615 0.009515 1.205990
 23.200000 1.481257 -0.032334 4.531374
 23.400000 1.514570 -0.093849 5.984517
 23.600000 1.543662 0.092740 4.668532
 23.800000 1.464627 -0.029571 6.073168
 24.000000 1.534792 -0.013385 0.737726
 24.200000 1.506233 -0.031789 2.589496
 24.400000 1.557413 -0.046055 1.150084
 24.600000 1.553606 0.056255 1.730056
 24.800000 1.427853 -0.046428 11.294196
 25.000000 1.487195 -0.027057 3.860627
 25.200000 1.514011 0.018735 1.787784
 25.400000 1.485620 -0.009836 3.675874
 25.600000 1.514912 -0.116410 8.337132
 25.800000 1.558198 0.030024 0.530073
 26.000000 1.499004 0.067836 4.877893
 26.200000 1.484795 -0.032165 4.215430
 26.400000 1.453682 -0.010609 6.914204
 26.600000 1.502170 -0.014756 2.463633
 26.800000 1.581562 0.041531 0.920367
 27.000000 1.432286 -0.087368 13.409100
 27.200000 1.532916 -0.061297 2.596125
 27.400000 1.520268 -0.017447 1.428739
 27.600000 1.428548 -0.002683 10.120947
 27.800000 1.489087 -0.055304 4.867471
 28.000000 1.520094 -0.046623 2.372196
 28.200000 1.540309 -0.022682 0.721990
 28.400000 1.437814 -0.031349 9.333534
 28.600000 1.437454 -0.009139 8.931858
 28.800000 1.489494 0.083207 6.766700
 29.000000 1.480460 -0.012201 4.154787
 29.200000 1.434770 -0.003432 9.257405
 29.400000 1.600882 -0.029737 0.894707
 29.600000 1.623898 -0.021289 1.636488
 29.800000 1.478312 0.010165 4.328357
 30.000000 1.425707 -0.015318 10.642776
 30.200000 1.511039 0.026586 2.138893
 30.400000 1.502751 0.013151 2.401577
 30.600000 1.502548 -0.123571 9.963821
 30.800000 1.570831 -0.089607 4.014749
 31.000000 1.495164 -0.094977 7.370457
 31.200000 1.493050 0.060213 4.835084
 31.400000 1.474090 0.023577 4.953956
 31.600000 1.477181 -0.001027 4.382466
 31.800000 1.541856 0.070720 2.919432
 32.000000 1.541170 -0.076792 3.387409
 32.200000 1.549684 -0.039602 1.007013
 32.400000 1.531272 0.024192 1.073692
 32.600000 1.486941 0.016592 3.653469
 32.800000 1.437617 -0.001940 8.870224
 33.000000 1.488997 -0.026096 3.686072
 33.200000 1.588578 -0.112246 6.457709
 33.400000 1.516697 -0.073645 4.175176
 33.600000 1.507754 0.130418 10.491584
 33.800000 1.395939 0.060822 17.137153
 34.000000 1.499430 0.082818 5.976000
 34.200000 1.596518 -0.013953 0.428154
 34.400000 1.510363 -0.032351 2.349394
 34.600000 1.520576 0.010110 1.312157
 34.800000 1.524923 -0.027560 1.431978
 35.000000 1.593352 -0.022969 0.518180
 35.200000 1.517236 -0.023808 1.717778
 35.400000 1.502983 -0.034704 2.901464
 35.600000 1.538642 -0.027471 0.894287
 35.800000 1.477453 -0.075191 7.183343
 36.000000 1.497107 -0.026490 3.065929
 36.200000 1.506914 0.020831 2.257434
 36.400000 1.548981 0.016861 0.380096
 36.600000 1.550050 -0.098579 5.074101
 36.800000 1.553018 -0.053113 1.568548
 37.000000 1.490501 -0.013611 3.316336
 37.200000 1.435694 0.054262 10.598535
 37.400000 1.547707 0.028602 0.675593
 37.600000 1.495703 -0.030328 3.279418
 37.800000 1.469383 0.020146 5.345259
 38.000000 1.518749 -0.096405 6.001417
 38.200000 1.553515 -0.036347 0.809858
 38.400000 1.476308 -0.001731 4.465560
 38.600000 1.490214 -0.021679 3.481738
 38.800000 1.567311 -0.002791 0.009968
 39.000000 1.493547 -0.057197 4.619461
 39.200000 1.527316 -0.075155 3.769402
 39.400000 1.591736 -0.047071 1.327072
 39.600000 1.518121 0.035325 2.011244
 39.800000 1.426479 -0.046089 11.475890
 40.000000 1.455824 -0.014623 6.716230
 40.200000 1.565084 -0.048206 1.178209
 40.400000 1.516053 -0.069516 3.914646
 40.600000 1.551085 -0.043725 1.150196
 40.800000 1.508725 -0.011774 1.995721
 41.000000 1.592249 0.041793 1.103434
 41.200000 1.420372 -0.047179 12.426626
 41.400000 1.458932 -0.022923 6.519547
 41.600000 1.596786 0.014120 0.437417
 41.800000 1.493247 -0.031272 3.495884
 42.000000 1.406464 0.025974 13.839934
 42.200000 1.479432 0.013283 4.261906
 42.400000 1.534171 -0.003589 0.677161
 42.600000 1.475698 -0.143158 14.768895
 42.800000 1.471416 -0.058180 6.630627
 43.000000 1.610960 -0.030044 1.257884
 43.200000 1.577989 -0.028454 0.430674
 43.400000 1.467470 -0.019039 5.519443
 43.600000 1.469781 -0.064455 7.179261
 43.800000 1.598436 0.018608 0.555100
 44.000000 1.427541 0.040596 11.085108
 44.200000 1.496914 -0.018526 2.900935
 44.400000 1.449226 -0.013069 7.475013
 44.600000 1.513125 0.025897 1.998345
 44.800000 1.602264 -0.042863 1.413755
 45.000000 1.471433 -0.009239 4.979170
 45.200000 1.481813 0.010056 4.009540
 45.400000 1.513608 -0.011370 1.699902
 45.600000 1.489893 0.003503 3.278833
 45.800000 1.430716 0.018710 9.986289
 46.000000 1.480010 0.030188 4.576689
 46.200000 1.545078 -0.121811 7.749728
 46.400000 1.470768 -0.063337 7.008594
 46.600000 1.469318 0.074609 7.932231
 46.800000 1.432291 0.078863 12.701527
 47.000000 1.521579 -0.025977 1.548568
 47.200000 1.557822 -0.059364 1.846178
 47.400000 1.576626 -0.009626 0.063322
 47.600000 1.454709 0.010281 6.790976
 47.800000 1.563446 0.005112 0.040085
 48.000000 1.554840 -0.009112 0.168808
 48.200000 1.535471 -0.045833 1.674281
 48.400000 1.508758 -0.011902 1.995193
 48.600000 1.509355 -0.003218 1.892694
 48.800000 1.589956 0.007781 0.213822
 49.000000 1.546377 -0.076769 3.244866
 49.200000 1.511198 0.050049 3.028429
 49.400000 1.523113 0.051968 2.487157
 49.600000 1.449513 -0.065399 9.493403
 49.800000 1.532215 -0.078147 3.797764
 50.000000 1.541676 -0.052960 1.826362
 50.200000 1.482659 -0.005576 3.899665
 50.400000 1.477860 -0.026142 4.660306
 50.600000 1.546572 -0.037694 1.003835
 50.800000 1.524139 -0.027661 1.471039
 51.000000 1.394753 -0.000776 15.495910
 51.200000 1.492846 -0.016482 3.173971
 51.400000 1.524375 -0.008033 1.109724
 51.600000 1.525695 0.067151 3.271690
 51.800000 1.490782 -0.033088 3.748562
 52.000000 1.555602 -0.018374 0.284239
 52.200000 1.525356 -0.018722 1.207654
 52.400000 1.572788 0.064183 2.061731
 52.600000 1.426569 0.028855 10.817114
 52.800000 1.506816 -0.056836 3.661881
 53.000000 1.593353 -0.007033 0.279138
 53.200000 1.469895 -0.001546 5.091738
 53.400000 1.423379 -0.032967 11.409393
 53.600000 1.422177 -0.017889 11.203877
 53.800000 1.556877 0.049348 1.314462
 54.000000 1.491583 -0.060228 4.951124
 54.200000 1.498238 -0.110369 8.722957
 54.400000 1.641715 -0.054998 4.027097
 54.600000 1.543815 -0.008418 0.399435
 54.800000 1.447133 -0.021958 7.887396
 55.000000 1.453068 -0.051744 8.268750
 55.200000 1.537526 -0.016480 0.689244
 55.400000 1.528209 -0.017476 1.059572
 55.600000 1.402122 -0.041168 15.072906
 55.800000 1.482091 -0.012908 4.017635
 56.000000 1.570962 -0.054503 1.485300
 56.200000 1.546320 -0.043021 1.224948
 56.400000 1.405988 0.000287 13.580946
 56.600000 1.436971 -0.033408 9.512626
 56.800000 1.512010 0.054447 3.210142
 57.000000 1.514849 -0.039352 2.339334
 57.200000 1.444808 -0.010531 7.992010
 57.400000 1.574890 0.025605 0.336186
 57.600000 1.558964 -0.041767 0.942241
 57.800000 1.444252 0.028058 8.400339
 58.000000 1.444683 -0.000087 7.952284
 58.200000 1.500308 -0.022774 2.743652
 58.400000 1.535307 -0.053525 2.062197
 58.600000 1.528463 -0.094639 5.374293
 58.800000 1.477101 0.026766 4.747651
 59.000000 1.471896 0.024571 5.192506
 59.200000 1.519690 -0.144322 11.720337
 59.400000 1.525383 -0.042875 1.950304
 59.600000 1.521860 0.040944 2.035602
 59.800000 1.443135 0.063400 10.158438
 60.000000 1.465570 -0.001762 5.537867
 60.200000 1.526007 -0.064202 3.064026
 60.400000 1.623474 -0.068678 3.745818
 60.600000 1.422124 0.049841 12.293761
 60.800000 1.396526 0.030043 15.636319
 61.000000 1.446278 0.077387 10.746818
 61.200000 1.574189 -0.011151 0.067930
 61.400000 1.558788 -0.049766 1.310413
 61.600000 1.453963 -0.017027 6.969934
 61.800000 1.495678 0.038257 3.553218
 62.000000 1.490062 -0.039036 4.020952
 62.200000 1.532526 -0.096185 5.358110
 62.400000 1.475233 0.008834 4.605194
 62.600000 1.523742 -0.019935 1.305730
 62.800000 1.605888 -0.125146 8.446458
 63.000000 1.434460 -0.103818 14.682798
 63.200000 1.451603 0.031737 7.607122
 63.400000 1.485977 0.049449 4.819751
 63.600000 1.535333 -0.037984 1.350245
 63.800000 1.543797 -0.088783 4.305709
 64.000000 1.430852 -0.026693 10.148517
 64.200000 1.464624 0.031015 6.117196
 64.400000 1.556381 0.008529 0.140270
 64.600000 1.579628 -0.062536 1.994344
 64.800000 1.485824 -0.036398 4.272525
 65.000000 1.475578 -0.012649 4.613262
 65.200000 1.524233 -0.040893 1.920165
 65.400000 1.510257 -0.026231 2.176523
 65.600000 1.473867 -0.020096 4.899608
 65.800000 1.473405 -0.004620 4.753251
 66.000000 1.462808 -0.055695 7.381656
 66.200000 1.503657 -0.037642 2.962316
 66.400000 1.520845 -0.004335 1.256971
 66.600000 1.500694 -0.024979 2.769152
 66.800000 1.566745 -0.049448 1.230745
 67.000000 1.482213 -0.095464 8.480203
 67.200000 1.546438 -0.040131 1.101908
 67.400000 1.507331 -0.029559 2.450788
 67.600000 1.422936 -0.090981 15.070156
 67.800000 1.509767 0.024067 2.151866
 68.000000 1.568956 -0.064993 2.113756
 68.200000 1.438582 -0.017679 8.896650
 68.400000 1.334475 -0.094224 32.362945
 68.600000 1.542500 -0.059381 2.163376
 68.800000 1.562965 -0.046578 1.115438
 69.000000 1.441220 -0.144694 18.863259
 69.200000 1.502127 -0.069900 4.800758
 69.400000 1.521320 -0.105335 6.771682
 69.600000 1.497562 -0.077063 5.650998
 69.800000 1.421549 -0.091720 15.343618
 70.000000 1.466555 -0.061063 7.297499
 70.200000 1.518711 -0.077084 4.327428
 70.400000 1.507874 -0.056578 3.580112
 70.600000 1.485021 -0.084655 7.261978
 70.800000 1.466777 -0.064233 7.472980
 71.000000 1.472374 0.008237 4.877415
 71.200000 1.444557 -0.108954 13.903705
 71.400000 1.515715 0.006694 1.539402
 71.600000 1.499017 -0.068115 4.895972
 71.800000 1.539186 -0.095757 5.084300
 72.000000 1.406139 -0.049272 14.769955
 72.200000 1.436567 -0.072827 11.660660
 72.400000 1.570257 -0.010766 0.058095
 72.600000 1.526486 -0.055068 2.497967
 72.800000 1.505788 -0.098022 6.917232
 73.000000 1.534977 -0.058151 2.332275
 73.200000 1.497612 0.004027 2.686112
 73.400000 1.391056 -0.031623 16.653312
 73.600000 1.447651 -0.029725 8.024129
 73.800000 1.516413 -0.043629 2.430506
 74.000000 1.566245 0.000908 0.010767
 74.200000 1.430442 -0.073757 12.569713
 74.400000 1.397528 -0.104190 20.438738
 74.600000 1.573226 0.008918 0.042718
 74.800000 1.535705 -0.127026 8.683540
 75.000000 1.543772 -0.045023 1.378693
 75.200000 1.394589 -0.071598 18.087737
 75.400000 1.497171 -0.092148 6.955979
 75.600000 1.554827 -0.080155 3.339924
 75.800000 1.514882 -0.031249 2.051438
 76.000000 1.500773 -0.019457 2.640936
 76.200000 1.334435 -0.009967 27.982989
 76.400000 1.502666 -0.058873 4.053935
 76.600000 1.490835 -0.032994 3.741210
 76.800000 1.523838 -0.043680 2.056538
 77.000000 1.485956 -0.097312 8.333764
 77.200000 1.468416 -0.080033 8.443561
 77.400000 1.481376 -0.027989 4.389636
 77.600000 1.414640 -0.150760 23.556660
 77.800000 1.527660 -0.051993 2.281986
 78.000000 1.572598 -0.034146 0.584613
 78.200000 1.512516 -0.069921 4.142729
 78.400000 1.438038 -0.089207 12.791411
 78.600000 1.465714 -0.042751 6.434976
 78.800000 1.399777 -0.011760 14.692991
 79.000000 1.493497 -0.075894 5.867577
 79.200000 1.564789 -0.021961 0.259175
 79.400000 1.522612 -0.016484 1.296708
 79.600000 1.487727 0.005661 3.466274
 79.800000 1.376512 0.068730 21.235037
 80.000000 1.559046 0.007869 0.099991
 80.200000 1.584279 -0.063204 2.088259
 80.400000 1.550497 -0.022348 0.455748
 80.600000 1.517116 -0.044261 2.420290
 80.800000 1.555975 0.038465 0.849621
 81.000000 1.558933 0.052354 1.440850
 81.200000 1.497942 -0.037148 3.343887
 81.400000 1.564684 0.019807 0.214840
 81.600000 1.537024 -0.083507 4.057002
 81.800000 1.607991 0.023136 0.959341
 82.000000 1.541651 0.045955 1.480626
 82.200000 1.470913 0.033634 5.553972
 82.400000 1.544939 -0.015111 0.448485
 82.600000 1.447689 0.012579 7.656812
 82.800000 1.537152 0.024839 0.874431
 83.000000 1.582494 0.023857 0.353006
 83.200000 1.486219 -0.069354 5.981616
 83.400000 1.440277 -0.079783 11.700286
 83.600000 1.511247 0.045008 2.785932
 83.800000 1.508542 -0.044586 2.931738
 84.000000 1.571697 -0.037567 0.706034
 84.200000 1.475019 -0.003240 4.591893
 84.400000 1.443465 -0.047679 9.243260
 84.600000 1.502578 -0.061827 4.238203
 84.800000 1.520891 -0.089297 5.232233
 85.000000 1.554691 -0.062074 2.056291
 85.200000 1.477196 -0.048664 5.564576
 85.400000 1.521711 0.052310 2.572867
 85.600000 1.577680 -0.070057 2.477672
 85.800000 1.444323 -0.111193 14.179652
 86.000000 1.430657 0.022650 10.075970
 86.200000 1.588530 0.052236 1.521541
 86.400000 1.582477 -0.064735 2.163538
 86.600000 1.456034 -0.092906 10.900932
 86.800000 1.495009 -0.016290 3.004572
 87.000000 1.522495 0.004102 1.174902
 87.200000 1.595972 -0.061215 2.190555
 87.400000 1.508789 -0.048405 3.093989
 87.600000 1.383598 0.047609 18.654983
 87.800000 1.460617 0.008413 6.105144
 88.000000 1.555114 -0.032633 0.655431
 88.200000 1.557275 -0.021014 0.312205
 88.400000 1.489477 -0.020665 3.519971
 88.600000 1.475737 0.038721 5.267753
 88.800000 1.540249 -0.030669 0.936839
 89.000000 1.529799 -0.060164 2.650240
 89.200000 1.536345 0.014871 0.704034
 89.400000 1.524006 0.008414 1.130080
 89.600000 1.519692 -0.026451 1.655656
 89.800000 1.525248 0.022584 1.292322
 90.000000 1.476532 0.032376 4.966999
 90.200000 1.547579 0.006471 0.290450
 90.400000 1.502449 -0.001187 2.336364
 90.600000 1.453994 0.046890 7.920692
 90.800000 1.496650 0.075361 5.588531
 91.000000 1.531773 0.012131 0.834982
 91.200000 1.624944 -0.012449 1.543484
 91.400000 1.420792 0.010357 11.304245
 91.600000 1.499800 0.062473 4.471660
 91.800000 1.511493 -0.039257 2.528985
 92.000000 1.579642 -0.010513 0.094391
 92.200000 1.602885 -0.001287 0.515673
 92.400000 1.475650 0.036769 5.202426
 92.600000 1.488819 0.044260 4.339635
 92.800000 1.591883 0.005938 0.239960
 93.000000 1.436601 0.063450 11.017119
 93.200000 1.455201 0.101494 11.831645
 93.400000 1.512524 0.103888 7.094179
 93.600000 1.550915 0.014304 0.299935
 93.800000 1.585571 -0.018902 0.287779
 94.000000 1.419777 -0.055350 12.935285
 94.200000 1.596111 -0.006769 0.343327
 94.400000 1.582038 0.017895 0.223309
 94.600000 1.516700 -0.014231 1.564438
 94.800000 1.489833 0.014208 3.378423
 95.000000 1.449815 0.018167 7.483319
 95.200000 1.525136 -0.056093 2.615675
 95.400000 1.513990 -0.043036 2.539558
 95.600000 1.482966 0.002004 3.859119
 95.800000 1.520474 -0.061273 3.143341
 96.000000 1.570051 -0.044931 1.009670
 96.200000 1.569487 -0.030028 0.451694
 96.400000 1.497687 0.005962 2.690276
 96.600000 1.494882 -0.032615 3.413349
 96.800000 1.490717 -0.010735 3.263961
 97.000000 1.559540 0.062050 1.988450
 97.200000 1.544016 -0.026815 0.718112
 97.400000 1.554744 -0.021769 0.365779
 97.600000 1.521778 -0.013101 1.287210
 97.800000 1.503118 0.016212 2.421614
 98.000000 1.565860 0.029917 0.459703
 98.200000 1.500838 -0.026795 2.806095
 98.400000 1.469839 -0.062088 7.023675
 98.600000 1.483225 -0.056045 5.404897
 98.800000 1.608950 -0.004062 0.736102
 99.000000 1.509019 0.003012 1.912731
 99.200000 1.486473 0.041717 4.425375
 99.400000 1.473777 0.044213 5.683819
 99.600000 1.472457 -0.038284 5.568152
 99.800000 1.623688 0.013135 1.485025
 100.000000 1.560138 -0.105016 5.570937
 100.200000 1.418185 -0.057650 13.306831
 100.400000 1.439533 0.018999 8.795471
 100.600000 1.541294 0.054704 1.931491
 100.800000 1.469056 -0.021545 5.407640
 101.000000 1.437358 -0.100215 13.924389
 101.200000 1.513735 0.005132 1.641177
 101.400000 1.551642 -0.053016 1.588787
 101.600000 1.457178 -0.013856 6.550516
 101.800000 1.475864 0.045395 5.536407
 102.000000 1.549798 0.010348 0.274006
 102.200000 1.434357 -0.040781 10.139365
 102.400000 1.472851 -0.052773 6.189165
 102.600000 1.550942 -0.064418 2.271943
 102.800000 1.494008 -0.046835 4.044958
 103.000000 1.467723 -0.095722 9.893362
 103.200000 1.511804 -0.119248 8.850085
 103.400000 1.505093 -0.045999 3.216422
 103.600000 1.423552 -0.076219 13.745100
 103.800000 1.506130 -0.058882 3.824394
 104.000000 1.561914 -0.025803 0.372344
 104.200000 1.451250 -0.023363 7.418636
 104.400000 1.459533 0.002844 6.193826
 104.600000 1.468137 -0.076833 8.221129
 104.800000 1.513335 0.059397 3.414934
 105.000000 1.542214 -0.001053 0.409031
 105.200000 1.501484 0.040885 3.237879
 105.400000 1.433081 -0.019940 9.681487
 105.600000 1.519517 0.069772 3.748843
 105.800000 1.513363 0.020704 1.863612
 106.000000 1.469005 -0.017880 5.340629
 106.200000 1.499870 0.001081 2.515834
 106.400000 1.541565 -0.008676 0.464882
 106.600000 1.523438 0.044715 2.121121
 106.800000 1.401490 0.007107 14.357507
 107.000000 1.550660 -0.117615 7.119354
 107.200000 1.643124 -0.024283 2.910505
 107.400000 1.546003 0.014119 0.407017
 107.600000 1.409604 -0.032500 13.519613
 107.800000 1.462810 -0.001620 5.831880
 108.000000 1.547284 0.066862 2.511662
 108.200000 1.507771 -0.060065 3.790025
 108.400000 1.450823 -0.058928 8.933041
 108.600000 1.516681 -0.021045 1.685683
 108.800000 1.497292 0.016014 2.829639
 109.000000 1.413534 -0.027446 12.742429
 109.200000 1.465780 -0.066612 7.732776
 109.400000 1.617675 -0.049391 2.318546
 109.600000 1.502415 -0.011890 2.408699
 109.800000 1.378336 -0.057115 20.151491
 110.000000 1.509936 0.014707 1.960133
 110.200000 1.557493 0.055911 1.651501
 110.400000 1.428720 -0.077960 13.131684
 110.600000 1.460147 -0.040245 6.931491
 110.800000 1.516690 0.034163 2.047306
 111.000000 1.488331 0.018693 3.574940
 111.200000 1.479488 -0.011460 4.234291
 111.400000 1.429131 0.042633 10.943285
 111.600000 1.438298 0.053935 10.232391
 111.800000 1.601853 -0.023002 0.746788
 112.000000 1.597807 -0.050185 1.624069
 112.200000 1.429630 0.034103 10.545513
 112.400000 1.466873 0.051464 6.724281
 112.600000 1.467490 -0.034535 5.932432
 112.800000 1.579286 0.035633 0.670894
 113.000000 1.561062 0.039264 0.818193
 113.200000 1.449812 -0.031785 7.823722
 113.400000 1.558828 -0.068967 2.449834
 113.600000 1.520283 0.104490 6.734852
 113.800000 1.557331 0.008331 0.125361
 114.000000 1.608027 -0.058320 2.393652
 114.200000 1.544739 -0.049727 1.575864
 114.400000 1.423188 0.005705 10.910401
 114.600000 1.527791 0.078085 3.973350
 114.800000 1.601845 -0.093005 4.807012
 115.000000 1.529098 -0.031368 1.361363
 115.200000 1.532164 0.007218 0.772291
 115.400000 1.520202 0.000599 1.280050
 115.600000 1.542089 -0.021992 0.653887
 115.800000 1.530989 -0.064363 2.863620
 116.000000 1.492245 -0.063043 5.072348
 116.200000 1.477936 -0.013267 4.399551
 116.400000 1.573993 0.018377 0.173970
 116.600000 1.500654 -0.039853 3.254134
 116.800000 1.516596 0.014543 1.574585
 117.000000 1.461602 0.025354 6.283066
 117.200000 1.431534 -0.126816 17.738160
 117.400000 1.591781 -0.045863 1.271905
 117.600000 1.546032 -0.086476 4.045664
 117.800000 1.500541 -0.023058 2.733712
 118.000000 1.405820 -0.054439 15.090336
 118.200000 1.516884 -0.072053 4.049068
 118.400000 1.551348 -0.044733 1.189625
 118.600000 1.456267 -0.010356 6.612151
 118.800000 1.442197 -0.070551 10.757641
 119.000000 1.460888 -0.081914 9.394823
 119.200000 1.590136 -0.086374 3.917272
 119.400000 1.495245 -0.081989 6.215073
 119.600000 1.362503 0.036640 22.364320
 119.800000 1.490796 0.078723 6.298692
 120.000000 1.491179 0.006360 3.189658
 120.200000 1.439688 -0.062526 10.549461
 120.400000 1.538856 -0.039405 1.286462
 120.600000 1.549030 0.034551 0.833746
 120.800000 1.439102 -0.037359 9.369562
 121.000000 1.522860 -0.094358 5.600636
 121.200000 1.539339 0.024491 0.794688
 121.400000 1.453043 0.032489 7.460758
 121.600000 1.531797 -0.095147 5.286950
 121.800000 1.468305 -0.153230 16.991918
 122.000000 1.499307 -0.098537 7.410179
 122.200000 1.489704 -0.081989 6.649120
 122.400000 1.554055 -0.042262 1.033188
 122.600000 1.581547 -0.075574 2.913490
 122.800000 1.464879 -0.048932 6.806412
 123.000000 1.421624 -0.011362 11.190745
 123.200000 1.474908 -0.047794 5.739478
 123.400000 1.497052 -0.012561 2.797981
 123.600000 1.561635 0.006899 0.065766
 123.800000 1.553605 -0.089638 4.165273
 124.000000 1.534773 -0.095003 5.161640
 124.200000 1.515423 -0.073629 4.243658
 124.400000 1.533495 -0.112619 7.037264
 124.600000 1.584313 0.009580 0.137243
 124.800000 1.501421 0.023312 2.678188
 125.000000 1.444178 -0.062315 9.957663
 125.200000 1.476650 -0.057178 6.066441
 125.400000 1.534268 -0.042072 1.552184
 125.600000 1.533448 -0.016425 0.832336
 125.800000 1.449815 0.008400 7.353479
 126.000000 1.490650 0.132135 11.941632
 126.200000 1.511782 0.066956 3.982850
 126.400000 1.576465 0.017846 0.175300
 126.600000 1.427254 -0.030424 10.765063
 126.800000 1.465591 0.036344 6.194543
 127.000000 1.582509 0.045575 1.107124
 127.200000 1.488447 0.000588 3.390842
 127.400000 1.524857 0.015606 1.176975
 127.600000 1.508874 0.035891 2.561278
 127.800000 1.582744 -0.026883 0.432709
 128.000000 1.564233 -0.123249 7.616704
 128.200000 1.459011 0.010336 6.301349
 128.400000 1.475769 0.049112 5.721085
 128.600000 1.509288 0.030048 2.343070
 128.800000 1.558450 -0.049839 1.318198
 129.000000 1.476632 -0.090574 8.535301
 129.200000 1.481798 -0.040660 4.786999
 129.400000 1.428898 0.063906 12.109589
 129.600000 1.490027 0.043428 4.204856
 129.800000 1.516046 -0.003700 1.505624
 130.000000 1.486354 -0.022736 3.823742
 130.200000 1.494067 -0.026408 3.292420
 130.400000 1.499485 -0.031984 3.054112
 130.600000 1.558253 0.016435 0.213719
 130.800000 1.524994 -0.002124 1.051186
 131.000000 1.495454 -0.081599 6.167457
 131.200000 1.538169 -0.061823 2.443315
 131.400000 1.554731 -0.027951 0.519661
 131.600000 1.505962 -0.043197 3.034729
 131.800000 1.499496 -0.052867 3.939305
 132.000000 1.584213 0.040518 0.910861
 132.200000 1.439845 0.030807 9.048664
 132.400000 1.446318 0.007272 7.773907
 132.600000 1.532079 -0.040359 1.563944
 132.800000 1.561240 -0.040245 0.855506
 133.000000 1.443901 -0.009920 8.100415
 133.200000 1.501548 0.051300 3.713522
 133.400000 1.544263 -0.023801 0.635254
 133.600000 1.492938 -0.071099 5.558506
 133.800000 1.561054 0.004589 0.057982
 134.000000 1.504561 0.004558 2.203975
 134.200000 1.472781 -0.021543 5.035562
 134.400000 1.469651 0.004509 5.125311
 134.600000 1.462854 0.033039 6.371504
 134.800000 1.512671 -0.036371 2.350698
 135.000000 1.513091 -0.041919 2.543543
 135.200000 1.545972 0.014840 0.418237
 135.400000 1.467512 0.005704 5.350122
 135.600000 1.583119 -0.097312 4.810731
 135.800000 1.534023 -0.021840 0.914621
 136.000000 1.461462 0.062427 7.925532
 136.200000 1.413557 0.044672 13.359911
 136.400000 1.492064 -0.005389 3.113912
 136.600000 1.578873 -0.023766 0.315016
 136.800000 1.508500 -0.018313 2.108079
 137.000000 1.544443 -0.047129 1.457807
 137.200000 1.521706 -0.009116 1.246466
 137.400000 1.438166 -0.063587 10.817108
 137.600000 1.520729 -0.022285 1.501662
 137.800000 1.570986 -0.033334 0.555590
 138.000000 1.519569 -0.007034 1.336840
 138.200000 1.532370 -0.011947 0.809652
 138.400000 1.456679 -0.003165 6.516360
 138.600000 1.495727 0.011392 2.882620
 138.800000 1.566156 -0.061524 1.903391
 139.000000 1.398508 -0.072644 17.480290
 139.200000 1.538213 -0.004913 0.542914
 139.400000 1.559607 -0.043267 0.998594
 139.600000 1.514505 -0.069514 4.000449
 139.800000 1.513923 -0.036876 2.297218
 140.000000 1.545092 0.028238 0.729026
 140.200000 1.557251 -0.057922 1.769232
 140.400000 1.419239 -0.013147 11.571244
 140.600000 1.452495 0.066307 9.195876
 140.800000 1.406835 -0.000918 13.442075
 141.000000 1.460811 -0.092879 10.361655
 141.200000 1.582589 -0.098331 4.904020
 141.400000 1.592991 -0.043599 1.196749
 141.600000 1.477835 0.004225 4.329796
 141.800000 1.504406 -0.045666 3.246528
 142.000000 1.480229 -0.019549 4.292278
 142.200000 1.402797 0.020815 14.328606
 142.400000 1.525108 -0.079124 4.174019
 142.600000 1.585648 -0.055024 1.624135
 142.800000 1.534452 0.018958 0.840143
 143.000000 1.430619 0.003235 9.830057
 143.200000 1.489292 0.031744 3.825313
 143.400000 1.522473 -0.079857 4.356127
 143.600000 1.583010 -0.087993 3.945982
 143.800000 1.547924 0.018483 0.432395
 144.000000 1.505083 -0.004188 2.167861
 144.200000 1.560761 -0.017733 0.207595
 144.400000 1.519656 0.034008 1.885929
 144.600000 1.535184 0.053685 2.075160
 144.800000 1.478581 -0.012092 4.324915
 145.000000 1.541347 -0.013640 0.526658
 145.200000 1.591502 0.074659 3.001325
 145.400000 1.496863 0.038573 3.476974
 145.600000 1.508505 -0.027141 2.308442
 145.800000 1.443407 0.028756 8.527406
 146.000000 1.536192 0.063860 2.637825
 146.200000 1.511291 0.073383 4.462937
 146.400000 1.535757 -0.014736 0.722446
 146.600000 1.546501 0.018805 0.471950
 146.800000 1.512562 0.057859 3.369457
 147.000000 1.556242 -0.038550 0.848966
 147.200000 1.510950 -0.037624 2.498584
 147.400000 1.565541 0.017069 0.159478
 147.600000 1.499197 0.067630 4.850155
 147.800000 1.496476 -0.005928 2.779329
 148.000000 1.523744 0.002744 1.110714
 148.200000 1.461757 -0.035024 6.558153
 148.400000 1.492408 -0.081464 6.390618
 148.600000 1.589827 -0.082849 3.613103
 148.800000 1.520314 0.059354 3.035637
 149.000000 1.453083 0.133810 15.880840
 149.200000 1.440926 0.019807 8.629316
 149.400000 1.516003 -0.081748 4.842573
 149.600000 1.583452 0.007119 0.105427
 149.800000 1.551893 0.029479 0.613173
 150.000000 1.484499 -0.038330 4.458200
 150.200000 1.513704 0.003011 1.634322
 150.400000 1.526851 -0.059766 2.751598
 150.600000 1.485143 -0.111715 9.908357
 150.800000 1.490242 -0.050963 4.543065
 151.000000 1.528199 0.017549 1.061244
 151.200000 1.577706 0.038347 0.759102
 151.400000 1.494026 0.013151 3.033289
 151.600000 1.477853 -0.034234 4.905179
 151.800000 1.523546 0.004090 1.124682
 152.000000 1.606573 0.031570 1.138293
 152.200000 1.448286 0.009736 7.551807
 152.400000 1.428391 -0.001326 10.140473
 152.600000 1.508411 -0.002706 1.949617
 152.800000 1.547209 0.001934 0.280042
 153.000000 1.507034 -0.012045 2.105344
 153.200000 1.502825 -0.043105 3.239052
 153.400000 1.527908 -0.072144 3.522059
 153.600000 1.503052 -0.018571 2.467110
 153.800000 1.391835 0.040246 16.823422
 154.000000 1.424015 0.051211 12.083592
 154.200000 1.573809 0.018482 0.175323
 154.400000 1.504077 0.006669 2.247985
 154.600000 1.512871 -0.093516 6.050266
 154.800000 1.506288 -0.117302 8.960530
 155.000000 1.529314 -0.074525 3.637359
 155.200000 1.540363 -0.124192 8.174862
 155.400000 1.482595 -0.088431 7.799687
 155.600000 1.573393 -0.053428 1.430633
 155.800000 1.597758 -0.014000 0.461462
 156.000000 1.543047 -0.036482 1.050455
 156.200000 1.429281 -0.002532 10.016532
 156.400000 1.523530 0.010483 1.171997
 156.600000 1.588040 -0.057779 1.817864
 156.800000 1.469404 0.028930 5.558679
 157.000000 1.453152 -0.061511 8.811886
 157.200000 1.571116 -0.084977 3.610560
 157.400000 1.543683 -0.034130 0.950009
 157.600000 1.489975 -0.088045 7.141963
 157.800000 1.520524 0.017230 1.412092
 158.000000 1.554686 0.013409 0.219668
 158.200000 1.569525 0.022055 0.244016
 158.400000 1.476620 0.025176 4.751531
 158.600000 1.521458 -0.030946 1.695968
 158.800000 1.535348 -0.076593 3.561503
 159.000000 1.526543 -0.057181 2.614001
 159.200000 1.503365 -0.042646 3.182819
 159.400000 1.565478 -0.016633 0.152472
 159.600000 1.500873 -0.122074 9.895715
 159.800000 1.480329 -0.115530 10.765833
 160.000000 1.549805 -0.076005 3.108695
 160.200000 1.518988 -0.109138 7.297643
 160.400000 1.472762 -0.011879 4.875956
 160.600000 1.439893 0.022547 8.822093
 160.800000 1.466991 -0.086454 9.125008
 161.000000 1.492942 -0.089076 6.997892
 161.200000 1.566323 -0.009646 0.056534
 161.400000 1.484653 0.069958 6.157397
 161.600000 1.492469 0.032768 3.604455
 161.800000 1.439541 -0.057083 10.243212
 162.000000 1.471980 -0.024914 5.192691
 162.200000 1.565460 -0.002594 0.017604
 162.400000 1.531787 -0.024134 1.052082
 162.600000 1.488255 0.034468 4.000523
 162.800000 1.461026 0.001144 6.025401
 163.000000 1.509883 0.055424 3.391079
 163.200000 1.467635 0.000459 5.321214
 163.400000 1.460393 -0.028407 6.497903
 163.600000 1.478261 0.050752 5.569222
 163.800000 1.509106 -0.037805 2.617447
 164.000000 1.534571 -0.052494 2.033966
 164.200000 1.490205 -0.033241 3.800000
 164.400000 1.519695 -0.008447 1.341326
 164.600000 1.474250 -0.025479 4.985153
 164.800000 1.510518 0.017816 1.975474
 165.000000 1.465566 0.074414 8.305506
 165.200000 1.495457 0.104555 8.303863
 165.400000 1.565769 -0.027556 0.392303
 165.600000 1.442101 -0.026409 8.629904
 165.800000 1.457352 0.026084 6.775010
 166.000000 1.521648 -0.004819 1.219395
 166.200000 1.555217 -0.047967 1.271761
 166.400000 1.538131 -0.049886 1.777820
 166.600000 1.505499 0.056000 3.699825
 166.800000 1.409785 0.045411 13.993449
 167.000000 1.492755 0.002044 3.047302
 167.200000 1.470233 -0.006904 5.080298
 167.400000 1.475578 -0.059824 6.322751
 167.600000 1.636035 -0.054797 3.629355
 167.800000 1.517891 -0.017019 1.544327
 168.000000 1.507902 0.034673 2.578954
 168.200000 1.504367 0.043901 3.170081
 168.400000 1.465499 -0.034864 6.151501
 168.600000 1.494714 0.025090 3.209002
 168.800000 1.452401 0.087265 10.816300
 169.000000 1.537190 -0.055222 2.089450
 169.200000 1.570527 -0.080048 3.203839
 169.400000 1.455764 0.109525 12.614045
 169.600000 1.409068 0.049289 14.292685
 169.800000 1.555156 -0.041538 0.985023
 170.000000 1.479389 -0.069057 6.562019
 170.200000 1.544436 0.047177 1.460269
 170.400000 1.520508 -0.011098 1.326037
 170.600000 1.442148 -0.123587 15.912073
 170.800000 1.618328 -0.057346 2.773921
 171.000000 1.461004 0.017989 6.189018
 171.200000 1.481214 0.014442 4.116801
 171.400000 1.478933 -0.089326 8.209010
 171.600000 1.477201 -0.052414 5.753656
 171.800000 1.520063 -0.040074 2.089899
 172.000000 1.483688 -0.035093 4.409659
 172.200000 1.502082 0.032721 2.896187
 172.400000 1.487460 -0.089868 7.510602
 172.600000 1.516491 -0.035515 2.105195
 172.800000 1.516090 -0.086222 5.213461
 173.000000 1.512553 -0.036718 2.370261
 173.200000 1.428692 0.054642 11.589747
 173.400000 1.552774 -0.039148 0.928683
 173.600000 1.499358 -0.035514 3.182329
 173.800000 1.574620 -0.065207 2.133309
 174.000000 1.528407 -0.033185 1.449027
 174.200000 1.496278 -0.059485 4.545690
 174.400000 1.496864 -0.011081 2.794422
 174.600000 1.468550 0.054916 6.735038
 174.800000 1.561102 0.028427 0.451026
 175.000000 1.524046 -0.055383 2.626394
 175.200000 1.531794 -0.086477 4.499708
 175.400000 1.462035 -0.018336 6.082641
 175.600000 1.478996 0.020051 4.414678
 175.800000 1.462402 0.016772 6.015259
 176.000000 1.482125 -0.047255 5.047841
 176.200000 1.561876 0.033974 0.616891
 176.400000 1.487035 -0.057768 5.176580
 176.600000 1.630827 0.009617 1.848069
 176.800000 1.497768 0.022859 2.927873
 177.000000 1.469056 -0.007942 5.207095
 177.200000 1.421197 0.020475 11.399570
 177.400000 1.558614 -0.027072 0.440639
 177.600000 1.528011 -0.084624 4.495868
 177.800000 1.442777 -0.051616 9.526635
 178.000000 1.537605 0.055608 2.096933
 178.200000 1.447596 -0.098002 12.391352
 178.400000 1.539022 -0.064390 2.577806
 178.600000 1.545978 -0.057494 1.960765
 178.800000 1.544591 -0.033241 0.895832
 179.000000 1.481231 -0.049597 5.240930
 179.200000 1.522441 0.023653 1.448841
 179.400000 1.550790 -0.012982 0.284382
 179.600000 1.443240 -0.037541 8.839954
 179.800000 1.543929 -0.003073 0.365643
 180.000000 1.545562 -0.048545 1.496690
 180.200000 1.568252 0.034535 0.599565
 180.400000 1.418598 -0.037498 12.285260
 180.600000 1.459519 -0.062449 8.141263
 180.800000 1.516599 -0.061474 3.358225
 181.000000 1.500255 -0.091229 6.649386
 181.200000 1.412400 -0.060675 14.385440
 181.400000 1.458763 -0.089121 10.246943
 181.600000 1.622264 -0.134998 10.436631
 181.800000 1.445942 -0.120428 15.045787
 182.000000 1.421659 -0.049433 12.342842
 182.200000 1.513911 0.007361 1.645039
 182.400000 1.548050 -0.028191 0.656060
 182.600000 1.459437 0.026330 6.547101
 182.800000 1.466526 0.021008 5.656775
 183.000000 1.465710 0.062644 7.483766
 183.200000 1.481051 0.096706 8.703052
 183.400000 1.472145 0.074217 7.620100
 183.600000 1.415752 0.012915 12.102847
 183.800000 1.526819 0.077096 3.938878
 184.000000 1.633190 -0.007987 1.978390
 184.200000 1.475845 -0.030626 4.976823
 184.400000 1.473028 -0.028444 5.183825
 184.600000 1.562024 0.033347 0.594500
 184.800000 1.527563 -0.044361 1.918490
 185.000000 1.444252 0.030590 8.474615
 185.200000 1.512362 0.035974 2.354361
 185.400000 1.554737 -0.023002 0.393501
 185.600000 1.505503 -0.035372 2.757247
 185.800000 1.495502 0.052979 4.238052
 186.000000 1.569130 0.026695 0.357692
 186.200000 1.469228 0.019159 5.341619
 186.400000 1.397986 -0.018338 15.099800
 186.600000 1.586343 -0.093051 4.450105
 186.800000 1.575916 -0.005408 0.027729
 187.000000 1.461778 -0.002669 5.946019
 187.200000 1.400780 0.018135 14.617160
 187.400000 1.535580 -0.023516 0.896579
 187.600000 1.569619 0.007561 0.029279
 187.800000 1.485150 -0.023115 3.934805
 188.000000 1.454648 0.031555 7.243086
 188.200000 1.514588 -0.047634 2.714161
 188.400000 1.541806 -0.030639 0.889603
 188.600000 1.511248 -0.029583 2.210619
 188.800000 1.415852 -0.156961 24.322224
 189.000000 1.531460 -0.105894 6.380414
 189.200000 1.567444 -0.116875 6.835539
 189.400000 1.511827 -0.099823 6.721052
 189.600000 1.446090 -0.030403 8.238030
 189.800000 1.422680 -0.105485 16.532851
 190.000000 1.513328 -0.010114 1.702462
 190.200000 1.546837 -0.007145 0.312553
 190.400000 1.439448 -0.125331 16.480071
 190.600000 1.504277 -0.106062 7.836974
 190.800000 1.575966 -0.100672 5.080822
 191.000000 1.496696 -0.100553 7.800894
 191.200000 1.462644 0.009418 5.892808
 191.400000 1.446909 0.049282 8.888420
 191.600000 1.474777 0.024011 4.898078
 191.800000 1.567332 -0.023270 0.276745
 192.000000 1.549695 -0.012095 0.295771
 192.200000 1.494839 -0.067564 5.167233
 192.400000 1.568614 0.030402 0.464515
 192.600000 1.530435 0.049449 2.037103
 192.800000 1.458322 -0.047426 7.449897
 193.000000 1.555894 0.019022 0.291965
 193.200000 1.581880 0.021376 0.289891
 193.400000 1.426234 -0.023928 10.735357
 193.600000 1.507354 -0.008083 2.045140
 193.800000 1.557387 -0.026016 0.428333
 194.000000 1.429996 0.010378 9.966212
 194.200000 1.520813 0.012264 1.324359
 194.400000 1.561106 0.009617 0.093188
 194.600000 1.482172 -0.064745 6.023041
 194.800000 1.500803 0.046925 3.550506
 195.000000 1.438723 -0.031172 9.207553
 195.200000 1.540246 0.032183 0.984548
 195.400000 1.521086 0.035416 1.862683
 195.600000 1.555749 0.018674 0.287576
 195.800000 1.489655 0.022264 3.539810
 196.000000 1.541272 -0.009927 0.485103
 196.200000 1.543215 -0.027806 0.766961
 196.400000 1.515206 -0.060634 3.383416
 196.600000 1.523272 0.000399 1.129383
 196.800000 1.488230 -0.063678 5.435986
 197.000000 1.572587 0.017068 0.147256
 197.200000 1.552787 0.083273 3.629341
 197.400000 1.533658 -0.040805 1.522134
 197.600000 1.572973 -0.020150 0.205391
 197.800000 1.497231 -0.015593 2.827493
 198.000000 1.528668 0.007530 0.915754
 198.200000 1.597153 -0.004847 0.359074
 198.400000 1.478584 0.031801 4.757190
 198.600000 1.466421 -0.007536 5.475537
 198.800000 1.534137 -0.006233 0.691394
 199.000000 1.528310 0.021676 1.137471
 199.200000 1.526532 -0.029330 1.409781
 199.400000 1.501069 -0.021488 2.661852
 199.600000 1.467915 -0.000491 5.292419
 199.800000 1.563447 0.004568 0.037441
 200.000000 1.476540 -0.011184 4.504657
