#! FIELDS time phi psi restraint.bias
#! SET min_phi -pi
#! SET max_phi pi
#! SET min_psi -pi
#! SET max_psi pi
 0.000000 -0.210017 0.568069 30.511758
 0.200000 -0.082651 0.652153 4.472633
 0.400000 -0.034758 0.663715 1.196310
 0.600000 0.056275 0.720013 1.822844
 0.800000 0.016933 0.704505 0.163671
 1.000000 -0.054931 0.749987 2.853212
 1.200000 -0.010783 0.740646 0.961850
 1.400000 0.033943 0.677672 0.785363
 1.600000 0.005771 0.739312 0.864557
 1.800000 -0.018775 0.579516 7.211081
 2.000000 0.071085 0.649898 3.689739
 2.200000 0.105406 0.635385 7.523791
 2.400000 0.101971 0.687946 5.250962
 2.600000 0.007512 0.665158 0.571837
 2.800000 0.071100 0.754486 4.115479
 3.000000 0.007279 0.716157 0.188956
 3.200000 0.025659 0.736201 1.053834
 3.400000 0.010686 0.761473 2.063151
 3.600000 -0.106240 0.709548 5.708671
 3.800000 -0.085837 0.744005 4.736135
 4.000000 -0.027785 0.631729 2.590675
 4.200000 0.013920 0.684885 0.184617
 4.400000 0.026691 0.678779 0.543473
 4.600000 0.031777 0.626105 3.098832
 4.800000 0.159268 0.639252 14.416484
 5.000000 0.018497 0.725194 0.537238
 5.200000 -0.071461 0.813170 9.170275
 5.400000 0.004011 0.761186 1.995956
 5.600000 -0.057581 0.730230 2.172957
 5.800000 0.030249 0.735134 1.142084
 6.000000 0.136848 0.722351 9.657036
 6.200000 0.020671 0.645477 1.599901
 6.400000 0.083898 0.722270 3.810755
 6.600000 0.036534 0.756274 2.357645
 6.800000 -0.054791 0.694456 1.507761
 7.000000 -0.047151 0.769476 3.656646
 7.200000 -0.141939 0.718821 10.287354
 7.400000 -0.087831 0.669988 4.253173
 7.600000 -0.032749 0.649447 1.721371
 7.800000 -0.055255 0.671655 1.877044
 8.000000 0.026544 0.671173 0.715679
 8.200000 -0.019049 0.672702 0.504763
 8.400000 0.028433 0.698851 0.404469
 8.600000 0.161191 0.803548 18.547478
 8.800000 0.014634 0.736669 0.849629
 9.000000 -0.049872 0.656203 2.122606
 9.200000 -0.052922 0.689258 1.439752
 9.400000 -0.049685 0.712023 1.330759
 9.600000 -0.095460 0.698002 4.556291
 9.800000 -0.009779 0.734293 0.701618
 10.000000 -0.045341 0.663844 1.615731
 10.200000 0.020123 0.671516 0.556653
 10.400000 0.000477 0.727867 0.442203
 10.600000 -0.025575 0.681799 0.460409
 10.800000 0.016865 0.755564 1.791432
 11.000000 -0.006264 0.668068 0.471533
 11.200000 0.036242 0.747144 1.857843
 11.400000 -0.048182 0.725782 1.543007
 11.600000 -0.023678 0.564295 9.236472
 11.800000 0.059228 0.606371 5.963973
 12.000000 0.022022 0.721350 0.512036
 12.200000 -0.008994 0.725565 0.416744
 12.400000 0.020584 0.716774 0.385610
 12.600000 0.000009 0.706821 0.037754
 12.800000 0.079599 0.673454 3.472492
 13.000000 0.085575 0.725312 4.030950
 13.200000 0.011754 0.742176 1.039021
 13.400000 -0.010714 0.801808 5.431821
 13.600000 0.027476 0.746594 1.551761
 13.800000 -0.029480 0.720227 0.678642
 14.000000 -0.033074 0.729989 1.054384
 14.200000 0.019282 0.731937 0.757301
 14.400000 -0.015269 0.698558 0.116663
 14.600000 -0.015639 0.713700 0.243479
 14.800000 0.012917 0.665945 0.601426
 15.000000 -0.054983 0.577699 8.763606
 15.200000 0.017374 0.744224 1.213190
 15.400000 0.003464 0.755037 1.625111
 15.600000 -0.010948 0.704805 0.082199
 15.800000 0.076555 0.748579 4.202792
 16.000000 0.037688 0.699984 0.711898
 16.200000 0.000091 0.698854 0.000265
 16.400000 0.043289 0.687927 0.989054
 16.600000 0.016501 0.685489 0.216058
 16.800000 0.034551 0.709269 0.658887
 17.000000 0.048373 0.683779 1.272960
 17.200000 -0.044913 0.720657 1.262260
 17.400000 -0.053327 0.636342 3.330857
 17.600000 0.068726 0.635804 4.303992
 17.800000 0.012749 0.667879 0.538874
 18.000000 0.046136 0.651583 2.147644
 18.200000 0.041865 0.715574 1.028458
 18.400000 -0.060724 0.669907 2.242019
 18.600000 -0.081050 0.621432 6.225998
 18.800000 0.024155 0.711567 0.381984
 19.000000 -0.150972 0.673783 11.692734
 19.200000 -0.000095 0.639091 1.742904
 19.400000 0.040578 0.644962 2.236771
 19.600000 0.035530 0.609972 4.517285
 19.800000 0.066939 0.717891 2.435648
 20.000000 -0.056565 0.817586 8.734475
 20.200000 -0.088143 0.742832 4.883644
 20.400000 0.017450 0.745202 1.260074
 20.600000 0.120574 0.681842 7.401738
 20.800000 0.076133 0.694713 2.903992
 21.000000 -0.006342 0.648522 1.250687
 21.200000 -0.024404 0.625810 2.913029
 21.400000 -0.074196 0.795831 7.525079
 21.600000 -0.044281 0.749396 2.294392
 21.800000 -0.089933 0.685804 4.119953
 22.000000 -0.033321 0.711579 0.645558
 22.200000 0.041910 0.634529 2.900864
 22.400000 0.007394 0.720941 0.287463
 22.600000 -0.022175 0.746883 1.434224
 22.800000 -0.010897 0.687806 0.112682
 23.000000 0.028978 0.777685 3.584240
 23.200000 -0.035107 0.766081 2.924840
 23.400000 -0.042600 0.763668 3.054923
 23.600000 0.052988 0.726035 1.793181
 23.800000 -0.000189 0.640729 1.647535
 24.000000 -0.002976 0.641785 1.591928
 24.200000 0.042003 0.682080 1.010950
 24.400000 -0.091329 0.728462 4.630493
 24.600000 -0.023013 0.722636 0.565030
 24.800000 -0.013849 0.730305 0.613454
 25.000000 0.046993 0.758150 2.905253
 25.200000 0.010133 0.754841 1.659329
 25.400000 0.047476 0.723182 1.440715
 25.600000 0.101981 0.719751 5.433807
 25.800000 0.003168 0.688472 0.051673
 26.000000 0.084124 0.655552 4.444960
 26.200000 -0.046453 0.649427 2.265003
 26.400000 -0.057542 0.601043 6.368617
 26.600000 0.036316 0.606981 4.813684
 26.800000 0.010523 0.620778 3.047178
 27.000000 -0.008523 0.632728 2.175153
 27.200000 0.148030 0.722101 11.243648
 27.400000 0.099397 0.716486 5.108353
 27.600000 -0.000185 0.729009 0.476723
 27.800000 -0.003328 0.834549 9.310341
 28.000000 -0.047398 0.798268 6.136868
 28.200000 -0.110274 0.810182 12.357849
 28.400000 0.035778 0.744689 1.723843
 28.600000 -0.006185 0.688262 0.067829
 28.800000 -0.005899 0.666333 0.522972
 29.000000 0.083603 0.710680 3.573478
 29.200000 0.030908 0.650116 1.630411
 29.400000 0.059019 0.605654 6.017670
 29.600000 0.047206 0.677912 1.318608
 29.800000 -0.099760 0.669681 5.380715
 30.000000 0.046661 0.763196 3.205350
 30.200000 0.032231 0.727073 0.938236
 30.400000 -0.047665 0.632468 3.291843
 30.600000 -0.008393 0.722950 0.343201
 30.800000 -0.059201 0.764422 3.949608
 31.000000 0.002070 0.728278 0.456529
 31.200000 0.035480 0.726376 1.028269
 31.400000 -0.043770 0.682643 1.077865
 31.600000 -0.017178 0.684752 0.237046
 31.800000 0.009877 0.710699 0.127748
 32.000000 0.005920 0.629471 2.374664
 32.200000 0.014857 0.609185 4.066120
 32.400000 -0.013057 0.687800 0.138611
 32.600000 -0.059570 0.691801 1.794323
 32.800000 0.001475 0.713886 0.125184
 33.000000 0.073277 0.768556 5.164601
 33.200000 -0.047474 0.780670 4.533149
 33.400000 -0.037597 0.757616 2.475978
 33.600000 -0.014968 0.707041 0.151711
 33.800000 0.012140 0.693389 0.084935
 34.000000 0.051202 0.659465 2.058405
 34.200000 0.050897 0.649387 2.483269
 34.400000 -0.026580 0.722898 0.659933
 34.600000 0.014566 0.666964 0.591798
 34.800000 0.029156 0.704062 0.442617
 35.000000 -0.030453 0.678386 0.658622
 35.200000 0.010279 0.714972 0.194637
 35.400000 0.039956 0.769647 3.355481
 35.600000 0.009172 0.686436 0.110462
 35.800000 0.117093 0.710248 6.928785
 36.000000 0.025077 0.617056 3.601050
 36.200000 -0.008247 0.701017 0.038172
 36.400000 0.061483 0.692387 1.906604
 36.600000 -0.066383 0.670291 2.590923
 36.800000 -0.129515 0.721748 8.665980
 37.000000 -0.005035 0.698946 0.013007
 37.200000 0.039846 0.745916 1.935488
 37.400000 0.114921 0.693634 6.613551
 37.600000 0.092077 0.712143 4.337225
 37.800000 -0.000092 0.712204 0.099023
 38.000000 0.101143 0.711028 5.198090
 38.200000 0.009105 0.652948 1.062246
 38.400000 0.020841 0.724117 0.554791
 38.600000 -0.048483 0.701758 1.181895
 38.800000 -0.087029 0.730651 4.315743
 39.000000 -0.024024 0.656948 1.136605
 39.200000 -0.079338 0.585866 9.448966
 39.400000 -0.055551 0.666235 2.051670
 39.600000 0.047272 0.760212 3.044263
 39.800000 0.042524 0.696959 0.904818
 40.000000 0.019182 0.706963 0.222962
 40.200000 0.005816 0.721418 0.288041
 40.400000 0.023125 0.736645 1.009017
 40.600000 0.056980 0.668375 2.066055
 40.800000 0.004362 0.723268 0.325430
 41.000000 -0.066363 0.661935 2.857144
 41.200000 0.016929 0.732260 0.725662
 41.400000 -0.057281 0.659982 2.368276
 41.600000 -0.024086 0.710733 0.369469
 41.800000 -0.014875 0.755617 1.762893
 42.000000 -0.062285 0.665611 2.468535
 42.200000 0.039537 0.721077 1.044827
 42.400000 0.110666 0.815006 12.953298
 42.600000 0.021428 0.708240 0.280670
 42.800000 -0.028349 0.688368 0.449491
 43.000000 0.011123 0.716951 0.238936
 43.200000 -0.002335 0.700341 0.005167
 43.400000 0.058264 0.710008 1.767855
 43.600000 0.056267 0.710819 1.663459
 43.800000 -0.021906 0.696110 0.241979
 44.000000 -0.026258 0.670593 0.723932
 44.200000 -0.001526 0.700556 0.004104
 44.400000 -0.024911 0.743496 1.339229
 44.600000 -0.037403 0.700346 0.701945
 44.800000 0.060531 0.708666 1.887496
 45.000000 0.007073 0.701511 0.030719
 45.200000 0.127930 0.663387 8.786563
 45.400000 -0.011320 0.660877 0.758034
 45.600000 -0.018100 0.760691 2.120650
 45.800000 0.081525 0.752859 4.820688
 46.000000 -0.050160 0.645292 2.654044
 46.200000 0.000991 0.690194 0.031992
 46.400000 0.035061 0.581142 7.457870
 46.600000 0.066929 0.677378 2.455082
 46.800000 0.063657 0.762291 4.084337
 47.000000 0.031795 0.786342 4.396018
 47.200000 -0.041198 0.679240 1.027110
 47.400000 0.012157 0.697599 0.074038
 47.600000 0.121122 0.702278 7.343828
 47.800000 -0.051621 0.709622 1.398379
 48.000000 0.045934 0.636616 2.947044
 48.200000 -0.053157 0.655904 2.304447
 48.400000 -0.018831 0.706763 0.214565
 48.600000 0.057869 0.663175 2.285414
 48.800000 0.151244 0.655954 12.326786
 49.000000 0.023588 0.693860 0.287332
 49.200000 0.041956 0.719107 1.100150
 49.400000 0.093783 0.687258 4.456704
 49.600000 -0.015540 0.736471 0.855694
 49.800000 -0.060887 0.706722 1.890483
 50.000000 -0.040476 0.701966 0.826512
 50.200000 0.011013 0.760370 1.997428
 50.400000 0.013117 0.609383 4.024228
 50.600000 0.084754 0.672796 3.912583
 50.800000 0.012899 0.599447 4.952483
 51.000000 0.099695 0.691227 4.993393
 51.200000 0.024234 0.781110 3.736387
 51.400000 -0.127494 0.694677 8.133344
 51.600000 -0.058605 0.701947 1.724537
 51.800000 -0.063942 0.733513 2.670176
 52.000000 0.048171 0.675523 1.415819
 52.200000 -0.018475 0.694338 0.177861
 52.400000 -0.005832 0.626909 2.553350
 52.600000 0.083592 0.616038 6.863440
 52.800000 0.050892 0.684194 1.392149
 53.000000 0.080263 0.703837 3.237370
 53.200000 0.032820 0.709488 0.603060
 53.400000 -0.007472 0.695803 0.030627
 53.600000 -0.038653 0.672988 1.063128
 53.800000 0.059931 0.717833 1.989911
 54.000000 -0.040741 0.721786 1.109674
 54.200000 -0.042890 0.696992 0.920421
 54.400000 -0.015961 0.701756 0.133948
 54.600000 -0.072934 0.747672 3.886798
 54.800000 -0.016722 0.751126 1.544007
 55.000000 0.040730 0.669047 1.252432
 55.200000 0.017754 0.622234 3.037812
 55.400000 0.045841 0.675846 1.299006
 55.600000 -0.007144 0.689581 0.062071
 55.800000 0.030675 0.699552 0.471496
 56.000000 -0.036675 0.738617 1.492079
 56.200000 0.019703 0.691824 0.213995
 56.400000 0.099184 0.776785 8.011924
 56.600000 0.024779 0.686187 0.378338
 56.800000 0.088820 0.658326 4.736695
 57.000000 0.009226 0.714755 0.180730
 57.200000 -0.017213 0.768391 2.616334
 57.400000 -0.037830 0.753741 2.261791
 57.600000 0.008722 0.716665 0.209777
 57.800000 0.012294 0.722710 0.377610
 58.000000 0.005628 0.654254 0.978462
 58.200000 -0.030535 0.624763 3.157682
 58.400000 0.029585 0.695564 0.440944
 58.600000 0.080820 0.683477 3.373325
 58.800000 -0.000558 0.636775 1.882452
 59.000000 -0.049182 0.688396 1.256843
 59.200000 0.016869 0.695458 0.145851
 59.400000 0.019050 0.792969 4.678487
 59.600000 -0.015810 0.756967 1.855752
 59.800000 -0.076738 0.682625 3.064571
 60.000000 -0.052151 0.629227 3.733805
 60.200000 0.105753 0.654413 6.547469
 60.400000 0.081179 0.646320 4.637230
 60.600000 0.009277 0.612597 3.701080
 60.800000 -0.034927 0.760539 2.557252
 61.000000 -0.082481 0.771836 6.117790
 61.200000 0.035506 0.720162 0.873025
 61.400000 0.072562 0.710599 2.710363
 61.600000 -0.058014 0.691299 1.706132
 61.800000 0.021591 0.754474 1.820342
 62.000000 0.105522 0.676472 5.801975
 62.200000 0.018648 0.643844 1.647436
 62.400000 0.034996 0.686039 0.685472
 62.600000 -0.009828 0.680552 0.202813
 62.800000 0.046884 0.722564 1.397539
 63.000000 0.016055 0.680506 0.284211
 63.200000 -0.077898 0.690027 3.066851
 63.400000 0.012003 0.669231 0.489654
 63.600000 0.060751 0.670490 2.227382
 63.800000 -0.033309 0.725587 0.931648
 64.000000 0.057647 0.731057 2.203619
 64.200000 0.045604 0.671642 1.390709
 64.400000 0.050526 0.680947 1.424085
 64.600000 0.064629 0.773279 4.911988
 64.800000 -0.105388 0.696378 5.554829
 65.000000 -0.066876 0.718609 2.445839
 65.200000 0.028377 0.722551 0.700775
 65.400000 -0.026680 0.720129 0.597846
 65.600000 -0.041385 0.682544 0.977829
 65.800000 0.146099 0.696643 10.673567
 66.000000 0.046653 0.770291 3.691701
 66.200000 0.052162 0.742073 2.325844
 66.400000 -0.020118 0.664931 0.753509
 66.600000 -0.126489 0.743143 9.012753
 66.800000 -0.000310 0.733398 0.621901
 67.000000 -0.024474 0.666725 0.792680
 67.200000 0.011670 0.673925 0.361071
 67.400000 0.075045 0.753610 4.354765
 67.600000 0.046156 0.667812 1.524809
 67.800000 0.017124 0.726250 0.541939
 68.000000 0.011703 0.659999 0.795518
 68.200000 0.030352 0.720509 0.711011
 68.400000 -0.067631 0.742075 3.252521
 68.600000 -0.009769 0.694273 0.055164
 68.800000 0.009943 0.634210 2.092415
 69.000000 -0.019416 0.700609 0.191560
 69.200000 0.056193 0.701552 1.584660
 69.400000 -0.048444 0.724309 1.516036
 69.600000 -0.043104 0.694699 0.934857
 69.800000 0.059256 0.682209 1.882403
 70.000000 -0.019015 0.708998 0.239820
 70.200000 0.033903 0.731869 1.143828
 70.400000 0.023372 0.656530 1.138470
 70.600000 -0.006748 0.704033 0.040182
 70.800000 0.031528 0.730835 1.031771
 71.000000 0.035879 0.691668 0.664529
 71.200000 -0.084205 0.638808 5.304925
 71.400000 -0.009836 0.707390 0.091231
 71.600000 0.022278 0.732063 0.823818
 71.800000 -0.062633 0.715972 2.120621
 72.000000 0.009212 0.764238 2.227466
 72.200000 0.004875 0.618296 3.198732
 72.400000 0.053856 0.681278 1.592269
 72.600000 0.060128 0.727829 2.248618
 72.800000 0.031537 0.670369 0.882662
 73.000000 0.047742 0.697110 1.140191
 73.200000 -0.026845 0.688585 0.405898
 73.400000 0.064292 0.736244 2.792965
 73.600000 -0.071982 0.704253 2.609462
 73.800000 0.008057 0.720963 0.293089
 74.000000 0.022451 0.645054 1.660631
 74.200000 0.084842 0.629319 5.966646
 74.400000 0.024397 0.702365 0.306573
 74.600000 0.007853 0.676459 0.265695
 74.800000 0.042230 0.730839 1.426559
 75.000000 0.006616 0.706577 0.057549
 75.200000 0.001331 0.718970 0.218009
 75.400000 0.005337 0.772804 2.802219
 75.600000 0.016426 0.729054 0.612990
 75.800000 0.042481 0.728750 1.371072
 76.000000 0.026937 0.665733 0.887638
 76.200000 0.048889 0.696640 1.196174
 76.400000 -0.002565 0.715286 0.150418
 76.600000 0.041622 0.723488 1.187651
 76.800000 0.007242 0.624512 2.736142
 77.000000 -0.060719 0.598028 6.853758
 77.200000 -0.005466 0.732671 0.611433
 77.400000 0.020398 0.641308 1.822481
 77.600000 0.019455 0.743733 1.228965
 77.800000 -0.014360 0.764605 2.312435
 78.000000 0.058305 0.718452 1.906226
 78.200000 0.027789 0.723542 0.708949
 78.400000 0.023885 0.757270 2.033923
 78.600000 -0.053652 0.633405 3.534008
 78.800000 -0.001312 0.697311 0.001197
 79.000000 0.024689 0.670671 0.681811
 79.200000 0.068763 0.668073 2.815955
 79.400000 -0.033608 0.616937 3.861051
 79.600000 0.035783 0.666222 1.149322
 79.800000 0.036071 0.728817 1.121374
 80.000000 0.081376 0.741875 4.267765
 80.200000 -0.031349 0.738817 1.319025
 80.400000 -0.019938 0.744056 1.253276
 80.600000 -0.005240 0.760545 1.961413
 80.800000 0.019694 0.734713 0.863028
 81.000000 0.049255 0.688142 1.262908
 81.200000 0.045314 0.692292 1.043735
 81.400000 0.020089 0.676705 0.431321
 81.600000 0.079639 0.708016 3.220053
 81.800000 0.079521 0.648832 4.376990
 82.000000 0.005020 0.556454 10.048817
 82.200000 0.033176 0.577236 7.858259
 82.400000 0.012526 0.718331 0.282454
 82.600000 -0.056813 0.709861 1.682668
 82.800000 -0.025944 0.725404 0.708437
 83.000000 -0.035175 0.745953 1.762105
 83.200000 -0.042521 0.683261 1.014602
 83.400000 0.106292 0.760796 7.612372
 83.600000 0.019071 0.637136 2.042101
 83.800000 0.069878 0.635721 4.388980
 84.000000 0.049439 0.690366 1.252238
 84.200000 -0.017861 0.714761 0.297787
 84.400000 -0.075364 0.736179 3.563672
 84.600000 0.032102 0.725904 0.900924
 84.800000 0.032228 0.605984 4.764907
 85.000000 0.106755 0.689602 5.734678
 85.200000 0.039509 0.616562 4.107287
 85.400000 -0.142539 0.721408 10.429502
 85.600000 -0.092325 0.710944 4.343991
 85.800000 0.105730 0.662964 6.207775
 86.000000 -0.014839 0.583508 6.679456
 86.200000 0.003983 0.610293 3.865738
 86.400000 0.098600 0.623463 7.648722
 86.600000 -0.024164 0.642617 1.832915
 86.800000 -0.001710 0.592509 5.579587
 87.000000 0.026398 0.762401 2.413654
 87.200000 -0.077632 0.719122 3.233689
 87.400000 -0.073193 0.726308 3.075555
 87.600000 -0.028096 0.764920 2.625037
 87.800000 -0.116272 0.753118 8.271403
 88.000000 -0.029033 0.631649 2.631416
 88.200000 0.145566 0.691658 10.615679
 88.400000 0.047264 0.679037 1.299271
 88.600000 0.036127 0.589215 6.584004
 88.800000 -0.047813 0.709750 1.210552
 89.000000 -0.070163 0.700703 2.464720
 89.200000 -0.034648 0.709099 0.660387
 89.400000 0.117998 0.702673 6.972111
 89.600000 0.048501 0.685193 1.259870
 89.800000 -0.039052 0.655756 1.660374
 90.000000 0.041388 0.841576 11.144555
 90.200000 -0.035005 0.738717 1.436253
 90.400000 -0.056133 0.779763 4.907292
 90.600000 0.092445 0.638388 6.057655
 90.800000 0.000358 0.562102 9.252094
 91.000000 -0.084420 0.670494 3.945293
 91.200000 0.045950 0.654880 1.991059
 91.400000 0.032085 0.635180 2.496171
 91.600000 0.053074 0.650117 2.561144
 91.800000 0.008850 0.709454 0.103262
 92.000000 -0.072039 0.685092 2.679791
 92.200000 0.001342 0.810593 6.324696
 92.400000 0.092201 0.738787 5.076965
 92.600000 0.064530 0.671804 2.428614
 92.800000 0.107855 0.673184 6.127588
 93.000000 0.088471 0.607628 8.009041
 93.200000 0.010484 0.641184 1.676449
 93.400000 0.005810 0.627219 2.531202
 93.600000 -0.092950 0.701203 4.324582
 93.800000 -0.032359 0.748892 1.811878
 94.000000 0.102299 0.760244 7.161490
 94.200000 -0.052253 0.700153 1.367225
 94.400000 0.002945 0.689075 0.045344
 94.600000 0.055494 0.729197 2.022328
 94.800000 0.045094 0.625944 3.622312
 95.000000 0.126796 0.677427 8.252928
 95.200000 -0.058717 0.736447 2.457869
 95.400000 -0.058918 0.697868 1.735721
 95.600000 -0.041762 0.751852 2.314944
 95.800000 -0.006244 0.735093 0.702563
 96.000000 0.022481 0.686777 0.317168
 96.200000 0.057967 0.617508 4.930146
 96.400000 -0.015571 0.738832 0.949474
 96.600000 -0.017737 0.693418 0.168411
 96.800000 -0.010666 0.684683 0.147307
 97.000000 -0.004087 0.777953 3.194034
 97.200000 -0.044732 0.674823 1.272127
 97.400000 0.114986 0.654689 7.554538
 97.600000 0.001843 0.630591 2.282605
 97.800000 0.070002 0.700290 2.452487
 98.000000 -0.028557 0.685181 0.491604
 98.200000 -0.040441 0.676175 1.058758
 98.400000 0.019009 0.736051 0.899621
 98.600000 0.004741 0.715905 0.169184
 98.800000 -0.076926 0.681634 3.094913
 99.000000 0.089998 0.640554 5.707423
 99.200000 0.027366 0.675620 0.627830
 99.400000 0.036851 0.696201 0.680877
 99.600000 0.043079 0.638155 2.726481
 99.800000 0.005619 0.746815 1.200821
 100.000000 0.005205 0.701740 0.020058
 100.200000 -0.028853 0.669034 0.839593
 100.400000 -0.030470 0.710205 0.537078
 100.600000 0.004829 0.725191 0.377754
 100.800000 0.056843 0.801233 6.930509
 101.000000 -0.024350 0.676793 0.524126
 101.200000 0.024680 0.700208 0.306718
 101.400000 0.067635 0.723810 2.616944
 101.600000 -0.054932 0.646872 2.822554
 101.800000 0.020784 0.775302 3.193600
 102.000000 -0.026857 0.643896 1.831403
 102.200000 0.074317 0.676038 3.005586
 102.400000 0.081603 0.684954 3.416364
 102.600000 0.029753 0.646004 1.801294
 102.800000 -0.057705 0.718955 1.881746
 103.000000 -0.067503 0.739655 3.140377
 103.200000 -0.016724 0.700064 0.141708
 103.400000 0.000160 0.681735 0.134445
 103.600000 -0.029843 0.658556 1.228433
 103.800000 0.052209 0.673539 1.665281
 104.000000 -0.004260 0.676940 0.233621
 104.200000 0.043838 0.709433 1.024763
 104.400000 0.022452 0.744145 1.310685
 104.600000 -0.056348 0.715738 1.742539
 104.800000 -0.008653 0.699855 0.038920
 105.000000 0.047525 0.649411 2.316160
 105.200000 0.064552 0.738401 2.894256
 105.400000 0.043082 0.695344 0.931916
 105.600000 -0.022527 0.660096 0.977086
 105.800000 -0.014931 0.731825 0.679084
 106.000000 0.039070 0.699693 0.764467
 106.200000 -0.022745 0.753105 1.769722
 106.400000 -0.058866 0.663458 2.333731
 106.600000 0.032014 0.691646 0.533489
 106.800000 0.052627 0.724054 1.720771
 107.000000 0.022337 0.685606 0.327907
 107.200000 0.008935 0.674852 0.310892
 107.400000 -0.009156 0.698397 0.041949
 107.600000 0.108604 0.753454 7.427686
 107.800000 0.091362 0.719993 4.412474
 108.000000 -0.055862 0.663665 2.154273
 108.200000 0.017680 0.670244 0.545148
 108.400000 -0.020033 0.688755 0.244630
 108.600000 -0.068648 0.661350 3.032714
 108.800000 0.011415 0.720619 0.317990
 109.000000 -0.032241 0.709798 0.587785
 109.200000 0.012761 0.696578 0.082632
 109.400000 0.092578 0.679083 4.466793
 109.600000 0.042763 0.673990 1.205728
 109.800000 0.025908 0.716533 0.504921
 110.000000 -0.002669 0.699010 0.003947
 110.200000 -0.007514 0.752475 1.504852
 110.400000 0.043299 0.708500 0.991176
 110.600000 -0.010775 0.681606 0.194601
 110.800000 -0.032765 0.722882 0.843060
 111.000000 -0.057732 0.684386 1.760953
 111.200000 0.052684 0.712945 1.497534
 111.400000 -0.004322 0.649621 1.186007
 111.600000 0.070366 0.664547 3.039662
 111.800000 0.073465 0.622430 5.563918
 112.000000 0.040935 0.569754 9.078294
 112.200000 0.098670 0.695178 4.872204
 112.400000 -0.040738 0.657751 1.645105
 112.600000 0.007942 0.708566 0.085973
 112.800000 0.017165 0.742423 1.128168
 113.000000 0.008692 0.731321 0.588550
 113.200000 -0.003655 0.821406 7.604970
 113.400000 -0.135262 0.741570 10.091344
 113.600000 -0.034355 0.732159 1.169090
 113.800000 0.055698 0.726294 1.947671
 114.000000 0.063901 0.598747 6.980363
 114.200000 0.094003 0.656028 5.304668
 114.400000 0.002528 0.625340 2.652533
 114.600000 -0.029598 0.688386 0.485508
 114.800000 0.009861 0.687945 0.100507
 115.000000 0.023671 0.704284 0.299088
 115.200000 0.047468 0.721161 1.391798
 115.400000 0.077342 0.739903 3.863319
 115.600000 0.022553 0.744597 1.333838
 115.800000 0.037212 0.729045 1.170164
 116.000000 0.083929 0.634332 5.557244
 116.200000 0.073967 0.652483 3.777467
 116.400000 0.003212 0.674523 0.283846
 116.600000 -0.071902 0.666562 3.083258
 116.800000 -0.095937 0.707066 4.641859
 117.000000 -0.081673 0.724156 3.673853
 117.200000 0.088015 0.683190 3.984963
 117.400000 -0.004414 0.651710 1.087251
 117.600000 0.036964 0.633572 2.767184
 117.800000 0.042213 0.714420 1.023646
 118.000000 -0.004409 0.725524 0.384879
 118.200000 0.057430 0.750169 3.003023
 118.400000 -0.120114 0.729722 7.712619
 118.600000 -0.073857 0.728534 3.189567
 118.800000 0.051230 0.697978 1.312247
 119.000000 0.092195 0.698037 4.249948
 119.200000 0.074195 0.522284 18.213727
 119.400000 0.036997 0.692994 0.697574
 119.600000 -0.039009 0.744788 1.849274
 119.800000 0.023138 0.665421 0.802694
 120.000000 -0.002083 0.737107 0.761707
 120.200000 -0.117989 0.707814 7.007586
 120.400000 0.073264 0.702265 2.692328
 120.600000 0.120855 0.680137 7.464805
 120.800000 0.045183 0.600563 5.780537
 121.000000 0.043348 0.751683 2.373366
 121.200000 -0.047981 0.648533 2.381105
 121.400000 -0.007978 0.707429 0.075042
 121.600000 0.093663 0.724342 4.729910
 121.800000 -0.061334 0.691342 1.903986
 122.000000 -0.030694 0.706538 0.506390
 122.200000 0.059626 0.748354 3.038810
 122.400000 -0.034421 0.741864 1.548685
 122.600000 0.035345 0.709431 0.688458
 122.800000 -0.025383 0.714076 0.449250
 123.000000 -0.005244 0.716296 0.178721
 123.200000 0.041921 0.676948 1.103032
 123.400000 0.096288 0.640616 6.289740
 123.600000 0.086266 0.658716 4.497738
 123.800000 0.068382 0.697400 2.338322
 124.000000 0.020307 0.743079 1.216304
 124.200000 -0.007391 0.727509 0.458824
 124.400000 -0.019777 0.732610 0.789956
 124.600000 0.011769 0.837266 9.748475
 124.800000 0.036653 0.770131 3.263671
 125.000000 -0.011323 0.722051 0.350165
 125.200000 -0.019243 0.678288 0.382040
 125.400000 0.007876 0.635334 2.002764
 125.600000 0.059867 0.666890 2.280050
 125.800000 0.014101 0.664091 0.678796
 126.000000 0.030361 0.611157 4.243189
 126.200000 0.011039 0.708255 0.112171
 126.400000 -0.073401 0.709820 2.762191
 126.600000 0.023522 0.694891 0.281895
 126.800000 0.060058 0.783646 5.459849
 127.000000 0.056124 0.814677 8.366345
 127.200000 0.069605 0.730324 2.940581
 127.400000 -0.113063 0.678684 6.580694
 127.600000 -0.088140 0.709500 3.948907
 127.800000 0.061898 0.725348 2.286054
 128.000000 0.075837 0.689801 2.910313
 128.200000 0.037799 0.617138 3.994358
 128.400000 0.033659 0.669579 0.974114
 128.600000 -0.026877 0.706679 0.397714
 128.800000 -0.009681 0.732706 0.644552
 129.000000 -0.010700 0.698768 0.057445
 129.200000 -0.022128 0.631642 2.455255
 129.400000 -0.075055 0.644660 4.246274
 129.600000 0.082307 0.773080 6.195849
 129.800000 0.045483 0.680524 1.189358
 130.000000 0.025007 0.677107 0.533686
 130.200000 -0.043702 0.641416 2.563265
 130.400000 0.013866 0.663513 0.695374
 130.600000 -0.009034 0.684259 0.137026
 130.800000 -0.012136 0.719827 0.308986
 131.000000 -0.017261 0.688958 0.191052
 131.200000 -0.068352 0.696857 2.336830
 131.400000 0.080723 0.731087 3.801097
 131.600000 -0.069137 0.755970 4.062632
 131.800000 -0.055426 0.668900 1.963276
 132.000000 0.102825 0.721083 5.549851
 132.200000 0.118357 0.763598 9.147070
 132.400000 0.022396 0.713107 0.362926
 132.600000 -0.043329 0.702542 0.948432
 132.800000 -0.028379 0.715981 0.561984
 133.000000 0.085785 0.717586 3.868740
 133.200000 0.031748 0.722127 0.791861
 133.400000 -0.025874 0.650189 1.483998
 133.600000 0.003165 0.643778 1.482191
 133.800000 0.108816 0.667231 6.397933
 134.000000 -0.010701 0.666687 0.551640
 134.200000 -0.045167 0.707950 1.068203
 134.400000 -0.101093 0.671626 5.461183
 134.600000 -0.055046 0.655107 2.440614
 134.800000 0.114217 0.746249 7.680445
 135.000000 0.032000 0.715301 0.659377
 135.200000 0.002171 0.677605 0.213032
 135.400000 0.011100 0.634383 2.093522
 135.600000 0.004615 0.668212 0.458245
 135.800000 -0.002863 0.719478 0.231934
 136.000000 -0.019004 0.624377 2.900478
 136.200000 -0.025728 0.699085 0.331422
 136.400000 -0.045836 0.764509 3.253459
 136.600000 0.008462 0.803150 5.550260
 136.800000 0.019926 0.668139 0.648282
 137.000000 -0.006153 0.639121 1.760086
 137.200000 -0.002764 0.666872 0.492415
 137.400000 0.013389 0.674460 0.369806
 137.600000 0.039690 0.766649 3.134971
 137.800000 -0.053739 0.743939 2.493066
 138.000000 -0.026301 0.718680 0.556985
 138.200000 0.025315 0.744112 1.377516
 138.400000 0.054774 0.699180 1.500638
 138.600000 0.035173 0.693216 0.630664
 138.800000 -0.023439 0.753142 1.787751
 139.000000 0.105691 0.708125 5.635253
 139.200000 0.097745 0.746892 5.965849
 139.400000 0.057099 0.638616 3.401205
 139.600000 0.057921 0.678393 1.872237
 139.800000 0.067592 0.687414 2.341798
 140.000000 0.030656 0.635949 2.403271
 140.200000 0.026190 0.607803 4.422559
 140.400000 -0.017181 0.677587 0.358651
 140.600000 -0.032619 0.670635 0.910039
 140.800000 -0.020976 0.644752 1.644702
 141.000000 0.031913 0.681900 0.640948
 141.200000 0.024532 0.740625 1.203747
 141.400000 -0.035133 0.738416 1.428583
 141.600000 -0.011011 0.740969 0.978147
 141.800000 0.007477 0.705193 0.052889
 142.000000 0.022747 0.715700 0.413038
 142.200000 0.065862 0.691479 2.191032
 142.400000 0.008563 0.697441 0.036902
 142.600000 0.006983 0.684695 0.114650
 142.800000 -0.063828 0.629315 4.404850
 143.000000 -0.080443 0.712259 3.335308
 143.200000 0.039353 0.750047 2.121952
 143.400000 -0.037819 0.624951 3.392794
 143.600000 0.006306 0.629542 2.372158
 143.800000 0.025464 0.633629 2.404496
 144.000000 0.011337 0.677216 0.283001
 144.200000 -0.044576 0.781323 4.453883
 144.400000 -0.016775 0.742722 1.134876
 144.600000 0.032862 0.732946 1.145964
 144.800000 0.008390 0.688941 0.077435
 145.000000 0.069122 0.759932 4.298506
 145.200000 -0.027379 0.656979 1.221555
 145.400000 0.049663 0.640473 2.895471
 145.600000 -0.006529 0.652904 1.044063
 145.800000 -0.042954 0.657695 1.740092
 146.000000 0.017303 0.731024 0.690657
 146.200000 -0.035928 0.642096 2.215415
 146.400000 0.015306 0.694126 0.125153
 146.600000 0.006574 0.617591 3.265021
 146.800000 -0.019860 0.626268 2.779412
 147.000000 -0.065968 0.783859 5.850493
 147.200000 -0.034906 0.746704 1.788848
 147.400000 -0.023614 0.725807 0.661754
 147.600000 0.042515 0.748161 2.155253
 147.800000 -0.020407 0.654831 1.145675
 148.000000 -0.052387 0.652904 2.394951
 148.200000 0.001529 0.695961 0.003525
 148.400000 -0.026926 0.621845 3.272304
 148.600000 -0.020273 0.718758 0.418213
 148.800000 0.014252 0.724934 0.460743
 149.000000 -0.000688 0.662418 0.637984
 149.200000 0.002688 0.674430 0.284497
 149.400000 -0.001863 0.731829 0.569481
 149.600000 0.001161 0.748683 1.278409
 149.800000 0.092842 0.742554 5.296517
 150.000000 0.074602 0.656626 3.644063
 150.200000 0.033498 0.635321 2.533648
 150.400000 0.001998 0.663146 0.614007
 150.600000 -0.015818 0.721209 0.391379
 150.800000 0.013601 0.716857 0.267807
 151.000000 0.029282 0.730371 0.948400
 151.200000 -0.024071 0.670397 0.674293
 151.400000 0.050003 0.722727 1.552640
 151.600000 -0.000123 0.583981 6.515251
 151.800000 0.024756 0.657954 1.113560
 152.000000 0.019365 0.605920 4.439012
 152.200000 0.005987 0.644867 1.436485
 152.400000 -0.056023 0.767333 3.963639
 152.600000 -0.016194 0.769608 2.685574
 152.800000 0.004869 0.691899 0.031272
 153.000000 0.042339 0.735779 1.604952
 153.200000 0.110022 0.764095 8.227962
 153.400000 0.072567 0.715195 2.778571
 153.600000 0.032018 0.717888 0.707726
 153.800000 -0.034011 0.743329 1.599768
 154.000000 -0.060298 0.811961 8.296465
 154.200000 0.023804 0.845369 11.122791
 154.400000 -0.102759 0.645210 6.680092
 154.600000 -0.077585 0.607589 7.108664
 154.800000 0.043506 0.659125 1.707165
 155.000000 -0.047507 0.638431 2.910557
 155.200000 -0.033648 0.659686 1.305144
 155.400000 -0.013924 0.717966 0.293643
 155.600000 0.041613 0.728470 1.326012
 155.800000 0.009159 0.749901 1.381977
 156.000000 -0.032936 0.695391 0.546129
 156.200000 0.108430 0.721418 6.149615
 156.400000 0.051643 0.681881 1.465518
 156.600000 0.069662 0.724462 2.773061
 156.800000 -0.052861 0.674394 1.678864
 157.000000 -0.056933 0.746506 2.790710
 157.200000 0.080988 0.736667 4.021980
 157.400000 -0.049678 0.587819 7.318362
 157.600000 -0.022949 0.611135 4.047507
 157.800000 0.070479 0.651299 3.580278
 158.000000 0.018347 0.614336 3.679172
 158.200000 0.113314 0.610488 10.260737
 158.400000 -0.004985 0.664409 0.581048
 158.600000 0.005035 0.716384 0.179242
 158.800000 0.066209 0.819307 9.533569
 159.000000 -0.127451 0.727490 8.552778
 159.200000 0.056175 0.765355 3.837289
 159.400000 0.034323 0.773569 3.434417
 159.600000 -0.030937 0.722435 0.773859
 159.800000 -0.005410 0.675114 0.279544
 160.000000 -0.033390 0.690625 0.585621
 160.200000 -0.061215 0.607200 6.007956
 160.400000 -0.039464 0.605920 5.030179
 160.600000 -0.027656 0.715077 0.526004
 160.800000 0.039098 0.777524 3.915865
 161.000000 0.044467 0.663332 1.594163
 161.200000 0.093380 0.750695 5.741397
 161.400000 0.100531 0.755685 6.709407
 161.600000 -0.006680 0.739598 0.882058
 161.800000 -0.010559 0.754868 1.665229
 162.000000 -0.004500 0.682394 0.133970
 162.200000 -0.009981 0.653810 1.032027
 162.400000 0.015601 0.637915 1.934731
 162.600000 -0.005194 0.652669 1.046919
 162.800000 0.041873 0.641663 2.471057
 163.000000 0.010746 0.644999 1.469266
 163.200000 -0.027860 0.631981 2.576033
 163.400000 0.052179 0.742147 2.329974
 163.600000 0.022956 0.724014 0.598434
 163.800000 0.053419 0.708315 1.478660
 164.000000 0.043421 0.701296 0.947679
 164.200000 -0.046260 0.722115 1.357570
 164.400000 0.008523 0.723889 0.368041
 164.600000 -0.025092 0.729605 0.810078
 164.800000 -0.073480 0.702878 2.710889
 165.000000 0.016966 0.689715 0.179348
 165.200000 0.008329 0.690855 0.061160
 165.400000 0.000465 0.744451 1.072847
 165.600000 0.085278 0.634605 5.653936
 165.800000 0.015580 0.680567 0.275633
 166.000000 0.064237 0.727432 2.492484
 166.200000 -0.079368 0.705239 3.174872
 166.400000 -0.022125 0.857385 12.925483
 166.600000 -0.017728 0.717309 0.341039
 166.800000 -0.007343 0.688367 0.074637
 167.000000 0.065591 0.785036 5.927283
 167.200000 -0.001662 0.662392 0.640031
 167.400000 0.190246 0.630514 20.382867
 167.600000 -0.008539 0.629738 2.375334
 167.800000 0.026762 0.683880 0.459666
 168.000000 -0.032664 0.738724 1.357334
 168.200000 -0.127718 0.767762 10.580150
 168.400000 -0.038494 0.729623 1.236747
 168.600000 0.140294 0.617721 13.074204
 168.800000 0.035345 0.681824 0.757590
 169.000000 0.057023 0.680853 1.775085
 169.200000 0.066948 0.730551 2.766542
 169.400000 0.009778 0.738591 0.866272
 169.600000 0.002126 0.749216 1.307080
 169.800000 -0.091372 0.665620 4.702940
 170.000000 -0.038923 0.675210 1.020207
 170.200000 0.101742 0.731317 5.726318
 170.400000 0.022487 0.651541 1.338169
 170.600000 -0.002914 0.706972 0.043324
 170.800000 0.011948 0.683810 0.173934
 171.000000 0.008453 0.739695 0.899459
 171.200000 -0.026218 0.676258 0.582933
 171.400000 0.025694 0.739640 1.191577
 171.600000 -0.091363 0.656106 5.056669
 171.800000 0.040386 0.716774 0.989259
 172.000000 -0.007304 0.706129 0.058651
 172.200000 -0.003712 0.730737 0.538451
 172.400000 -0.040400 0.705715 0.844851
 172.600000 -0.041035 0.759639 2.733534
 172.800000 0.020326 0.769095 2.724481
 173.000000 -0.026955 0.751939 1.810889
 173.200000 0.010635 0.695794 0.059289
 173.400000 -0.037113 0.702508 0.698260
 173.600000 0.042430 0.729514 1.392589
 173.800000 0.087720 0.694127 3.855463
 174.000000 -0.048334 0.678474 1.361301
 174.200000 0.075370 0.676699 3.070013
 174.400000 0.066460 0.632659 4.351809
 174.600000 0.061330 0.667801 2.340650
 174.800000 -0.039016 0.626394 3.334241
 175.000000 -0.000466 0.682702 0.119141
 175.200000 -0.052875 0.693223 1.409950
 175.400000 -0.056109 0.780210 4.942510
 175.600000 -0.080992 0.677318 3.496470
 175.800000 -0.029966 0.755972 2.121729
 176.000000 -0.017711 0.726986 0.573129
 176.200000 0.088393 0.692784 3.920997
 176.400000 0.116301 0.687276 6.821913
 176.600000 0.003231 0.648003 1.261651
 176.800000 0.049279 0.625059 3.884048
 177.000000 0.024796 0.681559 0.444746
 177.200000 -0.017984 0.673137 0.474071
 177.400000 -0.068189 0.707110 2.365167
 177.600000 -0.068183 0.705318 2.350259
 177.800000 -0.008978 0.755322 1.675671
 178.000000 -0.035072 0.672978 0.931373
 178.200000 0.040275 0.697393 0.811327
 178.400000 -0.007540 0.689697 0.063993
 178.600000 0.074698 0.777830 5.965833
 178.800000 0.021636 0.817066 7.306739
 179.000000 -0.033384 0.679414 0.732435
 179.200000 -0.024356 0.679157 0.476638
 179.400000 0.027680 0.723712 0.710271
 179.600000 0.006184 0.610647 3.845864
 179.800000 -0.043792 0.662550 1.591911
 180.000000 -0.130520 0.715281 8.664735
 180.200000 0.040656 0.786844 4.761432
 180.400000 0.027519 0.583015 7.004603
 180.600000 0.019277 0.563836 9.203494
 180.800000 0.060068 0.622519 4.662680
 181.000000 -0.058721 0.638938 3.476046
 181.200000 0.069147 0.839997 12.453538
 181.400000 -0.023611 0.705786 0.308038
 181.600000 -0.015643 0.675990 0.367483
 181.800000 0.023988 0.804528 5.947831
 182.000000 0.074352 0.710380 2.839120
 182.200000 0.094397 0.721962 4.739308
 182.400000 -0.007077 0.728063 0.472973
 182.600000 0.049431 0.675359 1.480989
 182.800000 0.009969 0.686592 0.116265
 183.000000 -0.059078 0.747228 2.950338
 183.200000 0.011569 0.760545 2.014604
 183.400000 -0.041858 0.626402 3.448662
 183.600000 0.025870 0.706682 0.371191
 183.800000 0.103890 0.724458 5.743067
 184.000000 0.035853 0.631988 2.830238
 184.200000 0.067079 0.695023 2.254630
 184.400000 -0.059871 0.759233 3.658937
 184.600000 -0.038098 0.747074 1.923419
 184.800000 0.045434 0.724359 1.376044
 185.000000 0.041153 0.652458 1.889862
 185.200000 0.083437 0.645712 4.854769
 185.400000 0.069120 0.644312 3.837083
 185.600000 0.006700 0.699037 0.022856
 185.800000 -0.053043 0.753498 2.939493
 186.000000 -0.005147 0.684684 0.103667
 186.200000 0.022562 0.649310 1.446273
 186.400000 -0.006756 0.656422 0.892671
 186.600000 0.110108 0.689028 6.103287
 186.800000 -0.046899 0.726759 1.509527
 187.000000 -0.054499 0.688919 1.527517
 187.200000 0.022716 0.769571 2.809805
 187.400000 -0.044302 0.729456 1.471922
 187.600000 -0.030514 0.673160 0.777335
 187.800000 -0.017481 0.744641 1.234343
 188.000000 0.029673 0.712955 0.550094
 188.200000 0.079246 0.656444 4.008872
 188.400000 0.068197 0.677718 2.533779
 188.600000 0.011540 0.652956 1.087004
 188.800000 0.126163 0.652091 9.018383
 189.000000 -0.000525 0.686360 0.069430
 189.200000 -0.100220 0.740169 5.905550
 189.400000 -0.006306 0.767999 2.460611
 189.600000 0.071574 0.701473 2.566964
 189.800000 -0.002498 0.652273 1.054648
 190.000000 0.044685 0.665402 1.533993
 190.200000 0.024352 0.711749 0.389216
 190.400000 0.004916 0.751545 1.438562
 190.600000 0.007043 0.735213 0.712311
 190.800000 0.003905 0.779313 3.302824
 191.000000 -0.054182 0.696572 1.469046
 191.200000 0.028436 0.681612 0.540743
 191.400000 0.122991 0.692570 7.578845
 191.600000 0.019300 0.667620 0.651742
 191.800000 0.132013 0.625987 11.316173
 192.000000 -0.016056 0.692370 0.145492
 192.200000 -0.118311 0.699017 6.999177
 192.400000 0.005331 0.686000 0.087796
 192.600000 0.068091 0.747641 3.543770
 192.800000 -0.047439 0.639971 2.816564
 193.000000 0.035090 0.665492 1.148333
 193.200000 0.097325 0.689061 4.777218
 193.400000 0.089801 0.702182 4.040344
 193.600000 0.070287 0.763787 4.625436
 193.800000 0.009213 0.752310 1.510074
 194.000000 -0.040952 0.813764 7.523918
 194.200000 -0.005530 0.723989 0.349577
 194.400000 -0.031054 0.680790 0.632536
 194.600000 0.033632 0.690941 0.591403
 194.800000 0.053179 0.661846 2.072328
 195.000000 0.024460 0.603393 4.786832
 195.200000 -0.021715 0.682816 0.353059
 195.400000 -0.067193 0.746013 3.403715
 195.600000 -0.060118 0.727537 2.239441
 195.800000 0.059455 0.782313 5.310720
 196.000000 0.080932 0.768274 5.735016
 196.200000 0.071447 0.649296 3.744809
 196.400000 0.113786 0.652772 7.502426
 196.600000 -0.005882 0.757300 1.767734
 196.800000 -0.052233 0.655213 2.285135
 197.000000 -0.009552 0.699516 0.046581
 197.200000 -0.052780 0.708844 1.450266
 197.400000 0.004145 0.653659 0.997497
 197.600000 0.054010 0.687014 1.520352
 197.800000 -0.040922 0.695297 0.841305
 198.000000 -0.022007 0.649132 1.442621
 198.200000 0.114825 0.704233 6.611038
 198.400000 0.068208 0.650566 3.457391
 198.600000 0.063572 0.699795 2.022100
 198.800000 -0.032555 0.691267 0.553470
 199.000000 -0.099649 0.708829 5.022131
 199.200000 -0.067501 0.695373 2.281973
 199.400000 0.048223 0.664986 1.712048
 199.600000 -0.001029 0.667719 0.463000
 199.800000 -0.001270 0.645679 1.376438
 200.000000 0.061066 0.687612 1.919852
