#! FIELDS time phi psi restraint.bias
#! SET min_phi -pi
#! SET max_phi pi
#! SET min_psi -pi
#! SET max_psi pi
 0.000000 -2.770942 0.490812 170.103067
 0.200000 3.041728 0.582549 9.467429
 0.400000 3.135491 0.684271 14.280532
 0.600000 -3.138723 0.803403 21.276815
 0.800000 3.021507 0.776236 4.532399
 1.000000 3.084938 0.816084 13.904108
 1.200000 2.869362 0.675572 5.026905
 1.400000 3.084312 0.747694 8.102305
 1.600000 2.900969 0.647962 3.442487
 1.800000 3.121175 0.700343 11.878200
 2.000000 3.017054 0.727173 1.671426
 2.200000 2.971407 0.733248 0.626011
 2.400000 2.947547 0.765268 2.443998
 2.600000 3.125441 0.779366 15.841804
 2.800000 3.037865 0.757419 4.264213
 3.000000 3.004156 0.692333 0.704872
 3.200000 2.961387 0.678022 0.218293
 3.400000 2.985650 0.662532 0.806482
 3.600000 2.976205 0.725662 0.420769
 3.800000 2.998788 0.670371 0.888666
 4.000000 3.018525 0.651085 2.431014
 4.200000 3.002889 0.710043 0.712813
 4.400000 3.078679 0.637391 8.074084
 4.600000 2.988282 0.684461 0.318643
 4.800000 2.948359 0.685437 0.255432
 5.000000 3.028211 0.771515 4.562295
 5.200000 2.976166 0.750240 1.399105
 5.400000 3.014290 0.785438 4.926528
 5.600000 3.006886 0.776568 3.869199
 5.800000 3.038566 0.718436 2.762711
 6.000000 3.079976 0.680507 6.530338
 6.200000 3.057402 0.745377 5.196958
 6.400000 3.067692 0.691420 5.085912
 6.600000 3.054859 0.727936 4.298529
 6.800000 2.958011 0.724151 0.379440
 7.000000 3.115507 0.697935 11.018378
 7.200000 2.990042 0.681176 0.407855
 7.400000 3.094965 0.613438 11.766384
 7.600000 2.997636 0.653138 1.479683
 7.800000 3.007920 0.651202 1.935978
 8.000000 3.045427 0.741651 4.017676
 8.200000 3.007453 0.683602 0.921350
 8.400000 3.092701 0.864176 21.678226
 8.600000 3.023057 0.766034 3.873220
 8.800000 3.036141 0.752729 3.876563
 9.000000 3.024744 0.620624 4.667410
 9.200000 3.061260 0.683265 4.547354
 9.400000 3.088654 0.658340 8.184300
 9.600000 3.062738 0.636069 6.503051
 9.800000 3.002187 0.667218 1.094791
 10.000000 3.004660 0.719854 0.942820
 10.200000 3.055111 0.720802 4.133497
 10.400000 3.035058 0.795830 7.084318
 10.600000 3.010649 0.779430 4.254727
 10.800000 2.973331 0.702672 0.029968
 11.000000 2.989888 0.711598 0.351230
 11.200000 3.140423 0.714796 15.166319
 11.400000 3.136213 0.656683 15.165391
 11.600000 3.107512 0.606071 14.101051
 11.800000 3.067545 0.665659 5.575875
 12.000000 2.941249 0.684726 0.422949
 12.200000 3.046582 0.654519 4.112917
 12.400000 3.043219 0.687646 2.955107
 12.600000 2.974241 0.737746 0.810435
 12.800000 3.050079 0.750171 4.800137
 13.000000 2.945639 0.751084 1.631393
 13.200000 3.077083 0.721972 6.336716
 13.400000 2.983091 0.642438 1.679413
 13.600000 3.083290 0.620300 9.783634
 13.800000 3.094384 0.667463 8.575984
 14.000000 3.036875 0.688203 2.486351
 14.200000 2.968916 0.753015 1.507811
 14.400000 2.971339 0.777177 3.133273
 14.600000 3.061419 0.797683 9.407081
 14.800000 3.029701 0.649656 3.136916
 15.000000 3.116688 0.814233 17.934039
 15.200000 2.919260 0.653278 2.148318
 15.400000 3.024627 0.776723 4.745276
 15.600000 2.980745 0.560894 9.510688
 15.800000 3.080475 0.705053 6.455497
 16.000000 2.958248 0.632020 2.224224
 16.200000 3.116887 0.858375 24.063114
 16.400000 2.931351 0.655912 1.528786
 16.600000 3.057567 0.748167 5.347564
 16.800000 2.936934 0.650557 1.585472
 17.000000 3.091508 0.819022 15.051025
 17.200000 2.980463 0.661278 0.768921
 17.400000 3.024485 0.649508 2.831003
 17.600000 3.117248 0.588198 17.320944
 17.800000 3.059645 0.712985 4.396286
 18.000000 3.046117 0.741603 4.069874
 18.200000 3.060000 0.692469 4.334960
 18.400000 2.999737 0.632925 2.659867
 18.600000 2.990359 0.775549 3.268134
 18.800000 3.069382 0.763438 7.367311
 19.000000 3.038614 0.761327 4.556794
 19.200000 3.014528 0.705614 1.154593
 19.400000 3.012124 0.681474 1.154116
 19.600000 3.088957 0.669834 7.829820
 19.800000 3.025670 0.703247 1.730644
 20.000000 3.090527 0.644806 9.043964
 20.200000 2.995543 0.684576 0.497534
 20.400000 3.125319 0.763136 14.635780
 20.600000 3.018572 0.667466 1.796963
 20.800000 3.113433 0.728628 11.177604
 21.000000 3.012497 0.670925 1.402399
 21.200000 3.062601 0.662510 5.198490
 21.400000 3.101552 0.640835 10.685568
 21.600000 3.051824 0.651903 4.661023
 21.800000 2.972885 0.710845 0.097786
 22.000000 3.092036 0.688208 7.858788
 22.200000 3.057680 0.776164 7.150492
 22.400000 3.103136 0.748759 10.540028
 22.600000 3.093349 0.695750 7.977321
 22.800000 3.041506 0.635490 4.733115
 23.000000 3.015928 0.666336 1.699541
 23.200000 2.955919 0.696166 0.063994
 23.400000 3.008463 0.732814 1.458554
 23.600000 2.978225 0.763988 2.230880
 23.800000 2.977051 0.713371 0.166030
 24.000000 3.039332 0.713629 2.731748
 24.200000 2.958833 0.672237 0.369100
 24.400000 3.124558 0.794297 17.026792
 24.600000 3.084051 0.718524 7.051452
 24.800000 3.071795 0.718103 5.684206
 25.000000 3.032250 0.709373 2.188060
 25.200000 3.100446 0.685281 8.978542
 25.400000 3.041596 0.752197 4.239396
 25.600000 2.990150 0.717132 0.447092
 25.800000 3.020123 0.754665 3.005863
 26.000000 3.058135 0.695517 4.150733
 26.200000 3.018568 0.702337 1.335419
 26.400000 3.089156 0.658898 8.223331
 26.600000 3.065668 0.605154 9.184210
 26.800000 3.061312 0.634430 6.470685
 27.000000 3.073274 0.712245 5.740328
 27.200000 3.061412 0.684688 4.541529
 27.400000 3.033343 0.650728 3.320261
 27.600000 2.977665 0.664125 0.634463
 27.800000 3.063357 0.719133 4.857140
 28.000000 3.050248 0.696867 3.460951
 28.200000 3.052811 0.720769 3.932884
 28.400000 3.101947 0.734589 9.761898
 28.600000 2.991065 0.728348 0.744633
 28.800000 3.049577 0.671549 3.757890
 29.000000 3.114920 0.691925 10.950594
 29.200000 3.034899 0.672168 2.638155
 29.400000 3.105203 0.594678 14.893082
 29.600000 3.004095 0.633737 2.759168
 29.800000 3.039478 0.699370 2.622982
 30.000000 2.936659 0.626957 2.995032
 30.200000 3.124379 0.761265 14.367561
 30.400000 2.919553 0.692661 1.143407
 30.600000 3.020690 0.748179 2.690449
 30.800000 3.013661 0.653936 2.062482
 31.000000 3.015826 0.640673 2.839842
 31.200000 3.052589 0.669909 4.055897
 31.400000 2.966173 0.686530 0.067688
 31.600000 3.027738 0.713758 1.963027
 31.800000 2.972193 0.721888 0.295350
 32.000000 3.070010 0.705354 5.325504
 32.200000 3.096206 0.768833 10.838707
 32.400000 3.011227 0.693494 0.986109
 32.600000 3.116752 0.712583 11.308353
 32.800000 2.933067 0.637748 2.400814
 33.000000 3.115601 0.664337 11.603238
 33.200000 2.946235 0.613511 3.797140
 33.400000 3.094774 0.675670 8.407789
 33.600000 3.034798 0.732257 2.876523
 33.800000 3.025493 0.816530 8.716291
 34.000000 3.044911 0.762107 5.076823
 34.200000 3.013924 0.773503 3.938550
 34.400000 3.075219 0.710516 5.925859
 34.600000 3.099081 0.606732 12.891786
 34.800000 3.040850 0.612165 6.417642
 35.000000 3.040365 0.648769 3.905179
 35.200000 3.124959 0.686979 12.528291
 35.400000 3.031076 0.680517 2.204157
 35.600000 2.995753 0.745372 1.527445
 35.800000 3.074059 0.755659 7.379083
 36.000000 3.043025 0.731100 3.428783
 36.200000 2.997246 0.728200 0.907682
 36.400000 3.061538 0.687891 4.515541
 36.600000 2.967351 0.688085 0.050512
 36.800000 3.027809 0.645608 3.224648
 37.000000 2.946825 0.673900 0.498307
 37.200000 2.991419 0.691290 0.320084
 37.400000 2.972269 0.648467 1.246848
 37.600000 3.021127 0.726219 1.856102
 37.800000 3.013496 0.744347 2.146105
 38.000000 3.074295 0.697738 5.749726
 38.200000 3.049997 0.718708 3.651031
 38.400000 3.033806 0.688680 2.272207
 38.600000 3.045245 0.750213 4.412658
 38.800000 3.057419 0.637908 5.895837
 39.000000 -3.140349 0.714186 15.577608
 39.200000 2.986050 0.738216 0.983710
 39.400000 3.083147 0.702556 6.747867
 39.600000 3.061397 0.697764 4.449846
 39.800000 3.004536 0.705395 0.728613
 40.000000 3.064954 0.725278 5.160129
 40.200000 2.981215 0.670038 0.494808
 40.400000 3.124092 0.674583 12.606819
 40.600000 3.023160 0.671053 1.940261
 40.800000 3.096608 0.717550 8.579933
 41.000000 3.039946 0.605708 6.927353
 41.200000 3.053651 0.751458 5.170841
 41.400000 2.949198 0.779707 3.486798
 41.600000 2.995440 0.767344 2.797905
 41.800000 2.978843 0.739622 0.930134
 42.000000 3.009991 0.795681 5.679464
 42.200000 3.048968 0.669010 3.778522
 42.400000 2.999362 0.714756 0.659905
 42.600000 -3.130886 0.668459 17.597049
 42.800000 3.133157 0.683969 13.894373
 43.000000 3.069774 0.608009 9.336117
 43.200000 3.132147 0.623087 16.442725
 43.400000 3.088082 0.781112 10.766125
 43.600000 2.892773 0.679235 2.937813
 43.800000 3.036628 0.750636 3.798219
 44.000000 2.961656 0.717599 0.204084
 44.200000 3.011904 0.734324 1.660447
 44.400000 3.039089 0.649757 3.764151
 44.600000 2.994780 0.625998 2.985871
 44.800000 2.988899 0.674089 0.527502
 45.000000 2.969150 0.736021 0.719983
 45.200000 3.029895 0.720370 2.221428
 45.400000 3.037499 0.635048 4.470623
 45.600000 -3.132946 0.704706 16.798918
 45.800000 3.105555 0.704732 9.612222
 46.000000 3.013530 0.697461 1.079967
 46.200000 3.108850 0.715071 10.195719
 46.400000 3.024812 0.663049 2.283062
 46.600000 3.059662 0.695630 4.290724
 46.800000 2.937008 0.679275 0.629346
 47.000000 2.974781 0.802123 5.436855
 47.200000 3.007154 0.740577 1.704556
 47.400000 3.003475 0.721301 0.931435
 47.600000 3.011616 0.667591 1.459007
 47.800000 3.084617 0.764193 9.091899
 48.000000 3.096620 0.609262 12.341828
 48.200000 3.035111 0.663452 2.916816
 48.400000 -3.133850 0.656486 17.479467
 48.600000 3.039102 0.735630 3.298080
 48.800000 3.003396 0.654427 1.615194
 49.000000 3.003426 0.722913 0.968302
 49.200000 3.049096 0.661901 4.021278
 49.400000 2.979321 0.742125 1.042870
 49.600000 2.959883 0.710424 0.101299
 49.800000 3.050227 0.650820 4.577606
 50.000000 3.049684 0.695771 3.416194
 50.200000 3.081626 0.665398 7.098474
 50.400000 3.060221 0.718100 4.538877
 50.600000 3.046201 0.669453 3.542886
 50.800000 2.998622 0.683061 0.611644
 51.000000 3.085245 0.755683 8.640015
 51.200000 3.001768 0.770863 3.247276
 51.400000 3.050214 0.710423 3.532848
 51.600000 3.073640 0.732439 6.268235
 51.800000 3.015369 0.718337 1.371013
 52.000000 3.094349 0.703021 8.113202
 52.200000 3.063171 0.699874 4.620220
 52.400000 3.064883 0.679459 4.959030
 52.600000 2.981884 0.667437 0.580977
 52.800000 3.108366 0.755207 11.612436
 53.000000 3.052584 0.684043 3.756415
 53.200000 -3.122819 0.779108 21.962172
 53.400000 2.943273 0.698712 0.283074
 53.600000 2.999037 0.734014 1.155060
 53.800000 2.994144 0.740546 1.266246
 54.000000 3.043046 0.711941 2.982273
 54.200000 2.979001 0.660982 0.761353
 54.400000 3.103987 0.668432 9.815577
 54.600000 3.065678 0.674878 5.133181
 54.800000 2.978135 0.670500 0.443097
 55.000000 3.084242 0.759331 8.738548
 55.200000 3.032791 0.594142 7.567227
 55.400000 3.029629 0.717120 2.137757
 55.600000 2.992863 0.659335 1.085526
 55.800000 3.004449 0.785437 4.510126
 56.000000 3.049874 0.717039 3.607842
 56.200000 2.982606 0.683431 0.228903
 56.400000 3.120584 0.705753 11.813929
 56.600000 3.046371 0.729515 3.637557
 56.800000 3.025467 0.718669 1.916598
 57.000000 3.020385 0.734264 2.074581
 57.200000 2.962053 0.658643 0.792231
 57.400000 3.013466 0.662313 1.718270
 57.600000 3.007149 0.689020 0.845074
 57.800000 3.128102 0.705366 12.993550
 58.000000 3.006516 0.694249 0.785947
 58.200000 2.996918 0.623989 3.194342
 58.400000 3.078266 0.694438 6.190291
 58.600000 3.051310 0.703503 3.563501
 58.800000 3.006909 0.796490 5.631168
 59.000000 3.081993 0.667148 7.084840
 59.200000 3.035272 0.705324 2.352299
 59.400000 3.109743 0.636858 12.056487
 59.600000 3.051790 0.680167 3.750959
 59.800000 2.990864 0.638957 2.034150
 60.000000 3.073709 0.762424 7.753769
 60.200000 2.913810 0.663473 2.018393
 60.400000 3.023782 0.740236 2.495118
 60.600000 2.988424 0.700263 0.230497
 60.800000 3.064671 0.728699 5.231183
 61.000000 3.011211 0.657736 1.790569
 61.200000 3.056745 0.804614 9.690979
 61.400000 3.066504 0.746362 6.107656
 61.600000 3.000121 0.693374 0.557847
 61.800000 3.059554 0.641134 5.901934
 62.000000 3.069987 0.683812 5.399569
 62.200000 3.044546 0.674820 3.273754
 62.400000 3.111608 0.732929 11.052486
 62.600000 3.075717 0.753715 7.447949
 62.800000 3.026791 0.759983 3.696743
 63.000000 3.139808 0.711177 15.006010
 63.200000 3.019247 0.692295 1.378791
 63.400000 3.035142 0.676052 2.561319
 63.600000 3.023311 0.613776 5.140065
 63.800000 3.000008 0.686760 0.607470
 64.000000 3.006144 0.713165 0.876797
 64.200000 3.049746 0.751376 4.836024
 64.400000 2.984806 0.712707 0.263678
 64.600000 3.001822 0.732679 1.200978
 64.800000 3.020300 0.736276 2.144781
 65.000000 2.956651 0.667848 0.512704
 65.200000 3.024338 0.592367 7.233506
 65.400000 3.008970 0.662316 1.519625
 65.600000 2.948780 0.756396 1.864432
 65.800000 3.008278 0.769693 3.409939
 66.000000 2.963300 0.821001 7.555496
 66.200000 3.017049 0.790878 5.550421
 66.400000 3.047370 0.704099 3.242672
 66.600000 -3.117535 0.734183 20.368858
 66.800000 3.094962 0.626994 10.709761
 67.000000 3.036822 0.601095 7.141471
 67.200000 3.094537 0.587159 14.282616
 67.400000 3.079790 0.632093 8.534591
 67.600000 3.077159 0.771633 8.762150
 67.800000 2.995818 0.734761 1.084391
 68.000000 3.053434 0.828411 12.216572
 68.200000 3.026009 0.701413 1.742916
 68.400000 3.093439 0.710270 8.059498
 68.600000 3.011468 0.664862 1.539479
 68.800000 3.038540 0.632332 4.719479
 69.000000 3.059720 0.671561 4.645962
 69.200000 3.091501 0.706534 7.778094
 69.400000 2.985438 0.686338 0.238430
 69.600000 3.015827 0.728201 1.641173
 69.800000 2.961948 0.703457 0.027247
 70.000000 3.077294 0.669074 6.498005
 70.200000 3.000857 0.635382 2.539866
 70.400000 2.997109 0.669952 0.848506
 70.600000 3.002409 0.679737 0.793988
 70.800000 2.996902 0.763336 2.571097
 71.000000 3.047644 0.765299 5.502597
 71.200000 3.071510 0.770546 8.076788
 71.400000 3.011886 0.693441 1.015685
 71.600000 3.032563 0.782029 5.664710
 71.800000 3.087327 0.653864 8.211878
 72.000000 3.031664 0.760005 4.001030
 72.200000 3.107954 0.594335 15.312555
 72.400000 2.990771 0.719522 0.509875
 72.600000 3.095124 0.683319 8.309929
 72.800000 3.009075 0.639389 2.608005
 73.000000 3.099945 0.720752 9.085052
 73.200000 3.005220 0.688980 0.769974
 73.400000 3.136501 0.691084 14.379972
 73.600000 3.078614 0.762805 8.313442
 73.800000 3.010766 0.750579 2.330464
 74.000000 3.033752 0.718266 2.426651
 74.200000 2.947479 0.762168 2.242017
 74.400000 3.073147 0.675968 5.872905
 74.600000 3.033139 0.674674 2.458353
 74.800000 3.045980 0.629892 5.442525
 75.000000 -3.110379 0.707353 21.208301
 75.200000 3.086159 0.637059 8.957297
 75.400000 3.062136 0.746566 5.692667
 75.600000 2.985057 0.790397 4.418410
 75.800000 3.034855 0.733991 2.941016
 76.000000 3.074578 0.779726 9.108847
 76.200000 2.972187 0.740301 0.902266
 76.400000 2.991784 0.704312 0.324744
 76.600000 3.066538 0.646167 6.298117
 76.800000 2.954048 0.694099 0.092784
 77.000000 3.044102 0.630119 5.280607
 77.200000 3.129473 0.722079 13.475705
 77.400000 3.025025 0.666127 2.192110
 77.600000 3.008623 0.742579 1.851563
 77.800000 3.041064 0.683777 2.841339
 78.000000 2.995575 0.640827 2.048496
 78.200000 2.988750 0.695991 0.237522
 78.400000 2.993269 0.697978 0.343472
 78.600000 3.003644 0.846305 11.646792
 78.800000 2.982757 0.720635 0.376403
 79.000000 3.083014 0.774701 9.654102
 79.200000 3.122375 0.629383 14.424574
 79.400000 3.121098 0.663165 12.475225
 79.600000 3.081358 0.556012 16.631031
 79.800000 3.093240 0.609867 11.856036
 80.000000 2.988245 0.584192 6.715575
 80.200000 3.079430 0.807389 12.282118
 80.400000 2.914060 0.679712 1.574146
 80.600000 3.043299 0.765789 5.194970
 80.800000 3.002112 0.693180 0.626578
 81.000000 3.108262 0.756881 11.694816
 81.200000 3.097855 0.640999 10.185732
 81.400000 3.046409 0.696933 3.148876
 81.600000 3.068244 0.648118 6.369856
 81.800000 3.039542 0.684731 2.716631
 82.000000 3.030852 0.709319 2.097330
 82.200000 3.000391 0.654297 1.516216
 82.400000 3.010950 0.731402 1.516610
 82.600000 2.916619 0.659339 2.024562
 82.800000 3.038942 0.728418 3.042190
 83.000000 3.055352 0.692961 3.911126
 83.200000 3.066328 0.747948 6.167961
 83.400000 3.000290 0.649298 1.744492
 83.600000 2.974220 0.758021 1.818999
 83.800000 3.071274 0.635283 7.405250
 84.000000 3.093894 0.725518 8.418463
 84.200000 2.984404 0.677708 0.358975
 84.400000 3.065751 0.764725 7.087340
 84.600000 3.056363 0.760412 5.926960
 84.800000 2.951555 0.706527 0.155446
 85.000000 3.033872 0.676810 2.459262
 85.200000 2.977924 0.679383 0.234785
 85.400000 3.010261 0.720019 1.172722
 85.600000 2.961603 0.682133 0.142865
 85.800000 3.007882 0.694954 0.838297
 86.000000 2.914680 0.629056 3.757501
 86.200000 3.008392 0.659624 1.595575
 86.400000 2.924647 0.711752 0.992186
 86.600000 3.001840 0.772004 3.333403
 86.800000 2.973966 0.739983 0.899610
 87.000000 2.961831 0.687872 0.066299
 87.200000 2.982841 0.699187 0.125079
 87.400000 3.014470 0.678114 1.324230
 87.600000 2.984827 0.632593 2.305486
 87.800000 3.079390 0.667023 6.792877
 88.000000 3.045163 0.665519 3.581810
 88.200000 2.975870 0.762231 2.093192
 88.400000 3.020832 0.637428 3.288202
 88.600000 3.001433 0.675204 0.853592
 88.800000 2.953481 0.659397 0.842371
 89.000000 2.987247 0.669553 0.612139
 89.200000 3.037658 0.697721 2.492166
 89.400000 3.001947 0.732563 1.201326
 89.600000 3.053177 0.761264 5.700883
 89.800000 3.005790 0.607630 4.845278
 90.000000 3.045850 0.703119 3.116385
 90.200000 3.005549 0.657113 1.581983
 90.400000 3.064103 0.708307 4.760426
 90.600000 3.010054 0.639787 2.626335
 90.800000 3.048282 0.726398 3.698015
 91.000000 3.094312 0.683595 8.202198
 91.200000 3.023801 0.738785 2.436112
 91.400000 3.070988 0.643714 6.881169
 91.600000 3.055298 0.691775 3.913167
 91.800000 3.001233 0.730487 1.107359
 92.000000 3.053523 0.798042 8.728990
 92.200000 3.019707 0.729686 1.883718
 92.400000 3.037019 0.708987 2.506044
 92.600000 2.950584 0.591800 5.788902
 92.800000 3.010576 0.710803 1.027105
 93.000000 3.016454 0.687479 1.276658
 93.200000 3.025326 0.709640 1.763704
 93.400000 3.042248 0.647089 4.129308
 93.600000 3.008933 0.693768 0.886210
 93.800000 2.979325 0.714444 0.208267
 94.000000 3.024619 0.742452 2.638700
 94.200000 3.037399 0.647046 3.778668
 94.400000 3.013330 0.656157 1.951425
 94.600000 3.062766 0.761026 6.557745
 94.800000 3.064638 0.675212 5.023462
 95.000000 3.003597 0.771556 3.363069
 95.200000 3.015341 0.737945 1.958072
 95.400000 3.069471 0.650118 6.396631
 95.600000 3.017937 0.656662 2.154138
 95.800000 3.054707 0.718588 4.050201
 96.000000 3.040213 0.688157 2.725426
 96.200000 3.032198 0.730974 2.660793
 96.400000 3.004905 0.700828 0.719774
 96.600000 3.024602 0.646077 3.010428
 96.800000 2.961309 0.706965 0.055550
 97.000000 3.049865 0.837768 13.177441
 97.200000 3.034850 0.771531 4.991538
 97.400000 3.048816 0.706159 3.374221
 97.600000 3.132081 0.677382 13.831353
 97.800000 3.038378 0.647385 3.830753
 98.000000 -3.130286 0.708078 17.317718
 98.200000 3.027432 0.667280 2.298351
 98.400000 3.093822 0.768414 10.504100
 98.600000 2.981762 0.731319 0.658779
 98.800000 3.040480 0.787916 6.725905
 99.000000 2.977070 0.703247 0.063188
 99.200000 3.033982 0.753394 3.766264
 99.400000 2.956110 0.678833 0.246171
 99.600000 3.046174 0.775355 6.111213
 99.800000 3.077456 0.608271 10.131125
 100.000000 3.066047 0.754492 6.487472
 100.200000 3.113446 0.626638 13.270187
 100.400000 3.071713 0.685297 5.558559
 100.600000 2.976339 0.683440 0.150980
 100.800000 3.034525 0.787214 6.243670
 101.000000 2.956662 0.717895 0.249359
 101.200000 2.957215 0.747626 1.273310
 101.400000 3.034575 0.750402 3.645221
 101.600000 2.968919 0.676196 0.242305
 101.800000 3.107707 0.731093 10.434111
 102.000000 3.084250 0.709936 6.936404
 102.200000 3.130316 0.735678 14.031138
 102.400000 3.107675 0.630129 12.198534
 102.600000 3.045087 0.685765 3.120620
 102.800000 2.984719 0.635390 2.124222
 103.000000 3.052628 0.696167 3.662914
 103.200000 2.939542 0.642759 1.911665
 103.400000 3.050500 0.740011 4.358118
 103.600000 3.019244 0.656457 2.229975
 103.800000 3.010487 0.730601 1.470103
 104.000000 3.118665 0.669642 11.897890
 104.200000 3.057038 0.656870 4.899333
 104.400000 3.015191 0.641959 2.735960
 104.600000 3.088156 0.728322 7.787824
 104.800000 2.976550 0.666782 0.536441
 105.000000 3.000308 0.705684 0.581239
 105.200000 3.112381 0.738295 11.365658
 105.400000 3.024404 0.692394 1.660628
 105.600000 3.079939 0.814583 13.151314
 105.800000 3.092975 0.766445 10.260672
 106.000000 3.051207 0.684624 3.631573
 106.200000 -3.132795 0.625069 19.474051
 106.400000 3.053724 0.555256 13.962137
 106.600000 3.020254 0.623009 4.236520
 106.800000 3.080861 0.727300 6.900770
 107.000000 3.045500 0.766055 5.383222
 107.200000 3.100577 0.727338 9.339951
 107.400000 3.000077 0.733474 1.169598
 107.600000 3.063447 0.701985 4.652697
 107.800000 3.046626 0.677830 3.371490
 108.000000 2.982480 0.700234 0.121105
 108.200000 3.056108 0.708596 4.019509
 108.400000 3.096594 0.649915 9.552028
 108.600000 3.020255 0.713285 1.529670
 108.800000 3.093157 0.642305 9.508555
 109.000000 3.056513 0.756113 5.681832
 109.200000 3.006532 0.691216 0.802965
 109.400000 3.062314 0.717440 4.723041
 109.600000 3.025280 0.752846 3.191623
 109.800000 3.055777 0.747499 5.153916
 110.000000 2.952485 0.704726 0.127956
 110.200000 3.058998 0.706276 4.259529
 110.400000 3.000550 0.644803 1.982753
 110.600000 2.997166 0.630319 2.752483
 110.800000 3.045886 0.672589 3.432960
 111.000000 3.106331 0.722893 10.004865
 111.200000 2.992530 0.729777 0.825070
 111.400000 3.099974 0.738249 9.637822
 111.600000 3.013234 0.707130 1.106524
 111.800000 3.016830 0.728554 1.701289
 112.000000 3.064024 0.741328 5.633971
 112.200000 3.047617 0.733210 3.860001
 112.400000 3.011650 0.673822 1.289639
 112.600000 3.030032 0.647826 3.248101
 112.800000 3.088353 0.655833 8.250602
 113.000000 3.038818 0.681876 2.706743
 113.200000 3.013446 0.628090 3.528758
 113.400000 3.079196 0.705826 6.316859
 113.600000 3.050486 0.740420 4.374135
 113.800000 2.976028 0.681902 0.171917
 114.000000 3.050359 0.712022 3.565829
 114.200000 2.973013 0.641933 1.596856
 114.400000 3.083691 0.750003 8.146683
 114.600000 3.045396 0.644273 4.518639
 114.800000 3.030415 0.654367 2.964632
 115.000000 3.068399 0.725201 5.501154
 115.200000 3.018493 0.706204 1.355282
 115.400000 -3.105064 0.639748 23.977818
 115.600000 3.017166 0.750335 2.617896
 115.800000 2.962273 0.745891 1.151957
 116.000000 2.994038 0.735709 1.069919
 116.200000 3.002491 0.721591 0.902862
 116.400000 2.983941 0.697842 0.142523
 116.600000 2.923844 0.676132 1.175791
 116.800000 3.020492 0.683333 1.536979
 117.000000 2.992652 0.660153 1.048681
 117.200000 3.002514 0.682309 0.753695
 117.400000 3.028247 0.687164 1.932097
 117.600000 3.055586 0.690305 3.949103
 117.800000 3.039152 0.692594 2.613995
 118.000000 3.076281 0.724584 6.314453
 118.200000 2.984769 0.783584 3.807827
 118.400000 3.077028 0.660342 6.760497
 118.600000 2.977186 0.653660 1.040122
 118.800000 3.127735 0.635124 14.893318
 119.000000 2.991592 0.735165 0.986647
 119.200000 2.989824 0.765740 2.544528
 119.400000 2.976234 0.761139 2.027059
 119.600000 2.977157 0.665360 0.587980
 119.800000 3.021807 0.698804 1.498834
 120.000000 3.040552 0.674325 2.983932
 120.200000 3.074009 0.719613 5.949762
 120.400000 3.016838 0.644422 2.681331
 120.600000 3.031890 0.762887 4.198120
 120.800000 2.981344 0.771150 2.767877
 121.000000 3.031047 0.731447 2.602101
 121.200000 2.908839 0.778897 4.956323
 121.400000 2.965512 0.721877 0.283114
 121.600000 3.028821 0.773544 4.750722
 121.800000 3.089449 0.707017 7.529090
 122.000000 3.082689 0.732232 7.266475
 122.200000 -3.132836 0.644587 18.231124
 122.400000 3.066534 0.683067 5.061057
 122.600000 3.024875 0.701367 1.676532
 122.800000 3.008134 0.748314 2.102721
 123.000000 3.018860 0.690000 1.374723
 123.200000 2.935599 0.740749 1.403014
 123.400000 3.072714 0.655640 6.484160
 123.600000 3.019632 0.765116 3.625383
 123.800000 3.082503 0.701162 6.668146
 124.000000 3.078892 0.715867 6.410463
 124.200000 3.066760 0.714568 5.105194
 124.400000 2.921253 0.764044 3.221361
 124.600000 2.980569 0.708169 0.141618
 124.800000 2.974786 0.666952 0.515937
 125.000000 2.965017 0.689411 0.040112
 125.200000 2.949266 0.687103 0.219121
 125.400000 3.009198 0.698316 0.887848
 125.600000 3.010978 0.694438 0.971213
 125.800000 3.088742 0.699049 7.403714
 126.000000 3.062780 0.723845 4.911723
 126.200000 3.125580 0.655995 13.452017
 126.400000 3.057291 0.648666 5.294255
 126.600000 3.099155 0.690855 8.751058
 126.800000 3.049404 0.697140 3.390771
 127.000000 3.083914 0.676313 7.065525
 127.200000 3.040380 0.762584 4.764959
 127.400000 2.933855 0.845643 11.431075
 127.600000 2.956519 0.838006 9.837950
 127.800000 2.939337 0.770623 3.011804
 128.000000 2.994201 0.710363 0.443123
 128.200000 2.930935 0.679608 0.824057
 128.400000 3.002261 0.678920 0.804106
 128.600000 3.090137 0.700489 7.576787
 128.800000 3.063896 0.660493 5.396943
 129.000000 3.036686 0.678486 2.616872
 129.200000 3.062416 0.646782 5.864786
 129.400000 3.098868 0.689454 8.724323
 129.600000 3.131758 0.615265 16.996221
 129.800000 3.077071 0.616245 9.403950
 130.000000 3.053626 0.643723 5.227034
 130.200000 3.026757 0.644854 3.201092
 130.400000 3.063820 0.744153 5.740235
 130.600000 2.937546 0.860532 13.622439
 130.800000 3.110844 0.801639 15.693813
 131.000000 3.001009 0.756183 2.261284
 131.200000 3.084589 0.652310 7.956383
 131.400000 3.001107 0.672760 0.901456
 131.600000 3.075602 0.663487 6.490859
 131.800000 2.974076 0.611258 3.798132
 132.000000 3.122391 0.614256 15.581399
 132.200000 3.042024 0.649751 3.980188
 132.400000 3.043837 0.667294 3.422842
 132.600000 3.008771 0.705480 0.896937
 132.800000 3.051169 0.772294 6.287159
 133.000000 3.017207 0.677846 1.463123
 133.200000 3.000963 0.753967 2.133474
 133.400000 3.049701 0.679375 3.590683
 133.600000 3.025073 0.717672 1.873693
 133.800000 2.970046 0.731865 0.573429
 134.000000 3.095295 0.772991 11.024081
 134.200000 2.940020 0.623938 3.117949
 134.400000 3.014697 0.703910 1.151357
 134.600000 3.083773 0.697262 6.811336
 134.800000 3.086676 0.725554 7.529993
 135.000000 3.048307 0.670114 3.693061
 135.200000 -3.127760 0.600434 22.513172
 135.400000 3.110774 0.695568 10.330229
 135.600000 3.000466 0.644189 2.012881
 135.800000 3.092322 0.710628 7.923415
 136.000000 2.995847 0.737613 1.193733
 136.200000 2.994527 0.771206 3.047147
 136.400000 3.078744 0.796876 11.111970
 136.600000 3.076962 0.682015 6.169170
 136.800000 3.036384 0.620202 5.439453
 137.000000 3.016192 0.655588 2.111964
 137.200000 3.072578 0.698450 5.567065
 137.400000 3.036024 0.669265 2.794645
 137.600000 3.081563 0.709381 6.618804
 137.800000 3.020515 0.689164 1.468943
 138.000000 3.039033 0.711167 2.675016
 138.200000 3.048789 0.711565 3.430103
 138.400000 3.024344 0.749714 2.971129
 138.600000 2.984209 0.620685 3.146052
 138.800000 2.954327 0.682836 0.198037
 139.000000 3.042128 0.696348 2.819176
 139.200000 2.944070 0.711436 0.352779
 139.400000 2.960286 0.738571 0.840630
 139.600000 3.028078 0.725378 2.232786
 139.800000 3.031167 0.623880 4.811587
 140.000000 3.135808 0.747909 15.476791
 140.200000 3.053635 0.651589 4.830783
 140.400000 3.066678 0.688208 5.011146
 140.600000 3.074831 0.639372 7.533655
 140.800000 2.995855 0.767454 2.817372
 141.000000 3.031765 0.761049 4.072672
 141.200000 3.004122 0.790269 4.931426
 141.400000 3.036884 0.662508 3.072283
 141.600000 3.086204 0.737251 7.862813
 141.800000 2.972375 0.685602 0.092626
 142.000000 3.093963 0.698231 8.052237
 142.200000 3.020736 0.652194 2.495718
 142.400000 3.025195 0.660022 2.416018
 142.600000 -3.140845 0.731216 15.908969
 142.800000 2.968166 0.780068 3.357400
 143.000000 3.069688 0.768935 7.772779
 143.200000 3.076028 0.746476 7.105613
 143.400000 3.090087 0.732360 8.153609
 143.600000 3.080752 0.749173 7.765563
 143.800000 3.012353 0.665836 1.547242
 144.000000 3.046587 0.737987 3.956488
 144.200000 3.046621 0.609681 7.076773
 144.400000 3.065395 0.722059 5.121154
 144.600000 3.042279 0.631676 5.037201
 144.800000 3.071586 0.781491 8.937240
 145.000000 3.045990 0.647909 4.376161
 145.200000 3.053396 0.784329 7.441976
 145.400000 3.056606 0.669795 4.410743
 145.600000 3.035256 0.670742 2.700456
 145.800000 3.067677 0.654613 6.008900
 146.000000 3.015589 0.693390 1.188808
 146.200000 3.069540 0.654569 6.199962
 146.400000 2.940184 0.725238 0.728504
 146.600000 3.002820 0.724760 0.993923
 146.800000 3.015397 0.699826 1.169680
 147.000000 2.983471 0.693804 0.144020
 147.200000 2.970887 0.711045 0.090699
 147.400000 3.044812 0.660190 3.742470
 147.600000 2.923773 0.700778 0.940360
 147.800000 3.047672 0.701774 3.255779
 148.000000 2.996351 0.740812 1.339775
 148.200000 3.040596 0.668884 3.131518
 148.400000 3.049052 0.662466 3.997349
 148.600000 2.972321 0.688291 0.062257
 148.800000 3.044187 0.651341 4.068955
 149.000000 2.992716 0.699704 0.330359
 149.200000 3.012792 0.757852 2.828969
 149.400000 3.043516 0.737590 3.701248
 149.600000 3.085262 0.706720 7.022788
 149.800000 3.091714 0.746198 8.924550
 150.000000 3.107616 0.664586 10.440746
 150.200000 3.059962 0.701070 4.319775
 150.400000 3.125685 0.691024 12.606209
 150.600000 2.997628 0.691424 0.489710
 150.800000 3.075606 0.716775 6.064920
 151.000000 2.983985 0.682768 0.261255
 151.200000 3.095111 0.783546 11.846361
 151.400000 3.086907 0.760981 9.156700
 151.600000 3.088874 0.755125 9.043432
 151.800000 2.968769 0.717333 0.185810
 152.000000 3.049665 0.712413 3.513820
 152.200000 3.091761 0.669821 8.175956
 152.400000 3.062719 0.781405 8.042619
 152.600000 3.104538 0.666220 9.959326
 152.800000 3.133153 0.714397 13.925703
 153.000000 2.966110 0.657356 0.831780
 153.200000 3.042141 0.683632 2.923730
 153.400000 2.975329 0.726066 0.424352
 153.600000 3.061663 0.759707 6.370676
 153.800000 3.036595 0.736806 3.165444
 154.000000 3.108888 0.743515 11.087488
 154.200000 2.944314 0.746096 1.408980
 154.400000 3.079656 0.711531 6.428785
 154.600000 3.004743 0.689019 0.751544
 154.800000 3.029841 0.667533 2.438856
 155.000000 3.043627 0.716429 3.098683
 155.200000 3.098441 0.621999 11.528694
 155.400000 3.070505 0.718497 5.557814
 155.600000 3.114306 0.708481 10.894277
 155.800000 3.074960 0.768181 8.274698
 156.000000 2.923434 0.782342 4.497294
 156.200000 3.036049 0.732135 2.957905
 156.400000 3.101636 0.676797 9.282961
 156.600000 3.073869 0.711878 5.798585
 156.800000 3.028652 0.599898 6.721710
 157.000000 2.958828 0.695762 0.036687
 157.200000 2.996781 0.688978 0.483568
 157.400000 3.040963 0.640860 4.370867
 157.600000 3.042588 0.766658 5.200175
 157.800000 2.965583 0.728079 0.449507
 158.000000 3.029221 0.812383 8.458653
 158.200000 2.996524 0.671940 0.777072
 158.400000 3.031175 0.743296 3.075328
 158.600000 2.961717 0.647951 1.273341
 158.800000 3.090184 0.708284 7.631356
 159.000000 3.038307 0.674485 2.817674
 159.200000 3.033215 0.709327 2.250952
 159.400000 3.047856 0.718625 3.474029
 159.600000 2.958298 0.738216 0.841762
 159.800000 3.058719 0.712648 4.306104
 160.000000 2.972211 0.666906 0.500790
 160.200000 3.047381 0.724359 3.569663
 160.400000 3.018336 0.706257 1.347644
 160.600000 3.055683 0.690496 3.956231
 160.800000 3.038326 0.732363 3.125328
 161.000000 3.047269 0.745160 4.322570
 161.200000 3.015612 0.707255 1.220285
 161.400000 3.006692 0.748961 2.077129
 161.600000 3.057550 0.668875 4.522165
 161.800000 3.050920 0.670639 3.894156
 162.000000 3.035213 0.723796 2.651767
 162.200000 3.101508 0.683398 9.146753
 162.400000 3.030051 0.641219 3.603498
 162.600000 2.951961 0.683576 0.219913
 162.800000 2.971792 0.705612 0.039180
 163.000000 3.028599 0.698924 1.893853
 163.200000 3.042279 0.744891 3.922145
 163.400000 3.055592 0.750151 5.271960
 163.600000 3.010300 0.674192 1.221393
 163.800000 3.010991 0.707299 1.007012
 164.000000 2.967845 0.699486 0.001225
 164.200000 2.946306 0.795814 4.986286
 164.400000 3.044893 0.740814 3.939925
 164.600000 3.045466 0.726773 3.483906
 164.800000 -3.125523 0.674511 18.443727
 165.000000 3.072611 0.726546 5.974286
 165.200000 3.128038 0.741630 13.903075
 165.400000 3.025285 0.716411 1.862133
 165.600000 2.946132 0.689662 0.254858
 165.800000 3.080998 0.628775 8.896201
 166.000000 2.957385 0.705262 0.072222
 166.200000 3.015023 0.681207 1.293459
 166.400000 2.980627 0.731315 0.642595
 166.600000 3.049526 0.649553 4.580259
 166.800000 3.041195 0.763238 4.867425
 167.000000 3.136592 0.659718 15.108400
 167.200000 3.050197 0.689373 3.494260
 167.400000 2.992215 0.672214 0.652257
 167.600000 3.123638 0.713154 12.371210
 167.800000 3.007781 0.773171 3.644604
 168.000000 3.032353 0.764121 4.308863
 168.200000 2.953573 0.762666 2.173294
 168.400000 3.032777 0.718742 2.371778
 168.600000 3.036241 0.696315 2.394671
 168.800000 3.068936 0.714980 5.331341
 169.000000 3.096209 0.660660 9.041865
 169.200000 3.054754 0.619072 6.970442
 169.400000 2.992796 0.636434 2.234450
 169.600000 2.996348 0.730733 0.960322
 169.800000 2.993214 0.726888 0.755485
 170.000000 3.074825 0.661889 6.463481
 170.200000 3.025518 0.712026 1.805239
 170.400000 3.107455 0.758155 11.656796
 170.600000 3.050124 0.652567 4.487959
 170.800000 3.112790 0.720006 10.857936
 171.000000 3.047698 0.714040 3.377775
 171.200000 3.039997 0.638461 4.440232
 171.400000 3.047105 0.754455 4.789796
 171.600000 2.980267 0.762349 2.149135
 171.800000 2.998141 0.763896 2.645460
 172.000000 2.997555 0.699694 0.466211
 172.200000 3.029677 0.812329 8.480929
 172.400000 2.960988 0.686843 0.082149
 172.600000 3.026089 0.721148 2.007109
 172.800000 3.081802 0.587542 12.697950
 173.000000 3.100038 0.724901 9.199933
 173.200000 2.999002 0.627167 3.028165
 173.400000 3.140643 0.672261 15.400224
 173.600000 3.017672 0.692084 1.299087
 173.800000 3.013135 0.761273 3.054846
 174.000000 3.075574 0.727305 6.313210
 174.200000 2.994363 0.751547 1.799342
 174.400000 3.111087 0.750958 11.767153
 174.600000 2.915364 0.642375 2.890655
 174.800000 3.135409 0.699002 14.171157
 175.000000 3.036151 0.618088 5.590316
 175.200000 3.116403 0.702479 11.161097
 175.400000 3.093659 0.710687 8.092450
 175.600000 3.064740 0.706313 4.804191
 175.800000 3.006818 0.718670 1.001269
 176.000000 2.941293 0.691989 0.350830
 176.200000 3.007300 0.799497 5.947069
 176.400000 2.986263 0.725068 0.547164
 176.600000 3.051899 0.721724 3.877147
 176.800000 3.067052 0.658643 5.778944
 177.000000 3.074928 0.654496 6.769833
 177.200000 3.073433 0.647388 6.945096
 177.400000 3.074097 0.701117 5.732981
 177.600000 2.991745 0.737022 1.060894
 177.800000 3.040422 0.741260 3.621048
 178.000000 2.947170 0.733771 0.832874
 178.200000 3.059650 0.707499 4.330308
 178.400000 3.009735 0.605993 5.155339
 178.600000 3.042539 0.638777 4.610016
 178.800000 2.984160 0.671897 0.490339
 179.000000 3.091943 0.666273 8.305417
 179.200000 3.011269 0.689115 1.017874
 179.400000 3.026908 0.743961 2.841074
 179.600000 3.026382 0.700659 1.762769
 179.800000 3.047751 0.699001 3.255880
 180.000000 2.982238 0.752168 1.575154
 180.200000 3.082019 0.612108 10.307899
 180.400000 3.088968 0.656144 8.312233
 180.600000 3.054638 0.622903 6.664710
 180.800000 -3.132435 0.672325 17.204074
 181.000000 3.078454 0.667493 6.673708
 181.200000 3.095358 0.692326 8.247049
 181.400000 3.051799 0.776648 6.672796
 181.600000 3.095888 0.789222 12.447027
 181.800000 3.006413 0.797130 5.674679
 182.000000 2.943089 0.726349 0.685405
 182.200000 3.028146 0.688979 1.907676
 182.400000 3.019091 0.703394 1.367477
 182.600000 3.040613 0.590665 8.479624
 182.800000 3.041740 0.643290 4.292395
 183.000000 3.093354 0.712628 8.080223
 183.200000 3.009771 0.686509 0.979683
 183.400000 3.082987 0.715063 6.862877
 183.600000 3.078161 0.645274 7.568677
 183.800000 3.075939 0.748618 7.201784
 184.000000 3.047289 0.721984 3.502837
 184.200000 3.022275 0.768693 4.013812
 184.400000 3.031917 0.737920 2.894812
 184.600000 3.032955 0.640069 3.856757
 184.800000 3.034106 0.651514 3.334167
 185.000000 2.999760 0.604845 4.885886
 185.200000 3.099646 0.730399 9.310149
 185.400000 2.899283 0.637836 4.114651
 185.600000 -3.129928 0.779108 20.613306
 185.800000 2.973488 0.735760 0.728595
 186.000000 3.038573 0.731012 3.097618
 186.200000 3.059150 0.760504 6.185448
 186.400000 2.998107 0.724787 0.837219
 186.600000 3.036256 0.754289 3.970846
 186.800000 3.002747 0.677271 0.854364
 187.000000 3.061079 0.699238 4.420443
 187.200000 3.010083 0.669617 1.332029
 187.400000 3.067387 0.694571 5.039090
 187.600000 3.060006 0.694984 4.324424
 187.800000 2.991525 0.689169 0.339431
 188.000000 3.038532 0.629147 4.933585
 188.200000 3.056211 0.735406 4.668612
 188.400000 3.034198 0.699292 2.254479
 188.600000 3.027020 0.685504 1.877316
 188.800000 3.104684 0.720645 9.723592
 189.000000 2.993293 0.768134 2.794248
 189.200000 3.015130 0.636116 3.078381
 189.400000 3.023993 0.706080 1.652285
 189.600000 3.022731 0.768573 4.030664
 189.800000 3.001283 0.711060 0.669168
 190.000000 3.031573 0.696338 2.082571
 190.200000 3.019699 0.689361 1.423900
 190.400000 3.067022 0.631227 7.234418
 190.600000 3.044449 0.610431 6.840324
 190.800000 3.082537 0.775607 9.668748
 191.000000 3.096243 0.704732 8.365922
 191.200000 3.052402 0.760028 5.557182
 191.400000 3.056755 0.763496 6.158871
 191.600000 3.018019 0.727040 1.716247
 191.800000 3.019432 0.684955 1.458247
 192.000000 3.029321 0.731674 2.500766
 192.200000 2.976198 0.700803 0.045322
 192.400000 3.024122 0.696760 1.629002
 192.600000 2.953984 0.719024 0.303738
 192.800000 3.027915 0.635920 3.786836
 193.000000 3.040071 0.628612 5.081871
 193.200000 3.041819 0.587839 8.876728
 193.400000 3.023002 0.688411 1.612035
 193.600000 3.048560 0.626032 5.920346
 193.800000 3.050513 0.768703 5.972353
 194.000000 3.048824 0.743328 4.364086
 194.200000 3.045051 0.775516 6.035444
 194.400000 2.965137 0.739252 0.847294
 194.600000 3.050517 0.703252 3.495625
 194.800000 2.976446 0.660155 0.765166
 195.000000 3.065770 0.707993 4.920525
 195.200000 3.040263 0.683488 2.786612
 195.400000 3.015144 0.705587 1.183817
 195.600000 3.053765 0.677190 3.978198
 195.800000 2.986768 0.689337 0.232880
 196.000000 2.958614 0.716764 0.209249
 196.200000 2.994734 0.720496 0.633010
 196.400000 3.076745 0.643098 7.529765
 196.600000 3.040966 0.663327 3.336800
 196.800000 3.081221 0.596741 11.656429
 197.000000 3.108819 0.614136 13.575468
 197.200000 3.082549 0.728197 7.120803
 197.400000 3.027468 0.750744 3.208575
 197.600000 3.011224 0.768966 3.483996
 197.800000 3.026157 0.783184 5.363219
 198.000000 3.040094 0.784804 6.423042
 198.200000 3.090895 0.688733 7.711797
 198.400000 3.066759 0.634417 6.999723
 198.600000 3.072338 0.611553 9.289666
 198.800000 3.076255 0.696718 5.962750
 199.000000 2.999163 0.697392 0.515574
 199.200000 3.019443 0.749714 2.702373
 199.400000 3.022927 0.668691 1.993967
 199.600000 3.019914 0.778780 4.648869
 199.800000 3.058025 0.725664 4.516323
 200.000000 3.035225 0.670541 2.703860
