#! FIELDS time phi psi restraint.bias
#! SET min_phi -pi
#! SET max_phi pi
#! SET min_psi -pi
#! SET max_psi pi
 0.000000 -0.513012 2.423849 304.320596
 0.200000 0.209621 2.738095 2.096998
 0.400000 0.127406 2.647979 11.557497
 0.600000 0.100061 2.670662 10.198474
 0.800000 0.167211 2.746188 1.100460
 1.000000 0.171065 2.748248 0.986336
 1.200000 0.228506 2.778578 1.553834
 1.400000 0.170871 2.772244 0.212404
 1.600000 0.079976 2.753447 5.234126
 1.800000 0.151241 2.716121 3.190159
 2.000000 0.177863 2.722292 2.472014
 2.200000 0.162750 2.759519 0.614184
 2.400000 0.102298 2.693383 7.523671
 2.600000 0.163374 2.722233 2.532850
 2.800000 0.220558 2.645847 11.816643
 3.000000 0.088257 2.671350 11.063669
 3.200000 0.092289 2.759534 3.926295
 3.400000 0.137719 2.799227 0.700077
 3.600000 0.140078 2.736558 2.159843
 3.800000 0.126972 2.764306 1.529228
 4.000000 0.074385 2.756723 5.655760
 4.200000 0.179842 2.622185 14.522275
 4.400000 0.036285 2.809569 9.701423
 4.600000 0.112210 2.670167 9.428011
 4.800000 0.110165 2.710317 5.450827
 5.000000 0.221668 2.845979 2.539446
 5.200000 0.098560 2.738191 4.362145
 5.400000 0.006234 2.758324 14.747261
 5.600000 -0.006184 2.832066 17.111056
 5.800000 0.075875 2.839754 5.981907
 6.000000 0.129750 2.762635 1.449529
 6.200000 0.094020 2.767767 3.547644
 6.400000 0.107187 2.840961 3.440683
 6.600000 0.084396 2.710809 7.401211
 6.800000 0.074212 2.785228 5.058749
 7.000000 0.079256 2.828426 5.183270
 7.200000 0.130296 2.679892 7.321764
 7.400000 0.088737 2.741869 4.963585
 7.600000 0.070534 2.692032 10.457571
 7.800000 0.100368 2.666774 10.657076
 8.000000 0.176084 2.736520 1.569568
 8.200000 0.180523 2.769104 0.292241
 8.400000 0.068437 2.659919 14.420520
 8.600000 0.145936 2.756177 1.069546
 8.800000 0.191068 2.764429 0.531447
 9.000000 0.204558 2.605655 17.911225
 9.200000 0.033702 2.737360 11.438329
 9.400000 0.085004 2.802337 4.055875
 9.600000 0.143223 2.723039 2.904421
 9.800000 0.157003 2.732644 1.946642
 10.000000 0.187631 2.771598 0.304787
 10.200000 0.176191 2.701817 4.115544
 10.400000 0.161272 2.719155 2.779598
 10.600000 0.213386 2.758189 1.344341
 10.800000 0.116697 2.762898 2.111426
 11.000000 0.119892 2.750875 2.360212
 11.200000 0.142524 2.719849 3.153281
 11.400000 0.141763 2.714557 3.576564
 11.600000 0.143879 2.762362 0.924811
 11.800000 0.161378 2.765057 0.463830
 12.000000 0.102931 2.666246 10.536782
 12.200000 0.063421 2.733621 7.907887
 12.400000 0.099302 2.810638 2.993823
 12.600000 0.094587 2.702080 7.285987
 12.800000 0.101340 2.694222 7.510503
 13.000000 0.158720 2.754022 0.866330
 13.200000 0.071378 2.819615 5.687361
 13.400000 0.098345 2.715886 5.839226
 13.600000 0.142661 2.703238 4.494153
 13.800000 0.195072 2.784627 0.242142
 14.000000 0.061436 2.723417 8.783536
 14.200000 0.044429 2.700047 12.739811
 14.400000 0.124593 2.782128 1.301079
 14.600000 0.172292 2.682485 6.057139
 14.800000 0.144388 2.666143 8.440759
 15.000000 0.144785 2.771785 0.657591
 15.200000 0.112203 2.776737 2.067151
 15.400000 0.113325 2.760182 2.396314
 15.600000 0.065163 2.724458 8.297507
 15.800000 0.138269 2.747252 1.682424
 16.000000 0.111231 2.783118 2.047852
 16.200000 0.106292 2.750086 3.229047
 16.400000 0.127612 2.758959 1.664177
 16.600000 0.084178 2.787158 4.096387
 16.800000 0.138173 2.787689 0.672719
 17.000000 0.107062 2.739261 3.694762
 17.200000 0.008312 2.701146 17.989967
 17.400000 0.189231 2.665533 8.171776
 17.600000 0.180098 2.783456 0.056629
 17.800000 0.092013 2.713010 6.566220
 18.000000 0.099832 2.672276 10.020267
 18.200000 0.103861 2.759639 3.038041
 18.400000 0.094542 2.744705 4.342764
 18.600000 0.036944 2.719653 12.120568
 18.800000 0.137070 2.742152 1.970549
 19.000000 0.122334 2.708577 4.886169
 19.200000 0.132582 2.722884 3.304968
 19.400000 0.152866 2.752894 1.020120
 19.600000 0.121649 2.722500 3.850266
 19.800000 0.071883 2.709158 8.743602
 20.000000 0.228400 2.712713 4.635948
 20.200000 0.138106 2.758674 1.236491
 20.400000 0.196251 2.731347 2.107322
 20.600000 0.121621 2.743688 2.592422
 20.800000 0.167502 2.770457 0.268257
 21.000000 0.135864 2.814123 0.980835
 21.200000 0.094782 2.763669 3.596486
 21.400000 0.177424 2.651282 9.979180
 21.600000 0.198866 2.820371 0.683705
 21.800000 0.158695 2.709086 3.606608
 22.000000 0.055381 2.713323 10.235217
 22.200000 0.144961 2.801220 0.475052
 22.400000 0.183434 2.739278 1.457359
 22.600000 0.182109 2.657947 9.084508
 22.800000 0.213875 2.747651 1.780816
 23.000000 0.122980 2.706137 5.060443
 23.200000 0.194383 2.698101 4.655160
 23.400000 0.145923 2.709244 3.877307
 23.600000 0.126984 2.746699 2.180512
 23.800000 0.238719 2.683228 8.033075
 24.000000 0.109020 2.643874 13.194843
 24.200000 0.101862 2.731128 4.525460
 24.400000 0.190281 2.816442 0.409971
 24.600000 0.152842 2.610524 16.797761
 24.800000 0.152087 2.674661 7.198106
 25.000000 0.210273 2.778802 0.732868
 25.200000 0.201954 2.832071 1.157857
 25.400000 0.131461 2.836478 1.893472
 25.600000 0.146989 2.769514 0.644127
 25.800000 0.146421 2.769334 0.664094
 26.000000 0.250027 2.746764 3.896789
 26.200000 0.209163 2.653835 10.217361
 26.400000 0.191605 2.724656 2.448990
 26.600000 0.182941 2.710915 3.365584
 26.800000 0.109272 2.749630 3.049544
 27.000000 0.212586 2.703753 4.664404
 27.200000 0.196047 2.655818 9.576120
 27.400000 0.210873 2.676614 7.378224
 27.600000 0.253506 2.659058 12.025380
 27.800000 0.128537 2.699233 5.409685
 28.000000 0.169535 2.748887 0.964686
 28.200000 0.164336 2.780527 0.123982
 28.400000 0.064944 2.745465 7.112313
 28.600000 0.203309 2.725396 2.667319
 28.800000 0.214802 2.752528 1.610735
 29.000000 0.159171 2.783843 0.155692
 29.200000 0.174979 2.706919 3.664440
 29.400000 0.175248 2.717024 2.850625
 29.600000 0.148409 2.742852 1.575028
 29.800000 0.193086 2.741614 1.468178
 30.000000 0.117741 2.671727 8.908937
 30.200000 0.089360 2.656455 12.884968
 30.400000 0.279903 2.753475 6.313982
 30.600000 0.172199 2.699562 4.323962
 30.800000 0.077330 2.738833 6.165706
 31.000000 0.176130 2.777157 0.119386
 31.200000 0.239684 2.699198 6.477495
 31.400000 0.222460 2.817175 1.452297
 31.600000 0.168768 2.774607 0.177171
 31.800000 0.176460 2.703440 3.970071
 32.000000 0.277701 2.762146 5.783337
 32.200000 0.180979 2.701156 4.195049
 32.400000 0.188432 2.673596 7.168920
 32.600000 0.228878 2.674251 8.471302
 32.800000 0.215827 2.788745 0.859758
 33.000000 0.143943 2.697074 5.023501
 33.200000 0.085325 2.701475 8.124155
 33.400000 0.066410 2.783560 5.885489
 33.600000 0.177776 2.759340 0.555951
 33.800000 0.159650 2.694605 4.905084
 34.000000 0.222144 2.711039 4.453572
 34.200000 0.180801 2.780305 0.094339
 34.400000 0.083785 2.773163 4.305089
 34.600000 0.151403 2.639387 11.993397
 34.800000 0.267717 2.790853 4.343072
 35.000000 0.112478 2.712186 5.152674
 35.200000 0.105824 2.672284 9.589646
 35.400000 0.162985 2.842039 1.292398
 35.600000 0.151672 2.789136 0.267052
 35.800000 0.129053 2.661783 9.581197
 36.000000 0.115669 2.744321 2.894394
 36.200000 0.061471 2.841966 7.613653
 36.400000 0.091397 2.780476 3.528427
 36.600000 0.106684 2.708180 5.858945
 36.800000 0.113239 2.815767 2.148542
 37.000000 0.156526 2.744471 1.316808
 37.200000 0.177283 2.672313 7.229419
 37.400000 0.126685 2.815994 1.420093
 37.600000 0.169132 2.805092 0.093531
 37.800000 0.202330 2.646679 11.022173
 38.000000 0.107465 2.718048 5.022580
 38.200000 0.157446 2.726713 2.311732
 38.400000 0.223481 2.714040 4.278041
 38.600000 0.158656 2.759635 0.666965
 38.800000 0.086059 2.650863 13.948162
 39.000000 0.187240 2.735512 1.706083
 39.200000 0.138232 2.766682 0.992845
 39.400000 0.100593 2.743759 3.922702
 39.600000 0.078589 2.785840 4.624960
 39.800000 0.094686 2.675693 10.012840
 40.000000 0.186518 2.692558 5.068709
 40.200000 0.180129 2.753595 0.773496
 40.400000 0.189900 2.702033 4.212623
 40.600000 0.106993 2.720505 4.874365
 40.800000 0.088592 2.740187 5.062657
 41.000000 0.202724 2.805692 0.484031
 41.200000 0.137362 2.781580 0.750757
 41.400000 0.080960 2.691198 9.511761
 41.600000 0.222941 2.765872 1.526908
 41.800000 0.054608 2.795309 7.194865
 42.000000 0.124996 2.689639 6.519955
 42.200000 0.077494 2.824560 5.221371
 42.400000 0.097316 2.724718 5.280226
 42.600000 0.180441 2.741119 1.338834
 42.800000 0.221201 2.689886 6.356588
 43.000000 0.274161 2.732708 6.752029
 43.200000 0.088367 2.748555 4.679003
 43.400000 0.159122 2.664028 8.374730
 43.600000 0.161369 2.738385 1.552284
 43.800000 0.238821 2.699781 6.367370
 44.000000 0.215232 2.733858 2.549183
 44.200000 0.076895 2.782985 4.812142
 44.400000 0.189734 2.748459 1.086541
 44.600000 0.308142 2.755034 9.628473
 44.800000 0.239195 2.798352 2.107564
 45.000000 0.193638 2.677826 6.760614
 45.200000 0.306877 2.687461 14.276907
 45.400000 0.252754 2.840721 4.220628
 45.600000 0.171171 2.824084 0.503592
 45.800000 0.073461 2.708182 8.664821
 46.000000 0.090708 2.785014 3.541506
 46.200000 0.080280 2.767831 4.746780
 46.400000 0.117139 2.690442 6.857639
 46.600000 0.208002 2.730075 2.510217
 46.800000 0.197590 2.847528 1.778384
 47.000000 0.056252 2.695079 11.743197
 47.200000 0.125329 2.740074 2.586163
 47.400000 0.189778 2.758201 0.705325
 47.600000 0.216411 2.806736 0.977850
 47.800000 0.229087 2.775980 1.624981
 48.000000 0.180315 2.742151 1.285591
 48.200000 0.150948 2.814084 0.510476
 48.400000 0.106455 2.733739 4.045297
 48.600000 0.260724 2.857679 5.836901
 48.800000 0.177189 2.906686 6.519692
 49.000000 0.227354 2.696030 6.050838
 49.200000 0.102917 2.711261 5.866469
 49.400000 0.198919 2.707594 3.904107
 49.600000 0.174866 2.702783 4.027011
 49.800000 0.204598 2.739258 1.870699
 50.000000 0.190044 2.827225 0.722294
 50.200000 0.210419 2.750623 1.521901
 50.400000 0.123448 2.729069 3.318293
 50.600000 0.175458 2.762641 0.447004
 50.800000 0.200119 2.848665 1.903058
 51.000000 0.217912 2.838051 1.977087
 51.200000 0.170174 2.727694 2.111158
 51.400000 0.145970 2.763688 0.823776
 51.600000 0.094211 2.800801 3.260062
 51.800000 0.205891 2.725343 2.748514
 52.000000 0.211658 2.817735 1.006847
 52.200000 0.203570 2.863436 2.935652
 52.400000 0.123683 2.822029 1.728038
 52.600000 0.139918 2.664983 8.732812
 52.800000 0.218070 2.783257 0.990678
 53.000000 0.333613 2.705733 16.419742
 53.200000 0.212876 2.784948 0.763813
 53.400000 0.189997 2.752881 0.905459
 53.600000 0.035841 2.708792 13.123476
 53.800000 0.067023 2.719030 8.480068
 54.000000 0.204446 2.732859 2.227509
 54.200000 0.192379 2.769534 0.423579
 54.400000 0.154685 2.762929 0.634980
 54.600000 0.156331 2.724147 2.503538
 54.800000 0.182312 2.711483 3.314343
 55.000000 0.101154 2.706248 6.414253
 55.200000 0.235139 2.734509 3.519583
 55.400000 0.217307 2.822903 1.376147
 55.600000 0.041684 2.661396 17.422001
 55.800000 0.087033 2.755140 4.526956
 56.000000 0.157294 2.785283 0.174834
 56.200000 0.231636 2.729881 3.592646
 56.400000 0.313636 2.822689 10.129735
 56.600000 0.191527 2.700925 4.339881
 56.800000 0.108264 2.795445 2.200064
 57.000000 0.144780 2.662722 8.867210
 57.200000 0.314134 2.884405 13.965056
 57.400000 0.210196 2.756174 1.296708
 57.600000 0.109144 2.720016 4.766733
 57.800000 0.241124 2.755672 2.896334
 58.000000 0.173201 2.752061 0.819629
 58.200000 0.152895 2.597170 19.316218
 58.400000 0.215558 2.710216 4.229092
 58.600000 0.121302 2.809906 1.567801
 58.800000 0.015225 2.636927 24.795154
 59.000000 0.021932 2.778014 11.748784
 59.200000 0.158048 2.762483 0.587204
 59.400000 0.035787 2.686927 15.200886
 59.600000 0.012246 2.772481 13.369356
 59.800000 0.062004 2.771757 6.547049
 60.000000 0.042851 2.725861 10.892223
 60.200000 0.161436 2.746635 1.138776
 60.400000 0.138267 2.716615 3.538939
 60.600000 0.117415 2.706989 5.289600
 60.800000 0.138079 2.843100 1.943262
 61.000000 0.065291 2.744233 7.133087
 61.200000 0.100707 2.693041 7.673899
 61.400000 0.182320 2.822787 0.488164
 61.600000 0.171923 2.727772 2.099966
 61.800000 0.090304 2.717015 6.398203
 62.000000 0.074289 2.806293 5.119136
 62.200000 0.229558 2.681533 7.673641
 62.400000 0.179702 2.713612 3.127159
 62.600000 -0.013247 2.736302 19.211235
 62.800000 0.050727 2.783876 7.701338
 63.000000 0.082161 2.771151 4.494755
 63.200000 0.136483 2.739321 2.139323
 63.400000 0.102967 2.747612 3.569546
 63.600000 0.123289 2.769176 1.585610
 63.800000 0.080025 2.758430 5.047197
 64.000000 0.050233 2.867489 10.534898
 64.200000 0.045774 2.822089 8.726400
 64.400000 0.066391 2.731551 7.706342
 64.600000 0.046188 2.762380 8.690555
 64.800000 0.113956 2.780889 1.902511
 65.000000 0.076601 2.792700 4.795385
 65.200000 0.085806 2.778975 4.028034
 65.400000 0.101109 2.687368 8.224756
 65.600000 0.080480 2.762375 4.877502
 65.800000 0.140676 2.769363 0.841425
 66.000000 0.127806 2.670816 8.498500
 66.200000 0.111932 2.702655 5.997942
 66.400000 0.058159 2.824952 7.297107
 66.600000 0.096167 2.735712 4.684596
 66.800000 0.071976 2.684238 11.122180
 67.000000 0.078201 2.803380 4.698866
 67.200000 0.132093 2.844499 2.251105
 67.400000 0.142651 2.678181 7.045687
 67.600000 0.031227 2.717796 13.060602
 67.800000 0.100959 2.795190 2.710077
 68.000000 0.191694 2.735568 1.769382
 68.200000 0.086513 2.710486 7.239086
 68.400000 0.132249 2.718973 3.599068
 68.600000 0.074698 2.850802 6.681497
 68.800000 0.155380 2.692853 5.150869
 69.000000 0.036549 2.743932 10.700508
 69.200000 0.078753 2.781822 4.644218
 69.400000 0.173348 2.826051 0.562640
 69.600000 0.086239 2.719376 6.573403
 69.800000 0.144915 2.717901 3.223112
 70.000000 0.174349 2.802442 0.049168
 70.200000 0.137260 2.770494 0.937361
 70.400000 0.142918 2.710641 3.852399
 70.600000 0.232127 2.639962 13.296469
 70.800000 0.159285 2.777573 0.228054
 71.000000 0.141882 2.721664 3.043812
 71.200000 0.107183 2.696128 6.914360
 71.400000 0.130760 2.747090 1.990307
 71.600000 0.124991 2.761574 1.706254
 71.800000 0.104982 2.700553 6.648287
 72.000000 0.114356 2.761364 2.296163
 72.200000 0.146696 2.815048 0.641029
 72.400000 0.067855 2.726225 7.888085
 72.600000 0.096581 2.679258 9.453135
 72.800000 0.269345 2.805166 4.574569
 73.000000 0.105818 2.757515 2.973801
 73.200000 0.167121 2.695172 4.766408
 73.400000 0.023280 2.799616 11.463810
 73.600000 0.178140 2.741049 1.331467
 73.800000 0.070040 2.618258 20.644103
 74.000000 0.151826 2.718865 2.970821
 74.200000 0.078499 2.695913 9.278424
 74.400000 0.067301 2.690619 10.942022
 74.600000 0.224541 2.644717 12.174248
 74.800000 0.143075 2.729649 2.471651
 75.000000 0.149810 2.759580 0.848347
 75.200000 0.200316 2.736114 1.923557
 75.400000 0.128858 2.713208 4.188790
 75.600000 0.188529 2.748837 1.052322
 75.800000 0.167136 2.707614 3.632405
 76.000000 0.115506 2.779847 1.822474
 76.200000 0.142263 2.709967 3.928720
 76.400000 0.105366 2.797763 2.405741
 76.600000 0.212010 2.767019 1.027566
 76.800000 0.074373 2.632370 17.841141
 77.000000 0.128731 2.792211 1.048975
 77.200000 0.187931 2.854772 2.026993
 77.400000 0.136662 2.630902 13.778351
 77.600000 0.085234 2.673706 11.046327
 77.800000 0.055576 2.745511 8.180554
 78.000000 0.092908 2.733036 5.100891
 78.200000 0.133373 2.754570 1.567447
 78.400000 0.098577 2.658255 11.899144
 78.600000 0.171044 2.688301 5.437623
 78.800000 0.136014 2.734468 2.427253
 79.000000 0.126916 2.741593 2.430815
 79.200000 0.086661 2.757300 4.481201
 79.400000 -0.004958 2.708965 19.599745
 79.600000 0.157279 2.693435 5.058463
 79.800000 0.334382 2.719108 15.471087
 80.000000 0.216725 2.727001 3.036879
 80.200000 0.105596 2.692333 7.395585
 80.400000 0.097013 2.736759 4.559709
 80.600000 0.044309 2.736017 10.075767
 80.800000 0.278035 2.701534 9.496111
 81.000000 0.157184 2.776359 0.281193
 81.200000 0.114582 2.645422 12.616947
 81.400000 0.182736 2.748547 1.000743
 81.600000 0.167138 2.864588 2.623767
 81.800000 0.156691 2.700658 4.379091
 82.000000 0.058659 2.787204 6.727504
 82.200000 0.055453 2.843124 8.370006
 82.400000 0.105843 2.638600 14.205936
 82.600000 0.281698 2.809534 5.886788
 82.800000 0.172486 2.757762 0.606392
 83.000000 0.058728 2.718183 9.468957
 83.200000 0.094304 2.808664 3.348575
 83.400000 0.187824 2.778290 0.189676
 83.600000 0.201749 2.741680 1.663057
 83.800000 0.192627 2.746408 1.227169
 84.000000 0.169616 2.805345 0.094247
 84.200000 0.207740 2.618161 15.753095
 84.400000 0.230655 2.767235 1.894693
 84.600000 0.160444 2.843851 1.416333
 84.800000 0.150409 2.720667 2.872934
 85.000000 0.080795 2.764918 4.774563
 85.200000 0.114576 2.778835 1.891148
 85.400000 0.247506 2.764488 3.055623
 85.600000 0.164733 2.740679 1.392090
 85.800000 0.124634 2.780452 1.317864
 86.000000 0.122270 2.805336 1.447751
 86.200000 0.099357 2.737493 4.340016
 86.400000 0.155759 2.843718 1.486526
 86.600000 0.184940 2.818786 0.398918
 86.800000 0.105245 2.758991 2.962742
 87.000000 0.156050 2.784272 0.204874
 87.200000 0.172169 2.751642 0.838564
 87.400000 0.167520 2.762518 0.474853
 87.600000 0.229401 2.766083 1.854914
 87.800000 0.109370 2.806739 2.224083
 88.000000 0.122504 2.755013 2.057157
 88.200000 0.154919 2.742543 1.441526
 88.400000 0.194502 2.811716 0.383479
 88.600000 0.200217 2.774400 0.494128
 88.800000 0.133666 2.694641 5.625816
 89.000000 0.120377 2.771350 1.690647
 89.200000 0.056936 2.759824 7.449239
 89.400000 0.162296 2.776854 0.197689
 89.600000 0.215117 2.825310 1.360902
 89.800000 0.152466 2.627948 13.786533
 90.000000 0.056688 2.729253 8.945423
 90.200000 0.189041 2.761854 0.575648
 90.400000 0.215465 2.749251 1.774108
 90.600000 0.184299 2.720062 2.673286
 90.800000 0.121014 2.772867 1.625407
 91.000000 0.139683 2.696282 5.238798
 91.200000 0.133183 2.768937 1.133160
 91.400000 0.196651 2.759208 0.799660
 91.600000 0.158103 2.754747 0.848617
 91.800000 0.096561 2.700331 7.289866
 92.000000 0.127802 2.741190 2.409609
 92.200000 0.138991 2.715815 3.574006
 92.400000 0.200011 2.770300 0.571597
 92.600000 0.210192 2.761691 1.111209
 92.800000 0.130577 2.781281 1.029299
 93.000000 0.102016 2.707259 6.264603
 93.200000 0.204682 2.725124 2.726053
 93.400000 0.115526 2.800116 1.769733
 93.600000 0.079654 2.800356 4.531642
 93.800000 0.078903 2.805965 4.662842
 94.000000 0.106847 2.686714 7.888909
 94.200000 0.190340 2.758327 0.709752
 94.400000 0.255800 2.760162 3.825924
 94.600000 0.061393 2.794974 6.403364
 94.800000 0.029977 2.742341 11.707529
 95.000000 0.143741 2.720493 3.068514
 95.200000 0.131429 2.812939 1.137325
 95.400000 0.142497 2.738909 1.950568
 95.600000 0.060746 2.783823 6.511639
 95.800000 0.117503 2.792484 1.626179
 96.000000 0.256941 2.738049 4.879490
 96.200000 0.113086 2.693871 6.754363
 96.400000 0.150950 2.762028 0.743144
 96.600000 0.047316 2.765143 8.467032
 96.800000 0.106889 2.729364 4.282579
 97.000000 0.022413 2.808386 11.696006
 97.200000 0.115935 2.745066 2.843119
 97.400000 0.103239 2.743748 3.731048
 97.600000 0.231525 2.723545 4.003312
 97.800000 0.097018 2.718994 5.707833
 98.000000 -0.009497 2.738239 18.407079
 98.200000 0.024780 2.729740 13.184040
 98.400000 0.114726 2.787941 1.798956
 98.600000 0.189131 2.733505 1.848322
 98.800000 0.095242 2.730185 5.086799
 99.000000 0.082072 2.754324 5.004196
 99.200000 0.030989 2.761469 10.784688
 99.400000 0.146037 2.765274 0.777360
 99.600000 0.159447 2.760365 0.630962
 99.800000 0.025975 2.704279 14.928540
 100.000000 0.155953 2.755072 0.874044
 100.200000 0.252743 2.765465 3.424554
 100.400000 0.092581 2.727001 5.504934
 100.600000 0.055946 2.800156 7.060509
 100.800000 0.169251 2.699501 4.340837
 101.000000 0.094739 2.743597 4.380622
 101.200000 0.046267 2.845161 9.611177
 101.400000 0.094640 2.694228 8.022728
 101.600000 0.087932 2.736592 5.314169
 101.800000 0.185957 2.829585 0.751924
 102.000000 0.127995 2.664979 9.217070
 102.200000 0.151364 2.809798 0.417543
 102.400000 0.151603 2.751501 1.104464
 102.600000 0.131607 2.690013 6.175873
 102.800000 0.129235 2.806636 1.125482
 103.000000 0.078981 2.765468 4.931217
 103.200000 -0.013643 2.764388 18.100915
 103.400000 0.098735 2.759176 3.428809
 103.600000 0.177150 2.767242 0.323082
 103.800000 0.150550 2.710881 3.620595
 104.000000 0.162782 2.698478 4.491601
 104.200000 0.158939 2.773521 0.302201
 104.400000 0.193117 2.730277 2.110225
 104.600000 0.144398 2.739862 1.840879
 104.800000 0.079338 2.708743 8.040891
 105.000000 0.167929 2.705781 3.784255
 105.200000 0.156876 2.704969 3.989060
 105.400000 0.174392 2.747579 1.010160
 105.600000 0.121883 2.750433 2.271951
 105.800000 0.158598 2.615779 15.746857
 106.000000 0.252409 2.808071 3.153169
 106.200000 0.186136 2.704515 3.940392
 106.400000 0.048077 2.689750 13.277084
 106.600000 0.220025 2.682718 7.063735
 106.800000 0.195678 2.827578 0.837848
 107.000000 0.154233 2.713855 3.300702
 107.200000 0.143094 2.749097 1.437271
 107.400000 0.174457 2.835611 0.928126
 107.600000 0.127701 2.704590 4.963070
 107.800000 0.188638 2.709614 3.536766
 108.000000 0.204066 2.868958 3.356953
 108.200000 0.118646 2.804326 1.631267
 108.400000 0.061750 2.775675 6.501936
 108.600000 0.195625 2.793022 0.222566
 108.800000 0.158693 2.780382 0.199203
 109.000000 0.167883 2.745348 1.135034
 109.200000 0.094717 2.772741 3.381032
 109.400000 0.114029 2.829033 2.496712
 109.600000 0.111253 2.751390 2.848335
 109.800000 0.132256 2.783949 0.930477
 110.000000 0.188318 2.745954 1.179508
 110.200000 0.076153 2.708490 8.370413
 110.400000 0.140106 2.736632 2.154741
 110.600000 0.180234 2.789140 0.021986
 110.800000 0.109978 2.685519 7.809014
 111.000000 0.057108 2.715703 9.845276
 111.200000 0.146551 2.796204 0.398248
 111.400000 0.131679 2.662483 9.373951
 111.600000 0.115355 2.684105 7.628613
 111.800000 0.105891 2.713406 5.485910
 112.000000 0.161572 2.736428 1.657529
 112.200000 0.185308 2.683177 6.036687
 112.400000 0.142660 2.718150 3.273874
 112.600000 0.098904 2.730824 4.763507
 112.800000 0.153752 2.691026 5.367110
 113.000000 0.139640 2.716845 3.472629
 113.200000 0.177202 2.821462 0.422177
 113.400000 0.050209 2.761411 8.212301
 113.600000 0.045639 2.684174 14.177004
 113.800000 0.163757 2.765822 0.414625
 114.000000 0.166696 2.735089 1.680232
 114.200000 0.046006 2.741511 9.560822
 114.400000 0.095518 2.801834 3.164951
 114.600000 0.074879 2.864135 7.529340
 114.800000 0.107003 2.767747 2.587162
 115.000000 0.030784 2.771140 10.560509
 115.200000 0.157763 2.862625 2.597524
 115.400000 0.132484 2.670916 8.278619
 115.600000 0.033547 2.754441 10.663827
 115.800000 0.046234 2.811345 8.407332
 116.000000 0.181456 2.749493 0.949937
 116.200000 0.125910 2.734840 2.845981
 116.400000 0.225720 2.748600 2.274845
 116.600000 -0.019985 2.805439 19.002000
 116.800000 0.089769 2.759594 4.134748
 117.000000 0.183491 2.775071 0.192473
 117.200000 0.181688 2.728179 2.095920
 117.400000 0.209788 2.673207 7.740079
 117.600000 0.178664 2.752149 0.823714
 117.800000 0.219068 2.681744 7.128049
 118.000000 0.250113 2.733383 4.605186
 118.200000 0.179234 2.705856 3.766985
 118.400000 0.153786 2.725181 2.482934
 118.600000 0.207974 2.650926 10.584505
 118.800000 0.184244 2.693171 4.982952
 119.000000 0.176562 2.700526 4.234125
 119.200000 0.107549 2.689364 7.564705
 119.400000 0.159027 2.652862 9.873346
 119.600000 0.255015 2.702037 7.332941
 119.800000 0.159610 2.697714 4.606102
 120.000000 0.124894 2.694620 6.024884
 120.200000 0.269834 2.746207 5.613904
 120.400000 0.168678 2.728906 2.040917
 120.600000 0.162325 2.705315 3.877502
 120.800000 0.144768 2.743048 1.667037
 121.000000 0.151190 2.734316 1.966665
 121.200000 0.163009 2.709127 3.544132
 121.400000 0.220686 2.812784 1.270249
 121.600000 0.159403 2.643873 11.163468
 121.800000 0.282534 2.659803 14.639836
 122.000000 0.230258 2.749236 2.489662
 122.200000 0.195435 2.773760 0.394545
 122.400000 0.137228 2.691021 5.847517
 122.600000 0.188914 2.791323 0.104135
 122.800000 0.260078 2.816713 3.951467
 123.000000 0.158138 2.767127 0.456960
 123.200000 0.062208 2.803342 6.366904
 123.400000 0.170887 2.788059 0.016629
 123.600000 0.206255 2.654585 10.017074
 123.800000 0.144973 2.780080 0.514340
 124.000000 0.142941 2.792068 0.499140
 124.200000 0.109980 2.742841 3.317888
 124.400000 0.087394 2.748041 4.786062
 124.600000 0.198704 2.809431 0.435006
 124.800000 0.213744 2.840279 1.908897
 125.000000 0.104691 2.712943 5.605679
 125.200000 0.093974 2.686891 8.824387
 125.400000 0.145180 2.779752 0.512393
 125.600000 0.181963 2.673968 7.055743
 125.800000 0.267735 2.737693 5.846673
 126.000000 0.131185 2.749199 1.878161
 126.200000 0.017401 2.752573 13.143362
 126.400000 0.099621 2.715522 5.770782
 126.600000 0.203998 2.778476 0.532815
 126.800000 0.154167 2.753167 0.981994
 127.000000 0.076418 2.734491 6.497327
 127.200000 0.074650 2.817184 5.292258
 127.400000 0.128937 2.750620 1.917583
 127.600000 0.045008 2.673619 15.457850
 127.800000 0.170907 2.785948 0.028212
 128.000000 0.078324 2.730388 6.558714
 128.200000 0.220486 2.759242 1.609799
 128.400000 0.233896 2.971138 17.712959
 128.600000 0.143258 2.711773 3.749677
 128.800000 0.041344 2.751185 9.724255
 129.000000 0.063986 2.790524 6.112356
 129.200000 0.246147 2.697172 7.110488
 129.400000 0.188392 2.718642 2.825549
 129.600000 0.098840 2.732796 4.648582
 129.800000 0.065170 2.759077 6.539560
 130.000000 0.167200 2.676266 6.785202
 130.200000 0.259878 2.751344 4.489872
 130.400000 0.251596 2.807746 3.085173
 130.600000 0.170021 2.684587 5.835666
 130.800000 0.132808 2.720326 3.476943
 131.000000 0.132560 2.851433 2.615845
 131.200000 0.192642 2.767129 0.486508
 131.400000 0.146463 2.698374 4.826358
 131.600000 0.192950 2.739758 1.561879
 131.800000 0.071034 2.886509 9.772338
 132.000000 0.157409 2.737123 1.681405
 132.200000 0.309320 2.730481 11.008680
 132.400000 0.213614 2.821851 1.193615
 132.600000 0.159446 2.742752 1.352558
 132.800000 0.069511 2.798566 5.533001
 133.000000 0.121004 2.788594 1.440384
 133.200000 0.160790 2.729014 2.111340
 133.400000 0.122446 2.801280 1.394844
 133.600000 0.089982 2.831724 4.342634
 133.800000 0.096487 2.715324 6.025684
 134.000000 0.147064 2.737297 1.902459
 134.200000 0.043647 2.772594 8.764275
 134.400000 0.099392 2.740944 4.153523
 134.600000 0.144556 2.725606 2.688503
 134.800000 0.062407 2.795575 6.290753
 135.000000 0.082087 2.755894 4.944127
 135.200000 0.114622 2.660867 10.461791
 135.400000 0.155881 2.695473 4.883669
 135.600000 0.120197 2.722516 3.926956
 135.800000 0.145175 2.697731 4.924027
 136.000000 0.138957 2.697264 5.170282
 136.200000 0.081638 2.724100 6.655775
 136.400000 0.136828 2.675020 7.614746
 136.600000 0.199926 2.703248 4.307712
 136.800000 0.095101 2.740992 4.482654
 137.000000 0.129769 2.652645 10.785313
 137.200000 0.148070 2.763461 0.772568
 137.400000 0.139667 2.733451 2.352796
 137.600000 0.178521 2.677447 6.629654
 137.800000 0.254042 2.722282 5.628021
 138.000000 0.215365 2.735639 2.451749
 138.200000 0.031482 2.701043 14.416425
 138.400000 0.053279 2.752573 8.149395
 138.600000 0.175974 2.824251 0.504252
 138.800000 0.200713 2.793754 0.343463
 139.000000 0.206701 2.699549 4.839873
 139.200000 0.191609 2.737726 1.647359
 139.400000 0.187160 2.764162 0.482016
 139.600000 0.223378 2.664228 9.423282
 139.800000 0.152883 2.709163 3.709105
 140.000000 0.111491 2.800405 2.018167
 140.200000 0.206128 2.678303 7.022676
 140.400000 0.179756 2.771046 0.244361
 140.600000 0.155660 2.755470 0.864688
 140.800000 0.189728 2.700500 4.349917
 141.000000 0.162242 2.760330 0.593841
 141.200000 0.157839 2.754721 0.853982
 141.400000 0.141368 2.711528 3.830337
 141.600000 0.170330 2.770645 0.248242
 141.800000 0.196511 2.706796 3.916388
 142.000000 0.169440 2.740103 1.387086
 142.200000 0.153570 2.728513 2.268621
 142.400000 0.104668 2.738083 3.922579
 142.600000 0.130701 2.692054 6.008033
 142.800000 0.252166 2.738680 4.463177
 143.000000 0.191468 2.676910 6.827009
 143.200000 0.116993 2.726083 3.862836
 143.400000 0.141033 2.746834 1.605045
 143.600000 0.232702 2.708134 5.252893
 143.800000 0.237156 2.748619 2.924771
 144.000000 0.172075 2.727010 2.149277
 144.200000 0.143000 2.722434 2.953667
 144.400000 0.220996 2.689616 6.374704
 144.600000 0.179388 2.738968 1.446051
 144.800000 0.199729 2.717199 3.154577
 145.000000 0.165825 2.687626 5.539972
 145.200000 0.165738 2.780998 0.105131
 145.400000 0.132601 2.760667 1.386685
 145.600000 0.131396 2.667500 8.746207
 145.800000 0.156749 2.775903 0.296315
 146.000000 0.174759 2.739499 1.406022
 146.200000 0.191165 2.655760 9.490897
 146.400000 0.187169 2.785095 0.107455
 146.600000 0.123591 2.806450 1.394488
 146.800000 0.140508 2.662766 8.997839
 147.000000 0.177036 2.744610 1.151146
 147.200000 0.217974 2.807066 1.049243
 147.400000 0.163505 2.680184 6.371214
 147.600000 0.048557 2.741347 9.244642
 147.800000 0.171151 2.839274 1.098391
 148.000000 0.144831 2.770286 0.688439
 148.200000 0.150628 2.735082 1.935666
 148.400000 0.133273 2.797267 0.862445
 148.600000 0.127856 2.782621 1.138445
 148.800000 0.175115 2.720972 2.560184
 149.000000 0.159026 2.808386 0.245982
 149.200000 0.110166 2.695349 6.793326
 149.400000 0.159254 2.707918 3.696084
 149.600000 0.170689 2.798536 0.025446
 149.800000 0.117795 2.806145 1.702338
 150.000000 0.105827 2.649492 12.589679
 150.200000 0.210650 2.733542 2.391814
 150.400000 0.167840 2.827520 0.634663
 150.600000 0.068118 2.748670 6.623761
 150.800000 0.059351 2.714464 9.680369
 151.000000 0.108634 2.816736 2.464394
 151.200000 0.167566 2.736128 1.614656
 151.400000 0.149412 2.792694 0.315540
 151.600000 0.059522 2.820841 7.014602
 151.800000 0.048185 2.784891 8.010995
 152.000000 0.120794 2.785952 1.465532
 152.200000 0.155496 2.793279 0.181490
 152.400000 0.120081 2.831656 2.248052
 152.600000 0.049243 2.744054 9.023564
 152.800000 0.100570 2.740759 4.075229
 153.000000 0.216171 2.795043 0.870019
 153.200000 0.171689 2.791911 0.004234
 153.400000 0.144818 2.714988 3.447590
 153.600000 0.087053 2.768274 4.120467
 153.800000 0.134223 2.780066 0.890080
 154.000000 0.216432 2.847911 2.411479
 154.200000 0.302046 2.865032 10.758288
 154.400000 0.175185 2.744245 1.165793
 154.600000 0.094042 2.760555 3.750527
 154.800000 0.117106 2.784283 1.682892
 155.000000 0.234229 2.786896 1.797661
 155.200000 0.152474 2.807671 0.357977
 155.400000 0.130048 2.742939 2.218967
 155.600000 0.129408 2.740513 2.370849
 155.800000 0.087776 2.713754 6.865975
 156.000000 0.203460 2.764012 0.824935
 156.200000 0.256460 2.828531 4.004161
 156.400000 0.197552 2.825178 0.798010
 156.600000 0.157667 2.770868 0.376788
 156.800000 0.125705 2.820816 1.592234
 157.000000 0.159572 2.741588 1.409307
 157.200000 0.238308 2.786913 2.049393
 157.400000 0.309782 2.807964 9.265315
 157.600000 0.287036 2.805858 6.417364
 157.800000 0.148786 2.715516 3.296811
 158.000000 0.180993 2.712171 3.249403
 158.200000 0.086021 2.721763 6.420923
 158.400000 0.193026 2.745478 1.277780
 158.600000 0.288849 2.766590 6.870397
 158.800000 0.099853 2.711569 6.065597
 159.000000 0.119225 2.747090 2.561698
 159.200000 0.194648 2.764265 0.601684
 159.400000 0.193427 2.776102 0.313366
 159.600000 0.256990 2.737615 4.907268
 159.800000 0.163398 2.759021 0.623325
 160.000000 0.118928 2.707445 5.165410
 160.200000 0.175710 2.675255 6.876994
 160.400000 0.207641 2.763151 0.979540
 160.600000 0.139526 2.776143 0.746978
 160.800000 0.186520 2.770326 0.318277
 161.000000 0.070642 2.629035 18.761385
 161.200000 0.116564 2.724203 4.014278
 161.400000 0.208424 2.759248 1.128020
 161.600000 0.194744 2.701086 4.384982
 161.800000 -0.010956 2.719793 19.848225
 162.000000 0.188813 2.704432 3.982290
 162.200000 0.226732 2.758586 1.938365
 162.400000 0.112033 2.749751 2.867997
 162.600000 0.119335 2.767173 1.844794
 162.800000 0.067152 2.815392 6.026747
 163.000000 0.155207 2.709788 3.609608
 163.200000 0.228437 2.721686 3.962017
 163.400000 0.212655 2.713166 3.875693
 163.600000 0.126207 2.790398 1.169950
 163.800000 0.048922 2.807899 8.007269
 164.000000 0.239606 2.798141 2.132989
 164.200000 0.240593 2.769887 2.438268
 164.400000 0.135030 2.698710 5.180997
 164.600000 0.117165 2.752881 2.431420
 164.800000 0.133793 2.807429 0.940911
 165.000000 0.243333 2.726757 4.529587
 165.200000 0.203121 2.738354 1.876011
 165.400000 0.089871 2.716921 6.441969
 165.600000 0.151343 2.790411 0.271114
 165.800000 0.226060 2.750005 2.231540
 166.000000 0.143335 2.774449 0.650043
 166.200000 0.179503 2.766887 0.341055
 166.400000 0.251599 2.693840 7.839124
 166.600000 0.170950 2.742440 1.260777
 166.800000 0.135412 2.741144 2.085311
 167.000000 0.149583 2.739337 1.725831
 167.200000 0.140542 2.673249 7.691317
 167.400000 0.193891 2.747097 1.219314
 167.600000 0.181632 2.695235 4.758064
 167.800000 0.135125 2.742971 2.004384
 168.000000 0.215225 2.776950 0.949227
 168.200000 0.185060 2.715050 3.056771
 168.400000 0.198081 2.791616 0.277679
 168.600000 0.096113 2.720869 5.642275
 168.800000 0.171153 2.724958 2.288493
 169.000000 0.246365 2.834520 3.461600
 169.200000 0.173011 2.791782 0.001436
 169.400000 0.138307 2.707272 4.290308
 169.600000 0.177324 2.762391 0.457986
 169.800000 0.240969 2.879322 5.973543
 170.000000 0.132249 2.793069 0.894120
 170.200000 0.093415 2.721460 5.815289
 170.400000 0.108208 2.795106 2.202851
 170.600000 0.259050 2.793008 3.571655
 170.800000 0.104397 2.702684 6.495381
 171.000000 0.137370 2.800137 0.719487
 171.200000 0.065073 2.704005 9.908809
 171.400000 -0.003604 2.711499 19.149146
 171.600000 0.184066 2.667585 7.850661
 171.800000 0.160008 2.695573 4.805531
 172.000000 0.172826 2.657196 9.158698
 172.200000 0.118883 2.652659 11.330019
 172.400000 0.101536 2.695899 7.332735
 172.600000 0.191565 2.758211 0.733826
 172.800000 0.135262 2.723438 3.157739
 173.000000 0.079734 2.715026 7.496664
 173.200000 0.145290 2.782654 0.476312
 173.400000 0.131034 2.736986 2.488516
 173.600000 0.177771 2.763630 0.422756
 173.800000 0.139784 2.799788 0.630096
 174.000000 0.097101 2.739147 4.422528
 174.200000 0.136094 2.752957 1.521674
 174.400000 0.141145 2.769324 0.826570
 174.600000 0.118907 2.789551 1.551564
 174.800000 0.187064 2.797301 0.089903
 175.000000 0.173103 2.748442 0.972775
 175.200000 0.111221 2.773755 2.180408
 175.400000 0.089555 2.810857 3.778648
 175.600000 0.167696 2.856699 2.082380
 175.800000 0.176009 2.773416 0.183707
 176.000000 0.150020 2.720704 2.879684
 176.200000 0.142542 2.755901 1.182464
 176.400000 0.161961 2.811183 0.253052
 176.600000 0.211509 2.707443 4.303207
 176.800000 0.158367 2.766225 0.476565
 177.000000 0.048988 2.762639 8.327382
 177.200000 0.103282 2.728978 4.557598
 177.400000 0.108022 2.750718 3.085834
 177.600000 0.144361 2.734428 2.142934
 177.800000 0.105279 2.787550 2.410445
 178.000000 0.138224 2.688103 6.111274
 178.200000 0.143502 2.625561 14.420181
 178.400000 0.132308 2.708636 4.410331
 178.600000 0.267239 2.730284 6.234288
 178.800000 0.073537 2.708427 8.636470
 179.000000 0.110056 2.716218 4.990150
 179.200000 0.145252 2.785096 0.456302
 179.400000 0.010164 2.745710 14.604493
 179.600000 0.169492 2.632002 12.896877
 179.800000 0.197666 2.756212 0.926963
 180.000000 0.155188 2.783199 0.230619
 180.200000 -0.009301 2.729829 18.862968
 180.400000 0.105181 2.725562 4.646977
 180.600000 0.221539 2.785795 1.127448
 180.800000 0.142434 2.713910 3.605470
 181.000000 0.064876 2.750346 6.901951
 181.200000 0.221079 2.845897 2.507453
 181.400000 0.140595 2.680218 6.882522
 181.600000 0.139714 2.670901 8.002624
 181.800000 0.164594 2.769460 0.315420
 182.000000 0.145130 2.719260 3.116299
 182.200000 0.184896 2.686809 5.641865
 182.400000 0.009204 2.796921 13.676465
 182.600000 0.069145 2.700732 9.766356
 182.800000 0.131655 2.680391 7.206504
 183.000000 0.122892 2.703480 5.298105
 183.200000 0.105759 2.655879 11.701234
 183.400000 0.120020 2.709071 4.968281
 183.600000 0.144855 2.845313 1.833601
 183.800000 0.173189 2.840535 1.153306
 184.000000 0.095870 2.742999 4.320452
 184.200000 0.159532 2.702751 4.142328
 184.400000 0.155192 2.761338 0.673404
 184.600000 0.149539 2.747480 1.326956
 184.800000 0.162271 2.723366 2.466754
 185.000000 0.101845 2.787776 2.653083
 185.200000 0.166059 2.735317 1.672360
 185.400000 0.201226 2.763242 0.785047
 185.600000 0.170541 2.778785 0.102383
 185.800000 0.135906 2.773130 0.934155
 186.000000 0.064056 2.764034 6.508505
 186.200000 0.083903 2.785290 4.133043
 186.400000 0.232111 2.793712 1.658334
 186.600000 0.157940 2.786469 0.156009
 186.800000 0.153788 2.707925 3.793879
 187.000000 0.095559 2.694430 7.929900
 187.200000 0.119211 2.736171 3.118277
 187.400000 0.143923 2.754455 1.193242
 187.600000 0.085838 2.629298 17.255248
 187.800000 0.183696 2.734554 1.722435
 188.000000 0.217330 2.735445 2.544976
 188.200000 0.074386 2.691862 10.081342
 188.400000 0.130601 2.810585 1.128067
 188.600000 0.052372 2.811389 7.639482
 188.800000 0.155928 2.764119 0.576592
 189.000000 0.172492 2.846454 1.456134
 189.200000 0.084950 2.760158 4.536414
 189.400000 0.155639 2.757509 0.791631
 189.600000 0.220938 2.738091 2.558326
 189.800000 0.194488 2.770646 0.438490
 190.000000 0.149804 2.714297 3.365716
 190.200000 0.126196 2.707656 4.769787
 190.400000 0.201252 2.873500 3.635332
 190.600000 0.136188 2.769805 0.993316
 190.800000 0.116275 2.701998 5.794711
 191.000000 0.168673 2.762588 0.465319
 191.200000 0.066199 2.853427 7.722535
 191.400000 0.144841 2.775032 0.593848
 191.600000 0.196865 2.790037 0.252454
 191.800000 0.181916 2.680765 6.272575
 192.000000 0.142772 2.687717 5.996892
 192.200000 0.103714 2.733216 4.266508
 192.400000 0.219418 2.697867 5.487580
 192.600000 0.111737 2.718637 4.701500
 192.800000 0.082975 2.724200 6.525652
 193.000000 0.116672 2.680711 7.925333
 193.200000 0.124741 2.724482 3.554665
 193.400000 0.147869 2.750954 1.219655
 193.600000 0.139645 2.703683 4.555166
 193.800000 0.155849 2.722434 2.631061
 194.000000 0.154337 2.787287 0.217662
 194.200000 0.148635 2.780653 0.405852
 194.400000 0.122352 2.649630 11.571170
 194.600000 0.131657 2.718158 3.684539
 194.800000 0.185571 2.794401 0.062674
 195.000000 0.126315 2.767977 1.463828
 195.200000 0.049018 2.711792 11.136029
 195.400000 0.188244 2.771601 0.312953
 195.600000 0.155920 2.769854 0.430266
 195.800000 0.047734 2.770232 8.287451
 196.000000 0.032455 2.777129 10.211599
 196.200000 0.054293 2.718716 9.952869
 196.400000 0.160615 2.719749 2.745162
 196.600000 0.138937 2.804469 0.704837
 196.800000 0.076521 2.738454 6.265092
 197.000000 0.005274 2.719553 16.986955
 197.200000 0.021794 2.833939 12.522124
 197.400000 0.162500 2.764553 0.463653
 197.600000 0.123661 2.774472 1.456958
 197.800000 0.157852 2.708644 3.657321
 198.000000 0.048765 2.763023 8.344031
 198.200000 0.124353 2.780065 1.336684
 198.400000 0.121732 2.742536 2.643504
 198.600000 0.051298 2.840166 8.728172
 198.800000 0.052089 2.703219 11.484153
 199.000000 0.201719 2.707083 4.019835
 199.200000 0.121749 2.822055 1.829044
 199.400000 0.136230 2.798891 0.753787
 199.600000 0.089108 2.679191 10.071215
 199.800000 0.158850 2.762455 0.575121
 200.000000 0.217647 2.840271 2.069203
