#! FIELDS time phi psi restraint.bias
#! SET min_phi -pi
#! SET max_phi pi
#! SET min_psi -pi
#! SET max_psi pi
 0.000000 -2.133177 -0.704926 134.295215
 0.200000 -2.125360 -1.281925 2.291074
 0.400000 -2.215359 -1.191194 7.782371
 0.600000 -2.099794 -1.141703 3.216770
 0.800000 -2.152707 -1.273462 3.038193
 1.000000 -2.171962 -1.110058 9.243679
 1.200000 -2.124295 -1.247324 0.774523
 1.400000 -2.083400 -1.072950 11.128249
 1.600000 -2.190091 -1.257883 5.232351
 1.800000 -2.039947 -1.253875 1.998936
 2.000000 -2.112617 -1.090651 8.756913
 2.200000 -2.268150 -1.252492 15.568516
 2.400000 -2.053543 -1.195812 1.170338
 2.600000 -2.081362 -1.222469 0.085201
 2.800000 -2.040591 -1.241813 1.649079
 3.000000 -2.131687 -1.268535 1.790674
 3.200000 -2.071769 -1.245607 0.541030
 3.400000 -2.159801 -1.222996 2.139740
 3.600000 -2.087910 -1.242297 0.232512
 3.800000 -1.998979 -1.221320 4.552222
 4.000000 -2.208729 -1.213638 6.568813
 4.200000 -1.968285 -1.218901 7.955884
 4.400000 -2.021809 -1.236740 2.747005
 4.600000 -2.081209 -1.238938 0.234985
 4.800000 -2.080099 -1.264554 1.019107
 5.000000 -2.108685 -1.223438 0.103561
 5.200000 -2.096803 -1.282550 1.852406
 5.400000 -2.179050 -1.196169 3.909931
 5.600000 -2.031356 -1.247059 2.307766
 5.800000 -2.093752 -1.244191 0.252433
 6.000000 -2.098177 -1.298599 2.961541
 6.200000 -2.068710 -1.264306 1.236190
 6.400000 -2.033024 -1.179447 2.777127
 6.600000 -2.187123 -1.273850 5.657467
 6.800000 -2.066288 -1.192789 0.813787
 7.000000 -2.149156 -1.157721 3.548000
 7.200000 -2.137461 -1.285888 2.985440
 7.400000 -1.999933 -1.175369 5.536221
 7.600000 -2.168419 -1.194099 3.121500
 7.800000 -2.095376 -1.237188 0.119946
 8.000000 -2.138047 -1.155688 3.133590
 8.200000 -2.234787 -1.132859 13.803954
 8.400000 -2.055331 -1.186433 1.385973
 8.600000 -2.171740 -1.188577 3.540722
 8.800000 -2.038137 -1.163851 3.257463
 9.000000 -2.173198 -1.217488 3.113949
 9.200000 -2.192374 -1.205987 4.923853
 9.400000 -2.068812 -1.096483 8.170688
 9.600000 -2.182419 -1.269698 5.024515
 9.800000 -2.127521 -1.164151 2.206363
 10.000000 -2.060606 -1.185323 1.233595
 10.200000 -2.140266 -1.262593 1.886954
 10.400000 -2.052429 -1.132859 4.829686
 10.600000 -2.115359 -1.157008 2.314267
 10.800000 -2.120298 -1.208861 0.418306
 11.000000 -2.171511 -1.220508 2.974215
 11.200000 -2.078861 -1.162377 1.882092
 11.400000 -2.134204 -1.286318 2.878127
 11.600000 -2.173180 -1.117844 8.499686
 11.800000 -2.056819 -1.229719 0.737876
 12.000000 -2.037377 -1.186756 2.237157
 12.200000 -2.167437 -1.181784 3.465421
 12.400000 -2.076963 -1.256648 0.761560
 12.600000 -2.041276 -1.125238 6.066199
 12.800000 -2.140596 -1.240117 1.236311
 13.000000 -2.078425 -1.266702 1.138760
 13.200000 -2.022151 -1.147074 5.396400
 13.400000 -2.212144 -1.329926 12.785617
 13.600000 -2.033121 -1.189374 2.400770
 13.800000 -1.996321 -1.271161 6.030946
 14.000000 -2.113810 -1.333477 6.432082
 14.200000 -2.092704 -1.220581 0.002092
 14.400000 -2.034060 -1.257806 2.470911
 14.600000 -2.157371 -1.240930 2.167296
 14.800000 -2.095395 -1.174355 1.122707
 15.000000 -2.090320 -1.302549 3.274134
 15.200000 -2.077687 -1.205067 0.278411
 15.400000 -2.112031 -1.291244 2.571580
 15.600000 -2.006510 -1.209125 3.941348
 15.800000 -2.079000 -1.146728 2.931196
 16.000000 -2.212827 -1.329495 12.819722
 16.200000 -2.044038 -1.161027 3.110379
 16.400000 -2.106919 -1.258101 0.739825
 16.600000 -2.119901 -1.266316 1.319198
 16.800000 -2.098829 -1.136563 3.636571
 17.000000 -2.085609 -1.326684 5.546196
 17.200000 -2.077460 -1.133617 4.025386
 17.400000 -2.153311 -1.249410 2.118606
 17.600000 -2.100731 -1.257924 0.675043
 17.800000 -2.214302 -1.215627 7.207486
 18.000000 -2.053978 -1.246082 1.113243
 18.200000 -1.965302 -1.140984 11.592488
 18.400000 -2.150727 -1.167744 3.043912
 18.600000 -2.244914 -1.263054 12.181723
 18.800000 -2.023266 -1.085450 11.815826
 19.000000 -2.155830 -1.185571 2.540862
 19.200000 -2.134852 -1.217358 0.827959
 19.400000 -2.040050 -1.178315 2.419122
 19.600000 -2.191260 -1.267788 5.752074
 19.800000 -2.028532 -1.288294 4.384314
 20.000000 -2.052069 -1.178420 1.833655
 20.200000 -2.092185 -1.198235 0.278472
 20.400000 -2.191308 -1.234272 4.774728
 20.600000 -2.069400 -1.140074 3.646248
 20.800000 -2.114250 -1.251271 0.633441
 21.000000 -2.031484 -1.215023 2.001409
 21.200000 -2.132623 -1.212460 0.773664
 21.400000 -2.118062 -1.310393 4.210590
 21.600000 -2.101086 -1.172815 1.218762
 21.800000 -2.040228 -1.209447 1.542476
 22.000000 -2.095904 -1.223050 0.002009
 22.200000 -2.176952 -1.225643 3.415513
 22.400000 -2.098692 -1.213087 0.046587
 22.600000 -2.021574 -1.269879 3.810582
 22.800000 -2.126963 -1.257412 1.166915
 23.000000 -2.039439 -1.159593 3.440614
 23.200000 -2.166524 -1.230223 2.637366
 23.400000 -2.160602 -1.237791 2.320662
 23.600000 -2.114647 -1.142183 3.368998
 23.800000 -2.169141 -1.241295 2.984878
 24.000000 -2.050816 -1.213024 0.987464
 24.200000 -2.086762 -1.248316 0.382520
 24.400000 -2.002828 -1.238604 4.334665
 24.600000 -2.181031 -1.173298 4.925747
 24.800000 -2.065454 -1.223547 0.420438
 25.000000 -2.147402 -1.228968 1.431056
 25.200000 -2.097579 -1.222043 0.005117
 25.400000 -2.123539 -1.234982 0.512480
 25.600000 -2.082860 -1.248657 0.429044
 25.800000 -2.103391 -1.221905 0.040481
 26.000000 -2.094819 -1.203923 0.158636
 26.200000 -2.095693 -1.170824 1.296554
 26.400000 -2.130552 -1.230918 0.695855
 26.600000 -2.101016 -1.189396 0.544669
 26.800000 -2.102655 -1.146482 2.865263
 27.000000 -2.129472 -1.190663 1.097769
 27.200000 -2.113948 -1.178407 1.129632
 27.400000 -2.095737 -1.147769 2.736037
 27.600000 -2.168905 -1.269782 3.930328
 27.800000 -2.151568 -1.158589 3.627803
 28.000000 -2.080657 -1.176084 1.136168
 28.200000 -2.108867 -1.148153 2.811550
 28.400000 -2.178063 -1.247477 3.831649
 28.600000 -2.104098 -1.176256 1.081051
 28.800000 -2.026138 -1.234165 2.406820
 29.000000 -2.041883 -1.203467 1.545517
 29.200000 -2.130737 -1.202516 0.844972
 29.400000 -2.128951 -1.138152 4.089706
 29.600000 -2.181629 -1.166295 5.341421
 29.800000 -2.082944 -1.160274 1.954029
 30.000000 -2.138319 -1.175274 2.043767
 30.200000 -2.076326 -1.241819 0.365024
 30.400000 -2.068062 -1.130119 4.543055
 30.600000 -2.131176 -1.214063 0.705799
 30.800000 -2.117466 -1.172110 1.497240
 31.000000 -2.074028 -1.297720 3.094598
 31.200000 -2.109738 -1.221292 0.117798
 31.400000 -2.055750 -1.181123 1.571214
 31.600000 -2.149049 -1.268236 2.574904
 31.800000 -2.132553 -1.208547 0.814922
 32.000000 -2.071854 -1.292649 2.768767
 32.200000 -2.047078 -1.159211 3.073771
 32.400000 -2.168327 -1.216939 2.744415
 32.600000 -2.124301 -1.249146 0.822998
 32.800000 -2.046883 -1.174919 2.224377
 33.000000 -2.141655 -1.251159 1.549778
 33.200000 -2.050506 -1.227801 0.981534
 33.400000 -2.173635 -1.246568 3.447904
 33.600000 -2.069355 -1.180229 1.174702
 33.800000 -2.123801 -1.288045 2.631157
 34.000000 -1.995446 -1.207835 4.992004
 34.200000 -2.179568 -1.271896 4.885527
 34.400000 -2.129804 -1.262160 1.444135
 34.600000 -2.012956 -1.164203 4.970843
 34.800000 -2.086065 -1.325900 5.460382
 35.000000 -2.140554 -1.219165 1.068627
 35.200000 -2.049799 -1.238199 1.130004
 35.400000 -1.948734 -1.185051 11.281243
 35.600000 -2.156742 -1.303455 5.283008
 35.800000 -2.093656 -1.202887 0.177804
 36.000000 -2.056415 -1.245689 1.008247
 36.200000 -2.106796 -1.205941 0.201538
 36.400000 -2.104515 -1.223974 0.053718
 36.600000 -2.087336 -1.206813 0.136176
 36.800000 -2.084977 -1.222838 0.044960
 37.000000 -2.212472 -1.214693 6.995850
 37.200000 -2.052771 -1.161047 2.707503
 37.400000 -2.161729 -1.193155 2.675207
 37.600000 -2.091326 -1.164199 1.659658
 37.800000 -2.080287 -1.195097 0.454203
 38.000000 -2.081686 -1.268542 1.176413
 38.200000 -2.110219 -1.167527 1.594207
 38.400000 -2.113471 -1.163585 1.872380
 38.600000 -2.165207 -1.202151 2.698833
 38.800000 -2.057093 -1.157851 2.735972
 39.000000 -2.149956 -1.144773 4.504745
 39.200000 -2.191551 -1.217543 4.728429
 39.400000 -2.096778 -1.168161 1.437666
 39.600000 -2.141731 -1.178260 2.065187
 39.800000 -2.108136 -1.283709 2.015103
 40.000000 -2.155279 -1.145980 4.722482
 40.200000 -2.034538 -1.194309 2.167421
 40.400000 -2.223393 -1.200342 8.548982
 40.600000 -2.116050 -1.200813 0.453228
 40.800000 -2.086321 -1.195558 0.375089
 41.000000 -2.148862 -1.158896 3.457445
 41.200000 -2.158130 -1.270945 3.242122
 41.400000 -2.113690 -1.049150 15.078084
 41.600000 -2.162797 -1.218602 2.344276
 41.800000 -2.184358 -1.167199 5.533542
 42.000000 -2.085681 -1.131711 4.089678
 42.200000 -2.134357 -1.261322 1.582241
 42.400000 -2.210295 -1.165599 8.291847
 42.600000 -2.009804 -1.197205 3.878564
 42.800000 -2.169536 -1.156427 4.955356
 43.000000 -2.116220 -1.144070 3.253711
 43.200000 -2.025414 -1.296742 5.192500
 43.400000 -2.189423 -1.111632 10.575998
 43.600000 -2.061017 -1.126033 5.136083
 43.800000 -2.176807 -1.194790 3.758782
 44.000000 -2.112837 -1.153253 2.514656
 44.200000 -2.206294 -1.165851 7.821935
 44.400000 -2.085302 -1.160081 1.941662
 44.600000 -2.131224 -1.184616 1.366898
 44.800000 -2.220740 -1.220258 7.982619
 45.000000 -2.097631 -1.175311 1.082606
 45.200000 -2.062753 -1.191154 0.968055
 45.400000 -2.127369 -1.157467 2.608550
 45.600000 -2.082822 -1.227822 0.085520
 45.800000 -2.163396 -1.184088 3.089036
 46.000000 -2.111431 -1.233807 0.218028
 46.200000 -2.058395 -1.149549 3.253068
 46.400000 -2.103329 -1.224067 0.042641
 46.600000 -2.148139 -1.321947 6.465838
 46.800000 -2.093230 -1.217401 0.010049
 47.000000 -1.998039 -1.297111 7.483410
 47.200000 -2.187585 -1.334155 10.661868
 47.400000 -2.038552 -1.268710 2.662740
 47.600000 -2.012394 -1.269523 4.504199
 47.800000 -2.195026 -1.290551 7.431448
 48.000000 -1.980912 -1.216471 6.453061
 48.200000 -2.135321 -1.220731 0.837958
 48.400000 -2.107805 -1.282367 1.928314
 48.600000 -2.107087 -1.264843 1.009894
 48.800000 -2.002095 -1.192225 4.694954
 49.000000 -2.099603 -1.309257 3.844042
 49.200000 -2.153701 -1.188900 2.297510
 49.400000 -2.057266 -1.268792 1.796695
 49.600000 -2.050526 -1.229824 0.994988
 49.800000 -2.139854 -1.188420 1.588070
 50.000000 -2.000309 -1.299076 7.417233
 50.200000 -2.106046 -1.176005 1.113269
 50.400000 -2.093525 -1.296431 2.790478
 50.600000 -2.111099 -1.200862 0.357256
 50.800000 -2.042303 -1.195402 1.703379
 51.000000 -2.127072 -1.312609 4.663372
 51.200000 -1.984764 -1.185951 6.649589
 51.400000 -2.129621 -1.322077 5.655096
 51.600000 -2.051740 -1.211069 0.966548
 51.800000 -2.118855 -1.229562 0.329804
 52.000000 -2.104234 -1.247017 0.368100
 52.200000 -2.188425 -1.251624 4.867583
 52.400000 -2.095428 -1.178539 0.933301
 52.600000 -1.985566 -1.291554 8.359470
 52.800000 -2.130519 -1.188454 1.206124
 53.000000 -2.121117 -1.241101 0.544637
 53.200000 -2.066277 -1.251818 0.847933
 53.400000 -2.138512 -1.189005 1.508609
 53.600000 -2.126432 -1.212130 0.559272
 53.800000 -2.089408 -1.181676 0.814616
 54.000000 -2.128290 -1.155391 2.774904
 54.200000 -2.039786 -1.244424 1.748562
 54.400000 -2.124141 -1.152481 2.840140
 54.600000 -2.068249 -1.199148 0.596778
 54.800000 -2.158517 -1.166605 3.575242
 55.000000 -2.162061 -1.147947 5.011335
 55.200000 -2.135223 -1.186034 1.470596
 55.400000 -2.112588 -1.186176 0.797546
 55.600000 -2.082146 -1.092183 8.466355
 55.800000 -2.224883 -1.210944 8.571729
 56.000000 -2.181369 -1.106505 10.420674
 56.200000 -2.090177 -1.208163 0.100941
 56.400000 -2.073654 -1.166773 1.725266
 56.600000 -2.141704 -1.229835 1.151917
 56.800000 -2.027349 -1.240280 2.419619
 57.000000 -2.113706 -1.160570 2.056737
 57.200000 -2.128598 -1.261456 1.373993
 57.400000 -2.120802 -1.158527 2.345978
 57.600000 -2.027298 -1.216251 2.266041
 57.800000 -2.268558 -1.121450 20.194476
 58.000000 -2.069864 -1.214217 0.329110
 58.200000 -2.112555 -1.180177 1.028261
 58.400000 -2.076218 -1.217265 0.175172
 58.600000 -2.201581 -1.214974 5.767192
 58.800000 -1.996224 -1.186584 5.436395
 59.000000 -2.205382 -1.229611 6.190064
 59.200000 -2.069279 -1.229111 0.342639
 59.400000 -2.052642 -1.160822 2.726592
 59.600000 -2.071646 -1.273521 1.599920
 59.800000 -2.047785 -1.236669 1.197810
 60.000000 -2.057923 -1.247275 0.991350
 60.200000 -2.147267 -1.213035 1.435522
 60.400000 -2.195458 -1.209886 5.176983
 60.600000 -2.108821 -1.192151 0.541537
 60.800000 -2.135057 -1.137229 4.396979
 61.000000 -2.166292 -1.219459 2.587174
 61.200000 -2.067640 -1.174523 1.472201
 61.400000 -2.135794 -1.196076 1.186020
 61.600000 -1.963454 -1.356376 17.637515
 61.800000 -2.022509 -1.270482 3.772210
 62.000000 -2.079338 -1.265639 1.077352
 62.200000 -2.057336 -1.226935 0.700239
 62.400000 -2.148325 -1.325043 6.790946
 62.600000 -2.025725 -1.223388 2.359191
 62.800000 -2.102819 -1.392682 14.647710
 63.000000 -2.050588 -1.235619 1.056000
 63.200000 -2.120555 -1.265544 1.301982
 63.400000 -2.149421 -1.171671 2.766903
 63.600000 -2.054242 -1.289910 3.130358
 63.800000 -2.098728 -1.203981 0.166905
 64.000000 -2.124606 -1.241462 0.651035
 64.200000 -2.151819 -1.289221 3.926248
 64.400000 -2.033892 -1.113591 7.677353
 64.600000 -2.186001 -1.254634 4.737175
 64.800000 -2.090617 -1.230522 0.045781
 65.000000 -2.082018 -1.082781 9.730070
 65.200000 -2.140961 -1.244161 1.335753
 65.400000 -2.083173 -1.116385 5.611825
 65.600000 -2.224592 -1.130943 12.596811
 65.800000 -2.115831 -1.203599 0.394129
 66.000000 -2.219914 -1.067720 19.737064
 66.200000 -2.074788 -1.203259 0.362813
 66.400000 -2.108724 -1.104285 6.999390
 66.600000 -2.196175 -1.120868 10.266146
 66.800000 -2.165922 -1.125546 7.183727
 67.000000 -2.080171 -1.128160 4.478879
 67.200000 -2.153243 -1.268336 2.817565
 67.400000 -2.137155 -1.162039 2.695755
 67.600000 -2.156455 -1.191816 2.373109
 67.800000 -2.085443 -1.278893 1.673866
 68.000000 -2.054427 -1.193265 1.203861
 68.200000 -2.066387 -1.208218 0.483524
 68.400000 -2.111867 -1.244602 0.414189
 68.600000 -2.077399 -1.207986 0.238887
 68.800000 -2.098145 -1.191263 0.471154
 69.000000 -2.091226 -1.218331 0.010802
 69.200000 -2.200103 -1.211459 5.639817
 69.400000 -2.124951 -1.279037 2.108844
 69.600000 -2.072605 -1.169992 1.575839
 69.800000 -2.134505 -1.267708 1.861400
 70.000000 -2.135406 -1.239463 0.998154
 70.200000 -1.992797 -1.295828 7.906227
 70.400000 -2.099378 -1.244662 0.275333
 70.600000 -2.129502 -1.291291 3.035559
 70.800000 -2.073961 -1.170810 1.505225
 71.000000 -2.075784 -1.245546 0.456780
 71.200000 -2.099722 -1.196684 0.327861
 71.400000 -2.032530 -1.180899 2.747245
 71.600000 -2.236537 -1.199885 10.340754
 71.800000 -2.114926 -1.200296 0.440477
 72.000000 -2.091010 -1.115622 5.635231
 72.200000 -2.194599 -1.210215 5.086716
 72.400000 -2.118986 -1.160290 2.189806
 72.600000 -2.029652 -1.158039 4.124173
 72.800000 -2.109400 -1.177237 1.102417
 73.000000 -2.124717 -1.217469 0.468781
 73.200000 -2.099964 -1.201684 0.216444
 73.400000 -2.134200 -1.211169 0.847982
 73.600000 -2.083825 -1.195695 0.394780
 73.800000 -2.031453 -1.229325 2.009681
 74.000000 -2.085817 -1.244048 0.285828
 74.200000 -2.235139 -1.197531 10.197277
 74.400000 -2.079641 -1.185040 0.781943
 74.600000 -2.069423 -1.192215 0.747379
 74.800000 -2.215792 -1.180995 8.198327
 75.000000 -2.152412 -1.226224 1.693093
 75.200000 -2.050272 -1.161666 2.777331
 75.400000 -2.148956 -1.227626 1.505830
 75.600000 -2.089383 -1.261075 0.786558
 75.800000 -2.102125 -1.211251 0.084788
 76.000000 -2.048933 -1.278952 2.670538
 76.200000 -2.093316 -1.192189 0.436931
 76.400000 -1.971421 -1.263648 8.439903
 76.600000 -2.118779 -1.222934 0.298014
 76.800000 -2.075045 -1.241855 0.389705
 77.000000 -2.124151 -1.270711 1.642247
 77.200000 -2.108662 -1.246944 0.419626
 77.400000 -2.093051 -1.237179 0.120235
 77.600000 -2.143888 -1.243199 1.455231
 77.800000 -2.110796 -1.186780 0.745252
 78.000000 -2.053145 -1.230122 0.885981
 78.200000 -2.117631 -1.177196 1.261637
 78.400000 -2.124679 -1.244014 0.706838
 78.600000 -2.130923 -1.184263 1.369068
 78.800000 -2.135269 -1.188763 1.378780
 79.000000 -2.119847 -1.142569 3.457151
 79.200000 -2.134467 -1.166804 2.311298
 79.400000 -2.078606 -1.179807 1.003428
 79.600000 -2.148765 -1.220273 1.479110
 79.800000 -2.167360 -1.248338 3.015896
 80.000000 -1.979824 -1.201597 6.765986
 80.200000 -2.195703 -1.304946 8.594061
 80.400000 -2.048619 -1.176167 2.085738
 80.600000 -2.108304 -1.196872 0.405711
 80.800000 -2.111373 -1.295005 2.828700
 81.000000 -2.103343 -1.230870 0.081793
 81.200000 -1.981180 -1.308389 10.163711
 81.400000 -2.010820 -1.261004 4.263575
 81.600000 -2.088950 -1.212065 0.061538
 81.800000 -2.153502 -1.240240 1.918094
 82.000000 -2.033242 -1.193985 2.254730
 82.200000 -2.139946 -1.246252 1.338102
 82.400000 -2.129704 -1.280836 2.370053
 82.600000 -2.124080 -1.235962 0.541868
 82.800000 -2.040403 -1.258656 2.139330
 83.000000 -2.048864 -1.267265 2.073212
 83.200000 -2.133188 -1.142403 3.898848
 83.400000 -2.097238 -1.225622 0.011614
 83.600000 -2.150723 -1.260866 2.352231
 83.800000 -2.101803 -1.250167 0.431751
 84.000000 -1.988917 -1.254542 6.101095
 84.200000 -2.185829 -1.230776 4.221003
 84.400000 -2.134434 -1.216827 0.813593
 84.600000 -1.922352 -1.182651 15.563093
 84.800000 -2.130222 -1.165554 2.219701
 85.000000 -2.153943 -1.261211 2.552304
 85.200000 -2.092446 -1.197778 0.288754
 85.400000 -2.183662 -1.239912 4.149549
 85.600000 -2.063082 -1.163206 2.202816
 85.800000 -2.057859 -1.233115 0.732229
 86.000000 -2.189337 -1.287821 6.690946
 86.200000 -2.180559 -1.218550 3.717194
 86.400000 -1.987439 -1.116142 11.294306
 86.600000 -2.147122 -1.176548 2.410809
 86.800000 -2.111753 -1.167927 1.598071
 87.000000 -2.099738 -1.162952 1.741734
 87.200000 -2.083001 -1.224464 0.068655
 87.400000 -2.183082 -1.186600 4.549768
 87.600000 -2.159375 -1.285263 4.129376
 87.800000 -2.050208 -1.104901 7.800857
 88.000000 -2.105261 -1.318867 4.776811
 88.200000 -2.041522 -1.191654 1.850074
 88.400000 -2.055985 -1.143974 3.760671
 88.600000 -2.219822 -1.286764 9.980646
 88.800000 -2.081788 -1.150189 2.638543
 89.000000 -2.100044 -1.195446 0.361383
 89.200000 -2.074189 -1.268691 1.306772
 89.400000 -2.108230 -1.090388 8.721168
 89.600000 -2.140986 -1.284257 3.040100
 89.800000 -2.115665 -1.179398 1.122229
 90.000000 -2.127209 -1.243941 0.785016
 90.200000 -2.041678 -1.249500 1.775122
 90.400000 -2.145958 -1.176395 2.357034
 90.600000 -2.190552 -1.262473 5.453075
 90.800000 -2.025673 -1.145103 5.297235
 91.000000 -2.095090 -1.222496 0.000535
 91.200000 -2.155525 -1.251306 2.305757
 91.400000 -2.143543 -1.113871 7.024627
 91.600000 -2.162569 -1.215696 2.342063
 91.800000 -2.174456 -1.207617 3.304459
 92.000000 -2.077544 -1.188037 0.709592
 92.200000 -2.086281 -1.232412 0.089961
 92.400000 -2.071662 -1.197827 0.544095
 92.600000 -2.176403 -1.287872 5.550013
 92.800000 -2.039702 -1.113247 7.380028
 93.000000 -2.103105 -1.218812 0.042186
 93.200000 -2.234825 -1.205088 9.998827
 93.400000 -2.076481 -1.134849 3.934662
 93.600000 -2.154027 -1.197862 2.062861
 93.800000 -2.169869 -1.242760 3.069299
 94.000000 -2.075191 -1.156957 2.282178
 94.200000 -2.186714 -1.256969 4.882286
 94.400000 -2.076227 -1.245673 0.451660
 94.600000 -2.082010 -1.213057 0.114307
 94.800000 -2.022409 -1.259232 3.294151
 95.000000 -2.177428 -1.209042 3.527732
 95.200000 -2.047552 -1.252828 1.580667
 95.400000 -2.138600 -1.246970 1.295585
 95.600000 -2.075352 -1.159417 2.122797
 95.800000 -2.125414 -1.199124 0.736624
 96.000000 -2.026721 -1.222928 2.290613
 96.200000 -2.199606 -1.255144 6.092852
 96.400000 -2.115073 -1.143514 3.272712
 96.600000 -2.045792 -1.235042 1.269726
 96.800000 -2.227580 -1.164577 10.502320
 97.000000 -2.066285 -1.141544 3.610031
 97.200000 -2.102528 -1.271748 1.283946
 97.400000 -2.117357 -1.163730 1.945679
 97.600000 -2.085228 -1.227513 0.058741
 97.800000 -2.114922 -1.280653 1.946607
 98.000000 -2.103255 -1.181598 0.844557
 98.200000 -2.111311 -1.240949 0.327756
 98.400000 -2.117936 -1.224182 0.280081
 98.600000 -2.116021 -1.217639 0.242206
 98.800000 -2.148978 -1.181447 2.301037
 99.000000 -2.068884 -1.220491 0.326184
 99.200000 -2.050848 -1.211833 0.997143
 99.400000 -2.114983 -1.227869 0.230774
 99.600000 -2.023501 -1.239063 2.663236
 99.800000 -2.166097 -1.241832 2.772637
 100.000000 -2.078337 -1.191202 0.594927
 100.200000 -2.059500 -1.170063 1.943570
 100.400000 -2.234726 -1.184533 10.538242
 100.600000 -2.170846 -1.098253 10.545651
 100.800000 -2.131736 -1.239551 0.855937
 101.000000 -2.110848 -1.135696 3.836338
 101.200000 -2.093394 -1.178312 0.943104
 101.400000 -2.115951 -1.264901 1.164165
 101.600000 -2.079372 -1.117060 5.590839
 101.800000 -2.159484 -1.285857 4.174394
 102.000000 -2.038985 -1.219995 1.536672
 102.200000 -2.078896 -1.191584 0.574524
 102.400000 -2.115235 -1.269862 1.375473
 102.600000 -2.130451 -1.223517 0.651621
 102.800000 -2.152156 -1.208058 1.761646
 103.000000 -2.078448 -1.271403 1.360851
 103.200000 -2.102406 -1.228969 0.058288
 103.400000 -2.106332 -1.274205 1.448042
 103.600000 -2.103885 -1.259436 0.755876
 103.800000 -2.045843 -1.248008 1.523907
 104.000000 -2.075527 -1.193045 0.589417
 104.200000 -2.061073 -1.230270 0.591628
 104.400000 -2.092783 -1.266570 1.006582
 104.600000 -2.157772 -1.204622 2.154693
 104.800000 -2.041906 -1.234249 1.455925
 105.000000 -2.060031 -1.246998 0.909664
 105.200000 -2.160418 -1.204204 2.333095
 105.400000 -2.086949 -1.197760 0.315009
 105.600000 -2.080404 -1.185006 0.772207
 105.800000 -2.092789 -1.190670 0.483664
 106.000000 -2.117660 -1.201522 0.474809
 106.200000 -2.100154 -1.151389 2.490545
 106.400000 -2.183981 -1.204491 4.161389
 106.600000 -2.051222 -1.199352 1.182342
 106.800000 -2.098110 -1.273139 1.328315
 107.000000 -2.086035 -1.192287 0.468400
 107.200000 -2.039077 -1.185995 2.168543
 107.400000 -2.128862 -1.234267 0.672545
 107.600000 -2.146568 -1.217959 1.368119
 107.800000 -2.094067 -1.213051 0.037720
 108.000000 -2.025586 -1.193384 2.769134
 108.200000 -2.193419 -1.205772 5.030199
 108.400000 -2.083927 -1.230387 0.092261
 108.600000 -2.089040 -1.187436 0.602385
 108.800000 -2.093933 -1.181715 0.800707
 109.000000 -2.086301 -1.102433 7.148658
 109.200000 -2.118772 -1.271353 1.528339
 109.400000 -2.116629 -1.159458 2.186107
 109.600000 -2.167137 -1.215062 2.667903
 109.800000 -2.079259 -1.176816 1.123200
 110.000000 -2.027778 -1.190415 2.709251
 110.200000 -2.156261 -1.231153 1.958071
 110.400000 -2.000166 -1.217219 4.449703
 110.600000 -2.104052 -1.281002 1.803208
 110.800000 -2.125952 -1.263345 1.363815
 111.000000 -2.056170 -1.229778 0.762960
 111.200000 -2.135491 -1.204593 0.991288
 111.400000 -2.181799 -1.238123 3.954058
 111.600000 -2.035565 -1.225451 1.737409
 111.800000 -2.093936 -1.166094 1.547828
 112.000000 -2.131691 -1.209505 0.770222
 112.200000 -2.053176 -1.232113 0.903405
 112.400000 -2.103212 -1.224351 0.042300
 112.600000 -2.061864 -1.176969 1.530924
 112.800000 -2.117936 -1.251334 0.715291
 113.000000 -2.074226 -1.258563 0.881715
 113.200000 -2.121355 -1.212244 0.408412
 113.400000 -2.042995 -1.266196 2.309555
 113.600000 -2.111487 -1.258306 0.814950
 113.800000 -2.074243 -1.244576 0.464014
 114.000000 -2.048213 -1.288204 3.275746
 114.200000 -2.106356 -1.237990 0.203717
 114.400000 -2.104240 -1.247950 0.392209
 114.600000 -2.121757 -1.267113 1.404132
 114.800000 -2.105702 -1.218764 0.068325
 115.000000 -2.096865 -1.194976 0.360946
 115.200000 -2.081674 -1.247363 0.409421
 115.400000 -2.101749 -1.200736 0.247424
 115.600000 -2.125677 -1.208513 0.576632
 115.800000 -2.077259 -1.253377 0.647573
 116.000000 -2.071321 -1.227249 0.281445
 116.200000 -2.119310 -1.258652 0.991966
 116.400000 -2.079199 -1.201379 0.322562
 116.600000 -2.119393 -1.250265 0.719569
 116.800000 -2.052265 -1.180449 1.739571
 117.000000 -2.085777 -1.199753 0.278642
 117.200000 -2.114598 -1.192167 0.641081
 117.400000 -2.192735 -1.132118 8.850537
 117.600000 -2.110016 -1.154037 2.413212
 117.800000 -2.168922 -1.226861 2.790320
 118.000000 -2.088289 -1.142448 3.161500
 118.200000 -2.159126 -1.194385 2.468921
 118.400000 -2.081804 -1.235206 0.170058
 118.600000 -2.191897 -1.128727 9.078167
 118.800000 -2.078872 -1.195043 0.476604
 119.000000 -2.187129 -1.175751 5.356824
 119.200000 -2.153207 -1.165104 3.332705
 119.400000 -2.056185 -1.126251 5.288119
 119.600000 -2.140049 -1.224515 1.046001
 119.800000 -2.078580 -1.202828 0.303708
 120.000000 -2.055776 -1.203323 0.915126
 120.200000 -2.179483 -1.253930 4.138345
 120.400000 -2.102843 -1.185292 0.699557
 120.600000 -2.051742 -1.144135 3.920224
 120.800000 -2.107775 -1.187044 0.691085
 121.000000 -2.159337 -1.198234 2.384739
 121.200000 -2.037212 -1.155681 3.816189
 121.400000 -2.161895 -1.226946 2.291725
 121.600000 -2.082764 -1.180451 0.919656
 121.800000 -2.112583 -1.239949 0.331346
 122.000000 -2.053975 -1.166007 2.369437
 122.200000 -2.056619 -1.287233 2.858806
 122.400000 -2.116244 -1.258387 0.910541
 122.600000 -2.068897 -1.217550 0.333821
 122.800000 -2.187029 -1.301927 7.506327
 123.000000 -2.100752 -1.213997 0.050111
 123.200000 -2.093642 -1.225191 0.006270
 123.400000 -2.118026 -1.237030 0.396234
 123.600000 -2.080939 -1.138058 3.591045
 123.800000 -2.121603 -1.231819 0.421038
 124.000000 -2.131027 -1.368104 11.383563
 124.200000 -2.000750 -1.114123 10.174374
 124.400000 -2.054827 -1.365707 11.147440
 124.600000 -2.130147 -1.231683 0.688627
 124.800000 -2.005322 -1.238342 4.104949
 125.000000 -2.079068 -1.279418 1.781402
 125.200000 -2.114841 -1.263331 1.074332
 125.400000 -2.060403 -1.269739 1.730143
 125.600000 -2.070556 -1.287258 2.431114
 125.800000 -2.081753 -1.276608 1.585669
 126.000000 -2.095190 -1.209339 0.077092
 126.200000 -2.076501 -1.200529 0.384837
 126.400000 -2.141313 -1.201516 1.304961
 126.600000 -2.053219 -1.219484 0.850250
 126.800000 -2.131539 -1.227034 0.703893
 127.000000 -2.037282 -1.201970 1.826212
 127.200000 -2.106742 -1.231386 0.122830
 127.400000 -2.188197 -1.203962 4.557255
 127.600000 -2.081013 -1.204642 0.235552
 127.800000 -2.167718 -1.212976 2.726439
 128.000000 -2.046193 -1.186165 1.794169
 128.200000 -2.093184 -1.206489 0.116881
 128.400000 -2.159400 -1.179071 3.022752
 128.600000 -2.130616 -1.205424 0.788913
 128.800000 -2.112147 -1.207733 0.255536
 129.000000 -2.142744 -1.182857 1.924367
 129.200000 -2.129280 -1.192991 1.021444
 129.400000 -2.156257 -1.199777 2.154439
 129.600000 -2.078037 -1.176519 1.155848
 129.800000 -2.110986 -1.173067 1.321706
 130.000000 -2.163811 -1.135030 6.167727
 130.200000 -2.077860 -1.240962 0.321620
 130.400000 -2.130389 -1.149530 3.254197
 130.600000 -2.189634 -1.261421 5.322913
 130.800000 -2.064274 -1.210053 0.521813
 131.000000 -2.071490 -1.181735 1.062140
 131.200000 -2.091142 -1.202725 0.185899
 131.400000 -2.045192 -1.223182 1.211516
 131.600000 -2.052052 -1.209037 0.977031
 131.800000 -2.158684 -1.211655 2.117265
 132.000000 -2.156358 -1.182008 2.708663
 132.200000 -2.073306 -1.162318 1.987317
 132.400000 -2.160160 -1.204847 2.305052
 132.600000 -2.143703 -1.210365 1.280209
 132.800000 -2.077332 -1.168131 1.582040
 133.000000 -2.098736 -1.238807 0.155222
 133.200000 -2.082684 -1.174307 1.193063
 133.400000 -2.095664 -1.157154 2.085873
 133.600000 -2.061086 -1.262456 1.384032
 133.800000 -2.176359 -1.164450 4.999545
 134.000000 -2.015253 -1.188323 3.689772
 134.200000 -2.118624 -1.216596 0.306692
 134.400000 -2.122370 -1.233111 0.456053
 134.600000 -2.161956 -1.210556 2.344671
 134.800000 -2.123452 -1.179142 1.329040
 135.000000 -2.037056 -1.141285 4.879611
 135.200000 -2.183560 -1.164804 5.595463
 135.400000 -2.124622 -1.233841 0.530156
 135.600000 -2.210020 -1.134936 10.451170
 135.800000 -2.071625 -1.195707 0.597861
 136.000000 -2.102566 -1.194913 0.392981
 136.200000 -2.099392 -1.267617 1.065251
 136.400000 -2.003033 -1.216601 4.186700
 136.600000 -2.168739 -1.259759 3.486561
 136.800000 -2.074835 -1.208770 0.275278
 137.000000 -2.110724 -1.230163 0.168862
 137.200000 -2.096090 -1.214024 0.031130
 137.400000 -2.097607 -1.169434 1.372615
 137.600000 -2.103310 -1.221510 0.039763
 137.800000 -2.078316 -1.222753 0.129786
 138.000000 -2.118303 -1.163984 1.953091
 138.200000 -2.056670 -1.170796 2.008718
 138.400000 -2.136700 -1.312375 5.003114
 138.600000 -2.117301 -1.135193 4.006740
 138.800000 -2.085328 -1.257484 0.680263
 139.000000 -2.140153 -1.228334 1.068707
 139.200000 -2.096585 -1.226897 0.015741
 139.400000 -2.173110 -1.208822 3.181349
 139.600000 -2.040992 -1.183983 2.138406
 139.800000 -2.166305 -1.182675 3.348192
 140.000000 -2.097387 -1.183388 0.739530
 140.200000 -2.058845 -1.087537 9.635798
 140.400000 -2.163623 -1.261762 3.197547
 140.600000 -2.134549 -1.164162 2.463201
 140.800000 -2.066948 -1.152322 2.785417
 141.000000 -2.158893 -1.272531 3.370341
 141.200000 -2.029300 -1.198575 2.386762
 141.400000 -2.133204 -1.242374 0.966143
 141.600000 -2.108062 -1.248784 0.459346
 141.800000 -2.141257 -1.237748 1.226286
 142.000000 -2.014290 -1.193520 3.606345
 142.200000 -2.131164 -1.238985 0.824827
 142.400000 -2.104630 -1.243481 0.288925
 142.600000 -2.003744 -1.198501 4.378654
 142.800000 -2.097129 -1.248740 0.368507
 143.000000 -2.150496 -1.284810 3.563180
 143.200000 -2.040689 -1.161493 3.256481
 143.400000 -2.124603 -1.294050 3.071325
 143.600000 -2.094879 -1.124381 4.738596
 143.800000 -2.059006 -1.245933 0.919087
 144.000000 -2.186913 -1.215342 4.300173
 144.200000 -2.054433 -1.201822 0.996648
 144.400000 -2.108750 -1.258103 0.764514
 144.600000 -2.099609 -1.252778 0.495554
 144.800000 -2.161616 -1.224389 2.262870
 145.000000 -2.056058 -1.241580 0.931871
 145.200000 -2.098110 -1.178561 0.938718
 145.400000 -2.110078 -1.230974 0.165704
 145.600000 -2.035931 -1.195864 2.043591
 145.800000 -2.077084 -1.254865 0.698789
 146.000000 -2.101935 -1.236981 0.144712
 146.200000 -2.105646 -1.152229 2.478527
 146.400000 -2.134349 -1.191744 1.247745
 146.600000 -2.093259 -1.215424 0.020529
 146.800000 -2.148263 -1.150936 3.956837
 147.000000 -2.083319 -1.155666 2.243625
 147.200000 -2.262817 -1.256526 14.788334
 147.400000 -2.042017 -1.147019 4.162637
 147.600000 -2.048486 -1.245510 1.336584
 147.800000 -2.095633 -1.164045 1.664548
 148.000000 -2.047763 -1.241118 1.275228
 148.200000 -2.159988 -1.303172 5.467555
 148.400000 -2.119599 -1.090981 8.865291
 148.600000 -2.060864 -1.328755 6.289277
 148.800000 -1.975796 -1.176474 8.056890
 149.000000 -2.165008 -1.299963 5.553299
 149.200000 -2.044724 -1.274376 2.619386
 149.400000 -1.931482 -1.215048 13.292691
 149.600000 -2.118902 -1.235865 0.400182
 149.800000 -2.080406 -1.217919 0.105110
 150.000000 -2.114314 -1.227810 0.216860
 150.200000 -2.116525 -1.205714 0.373128
 150.400000 -2.155432 -1.237336 1.984544
 150.600000 -1.992351 -1.195396 5.553254
 150.800000 -2.127241 -1.213150 0.576227
 151.000000 -2.168253 -1.212979 2.765812
 151.200000 -2.081616 -1.235480 0.176187
 151.400000 -2.051213 -1.186209 1.563227
 151.600000 -2.133442 -1.242662 0.981401
 151.800000 -2.013507 -1.230084 3.306347
 152.000000 -2.175433 -1.183714 4.006193
 152.200000 -2.169644 -1.169246 4.208530
 152.400000 -2.093146 -1.195136 0.354403
 152.600000 -2.114001 -1.200617 0.415090
 152.800000 -2.043953 -1.174578 2.383864
 153.000000 -2.214250 -1.216754 7.194968
 153.200000 -2.071122 -1.175383 1.344883
 153.400000 -2.173153 -1.172307 4.322725
 153.600000 -2.075554 -1.137343 3.738103
 153.800000 -2.127728 -1.163588 2.245833
 154.000000 -2.152389 -1.295967 4.437175
 154.200000 -2.097436 -1.111771 6.050203
 154.400000 -2.148319 -1.273008 2.768547
 154.600000 -2.028509 -1.148375 4.861037
 154.800000 -2.032601 -1.190647 2.392358
 155.000000 -2.129513 -1.214548 0.642422
 155.200000 -2.127132 -1.206249 0.655685
 155.400000 -2.148443 -1.196888 1.769161
 155.600000 -2.061163 -1.164781 2.173781
 155.800000 -2.130077 -1.196909 0.944657
 156.000000 -2.097202 -1.202709 0.184847
 156.200000 -2.078059 -1.228581 0.156892
 156.400000 -2.141683 -1.231173 1.162629
 156.600000 -2.026830 -1.239490 2.440216
 156.800000 -2.123577 -1.198150 0.703817
 157.000000 -2.061005 -1.221848 0.557448
 157.200000 -2.121191 -1.329108 6.123931
 157.400000 -2.065412 -1.220321 0.420995
 157.600000 -2.049314 -1.287925 3.207053
 157.800000 -2.047974 -1.245935 1.370392
 158.000000 -2.086112 -1.254144 0.559629
 158.200000 -2.087439 -1.285162 2.035973
 158.400000 -2.141904 -1.190311 1.622106
 158.600000 -2.016826 -1.273314 4.338876
 158.800000 -2.081420 -1.205641 0.213605
 159.000000 -2.080332 -1.204074 0.254769
 159.200000 -2.117529 -1.207731 0.365574
 159.400000 -2.142234 -1.251808 1.596592
 159.600000 -2.042361 -1.200312 1.583173
 159.800000 -2.029996 -1.203409 2.241436
 160.000000 -2.152876 -1.206100 1.832169
 160.200000 -2.122531 -1.136668 4.013582
 160.400000 -2.143815 -1.237672 1.348210
 160.600000 -2.142879 -1.208289 1.265693
 160.800000 -2.134507 -1.145378 3.719311
 161.000000 -2.060613 -1.210067 0.638643
 161.200000 -2.150083 -1.137566 5.092395
 161.400000 -2.120046 -1.190027 0.831540
 161.600000 -2.119410 -1.164771 1.935088
 161.800000 -2.195864 -1.063561 17.656718
 162.000000 -2.115630 -1.240035 0.392986
 162.200000 -2.112092 -1.100042 7.560678
 162.400000 -2.114062 -1.200166 0.425897
 162.600000 -2.125233 -1.261928 1.283407
 162.800000 -2.027040 -1.137324 5.830592
 163.000000 -2.101170 -1.231302 0.068751
 163.200000 -2.089865 -1.234270 0.088878
 163.400000 -2.094636 -1.232453 0.057514
 163.600000 -2.136552 -1.222194 0.888727
 163.800000 -2.100018 -1.211692 0.066193
 164.000000 -2.065062 -1.243168 0.660008
 164.200000 -2.079817 -1.278166 1.698771
 164.400000 -2.062782 -1.273927 1.861934
 164.600000 -1.977374 -1.298591 9.800784
 164.800000 -2.114154 -1.286294 2.279423
 165.000000 -2.048172 -1.232794 1.129485
 165.200000 -2.013606 -1.274463 4.653805
 165.400000 -2.071866 -1.299930 3.311404
 165.600000 -2.054387 -1.309125 4.619231
 165.800000 -2.052076 -1.251874 1.349794
 166.000000 -2.062557 -1.308180 4.243614
 166.200000 -2.154649 -1.222901 1.815962
 166.400000 -2.063185 -1.225494 0.494129
 166.600000 -2.047012 -1.255056 1.677843
 166.800000 -2.073332 -1.166568 1.743284
 167.000000 -2.116793 -1.232267 0.306355
 167.200000 -2.122110 -1.178671 1.311089
 167.400000 -2.135774 -1.169324 2.229310
 167.600000 -2.139945 -1.208611 1.123445
 167.800000 -2.108543 -1.139747 3.460684
 168.000000 -2.145033 -1.160158 3.177668
 168.200000 -2.075847 -1.156495 2.299870
 168.400000 -2.172451 -1.111296 9.144198
 168.600000 -2.120635 -1.059885 13.441162
 168.800000 -2.243876 -1.138977 14.596357
 169.000000 -2.226752 -1.105972 15.459200
 169.200000 -2.049638 -1.179165 1.907508
 169.400000 -2.108234 -1.205794 0.222750
 169.600000 -2.083290 -1.260536 0.814590
 169.800000 -2.087716 -1.201013 0.236903
 170.000000 -2.027542 -1.178984 3.148297
 170.200000 -2.123230 -1.217162 0.426154
 170.400000 -2.059749 -1.231010 0.643228
 170.600000 -2.142353 -1.224313 1.153318
 170.800000 -2.101716 -1.279680 1.705898
 171.000000 -2.059090 -1.206277 0.742631
 171.200000 -2.128560 -1.209027 0.664321
 171.400000 -2.054911 -1.191797 1.227533
 171.600000 -2.142416 -1.292028 3.623865
 171.800000 -2.011767 -1.269754 4.566814
 172.000000 -2.103483 -1.343332 7.434727
 172.200000 -2.053614 -1.282624 2.685545
 172.400000 -2.062681 -1.304031 3.889571
 172.600000 -2.053711 -1.267935 1.895000
 172.800000 -2.090383 -1.165507 1.588598
 173.000000 -2.141816 -1.302880 4.417012
 173.200000 -2.100143 -1.158305 2.027943
 173.400000 -2.006102 -1.272501 5.186683
 173.600000 -2.174425 -1.260619 3.958552
 173.800000 -2.054900 -1.168651 2.188618
 174.000000 -2.133107 -1.260671 1.507486
 174.200000 -2.141451 -1.147049 3.895777
 174.400000 -2.155577 -1.142058 5.045448
 174.600000 -2.089959 -1.116611 5.534856
 174.800000 -2.108721 -1.143909 3.130702
 175.000000 -2.258018 -1.218885 13.390294
 175.200000 -2.047012 -1.071933 12.342195
 175.400000 -2.186828 -1.130775 8.408298
 175.600000 -2.150397 -1.189014 2.103290
 175.800000 -2.135824 -1.173479 2.022300
 176.000000 -2.077054 -1.158709 2.136195
 176.200000 -2.122212 -1.213440 0.421251
 176.400000 -2.113255 -1.163769 1.857621
 176.600000 -2.027294 -1.192977 2.664696
 176.800000 -2.195369 -1.209580 5.171672
 177.000000 -2.090403 -1.167256 1.491718
 177.200000 -2.044589 -1.229259 1.268667
 177.400000 -2.198955 -1.300636 8.579357
 177.600000 -2.086171 -1.164112 1.693766
 177.800000 -2.086965 -1.241045 0.214126
 178.000000 -2.085081 -1.240090 0.211904
 178.200000 -2.039039 -1.282353 3.369673
 178.400000 -2.084149 -1.223965 0.054985
 178.600000 -2.032361 -1.280095 3.627300
 178.800000 -2.167021 -1.297118 5.478852
 179.000000 -1.980138 -1.235455 6.621558
 179.200000 -2.085726 -1.266904 1.057914
 179.400000 -2.162506 -1.209305 2.396742
 179.600000 -2.081834 -1.239216 0.231771
 179.800000 -2.134515 -1.285629 2.846319
 180.000000 -2.104781 -1.221994 0.053964
 180.200000 -2.047452 -1.276924 2.624986
 180.400000 -2.066203 -1.235701 0.494978
 180.600000 -2.081123 -1.272383 1.370929
 180.800000 -2.023870 -1.220784 2.487363
 181.000000 -2.149701 -1.225239 1.535518
 181.200000 -2.067228 -1.246126 0.666593
 181.400000 -1.979389 -1.124976 11.293988
 181.600000 -2.239032 -1.182254 11.239128
 181.800000 -2.190637 -1.263150 5.489011
 182.000000 -2.059491 -1.129559 4.856924
 182.200000 -2.063500 -1.243440 0.712914
 182.400000 -2.214827 -1.213796 7.283368
 182.600000 -2.098497 -1.182405 0.781652
 182.800000 -2.151090 -1.127103 6.084347
 183.000000 -2.130091 -1.155363 2.839399
 183.200000 -2.150890 -1.176549 2.616509
 183.400000 -2.074245 -1.185661 0.853534
 183.600000 -2.159378 -1.191410 2.571052
 183.800000 -2.102616 -1.229861 0.066843
 184.000000 -2.027846 -1.165033 3.821697
 184.200000 -2.147883 -1.236424 1.538417
 184.400000 -2.066475 -1.164273 2.040447
 184.600000 -2.136181 -1.127810 5.283592
 184.800000 -2.168112 -1.203402 2.885057
 185.000000 -2.104106 -1.179822 0.925307
 185.200000 -2.097778 -1.197894 0.289817
 185.400000 -2.084386 -1.228040 0.070000
 185.600000 -2.099092 -1.148825 2.668611
 185.800000 -2.074803 -1.259950 0.922276
 186.000000 -2.110941 -1.107881 6.617762
 186.200000 -2.154058 -1.265693 2.746165
 186.400000 -2.055700 -1.195138 1.102249
 186.600000 -2.024444 -1.200483 2.672337
 186.800000 -2.114755 -1.157931 2.242467
 187.000000 -2.081793 -1.237797 0.208467
 187.200000 -2.188135 -1.206598 4.508091
 187.400000 -2.194561 -1.193721 5.408911
 187.600000 -2.005707 -1.191114 4.401499
 187.800000 -2.109028 -1.103797 7.061169
 188.000000 -2.191260 -1.252403 5.161839
 188.200000 -2.115237 -1.158237 2.232883
 188.400000 -2.131087 -1.131178 4.773008
 188.600000 -2.125626 -1.230604 0.527065
 188.800000 -2.022656 -1.208782 2.657092
 189.000000 -2.160363 -1.279744 3.858664
 189.200000 -2.085782 -1.191715 0.487554
 189.400000 -2.043291 -1.302320 4.553196
 189.600000 -2.035930 -1.213390 1.743890
 189.800000 -2.068668 -1.296822 3.150320
 190.000000 -2.140555 -1.257526 1.706001
 190.200000 -2.095667 -1.102812 7.071611
 190.400000 -2.148524 -1.223533 1.466587
 190.600000 -2.204052 -1.154913 8.244661
 190.800000 -2.118247 -1.107962 6.756137
 191.000000 -2.175374 -1.221803 3.278774
 191.200000 -2.064419 -1.221568 0.449298
 191.400000 -2.152380 -1.217933 1.688334
 191.600000 -2.143179 -1.249164 1.566228
 191.800000 -2.027991 -1.155637 4.388885
 192.000000 -2.109284 -1.290147 2.451235
 192.200000 -2.033405 -1.235453 1.954081
 192.400000 -2.081911 -1.179780 0.957844
 192.600000 -2.096939 -1.172368 1.221578
 192.800000 -2.111022 -1.229836 0.171076
 193.000000 -2.138433 -1.258459 1.644156
 193.200000 -2.002038 -1.197853 4.549953
 193.400000 -2.121681 -1.206463 0.488822
 193.600000 -2.032640 -1.268980 3.023103
 193.800000 -2.093045 -1.200939 0.217059
 194.000000 -2.199424 -1.200114 5.749171
 194.200000 -2.132887 -1.287910 2.930670
 194.400000 -2.054157 -1.167818 2.262809
 194.600000 -2.126651 -1.210662 0.581479
 194.800000 -2.061896 -1.221169 0.528266
 195.000000 -2.136068 -1.131769 4.914808
 195.200000 -2.125792 -1.282316 2.328217
 195.400000 -2.102407 -1.233741 0.104222
 195.600000 -2.128491 -1.188910 1.119838
 195.800000 -2.031515 -1.245774 2.266033
 196.000000 -2.113582 -1.125860 4.779648
 196.200000 -2.194300 -1.294022 7.603552
 196.400000 -2.120317 -1.159616 2.265077
 196.600000 -2.050956 -1.244473 1.202076
 196.800000 -2.015810 -1.231109 3.131788
 197.000000 -2.150917 -1.171488 2.859495
 197.200000 -2.127052 -1.272962 1.845566
 197.400000 -2.105175 -1.155891 2.225515
 197.600000 -2.095861 -1.239865 0.165513
 197.800000 -2.083843 -1.199975 0.292322
 198.000000 -2.067154 -1.193131 0.780008
 198.200000 -2.121299 -1.213737 0.393871
 198.400000 -2.146669 -1.210212 1.432636
 198.600000 -2.068655 -1.175401 1.404481
 198.800000 -2.141277 -1.232417 1.156032
 199.000000 -2.071379 -1.222422 0.265104
 199.200000 -2.162207 -1.249904 2.696058
 199.400000 -2.034511 -1.257931 2.448293
 199.600000 -1.992159 -1.124275 9.974852
 199.800000 -2.213141 -1.251139 7.482669
 200.000000 -2.081515 -1.189859 0.590853
