#! FIELDS time phi psi restraint.bias
#! SET min_phi -pi
#! SET max_phi pi
#! SET min_psi -pi
#! SET max_psi pi
 0.000000 1.122480 1.891208 161.371974
 0.200000 0.727665 2.127571 10.427062
 0.400000 0.625934 2.377902 8.543936
 0.600000 0.699525 2.235654 0.554545
 0.800000 0.659115 2.273427 0.771280
 1.000000 0.710448 2.326902 1.756365
 1.200000 0.624613 2.291954 2.967618
 1.400000 0.809619 2.277321 6.249907
 1.600000 0.751634 2.269047 1.431260
 1.800000 0.716881 2.263432 0.190863
 2.000000 0.601596 2.242566 5.007098
 2.200000 0.716090 2.276940 0.193344
 2.400000 0.810884 2.233988 6.966932
 2.600000 0.702736 2.181648 3.819463
 2.800000 0.652961 2.283311 1.123640
 3.000000 0.717842 2.299511 0.661918
 3.200000 0.774294 2.223647 3.925530
 3.400000 0.771146 2.265945 2.669966
 3.600000 0.794398 2.241121 5.020202
 3.800000 0.745224 2.275135 1.128104
 4.000000 0.785011 2.225097 4.734602
 4.200000 0.678076 2.280607 0.269320
 4.400000 0.654460 2.276984 0.986071
 4.600000 0.844537 2.316194 11.834327
 4.800000 0.779395 2.242386 3.654091
 5.000000 0.728607 2.227018 1.342578
 5.200000 0.730209 2.321941 1.919664
 5.400000 0.751134 2.188060 4.674400
 5.600000 0.722637 2.294958 0.639052
 5.800000 0.692716 2.332773 2.052757
 6.000000 0.712744 2.232217 0.780604
 6.200000 0.738739 2.326477 2.480440
 6.400000 0.763907 2.328598 3.943479
 6.600000 0.724327 2.267840 0.343682
 6.800000 0.678577 2.372509 5.555677
 7.000000 0.740714 2.404760 10.131793
 7.200000 0.748817 2.212920 2.852957
 7.400000 0.764567 2.250505 2.376544
 7.600000 0.755921 2.386777 8.614037
 7.800000 0.716191 2.164987 5.564945
 8.000000 0.709139 2.203365 2.209852
 8.200000 0.832283 2.276319 9.025606
 8.400000 0.783245 2.230971 4.342494
 8.600000 0.730580 2.280862 0.597650
 8.800000 0.765337 2.339415 4.742507
 9.000000 0.636697 2.259717 1.929508
 9.200000 0.720937 2.313797 1.266640
 9.400000 0.684002 2.351856 3.538320
 9.600000 0.785271 2.217836 5.101791
 9.800000 0.762465 2.314967 3.129158
 10.000000 0.754900 2.254472 1.715801
 10.200000 0.711743 2.234144 0.697609
 10.400000 0.761566 2.322971 3.472222
 10.600000 0.801953 2.238588 5.849689
 10.800000 0.663714 2.234122 1.198042
 11.000000 0.748963 2.319592 2.575303
 11.200000 0.727866 2.365749 5.129199
 11.400000 0.704091 2.199056 2.458836
 11.600000 0.813893 2.315869 7.802015
 11.800000 0.764272 2.310069 3.033570
 12.000000 0.703211 2.219004 1.259104
 12.200000 0.750933 2.276253 1.420841
 12.400000 0.728844 2.326492 2.128427
 12.600000 0.720912 2.223027 1.312920
 12.800000 0.723680 2.265611 0.331870
 13.000000 0.756873 2.301463 2.254544
 13.200000 0.771287 2.240732 3.073337
 13.400000 0.716384 2.294395 0.490862
 13.600000 0.660177 2.373442 6.181836
 13.800000 0.775388 2.290342 3.213534
 14.000000 0.824392 2.212376 9.569903
 14.200000 0.740309 2.277936 0.930041
 14.400000 0.735492 2.255139 0.792973
 14.600000 0.748677 2.275484 1.298923
 14.800000 0.604229 2.196123 7.059175
 15.000000 0.707685 2.285889 0.189467
 15.200000 0.806973 2.374785 11.526037
 15.400000 0.788442 2.221339 5.210363
 15.600000 0.778883 2.271947 3.264979
 15.800000 0.788773 2.299500 4.575292
 16.000000 0.703042 2.259803 0.053686
 16.200000 0.713070 2.364819 4.709085
 16.400000 0.778404 2.304401 3.851003
 16.600000 0.782804 2.184381 7.158826
 16.800000 0.738894 2.248802 1.033296
 17.000000 0.721260 2.264926 0.275470
 17.200000 0.757433 2.249838 1.940566
 17.400000 0.738500 2.307394 1.554627
 17.600000 0.732679 2.222230 1.687106
 17.800000 0.701071 2.216080 1.400769
 18.000000 0.730042 2.329009 2.313978
 18.200000 0.733859 2.233140 1.278598
 18.400000 0.738844 2.310761 1.703727
 18.600000 0.695972 2.301717 0.539895
 18.800000 0.681997 2.287267 0.298329
 19.000000 0.746680 2.302710 1.749072
 19.200000 0.743232 2.301836 1.558468
 19.400000 0.706339 2.297320 0.436734
 19.600000 0.717227 2.249968 0.362058
 19.800000 0.813038 2.263215 6.618085
 20.000000 0.815543 2.224069 7.898821
 20.200000 0.652586 2.301714 1.574678
 20.400000 0.616233 2.314278 4.381983
 20.600000 0.803975 2.264389 5.611699
 20.800000 0.776094 2.204572 5.109913
 21.000000 0.781139 2.244514 3.743091
 21.200000 0.759249 2.316497 2.999075
 21.400000 0.709532 2.201893 2.311808
 21.600000 0.641072 2.295517 1.981367
 21.800000 0.716443 2.297704 0.581675
 22.000000 0.733126 2.193543 3.453745
 22.200000 0.751779 2.277088 1.472312
 22.400000 0.776740 2.207184 4.995805
 22.600000 0.760667 2.253938 2.067682
 22.800000 0.733554 2.241586 1.001173
 23.000000 0.791715 2.258336 4.435002
 23.200000 0.798029 2.272011 4.994452
 23.400000 0.731630 2.237502 1.054846
 23.600000 0.702635 2.309884 0.848831
 23.800000 0.648408 2.282833 1.332903
 24.000000 0.714095 2.287752 0.304595
 24.200000 0.811244 2.242100 6.757115
 24.400000 0.745200 2.228934 1.907455
 24.600000 0.759485 2.252385 2.018970
 24.800000 0.694444 2.302274 0.562777
 25.000000 0.651763 2.197526 3.624177
 25.200000 0.805661 2.268931 5.781300
 25.400000 0.755857 2.295194 2.011069
 25.600000 0.637518 2.227691 2.687288
 25.800000 0.768461 2.311515 3.379928
 26.000000 0.761712 2.272897 2.029128
 26.200000 0.711031 2.207956 1.941971
 26.400000 0.813860 2.300917 7.208111
 26.600000 0.720258 2.280714 0.314247
 26.800000 0.703828 2.246049 0.277958
 27.000000 0.728915 2.279906 0.534074
 27.200000 0.734735 2.231181 1.382299
 27.400000 0.751617 2.191387 4.436627
 27.600000 0.807773 2.289860 6.229643
 27.800000 0.692285 2.370019 5.126834
 28.000000 0.788755 2.289368 4.315194
 28.200000 0.730037 2.237150 1.013867
 28.400000 0.729269 2.252501 0.619705
 28.600000 0.831638 2.274033 8.924975
 28.800000 0.728147 2.256191 0.531586
 29.000000 0.645637 2.253666 1.494321
 29.200000 0.745983 2.306039 1.833502
 29.400000 0.686071 2.243660 0.391956
 29.600000 0.743348 2.360102 5.178653
 29.800000 0.738475 2.324564 2.361492
 30.000000 0.777057 2.187818 6.404033
 30.200000 0.702838 2.332492 2.031268
 30.400000 0.792275 2.266520 4.434353
 30.600000 0.615115 2.167258 8.614289
 30.800000 0.757004 2.286979 1.895890
 31.000000 0.731091 2.237751 1.029165
 31.200000 0.695286 2.231825 0.692359
 31.400000 0.746862 2.248071 1.404850
 31.600000 0.719052 2.236911 0.731369
 31.800000 0.773275 2.305895 3.506488
 32.000000 0.791382 2.302633 4.915814
 32.200000 0.701530 2.281786 0.088436
 32.400000 0.739098 2.294300 1.160996
 32.600000 0.739687 2.307093 1.591690
 32.800000 0.851448 2.308008 12.516531
 33.000000 0.773676 2.277407 2.889441
 33.200000 0.749480 2.228068 2.153105
 33.400000 0.794180 2.299882 5.091668
 33.600000 0.760678 2.266324 1.959415
 33.800000 0.723359 2.259194 0.365585
 34.000000 0.672872 2.284129 0.434548
 34.200000 0.650205 2.313005 2.119879
 34.400000 0.677066 2.323532 1.712653
 34.600000 0.813252 2.284000 6.739889
 34.800000 0.675271 2.337532 2.614554
 35.000000 0.763445 2.293766 2.441352
 35.200000 0.775513 2.239467 3.427886
 35.400000 0.728316 2.244329 0.758127
 35.600000 0.672380 2.299197 0.789681
 35.800000 0.752896 2.333181 3.563753
 36.000000 0.732990 2.240304 1.017244
 36.200000 0.767964 2.286712 2.596435
 36.400000 0.776739 2.289073 3.292476
 36.600000 0.729403 2.228339 1.312680
 36.800000 0.688739 2.253139 0.168767
 37.000000 0.739963 2.298182 1.302846
 37.200000 0.803227 2.267282 5.523868
 37.400000 0.706385 2.204599 2.103197
 37.600000 0.742331 2.319609 2.261088
 37.800000 0.736391 2.390863 8.166016
 38.000000 0.716250 2.214026 1.671250
 38.200000 0.683591 2.237117 0.611679
 38.400000 0.739963 2.326044 2.506037
 38.600000 0.728812 2.234324 1.069354
 38.800000 0.700089 2.219971 1.200324
 39.000000 0.716420 2.304061 0.784382
 39.200000 0.713650 2.293598 0.424727
 39.400000 0.778905 2.237670 3.750693
 39.600000 0.829827 2.289526 8.883971
 39.800000 0.783479 2.321560 5.027085
 40.000000 0.688204 2.282429 0.140420
 40.200000 0.651016 2.269880 1.110378
 40.400000 0.740801 2.327954 2.652379
 40.600000 0.800954 2.268095 5.286602
 40.800000 0.753836 2.236704 2.070693
 41.000000 0.767192 2.244305 2.687796
 41.200000 0.876723 2.312170 16.882264
 41.400000 0.799343 2.308974 5.923694
 41.600000 0.647023 2.246058 1.567581
 41.800000 0.705039 2.341658 2.668665
 42.000000 0.791678 2.316645 5.513901
 42.200000 0.732591 2.203788 2.715378
 42.400000 0.711268 2.305992 0.773144
 42.600000 0.788866 2.373636 9.598228
 42.800000 0.668079 2.247464 0.681941
 43.000000 0.679862 2.294240 0.487226
 43.200000 0.876660 2.258178 15.993983
 43.400000 0.695978 2.238165 0.475487
 43.600000 0.688791 2.192516 2.963025
 43.800000 0.823284 2.329726 9.679777
 44.000000 0.739795 2.218286 2.150215
 44.200000 0.692556 2.213912 1.528937
 44.400000 0.717730 2.313255 1.174499
 44.600000 0.783006 2.296560 3.983619
 44.800000 0.699217 2.165094 5.391345
 45.000000 0.757406 2.235389 2.319131
 45.200000 0.750726 2.316239 2.502245
 45.400000 0.689577 2.184705 3.583334
 45.600000 0.749670 2.250111 1.505153
 45.800000 0.683405 2.335977 2.356254
 46.000000 0.680347 2.204750 2.217539
 46.200000 0.769228 2.274952 2.545470
 46.400000 0.711524 2.287675 0.265403
 46.600000 0.666074 2.267537 0.514812
 46.800000 0.758608 2.242708 2.172448
 47.000000 0.702386 2.211000 1.686856
 47.200000 0.715841 2.243193 0.487947
 47.400000 0.793603 2.264167 4.568683
 47.600000 0.761286 2.146855 9.445068
 47.800000 0.703491 2.223569 1.043085
 48.000000 0.797172 2.303936 5.517229
 48.200000 0.749323 2.172725 5.937762
 48.400000 0.605268 2.186519 7.707429
 48.600000 0.747603 2.412530 11.534545
 48.800000 0.659582 2.287335 0.912472
 49.000000 0.713770 2.252569 0.256093
 49.200000 0.775037 2.264668 2.966298
 49.400000 0.702230 2.287390 0.178814
 49.600000 0.725492 2.158137 6.511609
 49.800000 0.800320 2.299742 5.695992
 50.000000 0.794401 2.187074 7.983932
 50.200000 0.726541 2.145189 8.059247
 50.400000 0.774871 2.228351 3.767702
 50.600000 0.683837 2.333362 2.178073
 50.800000 0.678200 2.234901 0.777549
 51.000000 0.749944 2.144978 9.024071
 51.200000 0.755075 2.223126 2.670212
 51.400000 0.636923 2.179708 5.853337
 51.600000 0.761904 2.179816 6.003909
 51.800000 0.685872 2.240191 0.488051
 52.000000 0.649573 2.249937 1.359317
 52.200000 0.825593 2.147852 15.452886
 52.400000 0.747337 2.164032 6.712153
 52.600000 0.769678 2.261386 2.587857
 52.800000 0.656142 2.256052 0.964460
 53.000000 0.703732 2.183145 3.695068
 53.200000 0.696638 2.319079 1.258660
 53.400000 0.730851 2.230954 1.256312
 53.600000 0.736770 2.227580 1.601314
 53.800000 0.700557 2.267047 0.004711
 54.000000 0.737807 2.187261 4.121861
 54.200000 0.665355 2.232034 1.217727
 54.400000 0.650142 2.264225 1.162547
 54.600000 0.832067 2.268261 8.969530
 54.800000 0.722798 2.213999 1.812824
 55.000000 0.758025 2.185336 5.287463
 55.200000 0.709078 2.327687 1.786230
 55.400000 0.704643 2.230852 0.746103
 55.600000 0.642272 2.178321 5.664963
 55.800000 0.734214 2.223330 1.690545
 56.000000 0.779917 2.301157 3.863767
 56.200000 0.703842 2.212768 1.593256
 56.400000 0.784378 2.242267 4.074595
 56.600000 0.790821 2.322592 5.735586
 56.800000 0.682620 2.213300 1.667562
 57.000000 0.656499 2.261671 0.892956
 57.200000 0.800466 2.340094 7.768475
 57.400000 0.692597 2.237119 0.521217
 57.600000 0.747316 2.217984 2.507221
 57.800000 0.734747 2.389733 7.967277
 58.000000 0.698260 2.309051 0.804941
 58.200000 0.697880 2.289640 0.214523
 58.400000 0.759895 2.339216 4.377542
 58.600000 0.673861 2.321895 1.697292
 58.800000 0.787378 2.275969 4.007237
 59.000000 0.799060 2.236953 5.604445
 59.200000 0.767035 2.258790 2.425215
 59.400000 0.747210 2.332230 3.207901
 59.600000 0.670429 2.194507 3.152949
 59.800000 0.792499 2.264074 4.464327
 60.000000 0.728004 2.294497 0.773072
 60.200000 0.698885 2.286949 0.162662
 60.400000 0.695761 2.322037 1.413089
 60.600000 0.794819 2.386602 11.597714
 60.800000 0.777332 2.279459 3.191833
 61.000000 0.775183 2.269572 2.968680
 61.200000 0.764685 2.254015 2.325894
 61.400000 0.758321 2.304939 2.459753
 61.600000 0.694471 2.243000 0.342825
 61.800000 0.721248 2.275608 0.289496
 62.000000 0.746792 2.336372 3.458247
 62.200000 0.734878 2.167183 5.851136
 62.400000 0.802011 2.220707 6.558059
 62.600000 0.695907 2.323301 1.480696
 62.800000 0.706840 2.335664 2.264766
 63.000000 0.700621 2.292737 0.286522
 63.200000 0.810064 2.236361 6.794750
 63.400000 0.740954 2.342808 3.646022
 63.600000 0.723125 2.196541 2.932283
 63.800000 0.780963 2.208182 5.275592
 64.000000 0.864966 2.273319 13.926523
 64.200000 0.770620 2.249029 2.825266
 64.400000 0.693029 2.286096 0.160397
 64.600000 0.784012 2.307250 4.421981
 64.800000 0.766631 2.304015 2.961607
 65.000000 0.718175 2.313906 1.212395
 65.200000 0.773507 2.310078 3.687381
 65.400000 0.786762 2.394142 11.766957
 65.600000 0.646314 2.278066 1.384302
 65.800000 0.724870 2.316622 1.494815
 66.000000 0.724498 2.380444 6.565450
 66.200000 0.770058 2.232623 3.245718
 66.400000 0.793909 2.276546 4.615678
 66.600000 0.692411 2.215320 1.453251
 66.800000 0.790933 2.348834 7.498496
 67.000000 0.742481 2.379592 7.106681
 67.200000 0.748390 2.212873 2.834004
 67.400000 0.802935 2.398390 13.871960
 67.600000 0.826953 2.312371 9.241060
 67.800000 0.596271 2.262330 5.209600
 68.000000 0.661553 2.411258 10.797882
 68.200000 0.746278 2.321012 2.515434
 68.400000 0.743594 2.215721 2.448943
 68.600000 0.820273 2.259488 7.503822
 68.800000 0.740570 2.361988 5.230615
 69.000000 0.665915 2.251726 0.666897
 69.200000 0.755137 2.294998 1.964648
 69.400000 0.784282 2.317535 4.892211
 69.600000 0.728198 2.264417 0.462172
 69.800000 0.770748 2.256514 2.713591
 70.000000 0.746381 2.283702 1.273117
 70.200000 0.795007 2.242991 5.028790
 70.400000 0.765793 2.224260 3.286628
 70.600000 0.699360 2.321796 1.398272
 70.800000 0.710049 2.319765 1.363222
 71.000000 0.723932 2.250915 0.495047
 71.200000 0.728347 2.253287 0.578806
 71.400000 0.766133 2.287764 2.489486
 71.600000 0.787266 2.272726 3.979692
 71.800000 0.821602 2.216381 9.003022
 72.000000 0.750049 2.267628 1.348528
 72.200000 0.643905 2.350679 4.811879
 72.400000 0.718136 2.269247 0.200144
 72.600000 0.796143 2.167147 9.982701
 72.800000 0.796411 2.197211 7.401089
 73.000000 0.740218 2.255724 0.972802
 73.200000 0.650594 2.276204 1.156392
 73.400000 0.710099 2.227552 0.927601
 73.600000 0.764671 2.288446 2.404207
 73.800000 0.662287 2.265004 0.650112
 74.000000 0.704469 2.274294 0.034473
 74.200000 0.875876 2.312111 16.728864
 74.400000 0.744162 2.156825 7.342996
 74.600000 0.697516 2.210162 1.726897
 74.800000 0.744872 2.305267 1.752606
 75.000000 0.644586 2.248208 1.648260
 75.200000 0.791969 2.169600 9.335784
 75.400000 0.839801 2.177919 14.176377
 75.600000 0.767399 2.219229 3.633926
 75.800000 0.730172 2.332200 2.514984
 76.000000 0.682943 2.208429 1.945439
 76.200000 0.707585 2.256592 0.120768
 76.400000 0.795779 2.340139 7.302981
 76.600000 0.706387 2.222690 1.103049
 76.800000 0.737271 2.278839 0.815076
 77.000000 0.746411 2.356358 4.987479
 77.200000 0.716441 2.253802 0.282020
 77.400000 0.699020 2.266157 0.004234
 77.600000 0.759539 2.325298 3.474269
 77.800000 0.838205 2.258679 9.862751
 78.000000 0.729705 2.216708 1.861888
 78.200000 0.692295 2.315314 1.092848
 78.400000 0.722618 2.325107 1.877811
 78.600000 0.745386 2.210859 2.802478
 78.800000 0.740629 2.209292 2.681249
 79.000000 0.743938 2.341181 3.659376
 79.200000 0.745005 2.285978 1.243891
 79.400000 0.662654 2.247359 0.861951
 79.600000 0.765868 2.325743 3.908029
 79.800000 0.734606 2.250939 0.826999
 80.000000 0.786597 2.236067 4.452989
 80.200000 0.788239 2.287597 4.233955
 80.400000 0.742203 2.253107 1.096307
 80.600000 0.778255 2.271919 3.214352
 80.800000 0.785135 2.272423 3.790921
 81.000000 0.734936 2.348598 3.850964
 81.200000 0.790580 2.306021 4.961320
 81.400000 0.777684 2.247981 3.383662
 81.600000 0.706942 2.296302 0.413468
 81.800000 0.748257 2.374695 6.849593
 82.000000 0.727875 2.311231 1.337091
 82.200000 0.779604 2.225658 4.255025
 82.400000 0.811825 2.275906 6.487471
 82.600000 0.738092 2.343851 3.605132
 82.800000 0.690767 2.303508 0.625003
 83.000000 0.713809 2.310641 0.992883
 83.200000 0.755493 2.348661 4.823841
 83.400000 0.765610 2.273835 2.288729
 83.600000 0.774914 2.255773 3.034256
 83.800000 0.784006 2.237137 4.192553
 84.000000 0.725529 2.242728 0.718525
 84.200000 0.711134 2.291028 0.328731
 84.400000 0.669163 2.232542 1.081580
 84.600000 0.723585 2.281575 0.403917
 84.800000 0.792666 2.294555 4.796716
 85.000000 0.700186 2.186718 3.381367
 85.200000 0.790395 2.265952 4.260644
 85.400000 0.741789 2.309854 1.790429
 85.600000 0.729756 2.196102 3.151859
 85.800000 0.777189 2.279575 3.181672
 86.000000 0.746011 2.243697 1.464484
 86.200000 0.729356 2.269730 0.487786
 86.400000 0.754293 2.276530 1.605946
 86.600000 0.675469 2.190446 3.336520
 86.800000 0.792202 2.258671 4.477172
 87.000000 0.692254 2.225315 0.968328
 87.200000 0.670821 2.319903 1.672187
 87.400000 0.675895 2.368288 5.183412
 87.600000 0.719669 2.242807 0.573072
 87.800000 0.899443 2.199732 22.657094
 88.000000 0.789900 2.276614 4.240261
 88.200000 0.707764 2.255780 0.132821
 88.400000 0.674331 2.296903 0.674544
 88.600000 0.790376 2.359277 8.336044
 88.800000 0.773952 2.162712 8.515257
 89.000000 0.704415 2.271614 0.023348
 89.200000 0.758467 2.390991 9.269868
 89.400000 0.703759 2.270914 0.017806
 89.600000 0.707940 2.184584 3.605084
 89.800000 0.725956 2.273682 0.398394
 90.000000 0.794929 2.277739 4.723688
 90.200000 0.748781 2.201655 3.545537
 90.400000 0.747240 2.222071 2.303595
 90.600000 0.641897 2.300474 2.078757
 90.800000 0.706599 2.291268 0.285397
 91.000000 0.702404 2.131196 9.494139
 91.200000 0.779640 2.218489 4.593836
 91.400000 0.719822 2.255517 0.325159
 91.600000 0.675369 2.160680 6.117849
 91.800000 0.728088 2.279099 0.500411
 92.000000 0.747012 2.291845 1.457246
 92.200000 0.656513 2.143844 8.689096
 92.400000 0.774860 2.259596 2.987138
 92.600000 0.843390 2.293547 10.853099
 92.800000 0.685541 2.275842 0.103161
 93.000000 0.699914 2.339181 2.469309
 93.200000 0.761833 2.289736 2.245397
 93.400000 0.764264 2.272434 2.192865
 93.600000 0.664684 2.252019 0.702356
 93.800000 0.716417 2.372185 5.498234
 94.000000 0.805271 2.361619 10.035240
 94.200000 0.760594 2.225731 2.883721
 94.400000 0.788195 2.396634 12.210081
 94.600000 0.787382 2.429281 16.839330
 94.800000 0.753451 2.278549 1.576390
 95.000000 0.791950 2.348792 7.590077
 95.200000 0.734179 2.350317 3.961791
 95.400000 0.800117 2.337100 7.524269
 95.600000 0.683931 2.271004 0.102992
 95.800000 0.741810 2.296574 1.336066
 96.000000 0.775515 2.356618 6.838844
 96.200000 0.718482 2.276184 0.233388
 96.400000 0.702326 2.304656 0.647035
 96.600000 0.860384 2.277158 13.196812
 96.800000 0.657319 2.298096 1.258225
 97.000000 0.674038 2.306931 1.012350
 97.200000 0.753226 2.262626 1.537543
 97.400000 0.790361 2.207799 6.121445
 97.600000 0.695303 2.296649 0.388228
 97.800000 0.719955 2.392584 7.883585
 98.000000 0.725338 2.307267 1.105040
 98.200000 0.740343 2.273898 0.903241
 98.400000 0.776109 2.311947 3.965505
 98.600000 0.769821 2.374941 8.189046
 98.800000 0.806836 2.303582 6.508792
 99.000000 0.754743 2.232777 2.255885
 99.200000 0.805497 2.274885 5.781448
 99.400000 0.822942 2.329709 9.635907
 99.600000 0.753750 2.301199 2.067428
 99.800000 0.714860 2.298570 0.579251
 100.000000 0.732450 2.347092 3.643694
 100.200000 0.798321 2.342901 7.754948
 100.400000 0.755053 2.189332 4.787744
 100.600000 0.749269 2.314791 2.359225
 100.800000 0.749528 2.375025 6.949074
 101.000000 0.649468 2.239466 1.618070
 101.200000 0.749827 2.246906 1.578671
 101.400000 0.791410 2.277373 4.386040
 101.600000 0.714793 2.296057 0.506803
 101.800000 0.735682 2.226571 1.602050
 102.000000 0.654496 2.281246 1.027883
 102.200000 0.770658 2.319549 3.911238
 102.400000 0.723373 2.340365 2.870204
 102.600000 0.870526 2.306095 15.550555
 102.800000 0.702500 2.278008 0.050767
 103.000000 0.722143 2.322828 1.740858
 103.200000 0.815348 2.293649 7.175420
 103.400000 0.813095 2.291776 6.869246
 103.600000 0.801158 2.313782 6.313106
 103.800000 0.681329 2.319994 1.445012
 104.000000 0.757793 2.272364 1.785627
 104.200000 0.742324 2.258570 1.030107
 104.400000 0.765021 2.338300 4.643372
 104.600000 0.788336 2.299463 4.534616
 104.800000 0.768343 2.274100 2.478175
 105.000000 0.744174 2.316251 2.179677
 105.200000 0.769468 2.208423 4.374872
 105.400000 0.773919 2.273781 2.883667
 105.600000 0.814734 2.263708 6.811645
 105.800000 0.766877 2.261710 2.389018
 106.000000 0.728065 2.336540 2.733684
 106.200000 0.780681 2.277086 3.440466
 106.400000 0.749807 2.340010 3.861505
 106.600000 0.789920 2.354749 7.895158
 106.800000 0.719095 2.282921 0.317623
 107.000000 0.712912 2.293177 0.403249
 107.200000 0.763842 2.277590 2.196429
 107.400000 0.728435 2.302304 1.016132
 107.600000 0.748497 2.341371 3.892314
 107.800000 0.770312 2.296779 2.992861
 108.000000 0.759193 2.265178 1.871254
 108.200000 0.839081 2.289044 10.135704
 108.400000 0.720082 2.330660 2.146319
 108.600000 0.720969 2.301658 0.796405
 108.800000 0.683011 2.291313 0.364863
 109.000000 0.676507 2.338822 2.676377
 109.200000 0.763815 2.289995 2.379094
 109.400000 0.773868 2.248983 3.066887
 109.600000 0.710900 2.291078 0.326819
 109.800000 0.682440 2.324595 1.672504
 110.000000 0.782106 2.281011 3.598838
 110.200000 0.713944 2.281095 0.199033
 110.400000 0.746726 2.247465 1.411044
 110.600000 0.711643 2.272709 0.098428
 110.800000 0.752378 2.251335 1.626093
 111.000000 0.763549 2.202720 4.331467
 111.200000 0.815999 2.301860 7.488611
 111.400000 0.838594 2.228449 10.684118
 111.600000 0.736633 2.161159 6.548304
 111.800000 0.730012 2.326660 2.174667
 112.000000 0.641677 2.250212 1.768688
 112.200000 0.746169 2.229570 1.928306
 112.400000 0.716130 2.245755 0.430467
 112.600000 0.695158 2.171142 4.785439
 112.800000 0.787613 2.284326 4.121983
 113.000000 0.627886 2.215853 3.875682
 113.200000 0.766963 2.314397 3.402573
 113.400000 0.726720 2.246545 0.659134
 113.600000 0.765594 2.244038 2.585353
 113.800000 0.828379 2.242665 8.827101
 114.000000 0.678300 2.378373 6.185784
 114.200000 0.678580 2.244933 0.479005
 114.400000 0.745685 2.244481 1.429477
 114.600000 0.769614 2.305385 3.219407
 114.800000 0.623074 2.213632 4.345651
 115.000000 0.805989 2.213663 7.343679
 115.200000 0.806144 2.187601 9.140404
 115.400000 0.660484 2.197550 3.256077
 115.600000 0.701904 2.286189 0.156085
 115.800000 0.706004 2.316078 1.142529
 116.000000 0.621722 2.304023 3.535058
 116.200000 0.737050 2.332278 2.763941
 116.400000 0.855894 2.257538 12.509260
 116.600000 0.722698 2.340189 2.840779
 116.800000 0.699566 2.263191 0.017485
 117.000000 0.700528 2.205236 2.031187
 117.200000 0.770982 2.216237 4.041750
 117.400000 0.767519 2.227144 3.280232
 117.600000 0.790271 2.308305 5.020137
 117.800000 0.704884 2.351788 3.455662
 118.000000 0.690656 2.350534 3.357673
 118.200000 0.782186 2.267745 3.533274
 118.400000 0.716237 2.274888 0.181653
 118.600000 0.740210 2.279069 0.936697
 118.800000 0.789735 2.315105 5.261767
 119.000000 0.808970 2.189950 9.261348
 119.200000 0.740366 2.264935 0.899819
 119.400000 0.705489 2.372881 5.430188
 119.600000 0.703893 2.285485 0.153673
 119.800000 0.632204 2.254195 2.281753
 120.000000 0.779028 2.281830 3.355308
 120.200000 0.712216 2.308976 0.901078
 120.400000 0.726652 2.212267 2.011965
 120.600000 0.816786 2.185825 10.492517
 120.800000 0.760080 2.214682 3.390132
 121.000000 0.678639 2.269606 0.190207
 121.200000 0.708707 2.237984 0.534696
 121.400000 0.729949 2.153996 7.110814
 121.600000 0.704840 2.232117 0.700015
 121.800000 0.691823 2.205375 2.039368
 122.000000 0.754048 2.230112 2.316667
 122.200000 0.771656 2.250476 2.873170
 122.400000 0.615634 2.228731 4.210813
 122.600000 0.623857 2.234059 3.366294
 122.800000 0.771270 2.252668 2.806813
 123.000000 0.705338 2.189136 3.209308
 123.200000 0.764943 2.246223 2.489628
 123.400000 0.768579 2.255586 2.570390
 123.600000 0.648745 2.242436 1.570455
 123.800000 0.730091 2.322509 1.946178
 124.000000 0.728924 2.275823 0.497840
 124.200000 0.749338 2.257171 1.380175
 124.400000 0.717583 2.263060 0.206394
 124.600000 0.673384 2.239214 0.747697
 124.800000 0.760617 2.333830 4.058317
 125.000000 0.677047 2.327044 1.910992
 125.200000 0.666131 2.320416 1.837553
 125.400000 0.769845 2.321915 3.975178
 125.600000 0.877128 2.300179 16.508163
 125.800000 0.760527 2.319762 3.238608
 126.000000 0.605032 2.355166 8.052239
 126.200000 0.772601 2.329123 4.584577
 126.400000 0.817866 2.330997 9.094446
 126.600000 0.717449 2.248770 0.389759
 126.800000 0.731500 2.266218 0.560408
 127.000000 0.786061 2.286706 4.023776
 127.200000 0.712557 2.259695 0.146676
 127.400000 0.748492 2.254180 1.376818
 127.600000 0.742825 2.302507 1.562524
 127.800000 0.748312 2.230011 2.016281
 128.000000 0.678137 2.244422 0.500172
 128.200000 0.684003 2.363388 4.561154
 128.400000 0.732954 2.235858 1.153121
 128.600000 0.776117 2.234911 3.619434
 128.800000 0.761441 2.237024 2.512983
 129.000000 0.784104 2.244593 3.991701
 129.200000 0.708631 2.205796 2.047910
 129.400000 0.789381 2.273882 4.175472
 129.600000 0.769570 2.289092 2.755035
 129.800000 0.782001 2.259269 3.563637
 130.000000 0.740757 2.265292 0.915053
 130.200000 0.751423 2.307312 2.156627
 130.400000 0.756788 2.319390 2.993470
 130.600000 0.686155 2.282317 0.161352
 130.800000 0.687664 2.300135 0.541711
 131.000000 0.742740 2.289679 1.210241
 131.200000 0.697946 2.229992 0.758032
 131.400000 0.685270 2.219764 1.291264
 131.600000 0.703786 2.276864 0.047473
 131.800000 0.810961 2.233506 6.992602
 132.000000 0.739302 2.205039 2.888427
 132.200000 0.687081 2.228843 0.864455
 132.400000 0.739892 2.266198 0.875700
 132.600000 0.706031 2.205402 2.048995
 132.800000 0.695154 2.229155 0.795388
 133.000000 0.820886 2.279716 7.592495
 133.200000 0.717602 2.242882 0.528749
 133.400000 0.746219 2.218077 2.449098
 133.600000 0.756643 2.363100 6.145968
 133.800000 0.686921 2.259224 0.109924
 134.000000 0.733118 2.258931 0.661978
 134.200000 0.730562 2.235160 1.096025
 134.400000 0.657872 2.211821 2.441017
 134.600000 0.778784 2.252893 3.380933
 134.800000 0.790339 2.205734 6.247852
 135.000000 0.667282 2.217870 1.779333
 135.200000 0.786622 2.227812 4.760553
 135.400000 0.780334 2.216200 4.768743
 135.600000 0.602228 2.241555 4.973433
 135.800000 0.676385 2.249643 0.422411
 136.000000 0.727721 2.258774 0.489322
 136.200000 0.661431 2.191925 3.638232
 136.400000 0.670066 2.230864 1.118273
 136.600000 0.787750 2.277313 4.050887
 136.800000 0.789937 2.167918 9.315674
 137.000000 0.761654 2.151506 8.911547
 137.200000 0.689072 2.277174 0.075035
 137.400000 0.734121 2.216783 2.007166
 137.600000 0.742059 2.236726 1.483298
 137.800000 0.791431 2.248814 4.554635
 138.000000 0.639478 2.276135 1.746129
 138.200000 0.719926 2.345526 3.171094
 138.400000 0.788659 2.286913 4.259348
 138.600000 0.788621 2.194912 6.833328
 138.800000 0.751428 2.296784 1.808234
 139.000000 0.714911 2.316656 1.279750
 139.200000 0.709908 2.256121 0.151350
 139.400000 0.741458 2.225755 1.870546
 139.600000 0.784013 2.224029 4.695779
 139.800000 0.745817 2.227551 1.992978
 140.000000 0.717577 2.334928 2.367042
 140.200000 0.706966 2.375060 5.671018
 140.400000 0.720333 2.206433 2.199266
 140.600000 0.711396 2.298537 0.526319
 140.800000 0.766471 2.320102 3.644539
 141.000000 0.620864 2.303699 3.589670
 141.200000 0.726810 2.173917 4.924797
 141.400000 0.723166 2.280524 0.380592
 141.600000 0.731418 2.163389 6.123276
 141.800000 0.716967 2.219568 1.395603
 142.000000 0.776926 2.231776 3.794430
 142.200000 0.716433 2.268479 0.167563
 142.400000 0.814033 2.343756 9.516192
 142.600000 0.633471 2.278584 2.137128
 142.800000 0.726630 2.334846 2.578660
 143.000000 0.772856 2.326215 4.432753
 143.200000 0.651317 2.202533 3.299935
 143.400000 0.693383 2.222863 1.072281
 143.600000 0.715842 2.255778 0.243290
 143.800000 0.722378 2.212388 1.892321
 144.000000 0.755713 2.202563 3.859915
 144.200000 0.800836 2.306066 5.963756
 144.400000 0.769414 2.247551 2.769049
 144.600000 0.655709 2.288322 1.087898
 144.800000 0.803450 2.362650 9.937893
 145.000000 0.673018 2.315545 1.401925
 145.200000 0.734757 2.237695 1.158458
 145.400000 0.820904 2.360848 11.761132
 145.600000 0.728305 2.285179 0.587268
 145.800000 0.755757 2.288350 1.848954
 146.000000 0.795853 2.338178 7.172498
 146.200000 0.799677 2.251989 5.299171
 146.400000 0.800582 2.345347 8.167909
 146.600000 0.692415 2.292537 0.295026
 146.800000 0.695395 2.307511 0.748081
 147.000000 0.785750 2.283318 3.942042
 147.200000 0.696348 2.255957 0.085717
 147.400000 0.723580 2.356598 4.166804
 147.600000 0.761925 2.281473 2.113470
 147.800000 0.738401 2.244297 1.114166
 148.000000 0.771302 2.230498 3.415423
 148.200000 0.707896 2.240275 0.458161
 148.400000 0.707735 2.305086 0.699809
 148.600000 0.706608 2.164622 5.475755
 148.800000 0.741451 2.226839 1.824033
 149.000000 0.694969 2.337296 2.342121
 149.200000 0.748608 2.249913 1.454708
 149.400000 0.699391 2.200864 2.317151
 149.600000 0.722982 2.247750 0.533033
 149.800000 0.699049 2.287162 0.166664
 150.000000 0.673627 2.250742 0.465619
 150.200000 0.652710 2.324322 2.565810
 150.400000 0.765996 2.195978 4.963573
 150.600000 0.686765 2.191746 3.043125
 150.800000 0.815047 2.210557 8.538162
 151.000000 0.737167 2.285382 0.897233
 151.200000 0.797648 2.187996 8.226702
 151.400000 0.627132 2.182246 6.277342
 151.600000 0.787874 2.234788 4.609591
 151.800000 0.710560 2.170412 4.929925
 152.000000 0.730238 2.176728 4.765834
 152.200000 0.749133 2.264849 1.308864
 152.400000 0.709607 2.302056 0.614567
 152.600000 0.667437 2.310709 1.343896
 152.800000 0.788841 2.279829 4.173509
 153.000000 0.740233 2.310001 1.729728
 153.200000 0.753030 2.271776 1.510964
 153.400000 0.664629 2.232371 1.229437
 153.600000 0.650018 2.313546 2.152876
 153.800000 0.756678 2.295669 2.071358
 154.000000 0.710185 2.217129 1.414222
 154.200000 0.762940 2.289203 2.305628
 154.400000 0.722964 2.385558 7.109564
 154.600000 0.733691 2.276505 0.660926
 154.800000 0.753102 2.280049 1.572683
 155.000000 0.733344 2.341624 3.262327
 155.200000 0.714222 2.235323 0.694100
 155.400000 0.831638 2.206269 10.875097
 155.600000 0.800582 2.312265 6.187064
 155.800000 0.696408 2.215377 1.435334
 156.000000 0.722188 2.235079 0.862215
 156.200000 0.752174 2.326791 3.134317
 156.400000 0.717871 2.306485 0.900060
 156.600000 0.716470 2.249434 0.358141
 156.800000 0.783684 2.390916 11.100082
 157.000000 0.772725 2.315355 3.859815
 157.200000 0.749725 2.303328 1.922599
 157.400000 0.742433 2.268052 0.981683
 157.600000 0.797717 2.264408 4.968877
 157.800000 0.772282 2.187541 6.061076
 158.000000 0.702674 2.317965 1.212615
 158.200000 0.772609 2.281946 2.858133
 158.400000 0.692400 2.245040 0.301737
 158.600000 0.769491 2.273232 2.555312
 158.800000 0.656950 2.301645 1.383171
 159.000000 0.750145 2.264523 1.362371
 159.200000 0.765145 2.273813 2.257297
 159.400000 0.800247 2.309572 6.039713
 159.600000 0.740236 2.198224 3.385929
 159.800000 0.781092 2.261351 3.469874
 160.000000 0.719393 2.303513 0.824055
 160.200000 0.659767 2.284400 0.855602
 160.400000 0.752691 2.217610 2.805128
 160.600000 0.749018 2.357003 5.173340
 160.800000 0.618311 2.302522 3.749919
 161.000000 0.729482 2.292692 0.773782
 161.200000 0.829278 2.292769 8.883890
 161.400000 0.754845 2.249194 1.802906
 161.600000 0.683601 2.203347 2.256032
 161.800000 0.735873 2.308203 1.483464
 162.000000 0.733333 2.241003 1.009460
 162.200000 0.687496 2.218257 1.340324
 162.400000 0.790208 2.227669 5.090169
 162.600000 0.732272 2.295614 0.938844
 162.800000 0.758929 2.264786 1.856711
 163.000000 0.683262 2.270436 0.111698
 163.200000 0.737757 2.316717 1.926966
 163.400000 0.764033 2.275725 2.194604
 163.600000 0.711792 2.295253 0.439799
 163.800000 0.728265 2.321366 1.828892
 164.000000 0.788975 2.278343 4.170601
 164.200000 0.756571 2.228433 2.527481
 164.400000 0.756248 2.230610 2.422902
 164.600000 0.758753 2.284938 1.965656
 164.800000 0.708119 2.260167 0.088249
 165.000000 0.671564 2.206799 2.282933
 165.200000 0.792415 2.265196 4.451666
 165.400000 0.759951 2.245701 2.180555
 165.600000 0.737218 2.239957 1.183552
 165.800000 0.737930 2.259941 0.832325
 166.000000 0.752041 2.226946 2.334364
 166.200000 0.713744 2.240542 0.524753
 166.400000 0.637803 2.236971 2.330425
 166.600000 0.753350 2.333573 3.613988
 166.800000 0.760875 2.289718 2.184465
 167.000000 0.805224 2.224582 6.717662
 167.200000 0.824319 2.378149 13.926262
 167.400000 0.724596 2.298859 0.798106
 167.600000 0.681542 2.268120 0.137929
 167.800000 0.702125 2.317176 1.171921
 168.000000 0.781359 2.310506 4.327740
 168.200000 0.816980 2.297105 7.459408
 168.400000 0.714747 2.236019 0.679558
 168.600000 0.852586 2.354057 15.551472
 168.800000 0.791177 2.376100 10.071601
 169.000000 0.696029 2.242800 0.343537
 169.200000 0.750657 2.311478 2.284725
 169.400000 0.819501 2.311360 8.265444
 169.600000 0.764642 2.286984 2.374847
 169.800000 0.698627 2.286501 0.154529
 170.000000 0.688420 2.306328 0.746526
 170.200000 0.748692 2.328075 3.027346
 170.400000 0.674921 2.284071 0.384026
 170.600000 0.722361 2.282248 0.382248
 170.800000 0.847750 2.353661 14.782638
 171.000000 0.738846 2.267681 0.829586
 171.200000 0.685933 2.276941 0.106513
 171.400000 0.778991 2.263320 3.284838
 171.600000 0.838015 2.285934 9.928335
 171.800000 0.705527 2.231643 0.722436
 172.000000 0.694093 2.322457 1.440839
 172.200000 0.719914 2.375503 5.916324
 172.400000 0.729214 2.225898 1.408841
 172.600000 0.780294 2.242853 3.715246
 172.800000 0.765526 2.371421 7.523358
 173.000000 0.743132 2.248313 1.224998
 173.200000 0.800731 2.269119 5.263306
 173.400000 0.809474 2.252971 6.325868
 173.600000 0.784407 2.337778 6.091896
 173.800000 0.734851 2.266901 0.676221
 174.000000 0.748471 2.372667 6.647931
 174.200000 0.746047 2.358979 5.202504
 174.400000 0.698550 2.229545 0.775600
 174.600000 0.800778 2.290634 5.503669
 174.800000 0.718695 2.342724 2.934316
 175.000000 0.672580 2.254355 0.432627
 175.200000 0.664469 2.212411 2.163704
 175.400000 0.828996 2.362609 12.950713
 175.600000 0.759602 2.272095 1.894320
 175.800000 0.681128 2.136660 8.892026
 176.000000 0.701804 2.407492 9.606700
 176.200000 0.736182 2.220674 1.888129
 176.400000 0.592315 2.241602 5.971928
 176.600000 0.698030 2.256965 0.071556
 176.800000 0.793875 2.281328 4.660234
 177.000000 0.775171 2.149349 10.117064
 177.200000 0.685847 2.214633 1.549412
 177.400000 0.664131 2.291213 0.826342
 177.600000 0.677946 2.257914 0.264383
 177.800000 0.776688 2.194084 5.886359
 178.000000 0.763600 2.273784 2.154844
 178.200000 0.663948 2.217006 1.932245
 178.400000 0.679830 2.164438 5.626507
 178.600000 0.741761 2.311095 1.840816
 178.800000 0.702129 2.312570 0.960289
 179.000000 0.684595 2.242000 0.454196
 179.200000 0.759871 2.202127 4.137065
 179.400000 0.895558 2.295073 19.830334
 179.600000 0.725931 2.234583 0.976166
 179.800000 0.702887 2.303526 0.609831
 180.000000 0.660065 2.332237 2.728568
 180.200000 0.691800 2.334359 2.160657
 180.400000 0.818967 2.258456 7.355380
 180.600000 0.734259 2.332605 2.679975
 180.800000 0.747856 2.244361 1.538024
 181.000000 0.807604 2.288701 6.187584
 181.200000 0.739145 2.222501 1.918803
 181.400000 0.691373 2.320863 1.371450
 181.600000 0.706411 2.219376 1.262000
 181.800000 0.708314 2.234090 0.658674
 182.000000 0.819844 2.249335 7.598932
 182.200000 0.759962 2.288684 2.106644
 182.400000 0.771450 2.237271 3.188865
 182.600000 0.742393 2.286940 1.141764
 182.800000 0.695380 2.285712 0.144640
 183.000000 0.745345 2.337961 3.497377
 183.200000 0.756953 2.260520 1.765315
 183.400000 0.783754 2.310344 4.523231
 183.600000 0.750864 2.340082 3.921778
 183.800000 0.799593 2.260374 5.183816
 184.000000 0.723631 2.269845 0.325519
 184.200000 0.759405 2.270496 1.878438
 184.400000 0.705121 2.245510 0.298633
 184.600000 0.683260 2.234023 0.719748
 184.800000 0.716341 2.312912 1.133081
 185.000000 0.752641 2.277460 1.522023
 185.200000 0.696999 2.235313 0.565639
 185.400000 0.766261 2.291898 2.584618
 185.600000 0.756396 2.292752 1.981161
 185.800000 0.756894 2.211089 3.399141
 186.000000 0.771907 2.279197 2.774103
 186.200000 0.748404 2.305144 1.919430
 186.400000 0.743813 2.215442 2.473736
 186.600000 0.711134 2.288037 0.267102
 186.800000 0.738788 2.259830 0.867835
 187.000000 0.660623 2.228082 1.537639
 187.200000 0.710799 2.258985 0.129667
 187.400000 0.750676 2.215114 2.828402
 187.600000 0.789999 2.198205 6.720693
 187.800000 0.653041 2.267124 1.018234
 188.000000 0.763138 2.325318 3.702870
 188.200000 0.784933 2.258043 3.826500
 188.400000 0.667647 2.314681 1.511295
 188.600000 0.711210 2.444930 15.573921
 188.800000 0.753395 2.238239 1.997903
 189.000000 0.764276 2.264780 2.196128
 189.200000 0.828618 2.352126 11.974314
 189.400000 0.671464 2.266919 0.357603
 189.600000 0.608422 2.224164 5.025817
 189.800000 0.739546 2.178491 4.946940
 190.000000 0.784594 2.284885 3.865186
 190.200000 0.740374 2.238771 1.346943
 190.400000 0.708518 2.188251 3.308311
 190.600000 0.720115 2.229177 1.031722
 190.800000 0.761550 2.240287 2.421078
 191.000000 0.731956 2.155879 6.962034
 191.200000 0.684987 2.163980 5.593475
 191.400000 0.819845 2.230714 8.137180
 191.600000 0.657495 2.186077 4.257804
 191.800000 0.688833 2.218546 1.312434
 192.000000 0.695487 2.242160 0.361762
 192.200000 0.696624 2.236323 0.532688
 192.400000 0.713671 2.215022 1.573646
 192.600000 0.704785 2.244681 0.316085
 192.800000 0.687023 2.380436 6.278722
 193.000000 0.680328 2.250745 0.323800
 193.200000 0.776834 2.239303 3.535873
 193.400000 0.744215 2.305032 1.713587
 193.600000 0.676298 2.211926 1.862955
 193.800000 0.751949 2.261467 1.475987
 194.000000 0.748207 2.302641 1.822015
 194.200000 0.774279 2.198224 5.398719
 194.400000 0.695569 2.229788 0.769260
 194.600000 0.662409 2.315798 1.736443
 194.800000 0.704863 2.306732 0.737221
 195.000000 0.708651 2.215039 1.507338
 195.200000 0.791877 2.238769 4.848901
 195.400000 0.812169 2.321886 7.904547
 195.600000 0.670333 2.162254 6.076112
 195.800000 0.764105 2.309917 3.016284
 196.000000 0.747469 2.354321 4.863081
 196.200000 0.765237 2.160827 8.094476
 196.400000 0.812074 2.284828 6.617793
 196.600000 0.765355 2.257371 2.326250
 196.800000 0.689229 2.306971 0.763280
 197.000000 0.708795 2.301384 0.583560
 197.200000 0.777934 2.289163 3.388918
 197.400000 0.779585 2.278602 3.364082
 197.600000 0.820979 2.260374 7.582371
 197.800000 0.781630 2.334121 5.611029
 198.000000 0.739337 2.321040 2.206748
 198.200000 0.710698 2.250383 0.250921
 198.400000 0.770477 2.264947 2.624872
 198.600000 0.714144 2.379913 6.287029
 198.800000 0.698085 2.295401 0.350406
 199.000000 0.757052 2.259706 1.778307
 199.200000 0.783694 2.272635 3.667312
 199.400000 0.779929 2.266150 3.349225
 199.600000 0.759331 2.353635 5.460323
 199.800000 0.763750 2.302745 2.724686
 200.000000 0.737656 2.307569 1.527649
