#! FIELDS time phi psi restraint.bias
#! SET min_phi -pi
#! SET max_phi pi
#! SET min_psi -pi
#! SET max_psi pi
 0.000000 0.921489 0.661515 119.447906
 0.200000 1.281126 1.002176 2.777372
 0.400000 1.249765 1.002047 1.412264
 0.600000 1.179166 0.990829 2.494569
 0.800000 1.139545 1.012662 3.973611
 1.000000 1.153367 1.060870 2.430239
 1.200000 1.230820 1.109376 1.974379
 1.400000 1.171858 1.081140 1.819677
 1.600000 1.096515 1.023128 8.129090
 1.800000 1.055371 0.966603 17.085467
 2.000000 1.187585 1.023355 0.867181
 2.200000 1.253487 1.045239 0.506141
 2.400000 1.219571 0.969621 3.011374
 2.600000 1.114039 1.060249 5.883946
 2.800000 1.111627 1.026102 6.283870
 3.000000 1.151712 0.957873 6.440743
 3.200000 1.141569 1.070248 3.478594
 3.400000 1.174658 1.165024 8.049408
 3.600000 1.196927 1.091562 1.291710
 3.800000 1.255880 1.078290 1.066454
 4.000000 1.191445 0.972012 3.285055
 4.200000 1.179127 0.984763 2.856551
 4.400000 1.211442 1.024666 0.306773
 4.600000 1.163455 0.912034 10.832639
 4.800000 1.197929 1.004472 1.195974
 5.000000 1.242593 0.950887 4.855465
 5.200000 1.144244 1.017449 3.444557
 5.400000 1.177738 1.027407 1.163479
 5.600000 1.125218 1.055377 4.690797
 5.800000 1.185507 1.036479 0.713514
 6.000000 1.207053 1.071590 0.405208
 6.200000 1.238306 1.034929 0.212637
 6.400000 1.074262 1.018131 11.295879
 6.600000 1.240376 0.955231 4.402739
 6.800000 1.221304 0.902604 10.453809
 7.000000 1.179524 0.893848 12.648673
 7.200000 1.151609 0.944490 7.732903
 7.400000 1.206821 1.105714 1.823212
 7.600000 1.214414 1.037836 0.070585
 7.800000 1.103844 1.028766 7.118423
 8.000000 1.189319 1.003390 1.484788
 8.200000 1.168374 1.042546 1.434251
 8.400000 1.291518 1.027667 2.625835
 8.600000 1.173182 0.978691 3.525060
 8.800000 1.207614 0.956498 4.212793
 9.000000 1.188916 1.022221 0.850307
 9.200000 1.197323 0.998836 1.467283
 9.400000 1.161430 0.994194 3.222757
 9.600000 1.221899 0.972631 2.780090
 9.800000 1.176361 0.990645 2.628322
 10.000000 1.261458 0.956673 4.886454
 10.200000 1.098911 0.972798 10.309969
 10.400000 1.162924 1.040814 1.749450
 10.600000 1.226268 1.103306 1.584385
 10.800000 1.156574 1.092438 3.146044
 11.000000 1.202574 0.984546 2.146067
 11.200000 1.094987 0.990410 9.644321
 11.400000 1.301224 1.051713 3.169813
 11.600000 1.157617 1.055315 2.088223
 11.800000 1.215603 0.990335 1.635465
 12.000000 1.183581 0.986764 2.553793
 12.200000 1.157041 0.915229 10.800183
 12.400000 1.175394 1.043750 1.079477
 12.600000 1.205260 1.064640 0.287751
 12.800000 1.238517 1.082701 0.771130
 13.000000 1.112117 1.018917 6.407454
 13.200000 1.229378 0.998418 1.218941
 13.400000 1.185375 0.970933 3.568988
 13.600000 1.162012 0.913428 10.730293
 13.800000 1.181878 0.950403 5.478660
 14.000000 1.287366 1.047291 2.154025
 14.200000 1.130343 1.099189 5.527414
 14.400000 1.131798 1.089871 4.954402
 14.600000 1.134741 0.985414 5.692212
 14.800000 1.274811 1.013415 1.979391
 15.000000 1.214931 1.101897 1.519136
 15.200000 1.087344 1.099463 10.395700
 15.400000 1.091663 1.044194 8.463302
 15.600000 1.238876 0.988639 1.861522
 15.800000 1.252634 0.942617 5.946014
 16.000000 1.164167 0.965737 4.974732
 16.200000 1.163376 0.963772 5.182491
 16.400000 1.223964 0.959614 3.837913
 16.600000 1.220123 0.970108 2.972691
 16.800000 1.178215 1.007578 1.731635
 17.000000 1.147398 0.993670 4.195313
 17.200000 1.276552 1.026084 1.725561
 17.400000 1.218698 1.039287 0.035883
 17.600000 1.128574 1.058651 4.404648
 17.800000 1.158021 1.054480 2.055983
 18.000000 1.171608 1.037755 1.300716
 18.200000 1.256978 0.982513 2.713232
 18.400000 1.118748 0.971393 8.175850
 18.600000 1.205808 1.058666 0.192520
 18.800000 1.220278 1.005300 0.878738
 19.000000 1.193849 0.962472 3.977924
 19.200000 1.185034 1.017552 1.112749
 19.400000 1.210029 0.959453 3.917994
 19.600000 1.201160 0.975569 2.776913
 19.800000 1.240601 1.048916 0.179519
 20.000000 1.086388 1.075499 9.559244
 20.200000 1.219072 1.088917 0.873799
 20.400000 1.236725 0.991585 1.658810
 20.600000 1.166425 0.888714 14.087817
 20.800000 1.183565 1.030260 0.871750
 21.000000 1.189557 1.027087 0.719773
 21.200000 1.219417 0.984896 1.943448
 21.400000 1.225855 0.882298 13.604497
 21.600000 1.177202 0.908888 10.556163
 21.800000 1.212916 0.996278 1.335261
 22.000000 1.194922 1.079910 0.894403
 22.200000 1.209220 1.034911 0.153743
 22.400000 1.199109 0.985188 2.178444
 22.600000 1.179686 1.012691 1.479227
 22.800000 1.160767 1.021673 2.184032
 23.000000 1.241093 1.018093 0.610996
 23.200000 1.250020 0.984842 2.344271
 23.400000 1.220313 1.011877 0.624789
 23.600000 1.129573 0.988321 5.979729
 23.800000 1.106895 0.963753 10.075084
 24.000000 1.221787 0.950493 4.675852
 24.200000 1.222450 1.036784 0.054479
 24.400000 1.179967 1.079732 1.401335
 24.600000 1.119148 1.111079 7.301975
 24.800000 1.183080 1.092751 1.784506
 25.000000 1.173387 1.017190 1.618787
 25.200000 1.145540 1.032477 3.010841
 25.400000 1.120942 1.060261 5.164493
 25.600000 1.194919 1.089892 1.270832
 25.800000 1.242564 1.006139 1.059937
 26.000000 1.202189 0.902567 10.650000
 26.200000 1.231758 0.967855 3.197915
 26.400000 1.141305 1.001150 4.294348
 26.600000 1.170957 0.989501 2.953430
 26.800000 1.162151 1.024824 2.025161
 27.000000 1.183365 0.994015 2.150124
 27.200000 1.238479 1.059971 0.221828
 27.400000 1.139515 1.034168 3.464616
 27.600000 1.155966 1.047935 2.162737
 27.800000 1.206043 1.057291 0.173994
 28.000000 1.213907 0.999945 1.146984
 28.200000 1.175419 0.967839 4.221247
 28.400000 1.140255 0.972091 6.139642
 28.600000 1.117186 0.983639 7.484614
 28.800000 1.156810 1.020822 2.455156
 29.000000 1.153766 1.016112 2.792710
 29.200000 1.156571 1.045715 2.124002
 29.400000 1.184130 1.141809 5.182593
 29.600000 1.170844 1.036046 1.356887
 29.800000 1.199134 1.015557 0.755862
 30.000000 1.218042 1.033611 0.099104
 30.200000 1.139699 0.970303 6.320951
 30.400000 1.162786 0.937637 7.738961
 30.600000 1.264879 0.946746 5.976183
 30.800000 1.256170 0.949484 5.367039
 31.000000 1.167853 0.935906 7.644310
 31.200000 1.236359 0.957844 4.099057
 31.400000 1.186519 0.973355 3.346292
 31.600000 1.228892 1.038015 0.067805
 31.800000 1.141239 1.096043 4.432416
 32.000000 1.175661 1.004559 1.970234
 32.200000 1.193381 0.979998 2.659712
 32.400000 1.230247 1.016222 0.515993
 32.600000 1.209709 1.048757 0.073475
 32.800000 1.158760 0.968705 5.063188
 33.000000 1.169801 0.966739 4.585079
 33.200000 1.194290 1.004435 1.290794
 33.400000 1.223118 0.969844 2.992786
 33.600000 1.196496 0.985359 2.230410
 33.800000 1.120865 0.970090 8.059747
 34.000000 1.225600 1.107921 1.851158
 34.200000 1.258778 1.042325 0.698135
 34.400000 1.150921 0.944609 7.769140
 34.600000 1.208483 1.085222 0.810666
 34.800000 1.226435 1.075416 0.409198
 35.000000 1.098104 1.009151 8.365493
 35.200000 1.182580 0.966944 3.986684
 35.400000 1.132770 0.963981 7.419437
 35.600000 1.260851 0.994557 2.150699
 35.800000 1.202978 1.041507 0.192011
 36.000000 1.158605 1.028173 2.173348
 36.200000 1.146400 1.053269 2.855791
 36.400000 1.189087 1.075112 0.922408
 36.600000 1.152643 1.047806 2.386692
 36.800000 1.144117 1.012837 3.602219
 37.000000 1.115626 1.026683 5.839493
 37.200000 1.196607 1.005932 1.167023
 37.400000 1.245374 1.006567 1.104930
 37.600000 1.264636 0.979693 3.198871
 37.800000 1.239735 0.964673 3.567267
 38.000000 1.247039 1.035169 0.392600
 38.200000 1.166107 1.043111 1.555348
 38.400000 1.071077 1.022062 11.664181
 38.600000 1.239918 1.051267 0.173675
 38.800000 1.240094 1.039507 0.198175
 39.000000 1.164947 1.085969 2.363769
 39.200000 1.129452 0.976873 6.730469
 39.400000 1.129964 1.000630 5.294813
 39.600000 1.234666 0.963962 3.547707
 39.800000 1.203179 0.997596 1.402209
 40.000000 1.231431 1.039804 0.074382
 40.200000 1.111724 0.944956 11.277380
 40.400000 1.203964 0.941595 5.733741
 40.600000 1.247918 1.027799 0.531037
 40.800000 1.218985 1.005848 0.858661
 41.000000 1.129355 1.076137 4.685417
 41.200000 1.176292 1.070549 1.304976
 41.400000 1.116357 1.011626 6.184421
 41.600000 1.179773 0.975608 3.442766
 41.800000 1.301677 0.951784 7.747652
 42.000000 1.155739 0.971938 5.009406
 42.200000 1.152654 1.018607 2.794491
 42.400000 1.160791 1.027833 2.044307
 42.600000 1.252961 1.022435 0.794278
 42.800000 1.090942 0.937234 14.598810
 43.000000 1.122077 1.044156 4.970079
 43.200000 1.220730 1.109203 1.922835
 43.400000 1.197305 1.086868 1.085175
 43.600000 1.139802 1.054847 3.385390
 43.800000 1.025283 1.096838 20.527817
 44.000000 1.128103 1.095660 5.557319
 44.200000 1.243286 1.105409 1.926611
 44.400000 1.166019 1.001711 2.586403
 44.600000 1.086343 0.911132 18.421745
 44.800000 1.261009 1.064067 0.913694
 45.000000 1.196942 1.098571 1.626839
 45.200000 1.135324 1.075743 4.140496
 45.400000 1.114343 1.012843 6.356154
 45.600000 1.125519 0.962714 8.197049
 45.800000 1.237790 1.015458 0.632651
 46.000000 1.232637 1.065444 0.225945
 46.200000 1.075349 1.092216 11.727097
 46.400000 1.181373 1.085930 1.564464
 46.600000 1.182923 1.033068 0.852815
 46.800000 1.218951 0.968843 3.073568
 47.000000 1.173790 1.016395 1.623531
 47.200000 1.155298 1.026068 2.429837
 47.400000 1.194535 1.002398 1.373302
 47.600000 1.115562 0.982201 7.748154
 47.800000 1.245410 1.030781 0.415116
 48.000000 1.177314 1.002370 1.991179
 48.200000 1.192284 0.940497 6.126024
 48.400000 1.183668 1.110933 2.755483
 48.600000 1.154595 1.032432 2.362614
 48.800000 1.200198 1.025546 0.466203
 49.000000 1.143787 1.021684 3.363082
 49.200000 1.170411 1.013709 1.877558
 49.400000 1.233950 0.994132 1.482609
 49.600000 1.191041 0.968208 3.590564
 49.800000 1.203917 0.965388 3.505036
 50.000000 1.154554 0.971660 5.109277
 50.200000 1.286585 1.001419 3.150927
 50.400000 1.223835 0.940423 5.702609
 50.600000 1.162325 0.932236 8.372587
 50.800000 1.114433 0.991364 7.315027
 51.000000 1.263127 1.053483 0.876589
 51.200000 1.189325 0.988463 2.249961
 51.400000 1.136441 0.989336 5.311160
 51.600000 1.156008 1.031623 2.281004
 51.800000 1.105608 1.050390 6.747271
 52.000000 1.209992 1.112176 2.179996
 52.200000 1.153251 1.072509 2.665075
 52.400000 1.178688 1.033252 1.023561
 52.600000 1.145300 1.102448 4.447131
 52.800000 1.148908 1.058293 2.713112
 53.000000 1.150267 0.999757 3.678832
 53.200000 1.166756 1.012653 2.107745
 53.400000 1.123983 1.056907 4.824391
 53.600000 1.200229 1.063730 0.367824
 53.800000 1.206939 1.058550 0.173835
 54.000000 1.167436 1.045561 1.475269
 54.200000 1.209295 0.979999 2.335134
 54.400000 1.157462 0.954245 6.385289
 54.600000 1.192441 1.031562 0.551164
 54.800000 1.189678 1.081467 1.100871
 55.000000 1.175604 0.966649 4.307907
 55.200000 1.203494 0.875701 14.871851
 55.400000 1.227305 0.943228 5.420415
 55.600000 1.195090 1.034748 0.432352
 55.800000 1.210588 0.979201 2.373846
 56.000000 1.211396 0.952278 4.558246
 56.200000 1.173712 1.049514 1.155563
 56.400000 1.180578 1.040317 0.870425
 56.600000 1.148864 1.024401 2.914574
 56.800000 1.141762 1.038313 3.236934
 57.000000 1.225817 0.976366 2.516899
 57.200000 1.256781 0.977984 3.009546
 57.400000 1.254154 0.966503 3.781415
 57.600000 1.136257 0.914881 12.406728
 57.800000 1.131403 0.953270 8.490764
 58.000000 1.160268 1.056881 1.935683
 58.200000 1.247887 0.984990 2.276987
 58.400000 1.273285 1.023805 1.602525
 58.600000 1.160577 1.069358 2.115414
 58.800000 1.182939 1.044772 0.755312
 59.000000 1.204164 1.083399 0.809560
 59.200000 1.180134 0.968398 3.969813
 59.400000 1.096120 0.971733 10.736422
 59.600000 1.178439 0.927019 8.158553
 59.800000 1.229306 0.914101 8.886003
 60.000000 1.226231 0.947385 4.991397
 60.200000 1.164056 0.985678 3.555513
 60.400000 1.185812 0.942178 6.159600
 60.600000 1.260630 1.072392 1.073980
 60.800000 1.200630 1.095344 1.381668
 61.000000 1.148415 0.968800 5.760693
 61.200000 1.286154 1.006108 2.919407
 61.400000 1.206959 0.990726 1.703616
 61.600000 1.156702 0.926804 9.361577
 61.800000 1.275659 0.984105 3.444492
 62.000000 1.244327 0.940343 5.964225
 62.200000 1.115186 0.994679 7.054985
 62.400000 1.166848 1.038093 1.547490
 62.600000 1.206934 1.081291 0.690665
 62.800000 1.205837 0.996457 1.413610
 63.000000 1.186584 1.021740 0.941667
 63.200000 1.222544 1.094657 1.126543
 63.400000 1.110821 1.033452 6.244911
 63.600000 1.153092 0.983172 4.405249
 63.800000 1.299582 0.952166 7.545911
 64.000000 1.164983 1.079303 2.125530
 64.200000 1.067281 0.994086 13.337741
 64.400000 1.158209 1.068177 2.237564
 64.600000 1.202307 0.977975 2.584537
 64.800000 1.194848 1.027977 0.546045
 65.000000 1.181982 1.055714 0.826230
 65.200000 1.154996 1.056228 2.267503
 65.400000 1.153281 1.014909 2.863942
 65.600000 1.201558 1.041651 0.218850
 65.800000 1.094990 1.046530 8.031787
 66.000000 1.145104 1.050935 2.942756
 66.200000 1.221669 1.026978 0.204426
 66.400000 1.205429 1.020030 0.501920
 66.600000 1.120146 1.008748 5.898935
 66.800000 1.103037 1.062932 7.167803
 67.000000 1.116825 1.106114 7.238192
 67.200000 1.255082 1.040722 0.577134
 67.400000 1.155193 1.015730 2.708738
 67.600000 1.165613 1.018942 1.973775
 67.800000 1.204039 0.989081 1.845285
 68.000000 1.131465 1.042746 4.083806
 68.200000 1.218628 1.025844 0.232797
 68.400000 1.189391 1.026679 0.733428
 68.600000 1.202399 0.981278 2.359535
 68.800000 1.147501 1.011125 3.405598
 69.000000 1.238474 0.949409 4.921514
 69.200000 1.152496 0.959653 6.228734
 69.400000 1.179651 1.031967 1.001350
 69.600000 1.126667 1.012559 5.118400
 69.800000 1.170716 0.980452 3.528717
 70.000000 1.256539 0.944934 5.834682
 70.200000 1.171926 1.024607 1.495431
 70.400000 1.226440 1.046740 0.011194
 70.600000 1.154574 0.971689 5.105804
 70.800000 1.237553 0.996680 1.401207
 71.000000 1.129333 1.051360 4.277310
 71.200000 1.168102 1.063560 1.571878
 71.400000 1.139838 1.060843 3.446252
 71.600000 1.132157 0.960970 7.729293
 71.800000 1.244524 1.010416 0.936210
 72.000000 1.182701 1.078109 1.239429
 72.200000 1.218918 1.007109 0.807482
 72.400000 1.186987 0.974174 3.269806
 72.600000 1.163262 0.928105 8.800815
 72.800000 1.109717 0.980894 8.471652
 73.000000 1.218072 0.942466 5.491051
 73.200000 1.169947 1.033979 1.428135
 73.400000 1.154487 1.086184 3.020797
 73.600000 1.125303 1.100379 6.063288
 73.800000 1.154340 1.089155 3.150937
 74.000000 1.214703 0.995776 1.346801
 74.200000 1.173632 0.978080 3.545304
 74.400000 1.119368 0.980093 7.490553
 74.600000 1.161289 1.020246 2.189770
 74.800000 1.222853 1.032530 0.108203
 75.000000 1.164682 0.985157 3.551793
 75.200000 1.174665 0.994670 2.487176
 75.400000 1.214661 1.025154 0.267942
 75.600000 1.153100 0.965702 5.675847
 75.800000 1.223946 1.020908 0.348012
 76.000000 1.225003 1.017243 0.453979
 76.200000 1.198973 0.987191 2.059376
 76.400000 1.228198 1.055032 0.051606
 76.600000 1.181341 0.999144 1.970227
 76.800000 1.173342 0.936965 7.246335
 77.000000 1.263113 1.000593 1.942254
 77.200000 1.150467 1.072966 2.871265
 77.400000 1.138760 1.049624 3.444978
 77.600000 1.204398 1.008758 0.888992
 77.800000 1.199870 0.923534 7.885263
 78.000000 1.187491 1.017240 1.034907
 78.200000 1.113567 1.016290 6.327304
 78.400000 1.107796 1.009499 7.201113
 78.600000 1.219092 1.131423 3.550455
 78.800000 1.210098 1.141615 4.524968
 79.000000 1.145338 1.009841 3.615621
 79.200000 1.129535 0.995153 5.604287
 79.400000 1.212293 1.004386 0.960929
 79.600000 1.136280 1.026160 3.872214
 79.800000 1.213000 1.058801 0.105434
 80.000000 1.251061 1.004089 1.359322
 80.200000 1.181156 0.956961 4.894435
 80.400000 1.181329 0.971243 3.700680
 80.600000 1.178304 0.996654 2.220237
 80.800000 1.224485 0.988398 1.732483
 81.000000 1.137296 1.075182 3.956186
 81.200000 1.092973 1.008137 9.052082
 81.400000 1.258765 1.025991 0.910661
 81.600000 1.267325 1.073580 1.387458
 81.800000 1.111773 0.985918 7.922895
 82.000000 1.178406 1.025965 1.163928
 82.200000 1.209059 0.979111 2.398146
 82.400000 1.178414 0.979554 3.226006
 82.600000 1.201817 1.058230 0.259124
 82.800000 1.155950 1.010100 2.851660
 83.000000 1.202959 0.962884 3.730618
 83.200000 1.240407 1.108629 2.061347
 83.400000 1.135587 1.067667 3.919852
 83.600000 1.172697 1.061348 1.302240
 83.800000 1.222671 1.012704 0.595337
 84.000000 1.216142 0.962590 3.594840
 84.200000 1.178377 1.011576 1.574206
 84.400000 1.167206 1.086692 2.266355
 84.600000 1.099873 0.961095 11.131467
 84.800000 1.194157 0.979501 2.671590
 85.000000 1.229614 0.993577 1.468653
 85.200000 1.197877 0.976915 2.754331
 85.400000 1.178483 1.077653 1.398940
 85.600000 1.106896 1.070821 6.872514
 85.800000 1.155102 1.000466 3.311612
 86.000000 1.205563 1.009333 0.847547
 86.200000 1.220320 1.065494 0.168383
 86.400000 1.109742 1.022458 6.576768
 86.600000 1.144605 1.027637 3.165511
 86.800000 1.209382 1.017421 0.519554
 87.000000 1.200800 1.066094 0.397584
 87.200000 1.181937 1.034974 0.866453
 87.400000 1.220938 0.933198 6.498281
 87.600000 1.126032 1.014304 5.120098
 87.800000 1.157618 1.124439 5.038281
 88.000000 1.188509 1.036056 0.613891
 88.200000 1.203690 1.002101 1.179560
 88.400000 1.192239 1.008013 1.202611
 88.600000 1.102564 1.066505 7.286656
 88.800000 1.144634 1.001909 3.997443
 89.000000 1.215068 0.979097 2.341025
 89.200000 1.279738 0.961616 5.344604
 89.400000 1.181015 0.931182 7.558707
 89.600000 1.178989 0.972295 3.718621
 89.800000 1.143752 0.996031 4.349310
 90.000000 1.199044 1.051243 0.265519
 90.200000 1.220087 1.027431 0.196716
 90.400000 1.158634 0.998870 3.158327
 90.600000 1.184721 1.016302 1.162102
 90.800000 1.137368 1.084661 4.260239
 91.000000 1.171967 1.062359 1.353143
 91.200000 1.146955 0.980189 5.040755
 91.400000 1.174220 0.981962 3.256450
 91.600000 1.229545 1.119036 2.610920
 91.800000 1.184034 1.094428 1.825900
 92.000000 1.185244 1.018823 1.068200
 92.200000 1.118540 1.038341 5.363389
 92.400000 1.114878 0.950400 10.393594
 92.600000 1.234144 1.022252 0.388191
 92.800000 1.202685 1.111077 2.221694
 93.000000 1.105843 1.036815 6.768856
 93.200000 1.175253 1.043165 1.088219
 93.400000 1.144948 1.019598 3.328648
 93.600000 1.196030 1.049350 0.332584
 93.800000 1.183994 1.096845 1.944445
 94.000000 1.146532 0.937663 8.826266
 94.200000 1.152044 1.025698 2.659212
 94.400000 1.192318 1.100180 1.836123
 94.600000 1.134293 1.036728 3.877502
 94.800000 1.239245 0.981121 2.336453
 95.000000 1.128419 0.996734 5.626773
 95.200000 1.128481 0.942043 9.876434
 95.400000 1.204381 1.065798 0.323506
 95.600000 1.213914 1.000655 1.113662
 95.800000 1.210442 0.970165 3.030744
 96.000000 1.195356 1.015126 0.862077
 96.200000 1.188430 0.936726 6.656447
 96.400000 1.280419 0.938272 7.654568
 96.600000 1.259657 1.006483 1.548048
 96.800000 1.087297 1.001409 10.084517
 97.000000 1.219038 1.058310 0.065368
 97.200000 1.184371 1.066717 0.888376
 97.400000 1.263873 0.986208 2.747894
 97.600000 1.206582 0.987289 1.909237
 97.800000 1.167636 0.966685 4.704236
 98.000000 1.136269 0.982996 5.712773
 98.200000 1.203775 0.964905 3.547225
 98.400000 1.210653 0.999791 1.185024
 98.600000 1.173525 0.958897 5.060370
 98.800000 1.129340 1.033542 4.361268
 99.000000 1.171578 1.077350 1.712222
 99.200000 1.144147 1.072278 3.324086
 99.400000 1.170258 1.070721 1.601394
 99.600000 1.182169 1.037185 0.832674
 99.800000 1.098521 1.034137 7.675583
 100.000000 1.273192 1.018148 1.746081
 100.200000 1.104217 0.918953 15.127982
 100.400000 1.215262 0.999556 1.155794
 100.600000 1.190896 1.089804 1.383017
 100.800000 1.202861 0.938184 6.120028
 101.000000 1.232710 1.042102 0.073251
 101.200000 1.149930 1.039724 2.605557
 101.400000 1.272113 0.917522 9.676990
 101.600000 1.227641 1.009971 0.710366
 101.800000 1.235925 1.022868 0.396712
 102.000000 1.161925 1.013973 2.340317
 102.200000 1.191438 1.054314 0.484135
 102.400000 1.152961 0.991931 3.891804
 102.600000 1.165889 0.963847 5.032827
 102.800000 1.198056 1.033939 0.368139
 103.000000 1.118855 1.058705 5.357866
 103.200000 1.245128 1.005336 1.149899
 103.400000 1.237256 1.029190 0.282661
 103.600000 1.198642 1.030430 0.407116
 103.800000 1.221453 0.956259 4.134943
 104.000000 1.168026 1.003418 2.400390
 104.200000 1.143308 1.030450 3.215276
 104.400000 1.223465 1.042366 0.013176
 104.600000 1.209151 1.111476 2.145013
 104.800000 1.119064 0.996831 6.538530
 105.000000 1.165136 1.010956 2.258178
 105.200000 1.190228 0.909183 10.020210
 105.400000 1.143984 0.972534 5.809583
 105.600000 1.255373 0.945896 5.696878
 105.800000 1.124594 1.098324 6.024742
 106.000000 1.161433 1.095117 2.966032
 106.200000 1.169151 1.023486 1.663440
 106.400000 1.217786 1.022217 0.319793
 106.600000 1.247967 1.009318 1.061625
 106.800000 1.153743 0.983880 4.315716
 107.000000 1.177772 1.033367 1.061795
 107.200000 1.161214 0.988193 3.571897
 107.400000 1.214805 0.948783 4.866665
 107.600000 1.280794 0.962988 5.289883
 107.800000 1.211486 0.931171 6.783560
 108.000000 1.189913 0.920399 8.545157
 108.200000 1.210833 1.000906 1.130825
 108.400000 1.205493 1.095347 1.290999
 108.600000 1.168357 1.030089 1.570694
 108.800000 1.169294 1.029853 1.525217
 109.000000 1.148894 1.047840 2.652787
 109.200000 1.185226 1.058087 0.725594
 109.400000 1.231703 1.010006 0.741339
 109.600000 1.169536 0.974187 4.027395
 109.800000 1.272744 0.905802 11.297555
 110.000000 1.099075 0.968421 10.625119
 110.200000 1.186021 0.979777 2.910352
 110.400000 1.198105 0.969059 3.331886
 110.600000 1.212726 1.025013 0.286621
 110.800000 1.136136 1.033199 3.761223
 111.000000 1.156274 1.067248 2.343283
 111.200000 1.239002 1.056492 0.192347
 111.400000 1.205362 1.028303 0.312463
 111.600000 1.164184 1.067057 1.852993
 111.800000 1.038812 1.058599 16.794574
 112.000000 1.191440 1.019749 0.835471
 112.200000 1.199219 1.012874 0.842457
 112.400000 1.183901 0.996112 2.020436
 112.600000 1.232016 1.001833 1.081876
 112.800000 1.160767 1.034976 1.932984
 113.000000 1.138756 1.059053 3.512646
 113.200000 1.084953 1.089961 10.268339
 113.400000 1.184276 1.002715 1.690752
 113.600000 1.250946 1.017607 0.864576
 113.800000 1.229950 1.046300 0.034184
 114.000000 1.117077 1.056762 5.521922
 114.200000 1.161642 1.076362 2.230584
 114.400000 1.247681 1.014197 0.881243
 114.600000 1.187467 0.971750 3.433178
 114.800000 1.170945 0.934212 7.672429
 115.000000 1.159178 0.935804 8.160660
 115.200000 1.255826 0.998242 1.779588
 115.400000 1.213801 1.092278 1.047581
 115.600000 1.149941 1.060360 2.663482
 115.800000 1.122897 1.014744 5.410587
 116.000000 1.295396 1.015598 3.212536
 116.200000 1.291696 1.101189 3.905144
 116.400000 1.112058 1.058116 6.073659
 116.600000 1.175736 1.007433 1.848381
 116.800000 1.190234 1.012576 1.095343
 117.000000 1.230734 0.958044 4.014685
 117.200000 1.171726 0.966707 4.489622
 117.400000 1.165731 0.986933 3.383865
 117.600000 1.261642 0.966720 4.034752
 117.800000 1.193922 1.046791 0.386738
 118.000000 1.132541 1.067824 4.190140
 118.200000 1.194304 1.044058 0.381037
 118.400000 1.203067 1.004388 1.090481
 118.600000 1.283354 0.969336 4.929928
 118.800000 1.239308 1.066420 0.339236
 119.000000 1.107106 1.081234 7.148643
 119.200000 1.096937 0.990614 9.387556
 119.400000 1.230996 0.934337 6.411676
 119.600000 1.240328 1.027229 0.372300
 119.800000 1.167468 1.028301 1.650723
 120.000000 1.134629 1.065918 3.968529
 120.200000 1.188077 1.026920 0.771878
 120.400000 1.091298 0.998743 9.680215
 120.600000 1.174898 1.137129 5.140527
 120.800000 1.183527 1.072059 1.038792
 121.000000 1.238975 0.983578 2.172437
 121.200000 1.200586 1.001383 1.273037
 121.400000 1.134667 1.054995 3.820442
 121.600000 1.146874 1.057262 2.852368
 121.800000 1.227693 0.992266 1.526504
 122.000000 1.237967 0.992483 1.628664
 122.200000 1.211958 0.958278 4.001104
 122.400000 1.195517 0.985129 2.269851
 122.600000 1.196569 1.030988 0.447919
 122.800000 1.224434 1.017553 0.443043
 123.000000 1.181649 0.984350 2.778161
 123.200000 1.172194 1.007343 2.021122
 123.400000 1.227306 1.020459 0.373029
 123.600000 1.132804 1.013316 4.527938
 123.800000 1.160446 1.025922 2.104217
 124.000000 1.184420 1.121952 3.490165
 124.200000 1.192169 1.078312 0.920984
 124.400000 1.272875 0.942570 6.781400
 124.600000 1.147850 0.957865 6.719310
 124.800000 1.191837 1.066231 0.627941
 125.000000 1.132238 1.052200 4.016965
 125.200000 1.178348 0.977320 3.382408
 125.400000 1.199655 1.019148 0.637044
 125.600000 1.177618 0.973190 3.711552
 125.800000 1.208964 0.945063 5.297196
 126.000000 1.213004 1.009451 0.750462
 126.200000 1.238718 1.057669 0.199114
 126.400000 1.086291 1.090456 10.107607
 126.600000 1.178904 1.025778 1.146465
 126.800000 1.163888 1.054118 1.696818
 127.000000 1.197628 1.074093 0.652151
 127.200000 1.215616 1.025665 0.250520
 127.400000 1.113680 0.985028 7.769979
 127.600000 1.120173 1.035371 5.226847
 127.800000 1.169013 0.970283 4.347496
 128.000000 1.237757 0.968191 3.249446
 128.200000 1.198953 0.992449 1.758092
 128.400000 1.145683 0.998483 4.078138
 128.600000 1.175773 1.122349 3.879919
 128.800000 1.203344 1.053690 0.190107
 129.000000 1.152701 0.949711 7.134366
 129.200000 1.196066 1.037854 0.372986
 129.400000 1.127477 1.016121 4.924684
 129.600000 1.151767 1.026889 2.653680
 129.800000 1.161815 1.033446 1.889460
 130.000000 1.149505 0.974695 5.236563
 130.200000 1.254273 0.970385 3.479579
 130.400000 1.144632 1.007394 3.764292
 130.600000 1.162243 1.019892 2.142172
 130.800000 1.195175 1.008683 1.094290
 131.000000 1.202490 1.023240 0.472084
 131.200000 1.186765 1.101688 2.095922
 131.400000 1.130579 1.020482 4.511184
 131.600000 1.207976 0.977256 2.540490
 131.800000 1.278911 0.974413 4.283562
 132.000000 1.228588 0.979619 2.306920
 132.200000 1.207468 0.953475 4.493684
 132.400000 1.259392 0.954690 4.988052
 132.600000 1.191542 0.996101 1.761105
 132.800000 1.288133 0.962482 5.793010
 133.000000 1.156806 0.965481 5.446382
 133.200000 1.186312 1.019195 1.019311
 133.400000 1.171861 1.043463 1.250479
 133.600000 1.214701 1.022580 0.327720
 133.800000 1.171846 1.049756 1.247521
 134.000000 1.210744 1.003278 1.024832
 134.200000 1.175893 0.991035 2.627626
 134.400000 1.171179 1.052251 1.290476
 134.600000 1.136342 1.001613 4.684591
 134.800000 1.150739 1.063637 2.655060
 135.000000 1.163559 1.034425 1.773502
 135.200000 1.156338 0.967696 5.298353
 135.400000 1.158574 1.135962 5.933957
 135.600000 1.187391 1.034389 0.671623
 135.800000 1.153038 0.962032 5.985980
 136.000000 1.240799 1.032285 0.292999
 136.200000 1.131263 0.977483 6.522218
 136.400000 1.229142 0.965492 3.365355
 136.600000 1.196992 1.066829 0.498698
 136.800000 1.198572 0.979937 2.530125
 137.000000 1.181881 1.000746 1.872884
 137.200000 1.208547 1.018303 0.504345
 137.400000 1.114246 0.956393 9.899209
 137.600000 1.258420 1.032937 0.774753
 137.800000 1.148473 1.054642 2.711027
 138.000000 1.176828 0.973311 3.737747
 138.200000 1.127137 1.106045 6.205438
 138.400000 1.258659 1.104387 2.317192
 138.600000 1.160863 1.016088 2.336301
 138.800000 1.138729 0.998023 4.653679
 139.000000 1.140348 1.036715 3.366490
 139.200000 1.150477 0.978451 4.901559
 139.400000 1.156745 1.063759 2.248698
 139.600000 1.213573 1.045146 0.035375
 139.800000 1.130998 1.009551 4.824825
 140.000000 1.171828 1.140267 5.576100
 140.200000 1.164445 1.087846 2.466964
 140.400000 1.135743 1.013659 4.259296
 140.600000 1.210820 1.089871 0.970016
 140.800000 1.118055 1.084730 6.078615
 141.000000 1.192283 1.014320 0.974036
 141.200000 1.265624 1.057822 1.019771
 141.400000 1.180008 0.998835 2.039841
 141.600000 1.146552 0.993114 4.288453
 141.800000 1.136659 1.030636 3.755702
 142.000000 1.181091 0.915138 9.545644
 142.200000 1.213314 0.972486 2.826356
 142.400000 1.211605 1.018587 0.460549
 142.600000 1.236618 0.924640 7.621049
 142.800000 1.179122 0.982967 2.970472
 143.000000 1.261806 1.022027 1.119778
 143.200000 1.136443 1.084771 4.342854
 143.400000 1.186194 1.102056 2.136137
 143.600000 1.199797 1.101092 1.692851
 143.800000 1.205233 0.963602 3.630158
 144.000000 1.097613 0.960387 11.470561
 144.200000 1.245578 1.010295 0.965265
 144.400000 1.163480 0.975230 4.286215
 144.600000 1.232877 1.059315 0.135546
 144.800000 1.187543 1.041096 0.603017
 145.000000 1.107725 0.939094 12.341836
 145.200000 1.256981 1.076330 1.045656
 145.400000 1.226987 1.183557 9.310728
 145.600000 1.131861 1.100674 5.468141
 145.800000 1.165650 1.048131 1.572951
 146.000000 1.144705 0.952779 7.423872
 146.200000 1.189756 0.960276 4.288859
 146.400000 1.203211 1.036271 0.231183
 146.600000 1.194966 0.925184 7.801878
 146.800000 1.187647 0.931344 7.291814
 147.000000 1.160458 0.918151 10.203627
 147.200000 1.146299 1.028500 3.019782
 147.400000 1.138882 1.016197 3.912479
 147.600000 1.194490 1.011137 1.021183
 147.800000 1.157656 1.096361 3.261283
 148.000000 1.219230 1.076519 0.432991
 148.200000 1.194522 1.049710 0.373309
 148.400000 1.173090 0.876095 15.820950
 148.600000 1.146618 0.931473 9.517082
 148.800000 1.210540 0.932982 6.585156
 149.000000 1.124855 0.922518 12.464978
 149.200000 1.237381 1.011207 0.770121
 149.400000 1.251997 0.988502 2.180601
 149.600000 1.144306 0.998233 4.195980
 149.800000 1.148190 1.102101 4.211270
 150.000000 1.129891 1.072383 4.534420
 150.200000 1.210768 1.007950 0.830283
 150.400000 1.194194 1.017048 0.833637
 150.600000 1.211758 0.861589 17.274987
 150.800000 1.182993 0.938605 6.646473
 151.000000 1.262350 0.986646 2.658218
 151.200000 1.154317 0.966828 5.501952
 151.400000 1.161399 0.972996 4.572881
 151.600000 1.145972 1.012658 3.466149
 151.800000 1.201105 0.954991 4.463702
 152.000000 1.174633 1.016988 1.565390
 152.200000 1.235730 1.054600 0.125398
 152.400000 1.196640 0.997024 1.573447
 152.600000 1.203957 1.018033 0.583238
 152.800000 1.247341 1.069436 0.575220
 153.000000 1.192835 1.012927 1.004736
 153.200000 1.168441 0.974520 4.060873
 153.400000 1.137747 0.953183 7.946015
 153.600000 1.155297 0.981589 4.358985
 153.800000 1.280163 0.970839 4.622519
 154.000000 1.204010 1.048810 0.158312
 154.200000 1.256337 0.901165 11.261627
 154.400000 1.130429 0.972185 6.981398
 154.600000 1.142427 1.006981 3.953181
 154.800000 1.181193 1.044211 0.826089
 155.000000 1.211635 1.083837 0.722170
 155.200000 1.185627 1.051293 0.660124
 155.400000 1.168463 0.975903 3.960145
 155.600000 1.238025 1.053211 0.150838
 155.800000 1.213642 1.006350 0.866985
 156.000000 1.106293 0.977061 9.122485
 156.200000 1.187508 1.052259 0.598391
 156.400000 1.132527 0.971810 6.820280
 156.600000 1.241163 1.015489 0.691519
 156.800000 1.274208 1.023980 1.646469
 157.000000 1.125087 0.971757 7.515674
 157.200000 1.174770 1.034633 1.181578
 157.400000 1.219913 1.082498 0.624707
 157.600000 1.247768 1.068992 0.576476
 157.800000 1.060265 1.056226 13.076285
 158.000000 1.115841 1.005817 6.462485
 158.200000 1.205053 1.093890 1.229176
 158.400000 1.255869 1.068920 0.818645
 158.600000 1.175009 1.029900 1.241046
 158.800000 1.174449 1.040289 1.141649
 159.000000 1.148059 1.006553 3.539749
 159.200000 1.172836 1.079159 1.706098
 159.400000 1.143517 1.014447 3.594975
 159.600000 1.247144 1.022181 0.635830
 159.800000 1.260053 0.960564 4.486976
 160.000000 1.110311 0.905486 16.248258
 160.200000 1.206738 1.110738 2.131094
 160.400000 1.230438 1.039531 0.067297
 160.600000 1.201952 0.992449 1.694275
 160.800000 1.147569 1.029882 2.899886
 161.000000 1.170457 0.932603 7.880467
 161.200000 1.309246 1.074006 4.188849
 161.400000 1.259734 0.999537 1.857903
 161.600000 1.088009 0.950648 13.601561
 161.800000 1.183473 1.055667 0.767684
 162.000000 1.255523 1.008127 1.334231
 162.200000 1.208802 0.928447 7.134441
 162.400000 1.234674 0.992005 1.606890
 162.600000 1.202398 1.026899 0.392882
 162.800000 1.222669 0.985089 1.929182
 163.000000 1.213379 1.006078 0.880274
 163.200000 1.197730 0.999688 1.416581
 163.400000 1.200508 1.002324 1.232015
 163.600000 1.180790 1.009429 1.551298
 163.800000 1.201166 1.037750 0.256069
 164.000000 1.216697 1.026007 0.237191
 164.200000 1.109079 1.073640 6.694807
 164.400000 1.145508 0.968014 6.039938
 164.600000 1.114303 0.967501 8.946092
 164.800000 1.241528 1.085432 0.926894
 165.000000 1.178564 1.058623 0.996944
 165.200000 1.090411 0.929953 15.495490
 165.400000 1.159642 1.006249 2.765911
 165.600000 1.163062 1.039872 1.747830
 165.800000 1.195819 0.967897 3.480009
 166.000000 1.216832 1.121725 2.789156
 166.200000 1.184372 1.032562 0.804910
 166.400000 1.191205 0.965204 3.827347
 166.600000 1.200188 1.072899 0.562339
 166.800000 1.126452 1.025034 4.784556
 167.000000 1.156112 1.038895 2.187352
 167.200000 1.215795 1.002619 1.011236
 167.400000 1.104018 0.982400 9.027484
 167.600000 1.232342 1.072499 0.376378
 167.800000 1.183633 1.081951 1.329625
 168.000000 1.157605 0.979488 4.348338
 168.200000 1.168477 1.007371 2.211033
 168.400000 1.161904 1.018025 2.215108
 168.600000 1.230052 0.999880 1.154103
 168.800000 1.199260 0.950298 4.947247
 169.000000 1.187346 0.980652 2.805344
 169.200000 1.201060 0.979061 2.534948
 169.400000 1.094836 1.012226 8.662551
 169.600000 1.190653 0.986778 2.308180
 169.800000 1.273043 0.975020 3.921262
 170.000000 1.158406 1.090504 2.942686
 170.200000 1.142481 1.091869 4.138059
 170.400000 1.239601 1.010418 0.836059
 170.600000 1.121648 0.934097 11.404114
 170.800000 1.166090 0.954828 5.813926
 171.000000 1.224972 1.010864 0.665313
 171.200000 1.151536 1.029819 2.614659
 171.400000 1.220384 1.007142 0.803114
 171.600000 1.161208 0.993546 3.270750
 171.800000 1.139774 0.964457 6.781449
 172.000000 1.134739 1.011952 4.404914
 172.200000 1.151022 1.030475 2.639672
 172.400000 1.230471 1.090106 0.958771
 172.600000 1.191421 1.057546 0.512885
 172.800000 1.119042 1.018908 5.672636
 173.000000 1.141005 1.062978 3.382850
 173.200000 1.230200 1.057811 0.092188
 173.400000 1.218298 1.024239 0.269429
 173.600000 1.176490 1.025849 1.251212
 173.800000 1.175420 0.976586 3.565336
 174.000000 1.151316 0.936803 8.572590
 174.200000 1.168909 1.023600 1.673483
 174.400000 1.198677 1.003644 1.214181
 174.600000 1.120904 0.980236 7.324878
 174.800000 1.254422 0.961334 4.220631
 175.000000 1.196512 0.994457 1.708800
 175.200000 1.205286 1.014357 0.674451
 175.400000 1.159575 1.077303 2.384798
 175.600000 1.233059 1.031785 0.182937
 175.800000 1.189026 1.076145 0.953789
 176.000000 1.143355 1.012216 3.683228
 176.200000 1.131089 0.938642 10.000052
 176.400000 1.287364 1.039633 2.182472
 176.600000 1.190281 1.049193 0.496517
 176.800000 1.131738 0.975550 6.615977
 177.000000 1.210177 1.040407 0.089801
 177.200000 1.227443 0.952360 4.513429
 177.400000 1.162794 0.995739 3.060741
 177.600000 1.260624 1.072512 1.076743
 177.800000 1.224286 1.052307 0.016319
 178.000000 1.179588 1.049312 0.890235
 178.200000 1.085632 1.074461 9.633016
 178.400000 1.182938 1.020267 1.115057
 178.600000 1.228102 1.066881 0.214011
 178.800000 1.163426 1.052838 1.715608
 179.000000 1.084341 1.031903 9.554947
 179.200000 1.161711 1.034702 1.879231
 179.400000 1.192699 1.065699 0.592559
 179.600000 1.128058 1.056066 4.426566
 179.800000 1.224618 1.048661 0.005239
 180.000000 1.180094 1.057407 0.918919
 180.200000 1.224199 1.007539 0.789455
 180.400000 1.114636 1.126114 8.848531
 180.600000 1.206724 1.039893 0.139282
 180.800000 1.262038 0.888843 13.350372
 181.000000 1.316590 0.923211 12.185513
 181.200000 1.236225 0.960113 3.896878
 181.400000 1.128655 0.906347 14.250999
 181.600000 1.213911 0.930297 6.863462
 181.800000 1.290232 0.986221 4.205345
 182.000000 1.214930 0.959088 3.904775
 182.200000 1.214300 1.112804 2.179687
 182.400000 1.140363 1.082510 3.933854
 182.600000 1.156285 1.038156 2.182439
 182.800000 1.218856 1.097955 1.292317
 183.000000 1.183487 1.045222 0.733233
 183.200000 1.097752 1.069464 7.933216
 183.400000 1.255598 0.968054 3.705403
 183.600000 1.181167 0.930513 7.630337
 183.800000 1.125666 0.948555 9.479307
 184.000000 1.187176 0.957856 4.587939
 184.200000 1.261209 0.908957 10.334484
 184.400000 1.294677 0.940818 8.318847
 184.600000 1.222398 0.957547 4.018834
 184.800000 1.198008 1.014187 0.826222
 185.000000 1.121883 1.045120 4.986958
 185.200000 1.140860 1.041478 3.286352
 185.400000 1.202684 1.027846 0.368627
 185.600000 1.241458 1.022417 0.501625
 185.800000 1.150208 0.938842 8.428187
 186.000000 1.115327 1.028531 5.835032
 186.200000 1.173623 1.112823 3.310515
 186.400000 1.138668 1.033647 3.541482
 186.600000 1.200637 1.052645 0.237316
 186.800000 1.137154 0.984223 5.559515
 187.000000 1.123365 0.986826 6.660207
 187.200000 1.238278 1.055407 0.170602
 187.400000 1.168136 1.124066 4.390590
 187.600000 1.058527 1.040862 13.337731
 187.800000 1.120631 1.057196 5.160492
 188.000000 1.196498 1.051266 0.326620
 188.200000 1.234518 0.961200 3.779562
 188.400000 1.191201 0.976907 2.936447
 188.600000 1.164153 0.896596 12.997968
 188.800000 1.176046 0.978920 3.374472
 189.000000 1.246118 1.093178 1.354470
 189.200000 1.143153 1.055211 3.119322
 189.400000 1.113751 1.007686 6.610351
 189.600000 1.244793 1.010901 0.924657
 189.800000 1.208600 1.022871 0.382103
 190.000000 1.169220 1.023606 1.656982
 190.200000 1.165573 1.066572 1.764523
 190.400000 1.241675 1.027373 0.395409
 190.600000 1.200846 0.980047 2.472687
 190.800000 1.191717 0.958216 4.409278
 191.000000 1.189924 0.955312 4.727276
 191.200000 1.170786 0.952416 5.789463
 191.400000 1.238909 1.030064 0.294338
 191.600000 1.241436 0.935421 6.441194
 191.800000 1.237457 0.941111 5.750890
 192.000000 1.225961 0.999501 1.146422
 192.200000 1.179817 1.041525 0.894461
 192.400000 1.171888 1.059366 1.316185
 192.600000 1.214176 1.000664 1.111198
 192.800000 1.238079 0.965264 3.490177
 193.000000 1.221448 0.977929 2.399118
 193.200000 1.139483 0.961916 7.018788
 193.400000 1.205266 0.960134 3.925534
 193.600000 1.201636 0.966564 3.452762
 193.800000 1.173211 1.039975 1.203171
 194.000000 1.221649 1.033374 0.095555
 194.200000 1.162724 1.082443 2.362033
 194.400000 1.138246 1.031107 3.614276
 194.600000 1.114065 1.030050 5.942928
 194.800000 1.178832 1.038765 0.955679
 195.000000 1.189326 1.080663 1.084979
 195.200000 1.221913 1.086642 0.777959
 195.400000 1.166095 0.961675 5.204695
 195.600000 1.148644 0.916215 11.249114
 195.800000 1.136927 1.002777 4.582413
 196.000000 1.186101 0.996834 1.902989
 196.200000 1.153797 0.988251 4.044785
 196.400000 1.186394 1.033553 0.717422
 196.600000 1.173239 1.032543 1.283103
 196.800000 1.235011 1.077957 0.561259
 197.000000 1.164222 1.106731 3.425740
 197.200000 1.120008 1.088241 6.015982
 197.400000 1.263709 1.042562 0.891825
 197.600000 1.157114 0.999508 3.224826
 197.800000 1.197010 0.914971 9.047431
 198.000000 1.245933 0.962743 3.859135
 198.200000 1.271190 0.968428 4.325493
 198.400000 1.200374 0.954081 4.563441
 198.600000 1.166816 1.102405 3.031737
 198.800000 1.119989 1.139707 9.454633
 199.000000 1.204377 1.087089 0.946229
 199.200000 1.169220 1.047158 1.378654
 199.400000 1.039100 1.042511 16.687968
 199.600000 1.117275 1.109927 7.422924
 199.800000 1.262142 1.059858 0.896702
 200.000000 1.187890 1.010740 1.237154
