#! FIELDS time phi psi restraint.bias
#! SET min_phi -pi
#! SET max_phi pi
#! SET min_psi -pi
#! SET max_psi pi
 0.000000 1.347733 1.661370 198.806608
 0.200000 1.942455 1.406131 0.303888
 0.400000 1.903871 1.469563 2.814252
 0.600000 1.834604 1.353738 4.538698
 0.800000 1.882612 1.317299 3.811464
 1.000000 1.815135 1.307875 9.390076
 1.200000 1.838341 1.393521 3.326595
 1.400000 1.979107 1.338757 3.408436
 1.600000 1.841245 1.387198 3.131392
 1.800000 1.801820 1.387384 7.006438
 2.000000 1.882348 1.347672 1.884233
 2.200000 1.922932 1.371170 0.319559
 2.400000 1.896321 1.331803 2.354637
 2.600000 1.883638 1.368694 1.036151
 2.800000 1.882523 1.378733 0.850770
 3.000000 1.888145 1.370672 0.830427
 3.200000 1.993632 1.400281 2.729071
 3.400000 1.830287 1.443550 5.129867
 3.600000 1.871058 1.372048 1.484127
 3.800000 1.934178 1.373424 0.363293
 4.000000 1.801017 1.412041 7.186537
 4.200000 1.855689 1.399446 2.064142
 4.400000 1.998030 1.336699 4.829005
 4.600000 1.901981 1.367833 0.563997
 4.800000 1.845856 1.418377 2.982947
 5.000000 1.850395 1.385880 2.466771
 5.200000 1.908639 1.454511 1.759350
 5.400000 1.864607 1.405167 1.566199
 5.600000 1.853262 1.423751 2.595593
 5.800000 1.926246 1.456356 1.825917
 6.000000 1.920132 1.389183 0.025102
 6.200000 1.825710 1.399912 4.438977
 6.400000 1.885758 1.307717 4.501807
 6.600000 1.875261 1.316554 4.171415
 6.800000 1.898536 1.344084 1.588747
 7.000000 1.781531 1.320471 12.440052
 7.200000 1.783829 1.330906 11.388236
 7.400000 1.818012 1.337211 6.930305
 7.600000 1.896570 1.353344 1.192323
 7.800000 1.862599 1.280961 8.286823
 8.000000 1.763632 1.312156 15.740929
 8.200000 1.858872 1.284353 8.121895
 8.400000 1.882707 1.334769 2.581050
 8.600000 1.830518 1.300567 8.570099
 8.800000 1.961526 1.419877 1.146735
 9.000000 1.895233 1.419528 0.573917
 9.200000 1.874373 1.373651 1.290305
 9.400000 1.924571 1.478421 3.386063
 9.600000 1.890993 1.495464 5.337094
 9.800000 1.927333 1.465947 2.455806
 10.000000 1.883174 1.371796 0.972359
 10.200000 1.922547 1.422926 0.359055
 10.400000 1.992058 1.405160 2.645718
 10.600000 1.848239 1.311443 6.162150
 10.800000 1.876442 1.444964 2.128526
 11.000000 1.919581 1.385575 0.057157
 11.200000 1.878807 1.348218 1.996985
 11.400000 1.905928 1.450479 1.566752
 11.600000 1.854458 1.435498 2.908566
 11.800000 1.821394 1.383401 4.930759
 12.000000 1.969825 1.458363 3.176360
 12.200000 1.928001 1.287843 5.910611
 12.400000 1.853205 1.305139 6.373444
 12.600000 1.925041 1.476459 3.229052
 12.800000 1.922406 1.309561 3.761874
 13.000000 1.842726 1.429626 3.531527
 13.200000 1.891229 1.425139 0.826835
 13.400000 1.819823 1.386750 5.049144
 13.600000 1.828236 1.402942 4.220025
 13.800000 1.837906 1.243352 15.049281
 14.000000 1.783656 1.308520 13.125523
 14.200000 1.902278 1.404907 0.191958
 14.400000 1.813775 1.374524 5.863568
 14.600000 1.802915 1.375282 7.058457
 14.800000 1.860465 1.386667 1.810045
 15.000000 1.816005 1.384022 5.468053
 15.200000 1.889815 1.456830 2.285539
 15.400000 1.843048 1.371184 3.264676
 15.600000 1.917183 1.311558 3.591099
 15.800000 1.999989 1.455567 4.968673
 16.000000 1.867994 1.415087 1.522299
 16.200000 1.906056 1.335374 1.949087
 16.400000 1.946636 1.480898 3.939930
 16.600000 1.971459 1.525747 9.714086
 16.800000 1.873586 1.392272 1.078722
 17.000000 1.834143 1.348225 4.827734
 17.200000 1.936876 1.501845 5.718473
 17.400000 1.901739 1.406837 0.220124
 17.600000 1.871236 1.296265 6.182136
 17.800000 1.885527 1.359500 1.265215
 18.000000 1.875625 1.362331 1.554160
 18.200000 1.793987 1.322358 10.653361
 18.400000 1.913525 1.449153 1.418740
 18.600000 1.844034 1.446130 4.118245
 18.800000 1.871963 1.443151 2.246369
 19.000000 1.973470 1.429469 1.988197
 19.200000 1.883464 1.435199 1.420401
 19.400000 1.911808 1.389979 0.052188
 19.600000 1.898786 1.437632 1.077758
 19.800000 1.908989 1.348165 1.215832
 20.000000 1.966900 1.309985 4.828233
 20.200000 1.937720 1.409549 0.247713
 20.400000 1.961150 1.367345 1.270490
 20.600000 1.891204 1.400943 0.421596
 20.800000 1.845357 1.446144 4.019573
 21.000000 1.962425 1.435967 1.693983
 21.200000 1.772271 1.470347 13.635738
 21.400000 1.889616 1.395498 0.457694
 21.600000 1.981430 1.402857 1.917064
 21.800000 1.821224 1.418636 5.114985
 22.000000 1.862284 1.308081 5.545665
 22.200000 1.938924 1.383560 0.262361
 22.400000 1.922426 1.370836 0.326554
 22.600000 1.843040 1.327109 5.342019
 22.800000 1.821549 1.507943 11.068934
 23.000000 1.903263 1.455050 1.865681
 23.200000 1.751593 1.416204 14.356141
 23.400000 1.883576 1.450361 2.121642
 23.600000 1.960640 1.463329 3.080274
 23.800000 1.827903 1.477665 7.541304
 24.000000 1.851064 1.370598 2.695928
 24.200000 2.007472 1.419439 4.106265
 24.400000 1.948212 1.478678 3.797923
 24.600000 1.896684 1.331332 2.376677
 24.800000 1.913251 1.356645 0.806675
 25.000000 1.894066 1.442890 1.419735
 25.200000 1.969008 1.310773 4.861919
 25.400000 1.876874 1.364565 1.426376
 25.600000 1.979168 1.445508 2.971077
 25.800000 1.962810 1.525447 9.266439
 26.000000 1.776641 1.416948 10.470119
 26.200000 1.904437 1.425593 0.549079
 26.400000 1.966080 1.442461 2.135170
 26.600000 1.882014 1.366091 1.171425
 26.800000 1.871922 1.324285 3.739540
 27.000000 1.901073 1.329736 2.389499
 27.200000 1.973119 1.324570 3.988097
 27.400000 1.929782 1.371954 0.344677
 27.600000 1.861395 1.452240 3.275896
 27.800000 1.908503 1.435368 0.829116
 28.000000 1.814661 1.432298 6.182904
 28.200000 1.816522 1.439360 6.268233
 28.400000 1.886491 1.445493 1.768592
 28.600000 1.930541 1.377786 0.227730
 28.800000 1.905975 1.342711 1.530366
 29.000000 1.896193 1.399002 0.283869
 29.200000 1.948502 1.292101 5.835008
 29.400000 1.925482 1.325232 2.538522
 29.600000 1.870151 1.481925 4.904558
 29.800000 1.857292 1.397383 1.958124
 30.000000 1.921778 1.441121 1.007940
 30.200000 1.822107 1.499503 10.107230
 30.400000 1.856073 1.379490 2.175204
 30.600000 1.921011 1.367870 0.403766
 30.800000 1.874051 1.408543 1.124716
 31.000000 1.893887 1.396956 0.337596
 31.200000 1.862709 1.338211 3.318326
 31.400000 1.868891 1.322657 4.007971
 31.600000 1.921728 1.379450 0.143086
 31.800000 1.862156 1.455563 3.423250
 32.000000 1.802577 1.323591 9.518593
 32.200000 1.833291 1.378478 3.905471
 32.400000 1.930725 1.439065 0.974995
 32.600000 1.926525 1.347235 1.224072
 32.800000 1.851340 1.391155 2.360661
 33.000000 1.848918 1.363736 3.045532
 33.200000 1.943342 1.327943 2.609454
 33.400000 1.913010 1.331173 2.141853
 33.600000 1.878400 1.353834 1.759682
 33.800000 1.875678 1.400991 0.987307
 34.000000 1.904175 1.336622 1.901579
 34.200000 1.896280 1.361353 0.887408
 34.400000 1.891161 1.495170 5.303136
 34.600000 1.975189 1.360613 2.166032
 34.800000 1.874149 1.414924 1.218966
 35.000000 1.846181 1.464151 5.018804
 35.200000 2.013767 1.429574 4.963871
 35.400000 1.908001 1.409845 0.162580
 35.600000 1.830189 1.415725 4.210033
 35.800000 1.865298 1.446068 2.728853
 36.000000 1.915254 1.455181 1.746233
 36.200000 1.869059 1.296525 6.264294
 36.400000 1.826745 1.381963 4.437614
 36.600000 1.903127 1.376457 0.336171
 36.800000 1.875213 1.360565 1.633961
 37.000000 1.846768 1.334544 4.576046
 37.200000 1.860461 1.363067 2.315222
 37.400000 1.871705 1.382259 1.257628
 37.600000 1.891140 1.343736 1.792036
 37.800000 1.809726 1.361195 6.679931
 38.000000 1.955764 1.310542 4.318533
 38.200000 1.806813 1.415870 6.582308
 38.400000 1.863351 1.379916 1.730363
 38.600000 1.903946 1.361761 0.721855
 38.800000 1.793154 1.403152 8.051148
 39.000000 1.965983 1.338438 2.735481
 39.200000 1.907293 1.410536 0.180844
 39.400000 1.909718 1.425530 0.479729
 39.600000 2.059459 1.483799 13.574860
 39.800000 1.902370 1.459785 2.170474
 40.000000 1.904432 1.478967 3.539012
 40.200000 1.904495 1.476056 3.301536
 40.400000 1.871772 1.429133 1.696522
 40.600000 1.918339 1.412844 0.138619
 40.800000 1.874271 1.425601 1.469634
 41.000000 1.897105 1.262685 9.180526
 41.200000 1.928363 1.296022 5.060352
 41.400000 1.858192 1.348030 3.064801
 41.600000 1.812982 1.355241 6.553118
 41.800000 1.847229 1.376565 2.831834
 42.000000 1.769375 1.447235 12.622228
 42.200000 1.848990 1.377358 2.690154
 42.400000 1.880176 1.447503 2.100251
 42.600000 1.938341 1.387696 0.207437
 42.800000 1.935538 1.404947 0.160574
 43.000000 1.887605 1.431688 1.147695
 43.200000 1.957324 1.387267 0.742177
 43.400000 1.893743 1.499647 5.685186
 43.600000 1.863516 1.450983 3.084540
 43.800000 1.855788 1.480915 5.635675
 44.000000 1.848241 1.404102 2.595524
 44.200000 1.902687 1.437334 0.990902
 44.400000 1.854698 1.393582 2.126769
 44.600000 1.836444 1.297357 8.370460
 44.800000 1.907347 1.362537 0.647040
 45.000000 1.906814 1.346293 1.333668
 45.200000 1.816519 1.377327 5.519156
 45.400000 1.920215 1.383573 0.080591
 45.600000 1.844815 1.438106 3.691444
 45.800000 1.852954 1.472320 5.130685
 46.000000 1.937713 1.469391 2.833192
 46.200000 1.894966 1.395930 0.309966
 46.400000 1.866675 1.389649 1.436300
 46.600000 1.999901 1.320626 6.063612
 46.800000 1.872079 1.322272 3.879011
 47.000000 1.870200 1.378424 1.392296
 47.200000 1.879678 1.420967 1.112511
 47.400000 1.956986 1.352814 1.633033
 47.600000 1.870020 1.483546 5.051283
 47.800000 1.840819 1.385021 3.187070
 48.000000 1.900133 1.488493 4.447744
 48.200000 1.951619 1.360681 1.137322
 48.400000 1.843952 1.326094 5.343050
 48.600000 1.877946 1.411311 0.991685
 48.800000 1.879596 1.361908 1.400829
 49.000000 1.842932 1.415948 3.152858
 49.200000 1.846892 1.418282 2.904724
 49.400000 1.846520 1.380122 2.819797
 49.600000 1.898029 1.448578 1.606761
 49.800000 1.878913 1.395551 0.838674
 50.000000 1.851185 1.306067 6.425951
 50.200000 1.891665 1.359794 1.062555
 50.400000 1.907721 1.335346 1.929196
 50.600000 1.960239 1.347007 2.028259
 50.800000 1.925353 1.410523 0.116739
 51.000000 1.814545 1.419873 5.824508
 51.200000 1.929302 1.440260 1.012401
 51.400000 1.958426 1.418109 0.982205
 51.600000 1.894286 1.447208 1.624734
 51.800000 1.965649 1.386474 1.096131
 52.000000 1.949986 1.359190 1.140948
 52.200000 1.901472 1.380597 0.291805
 52.400000 1.983321 1.354725 2.876245
 52.600000 1.889309 1.375192 0.688747
 52.800000 1.887322 1.406060 0.577416
 53.000000 1.868570 1.424345 1.709700
 53.200000 1.908977 1.433909 0.767828
 53.400000 1.801576 1.441056 7.998961
 53.600000 1.857490 1.389007 1.971491
 53.800000 1.947992 1.430861 0.994125
 54.000000 1.796856 1.356850 8.342030
 54.200000 1.965646 1.258890 10.483846
 54.400000 1.939835 1.440937 1.197318
 54.600000 1.836920 1.288304 9.267283
 54.800000 1.808885 1.403705 6.185659
 55.000000 1.868074 1.426119 1.786681
 55.200000 1.834189 1.391250 3.682508
 55.400000 1.852493 1.453257 3.893461
 55.600000 1.833517 1.358556 4.438721
 55.800000 1.831092 1.332416 5.978317
 56.000000 1.995712 1.348372 4.023409
 56.200000 1.940412 1.418547 0.459422
 56.400000 1.850453 1.375594 2.622409
 56.600000 1.812591 1.381339 5.864925
 56.800000 1.838929 1.421691 3.598377
 57.000000 1.847664 1.435489 3.375574
 57.200000 1.826279 1.388156 4.411726
 57.400000 1.818687 1.419042 5.377641
 57.600000 1.916546 1.443386 1.115789
 57.800000 1.821032 1.364365 5.392411
 58.000000 1.907887 1.371296 0.383386
 58.200000 1.984889 1.444218 3.264072
 58.400000 1.869769 1.385320 1.314530
 58.600000 1.870174 1.404491 1.268326
 58.800000 1.929363 1.348293 1.195712
 59.000000 1.842097 1.421818 3.350226
 59.200000 1.854931 1.341387 3.613771
 59.400000 1.855774 1.365390 2.530267
 59.600000 1.926922 1.471036 2.820425
 59.800000 1.899104 1.323157 2.887749
 60.000000 1.956011 1.379045 0.801604
 60.200000 1.916361 1.474285 3.049835
 60.400000 1.879294 1.310910 4.465460
 60.600000 1.869898 1.442894 2.335430
 60.800000 1.888590 1.434041 1.202562
 61.000000 1.841577 1.382186 3.163370
 61.200000 1.905313 1.456447 1.916850
 61.400000 1.891347 1.401884 0.422341
 61.600000 1.818273 1.448856 6.543199
 61.800000 1.826161 1.460794 6.472009
 62.000000 1.901201 1.371727 0.475139
 62.200000 2.006957 1.379079 3.940394
 62.400000 1.852458 1.328812 4.546518
 62.600000 1.883576 1.300479 5.245625
 62.800000 1.967815 1.350878 2.179694
 63.000000 1.832255 1.431570 4.460762
 63.200000 1.849648 1.412074 2.589997
 63.400000 1.793548 1.398404 7.979974
 63.600000 1.867583 1.455354 3.112381
 63.800000 1.868047 1.329911 3.543741
 64.000000 1.788302 1.405658 8.698111
 64.200000 1.954439 1.341982 2.070991
 64.400000 1.825088 1.214997 20.919791
 64.600000 1.849345 1.284112 8.775358
 64.800000 1.897605 1.373113 0.515657
 65.000000 1.867313 1.361864 1.972397
 65.200000 1.887665 1.419008 0.776995
 65.400000 1.919674 1.412892 0.138272
 65.600000 1.869370 1.422387 1.615970
 65.800000 1.914884 1.511180 6.615350
 66.000000 1.882818 1.384155 0.759458
 66.200000 1.899111 1.387912 0.250186
 66.400000 1.957963 1.431262 1.338307
 66.600000 1.817608 1.340096 6.805342
 66.800000 1.827728 1.315110 7.537291
 67.000000 1.899573 1.384127 0.279471
 67.200000 1.817431 1.349877 6.321943
 67.400000 1.809242 1.313556 9.538609
 67.600000 1.812584 1.397496 5.755110
 67.800000 1.814229 1.308112 9.464519
 68.000000 1.849118 1.281566 9.080136
 68.200000 1.870575 1.371400 1.523678
 68.400000 1.927047 1.355167 0.870256
 68.600000 1.808870 1.459373 8.151017
 68.800000 1.892026 1.365504 0.860498
 69.000000 1.963880 1.484211 4.836198
 69.200000 1.925851 1.481653 3.663663
 69.400000 1.871816 1.460413 3.211799
 69.600000 1.885726 1.434996 1.332730
 69.800000 1.856785 1.439042 2.904376
 70.000000 2.020377 1.358003 5.783573
 70.200000 1.892213 1.343201 1.790050
 70.400000 1.823492 1.335476 6.491168
 70.600000 1.930798 1.382662 0.152297
 70.800000 1.934064 1.354411 0.976643
 71.000000 1.856965 1.406981 2.035482
 71.200000 1.924491 1.454057 1.680733
 71.400000 1.778277 1.363910 10.546610
 71.600000 1.835386 1.435564 4.340333
 71.800000 1.844695 1.450529 4.297431
 72.000000 1.799366 1.351865 8.245321
 72.200000 1.856006 1.319800 4.962103
 72.400000 1.869044 1.327034 3.687567
 72.600000 1.911922 1.285775 6.135363
 72.800000 1.955274 1.372376 0.912296
 73.000000 1.831798 1.411049 3.986992
 73.200000 1.873254 1.363903 1.609750
 73.400000 1.912592 1.439459 0.959375
 73.600000 1.922451 1.426622 0.464176
 73.800000 1.975205 1.456688 3.356969
 74.000000 1.882767 1.435997 1.477378
 74.200000 1.893047 1.328016 2.688404
 74.400000 1.920867 1.364545 0.503526
 74.600000 1.818126 1.402191 5.192678
 74.800000 1.994187 1.351302 3.772840
 75.000000 1.986080 1.518559 9.670480
 75.200000 1.919275 1.416536 0.205653
 75.400000 1.928255 1.416068 0.231338
 75.600000 1.900816 1.546672 11.492738
 75.800000 1.954617 1.371442 0.912000
 76.000000 1.936771 1.417068 0.359357
 76.200000 1.855362 1.449924 3.519845
 76.400000 1.983158 1.369129 2.371347
 76.600000 1.858914 1.386559 1.904415
 76.800000 1.768209 1.314374 14.852267
 77.000000 1.934629 1.460594 2.178229
 77.200000 1.867917 1.439590 2.287717
 77.400000 1.808590 1.379472 6.331717
 77.600000 1.885444 1.441469 1.614072
 77.800000 1.822247 1.375343 4.983186
 78.000000 1.856100 1.311203 5.650439
 78.200000 1.945346 1.337141 2.072462
 78.400000 1.878224 1.381412 0.977152
 78.600000 1.937796 1.433723 0.862398
 78.800000 1.799733 1.473029 10.162048
 79.000000 1.951217 1.359334 1.173456
 79.200000 1.928800 1.514533 7.033803
 79.400000 1.813381 1.446706 6.941360
 79.600000 1.907885 1.435353 0.835742
 79.800000 1.912695 1.357056 0.794291
 80.000000 1.913346 1.323852 2.642964
 80.200000 2.011447 1.323320 6.854272
 80.400000 1.797864 1.354929 8.296021
 80.600000 1.803953 1.368304 7.108335
 80.800000 1.902866 1.476407 3.355891
 81.000000 1.796536 1.393898 7.607435
 81.200000 1.843583 1.357713 3.652354
 81.400000 1.896498 1.348384 1.419169
 81.600000 1.840746 1.382499 3.224404
 81.800000 1.857940 1.335829 3.743297
 82.000000 1.814244 1.354214 6.461710
 82.200000 1.968742 1.397252 1.195121
 82.400000 1.854799 1.409833 2.208699
 82.600000 1.764358 1.402718 12.111668
 82.800000 1.874578 1.416636 1.232843
 83.000000 1.894213 1.429072 0.867131
 83.200000 1.913469 1.381908 0.123473
 83.400000 1.852978 1.425816 2.673394
 83.600000 2.002583 1.371308 3.732720
 83.800000 1.935355 1.395252 0.120527
 84.000000 1.931117 1.379059 0.211325
 84.200000 1.843942 1.336327 4.678128
 84.400000 1.873089 1.404365 1.126660
 84.600000 1.886573 1.421885 0.882308
 84.800000 1.916186 1.389269 0.031218
 85.000000 1.855036 1.291034 7.637789
 85.200000 1.884758 1.368653 0.997320
 85.400000 1.993934 1.433652 3.442308
 85.600000 1.948044 1.346535 1.633557
 85.800000 1.936105 1.355445 0.964997
 86.000000 1.894653 1.406510 0.370242
 86.200000 1.899575 1.420974 0.511096
 86.400000 1.930980 1.416689 0.270402
 86.600000 1.934296 1.443356 1.213017
 86.800000 1.852208 1.410332 2.387476
 87.000000 2.045254 1.394621 7.862941
 87.200000 1.912615 1.425377 0.450055
 87.400000 1.817886 1.441089 6.204252
 87.600000 1.917930 1.403878 0.030859
 87.800000 1.944152 1.437199 1.132852
 88.000000 1.820865 1.414552 5.067484
 88.200000 1.811137 1.380534 6.034302
 88.400000 1.903417 1.314017 3.517436
 88.600000 1.932875 1.378964 0.234293
 88.800000 1.841557 1.334207 4.991349
 89.000000 1.790918 1.304280 12.543781
 89.200000 1.802289 1.445873 8.142329
 89.400000 1.874483 1.364047 1.548562
 89.600000 1.841186 1.370902 3.416548
 89.800000 1.842227 1.482797 6.757675
 90.000000 1.873632 1.334841 2.954968
 90.200000 1.909179 1.427492 0.544689
 90.400000 1.830892 1.346070 5.217595
 90.600000 1.944360 1.334123 2.230787
 90.800000 1.918165 1.485620 3.993767
 91.000000 1.809750 1.338575 7.726351
 91.200000 1.991822 1.420315 2.878362
 91.400000 1.957187 1.517173 8.006127
 91.600000 1.924468 1.250936 10.570583
 91.800000 1.834478 1.429919 4.211551
 92.000000 1.961659 1.345845 2.144468
 92.200000 1.924742 1.373341 0.274627
 92.400000 1.768010 1.437808 12.392462
 92.600000 1.817065 1.330717 7.431827
 92.800000 1.950354 1.438113 1.340574
 93.000000 1.807850 1.417736 6.503945
 93.200000 1.848550 1.339885 4.131969
 93.400000 1.903497 1.396844 0.134075
 93.600000 1.932916 1.425857 0.523086
 93.800000 1.959927 1.391482 0.814008
 94.000000 1.906300 1.420186 0.378126
 94.200000 1.893204 1.377886 0.524205
 94.400000 1.992238 1.393645 2.622549
 94.600000 1.866709 1.445389 2.619258
 94.800000 1.851674 1.367614 2.735186
 95.000000 1.916252 1.408655 0.083287
 95.200000 1.860465 1.371799 2.063259
 95.400000 1.837761 1.382011 3.471842
 95.600000 1.829030 1.415689 4.313895
 95.800000 1.803493 1.329465 9.001879
 96.000000 1.877308 1.341246 2.418869
 96.200000 1.875872 1.363916 1.490729
 96.400000 1.830960 1.348318 5.101160
 96.600000 1.864092 1.416902 1.768120
 96.800000 1.883768 1.430373 1.233147
 97.000000 1.809707 1.407761 6.133176
 97.200000 1.875257 1.429065 1.532782
 97.400000 1.929832 1.420290 0.338342
 97.600000 1.912465 1.366793 0.461604
 97.800000 1.863219 1.348352 2.752000
 98.000000 1.881829 1.387412 0.762440
 98.200000 1.886287 1.385193 0.624936
 98.400000 1.842259 1.347565 4.196897
 98.600000 1.870060 1.439745 2.185473
 98.800000 1.824491 1.456293 6.349631
 99.000000 1.790839 1.414867 8.496596
 99.200000 1.968461 1.342233 2.640596
 99.400000 1.818630 1.330461 7.289006
 99.600000 1.868977 1.326178 3.750647
 99.800000 1.859289 1.332861 3.844490
 100.000000 1.813456 1.349587 6.750528
 100.200000 1.919169 1.438801 0.904969
 100.400000 1.805012 1.332055 8.656657
 100.600000 1.882000 1.304985 4.882663
 100.800000 1.886190 1.419182 0.829544
 101.000000 1.830896 1.299571 8.632208
 101.200000 1.876526 1.387227 0.979841
 101.400000 1.949794 1.446003 1.684992
 101.600000 1.878856 1.273472 8.379596
 101.800000 1.853779 1.419540 2.454388
 102.000000 1.955670 1.466544 3.110733
 102.200000 1.818445 1.393387 5.146856
 102.400000 1.850316 1.469248 5.081700
 102.600000 1.898670 1.406667 0.278672
 102.800000 1.871931 1.320429 4.024111
 103.000000 1.953604 1.311218 4.185632
 103.200000 1.862644 1.380196 1.766064
 103.400000 1.965900 1.379732 1.196365
 103.600000 1.833590 1.329694 5.937226
 103.800000 1.818645 1.440971 6.121860
 104.000000 1.884839 1.446056 1.852954
 104.200000 1.886422 1.401464 0.572655
 104.400000 1.887384 1.427965 1.029896
 104.600000 1.852518 1.421496 2.585955
 104.800000 1.918479 1.394907 0.001876
 105.000000 1.927705 1.381875 0.134263
 105.200000 1.867504 1.341375 2.877017
 105.400000 1.985198 1.343994 3.500438
 105.600000 1.914791 1.416562 0.218874
 105.800000 1.846967 1.403401 2.682310
 106.000000 1.801408 1.456023 8.801230
 106.200000 1.834153 1.331056 5.799032
 106.400000 1.946829 1.412111 0.489186
 106.600000 1.838681 1.528266 12.007510
 106.800000 1.916227 1.349940 1.079542
 107.000000 1.896487 1.481101 3.871915
 107.200000 1.883747 1.413223 0.795987
 107.400000 1.951226 1.390758 0.507014
 107.600000 1.920793 1.347818 1.173899
 107.800000 1.869411 1.413156 1.415352
 108.000000 1.938837 1.455168 1.914910
 108.200000 1.876806 1.329057 3.185295
 108.400000 1.837885 1.413734 3.512771
 108.600000 1.951228 1.425834 0.929134
 108.800000 1.903120 1.392593 0.146881
 109.000000 1.871184 1.354967 2.037454
 109.200000 1.904149 1.369276 0.487606
 109.400000 1.879987 1.358628 1.503234
 109.600000 1.873038 1.345105 2.404825
 109.800000 1.878735 1.332405 2.884660
 110.000000 1.876462 1.456632 2.764012
 110.200000 1.810291 1.399567 6.008358
 110.400000 1.799081 1.317206 10.419032
 110.600000 1.942227 1.410532 0.351892
 110.800000 1.755812 1.386639 13.502549
 111.000000 1.895306 1.342888 1.725957
 111.200000 1.954162 1.435726 1.366897
 111.400000 1.836440 1.370462 3.812441
 111.600000 1.910538 1.430476 0.628730
 111.800000 1.800371 1.313180 10.590497
 112.000000 1.919237 1.365990 0.458447
 112.200000 1.872859 1.438048 1.977612
 112.400000 1.816157 1.290771 10.941783
 112.600000 1.844871 1.355501 3.642639
 112.800000 1.917166 1.463096 2.236917
 113.000000 1.947854 1.391265 0.404264
 113.200000 1.861416 1.475644 4.858568
 113.400000 1.891486 1.450359 1.865760
 113.600000 1.953937 1.454011 2.247923
 113.800000 1.880272 1.358583 1.493614
 114.000000 1.854191 1.419390 2.423741
 114.200000 1.870634 1.434446 1.940659
 114.400000 1.952285 1.309551 4.285131
 114.600000 1.893010 1.361469 0.965867
 114.800000 1.962286 1.429475 1.451406
 115.000000 1.849409 1.356505 3.272164
 115.200000 1.857046 1.423300 2.338449
 115.400000 1.899518 1.407819 0.273708
 115.600000 1.856678 1.418200 2.236718
 115.800000 1.895935 1.398126 0.287989
 116.000000 1.921029 1.276010 7.231072
 116.200000 1.961083 1.337915 2.551854
 116.400000 1.946416 1.375779 0.562362
 116.600000 1.840561 1.300727 7.707895
 116.800000 1.845132 1.467420 5.323932
 117.000000 1.955223 1.420780 0.925737
 117.200000 1.781672 1.434570 10.282006
 117.400000 1.921688 1.445528 1.215186
 117.600000 1.904337 1.370670 0.448023
 117.800000 1.823329 1.382328 4.756465
 118.000000 1.947653 1.318767 3.389014
 118.200000 1.912816 1.342603 1.464565
 118.400000 1.892673 1.357208 1.132311
 118.600000 1.865934 1.383215 1.539246
 118.800000 1.873729 1.383500 1.145573
 119.000000 1.774164 1.506069 16.642507
 119.200000 1.798166 1.387913 7.439824
 119.400000 1.915030 1.360751 0.642243
 119.600000 1.771225 1.369591 11.402230
 119.800000 1.792346 1.318398 11.161610
 120.000000 1.901632 1.341907 1.643472
 120.200000 1.907841 1.359885 0.733956
 120.400000 1.814069 1.355657 6.420589
 120.600000 1.975859 1.342303 3.023651
 120.800000 1.926145 1.435453 0.787661
 121.000000 1.809668 1.481049 9.665755
 121.200000 1.908236 1.341505 1.566831
 121.400000 1.913030 1.456381 1.830377
 121.600000 1.846725 1.449053 4.067874
 121.800000 1.919099 1.284365 6.260906
 122.000000 1.899301 1.474043 3.236224
 122.200000 1.816030 1.390507 5.407162
 122.400000 1.900044 1.328243 2.509747
 122.600000 1.910570 1.445485 1.254563
 122.800000 1.839481 1.420945 3.535126
 123.000000 1.892364 1.375580 0.591969
 123.200000 1.876628 1.417882 1.168256
 123.400000 1.948036 1.344039 1.760572
 123.600000 1.981145 1.416885 2.090403
 123.800000 1.881024 1.380949 0.871477
 124.000000 1.920315 1.367342 0.418329
 124.200000 1.986054 1.395987 2.190736
 124.400000 1.903045 1.468807 2.772672
 124.600000 1.886229 1.407911 0.633423
 124.800000 1.913658 1.452706 1.612129
 125.000000 1.888608 1.425403 0.912981
 125.200000 1.901460 1.393314 0.173665
 125.400000 1.859010 1.436406 2.657248
 125.600000 1.933955 1.348749 1.228132
 125.800000 1.933910 1.431883 0.733036
 126.000000 1.876133 1.419100 1.216885
 126.200000 1.937163 1.338604 1.811955
 126.400000 1.894803 1.460869 2.400903
 126.600000 1.933863 1.338305 1.777621
 126.800000 1.887766 1.380324 0.642118
 127.000000 1.919136 1.417674 0.229478
 127.200000 1.911257 1.391940 0.046368
 127.400000 1.902421 1.342857 1.578228
 127.600000 1.855149 1.420356 2.384112
 127.800000 1.904543 1.403338 0.142360
 128.000000 1.883157 1.424855 1.082383
 128.200000 1.826058 1.384935 4.463805
 128.400000 1.948016 1.348260 1.548466
 128.600000 1.862284 1.439201 2.579447
 128.800000 1.901863 1.367147 0.585853
 129.000000 1.855574 1.305453 6.189744
 129.200000 1.782542 1.331770 11.508194
 129.400000 1.811189 1.335441 7.754647
 129.600000 1.852019 1.304928 6.472428
 129.800000 1.788628 1.351741 9.602266
 130.000000 1.891714 1.364901 0.887949
 130.200000 1.853390 1.348184 3.365129
 130.400000 1.883317 1.382461 0.763018
 130.600000 1.932329 1.375350 0.296407
 130.800000 1.895932 1.361049 0.906331
 131.000000 1.842526 1.498987 8.266472
 131.200000 1.864367 1.330810 3.681929
 131.400000 1.934527 1.418712 0.359497
 131.600000 1.920757 1.533025 9.352310
 131.800000 1.808983 1.299905 10.789602
 132.000000 1.810185 1.431886 6.649018
 132.200000 1.943835 1.342731 1.720220
 132.400000 1.776321 1.255151 20.258454
 132.600000 1.798431 1.275055 14.718477
 132.800000 1.831951 1.325081 6.397637
 133.000000 1.895548 1.417619 0.523614
 133.200000 1.797270 1.361993 8.101575
 133.400000 1.816187 1.288408 11.190636
 133.600000 1.949315 1.473370 3.406479
 133.800000 1.959231 1.324586 3.343762
 134.000000 1.811675 1.405412 5.894064
 134.200000 1.922111 1.377792 0.173133
 134.400000 1.915025 1.376190 0.213168
 134.600000 1.906299 1.388333 0.123419
 134.800000 1.862551 1.315397 4.911971
 135.000000 1.823440 1.399381 4.653442
 135.200000 1.925221 1.418013 0.250871
 135.400000 1.881876 1.274038 8.190939
 135.600000 1.822854 1.427007 5.177826
 135.800000 1.910011 1.387181 0.089770
 136.000000 1.937243 1.341922 1.627517
 136.200000 1.887881 1.361748 1.107066
 136.400000 1.891639 1.394248 0.400311
 136.600000 1.826355 1.427206 4.850520
 136.800000 1.922687 1.375669 0.216044
 137.000000 1.949032 1.369243 0.790485
 137.200000 1.900720 1.404894 0.220461
 137.400000 1.869486 1.428456 1.787070
 137.600000 1.940396 1.392317 0.218612
 137.800000 1.909790 1.440110 1.011962
 138.000000 1.874350 1.403558 1.062294
 138.200000 1.907932 1.340241 1.640406
 138.400000 1.964023 1.403385 1.000429
 138.600000 1.828139 1.460311 6.257602
 138.800000 1.877536 1.390476 0.912498
 139.000000 1.871001 1.401772 1.208857
 139.200000 1.921298 1.439717 0.945126
 139.400000 1.930641 1.383398 0.140841
 139.600000 1.793906 1.357985 8.665039
 139.800000 1.971589 1.402231 1.355635
 140.000000 1.927065 1.355981 0.837261
 140.200000 1.847868 1.291582 8.070693
 140.400000 1.916448 1.448038 1.346140
 140.600000 1.920284 1.334543 1.904822
 140.800000 1.820860 1.365953 5.360043
 141.000000 1.916681 1.458997 1.972825
 141.200000 1.937587 1.375046 0.382174
 141.400000 1.942424 1.365502 0.727641
 141.600000 1.963254 1.444477 2.103688
 141.800000 1.920348 1.434629 0.736093
 142.000000 1.941625 1.406350 0.287682
 142.200000 1.903222 1.391390 0.150326
 142.400000 1.951154 1.435655 1.265438
 142.600000 1.877855 1.388095 0.915660
 142.800000 1.815796 1.372796 5.690204
 143.000000 1.882239 1.482366 4.414566
 143.200000 1.882998 1.337279 2.419082
 143.400000 1.753918 1.465504 16.165960
 143.600000 1.892631 1.380768 0.490812
 143.800000 1.838666 1.299204 8.006689
 144.000000 1.850561 1.378129 2.565775
 144.200000 1.906482 1.351880 1.074440
 144.400000 1.981523 1.343450 3.295675
 144.600000 1.940360 1.421557 0.529965
 144.800000 1.818686 1.324514 7.692280
 145.000000 1.886623 1.404914 0.589823
 145.200000 1.922166 1.471113 2.803869
 145.400000 1.851948 1.415510 2.491394
 145.600000 1.894966 1.368431 0.697234
 145.800000 1.854831 1.339918 3.701905
 146.000000 1.808799 1.385210 6.228591
 146.200000 1.892725 1.328065 2.693689
 146.400000 1.997712 1.379467 3.171331
 146.600000 1.877160 1.450521 2.383697
 146.800000 1.890369 1.375453 0.651469
 147.000000 1.857089 1.305780 6.063842
 147.200000 1.921499 1.440126 0.963304
 147.400000 1.957831 1.381617 0.828076
 147.600000 1.872564 1.335819 2.945297
 147.800000 1.862435 1.456366 3.455057
 148.000000 1.860358 1.313740 5.175431
 148.200000 1.983678 1.443048 3.130628
 148.400000 2.023871 1.417651 5.637654
 148.600000 1.763110 1.322410 15.012742
 148.800000 1.875744 1.434610 1.708449
 149.000000 1.863196 1.340672 3.150743
 149.200000 1.865513 1.393343 1.481167
 149.400000 2.068666 1.371316 11.382428
 149.600000 1.848045 1.310699 6.239544
 149.800000 1.904310 1.455750 1.890275
 150.000000 1.923997 1.426711 0.472067
 150.200000 1.908633 1.401408 0.076282
 150.400000 1.903781 1.444194 1.277988
 150.600000 1.938834 1.371695 0.481782
 150.800000 1.843531 1.431167 3.522398
 151.000000 1.863443 1.409821 1.683474
 151.200000 1.855113 1.391430 2.107916
 151.400000 1.924629 1.348180 1.167370
 151.600000 1.939387 1.330274 2.367896
 151.800000 1.925893 1.400206 0.025958
 152.000000 1.907586 1.342422 1.524777
 152.200000 1.867095 1.302775 5.762252
 152.400000 1.902738 1.500295 5.557889
 152.600000 1.836314 1.329832 5.696711
 152.800000 1.875635 1.330524 3.138861
 153.000000 1.883914 1.447984 1.983654
 153.200000 1.942695 1.330707 2.409516
 153.400000 1.840174 1.368456 3.561741
 153.600000 1.850660 1.392579 2.401255
 153.800000 1.975630 1.379348 1.698087
 154.000000 1.926864 1.375670 0.236563
 154.200000 1.870567 1.359819 1.879125
 154.400000 1.922594 1.447673 1.325213
 154.600000 1.896977 1.387447 0.300734
 154.800000 1.957668 1.371208 1.028532
 155.000000 1.955226 1.420154 0.910681
 155.200000 1.890894 1.354833 1.277807
 155.400000 1.875733 1.388233 1.005947
 155.600000 1.964826 1.411688 1.129834
 155.800000 1.877977 1.418267 1.119267
 156.000000 1.821607 1.346129 6.083762
 156.200000 1.851144 1.361454 2.966943
 156.400000 1.878785 1.364480 1.348765
 156.600000 1.784176 1.419161 9.467508
 156.800000 1.838240 1.362505 3.900874
 157.000000 1.825684 1.365477 4.908677
 157.200000 1.899641 1.419437 0.472961
 157.400000 1.963624 1.358862 1.656990
 157.600000 1.895853 1.378060 0.453902
 157.800000 1.957749 1.445095 1.909944
 158.000000 1.887456 1.341670 2.015319
 158.200000 1.926258 1.416385 0.222893
 158.400000 1.859215 1.459654 3.848241
 158.600000 1.868192 1.398471 1.337364
 158.800000 1.901661 1.398469 0.168082
 159.000000 1.894994 1.326384 2.750787
 159.200000 1.921176 1.398737 0.003922
 159.400000 1.900435 1.404538 0.222946
 159.600000 1.860949 1.324843 4.285787
 159.800000 1.900585 1.403040 0.208771
 160.000000 1.825364 1.362214 5.044610
 160.200000 1.856584 1.353989 2.895641
 160.400000 1.909327 1.381859 0.159229
 160.600000 1.855361 1.304002 6.336266
 160.800000 1.855995 1.405993 2.086816
 161.000000 1.845539 1.354251 3.644463
 161.200000 1.812719 1.341190 7.256425
 161.400000 1.951244 1.390323 0.510047
 161.600000 1.904175 1.355425 0.956928
 161.800000 1.868703 1.369140 1.676439
 162.000000 1.903215 1.398374 0.140791
 162.200000 1.894622 1.398720 0.321542
 162.400000 1.873122 1.486022 5.120632
 162.600000 1.907291 1.372312 0.365868
 162.800000 1.862033 1.427448 2.158387
 163.000000 1.888908 1.462699 2.685953
 163.200000 1.909359 1.314812 3.372302
 163.400000 1.871393 1.403476 1.200620
 163.600000 1.914594 1.422770 0.365176
 163.800000 1.816245 1.326163 7.825343
 164.000000 1.888705 1.444657 1.656332
 164.200000 1.916089 1.417874 0.240623
 164.400000 1.901860 1.373529 0.420467
 164.600000 1.878704 1.489260 5.171238
 164.800000 1.852609 1.386536 2.308823
 165.000000 1.813050 1.446708 6.976783
 165.200000 1.886682 1.332613 2.576132
 165.400000 1.864251 1.311587 5.131372
 165.600000 1.909629 1.412630 0.186285
 165.800000 1.869751 1.360227 1.904844
 166.000000 1.785687 1.414753 9.172399
 166.200000 1.896700 1.385491 0.326261
 166.400000 1.870508 1.347670 2.398540
 166.600000 1.857225 1.452282 3.530753
 166.800000 1.820716 1.432321 5.565031
 167.000000 1.895234 1.393865 0.306162
 167.200000 1.945996 1.424042 0.727300
 167.400000 1.937121 1.376736 0.339594
 167.600000 1.905403 1.340172 1.677652
 167.800000 1.925334 1.383804 0.092593
 168.000000 1.874032 1.351417 2.055777
 168.200000 1.954520 1.352984 1.537114
 168.400000 1.850488 1.501069 7.898420
 168.600000 1.838685 1.410609 3.397729
 168.800000 1.961345 1.449950 2.301531
 169.000000 1.864176 1.443387 2.660777
 169.200000 1.817355 1.384960 5.317775
 169.400000 1.905382 1.383482 0.186530
 169.600000 1.843880 1.379692 3.023953
 169.800000 1.863769 1.347984 2.738666
 170.000000 1.812249 1.352500 6.747957
 170.200000 1.862786 1.328520 3.923426
 170.400000 1.916420 1.350710 1.043463
 170.600000 1.815582 1.367274 5.857385
 170.800000 1.873848 1.398202 1.060553
 171.000000 1.943899 1.493311 4.998007
 171.200000 1.856299 1.381701 2.126191
 171.400000 1.930203 1.463129 2.288961
 171.600000 1.913284 1.440913 1.018443
 171.800000 1.893384 1.372820 0.625327
 172.000000 1.912145 1.453239 1.652890
 172.200000 1.915737 1.373479 0.268073
 172.400000 1.859468 1.402563 1.843538
 172.600000 1.834892 1.510214 10.102330
 172.800000 1.876001 1.301876 5.416381
 173.000000 1.875687 1.384916 1.040097
 173.200000 1.912179 1.401568 0.043582
 173.400000 1.894055 1.325111 2.864306
 173.600000 1.870407 1.441526 2.247237
 173.800000 1.877570 1.352376 1.857363
 174.000000 1.973479 1.357040 2.206629
 174.200000 1.886070 1.470928 3.358354
 174.400000 1.835900 1.411904 3.647117
 174.600000 1.935860 1.384589 0.196110
 174.800000 1.832847 1.423999 4.170429
 175.000000 1.907586 1.391925 0.084765
 175.200000 1.846951 1.464970 5.018263
 175.400000 1.814771 1.384692 5.589006
 175.600000 1.928452 1.338108 1.727914
 175.800000 1.889257 1.383834 0.545573
 176.000000 1.908267 1.313939 3.455917
 176.200000 1.877318 1.427577 1.395257
 176.400000 1.881547 1.352352 1.698107
 176.600000 1.901919 1.367406 0.577367
 176.800000 1.939096 1.437297 1.026823
 177.000000 1.773134 1.356348 11.561225
 177.200000 1.835495 1.407467 3.621630
 177.400000 1.923897 1.410633 0.111385
 177.600000 1.922913 1.278352 6.956224
 177.800000 1.794005 1.399062 7.923935
 178.000000 1.866003 1.284028 7.748818
 178.200000 1.932066 1.311177 3.694352
 178.400000 1.872470 1.394489 1.124602
 178.600000 1.874845 1.359607 1.685121
 178.800000 1.804513 1.479313 10.101361
 179.000000 1.904306 1.434110 0.837171
 179.200000 1.858288 1.447607 3.213760
 179.400000 1.909543 1.445753 1.277848
 179.600000 1.883610 1.351264 1.669580
 179.800000 1.924181 1.383675 0.088558
 180.000000 1.999642 1.381157 3.296506
 180.200000 1.815459 1.273912 12.934898
 180.400000 1.907951 1.417217 0.290453
 180.600000 1.864946 1.532306 10.761632
 180.800000 1.847223 1.350002 3.708282
 181.000000 1.801651 1.450848 8.476665
 181.200000 1.857798 1.424964 2.337825
 181.400000 1.841452 1.432614 3.734812
 181.600000 1.837328 1.370842 3.729111
 181.800000 1.803101 1.361299 7.427808
 182.000000 2.023709 1.403187 5.416066
 182.200000 1.924310 1.425805 0.446245
 182.400000 1.788623 1.377595 8.786079
 182.600000 1.886439 1.404219 0.590195
 182.800000 1.928050 1.391055 0.047084
 183.000000 1.856865 1.388099 2.017618
 183.200000 1.821775 1.340421 6.369676
 183.400000 1.834371 1.388183 3.687053
 183.600000 1.936651 1.397742 0.142024
 183.800000 1.899054 1.344722 1.544774
 184.000000 1.881574 1.286308 6.778034
 184.200000 1.920758 1.480503 3.548597
 184.400000 1.900015 1.397323 0.197516
 184.600000 1.798875 1.405161 7.358482
 184.800000 1.947989 1.454536 2.093403
 185.000000 1.951047 1.446337 1.739915
 185.200000 1.903136 1.390032 0.159297
 185.400000 1.890300 1.478421 3.811895
 185.600000 1.807528 1.484276 10.182527
 185.800000 1.962338 1.375091 1.126246
 186.000000 1.955643 1.396733 0.640245
 186.200000 1.898673 1.401645 0.238963
 186.400000 1.907871 1.350563 1.116168
 186.600000 1.869944 1.398013 1.247454
 186.800000 1.931732 1.364760 0.566672
 187.000000 1.884297 1.393425 0.636480
 187.200000 1.893088 1.359664 1.028202
 187.400000 1.907730 1.470989 2.865545
 187.600000 1.935658 1.405695 0.169224
 187.800000 1.858987 1.453465 3.488885
 188.000000 1.847205 1.430241 3.216777
 188.200000 1.947763 1.402566 0.409089
 188.400000 1.878267 1.395281 0.865544
 188.600000 1.885939 1.323469 3.224938
 188.800000 1.910840 1.421545 0.360285
 189.000000 1.824346 1.426438 5.016903
 189.200000 1.810020 1.282681 12.483134
 189.400000 1.794663 1.449903 9.276009
 189.600000 1.808945 1.440647 7.136307
 189.800000 1.875547 1.303078 5.323690
 190.000000 1.859965 1.431382 2.410505
 190.200000 1.884852 1.316482 3.795365
 190.400000 1.921067 1.349086 1.113601
 190.600000 1.942983 1.431453 0.886463
 190.800000 1.882804 1.318874 3.681163
 191.000000 1.838453 1.414032 3.471551
 191.200000 1.905815 1.399109 0.102716
 191.400000 1.896213 1.375506 0.495093
 191.600000 1.826084 1.402383 4.415859
 191.800000 1.798833 1.358283 8.045302
 192.000000 1.882353 1.414532 0.870322
 192.200000 1.869108 1.404596 1.322688
 192.400000 1.839203 1.329565 5.477325
 192.600000 1.914589 1.289036 5.762725
 192.800000 1.894778 1.369823 0.664155
 193.000000 1.828014 1.353851 5.117448
 193.200000 1.907152 1.402017 0.097327
 193.400000 1.822968 1.460950 6.786464
 193.600000 1.825331 1.451259 5.980347
 193.800000 1.814434 1.393876 5.560399
 194.000000 1.908479 1.393718 0.068034
 194.200000 1.841245 1.407549 3.154018
 194.400000 1.828540 1.309892 7.899910
 194.600000 2.046341 1.377967 8.165853
 194.800000 1.867043 1.329663 3.612734
 195.000000 1.824724 1.341337 6.034084
 195.200000 1.970084 1.430747 1.855679
 195.400000 1.932320 1.493560 4.810952
 195.600000 1.905006 1.378987 0.259587
 195.800000 1.867536 1.470009 4.088209
 196.000000 1.973532 1.391309 1.452522
 196.200000 1.949447 1.419326 0.703559
 196.400000 1.862656 1.433698 2.336937
 196.600000 1.933792 1.368905 0.471258
 196.800000 1.959515 1.461821 2.935076
 197.000000 1.918844 1.486490 4.070954
 197.200000 1.843138 1.420238 3.230720
 197.400000 1.868070 1.426979 1.812905
 197.600000 1.931155 1.404666 0.099071
 197.800000 1.903984 1.382666 0.218492
 198.000000 1.808223 1.406989 6.289179
 198.200000 1.814724 1.431307 6.141047
 198.400000 1.883052 1.346965 1.892637
 198.600000 1.813604 1.425321 6.067602
 198.800000 1.865141 1.303475 5.802084
 199.000000 1.945589 1.309027 4.136080
 199.200000 1.745169 1.484162 19.121911
 199.400000 1.932580 1.235080 13.070886
 199.600000 1.870427 1.433446 1.913180
 199.800000 1.907186 1.473798 3.086115
 200.000000 1.833284 1.315568 7.003722
