#! FIELDS time phi psi restraint.bias
#! SET min_phi -pi
#! SET max_phi pi
#! SET min_psi -pi
#! SET max_psi pi
 0.000000 0.490054 0.663447 169.494143
 0.200000 0.040850 0.380304 1.322268
 0.400000 0.122284 0.371523 7.728875
 0.600000 -0.020391 0.281919 2.462211
 0.800000 -0.021659 0.366785 0.391536
 1.000000 -0.000741 0.390071 0.841000
 1.200000 0.068366 0.425590 5.264957
 1.400000 0.101849 0.429730 8.439963
 1.600000 0.145743 0.393574 11.610949
 1.800000 0.003111 0.379493 0.467740
 2.000000 0.060539 0.320219 2.248528
 2.200000 0.019872 0.385109 0.847019
 2.400000 0.092674 0.385446 4.956003
 2.600000 0.105084 0.423005 8.254834
 2.800000 0.076291 0.445734 7.582503
 3.000000 0.079670 0.391920 4.091905
 3.200000 0.040494 0.274798 3.577745
 3.400000 0.062143 0.349834 1.931147
 3.600000 0.035146 0.436199 4.413685
 3.800000 0.082893 0.463065 9.933531
 4.000000 0.156740 0.482068 21.128456
 4.200000 0.076124 0.294830 4.368202
 4.400000 0.030865 0.276896 3.080571
 4.600000 -0.041200 0.374854 1.181246
 4.800000 0.093041 0.380402 4.819246
 5.000000 0.115173 0.415314 8.826845
 5.200000 0.073507 0.390867 3.575350
 5.400000 0.163993 0.317019 13.960340
 5.600000 0.063443 0.317733 2.503389
 5.800000 0.001093 0.375238 0.343088
 6.000000 -0.004860 0.435248 3.725510
 6.200000 0.073480 0.374715 3.028617
 6.400000 0.216025 0.377935 23.750194
 6.600000 0.099184 0.407140 6.605013
 6.800000 0.132462 0.440149 12.921139
 7.000000 -0.011306 0.308224 0.897940
 7.200000 0.163816 0.293523 14.960431
 7.400000 -0.019218 0.262198 3.957702
 7.600000 0.009796 0.342850 0.067296
 7.800000 0.005661 0.392823 0.973369
 8.000000 -0.097130 0.346117 4.721506
 8.200000 -0.195378 0.318047 19.567295
 8.400000 0.013728 0.471713 7.615340
 8.600000 -0.092641 0.434099 7.906457
 8.800000 -0.064275 0.267038 5.429918
 9.000000 0.115864 0.280304 9.076296
 9.200000 0.069582 0.193378 14.540126
 9.400000 -0.002775 0.272512 2.934063
 9.600000 0.034694 0.400811 1.940602
 9.800000 -0.050188 0.349202 1.259451
 10.000000 0.059772 0.283091 3.962649
 10.200000 0.033645 0.242356 6.259463
 10.400000 -0.061847 0.325345 2.193874
 10.600000 -0.048724 0.431507 4.585267
 10.800000 0.035011 0.346337 0.616625
 11.000000 0.034396 0.260559 4.508242
 11.200000 -0.037108 0.350757 0.689928
 11.400000 0.031619 0.358477 0.544162
 11.600000 0.006275 0.362671 0.112237
 11.800000 0.056326 0.287566 3.477429
 12.000000 -0.004301 0.309943 0.774549
 12.200000 0.033764 0.355989 0.593955
 12.400000 0.016525 0.411370 2.077412
 12.600000 -0.005347 0.286979 1.941667
 12.800000 0.069351 0.326915 2.650128
 13.000000 -0.080585 0.426180 6.220294
 13.200000 0.034550 0.308378 1.424602
 13.400000 0.050452 0.311095 1.993602
 13.600000 -0.011500 0.377710 0.476363
 13.800000 -0.070804 0.376795 2.891036
 14.000000 0.119286 0.357952 7.154034
 14.200000 0.078799 0.210479 12.707819
 14.400000 -0.095830 0.307030 5.475174
 14.600000 0.011482 0.381069 0.578025
 14.800000 0.069460 0.313298 3.052000
 15.000000 -0.031266 0.281207 2.791189
 15.200000 -0.027731 0.308388 1.211819
 15.400000 0.044873 0.248464 6.067131
 15.600000 0.099210 0.348179 4.921668
 15.800000 -0.056645 0.364489 1.723264
 16.000000 -0.092493 0.300169 5.472890
 16.200000 0.046950 0.338878 1.154071
 16.400000 -0.006524 0.356458 0.048605
 16.600000 -0.047465 0.341820 1.152720
 16.800000 0.024110 0.298758 1.556119
 17.000000 0.036075 0.336185 0.733679
 17.200000 -0.037085 0.302497 1.771979
 17.400000 -0.018529 0.339150 0.220832
 17.600000 0.055073 0.341491 1.545222
 17.800000 -0.026432 0.334057 0.461960
 18.000000 -0.020794 0.316651 0.741552
 18.200000 0.053979 0.249465 6.417081
 18.400000 0.108349 0.323156 6.205396
 18.600000 -0.026210 0.345609 0.349450
 18.800000 -0.001978 0.289288 1.788678
 19.000000 0.004231 0.224638 7.750109
 19.200000 0.023598 0.362245 0.365291
 19.400000 0.003450 0.391582 0.909773
 19.600000 0.032102 0.231953 7.373000
 19.800000 0.038472 0.358993 0.789334
 20.000000 -0.055263 0.330806 1.693695
 20.200000 0.056155 0.266718 4.967232
 20.400000 -0.011273 0.284817 2.127497
 20.600000 -0.000608 0.402660 1.436364
 20.800000 -0.015490 0.306913 1.008416
 21.000000 -0.042019 0.205042 11.254225
 21.200000 0.056886 0.343413 1.633991
 21.400000 0.007865 0.375979 0.393086
 21.600000 -0.032122 0.229236 7.695488
 21.800000 0.003375 0.317827 0.493631
 22.000000 -0.058367 0.246652 6.947678
 22.200000 0.051749 0.372656 1.617218
 22.400000 -0.024580 0.322230 0.662187
 22.600000 0.048365 0.251407 5.938221
 22.800000 0.029844 0.383886 1.051556
 23.000000 0.025139 0.370742 0.550920
 23.200000 -0.087146 0.308401 4.624039
 23.400000 0.055586 0.221126 9.729164
 23.600000 0.046103 0.346958 1.064978
 23.800000 -0.007170 0.356667 0.054595
 24.000000 -0.052794 0.178829 15.883952
 24.200000 0.021430 0.317371 0.731912
 24.400000 0.004461 0.410899 1.921622
 24.600000 -0.026608 0.320550 0.760585
 24.800000 -0.038784 0.268054 4.033603
 25.000000 0.033651 0.314772 1.154223
 25.200000 0.011245 0.405276 1.642993
 25.400000 -0.006933 0.342374 0.046428
 25.600000 -0.021461 0.292173 1.848702
 25.800000 0.032422 0.329447 0.718037
 26.000000 0.033056 0.346472 0.549722
 26.200000 -0.052160 0.323504 1.687046
 26.400000 0.054663 0.276654 4.115749
 26.600000 0.107092 0.334667 5.837986
 26.800000 0.060967 0.294762 3.332952
 27.000000 -0.018409 0.324992 0.459230
 27.200000 0.041408 0.304798 1.837105
 27.400000 0.083294 0.360794 3.537731
 27.600000 -0.022185 0.339023 0.296522
 27.800000 -0.050093 0.331386 1.410953
 28.000000 -0.061048 0.229383 9.025426
 28.200000 0.107414 0.267001 9.136135
 28.400000 -0.001312 0.376793 0.385254
 28.600000 -0.070961 0.317986 3.000733
 28.800000 0.004857 0.314565 0.606936
 29.000000 0.128016 0.320753 8.594888
 29.200000 0.018667 0.396877 1.317181
 29.400000 -0.096244 0.364321 4.747837
 29.600000 0.055327 0.294518 3.018292
 29.800000 0.043762 0.248691 5.995170
 30.000000 -0.032255 0.345211 0.527614
 30.200000 -0.037800 0.301897 1.826855
 30.400000 0.079662 0.345211 3.180463
 30.600000 0.082876 0.307113 4.314213
 30.800000 -0.026267 0.309305 1.135434
 31.000000 -0.046850 0.287449 2.995818
 31.200000 -0.009145 0.314795 0.629053
 31.400000 0.027154 0.396191 1.479087
 31.600000 -0.041945 0.327374 1.114973
 31.800000 -0.062249 0.238595 8.039400
 32.000000 0.054565 0.353501 1.498494
 32.200000 0.009465 0.352103 0.049410
 32.400000 -0.016962 0.339409 0.190478
 32.600000 0.002677 0.286289 1.974063
 32.800000 0.068435 0.394441 3.371170
 33.000000 -0.044311 0.305532 1.929327
 33.200000 0.021236 0.315505 0.788641
 33.400000 0.021701 0.359016 0.284961
 33.600000 -0.003378 0.321467 0.386550
 33.800000 0.001652 0.299899 1.210071
 34.000000 -0.030548 0.333083 0.594319
 34.200000 -0.054583 0.319104 1.938523
 34.400000 -0.008071 0.371932 0.294010
 34.600000 0.060277 0.339619 1.861262
 34.800000 -0.083335 0.273548 6.323834
 35.000000 0.017215 0.397755 1.333507
 35.200000 0.026753 0.307986 1.201640
 35.400000 0.093474 0.354520 4.383535
 35.600000 -0.137840 0.257194 13.720133
 35.800000 0.055806 0.412536 3.571390
 36.000000 -0.037828 0.379576 1.180923
 36.200000 0.027808 0.298365 1.671937
 36.400000 0.019549 0.240684 6.064333
 36.600000 0.086938 0.328952 3.981371
 36.800000 -0.030137 0.498176 11.571053
 37.000000 0.034427 0.356112 0.617432
 37.200000 -0.023560 0.184787 13.771244
 37.400000 0.130836 0.324640 8.857395
 37.600000 -0.022337 0.458274 6.212661
 37.800000 -0.078867 0.346262 3.113898
 38.000000 0.000261 0.307796 0.851649
 38.200000 0.152833 0.326143 11.941657
 38.400000 0.012393 0.302959 1.139712
 38.600000 -0.045894 0.387277 1.783169
 38.800000 0.008090 0.351685 0.036151
 39.000000 0.107661 0.268669 9.027289
 39.200000 0.105994 0.426224 8.594079
 39.400000 -0.147676 0.338525 10.959678
 39.600000 0.020314 0.345494 0.212709
 39.800000 0.079873 0.309890 3.957209
 40.000000 -0.046851 0.393034 2.064100
 40.200000 -0.024601 0.326560 0.555861
 40.400000 0.046373 0.328431 1.288107
 40.600000 -0.031009 0.338946 0.531976
 40.800000 0.002873 0.387214 0.731780
 41.000000 -0.022653 0.287307 2.163665
 41.200000 0.026836 0.253846 4.893464
 41.400000 0.031681 0.301215 1.646675
 41.600000 -0.029276 0.449719 5.494066
 41.800000 0.008974 0.329783 0.226193
 42.000000 0.075783 0.309705 3.646194
 42.200000 -0.006275 0.220446 8.291273
 42.400000 -0.007947 0.394993 1.086206
 42.600000 0.054539 0.445582 6.144936
 42.800000 -0.047696 0.300416 2.320858
 43.000000 0.055089 0.361658 1.596691
 43.200000 0.036863 0.380615 1.177119
 43.400000 -0.009723 0.429299 3.265932
 43.600000 0.006382 0.313890 0.639033
 43.800000 0.124973 0.367475 7.978563
 44.000000 -0.034756 0.346240 0.607968
 44.200000 -0.092968 0.378948 4.767996
 44.400000 -0.048859 0.458469 7.178145
 44.600000 -0.047529 0.407104 2.813720
 44.800000 -0.017720 0.300374 1.342457
 45.000000 0.073830 0.389759 3.553439
 45.200000 -0.050966 0.392240 2.230757
 45.400000 0.046402 0.395583 2.158500
 45.600000 0.046231 0.454914 6.670538
 45.800000 0.086551 0.364878 3.870537
 46.000000 0.051670 0.339858 1.377305
 46.200000 0.008337 0.340316 0.073028
 46.400000 -0.018671 0.420285 2.710416
 46.600000 0.039502 0.337426 0.847970
 46.800000 0.015067 0.316028 0.659248
 47.000000 -0.023470 0.364294 0.391375
 47.200000 -0.068219 0.356740 2.356365
 47.400000 -0.061636 0.379347 2.357965
 47.600000 0.005864 0.344540 0.027440
 47.800000 0.062461 0.316253 2.489052
 48.000000 0.006685 0.399257 1.281906
 48.200000 -0.087888 0.383456 4.453532
 48.400000 0.095632 0.368600 4.763544
 48.600000 0.019513 0.373042 0.477810
 48.800000 0.037586 0.432599 4.195226
 49.000000 0.001803 0.413195 2.057889
 49.200000 0.097167 0.346705 4.723498
 49.400000 0.046985 0.418859 3.539346
 49.600000 -0.016705 0.351413 0.142282
 49.800000 0.044306 0.322380 1.337567
 50.000000 0.003439 0.390869 0.879656
 50.200000 -0.099368 0.319159 5.384256
 50.400000 -0.063268 0.355977 2.025311
 50.600000 0.067159 0.414090 4.369240
 50.800000 0.035097 0.318446 1.084704
 51.000000 -0.033507 0.357753 0.599091
 51.200000 -0.011786 0.410068 1.930087
 51.400000 0.173347 0.304964 15.997094
 51.600000 0.076191 0.322919 3.244368
 51.800000 -0.045172 0.340972 1.053016
 52.000000 -0.000274 0.424200 2.822601
 52.200000 0.006242 0.288761 1.837833
 52.400000 0.040497 0.317399 1.321400
 52.600000 0.030350 0.388655 1.244208
 52.800000 -0.094704 0.325530 4.761344
 53.000000 0.012654 0.295078 1.537379
 53.200000 0.049828 0.319960 1.665001
 53.400000 -0.029983 0.347532 0.450668
 53.600000 -0.059798 0.271711 4.779780
 53.800000 0.123099 0.328581 7.786457
 54.000000 -0.044368 0.262882 4.698134
 54.200000 -0.002609 0.382197 0.552227
 54.400000 -0.061613 0.353311 1.907080
 54.600000 0.090934 0.415443 6.337469
 54.800000 0.033815 0.256077 4.895168
 55.000000 0.030546 0.273754 3.302446
 55.200000 -0.016719 0.367379 0.307445
 55.400000 0.010955 0.390988 0.938723
 55.600000 -0.001513 0.338924 0.052571
 55.800000 0.027909 0.306422 1.298713
 56.000000 -0.022240 0.351341 0.249904
 56.200000 -0.017057 0.321868 0.515342
 56.400000 -0.056015 0.396576 2.697460
 56.600000 0.131537 0.385928 9.330412
 56.800000 -0.023283 0.334905 0.371319
 57.000000 -0.061861 0.311565 2.616565
 57.200000 0.063925 0.404407 3.574553
 57.400000 0.021923 0.367675 0.413446
 57.600000 0.001813 0.327177 0.241202
 57.800000 0.043938 0.347412 0.966661
 58.000000 0.085599 0.325977 3.930182
 58.200000 -0.108768 0.341601 5.943115
 58.400000 0.021877 0.411126 2.165006
 58.600000 0.016401 0.300553 1.311224
 58.800000 0.088784 0.337396 4.009378
 59.000000 0.021336 0.408543 1.996395
 59.200000 0.026665 0.471790 7.886081
 59.400000 0.040382 0.260748 4.715425
 59.600000 0.065712 0.353498 2.168827
 59.800000 0.017038 0.351540 0.148200
 60.000000 -0.061255 0.407501 3.583375
 60.200000 0.124415 0.381305 8.259173
 60.400000 0.006425 0.321900 0.389620
 60.600000 -0.069318 0.387384 3.136602
 60.800000 0.056003 0.378668 2.006342
 61.000000 0.004687 0.353104 0.019140
 61.200000 -0.072644 0.395057 3.696165
 61.400000 0.096144 0.393323 5.601160
 61.600000 0.030691 0.345601 0.476976
 61.800000 -0.012436 0.385128 0.727561
 62.000000 0.102302 0.444848 9.820019
 62.200000 0.003047 0.303090 1.061535
 62.400000 -0.021610 0.333014 0.362322
 62.600000 0.067915 0.422284 4.986687
 62.800000 -0.026189 0.363127 0.441793
 63.000000 0.040347 0.308471 1.637906
 63.200000 0.075316 0.315953 3.384485
 63.400000 0.028985 0.324265 0.727596
 63.600000 0.027679 0.378010 0.801954
 63.800000 0.090222 0.377572 4.476297
 64.000000 -0.020783 0.336073 0.300377
 64.200000 0.012615 0.353428 0.089087
 64.400000 0.086785 0.370312 3.991499
 64.600000 -0.031629 0.354840 0.516877
 64.800000 -0.012972 0.340074 0.124557
 65.000000 0.030060 0.368777 0.646077
 65.200000 -0.079214 0.411360 5.077717
 65.400000 0.096714 0.346639 4.679730
 65.600000 0.105875 0.314980 6.185701
 65.800000 -0.035010 0.353344 0.621991
 66.000000 -0.037846 0.412003 2.696701
 66.200000 0.088925 0.391018 4.833829
 66.400000 0.038418 0.354183 0.751051
 66.600000 0.038862 0.367058 0.916998
 66.800000 -0.079846 0.333278 3.312289
 67.000000 0.007150 0.372143 0.291829
 67.200000 -0.018562 0.386694 0.880200
 67.400000 -0.003469 0.383676 0.604964
 67.600000 0.043926 0.336245 1.046924
 67.800000 0.032152 0.380850 1.021990
 68.000000 -0.011187 0.403936 1.567921
 68.200000 0.011153 0.363937 0.172778
 68.400000 0.112262 0.418861 8.737002
 68.600000 -0.027110 0.369336 0.572909
 68.800000 -0.078429 0.332943 3.205520
 69.000000 0.090444 0.394734 5.132850
 69.200000 0.061391 0.360854 1.953924
 69.400000 -0.036762 0.313442 1.310229
 69.600000 0.069279 0.383154 2.980778
 69.800000 -0.018015 0.303351 1.207172
 70.000000 -0.041455 0.410396 2.739927
 70.200000 0.037912 0.435832 4.482861
 70.400000 -0.080761 0.344431 3.271875
 70.600000 -0.001627 0.286415 1.963864
 70.800000 0.096116 0.379770 5.090509
 71.000000 0.042239 0.370372 1.119030
 71.200000 -0.090497 0.388410 4.868785
 71.400000 0.102463 0.366363 5.398942
 71.600000 -0.050197 0.201127 12.202845
 71.800000 -0.002428 0.321722 0.376804
 72.000000 0.001712 0.414592 2.148281
 72.200000 -0.061433 0.357808 1.925202
 72.400000 -0.034480 0.343186 0.611722
 72.600000 0.026910 0.268203 3.631483
 72.800000 0.057546 0.295212 3.105865
 73.000000 0.010664 0.242686 5.715243
 73.200000 -0.002153 0.381388 0.524689
 73.400000 -0.117606 0.382268 7.466800
 73.600000 -0.039190 0.409249 2.578919
 73.800000 0.049920 0.336938 1.319526
 74.000000 0.102806 0.285296 7.317899
 74.200000 -0.099217 0.320352 5.334259
 74.400000 0.067496 0.324424 2.581448
 74.600000 -0.105340 0.372691 5.827350
 74.800000 -0.047291 0.378204 1.542733
 75.000000 -0.030380 0.390096 1.303197
 75.200000 0.000539 0.227213 7.424214
 75.400000 0.079309 0.319036 3.595808
 75.600000 0.023462 0.400959 1.621687
 75.800000 0.001973 0.372372 0.273526
 76.000000 0.080873 0.371865 3.530139
 76.200000 0.090753 0.325185 4.403179
 76.400000 -0.104380 0.341706 5.474656
 76.600000 -0.017535 0.438638 4.165329
 76.800000 0.012862 0.348272 0.083026
 77.000000 0.088400 0.356977 3.938565
 77.200000 -0.023021 0.303110 1.320957
 77.400000 0.022934 0.381600 0.792222
 77.600000 -0.054048 0.343650 1.475235
 77.800000 0.059405 0.380977 2.273624
 78.000000 -0.034918 0.386254 1.301088
 78.200000 -0.010747 0.380021 0.536854
 78.400000 0.022494 0.278573 2.737582
 78.600000 0.127172 0.339837 8.128992
 78.800000 -0.073405 0.424566 5.544307
 79.000000 -0.059065 0.407909 3.475613
 79.200000 0.071684 0.308215 3.403699
 79.400000 0.059675 0.321458 2.161640
 79.600000 0.031521 0.400976 1.844102
 79.800000 -0.014632 0.395473 1.183852
 80.000000 0.051054 0.365278 1.434656
 80.200000 0.096277 0.245125 10.036545
 80.400000 -0.015028 0.326891 0.358788
 80.600000 -0.036612 0.389127 1.472682
 80.800000 0.027249 0.313319 1.010152
 81.000000 0.012618 0.319308 0.522353
 81.200000 -0.027274 0.312251 1.049606
 81.400000 0.065633 0.322167 2.515587
 81.600000 -0.040672 0.354631 0.842581
 81.800000 -0.030796 0.391478 1.373618
 82.000000 -0.027900 0.268102 3.666777
 82.200000 0.068003 0.349872 2.312507
 82.400000 -0.070900 0.321808 2.884928
 82.600000 0.022160 0.360706 0.313285
 82.800000 0.072322 0.364832 2.739498
 83.000000 0.051687 0.363982 1.447038
 83.200000 -0.004327 0.368598 0.200109
 83.400000 0.069314 0.381102 2.915371
 83.600000 0.041469 0.412622 2.879539
 83.800000 0.020302 0.301257 1.348927
 84.000000 0.066927 0.314553 2.835170
 84.200000 -0.035886 0.327089 0.885412
 84.400000 0.012846 0.414029 2.192619
 84.600000 0.064094 0.373849 2.361109
 84.800000 -0.023997 0.309993 1.051277
 85.000000 -0.001667 0.394819 1.048084
 85.200000 -0.011487 0.387306 0.797119
 85.400000 0.025352 0.307265 1.195020
 85.600000 0.070206 0.371777 2.722302
 85.800000 0.100200 0.418590 7.436858
 86.000000 -0.049000 0.295082 2.657643
 86.200000 0.010177 0.321532 0.430842
 86.400000 -0.007782 0.362960 0.126809
 86.600000 0.023702 0.393934 1.287453
 86.800000 0.021007 0.294815 1.692249
 87.000000 -0.023990 0.398610 1.515087
 87.200000 -0.025639 0.372427 0.601561
 87.400000 -0.000083 0.393925 1.006169
 87.600000 -0.010331 0.380189 0.537679
 87.800000 0.092500 0.317779 4.767560
 88.000000 0.024874 0.299342 1.545601
 88.200000 0.023495 0.419584 2.762389
 88.400000 0.048294 0.436567 4.994363
 88.600000 -0.015682 0.454390 5.669609
 88.800000 -0.112844 0.313779 6.989421
 89.000000 0.053935 0.298006 2.757999
 89.200000 0.056299 0.317016 2.098367
 89.400000 -0.036409 0.444262 5.193962
 89.600000 0.005490 0.350921 0.016789
 89.800000 -0.043849 0.304375 1.960027
 90.000000 0.109058 0.290367 7.669626
 90.200000 0.065600 0.408164 3.897965
 90.400000 0.037378 0.401739 2.085749
 90.600000 0.076666 0.290774 4.637801
 90.800000 0.014339 0.366405 0.253129
 91.000000 -0.000160 0.376955 0.388923
 91.200000 -0.039340 0.391996 1.695318
 91.400000 -0.021295 0.428620 3.391154
 91.600000 0.017057 0.375489 0.494559
 91.800000 0.027107 0.393133 1.338365
 92.000000 0.007519 0.377987 0.446470
 92.200000 0.082983 0.388004 4.201170
 92.400000 -0.054345 0.386464 2.175967
 92.600000 0.005857 0.343034 0.035344
 92.800000 0.068966 0.328307 2.593610
 93.000000 0.027516 0.399925 1.671889
 93.200000 -0.048579 0.383507 1.773022
 93.400000 0.017595 0.337480 0.221898
 93.600000 -0.006361 0.322464 0.374052
 93.800000 0.084637 0.328681 3.789481
 94.000000 -0.049018 0.379607 1.667796
 94.200000 -0.053819 0.315549 2.009917
 94.400000 0.029722 0.322158 0.803727
 94.600000 0.036775 0.387668 1.421297
 94.800000 -0.018125 0.325710 0.436998
 95.000000 -0.002518 0.347177 0.004954
 95.200000 -0.078818 0.289762 4.864601
 95.400000 0.054691 0.325634 1.770076
 95.600000 -0.000572 0.414528 2.142820
 95.800000 -0.016122 0.363592 0.235467
 96.000000 -0.047993 0.317744 1.642226
 96.200000 0.117553 0.352774 6.916221
 96.400000 -0.051991 0.418360 3.752396
 96.600000 -0.013525 0.316950 0.607188
 96.800000 0.030267 0.312179 1.138376
 97.000000 0.090624 0.356771 4.136035
 97.200000 0.008227 0.371846 0.293316
 97.400000 0.018517 0.354090 0.184070
 97.600000 0.057757 0.303677 2.698055
 97.800000 0.020775 0.322574 0.566709
 98.000000 0.104707 0.392490 6.424575
 98.200000 -0.008208 0.300878 1.194711
 98.400000 0.084598 0.369983 3.797149
 98.600000 0.017081 0.344800 0.154986
 98.800000 -0.073821 0.337944 2.786644
 99.000000 -0.061186 0.341613 1.899620
 99.200000 0.043075 0.411541 2.879344
 99.400000 -0.033392 0.346892 0.559867
 99.600000 -0.023500 0.308291 1.107432
 99.800000 -0.027074 0.270408 3.460020
 100.000000 -0.002195 0.388786 0.791244
 100.200000 0.036022 0.351505 0.651779
 100.400000 0.080976 0.344420 3.289387
 100.600000 -0.043902 0.291050 2.646637
 100.800000 0.070605 0.379709 2.962002
 101.000000 0.064821 0.358613 2.146458
 101.200000 0.008908 0.303359 1.084228
 101.400000 -0.011681 0.409790 1.911941
 101.600000 0.048760 0.313639 1.816319
 101.800000 0.044611 0.347899 0.995767
 102.000000 -0.052237 0.396501 2.489423
 102.200000 -0.092117 0.448015 9.138151
 102.400000 0.139333 0.371922 9.968110
 102.600000 0.106205 0.308354 6.468429
 102.800000 -0.042876 0.329968 1.101525
 103.000000 0.056808 0.384795 2.251878
 103.200000 0.142477 0.340048 10.190466
 103.400000 0.083809 0.320023 3.933671
 103.600000 -0.009560 0.388561 0.825611
 103.800000 0.022378 0.363945 0.361089
 104.000000 0.090512 0.289029 5.898460
 104.200000 0.050805 0.346342 1.294265
 104.400000 -0.068622 0.420531 4.908107
 104.600000 -0.108926 0.310682 6.669133
 104.800000 0.080149 0.307311 4.083664
 105.000000 0.003851 0.349666 0.007597
 105.200000 -0.076018 0.407772 4.612561
 105.400000 -0.097876 0.340062 4.830398
 105.600000 0.094054 0.340022 4.464011
 105.800000 0.011316 0.393758 1.062703
 106.000000 -0.023339 0.455026 5.886170
 106.200000 0.053001 0.268688 4.634877
 106.400000 0.171111 0.305088 15.606503
 106.600000 -0.020968 0.390116 1.062376
 106.800000 0.018084 0.396804 1.302973
 107.000000 0.096171 0.315608 5.184091
 107.200000 0.118231 0.333194 7.115240
 107.400000 -0.127430 0.390012 8.957451
 107.600000 -0.093843 0.416044 6.646263
 107.800000 -0.005494 0.367650 0.187769
 108.000000 0.081647 0.331781 3.482494
 108.200000 0.033335 0.418639 2.975803
 108.400000 -0.079653 0.414004 5.280779
 108.600000 0.078257 0.320865 3.459769
 108.800000 0.098477 0.261346 8.696209
 109.000000 -0.038527 0.408436 2.504594
 109.200000 0.026198 0.407944 2.076474
 109.400000 0.070877 0.319682 2.943495
 109.600000 -0.023840 0.269370 3.459896
 109.800000 -0.057765 0.394620 2.705952
 110.000000 -0.046268 0.394937 2.122453
 110.200000 0.025696 0.318232 0.805491
 110.400000 -0.023468 0.333893 0.390478
 110.600000 -0.003154 0.381129 0.518985
 110.800000 -0.011533 0.347174 0.068296
 111.000000 0.106573 0.444412 10.224339
 111.200000 -0.080293 0.277266 5.801078
 111.400000 0.028947 0.291673 2.065944
 111.600000 0.047900 0.338304 1.205096
 111.800000 0.015295 0.424288 2.946184
 112.000000 -0.024372 0.330962 0.460862
 112.200000 0.036022 0.303839 1.671534
 112.400000 -0.003650 0.314214 0.613985
 112.600000 0.025009 0.373679 0.615642
 112.800000 0.028146 0.354900 0.413107
 113.000000 -0.054158 0.368632 1.657944
 113.200000 -0.004951 0.351823 0.016057
 113.400000 0.038898 0.339158 0.805592
 113.600000 0.068052 0.300630 3.488577
 113.800000 0.060182 0.278466 4.303090
 114.000000 0.070283 0.388731 3.256540
 114.200000 -0.049097 0.381044 1.716560
 114.400000 0.088002 0.323241 4.205618
 114.600000 0.110319 0.347653 6.086113
 114.800000 -0.018749 0.358490 0.220169
 115.000000 -0.022963 0.378872 0.707859
 115.200000 0.033179 0.312349 1.224477
 115.400000 -0.003203 0.242314 5.703066
 115.600000 0.067186 0.405186 3.831725
 115.800000 -0.039148 0.331881 0.913936
 116.000000 0.022107 0.337792 0.307904
 116.200000 0.015070 0.262400 3.869035
 116.400000 0.022883 0.277644 2.812388
 116.600000 -0.058593 0.430996 5.072847
 116.800000 0.034328 0.303841 1.611829
 117.000000 0.036284 0.238879 6.728843
 117.200000 -0.016846 0.319703 0.572979
 117.400000 -0.047147 0.336364 1.192089
 117.600000 -0.016782 0.401395 1.509984
 117.800000 -0.015812 0.282764 2.322977
 118.000000 -0.037685 0.310078 1.470100
 118.200000 -0.045495 0.371467 1.285817
 118.400000 0.009850 0.333456 0.170341
 118.600000 0.057204 0.235437 8.091862
 118.800000 0.090717 0.199470 15.304239
 119.000000 -0.056753 0.403281 3.080103
 119.200000 -0.031348 0.356459 0.518670
 119.400000 0.046928 0.330586 1.271856
 119.600000 0.009406 0.273858 2.872361
 119.800000 -0.048705 0.298227 2.478348
 120.000000 0.064232 0.326157 2.325269
 120.200000 0.019797 0.303305 1.243003
 120.400000 -0.001278 0.347049 0.002849
 120.600000 0.064685 0.360378 2.156077
 120.800000 0.055428 0.263641 5.184857
 121.000000 -0.032916 0.293686 2.075183
 121.200000 -0.029827 0.331685 0.595874
 121.400000 0.041907 0.389951 1.713920
 121.600000 -0.077366 0.253248 7.583245
 121.800000 0.025316 0.350039 0.320935
 122.000000 -0.026311 0.369031 0.545439
 122.200000 -0.025507 0.289128 2.121604
 122.400000 -0.041786 0.263006 4.576167
 122.600000 0.022741 0.357061 0.290529
 122.800000 -0.007952 0.266382 3.449946
 123.000000 -0.007115 0.332728 0.158775
 123.200000 -0.100869 0.332350 5.226968
 123.400000 0.072509 0.338772 2.681744
 123.600000 0.004597 0.347997 0.011136
 123.800000 -0.113012 0.343187 6.403137
 124.000000 0.001955 0.338572 0.056967
 124.200000 0.044416 0.302299 2.079969
 124.400000 -0.097753 0.263540 8.435172
 124.600000 -0.073081 0.342267 2.693539
 124.800000 0.057519 0.286068 3.638586
 125.000000 -0.002040 0.329593 0.191680
 125.200000 -0.088352 0.344531 3.913357
 125.400000 -0.001530 0.299296 1.239712
 125.600000 0.047433 0.352214 1.129886
 125.800000 -0.006712 0.352661 0.028988
 126.000000 -0.039725 0.333758 0.906208
 126.200000 0.024875 0.317312 0.813550
 126.400000 0.094020 0.365469 4.554418
 126.600000 0.045820 0.326378 1.307119
 126.800000 -0.060204 0.315985 2.359410
 127.000000 0.008760 0.364892 0.163602
 127.200000 0.074964 0.356043 2.834159
 127.400000 -0.024766 0.310626 1.045500
 127.600000 0.001029 0.403034 1.456798
 127.800000 0.007515 0.366249 0.175866
 128.000000 0.047596 0.315764 1.687207
 128.200000 0.015658 0.341689 0.149789
 128.400000 -0.080650 0.380506 3.746411
 128.600000 -0.029206 0.368883 0.622863
 128.800000 0.132497 0.315957 9.325794
 129.000000 0.055804 0.351169 1.559236
 129.200000 -0.111565 0.321958 6.590848
 129.400000 0.031129 0.344548 0.494707
 129.600000 0.073258 0.285153 4.725794
 129.800000 0.013103 0.346642 0.088781
 130.000000 -0.034609 0.372081 0.863738
 130.200000 0.023722 0.339392 0.328160
 130.400000 0.046896 0.323450 1.427714
 130.600000 -0.008232 0.346237 0.037887
 130.800000 -0.020154 0.312084 0.886936
 131.000000 0.000913 0.314961 0.581991
 131.200000 0.095996 0.399226 5.865591
 131.400000 -0.029860 0.332663 0.580353
 131.600000 0.016021 0.267603 3.446417
 131.800000 0.017647 0.269754 3.300888
 132.000000 -0.021795 0.367886 0.414623
 132.200000 -0.096703 0.377836 5.089616
 132.400000 0.022423 0.293074 1.818935
 132.600000 0.035944 0.276630 3.269507
 132.800000 0.003761 0.347565 0.008199
 133.000000 0.001351 0.363483 0.104837
 133.200000 0.084723 0.307168 4.466724
 133.400000 0.053472 0.365073 1.557757
 133.600000 0.022520 0.332007 0.399081
 133.800000 -0.019520 0.402953 1.642403
 134.000000 0.012223 0.387458 0.811664
 134.200000 0.095486 0.396906 5.703118
 134.400000 -0.004969 0.389945 0.847903
 134.600000 0.006948 0.327344 0.260062
 134.800000 0.048430 0.404213 2.693334
 135.000000 0.055697 0.413277 3.612606
 135.200000 -0.035881 0.305702 1.583936
 135.400000 0.023704 0.357533 0.316788
 135.600000 0.006750 0.380007 0.501467
 135.800000 -0.022877 0.336307 0.343064
 136.000000 0.021363 0.341512 0.256711
 136.200000 -0.000546 0.302627 1.078454
 136.400000 -0.042079 0.316799 1.405893
 136.600000 0.025390 0.411892 2.295860
 136.800000 -0.000782 0.402333 1.419002
 137.000000 0.027270 0.304635 1.358894
 137.200000 0.110345 0.271342 9.108441
 137.400000 0.011293 0.419644 2.554416
 137.600000 0.052363 0.347364 1.372407
 137.800000 0.113039 0.365767 6.528379
 138.000000 0.026197 0.305984 1.271137
 138.200000 -0.104103 0.397047 6.569798
 138.400000 0.037793 0.306550 1.617968
 138.600000 0.110309 0.254222 10.581701
 138.800000 -0.078354 0.334484 3.176005
 139.000000 0.057670 0.398708 2.895060
 139.200000 0.022368 0.224328 8.029913
 139.400000 -0.020730 0.324274 0.522188
 139.600000 -0.042081 0.356787 0.915202
 139.800000 0.000837 0.326620 0.252262
 140.000000 0.036667 0.278787 3.141781
 140.200000 0.040064 0.282415 3.023720
 140.400000 0.023243 0.331309 0.427763
 140.600000 0.035057 0.389890 1.447788
 140.800000 0.132276 0.360504 8.813833
 141.000000 -0.007198 0.238129 6.179376
 141.200000 0.035270 0.289046 2.423208
 141.400000 -0.013235 0.332743 0.220803
 141.600000 -0.069291 0.356984 2.431990
 141.800000 0.041675 0.347552 0.869538
 142.000000 -0.079515 0.311327 3.873378
 142.200000 -0.049281 0.412890 3.251083
 142.400000 -0.026650 0.376307 0.726144
 142.600000 0.101858 0.298801 6.450823
 142.800000 0.035455 0.345756 0.633992
 143.000000 0.039822 0.379582 1.258496
 143.200000 0.029149 0.340555 0.461052
 143.400000 -0.046171 0.303454 2.106123
 143.600000 -0.007176 0.334815 0.127299
 143.800000 0.106261 0.374489 5.968816
 144.000000 0.007699 0.327982 0.251894
 144.200000 -0.021198 0.313948 0.841289
 144.400000 -0.028009 0.277078 2.983421
 144.600000 0.013846 0.278669 2.573713
 144.800000 -0.012047 0.289430 1.850776
 145.000000 -0.000565 0.377699 0.410082
 145.200000 -0.107011 0.315274 6.296579
 145.400000 0.161668 0.323780 13.387899
 145.600000 0.079985 0.301284 4.340324
 145.800000 -0.025887 0.294488 1.824428
 146.000000 -0.078438 0.313798 3.698178
 146.200000 0.014070 0.335682 0.188542
 146.400000 -0.006787 0.314183 0.631427
 146.600000 0.028159 0.433771 3.983971
 146.800000 -0.092907 0.328906 4.519063
 147.000000 0.044519 0.246756 6.224659
 147.200000 0.100212 0.381249 5.539086
 147.400000 -0.079255 0.366371 3.290444
 147.600000 0.014006 0.350945 0.099843
 147.800000 0.036103 0.371619 0.906047
 148.000000 -0.039878 0.362785 0.889238
 148.200000 -0.057927 0.244911 7.101844
 148.400000 0.058438 0.352687 1.714037
 148.600000 -0.005517 0.386322 0.709242
 148.800000 -0.050432 0.424384 4.108106
 149.000000 0.048799 0.259568 5.195575
 149.200000 0.074624 0.341463 2.813287
 149.400000 -0.047063 0.361641 1.186530
 149.600000 -0.039287 0.367367 0.939200
 149.800000 0.154771 0.362648 12.069260
 150.000000 0.123794 0.332272 7.803540
 150.200000 -0.042058 0.220416 9.159752
 150.400000 -0.007366 0.421891 2.678850
 150.600000 0.105135 0.323721 5.847851
 150.800000 0.030905 0.293035 2.047264
 151.000000 0.026155 0.341937 0.367452
 151.200000 -0.051490 0.288966 3.131618
 151.400000 0.023093 0.425841 3.213867
 151.600000 0.013130 0.357116 0.118604
 151.800000 -0.018366 0.251995 4.880061
 152.000000 0.054016 0.395144 2.520465
 152.200000 -0.121667 0.346527 7.404598
 152.400000 -0.035973 0.293204 2.207336
 152.600000 0.055734 0.314998 2.133443
 152.800000 0.106743 0.415051 7.874089
 153.000000 -0.095234 0.354087 4.547330
 153.200000 -0.067386 0.308070 3.110733
 153.400000 0.075852 0.340648 2.912160
 153.600000 0.130850 0.354501 8.575667
 153.800000 0.002081 0.352000 0.006470
 154.000000 -0.016593 0.366522 0.290031
 154.200000 0.034517 0.266006 4.045175
 154.400000 -0.006550 0.302663 1.098075
 154.600000 0.064305 0.490878 12.122910
 154.800000 -0.008933 0.332210 0.181952
 155.000000 -0.013437 0.268464 3.338629
 155.200000 0.059185 0.354342 1.765352
 155.400000 0.089804 0.504828 16.163318
 155.600000 -0.025203 0.385180 0.969703
 155.800000 0.042331 0.306557 1.799451
 156.000000 0.024363 0.250661 5.138507
 156.200000 -0.057472 0.457346 7.513801
 156.400000 -0.041592 0.327867 1.089639
 156.600000 0.046300 0.369848 1.287782
 156.800000 -0.043088 0.342378 0.950632
 157.000000 -0.017547 0.286906 2.085888
 157.200000 0.035852 0.350385 0.643541
 157.400000 0.043096 0.346025 0.933242
 157.600000 0.035327 0.401663 2.007217
 157.800000 -0.091231 0.348335 4.161787
 158.000000 0.048174 0.337304 1.229546
 158.200000 0.112004 0.372016 6.535748
 158.400000 -0.033560 0.344696 0.572698
 158.600000 0.000628 0.372392 0.272257
 158.800000 0.038515 0.352777 0.748572
 159.000000 0.018441 0.277604 2.723414
 159.200000 0.022678 0.403616 1.745017
 159.400000 0.046516 0.308500 1.904656
 159.600000 0.083677 0.335759 3.589484
 159.800000 0.030820 0.346940 0.477204
 160.000000 0.049328 0.385995 1.898510
 160.200000 -0.041218 0.330802 1.016250
 160.400000 0.040477 0.327884 1.043555
 160.600000 -0.008896 0.327318 0.276057
 160.800000 -0.039102 0.300257 1.955609
 161.000000 0.080586 0.314807 3.833904
 161.200000 -0.072579 0.282071 4.878018
 161.400000 -0.032554 0.360265 0.592596
 161.600000 0.021343 0.411697 2.189098
 161.800000 0.026106 0.366918 0.500116
 162.000000 -0.022771 0.287521 2.153165
 162.200000 0.051790 0.304239 2.345804
 162.400000 0.098421 0.307773 5.695891
 162.600000 -0.005302 0.398437 1.232822
 162.800000 -0.023104 0.352949 0.274449
 163.000000 -0.000997 0.411161 1.928411
 163.200000 -0.035348 0.290711 2.327363
 163.400000 0.053415 0.350903 1.428254
 163.600000 -0.006892 0.269088 3.221973
 163.800000 0.040962 0.411586 2.793357
 164.000000 -0.052370 0.342341 1.393927
 164.200000 0.060883 0.392349 2.790102
 164.400000 -0.048562 0.333616 1.298499
 164.600000 0.013565 0.324425 0.395596
 164.800000 -0.021278 0.375443 0.574266
 165.000000 0.005198 0.417410 2.348947
 165.200000 0.035234 0.344280 0.632184
 165.400000 0.088361 0.337539 3.970252
 165.600000 0.018837 0.433310 3.725925
 165.800000 0.013043 0.371652 0.340140
 166.000000 0.016900 0.360762 0.211203
 166.200000 0.022430 0.318049 0.732560
 166.400000 0.109024 0.338169 6.002522
 166.600000 -0.093821 0.354930 4.418399
 166.800000 -0.115834 0.420823 9.283335
 167.000000 0.045839 0.326155 1.313068
 167.200000 0.105603 0.303524 6.613076
 167.400000 -0.013001 0.346034 0.089107
 167.600000 0.040178 0.391794 1.719998
 167.800000 -0.034980 0.307341 1.482304
 168.000000 -0.021159 0.383903 0.830682
 168.200000 0.029278 0.294302 1.928120
 168.400000 -0.059607 0.322783 2.121875
 168.600000 -0.056791 0.399108 2.864700
 168.800000 0.081490 0.354859 3.337073
 169.000000 0.011903 0.281413 2.359322
 169.200000 0.059131 0.354837 1.764904
 169.400000 0.076700 0.397457 4.112287
 169.600000 -0.058153 0.305551 2.637653
 169.800000 -0.063643 0.300300 3.214266
 170.000000 0.083856 0.370949 3.755303
 170.200000 -0.062827 0.322724 2.320574
 170.400000 0.013716 0.339630 0.138587
 170.600000 0.042918 0.364795 1.044654
 170.800000 0.032180 0.415471 2.722595
 171.000000 0.014221 0.383218 0.684298
 171.200000 0.102420 0.402155 6.654136
 171.400000 0.014718 0.319463 0.546471
 171.600000 0.031415 0.419262 2.957218
 171.800000 0.017766 0.428194 3.288415
 172.000000 0.008070 0.423172 2.778395
 172.200000 -0.002730 0.404381 1.533582
 172.400000 0.049067 0.400101 2.506109
 172.600000 0.010257 0.420261 2.586994
 172.800000 0.037267 0.417377 3.027602
 173.000000 0.022771 0.359804 0.316904
 173.200000 0.006372 0.374543 0.344838
 173.400000 0.046424 0.392221 2.008792
 173.600000 0.027993 0.409135 2.195961
 173.800000 -0.001290 0.380895 0.507377
 174.000000 0.086078 0.441482 7.975145
 174.200000 -0.017106 0.382985 0.721564
 174.400000 0.004075 0.336913 0.082147
 174.600000 0.058967 0.383423 2.328806
 174.800000 0.035645 0.390715 1.502603
 175.000000 -0.011927 0.387296 0.801879
 175.200000 0.045018 0.320087 1.433213
 175.400000 0.045355 0.315701 1.585144
 175.600000 -0.047404 0.379988 1.601682
 175.800000 0.010372 0.441591 4.334206
 176.000000 0.033405 0.337635 0.623268
 176.200000 0.041062 0.278840 3.308904
 176.400000 0.024544 0.417783 2.662229
 176.600000 0.017821 0.372213 0.426699
 176.800000 0.082028 0.353853 3.375784
 177.000000 0.052581 0.400165 2.687965
 177.200000 0.016350 0.384893 0.775435
 177.400000 0.044470 0.380068 1.469368
 177.600000 0.047590 0.366198 1.279135
 177.800000 0.029073 0.375182 0.763644
 178.000000 0.036127 0.396578 1.781316
 178.200000 -0.032482 0.390189 1.373107
 178.400000 -0.034038 0.366244 0.726831
 178.600000 0.049622 0.356538 1.259106
 178.800000 0.007484 0.353008 0.035776
 179.000000 0.032745 0.396515 1.661815
 179.200000 0.006258 0.370672 0.252988
 179.400000 -0.003848 0.424286 2.836454
 179.600000 -0.021845 0.324381 0.543269
 179.800000 0.065193 0.386828 2.838049
 180.000000 -0.022813 0.353666 0.270797
 180.200000 -0.010226 0.377276 0.450197
 180.400000 0.039056 0.395501 1.840782
 180.600000 -0.000409 0.339084 0.049903
 180.800000 0.015965 0.339205 0.176052
 181.000000 0.043761 0.385003 1.603265
 181.200000 0.021887 0.336346 0.320417
 181.400000 0.020798 0.379172 0.669476
 181.600000 0.016141 0.381954 0.671065
 181.800000 0.110928 0.345940 6.157373
 182.000000 0.058982 0.425050 4.626267
 182.200000 -0.095159 0.320405 4.938336
 182.400000 0.053526 0.353369 1.441794
 182.600000 0.054895 0.361325 1.581875
 182.800000 -0.044648 0.376379 1.369741
 183.000000 -0.010515 0.371155 0.299238
 183.200000 0.060691 0.390925 2.717795
 183.400000 0.084098 0.351131 3.538329
 183.600000 0.029776 0.339947 0.484894
 183.800000 -0.035981 0.407674 2.364738
 184.000000 0.003221 0.378936 0.451300
 184.200000 0.048424 0.266168 4.608467
 184.400000 0.076211 0.383301 3.490069
 184.600000 0.018562 0.366072 0.316871
 184.800000 0.036252 0.320166 1.074733
 185.000000 0.052238 0.334517 1.470226
 185.200000 -0.028844 0.358716 0.462538
 185.400000 0.000029 0.350204 0.000648
 185.600000 0.083293 0.283562 5.614209
 185.800000 -0.028954 0.393996 1.428510
 186.000000 0.028361 0.378196 0.826462
 186.200000 0.031576 0.331682 0.649617
 186.400000 0.021410 0.316375 0.763542
 186.600000 0.014219 0.397461 1.272131
 186.800000 -0.033526 0.374720 0.891069
 187.000000 -0.001093 0.357125 0.033070
 187.200000 0.082315 0.337185 3.458470
 187.400000 -0.018635 0.337816 0.236907
 187.600000 0.010963 0.353115 0.068292
 187.800000 0.054897 0.333077 1.634638
 188.000000 -0.041989 0.390677 1.747292
 188.200000 -0.053980 0.401905 2.852902
 188.400000 0.093366 0.333579 4.478559
 188.600000 -0.021459 0.266232 3.660973
 188.800000 0.000727 0.348465 0.000445
 189.000000 0.019655 0.353786 0.204292
 189.200000 0.038779 0.422235 3.428798
 189.400000 -0.002262 0.311992 0.689777
 189.600000 -0.011002 0.370319 0.286364
 189.800000 -0.005485 0.365661 0.152738
 190.000000 0.080078 0.343301 3.222842
 190.200000 0.010122 0.426105 3.018746
 190.400000 -0.018108 0.419732 2.660829
 190.600000 0.061187 0.354599 1.887217
 190.800000 0.001671 0.353555 0.011474
 191.000000 0.031190 0.406623 2.142829
 191.200000 -0.025902 0.356425 0.362541
 191.400000 0.104453 0.374767 5.785524
 191.600000 0.017361 0.388523 0.929137
 191.800000 0.012248 0.321558 0.453345
 192.000000 0.094789 0.302466 5.578239
 192.200000 -0.013561 0.425587 3.019716
 192.400000 -0.032006 0.324806 0.806471
 192.600000 0.125596 0.267740 11.194118
 192.800000 0.032475 0.331684 0.678398
 193.000000 -0.115761 0.370281 6.925348
 193.200000 -0.083077 0.355035 3.468716
 193.400000 0.064012 0.350447 2.049731
 193.600000 -0.033914 0.319688 1.006604
 193.800000 -0.035983 0.333821 0.763583
 194.000000 0.000590 0.283653 2.139621
 194.200000 0.105964 0.408194 7.362245
 194.400000 0.001235 0.400746 1.336164
 194.600000 -0.024160 0.324634 0.590295
 194.800000 -0.038180 0.221506 8.864561
 195.000000 0.117448 0.395077 7.955529
 195.200000 -0.020302 0.379564 0.671160
 195.400000 0.014735 0.390340 0.960328
 195.600000 0.012395 0.393300 1.055146
 195.800000 0.056537 0.395947 2.697168
 196.000000 -0.045762 0.395753 2.136945
 196.200000 0.032255 0.300550 1.697068
 196.400000 0.026610 0.316053 0.898967
 196.600000 0.014014 0.381789 0.633613
 196.800000 0.065497 0.330087 2.325016
 197.000000 0.001903 0.408098 1.744179
 197.200000 -0.093515 0.219131 12.814146
 197.400000 0.090586 0.414828 6.265230
 197.600000 0.039015 0.384824 1.400405
 197.800000 0.027649 0.327368 0.617634
 198.000000 0.011361 0.342553 0.085749
 198.200000 0.012918 0.339895 0.125484
 198.400000 0.013798 0.362830 0.189927
 198.600000 0.045419 0.321806 1.402974
 198.800000 -0.036821 0.288517 2.510968
 199.000000 0.037640 0.261048 4.581949
 199.200000 0.112797 0.331631 6.513531
 199.400000 -0.016164 0.323532 0.456621
 199.600000 -0.050121 0.347882 1.256752
 199.800000 0.062410 0.337233 2.017513
 200.000000 -0.007096 0.325946 0.292436
