#! FIELDS time phi psi restraint.bias
#! SET min_phi -pi
#! SET max_phi pi
#! SET min_psi -pi
#! SET max_psi pi
 0.000000 -1.271119 -1.085360 125.654566
 0.200000 -1.464256 -1.478967 6.527815
 0.400000 -1.400290 -1.504906 2.178897
 0.600000 -1.342013 -1.563331 1.499405
 0.800000 -1.402024 -1.573015 0.019055
 1.000000 -1.312009 -1.516139 5.043095
 1.200000 -1.435267 -1.472138 5.627367
 1.400000 -1.416253 -1.589069 0.366745
 1.600000 -1.482462 -1.649135 6.783597
 1.800000 -1.305486 -1.606965 4.774376
 2.000000 -1.382718 -1.473099 4.864072
 2.200000 -1.445995 -1.519729 2.540545
 2.400000 -1.515360 -1.510826 8.890187
 2.600000 -1.419903 -1.589655 0.457254
 2.800000 -1.396893 -1.512434 1.703286
 3.000000 -1.348518 -1.677617 6.845114
 3.200000 -1.459418 -1.574951 2.002902
 3.400000 -1.370804 -1.585398 0.430684
 3.600000 -1.365353 -1.527992 1.393829
 3.800000 -1.355424 -1.543949 1.194319
 4.000000 -1.362415 -1.427793 10.797842
 4.200000 -1.421003 -1.572910 0.308265
 4.400000 -1.366754 -1.601561 0.908634
 4.600000 -1.390904 -1.500936 2.454585
 4.800000 -1.355099 -1.585206 0.951066
 5.000000 -1.371105 -1.578571 0.346693
 5.200000 -1.380908 -1.675398 5.588686
 5.400000 -1.471031 -1.590026 2.979994
 5.600000 -1.410609 -1.582092 0.166693
 5.800000 -1.344389 -1.422905 12.281451
 6.000000 -1.398599 -1.535461 0.627033
 6.200000 -1.454464 -1.522378 2.865812
 6.400000 -1.344807 -1.555990 1.433521
 6.600000 -1.472359 -1.490773 6.097152
 6.800000 -1.378892 -1.447042 7.808464
 7.000000 -1.411142 -1.608260 0.812458
 7.200000 -1.423332 -1.621117 1.632429
 7.400000 -1.467517 -1.585331 2.644174
 7.600000 -1.458588 -1.537998 2.479999
 7.800000 -1.397405 -1.523481 1.120030
 8.000000 -1.395855 -1.522966 1.143972
 8.200000 -1.394785 -1.573465 0.004655
 8.400000 -1.435099 -1.542913 1.142827
 8.600000 -1.422933 -1.543366 0.731854
 8.800000 -1.319751 -1.620950 4.184752
 9.000000 -1.421994 -1.599430 0.740981
 9.200000 -1.457319 -1.640670 4.305017
 9.400000 -1.364192 -1.651588 3.777943
 9.600000 -1.430438 -1.557837 0.667923
 9.800000 -1.400499 -1.506136 2.099461
 10.000000 -1.510816 -1.488966 9.909229
 10.200000 -1.420484 -1.591836 0.514643
 10.400000 -1.411499 -1.602087 0.605621
 10.600000 -1.354180 -1.592619 1.123602
 10.800000 -1.360679 -1.564039 0.655946
 11.000000 -1.410895 -1.653000 3.485784
 11.200000 -1.441974 -1.618659 2.190137
 11.400000 -1.490693 -1.603913 5.006791
 11.600000 -1.372126 -1.556692 0.390763
 11.800000 -1.365720 -1.508889 2.382693
 12.000000 -1.423042 -1.518006 1.751970
 12.200000 -1.514653 -1.549993 7.224475
 12.400000 -1.491760 -1.472264 9.414084
 12.600000 -1.344235 -1.513580 2.990344
 12.800000 -1.499873 -1.627252 6.961086
 13.000000 -1.318343 -1.635211 5.110420
 13.200000 -1.416707 -1.532890 0.927399
 13.400000 -1.461864 -1.563147 2.180992
 13.600000 -1.391671 -1.530832 0.809133
 13.800000 -1.455087 -1.461376 7.716526
 14.000000 -1.393679 -1.578154 0.030406
 14.200000 -1.424978 -1.526156 1.408654
 14.400000 -1.349988 -1.608892 1.796340
 14.600000 -1.436399 -1.494867 3.688073
 14.800000 -1.456258 -1.506299 3.879688
 15.000000 -1.389438 -1.572623 0.024962
 15.200000 -1.434391 -1.595137 1.023078
 15.400000 -1.406737 -1.592363 0.287421
 15.600000 -1.432081 -1.563524 0.667888
 15.800000 -1.411718 -1.523420 1.241697
 16.000000 -1.347363 -1.498394 3.816676
 16.200000 -1.433476 -1.592487 0.927628
 16.400000 -1.360660 -1.495528 3.466437
 16.600000 -1.380655 -1.451506 7.236884
 16.800000 -1.402145 -1.624227 1.444717
 17.000000 -1.395097 -1.590091 0.186830
 17.200000 -1.378415 -1.542102 0.570956
 17.400000 -1.405415 -1.584654 0.137893
 17.600000 -1.414431 -1.546687 0.455676
 17.800000 -1.474665 -1.624095 4.493744
 18.000000 -1.349571 -1.576596 1.106914
 18.200000 -1.431826 -1.499273 3.190148
 18.400000 -1.395632 -1.404485 13.829987
 18.600000 -1.490691 -1.511337 6.226004
 18.800000 -1.408309 -1.620536 1.309560
 19.000000 -1.392699 -1.596923 0.347653
 19.200000 -1.349799 -1.666010 5.612319
 19.400000 -1.359115 -1.536720 1.270614
 19.600000 -1.421439 -1.616797 1.374913
 19.800000 -1.398006 -1.588888 0.165167
 20.000000 -1.439355 -1.521323 2.152226
 20.200000 -1.358562 -1.529712 1.554673
 20.400000 -1.401702 -1.467054 5.396033
 20.600000 -1.510730 -1.585910 6.665470
 20.800000 -1.418494 -1.500578 2.712368
 21.000000 -1.318985 -1.572853 2.988074
 21.200000 -1.378944 -1.507179 2.173569
 21.400000 -1.380870 -1.551078 0.312888
 21.600000 -1.439570 -1.574735 0.945469
 21.800000 -1.349057 -1.582544 1.183204
 22.000000 -1.439735 -1.530570 1.753960
 22.200000 -1.334801 -1.515383 3.424136
 22.400000 -1.474542 -1.537857 3.606289
 22.600000 -1.448595 -1.592988 1.615510
 22.800000 -1.407644 -1.555561 0.180827
 23.000000 -1.364374 -1.552944 0.667825
 23.200000 -1.427555 -1.578396 0.518467
 23.400000 -1.369628 -1.607537 1.029638
 23.600000 -1.390852 -1.555809 0.126954
 23.800000 -1.395990 -1.648164 2.992920
 24.000000 -1.396128 -1.417891 11.690064
 24.200000 -1.434199 -1.500960 3.158150
 24.400000 -1.435098 -1.537105 1.321628
 24.600000 -1.356835 -1.549084 1.013025
 24.800000 -1.371440 -1.513564 1.945844
 25.000000 -1.361553 -1.612528 1.473179
 25.200000 -1.465500 -1.587371 2.534197
 25.400000 -1.412975 -1.584263 0.230305
 25.600000 -1.326597 -1.518879 3.774385
 25.800000 -1.320063 -1.523945 4.000757
 26.000000 -1.352949 -1.444313 8.937106
 26.200000 -1.449043 -1.554955 1.518314
 26.400000 -1.463498 -1.617083 3.331483
 26.600000 -1.388999 -1.539668 0.510880
 26.800000 -1.401966 -1.555943 0.126568
 27.000000 -1.348522 -1.447380 8.755430
 27.200000 -1.376793 -1.653784 3.633029
 27.400000 -1.463690 -1.657788 6.057018
 27.600000 -1.431446 -1.546727 0.908587
 27.800000 -1.413117 -1.456217 6.706191
 28.000000 -1.375918 -1.492250 3.291700
 28.200000 -1.385625 -1.594640 0.340846
 28.400000 -1.474159 -1.557642 3.120417
 28.600000 -1.418880 -1.565491 0.269837
 28.800000 -1.324220 -1.544321 2.945599
 29.000000 -1.392656 -1.557740 0.091734
 29.200000 -1.465488 -1.577964 2.421681
 29.400000 -1.495805 -1.550624 5.157683
 29.600000 -1.417565 -1.583075 0.302256
 29.800000 -1.360940 -1.486157 4.205743
 30.000000 -1.368402 -1.593258 0.640375
 30.200000 -1.463210 -1.533845 2.923618
 30.400000 -1.364584 -1.577005 0.521065
 30.600000 -1.397700 -1.518049 1.392164
 30.800000 -1.366474 -1.518809 1.795038
 31.000000 -1.442509 -1.539764 1.550839
 31.200000 -1.438478 -1.570107 0.891293
 31.400000 -1.383662 -1.584015 0.166755
 31.600000 -1.497955 -1.550703 5.372437
 31.800000 -1.400228 -1.594490 0.288565
 32.000000 -1.409088 -1.497016 2.803981
 32.200000 -1.434244 -1.602991 1.239523
 32.400000 -1.487486 -1.617068 5.231382
 32.600000 -1.454084 -1.524683 2.734811
 32.800000 -1.310377 -1.506544 5.752398
 33.000000 -1.447625 -1.480625 5.384427
 33.200000 -1.409312 -1.550484 0.291436
 33.400000 -1.544802 -1.596655 11.366169
 33.600000 -1.359104 -1.532998 1.404759
 33.800000 -1.358429 -1.484910 4.403951
 34.000000 -1.437790 -1.613210 1.761698
 34.200000 -1.383636 -1.558060 0.160826
 34.400000 -1.381974 -1.622329 1.429912
 34.600000 -1.379200 -1.527837 1.068353
 34.800000 -1.331843 -1.479795 6.215608
 35.000000 -1.407109 -1.528517 0.952577
 35.200000 -1.422303 -1.557992 0.421006
 35.400000 -1.471475 -1.546570 3.121843
 35.600000 -1.391831 -1.577983 0.035649
 35.800000 -1.396182 -1.594888 0.290200
 36.000000 -1.360808 -1.555514 0.745331
 36.200000 -1.448823 -1.523633 2.493437
 36.400000 -1.429960 -1.523841 1.670161
 36.600000 -1.415560 -1.492495 3.251703
 36.800000 -1.402134 -1.600903 0.470449
 37.000000 -1.359466 -1.601913 1.161137
 37.200000 -1.366695 -1.551702 0.619434
 37.400000 -1.491800 -1.515968 6.066727
 37.600000 -1.372539 -1.472520 5.110528
 37.800000 -1.372852 -1.428662 10.375131
 38.000000 -1.448227 -1.575006 1.358978
 38.200000 -1.412470 -1.546279 0.431888
 38.400000 -1.401540 -1.500765 2.466106
 38.600000 -1.376390 -1.517277 1.629646
 38.800000 -1.390554 -1.564265 0.037627
 39.000000 -1.384170 -1.608762 0.793809
 39.200000 -1.440787 -1.679513 6.900858
 39.400000 -1.350691 -1.491390 4.191091
 39.600000 -1.382899 -1.467839 5.389443
 39.800000 -1.422841 -1.602877 0.867782
 40.000000 -1.403672 -1.527631 0.959044
 40.200000 -1.431241 -1.598643 0.999443
 40.400000 -1.420635 -1.556240 0.402942
 40.600000 -1.322748 -1.528729 3.587131
 40.800000 -1.349929 -1.642189 3.621906
 41.000000 -1.420627 -1.648180 3.290904
 41.200000 -1.425787 -1.586841 0.564528
 41.400000 -1.428129 -1.615390 1.502005
 41.600000 -1.431319 -1.574702 0.622074
 41.800000 -1.390314 -1.525594 1.039319
 42.000000 -1.459251 -1.657954 5.781984
 42.200000 -1.450132 -1.568249 1.454175
 42.400000 -1.476267 -1.464728 8.825500
 42.600000 -1.285769 -1.483671 9.899920
 42.800000 -1.430190 -1.615885 1.591993
 43.000000 -1.377862 -1.600452 0.609042
 43.200000 -1.415883 -1.565858 0.204653
 43.400000 -1.441477 -1.609936 1.788081
 43.600000 -1.416255 -1.417074 12.015084
 43.800000 -1.421374 -1.483885 4.092078
 44.000000 -1.452661 -1.538200 2.121612
 44.200000 -1.406197 -1.542874 0.439170
 44.400000 -1.421542 -1.499566 2.856419
 44.600000 -1.414585 -1.526996 1.127072
 44.800000 -1.412182 -1.586348 0.247625
 45.000000 -1.378186 -1.574499 0.170250
 45.200000 -1.466521 -1.661644 6.594769
 45.400000 -1.397478 -1.544982 0.333930
 45.600000 -1.339956 -1.537280 2.146924
 45.800000 -1.439419 -1.625178 2.409884
 46.000000 -1.387154 -1.500867 2.486533
 46.200000 -1.402459 -1.528936 0.895338
 46.400000 -1.478838 -1.501869 5.784777
 46.600000 -1.362905 -1.516791 2.014661
 46.800000 -1.464017 -1.542317 2.700828
 47.000000 -1.422905 -1.605768 0.966376
 47.200000 -1.448436 -1.546715 1.650926
 47.400000 -1.398053 -1.577015 0.020938
 47.600000 -1.392968 -1.601032 0.462534
 47.800000 -1.442613 -1.547692 1.341064
 48.000000 -1.336417 -1.553752 1.936069
 48.200000 -1.407189 -1.592257 0.289963
 48.400000 -1.438321 -1.583668 0.967247
 48.600000 -1.443794 -1.491286 4.290518
 48.800000 -1.368990 -1.586264 0.491535
 49.000000 -1.419656 -1.487684 3.727415
 49.200000 -1.359891 -1.617360 1.745561
 49.400000 -1.458017 -1.613870 2.834410
 49.600000 -1.433957 -1.552248 0.882420
 49.800000 -1.313839 -1.570284 3.397017
 50.000000 -1.412402 -1.589684 0.308589
 50.200000 -1.452913 -1.512211 3.320717
 50.400000 -1.352470 -1.449939 8.262156
 50.600000 -1.367741 -1.578126 0.433633
 50.800000 -1.357767 -1.511324 2.509451
 51.000000 -1.445683 -1.449214 8.612307
 51.200000 -1.392255 -1.604575 0.578519
 51.400000 -1.472772 -1.544596 3.269993
 51.600000 -1.349232 -1.623619 2.501105
 51.800000 -1.371252 -1.488487 3.700170
 52.000000 -1.422219 -1.536672 0.919089
 52.200000 -1.378974 -1.520595 1.409547
 52.400000 -1.357449 -1.519267 2.080913
 52.600000 -1.476178 -1.584626 3.288814
 52.800000 -1.419648 -1.460059 6.404827
 53.000000 -1.314018 -1.572080 3.382962
 53.200000 -1.421628 -1.610125 1.095074
 53.400000 -1.405820 -1.645587 2.842521
 53.600000 -1.481509 -1.589659 3.811334
 53.800000 -1.440327 -1.581379 1.026812
 54.000000 -1.332956 -1.527720 2.931725
 54.200000 -1.312785 -1.566315 3.494362
 54.400000 -1.468002 -1.523891 3.673282
 54.600000 -1.407866 -1.543104 0.450734
 54.800000 -1.434818 -1.484400 4.475374
 55.000000 -1.451044 -1.540919 1.946794
 55.200000 -1.420684 -1.493686 3.271168
 55.400000 -1.436470 -1.602032 1.296140
 55.600000 -1.457494 -1.623872 3.283129
 55.800000 -1.384069 -1.612209 0.931846
 56.000000 -1.334041 -1.610248 2.714022
 56.200000 -1.418819 -1.597164 0.602020
 56.400000 -1.432143 -1.551629 0.827372
 56.600000 -1.444381 -1.593904 1.424643
 56.800000 -1.426856 -1.546336 0.767112
 57.000000 -1.410776 -1.493721 3.075601
 57.200000 -1.467849 -1.498552 5.171857
 57.400000 -1.366588 -1.614812 1.408985
 57.600000 -1.393233 -1.548331 0.256945
 57.800000 -1.343752 -1.666701 5.977539
 58.000000 -1.402393 -1.552882 0.179243
 58.200000 -1.426113 -1.530961 1.238931
 58.400000 -1.408708 -1.628766 1.757681
 58.600000 -1.364886 -1.536850 1.068441
 58.800000 -1.450762 -1.542828 1.876165
 59.000000 -1.373506 -1.579363 0.295651
 59.200000 -1.428894 -1.505291 2.677841
 59.400000 -1.367506 -1.539883 0.891316
 59.600000 -1.447898 -1.468669 6.548123
 59.800000 -1.346071 -1.586746 1.386857
 60.000000 -1.381995 -1.448011 7.639867
 60.200000 -1.398353 -1.565534 0.016028
 60.400000 -1.425435 -1.511453 2.186319
 60.600000 -1.321610 -1.581520 2.844102
 60.800000 -1.441859 -1.460071 7.169583
 61.000000 -1.383154 -1.477225 4.463767
 61.200000 -1.381549 -1.558824 0.179922
 61.400000 -1.441171 -1.637542 3.235811
 61.600000 -1.396207 -1.638882 2.317818
 61.800000 -1.365708 -1.577384 0.488518
 62.000000 -1.389686 -1.586818 0.149975
 62.200000 -1.383966 -1.572947 0.077929
 62.400000 -1.515652 -1.591815 7.347737
 62.600000 -1.462592 -1.659887 6.168337
 62.800000 -1.436896 -1.519111 2.161209
 63.000000 -1.382550 -1.584850 0.192784
 63.200000 -1.426369 -1.489683 3.742860
 63.400000 -1.429060 -1.569686 0.538437
 63.600000 -1.429576 -1.554970 0.680097
 63.800000 -1.472359 -1.658082 6.704662
 64.000000 -1.393922 -1.394597 15.525866
 64.200000 -1.307574 -1.495533 6.765127
 64.400000 -1.521409 -1.599092 8.231093
 64.600000 -1.367380 -1.529642 1.263963
 64.800000 -1.406747 -1.490778 3.256435
 65.000000 -1.415859 -1.471176 5.154051
 65.200000 -1.359664 -1.489189 3.999610
 65.400000 -1.399382 -1.646967 2.905852
 65.600000 -1.467024 -1.515868 4.012072
 65.800000 -1.447280 -1.646937 4.200044
 66.000000 -1.368463 -1.579260 0.422238
 66.200000 -1.302194 -1.680627 10.455920
 66.400000 -1.416604 -1.645293 2.981740
 66.600000 -1.401563 -1.524873 1.068500
 66.800000 -1.471869 -1.524263 3.940735
 67.000000 -1.418979 -1.451684 7.351929
 67.200000 -1.413696 -1.484238 3.898161
 67.400000 -1.445615 -1.613582 2.133077
 67.600000 -1.435953 -1.501203 3.209256
 67.800000 -1.406072 -1.547495 0.319576
 68.000000 -1.369174 -1.628930 2.056675
 68.200000 -1.390100 -1.560730 0.069665
 68.400000 -1.400229 -1.644039 2.690093
 68.600000 -1.507103 -1.601752 6.621824
 68.800000 -1.349453 -1.454815 7.821397
 69.000000 -1.422522 -1.506984 2.380768
 69.200000 -1.422073 -1.488984 3.679649
 69.400000 -1.427464 -1.492162 3.578399
 69.600000 -1.447372 -1.589007 1.471857
 69.800000 -1.376867 -1.615976 1.208704
 70.000000 -1.349204 -1.606175 1.733118
 70.200000 -1.382694 -1.547974 0.352498
 70.400000 -1.417904 -1.630488 2.015724
 70.600000 -1.429711 -1.562096 0.597227
 70.800000 -1.376739 -1.503444 2.458791
 71.000000 -1.369765 -1.529871 1.188520
 71.200000 -1.418974 -1.525912 1.265178
 71.400000 -1.364112 -1.514349 2.109982
 71.600000 -1.439247 -1.511671 2.671695
 71.800000 -1.444597 -1.566479 1.177371
 72.000000 -1.435126 -1.570237 0.755320
 72.200000 -1.361684 -1.609560 1.349175
 72.400000 -1.382695 -1.569882 0.092472
 72.600000 -1.316745 -1.597538 3.519168
 72.800000 -1.423043 -1.544110 0.714633
 73.000000 -1.417256 -1.481617 4.196797
 73.200000 -1.477761 -1.468914 8.510965
 73.400000 -1.418175 -1.506111 2.332133
 73.600000 -1.279635 -1.548195 7.056524
 73.800000 -1.451497 -1.551228 1.716844
 74.000000 -1.420203 -1.529293 1.147829
 74.200000 -1.364779 -1.540458 0.955825
 74.400000 -1.390456 -1.598145 0.390850
 74.600000 -1.392948 -1.543376 0.381431
 74.800000 -1.453072 -1.568083 1.617301
 75.000000 -1.457906 -1.558476 1.975775
 75.200000 -1.444952 -1.501568 3.581597
 75.400000 -1.408736 -1.516889 1.530777
 75.600000 -1.379388 -1.468880 5.335848
 75.800000 -1.406040 -1.650870 3.253721
 76.000000 -1.461298 -1.581362 2.170555
 76.200000 -1.342889 -1.599616 1.839725
 76.400000 -1.370177 -1.484565 4.058144
 76.600000 -1.348191 -1.500752 3.608611
 76.800000 -1.507254 -1.595366 6.461317
 77.000000 -1.388782 -1.574196 0.033767
 77.200000 -1.440098 -1.528884 1.839083
 77.400000 -1.400894 -1.552368 0.180520
 77.600000 -1.401691 -1.578732 0.046215
 77.800000 -1.397702 -1.656185 3.646622
 78.000000 -1.481082 -1.589062 3.763918
 78.200000 -1.384834 -1.641670 2.576877
 78.400000 -1.373993 -1.444539 8.218478
 78.600000 -1.381044 -1.601407 0.584317
 78.800000 -1.484368 -1.570742 3.881245
 79.000000 -1.393087 -1.578841 0.037407
 79.200000 -1.429585 -1.534254 1.222834
 79.400000 -1.399449 -1.524018 1.099172
 79.600000 -1.410953 -1.638933 2.429181
 79.800000 -1.395943 -1.584092 0.088441
 80.000000 -1.381282 -1.608065 0.806700
 80.200000 -1.410617 -1.567302 0.109116
 80.400000 -1.428554 -1.613886 1.449705
 80.600000 -1.528296 -1.551218 8.907900
 80.800000 -1.383427 -1.474342 4.734090
 81.000000 -1.400669 -1.527487 0.947546
 81.200000 -1.346588 -1.549864 1.452910
 81.400000 -1.391332 -1.566102 0.023177
 81.600000 -1.470966 -1.647623 5.741397
 81.800000 -1.392415 -1.557488 0.095958
 82.000000 -1.345688 -1.487221 4.771339
 82.200000 -1.440272 -1.567874 0.972647
 82.400000 -1.412172 -1.598701 0.515868
 82.600000 -1.452938 -1.514045 3.216327
 82.800000 -1.383382 -1.548653 0.328143
 83.000000 -1.407819 -1.434795 9.314917
 83.200000 -1.410636 -1.450083 7.389177
 83.400000 -1.494566 -1.626775 6.398478
 83.600000 -1.392674 -1.518249 1.387036
 83.800000 -1.382304 -1.519608 1.407529
 84.000000 -1.432059 -1.605495 1.242658
 84.200000 -1.353663 -1.537758 1.453152
 84.400000 -1.449290 -1.702476 10.075596
 84.600000 -1.487927 -1.553892 4.343964
 84.800000 -1.279417 -1.504447 9.027706
 85.000000 -1.442682 -1.547069 1.358851
 85.200000 -1.398588 -1.568134 0.006244
 85.400000 -1.416941 -1.510053 2.058662
 85.600000 -1.459570 -1.657069 5.725294
 85.800000 -1.477110 -1.568021 3.271926
 86.000000 -1.365555 -1.556135 0.578992
 86.200000 -1.467441 -1.571824 2.533620
 86.400000 -1.456000 -1.549604 2.008795
 86.600000 -1.357998 -1.553336 0.884542
 86.800000 -1.465074 -1.580953 2.419051
 87.000000 -1.378157 -1.559750 0.224927
 87.200000 -1.412052 -1.546564 0.418238
 87.400000 -1.439340 -1.483871 4.705777
 87.600000 -1.438828 -1.516851 2.360880
 87.800000 -1.480010 -1.625717 5.014857
 88.000000 -1.407126 -1.554126 0.197937
 88.200000 -1.410110 -1.561166 0.142232
 88.400000 -1.397979 -1.579488 0.039245
 88.600000 -1.415635 -1.596919 0.528837
 88.800000 -1.336983 -1.526948 2.718409
 89.000000 -1.467778 -1.614444 3.509725
 89.200000 -1.352961 -1.508291 2.890998
 89.400000 -1.424166 -1.546775 0.677784
 89.600000 -1.410042 -1.576048 0.108715
 89.800000 -1.431377 -1.555094 0.739750
 90.000000 -1.377294 -1.489439 3.489433
 90.200000 -1.496835 -1.545419 5.379312
 90.400000 -1.320130 -1.566877 2.905808
 90.600000 -1.324174 -1.578616 2.629031
 90.800000 -1.446763 -1.588162 1.425896
 91.000000 -1.401785 -1.419129 11.516738
 91.200000 -1.450026 -1.575382 1.455744
 91.400000 -1.456608 -1.605113 2.409538
 91.600000 -1.374100 -1.489888 3.518656
 91.800000 -1.374655 -1.544289 0.584804
 92.000000 -1.407708 -1.438361 8.835021
 92.200000 -1.415543 -1.568025 0.189692
 92.400000 -1.528690 -1.623310 10.147165
 92.600000 -1.290570 -1.528390 6.484747
 92.800000 -1.369074 -1.562283 0.405875
 93.000000 -1.424753 -1.549625 0.629934
 93.200000 -1.365090 -1.574842 0.494078
 93.400000 -1.394928 -1.647950 2.977270
 93.600000 -1.433688 -1.546150 1.004014
 93.800000 -1.395013 -1.406311 13.528561
 94.000000 -1.449614 -1.549807 1.643399
 94.200000 -1.471193 -1.626715 4.370642
 94.400000 -1.529823 -1.456937 15.401109
 94.600000 -1.431114 -1.514635 2.184341
 94.800000 -1.433635 -1.540110 1.169131
 95.000000 -1.299859 -1.535651 5.264502
 95.200000 -1.395846 -1.580759 0.049720
 95.400000 -1.366572 -1.557976 0.522979
 95.600000 -1.469964 -1.465128 8.298775
 95.800000 -1.379146 -1.663661 4.458447
 96.000000 -1.435959 -1.399104 15.527017
 96.200000 -1.388411 -1.562626 0.064206
 96.400000 -1.384519 -1.648015 3.050337
 96.600000 -1.422834 -1.511279 2.124151
 96.800000 -1.453557 -1.558013 1.722963
 97.000000 -1.482204 -1.481913 7.643020
 97.200000 -1.375119 -1.529249 1.086621
 97.400000 -1.380437 -1.522704 1.281666
 97.600000 -1.466723 -1.711552 12.388360
 97.800000 -1.384231 -1.545222 0.399418
 98.000000 -1.422642 -1.509392 2.233141
 98.200000 -1.344413 -1.692830 8.790391
 98.400000 -1.359130 -1.478542 4.944837
 98.600000 -1.509119 -1.513686 7.998997
 98.800000 -1.422738 -1.472787 5.153360
 99.000000 -1.359898 -1.505719 2.778761
 99.200000 -1.385927 -1.545134 0.382699
 99.400000 -1.468268 -1.564577 2.611677
 99.600000 -1.355611 -1.527756 1.752556
 99.800000 -1.348594 -1.525988 2.140109
 100.000000 -1.394896 -1.700338 8.391502
 100.200000 -1.423054 -1.517932 1.756153
 100.400000 -1.444079 -1.666276 5.701348
 100.600000 -1.477679 -1.446096 11.089300
 100.800000 -1.419912 -1.461092 6.297166
 101.000000 -1.456214 -1.572263 1.798137
 101.200000 -1.337390 -1.520618 2.991971
 101.400000 -1.409398 -1.560794 0.136278
 101.600000 -1.496420 -1.619178 6.186096
 101.800000 -1.372389 -1.564655 0.303860
 102.000000 -1.417823 -1.593114 0.481452
 102.200000 -1.422239 -1.577944 0.362898
 102.400000 -1.367913 -1.595112 0.697500
 102.600000 -1.428236 -1.566613 0.519865
 102.800000 -1.394360 -1.587458 0.140613
 103.000000 -1.405586 -1.527960 0.960925
 103.200000 -1.373853 -1.497701 2.922576
 103.400000 -1.477945 -1.547408 3.609462
 103.600000 -1.443795 -1.488794 4.491798
 103.800000 -1.416937 -1.507185 2.236871
 104.000000 -1.409896 -1.679148 5.962925
 104.200000 -1.362318 -1.552708 0.739742
 104.400000 -1.427880 -1.632565 2.407527
 104.600000 -1.424297 -1.501187 2.815669
 104.800000 -1.339361 -1.429650 11.580032
 105.000000 -1.469195 -1.560516 2.712343
 105.200000 -1.448853 -1.485430 5.026569
 105.400000 -1.432180 -1.605428 1.244679
 105.600000 -1.357531 -1.574077 0.755485
 105.800000 -1.334415 -1.562058 1.950789
 106.000000 -1.425184 -1.571685 0.418607
 106.200000 -1.368425 -1.586687 0.513741
 106.400000 -1.364875 -1.567463 0.498161
 106.600000 -1.435430 -1.546937 1.051667
 106.800000 -1.383008 -1.625139 1.564409
 107.000000 -1.436091 -1.576956 0.812100
 107.200000 -1.381607 -1.556239 0.213358
 107.400000 -1.449085 -1.604001 1.946350
 107.600000 -1.374037 -1.497008 2.969343
 107.800000 -1.452854 -1.489958 4.868708
 108.000000 -1.434695 -1.552233 0.910798
 108.200000 -1.363258 -1.457429 6.970789
 108.400000 -1.506942 -1.561650 6.166649
 108.600000 -1.434811 -1.537242 1.305909
 108.800000 -1.434092 -1.557952 0.797990
 109.000000 -1.452027 -1.617431 2.642224
 109.200000 -1.321435 -1.622349 4.128475
 109.400000 -1.413950 -1.629527 1.881036
 109.600000 -1.471830 -1.499105 5.424978
 109.800000 -1.415693 -1.578382 0.217521
 110.000000 -1.476017 -1.508861 5.098274
 110.200000 -1.355274 -1.531822 1.599547
 110.400000 -1.449566 -1.575634 1.432286
 110.600000 -1.367654 -1.509625 2.280225
 110.800000 -1.478403 -1.545753 3.687004
 111.000000 -1.397473 -1.588627 0.159705
 111.200000 -1.366791 -1.566563 0.443263
 111.400000 -1.340824 -1.595787 1.849042
 111.600000 -1.453236 -1.563128 1.652360
 111.800000 -1.463089 -1.625006 3.702134
 112.000000 -1.463070 -1.558668 2.305108
 112.200000 -1.355939 -1.590776 1.012624
 112.400000 -1.407053 -1.578643 0.088992
 112.600000 -1.401414 -1.581326 0.068702
 112.800000 -1.370737 -1.551716 0.507836
 113.000000 -1.393026 -1.602058 0.493896
 113.200000 -1.409771 -1.562693 0.124067
 113.400000 -1.402225 -1.620706 1.263252
 113.600000 -1.451279 -1.631816 3.375027
 113.800000 -1.442889 -1.566549 1.095999
 114.000000 -1.444929 -1.498577 3.791960
 114.200000 -1.383748 -1.546137 0.382356
 114.400000 -1.470899 -1.524839 3.841276
 114.600000 -1.436504 -1.570335 0.809767
 114.800000 -1.485876 -1.510187 5.851966
 115.000000 -1.375033 -1.517568 1.641962
 115.200000 -1.466479 -1.538164 2.997550
 115.400000 -1.375768 -1.656456 3.878799
 115.600000 -1.341096 -1.598467 1.904586
 115.800000 -1.330157 -1.655913 5.807410
 116.000000 -1.426525 -1.488889 3.812245
 116.200000 -1.431302 -1.557349 0.704258
 116.400000 -1.445843 -1.576216 1.243760
 116.600000 -1.414555 -1.590426 0.359969
 116.800000 -1.303749 -1.441822 12.596643
 117.000000 -1.410262 -1.550962 0.294670
 117.200000 -1.438781 -1.642187 3.452182
 117.400000 -1.355611 -1.565725 0.839151
 117.600000 -1.500618 -1.538533 5.965368
 117.800000 -1.343525 -1.498611 3.996044
 118.000000 -1.422621 -1.457440 6.772167
 118.200000 -1.415963 -1.669482 5.063489
 118.400000 -1.462985 -1.586500 2.349209
 118.600000 -1.363529 -1.593150 0.785603
 118.800000 -1.403607 -1.470234 5.083318
 119.000000 -1.412847 -1.609111 0.871525
 119.200000 -1.406573 -1.610281 0.832657
 119.400000 -1.351588 -1.618148 2.119043
 119.600000 -1.386535 -1.624079 1.466865
 119.800000 -1.431528 -1.421471 11.770833
 120.000000 -1.442344 -1.503728 3.310792
 120.200000 -1.430364 -1.518934 1.926299
 120.400000 -1.360023 -1.600282 1.091392
 120.600000 -1.311666 -1.523949 4.675687
 120.800000 -1.422965 -1.561476 0.399908
 121.000000 -1.475551 -1.620325 4.369828
 121.200000 -1.490289 -1.547086 4.701507
 121.400000 -1.355259 -1.644261 3.539238
 121.600000 -1.352270 -1.541386 1.400197
 121.800000 -1.424553 -1.548832 0.641369
 122.000000 -1.414524 -1.542391 0.570167
 122.200000 -1.418293 -1.530717 1.045835
 122.400000 -1.431816 -1.519700 1.937414
 122.600000 -1.467497 -1.480496 6.614210
 122.800000 -1.332395 -1.553251 2.193483
 123.000000 -1.368849 -1.527503 1.312913
 123.200000 -1.456322 -1.596008 2.121306
 123.400000 -1.403854 -1.540880 0.476298
 123.600000 -1.422190 -1.626939 1.912120
 123.800000 -1.381672 -1.600978 0.561907
 124.000000 -1.365820 -1.571935 0.464047
 124.200000 -1.466846 -1.584780 2.588693
 124.400000 -1.454175 -1.523619 2.789703
 124.600000 -1.354692 -1.550558 1.068881
 124.800000 -1.463674 -1.486520 5.823324
 125.000000 -1.439921 -1.512591 2.646935
 125.200000 -1.431461 -1.531998 1.372091
 125.400000 -1.355572 -1.510568 2.641605
 125.600000 -1.370027 -1.586939 0.474471
 125.800000 -1.370013 -1.546086 0.649836
 126.000000 -1.464066 -1.612838 3.182343
 126.200000 -1.473558 -1.512762 4.671228
 126.400000 -1.388980 -1.497618 2.704084
 126.600000 -1.355974 -1.525707 1.828140
 126.800000 -1.430274 -1.532887 1.296911
 127.000000 -1.428274 -1.549672 0.735470
 127.200000 -1.424813 -1.475849 4.915019
 127.400000 -1.400682 -1.564657 0.028606
 127.600000 -1.328596 -1.518874 3.637391
 127.800000 -1.529775 -1.605658 9.520319
 128.000000 -1.467177 -1.565200 2.529997
 128.200000 -1.391122 -1.520307 1.287827
 128.400000 -1.396789 -1.564096 0.022584
 128.600000 -1.402553 -1.557094 0.113665
 128.800000 -1.422433 -1.590446 0.535502
 129.000000 -1.380309 -1.598388 0.507930
 129.200000 -1.382255 -1.494538 3.005798
 129.400000 -1.432584 -1.557498 0.748000
 129.600000 -1.452235 -1.609650 2.321178
 129.800000 -1.345741 -1.560459 1.329676
 130.000000 -1.431405 -1.567139 0.624154
 130.200000 -1.462523 -1.509146 4.095579
 130.400000 -1.417399 -1.601379 0.690992
 130.600000 -1.470147 -1.591270 2.938949
 130.800000 -1.465911 -1.547939 2.686606
 131.000000 -1.384521 -1.513407 1.715703
 131.200000 -1.383664 -1.544273 0.431111
 131.400000 -1.413333 -1.614721 1.110374
 131.600000 -1.466745 -1.522374 3.656145
 131.800000 -1.358487 -1.599492 1.125254
 132.000000 -1.329655 -1.509419 4.101924
 132.200000 -1.381263 -1.559728 0.173757
 132.400000 -1.416579 -1.579409 0.243454
 132.600000 -1.446045 -1.547637 1.507289
 132.800000 -1.409145 -1.551255 0.273891
 133.000000 -1.321151 -1.458507 9.125388
 133.200000 -1.386815 -1.605876 0.659925
 133.400000 -1.385772 -1.533139 0.764065
 133.600000 -1.388251 -1.566293 0.042239
 133.800000 -1.398088 -1.504840 2.176769
 134.000000 -1.422153 -1.435796 9.447653
 134.200000 -1.375884 -1.684503 6.672259
 134.400000 -1.452245 -1.621906 2.873062
 134.600000 -1.401008 -1.570718 0.011261
 134.800000 -1.412215 -1.528248 1.032410
 135.000000 -1.390134 -1.552481 0.186504
 135.200000 -1.368586 -1.598081 0.755241
 135.400000 -1.348495 -1.593735 1.403983
 135.600000 -1.395081 -1.518415 1.372605
 135.800000 -1.414505 -1.513059 1.833188
 136.000000 -1.455415 -1.519681 3.055859
 136.200000 -1.428319 -1.534760 1.163091
 136.400000 -1.410889 -1.527433 1.047142
 136.600000 -1.435435 -1.557927 0.850019
 136.800000 -1.367575 -1.494420 3.328198
 137.000000 -1.362367 -1.610694 1.370396
 137.200000 -1.434783 -1.575756 0.754197
 137.400000 -1.458269 -1.515595 3.445992
 137.600000 -1.467209 -1.561806 2.557050
 137.800000 -1.403950 -1.563170 0.058620
 138.000000 -1.332251 -1.559219 2.115845
 138.200000 -1.458730 -1.542462 2.352436
 138.400000 -1.368718 -1.518468 1.748525
 138.600000 -1.454806 -1.486159 5.295353
 138.800000 -1.341816 -1.593119 1.731425
 139.000000 -1.323423 -1.526850 3.618492
 139.200000 -1.383033 -1.593437 0.343832
 139.400000 -1.515842 -1.565061 7.165925
 139.600000 -1.468928 -1.570457 2.640095
 139.800000 -1.438381 -1.562521 0.921184
 140.000000 -1.370122 -1.620544 1.579099
 140.200000 -1.339587 -1.547198 1.884559
 140.400000 -1.382117 -1.584182 0.189643
 140.600000 -1.461651 -1.572241 2.138801
 140.800000 -1.449118 -1.598476 1.779881
 141.000000 -1.468330 -1.639503 4.957080
 141.200000 -1.383425 -1.537599 0.633451
 141.400000 -1.360527 -1.477298 5.009496
 141.600000 -1.401617 -1.625613 1.516769
 141.800000 -1.439492 -1.530767 1.735560
 142.000000 -1.444552 -1.555112 1.288889
 142.200000 -1.333421 -1.496220 4.755391
 142.400000 -1.395483 -1.528642 0.888787
 142.600000 -1.452978 -1.574746 1.616093
 142.800000 -1.358147 -1.545121 1.056032
 143.000000 -1.342006 -1.621792 2.772233
 143.200000 -1.437094 -1.543989 1.192881
 143.400000 -1.475383 -1.604236 3.689085
 143.600000 -1.425757 -1.454980 7.141618
 143.800000 -1.313811 -1.546539 3.693422
 144.000000 -1.436331 -1.594191 1.076361
 144.200000 -1.375951 -1.492545 3.267897
 144.400000 -1.465408 -1.598260 2.767593
 144.600000 -1.334866 -1.514867 3.448831
 144.800000 -1.449739 -1.587698 1.572658
 145.000000 -1.448026 -1.554457 1.473151
 145.200000 -1.343698 -1.515920 2.887260
 145.400000 -1.462743 -1.587681 2.352279
 145.600000 -1.362252 -1.596489 0.908464
 145.800000 -1.440243 -1.561218 1.012987
 146.000000 -1.374736 -1.575814 0.244305
 146.200000 -1.417862 -1.507083 2.262930
 146.400000 -1.383908 -1.549794 0.296880
 146.600000 -1.426883 -1.600934 0.922914
 146.800000 -1.411014 -1.636767 2.284877
 147.000000 -1.387614 -1.556589 0.138320
 147.200000 -1.443027 -1.494241 4.023775
 147.400000 -1.447058 -1.520610 2.549375
 147.600000 -1.421204 -1.622559 1.650697
 147.800000 -1.422251 -1.616500 1.382088
 148.000000 -1.373548 -1.567782 0.262529
 148.200000 -1.318431 -1.497903 5.685637
 148.400000 -1.356248 -1.572437 0.801964
 148.600000 -1.471409 -1.566832 2.831307
 148.800000 -1.438403 -1.634437 2.912938
 149.000000 -1.411972 -1.572367 0.124606
 149.200000 -1.379019 -1.585844 0.261904
 149.400000 -1.400550 -1.583602 0.091180
 149.600000 -1.411842 -1.628329 1.776353
 149.800000 -1.421917 -1.580042 0.371790
 150.000000 -1.304303 -1.547695 4.495216
 150.200000 -1.406632 -1.572589 0.055361
 150.400000 -1.419248 -1.599133 0.665616
 150.600000 -1.473240 -1.468800 8.164315
 150.800000 -1.473457 -1.521507 4.194165
 151.000000 -1.377176 -1.461171 6.191045
 151.200000 -1.453780 -1.596040 1.972718
 151.400000 -1.414624 -1.598059 0.540176
 151.600000 -1.403055 -1.552250 0.195049
 151.800000 -1.461365 -1.494521 5.028121
 152.000000 -1.297858 -1.539044 5.345911
 152.200000 -1.479744 -1.545664 3.800357
 152.400000 -1.367273 -1.619601 1.611164
 152.600000 -1.388517 -1.569414 0.030955
 152.800000 -1.380928 -1.507001 2.152493
 153.000000 -1.378898 -1.401362 14.504811
 153.200000 -1.441137 -1.576528 1.023241
 153.400000 -1.405063 -1.547294 0.314909
 153.600000 -1.392165 -1.586839 0.137080
 153.800000 -1.339681 -1.548324 1.853273
 154.000000 -1.396846 -1.567882 0.004417
 154.200000 -1.470976 -1.531870 3.548633
 154.400000 -1.384855 -1.538789 0.577309
 154.600000 -1.390309 -1.578245 0.045474
 154.800000 -1.253886 -1.480477 14.214431
 155.000000 -1.351807 -1.619106 2.155120
 155.200000 -1.472040 -1.520504 4.135693
 155.400000 -1.417837 -1.466183 5.704694
 155.600000 -1.336637 -1.565667 1.790814
 155.800000 -1.423552 -1.484536 4.092754
 156.000000 -1.385110 -1.575220 0.071981
 156.200000 -1.455062 -1.556828 1.826210
 156.400000 -1.317170 -1.567514 3.133289
 156.600000 -1.329480 -1.610240 3.007930
 156.800000 -1.340669 -1.583396 1.624760
 157.000000 -1.458973 -1.650270 5.124254
 157.200000 -1.437942 -1.449365 8.241308
 157.400000 -1.377662 -1.478895 4.395919
 157.600000 -1.402328 -1.546233 0.320075
 157.800000 -1.428059 -1.522391 1.677027
 158.000000 -1.439143 -1.596607 1.252424
 158.200000 -1.420959 -1.551416 0.492716
 158.400000 -1.340238 -1.536174 2.168753
 158.600000 -1.341708 -1.596232 1.811641
 158.800000 -1.381403 -1.592204 0.339559
 159.000000 -1.399562 -1.568619 0.007810
 159.200000 -1.468116 -1.485971 6.179134
 159.400000 -1.379760 -1.565676 0.149291
 159.600000 -1.342606 -1.489544 4.740518
 159.800000 -1.485813 -1.615060 4.989186
 160.000000 -1.391481 -1.539584 0.498536
 160.200000 -1.389170 -1.482345 3.936972
 160.400000 -1.375228 -1.527111 1.175447
 160.600000 -1.342435 -1.605648 2.056054
 160.800000 -1.435489 -1.578676 0.800355
 161.000000 -1.419838 -1.470042 5.353618
 161.200000 -1.319002 -1.494728 5.877808
 161.400000 -1.414404 -1.509541 2.040611
 161.600000 -1.409981 -1.529232 0.957870
 161.800000 -1.410958 -1.530361 0.925498
 162.000000 -1.351765 -1.533965 1.668343
 162.200000 -1.360263 -1.566019 0.659414
 162.400000 -1.372173 -1.490538 3.510878
 162.600000 -1.396834 -1.575046 0.009193
 162.800000 -1.462978 -1.576120 2.239610
 163.000000 -1.403817 -1.547570 0.298249
 163.200000 -1.399035 -1.515910 1.510114
 163.400000 -1.408185 -1.439167 8.734254
 163.600000 -1.392340 -1.630022 1.761542
 163.800000 -1.454866 -1.525805 2.729251
 164.000000 -1.468381 -1.518193 3.984026
 164.200000 -1.388643 -1.597482 0.385114
 164.400000 -1.470186 -1.535065 3.370683
 164.600000 -1.294613 -1.663656 9.477914
 164.800000 -1.445206 -1.544679 1.538765
 165.000000 -1.328979 -1.607028 2.919995
 165.200000 -1.466439 -1.451044 9.632597
 165.400000 -1.399933 -1.604639 0.579403
 165.600000 -1.348358 -1.556142 1.254855
 165.800000 -1.400683 -1.540212 0.477476
 166.000000 -1.452268 -1.522733 2.723319
 166.200000 -1.509673 -1.487177 9.926919
 166.400000 -1.434284 -1.618637 1.867175
 166.600000 -1.335516 -1.576365 1.860653
 166.800000 -1.322423 -1.570911 2.726240
 167.000000 -1.480053 -1.550412 3.718105
 167.200000 -1.458170 -1.505963 4.017893
 167.400000 -1.447545 -1.574172 1.320578
 167.600000 -1.444908 -1.565020 1.199810
 167.800000 -1.417404 -1.569463 0.224343
 168.000000 -1.452214 -1.543758 1.930771
 168.200000 -1.363677 -1.601778 1.010890
 168.400000 -1.446164 -1.594699 1.530725
 168.600000 -1.304274 -1.607908 4.919695
 168.800000 -1.384526 -1.556311 0.173806
 169.000000 -1.463298 -1.549156 2.480999
 169.200000 -1.356793 -1.544230 1.131835
 169.400000 -1.473359 -1.515725 4.488310
 169.600000 -1.438820 -1.524392 1.982179
 169.800000 -1.465277 -1.473415 7.122988
 170.000000 -1.362014 -1.524375 1.663972
 170.200000 -1.400508 -1.576263 0.023950
 170.400000 -1.332613 -1.644950 4.775063
 170.600000 -1.407479 -1.663347 4.345700
 170.800000 -1.393447 -1.605488 0.605733
 171.000000 -1.421766 -1.577785 0.349616
 171.200000 -1.375473 -1.526804 1.183768
 171.400000 -1.358063 -1.561408 0.773710
 171.600000 -1.472716 -1.527378 3.865055
 171.800000 -1.502727 -1.511948 7.398850
 172.000000 -1.339907 -1.524970 2.638069
 172.200000 -1.400308 -1.506091 2.101579
 172.400000 -1.424450 -1.556574 0.498380
 172.600000 -1.395474 -1.593465 0.257240
 172.800000 -1.483054 -1.616810 4.824913
 173.000000 -1.403226 -1.520845 1.271814
 173.200000 -1.405136 -1.604765 0.616307
 173.400000 -1.375423 -1.639302 2.563666
 173.600000 -1.412857 -1.485149 3.805440
 173.800000 -1.441685 -1.570041 1.031834
 174.000000 -1.341282 -1.440904 9.947482
 174.200000 -1.391564 -1.593843 0.276624
 174.400000 -1.385717 -1.602414 0.555464
 174.600000 -1.432414 -1.494305 3.578844
 174.800000 -1.463051 -1.593796 2.494783
 175.000000 -1.409144 -1.433237 9.544215
 175.200000 -1.441097 -1.578581 1.035320
 175.400000 -1.436923 -1.607646 1.505565
 175.600000 -1.435533 -1.500272 3.257930
 175.800000 -1.340314 -1.655579 5.159192
 176.000000 -1.379588 -1.514516 1.722754
 176.200000 -1.414733 -1.549285 0.401943
 176.400000 -1.463210 -1.554099 2.380349
 176.600000 -1.371431 -1.523511 1.426256
 176.800000 -1.391654 -1.500196 2.502838
 177.000000 -1.427427 -1.551056 0.680408
 177.200000 -1.386496 -1.553336 0.200140
 177.400000 -1.395920 -1.543315 0.377684
 177.600000 -1.343601 -1.605465 1.987619
 177.800000 -1.395747 -1.539460 0.491120
 178.000000 -1.415732 -1.575209 0.199255
 178.200000 -1.461688 -1.577573 2.163119
 178.400000 -1.411202 -1.614425 1.063295
 178.600000 -1.445003 -1.526737 2.158387
 178.800000 -1.452865 -1.506010 3.700524
 179.000000 -1.385807 -1.574290 0.060771
 179.200000 -1.345589 -1.594534 1.565666
 179.400000 -1.393144 -1.579051 0.038939
 179.600000 -1.406402 -1.505641 2.174026
 179.800000 -1.510068 -1.552070 6.651025
 180.000000 -1.382690 -1.543131 0.474785
 180.200000 -1.432354 -1.550738 0.852419
 180.400000 -1.473965 -1.575456 3.029662
 180.600000 -1.398363 -1.538221 0.532788
 180.800000 -1.380032 -1.512530 1.829234
 181.000000 -1.401672 -1.594599 0.297911
 181.200000 -1.347676 -1.543721 1.546897
 181.400000 -1.427243 -1.561273 0.525207
 181.600000 -1.403818 -1.591272 0.238172
 181.800000 -1.383122 -1.516263 1.573312
 182.000000 -1.406034 -1.565313 0.062766
 182.200000 -1.408767 -1.499601 2.612562
 182.400000 -1.355519 -1.561550 0.872805
 182.600000 -1.328178 -1.520765 3.569344
 182.800000 -1.484725 -1.596782 4.250368
 183.000000 -1.401186 -1.586785 0.139931
 183.200000 -1.297758 -1.582789 4.923588
 183.400000 -1.512797 -1.514690 8.364011
 183.600000 -1.411871 -1.532140 0.868962
 183.800000 -1.408881 -1.554397 0.214066
 184.000000 -1.447823 -1.563307 1.357238
 184.200000 -1.360112 -1.520049 1.941135
 184.400000 -1.328196 -1.460368 8.413789
 184.600000 -1.370270 -1.587482 0.477018
 184.800000 -1.466992 -1.556472 2.603866
 185.000000 -1.392553 -1.730106 12.696622
 185.200000 -1.438830 -1.529225 1.770039
 185.400000 -1.388738 -1.555264 0.148934
 185.600000 -1.388865 -1.570066 0.027636
 185.800000 -1.462469 -1.524157 3.279231
 186.000000 -1.438403 -1.621175 2.156876
 186.200000 -1.423006 -1.541843 0.776721
 186.400000 -1.346273 -1.503799 3.493838
 186.600000 -1.435095 -1.477517 5.104453
 186.800000 -1.456772 -1.565065 1.847072
 187.000000 -1.511125 -1.567164 6.603151
 187.200000 -1.449971 -1.603619 1.980904
 187.400000 -1.405834 -1.610031 0.815490
 187.600000 -1.416729 -1.493784 3.174888
 187.800000 -1.458179 -1.634101 3.920525
 188.000000 -1.380027 -1.541965 0.547435
 188.200000 -1.387317 -1.572677 0.041788
 188.400000 -1.374074 -1.528750 1.130122
 188.600000 -1.343922 -1.572872 1.371960
 188.800000 -1.495836 -1.559239 5.024107
 189.000000 -1.444650 -1.495516 4.004219
 189.200000 -1.482004 -1.624784 5.133079
 189.400000 -1.427856 -1.514795 2.067101
 189.600000 -1.360966 -1.574068 0.628293
 189.800000 -1.398128 -1.599728 0.420264
 190.000000 -1.374068 -1.567592 0.251460
 190.200000 -1.323185 -1.575766 2.682557
 190.400000 -1.343558 -1.529843 2.227543
 190.600000 -1.343998 -1.632442 3.265941
 190.800000 -1.502350 -1.613636 6.544835
 191.000000 -1.441933 -1.575385 1.053403
 191.200000 -1.396640 -1.493232 3.008220
 191.400000 -1.538980 -1.532026 10.935584
 191.600000 -1.361491 -1.511610 2.356076
 191.800000 -1.435562 -1.570916 0.772208
 192.000000 -1.454426 -1.548559 1.938711
 192.200000 -1.305475 -1.573803 4.125826
 192.400000 -1.429353 -1.572931 0.549755
 192.600000 -1.331862 -1.567803 2.078230
 192.800000 -1.418568 -1.537375 0.807224
 193.000000 -1.500871 -1.589369 5.643857
 193.200000 -1.413731 -1.573556 0.156368
 193.400000 -1.376666 -1.497802 2.856126
 193.600000 -1.429866 -1.556371 0.668610
 193.800000 -1.424020 -1.553861 0.528606
 194.000000 -1.387007 -1.652683 3.395529
 194.200000 -1.401334 -1.625661 1.517911
 194.400000 -1.445977 -1.515533 2.762708
 194.600000 -1.349960 -1.585011 1.173018
 194.800000 -1.427154 -1.555403 0.595591
 195.000000 -1.413847 -1.632972 2.087494
 195.200000 -1.452852 -1.567077 1.608075
 195.400000 -1.445347 -1.514880 2.767904
 195.600000 -1.371957 -1.463048 6.100266
 195.800000 -1.340312 -1.605767 2.176722
 196.000000 -1.432877 -1.638679 2.974345
 196.200000 -1.380559 -1.460279 6.230326
 196.400000 -1.464756 -1.482194 6.270812
 196.600000 -1.415684 -1.503026 2.484994
 196.800000 -1.352117 -1.518791 2.326742
 197.000000 -1.406016 -1.577373 0.069175
 197.200000 -1.373971 -1.523058 1.387953
 197.400000 -1.297070 -1.509384 6.805385
 197.600000 -1.356611 -1.623645 2.182638
 197.800000 -1.371010 -1.567113 0.325658
 198.000000 -1.403299 -1.551218 0.216397
 198.200000 -1.382393 -1.520185 1.376924
 198.400000 -1.370624 -1.424244 11.067477
 198.600000 -1.430282 -1.510733 2.382424
 198.800000 -1.440797 -1.523983 2.087350
 199.000000 -1.374429 -1.422562 11.225064
 199.200000 -1.446611 -1.480902 5.307907
 199.400000 -1.410201 -1.557648 0.183566
 199.600000 -1.369704 -1.622565 1.692717
 199.800000 -1.341609 -1.660564 5.522723
 200.000000 -1.403041 -1.595324 0.323772
