#! FIELDS time phi psi restraint.bias
#! SET min_phi -pi
#! SET max_phi pi
#! SET min_psi -pi
#! SET max_psi pi
 0.000000 -1.692155 -2.930533 125.983460
 0.200000 -1.534893 -2.591142 11.549399
 0.400000 -1.581994 -2.438635 0.074341
 0.600000 -1.594715 -2.410940 0.814846
 0.800000 -1.532943 -2.606177 13.954722
 1.000000 -1.553038 -2.548570 5.681583
 1.200000 -1.573008 -2.416977 0.353134
 1.400000 -1.594930 -2.395576 1.437699
 1.600000 -1.626772 -2.394477 2.766367
 1.800000 -1.631961 -2.439549 1.878229
 2.000000 -1.638148 -2.433487 2.317879
 2.200000 -1.597019 -2.500761 1.985446
 2.400000 -1.531074 -2.396033 1.913640
 2.600000 -1.498282 -2.350959 6.907507
 2.800000 -1.564110 -2.465897 0.274039
 3.000000 -1.562925 -2.551296 5.845218
 3.200000 -1.606134 -2.520205 3.569244
 3.400000 -1.645491 -2.368870 5.571542
 3.600000 -1.596511 -2.518737 3.163857
 3.800000 -1.633266 -2.540786 6.687316
 4.000000 -1.639631 -2.521570 5.419657
 4.200000 -1.504172 -2.456784 2.308161
 4.400000 -1.567424 -2.517246 2.727776
 4.600000 -1.597291 -2.538685 4.884790
 4.800000 -1.621299 -2.424830 1.448805
 5.000000 -1.494535 -2.460466 3.052522
 5.200000 -1.589146 -2.497777 1.643448
 5.400000 -1.585912 -2.454048 0.170280
 5.600000 -1.571079 -2.358134 3.640414
 5.800000 -1.610014 -2.399248 1.746406
 6.000000 -1.619021 -2.498305 2.666762
 6.200000 -1.536867 -2.482337 1.331269
 6.400000 -1.501994 -2.338084 7.919012
 6.600000 -1.585735 -2.305328 9.651911
 6.800000 -1.556930 -2.502592 1.844383
 7.000000 -1.673630 -2.507578 7.342826
 7.200000 -1.609466 -2.438681 0.759080
 7.400000 -1.571675 -2.489906 1.078979
 7.600000 -1.561826 -2.552122 5.943800
 7.800000 -1.667947 -2.473206 5.161524
 8.000000 -1.670807 -2.430933 5.079591
 8.200000 -1.577005 -2.564906 7.393737
 8.400000 -1.660280 -2.441641 4.005291
 8.600000 -1.478339 -2.394483 5.473628
 8.800000 -1.591449 -2.426397 0.358865
 9.000000 -1.591362 -2.474496 0.693068
 9.200000 -1.534335 -2.535059 4.859795
 9.400000 -1.525836 -2.364777 4.106297
 9.600000 -1.614203 -2.418255 1.259741
 9.800000 -1.653280 -2.506412 5.383242
 10.000000 -1.575221 -2.443676 0.009813
 10.200000 -1.514811 -2.322723 8.855932
 10.400000 -1.590238 -2.486566 1.118018
 10.600000 -1.642528 -2.537812 7.023821
 10.800000 -1.644984 -2.581040 12.215893
 11.000000 -1.547921 -2.394870 1.442159
 11.200000 -1.467611 -2.383553 7.118125
 11.400000 -1.646551 -2.561085 9.787071
 11.600000 -1.666431 -2.534488 8.715974
 11.800000 -1.608644 -2.500204 2.326132
 12.000000 -1.584849 -2.475640 0.616485
 12.200000 -1.572683 -2.474407 0.480621
 12.400000 -1.496616 -2.503594 4.559383
 12.600000 -1.562252 -2.438273 0.049957
 12.800000 -1.644427 -2.452668 2.753134
 13.000000 -1.597921 -2.508597 2.489243
 13.200000 -1.599920 -2.478707 1.045233
 13.400000 -1.518513 -2.357218 5.085693
 13.600000 -1.549195 -2.419239 0.526648
 13.800000 -1.619182 -2.452744 1.213669
 14.000000 -1.548100 -2.397807 1.299702
 14.200000 -1.603358 -2.390189 1.949070
 14.400000 -1.613872 -2.437730 0.944174
 14.600000 -1.536441 -2.500625 2.224023
 14.800000 -1.552895 -2.475578 0.675983
 15.000000 -1.564015 -2.396144 1.142444
 15.200000 -1.601563 -2.420449 0.738068
 15.400000 -1.566988 -2.407079 0.669083
 15.600000 -1.647084 -2.528962 6.565120
 15.800000 -1.594746 -2.482871 1.063373
 16.000000 -1.574226 -2.411808 0.506827
 16.200000 -1.573941 -2.381270 1.938821
 16.400000 -1.600346 -2.458888 0.555572
 16.600000 -1.580616 -2.543361 5.038276
 16.800000 -1.568764 -2.461564 0.165926
 17.000000 -1.603337 -2.527881 4.092814
 17.200000 -1.591056 -2.555005 6.426262
 17.400000 -1.606542 -2.520774 3.627537
 17.600000 -1.581434 -2.472809 0.487230
 17.800000 -1.604571 -2.455905 0.647804
 18.000000 -1.588552 -2.478859 0.784148
 18.200000 -1.574287 -2.492171 1.192407
 18.400000 -1.645782 -2.477596 3.394071
 18.600000 -1.570074 -2.505594 1.930507
 18.800000 -1.523084 -2.549688 6.780369
 19.000000 -1.620495 -2.453607 1.286468
 19.200000 -1.608875 -2.436381 0.750053
 19.400000 -1.554916 -2.504252 1.973855
 19.600000 -1.676290 -2.469368 5.900030
 19.800000 -1.580355 -2.517689 2.800598
 20.000000 -1.605158 -2.501721 2.287467
 20.200000 -1.562238 -2.495514 1.391372
 20.400000 -1.556954 -2.499426 1.661860
 20.600000 -1.608419 -2.509349 2.878341
 20.800000 -1.604664 -2.445550 0.575677
 21.000000 -1.642897 -2.455561 2.672435
 21.200000 -1.631944 -2.492922 3.092744
 21.400000 -1.567703 -2.479682 0.660780
 21.600000 -1.527159 -2.412306 1.437422
 21.800000 -1.621981 -2.403257 2.118116
 22.000000 -1.555002 -2.517935 2.897888
 22.200000 -1.639779 -2.482142 3.127401
 22.400000 -1.677127 -2.483617 6.459360
 22.600000 -1.480829 -2.428487 4.159165
 22.800000 -1.541123 -2.462634 0.624070
 23.000000 -1.520943 -2.473487 1.693459
 23.200000 -1.538310 -2.458951 0.647652
 23.400000 -1.647171 -2.411715 3.420468
 23.600000 -1.642542 -2.404884 3.317799
 23.800000 -1.531822 -2.498632 2.281395
 24.000000 -1.575469 -2.509718 2.205894
 24.200000 -1.576936 -2.502226 1.745498
 24.400000 -1.489221 -2.569787 11.306373
 24.600000 -1.627896 -2.558996 8.304304
 24.800000 -1.661118 -2.512435 6.457763
 25.000000 -1.605359 -2.534025 4.698232
 25.200000 -1.603481 -2.478428 1.145485
 25.400000 -1.529313 -2.544733 5.988431
 25.600000 -1.517973 -2.488426 2.406097
 25.800000 -1.582223 -2.479911 0.729590
 26.000000 -1.581199 -2.513587 2.512964
 26.200000 -1.616904 -2.412771 1.533931
 26.400000 -1.613480 -2.417286 1.253512
 26.600000 -1.593168 -2.391874 1.580827
 26.800000 -1.612398 -2.500014 2.464491
 27.000000 -1.569047 -2.537726 4.444442
 27.200000 -1.461228 -2.401814 6.869880
 27.400000 -1.547082 -2.415743 0.665341
 27.600000 -1.610650 -2.440130 0.799702
 27.800000 -1.651303 -2.429397 3.339537
 28.000000 -1.589484 -2.401615 1.050170
 28.200000 -1.597941 -2.318867 8.130280
 28.400000 -1.553979 -2.470730 0.513201
 28.600000 -1.629974 -2.464270 1.967505
 28.800000 -1.606780 -2.535436 4.877125
 29.000000 -1.596782 -2.453072 0.383804
 29.200000 -1.554477 -2.444146 0.133399
 29.400000 -1.569371 -2.549671 5.641323
 29.600000 -1.616274 -2.554878 7.240968
 29.800000 -1.579237 -2.496100 1.421038
 30.000000 -1.599431 -2.478285 1.016341
 30.200000 -1.623861 -2.516244 4.056636
 30.400000 -1.538738 -2.567036 8.149253
 30.600000 -1.592899 -2.463011 0.435383
 30.800000 -1.641494 -2.541897 7.343989
 31.000000 -1.681268 -2.481894 6.840541
 31.200000 -1.572346 -2.410882 0.531893
 31.400000 -1.577415 -2.434451 0.062498
 31.600000 -1.564420 -2.395606 1.165372
 31.800000 -1.574140 -2.504096 1.843891
 32.000000 -1.589727 -2.477973 0.774723
 32.200000 -1.613279 -2.448160 0.913420
 32.400000 -1.596504 -2.452033 0.367182
 32.600000 -1.591756 -2.363776 3.394456
 32.800000 -1.679087 -2.446219 5.867264
 33.000000 -1.596208 -2.449844 0.343236
 33.200000 -1.530753 -2.413159 1.260820
 33.400000 -1.560893 -2.377425 2.229413
 33.600000 -1.596387 -2.405967 1.030351
 33.800000 -1.627079 -2.442986 1.583972
 34.000000 -1.593873 -2.410572 0.807111
 34.200000 -1.555345 -2.392467 1.419550
 34.400000 -1.561473 -2.476714 0.596329
 34.600000 -1.498320 -2.515339 5.209611
 34.800000 -1.578230 -2.395001 1.201821
 35.000000 -1.667171 -2.450859 4.671429
 35.200000 -1.561366 -2.401778 0.913210
 35.400000 -1.588753 -2.571081 8.304655
 35.600000 -1.515151 -2.488062 2.542865
 35.800000 -1.583428 -2.461983 0.251313
 36.000000 -1.517866 -2.476897 1.959808
 36.200000 -1.641254 -2.455364 2.553002
 36.400000 -1.626591 -2.496570 2.966784
 36.600000 -1.615717 -2.483939 1.828158
 36.800000 -1.601493 -2.489765 1.543161
 37.000000 -1.494415 -2.489108 3.958860
 37.200000 -1.583018 -2.390312 1.487060
 37.400000 -1.583328 -2.401851 0.944225
 37.600000 -1.606307 -2.488281 1.634913
 37.800000 -1.561548 -2.620379 15.692757
 38.000000 -1.557207 -2.512294 2.461333
 38.200000 -1.582449 -2.567591 7.772011
 38.400000 -1.468576 -2.554103 11.345348
 38.600000 -1.559887 -2.524354 3.331368
 38.800000 -1.620219 -2.531755 5.119189
 39.000000 -1.682037 -2.439317 6.195867
 39.200000 -1.667043 -2.490228 5.725298
 39.400000 -1.637965 -2.415106 2.657836
 39.600000 -1.507640 -2.398404 3.009440
 39.800000 -1.584235 -2.445283 0.091958
 40.000000 -1.615522 -2.401216 1.892484
 40.200000 -1.560278 -2.508816 2.190985
 40.400000 -1.589976 -2.451853 0.219147
 40.600000 -1.662731 -2.453387 4.275292
 40.800000 -1.576842 -2.519489 2.908390
 41.000000 -1.596722 -2.401673 1.209169
 41.200000 -1.570078 -2.453754 0.053236
 41.400000 -1.614864 -2.355012 4.882582
 41.600000 -1.594239 -2.418494 0.586470
 41.800000 -1.655608 -2.380462 5.580900
 42.000000 -1.633980 -2.434105 2.039845
 42.200000 -1.624695 -2.483472 2.252988
 42.400000 -1.604503 -2.482619 1.334777
 42.600000 -1.580939 -2.468359 0.361389
 42.800000 -1.588063 -2.441815 0.150426
 43.000000 -1.586713 -2.456429 0.210748
 43.200000 -1.506675 -2.501383 3.733281
 43.400000 -1.537406 -2.489735 1.628094
 43.600000 -1.611585 -2.454627 0.894188
 43.800000 -1.617110 -2.492030 2.251959
 44.000000 -1.625281 -2.505912 3.434344
 44.200000 -1.638152 -2.508566 4.387733
 44.400000 -1.636522 -2.451104 2.189143
 44.600000 -1.598402 -2.414505 0.800247
 44.800000 -1.619182 -2.478635 1.789205
 45.000000 -1.609827 -2.515848 3.381621
 45.200000 -1.640700 -2.519517 5.335488
 45.400000 -1.614157 -2.481392 1.659489
 45.600000 -1.586275 -2.472991 0.555819
 45.800000 -1.596405 -2.474535 0.810695
 46.000000 -1.608220 -2.466092 0.956345
 46.200000 -1.659317 -2.493985 5.194348
 46.400000 -1.560588 -2.455640 0.126270
 46.600000 -1.637532 -2.433613 2.275305
 46.800000 -1.663402 -2.412534 4.766161
 47.000000 -1.508189 -2.488121 2.957127
 47.200000 -1.638951 -2.460318 2.464639
 47.400000 -1.653126 -2.450059 3.410822
 47.600000 -1.631014 -2.451686 1.846879
 47.800000 -1.614423 -2.413174 1.410267
 48.000000 -1.670683 -2.414714 5.401870
 48.200000 -1.734170 -2.476960 13.906576
 48.400000 -1.524216 -2.390303 2.497740
 48.600000 -1.625669 -2.367414 4.397086
 48.800000 -1.531046 -2.447715 0.799101
 49.000000 -1.526208 -2.490801 2.114575
 49.200000 -1.735098 -2.453897 13.551999
 49.400000 -1.620531 -2.467486 1.525362
 49.600000 -1.631786 -2.513843 4.336674
 49.800000 -1.704011 -2.580057 18.202291
 50.000000 -1.559753 -2.512890 2.471195
 50.200000 -1.589675 -2.545285 5.362291
 50.400000 -1.611486 -2.463792 1.034496
 50.600000 -1.581170 -2.550226 5.753161
 50.800000 -1.632631 -2.489753 2.983216
 51.000000 -1.554318 -2.438971 0.145844
 51.200000 -1.567526 -2.476375 0.547024
 51.400000 -1.619141 -2.458451 1.280961
 51.600000 -1.572009 -2.491826 1.170330
 51.800000 -1.620670 -2.425865 1.398491
 52.000000 -1.618236 -2.427879 1.246657
 52.200000 -1.564648 -2.530021 3.765263
 52.400000 -1.657980 -2.474954 4.296403
 52.600000 -1.567791 -2.494243 1.293933
 52.800000 -1.599108 -2.470554 0.767789
 53.000000 -1.571366 -2.361485 3.360163
 53.200000 -1.511661 -2.399431 2.717833
 53.400000 -1.574287 -2.431665 0.075663
 53.600000 -1.657997 -2.566266 11.342498
 53.800000 -1.702295 -2.456993 8.737511
 54.000000 -1.641733 -2.374079 4.922963
 54.200000 -1.642649 -2.413870 3.019173
 54.400000 -1.598663 -2.450146 0.410615
 54.600000 -1.639007 -2.463277 2.522704
 54.800000 -1.555859 -2.374521 2.487946
 55.000000 -1.611269 -2.345039 5.662461
 55.200000 -1.581615 -2.488479 1.071860
 55.400000 -1.629499 -2.516466 4.387873
 55.600000 -1.588570 -2.520393 3.117250
 55.800000 -1.578510 -2.456713 0.117556
 56.000000 -1.544688 -2.490835 1.462947
 56.200000 -1.508066 -2.512558 4.354701
 56.400000 -1.660694 -2.474006 4.507257
 56.600000 -1.707457 -2.451148 9.367600
 56.800000 -1.552993 -2.472360 0.576068
 57.000000 -1.606929 -2.454399 0.712621
 57.200000 -1.477548 -2.460732 4.496733
 57.400000 -1.563106 -2.467398 0.316056
 57.600000 -1.583170 -2.566289 7.619929
 57.800000 -1.558035 -2.527017 3.572229
 58.000000 -1.699573 -2.522026 11.377983
 58.200000 -1.537544 -2.474636 1.038786
 58.400000 -1.556506 -2.474753 0.591690
 58.600000 -1.553500 -2.573646 8.623597
 58.800000 -1.527523 -2.462652 1.120440
 59.000000 -1.546115 -2.382472 2.164423
 59.200000 -1.593425 -2.481714 0.987689
 59.400000 -1.744352 -2.404933 15.802942
 59.600000 -1.613186 -2.417208 1.243069
 59.800000 -1.563098 -2.400835 0.938103
 60.000000 -1.509724 -2.454748 1.928593
 60.200000 -1.546690 -2.482454 1.050778
 60.400000 -1.502836 -2.360082 5.785360
 60.600000 -1.595950 -2.415891 0.696426
 60.800000 -1.730165 -2.488670 13.721095
 61.000000 -1.541188 -2.509531 2.620983
 61.200000 -1.532867 -2.411140 1.241655
 61.400000 -1.613940 -2.356576 4.705195
 61.600000 -1.488465 -2.524732 6.691707
 61.800000 -1.576537 -2.476227 0.553278
 62.000000 -1.595762 -2.420770 0.569069
 62.200000 -1.548858 -2.385677 1.910152
 62.400000 -1.619798 -2.389623 2.649851
 62.600000 -1.632537 -2.465588 2.150729
 62.800000 -1.591553 -2.369720 2.934271
 63.000000 -1.597176 -2.449605 0.366815
 63.200000 -1.583747 -2.528771 3.722753
 63.400000 -1.560929 -2.464250 0.264760
 63.600000 -1.617204 -2.418179 1.396418
 63.800000 -1.540779 -2.413013 0.914069
 64.000000 -1.590280 -2.527833 3.749144
 64.200000 -1.606406 -2.479227 1.273611
 64.400000 -1.613768 -2.460400 1.066754
 64.600000 -1.512552 -2.467530 1.985847
 64.800000 -1.633615 -2.509268 4.138389
 65.000000 -1.608478 -2.512146 3.068762
 65.200000 -1.519360 -2.410497 1.866165
 65.400000 -1.636952 -2.474152 2.659247
 65.600000 -1.624226 -2.518591 4.249635
 65.800000 -1.596420 -2.597187 12.144205
 66.000000 -1.575776 -2.473451 0.462089
 66.200000 -1.625184 -2.491571 2.636304
 66.400000 -1.495000 -2.484760 3.725340
 66.600000 -1.599587 -2.573916 8.923639
 66.800000 -1.644547 -2.435429 2.751822
 67.000000 -1.600298 -2.532172 4.370023
 67.200000 -1.590656 -2.557435 6.692205
 67.400000 -1.604233 -2.533289 4.593522
 67.600000 -1.539210 -2.453362 0.547880
 67.800000 -1.591628 -2.421765 0.452341
 68.000000 -1.571785 -2.447808 0.009935
 68.200000 -1.626818 -2.453023 1.614938
 68.400000 -1.574285 -2.432282 0.068565
 68.600000 -1.610507 -2.489240 1.836312
 68.800000 -1.651673 -2.519506 6.162011
 69.000000 -1.592888 -2.415766 0.627537
 69.200000 -1.585938 -2.368809 2.901089
 69.400000 -1.624553 -2.406720 2.119853
 69.600000 -1.589901 -2.460176 0.322181
 69.800000 -1.643063 -2.404800 3.358549
 70.000000 -1.617372 -2.362322 4.376453
 70.200000 -1.585095 -2.485491 0.985497
 70.400000 -1.561657 -2.457130 0.135187
 70.600000 -1.642089 -2.520513 5.509812
 70.800000 -1.614064 -2.464559 1.158597
 71.000000 -1.556096 -2.528497 3.723595
 71.200000 -1.639005 -2.513258 4.762014
 71.400000 -1.556191 -2.438024 0.121438
 71.600000 -1.490055 -2.489717 4.329372
 71.800000 -1.626497 -2.439470 1.559224
 72.000000 -1.644391 -2.559611 9.453521
 72.200000 -1.557754 -2.446728 0.090386
 72.400000 -1.585370 -2.417895 0.433006
 72.600000 -1.598327 -2.432654 0.437350
 72.800000 -1.524721 -2.478683 1.681776
 73.000000 -1.590156 -2.500991 1.842248
 73.200000 -1.655546 -2.363479 6.789764
 73.400000 -1.640494 -2.419451 2.717151
 73.600000 -1.599042 -2.400035 1.341806
 73.800000 -1.538615 -2.425545 0.678319
 74.000000 -1.527108 -2.406892 1.622998
 74.200000 -1.601193 -2.482501 1.224026
 74.400000 -1.499817 -2.475698 3.038638
 74.600000 -1.545859 -2.436685 0.333899
 74.800000 -1.632669 -2.470544 2.280863
 75.000000 -1.589719 -2.498285 1.681877
 75.200000 -1.595855 -2.561836 7.320317
 75.400000 -1.642800 -2.437156 2.612137
 75.600000 -1.550678 -2.475069 0.701889
 75.800000 -1.568532 -2.462625 0.186193
 76.000000 -1.590578 -2.519113 3.057294
 76.200000 -1.520157 -2.513183 3.712782
 76.400000 -1.581220 -2.479354 0.698470
 76.600000 -1.488703 -2.512357 5.742949
 76.800000 -1.527399 -2.532126 4.872424
 77.000000 -1.579681 -2.517636 2.790471
 77.200000 -1.663640 -2.428438 4.422851
 77.400000 -1.502738 -2.460232 2.456587
 77.600000 -1.647187 -2.416747 3.274569
 77.800000 -1.626187 -2.544452 6.633674
 78.000000 -1.506214 -2.472511 2.507414
 78.200000 -1.509609 -2.432193 1.935451
 78.400000 -1.646636 -2.397023 3.954049
 78.600000 -1.628303 -2.460342 1.796018
 78.800000 -1.550725 -2.539630 4.825683
 79.000000 -1.644827 -2.414813 3.150614
 79.200000 -1.566334 -2.401859 0.875330
 79.400000 -1.461428 -2.426267 6.128511
 79.600000 -1.594011 -2.410467 0.813763
 79.800000 -1.635602 -2.443528 2.099889
 80.000000 -1.562771 -2.504757 1.910828
 80.200000 -1.641960 -2.485643 3.421798
 80.400000 -1.627864 -2.356111 5.443367
 80.600000 -1.537944 -2.411232 1.059009
 80.800000 -1.632591 -2.539397 6.511141
 81.000000 -1.627945 -2.599398 13.791127
 81.200000 -1.595317 -2.565057 7.693435
 81.400000 -1.572387 -2.505104 1.901177
 81.600000 -1.596648 -2.434724 0.372324
 81.800000 -1.599559 -2.550247 6.115267
 82.000000 -1.620975 -2.573340 9.693266
 82.200000 -1.657795 -2.529171 7.457486
 82.400000 -1.556157 -2.418899 0.408809
 82.600000 -1.618613 -2.379050 3.217567
 82.800000 -1.525945 -2.470870 1.381465
 83.000000 -1.578354 -2.518728 2.861156
 83.200000 -1.595429 -2.335858 6.092539
 83.400000 -1.649796 -2.415614 3.508167
 83.600000 -1.597097 -2.453186 0.393144
 83.800000 -1.611402 -2.414452 1.245169
 84.000000 -1.534661 -2.477763 1.241202
 84.200000 -1.634047 -2.410608 2.539988
 84.400000 -1.629623 -2.470556 2.097361
 84.600000 -1.597841 -2.433401 0.416318
 84.800000 -1.640977 -2.409888 3.026278
 85.000000 -1.638838 -2.479094 2.949686
 85.200000 -1.588052 -2.431351 0.222213
 85.400000 -1.564063 -2.459216 0.146785
 85.600000 -1.571646 -2.455539 0.073300
 85.800000 -1.606817 -2.584552 10.602145
 86.000000 -1.600977 -2.598899 12.535860
 86.200000 -1.582033 -2.454501 0.124072
 86.400000 -1.561858 -2.536445 4.362922
 86.600000 -1.532137 -2.572080 9.018649
 86.800000 -1.501911 -2.611915 16.561017
 87.000000 -1.533436 -2.511812 3.033816
 87.200000 -1.502530 -2.422928 2.540941
 87.400000 -1.567272 -2.493629 1.264620
 87.600000 -1.667706 -2.481093 5.403861
 87.800000 -1.600727 -2.522192 3.547189
 88.000000 -1.630009 -2.419341 2.043991
 88.200000 -1.593316 -2.395904 1.384399
 88.400000 -1.524360 -2.446688 1.083383
 88.600000 -1.600138 -2.413611 0.875974
 88.800000 -1.579244 -2.421800 0.270276
 89.000000 -1.583156 -2.369073 2.843197
 89.200000 -1.592053 -2.508528 2.342757
 89.400000 -1.533445 -2.468809 1.018826
 89.600000 -1.536953 -2.420272 0.841533
 89.800000 -1.622036 -2.474767 1.802785
 90.000000 -1.604199 -2.441441 0.559908
 90.200000 -1.645362 -2.375340 5.100224
 90.400000 -1.631157 -2.387242 3.401994
 90.600000 -1.552900 -2.436081 0.187364
 90.800000 -1.550115 -2.455404 0.285185
 91.000000 -1.563703 -2.365351 3.075716
 91.200000 -1.545612 -2.390347 1.727689
 91.400000 -1.546659 -2.472728 0.719590
 91.600000 -1.667030 -2.538066 9.105499
 91.800000 -1.645002 -2.434623 2.792323
 92.000000 -1.573587 -2.450394 0.027930
 92.200000 -1.598436 -2.493310 1.624448
 92.400000 -1.621251 -2.497588 2.737732
 92.600000 -1.590766 -2.442218 0.200162
 92.800000 -1.502587 -2.417117 2.673300
 93.000000 -1.526484 -2.479818 1.642713
 93.200000 -1.622958 -2.530967 5.189058
 93.400000 -1.534572 -2.464616 0.879862
 93.600000 -1.601755 -2.433679 0.527082
 93.800000 -1.581594 -2.485602 0.946231
 94.000000 -1.596967 -2.489083 1.383160
 94.200000 -1.607138 -2.479566 1.312140
 94.400000 -1.613227 -2.404914 1.643115
 94.600000 -1.580564 -2.404896 0.791332
 94.800000 -1.561467 -2.455565 0.116765
 95.000000 -1.512955 -2.522847 4.823873
 95.200000 -1.647278 -2.409555 3.499548
 95.400000 -1.587740 -2.439786 0.150294
 95.600000 -1.571155 -2.416891 0.353036
 95.800000 -1.636564 -2.358453 5.775872
 96.000000 -1.740384 -2.390742 15.769608
 96.200000 -1.606145 -2.467170 0.905818
 96.400000 -1.639291 -2.498184 3.843071
 96.600000 -1.578868 -2.401764 0.901896
 96.800000 -1.501616 -2.457453 2.490819
 97.000000 -1.585964 -2.459450 0.242862
 97.200000 -1.659509 -2.598850 16.007868
 97.400000 -1.631321 -2.532861 5.827821
 97.600000 -1.637356 -2.464442 2.435202
 97.800000 -1.630729 -2.465647 2.042066
 98.000000 -1.632407 -2.547547 7.314881
 98.200000 -1.590873 -2.574409 8.775221
 98.400000 -1.528984 -2.420032 1.148599
 98.600000 -1.597972 -2.405439 1.092084
 98.800000 -1.646022 -2.446392 2.833756
 99.000000 -1.585100 -2.525696 3.483626
 99.200000 -1.514799 -2.515342 4.151296
 99.400000 -1.602879 -2.398256 1.536372
 99.600000 -1.572172 -2.415763 0.384525
 99.800000 -1.605709 -2.486512 1.536136
 100.000000 -1.644713 -2.459943 2.867635
 100.200000 -1.659171 -2.394901 5.084072
 100.400000 -1.521732 -2.479390 1.849117
 100.600000 -1.626627 -2.478346 2.167009
 100.800000 -1.618457 -2.452219 1.174105
 101.000000 -1.584760 -2.380111 2.104114
 101.200000 -1.536234 -2.465986 0.850966
 101.400000 -1.623631 -2.459531 1.524886
 101.600000 -1.562292 -2.494380 1.332525
 101.800000 -1.605617 -2.523313 3.794370
 102.000000 -1.688194 -2.563204 14.060292
 102.200000 -1.558010 -2.602387 12.710518
 102.400000 -1.592400 -2.450490 0.258060
 102.600000 -1.581497 -2.447819 0.066748
 102.800000 -1.548434 -2.498385 1.758360
 103.000000 -1.609067 -2.535308 4.950239
 103.200000 -1.573698 -2.547912 5.459203
 103.400000 -1.639476 -2.369454 5.096932
 103.600000 -1.608258 -2.471319 1.089718
 103.800000 -1.596474 -2.435074 0.364834
 104.000000 -1.615661 -2.493365 2.251646
 104.200000 -1.623508 -2.402742 2.218299
 104.400000 -1.523931 -2.425964 1.251243
 104.600000 -1.586547 -2.441307 0.126368
 104.800000 -1.581368 -2.389858 1.492500
 105.000000 -1.499455 -2.401325 3.432550
 105.200000 -1.574056 -2.420528 0.268265
 105.400000 -1.644962 -2.466913 3.025260
 105.600000 -1.560455 -2.404296 0.820407
 105.800000 -1.647358 -2.403742 3.719609
 106.000000 -1.581578 -2.427567 0.184430
 106.200000 -1.596871 -2.476563 0.887807
 106.400000 -1.529398 -2.518562 3.676965
 106.600000 -1.520556 -2.456476 1.346756
 106.800000 -1.607935 -2.442652 0.689961
 107.000000 -1.672724 -2.592471 16.296601
 107.200000 -1.605502 -2.562806 7.723856
 107.400000 -1.612433 -2.441825 0.868136
 107.600000 -1.648101 -2.432013 3.053508
 107.800000 -1.617163 -2.483019 1.857372
 108.000000 -1.545691 -2.543874 5.356501
 108.200000 -1.578567 -2.502695 1.784516
 108.400000 -1.602439 -2.436278 0.526439
 108.600000 -1.532209 -2.571047 8.883610
 108.800000 -1.546467 -2.514592 2.825754
 109.000000 -1.544566 -2.440544 0.348258
 109.200000 -1.524402 -2.482965 1.856505
 109.400000 -1.584048 -2.476759 0.642182
 109.600000 -1.668799 -2.483944 5.621693
 109.800000 -1.626440 -2.365437 4.591941
 110.000000 -1.538812 -2.390118 1.934213
 110.200000 -1.638849 -2.444291 2.315954
 110.400000 -1.527155 -2.543027 5.909004
 110.600000 -1.588940 -2.389236 1.634763
 110.800000 -1.573941 -2.458473 0.117631
 111.000000 -1.536898 -2.513677 3.039690
 111.200000 -1.566125 -2.515027 2.571731
 111.400000 -1.529354 -2.409789 1.425650
 111.600000 -1.590985 -2.471484 0.596443
 111.800000 -1.554816 -2.571805 8.363717
 112.000000 -1.605163 -2.475736 1.111377
 112.200000 -1.625494 -2.451861 1.531187
 112.400000 -1.556066 -2.476732 0.661976
 112.600000 -1.636562 -2.549076 7.739850
 112.800000 -1.569741 -2.456272 0.082618
 113.000000 -1.547102 -2.407772 0.917544
 113.200000 -1.598056 -2.428360 0.485553
 113.400000 -1.657382 -2.513371 6.192296
 113.600000 -1.614125 -2.434069 0.982772
 113.800000 -1.626111 -2.407874 2.163066
 114.000000 -1.702472 -2.502117 10.389554
 114.200000 -1.628285 -2.548268 7.144768
 114.400000 -1.563626 -2.523718 3.246294
 114.600000 -1.578620 -2.423397 0.231886
 114.800000 -1.632798 -2.526314 5.354461
 115.000000 -1.602395 -2.458140 0.606979
 115.200000 -1.626520 -2.461358 1.712707
 115.400000 -1.604149 -2.521462 3.598325
 115.600000 -1.594670 -2.566179 7.814858
 115.800000 -1.593148 -2.501432 1.930122
 116.000000 -1.599152 -2.427873 0.523513
 116.200000 -1.504221 -2.431205 2.291257
 116.400000 -1.680125 -2.477627 6.560047
 116.600000 -1.667528 -2.467019 4.955995
 116.800000 -1.537592 -2.435585 0.582272
 117.000000 -1.569680 -2.414740 0.413069
 117.200000 -1.592070 -2.440244 0.231466
 117.400000 -1.574033 -2.427388 0.134407
 117.600000 -1.615350 -2.444844 0.993482
 117.800000 -1.707951 -2.419174 9.700689
 118.000000 -1.583919 -2.473904 0.549477
 118.200000 -1.616896 -2.402522 1.900604
 118.400000 -1.519522 -2.384309 3.064013
 118.600000 -1.526958 -2.443731 0.960921
 118.800000 -1.686684 -2.494137 7.999018
 119.000000 -1.624745 -2.521524 4.502171
 119.200000 -1.564878 -2.484369 0.854232
 119.400000 -1.556633 -2.432738 0.157789
 119.600000 -1.641248 -2.474043 2.949347
 119.800000 -1.607686 -2.505974 2.634385
 120.000000 -1.624441 -2.514267 3.945578
 120.200000 -1.528237 -2.480011 1.573604
 120.400000 -1.591372 -2.446889 0.217563
 120.600000 -1.559380 -2.453066 0.111303
 120.800000 -1.577098 -2.442824 0.020062
 121.000000 -1.648448 -2.421401 3.258207
 121.200000 -1.524099 -2.515976 3.719515
 121.400000 -1.514213 -2.484577 2.446136
 121.600000 -1.548753 -2.448302 0.254683
 121.800000 -1.580365 -2.452844 0.089806
 122.000000 -1.590129 -2.537661 4.623669
 122.200000 -1.647411 -2.578830 12.097341
 122.400000 -1.565582 -2.479986 0.680640
 122.600000 -1.530446 -2.388906 2.302210
 122.800000 -1.560945 -2.355912 3.880935
 123.000000 -1.545152 -2.539852 4.974434
 123.200000 -1.634859 -2.557295 8.531036
 123.400000 -1.634779 -2.412020 2.541157
 123.600000 -1.543851 -2.441443 0.365055
 123.800000 -1.581529 -2.359746 3.561653
 124.000000 -1.620897 -2.495507 2.609429
 124.200000 -1.622205 -2.479908 1.985629
 124.400000 -1.604508 -2.475326 1.075925
 124.600000 -1.551571 -2.527824 3.743401
 124.800000 -1.494362 -2.406180 3.616072
 125.000000 -1.497607 -2.536113 6.970536
 125.200000 -1.540194 -2.493593 1.724846
 125.400000 -1.564479 -2.471667 0.417740
 125.600000 -1.620594 -2.448469 1.252448
 125.800000 -1.623510 -2.418289 1.706190
 126.000000 -1.501699 -2.447153 2.394042
 126.200000 -1.563326 -2.459901 0.163039
 126.400000 -1.649404 -2.489862 4.166075
 126.600000 -1.591199 -2.435162 0.242580
 126.800000 -1.609364 -2.429130 0.846438
 127.000000 -1.652526 -2.411045 3.865244
 127.200000 -1.568906 -2.473036 0.439117
 127.400000 -1.512035 -2.488477 2.739680
 127.600000 -1.591927 -2.469526 0.562949
 127.800000 -1.531519 -2.528697 4.403913
 128.000000 -1.483662 -2.427103 3.930034
 128.200000 -1.660072 -2.487126 4.938424
 128.400000 -1.586598 -2.417573 0.459946
 128.600000 -1.556473 -2.506907 2.115261
 128.800000 -1.666091 -2.458006 4.646286
 129.000000 -1.534385 -2.431902 0.729708
 129.200000 -1.522408 -2.459149 1.293760
 129.400000 -1.547389 -2.439120 0.283378
 129.600000 -1.605398 -2.569360 8.523932
 129.800000 -1.532607 -2.473539 1.181538
 130.000000 -1.641518 -2.492042 3.680803
 130.200000 -1.639631 -2.485700 3.261206
 130.400000 -1.586514 -2.517888 2.893218
 130.600000 -1.532646 -2.466739 0.998656
 130.800000 -1.622017 -2.426754 1.451344
 131.000000 -1.561969 -2.437601 0.056132
 131.200000 -1.527190 -2.523932 4.188512
 131.400000 -1.583562 -2.541095 4.847648
 131.600000 -1.532214 -2.544714 5.870404
 131.800000 -1.587772 -2.473809 0.604593
 132.000000 -1.594176 -2.506872 2.283819
 132.200000 -1.596757 -2.455661 0.411382
 132.400000 -1.627068 -2.446404 1.587599
 132.600000 -1.650195 -2.486983 4.099119
 132.800000 -1.499909 -2.464797 2.740135
 133.000000 -1.646453 -2.473758 3.320939
 133.200000 -1.640198 -2.399085 3.392919
 133.400000 -1.534172 -2.457344 0.767050
 133.600000 -1.628292 -2.414240 2.079831
 133.800000 -1.620349 -2.538070 5.703176
 134.000000 -1.667192 -2.433159 4.699153
 134.200000 -1.543101 -2.489497 1.443179
 134.400000 -1.716158 -2.486047 11.471789
 134.600000 -1.656626 -2.483845 4.498816
 134.800000 -1.529564 -2.516373 3.508147
 135.000000 -1.524358 -2.439608 1.085706
 135.200000 -1.646084 -2.510628 5.089833
 135.400000 -1.612083 -2.448858 0.866845
 135.600000 -1.503502 -2.554722 8.453715
 135.800000 -1.614225 -2.422362 1.165591
 136.000000 -1.589278 -2.456423 0.254799
 136.200000 -1.557552 -2.512116 2.444475
 136.400000 -1.629064 -2.473772 2.156956
 136.600000 -1.677847 -2.435608 5.760724
 136.800000 -1.566679 -2.480588 0.697688
 137.000000 -1.653082 -2.510442 5.628735
 137.200000 -1.592992 -2.451824 0.281283
 137.400000 -1.590821 -2.535249 4.413051
 137.600000 -1.578761 -2.443171 0.031757
 137.800000 -1.625708 -2.512126 3.865121
 138.000000 -1.630014 -2.410787 2.287193
 138.200000 -1.520156 -2.416847 1.636349
 138.400000 -1.605147 -2.472199 1.002912
 138.600000 -1.609161 -2.509464 2.914109
 138.800000 -1.618641 -2.486847 2.085705
 139.000000 -1.577324 -2.484160 0.849494
 139.200000 -1.540156 -2.520467 3.434385
 139.400000 -1.531343 -2.455437 0.849987
 139.600000 -1.552514 -2.481924 0.906811
 139.800000 -1.609105 -2.526995 4.222767
 140.000000 -1.530219 -2.427113 0.956870
 140.200000 -1.549052 -2.497731 1.709010
 140.400000 -1.628026 -2.438700 1.648979
 140.600000 -1.588058 -2.496206 1.540001
 140.800000 -1.491486 -2.474016 3.611880
 141.000000 -1.524109 -2.448805 1.104135
 141.200000 -1.621443 -2.528138 4.867643
 141.400000 -1.608157 -2.447547 0.706270
 141.600000 -1.477723 -2.440645 4.335255
 141.800000 -1.670039 -2.350756 9.221605
 142.000000 -1.605992 -2.478031 1.216920
 142.200000 -1.528469 -2.424520 1.075176
 142.400000 -1.675537 -2.455046 5.552414
 142.600000 -1.564348 -2.418557 0.330891
 142.800000 -1.544128 -2.488800 1.383401
 143.000000 -1.619098 -2.537054 5.546340
 143.200000 -1.613732 -2.403193 1.732467
 143.400000 -1.619964 -2.502818 2.970402
 143.600000 -1.626123 -2.502656 3.282520
 143.800000 -1.644909 -2.586165 12.928502
 144.000000 -1.632951 -2.503063 3.707821
 144.200000 -1.663752 -2.492116 5.504077
 144.400000 -1.524236 -2.493060 2.313977
 144.600000 -1.471648 -2.549721 10.560775
 144.800000 -1.507487 -2.541711 6.830595
 145.000000 -1.646359 -2.447029 2.861262
 145.200000 -1.497148 -2.435687 2.742269
 145.400000 -1.579611 -2.527063 3.533522
 145.600000 -1.628833 -2.531374 5.548467
 145.800000 -1.560402 -2.553464 6.104376
 146.000000 -1.540364 -2.517619 3.212786
 146.200000 -1.534056 -2.524361 3.947373
 146.400000 -1.510165 -2.428281 1.953274
 146.600000 -1.524993 -2.459874 1.183656
 146.800000 -1.675005 -2.513079 7.853079
 147.000000 -1.612511 -2.541287 5.655009
 147.200000 -1.616013 -2.593604 12.293778
 147.400000 -1.615285 -2.418528 1.300445
 147.600000 -1.543357 -2.505804 2.319799
 147.800000 -1.461473 -2.500125 7.581189
 148.000000 -1.569715 -2.471982 0.407301
 148.200000 -1.597203 -2.452484 0.389373
 148.400000 -1.554733 -2.392018 1.452211
 148.600000 -1.653937 -2.500796 5.099896
 148.800000 -1.598420 -2.451072 0.410506
 149.000000 -1.580396 -2.460259 0.187159
 149.200000 -1.574595 -2.464240 0.223100
 149.400000 -1.522932 -2.447222 1.152567
 149.600000 -1.582610 -2.495823 1.440670
 149.800000 -1.564726 -2.460223 0.158907
 150.000000 -1.538112 -2.464020 0.745467
 150.200000 -1.528103 -2.484984 1.773439
 150.400000 -1.603902 -2.516947 3.248086
 150.600000 -1.554483 -2.461440 0.294682
 150.800000 -1.499282 -2.493468 3.807479
 151.000000 -1.540656 -2.440622 0.458257
 151.200000 -1.653498 -2.479466 4.067969
 151.400000 -1.575249 -2.455325 0.080287
 151.600000 -1.647220 -2.440947 2.923446
 151.800000 -1.658579 -2.422484 4.072901
 152.000000 -1.518712 -2.419695 1.638822
 152.200000 -1.564785 -2.419063 0.315688
 152.400000 -1.559276 -2.435637 0.096971
 152.600000 -1.581980 -2.442390 0.063111
 152.800000 -1.583790 -2.580809 9.516672
 153.000000 -1.626201 -2.425498 1.696191
 153.200000 -1.598642 -2.440256 0.392830
 153.400000 -1.537668 -2.486574 1.478104
 153.600000 -1.566002 -2.635474 18.446073
 153.800000 -1.559026 -2.531960 3.985323
 154.000000 -1.578954 -2.403521 0.830881
 154.200000 -1.612037 -2.420997 1.102694
 154.400000 -1.591842 -2.494935 1.546249
 154.600000 -1.653917 -2.540911 8.202787
 154.800000 -1.554203 -2.429772 0.231375
 155.000000 -1.500031 -2.509968 4.715501
 155.200000 -1.464832 -2.504065 7.450640
 155.400000 -1.628654 -2.498990 3.215526
 155.600000 -1.554036 -2.472294 0.556126
 155.800000 -1.656419 -2.517440 6.402089
 156.000000 -1.630813 -2.535897 6.073190
 156.200000 -1.552766 -2.454963 0.228693
 156.400000 -1.567951 -2.414605 0.420389
 156.600000 -1.504792 -2.438873 2.188832
 156.800000 -1.570297 -2.466700 0.270162
 157.000000 -1.544903 -2.415212 0.734228
 157.200000 -1.639999 -2.391389 3.750252
 157.400000 -1.601780 -2.495008 1.808551
 157.600000 -1.698739 -2.463575 8.386994
 157.800000 -1.631508 -2.564111 9.121155
 158.000000 -1.533890 -2.406815 1.352491
 158.200000 -1.509571 -2.403235 2.683344
 158.400000 -1.544213 -2.471058 0.734148
 158.600000 -1.577223 -2.491665 1.182446
 158.800000 -1.655414 -2.469796 3.926852
 159.000000 -1.676238 -2.456954 5.650051
 159.200000 -1.589380 -2.457506 0.271313
 159.400000 -1.597089 -2.445063 0.346935
 159.600000 -1.634646 -2.448497 2.051095
 159.800000 -1.603713 -2.506509 2.529296
 160.000000 -1.582659 -2.461690 0.236510
 160.200000 -1.495528 -2.518150 5.621892
 160.400000 -1.624677 -2.440366 1.456361
 160.600000 -1.551518 -2.460729 0.334914
 160.800000 -1.481981 -2.560343 10.774762
 161.000000 -1.647990 -2.449604 2.998320
 161.200000 -1.553478 -2.485578 1.036899
 161.400000 -1.607616 -2.545986 5.933515
 161.600000 -1.612731 -2.510845 3.149558
 161.800000 -1.539250 -2.517238 3.219149
 162.000000 -1.578280 -2.632306 17.859272
 162.200000 -1.537851 -2.515416 3.131488
 162.400000 -1.555563 -2.506324 2.091939
 162.600000 -1.549168 -2.584640 10.199647
 162.800000 -1.567050 -2.519037 2.862859
 163.000000 -1.588465 -2.528687 3.787823
 163.200000 -1.543878 -2.519746 3.272009
 163.400000 -1.605556 -2.499376 2.167385
 163.600000 -1.675467 -2.433062 5.532092
 163.800000 -1.575168 -2.425086 0.178370
 164.000000 -1.642749 -2.444182 2.588846
 164.200000 -1.618088 -2.486501 2.044470
 164.400000 -1.510923 -2.507087 3.816514
 164.600000 -1.504624 -2.396007 3.315307
 164.800000 -1.638082 -2.412728 2.735952
 165.000000 -1.699541 -2.499354 9.849621
 165.200000 -1.606764 -2.455334 0.717323
 165.400000 -1.732505 -2.495037 14.404961
 165.600000 -1.616403 -2.431473 1.111836
 165.800000 -1.606104 -2.499012 2.166286
 166.000000 -1.569130 -2.432125 0.065640
 166.200000 -1.517776 -2.428488 1.517659
 166.400000 -1.509617 -2.383819 3.650005
 166.600000 -1.574422 -2.501993 1.719578
 166.800000 -1.588093 -2.456169 0.230349
 167.000000 -1.632504 -2.465264 2.141623
 167.200000 -1.713952 -2.462160 10.421574
 167.400000 -1.592982 -2.449274 0.262992
 167.600000 -1.601961 -2.469227 0.817575
 167.800000 -1.516762 -2.472029 1.867896
 168.000000 -1.520542 -2.502126 2.983529
 168.200000 -1.544750 -2.543329 5.325990
 168.400000 -1.672865 -2.446271 5.212914
 168.600000 -1.576974 -2.482508 0.781409
 168.800000 -1.645827 -2.449161 2.831027
 169.000000 -1.636848 -2.481866 2.918882
 169.200000 -1.598787 -2.495349 1.737930
 169.400000 -1.702307 -2.491065 9.780615
 169.600000 -1.533283 -2.466940 0.979275
 169.800000 -1.564370 -2.508323 2.124195
 170.000000 -1.554624 -2.565381 7.563014
 170.200000 -1.559032 -2.461188 0.226321
 170.400000 -1.581137 -2.515821 2.671476
 170.600000 -1.518739 -2.535449 5.585920
 170.800000 -1.659321 -2.598975 16.010559
 171.000000 -1.595287 -2.470490 0.665181
 171.200000 -1.537421 -2.488056 1.551311
 171.400000 -1.573092 -2.439367 0.011013
 171.600000 -1.570843 -2.507206 2.031694
 171.800000 -1.626507 -2.484574 2.396991
 172.000000 -1.600740 -2.370471 3.112061
 172.200000 -1.671502 -2.446116 5.074295
 172.400000 -1.636986 -2.458101 2.297732
 172.600000 -1.575097 -2.508918 2.151583
 172.800000 -1.648802 -2.512535 5.428102
 173.000000 -1.640047 -2.499431 3.964158
 173.200000 -1.523306 -2.586169 11.310469
 173.400000 -1.558220 -2.426878 0.216575
 173.600000 -1.659921 -2.480529 4.658617
 173.800000 -1.605046 -2.513937 3.069963
 174.000000 -1.655986 -2.502828 5.390911
 174.200000 -1.514380 -2.457117 1.684651
 174.400000 -1.629285 -2.403871 2.494172
 174.600000 -1.563236 -2.415596 0.416797
 174.800000 -1.554999 -2.475863 0.649730
 175.000000 -1.638818 -2.502133 4.034660
 175.200000 -1.567010 -2.535881 4.277875
 175.400000 -1.537509 -2.514730 3.093645
 175.600000 -1.614095 -2.547041 6.301740
 175.800000 -1.492955 -2.389285 4.497129
 176.000000 -1.567051 -2.492454 1.207191
 176.200000 -1.564428 -2.511735 2.350944
 176.400000 -1.623288 -2.431399 1.450448
 176.600000 -1.478585 -2.472174 4.663643
 176.800000 -1.579132 -2.444264 0.035065
 177.000000 -1.608382 -2.522708 3.846426
 177.200000 -1.597819 -2.412376 0.848242
 177.400000 -1.553819 -2.370584 2.799663
 177.600000 -1.612413 -2.465177 1.101784
 177.800000 -1.580809 -2.570892 8.169478
 178.000000 -1.628076 -2.487985 2.631703
 178.200000 -1.577808 -2.509142 2.181571
 178.400000 -1.505008 -2.454899 2.229471
 178.600000 -1.560262 -2.566419 7.614828
 178.800000 -1.641908 -2.536762 6.880939
 179.000000 -1.561381 -2.476983 0.606173
 179.200000 -1.595683 -2.479097 0.944619
 179.400000 -1.479075 -2.425143 4.374156
 179.600000 -1.542581 -2.495062 1.729377
 179.800000 -1.552055 -2.446974 0.181792
 180.000000 -1.605781 -2.549716 6.257067
 180.200000 -1.576905 -2.478916 0.647201
 180.400000 -1.660111 -2.447428 3.996399
 180.600000 -1.554111 -2.400110 1.078858
 180.800000 -1.571740 -2.463363 0.198498
 181.000000 -1.582804 -2.627857 17.073005
 181.200000 -1.549680 -2.465596 0.467923
 181.400000 -1.533067 -2.391883 2.041903
 181.600000 -1.667016 -2.407641 5.270636
 181.800000 -1.623910 -2.470737 1.782500
 182.000000 -1.646685 -2.517911 5.650937
 182.200000 -1.658751 -2.418418 4.181612
 182.400000 -1.578115 -2.409109 0.616808
 182.600000 -1.548287 -2.531930 4.166749
 182.800000 -1.539302 -2.502886 2.261607
 183.000000 -1.601527 -2.437803 0.488195
 183.200000 -1.588715 -2.461666 0.326265
 183.400000 -1.540848 -2.533295 4.483496
 183.600000 -1.597181 -2.519563 3.243838
 183.800000 -1.481426 -2.515196 6.566511
 184.000000 -1.589802 -2.450893 0.208217
 184.200000 -1.600802 -2.471376 0.839800
 184.400000 -1.613788 -2.448442 0.936568
 184.600000 -1.642400 -2.470117 2.918768
 184.800000 -1.704983 -2.451730 9.037181
 185.000000 -1.587067 -2.501897 1.839758
 185.200000 -1.500894 -2.467280 2.726836
 185.400000 -1.560921 -2.387988 1.587408
 185.600000 -1.626016 -2.453628 1.576291
 185.800000 -1.587212 -2.571403 8.319331
 186.000000 -1.664177 -2.621596 20.226125
 186.200000 -1.729947 -2.476168 13.199427
 186.400000 -1.620659 -2.384258 2.995624
 186.600000 -1.549292 -2.470568 0.598612
 186.800000 -1.630457 -2.488746 2.805058
 187.000000 -1.601647 -2.519021 3.330520
 187.200000 -1.506151 -2.507292 4.126706
 187.400000 -1.683578 -2.365151 9.426061
 187.600000 -1.605016 -2.425876 0.740124
 187.800000 -1.597489 -2.397599 1.407936
 188.000000 -1.602893 -2.494902 1.838179
 188.200000 -1.602195 -2.454065 0.549161
 188.400000 -1.648546 -2.527820 6.580775
 188.600000 -1.571629 -2.460153 0.139651
 188.800000 -1.576896 -2.417481 0.356087
 189.000000 -1.555284 -2.384012 1.887386
 189.200000 -1.572140 -2.491283 1.144400
 189.400000 -1.648295 -2.498687 4.527986
 189.600000 -1.573675 -2.434256 0.046511
 189.800000 -1.568551 -2.497607 1.468424
 190.000000 -1.640224 -2.435149 2.444651
 190.200000 -1.497110 -2.584355 12.640399
 190.400000 -1.530600 -2.477495 1.387038
 190.600000 -1.624915 -2.505144 3.366792
 190.800000 -1.567509 -2.519372 2.886671
 191.000000 -1.579838 -2.592956 11.215333
 191.200000 -1.629298 -2.516131 4.351673
 191.400000 -1.626090 -2.423485 1.728196
 191.600000 -1.518721 -2.494523 2.659615
 191.800000 -1.591165 -2.469477 0.545869
 192.000000 -1.672479 -2.537239 9.566840
 192.200000 -1.677506 -2.494018 6.971415
 192.400000 -1.546593 -2.501087 1.953279
 192.600000 -1.531935 -2.506503 2.742230
 192.800000 -1.652607 -2.432505 3.406531
 193.000000 -1.620006 -2.506851 3.219980
 193.200000 -1.613317 -2.518677 3.732746
 193.400000 -1.541270 -2.489954 1.516702
 193.600000 -1.578228 -2.354854 3.953221
 193.800000 -1.567087 -2.436962 0.027999
 194.000000 -1.541840 -2.529996 4.163431
 194.200000 -1.526302 -2.444313 0.990251
 194.400000 -1.512090 -2.426177 1.872554
 194.600000 -1.605098 -2.497991 2.075070
 194.800000 -1.612332 -2.597117 12.667710
 195.000000 -1.632967 -2.469300 2.266443
 195.200000 -1.626922 -2.433749 1.622188
 195.400000 -1.533590 -2.427745 0.815640
 195.600000 -1.563168 -2.466935 0.304609
 195.800000 -1.645200 -2.410550 3.309472
 196.000000 -1.565996 -2.447921 0.021468
 196.200000 -1.496285 -2.506806 4.782285
 196.400000 -1.705755 -2.526840 12.582932
 196.600000 -1.643816 -2.511397 4.973543
 196.800000 -1.508893 -2.458592 2.030479
 197.000000 -1.557081 -2.475558 0.609153
 197.200000 -1.607045 -2.516600 3.331612
 197.400000 -1.543053 -2.519386 3.267117
 197.600000 -1.679125 -2.470719 6.239063
 197.800000 -1.689490 -2.460314 7.186059
 198.000000 -1.553988 -2.590209 10.908808
 198.200000 -1.566594 -2.495348 1.354976
 198.400000 -1.547093 -2.436058 0.308317
 198.600000 -1.593559 -2.443472 0.259070
 198.800000 -1.570596 -2.459914 0.135370
 199.000000 -1.634596 -2.568985 9.913267
 199.200000 -1.656447 -2.419668 3.951083
 199.400000 -1.529853 -2.436587 0.861813
 199.600000 -1.536521 -2.425040 0.757078
 199.800000 -1.564222 -2.522028 3.108021
 200.000000 -1.603018 -2.445084 0.520444
