#! FIELDS time phi psi restraint.bias
#! SET min_phi -pi
#! SET max_phi pi
#! SET min_psi -pi
#! SET max_psi pi
 0.000000 0.519155 0.484743 48.124966
 0.200000 0.581330 0.214617 2.469805
 0.400000 0.585981 0.189397 2.056215
 0.600000 0.506476 0.176141 0.147881
 0.800000 0.468775 0.141581 2.045754
 1.000000 0.616001 0.317377 14.471256
 1.200000 0.577272 0.148626 1.776010
 1.400000 0.618359 0.180478 4.507415
 1.600000 0.718670 0.225865 20.343858
 1.800000 0.561174 0.119229 2.235211
 2.000000 0.487729 0.074850 5.611637
 2.200000 0.566566 0.190053 1.043539
 2.400000 0.469999 0.130386 2.410968
 2.600000 0.575557 0.185972 1.415230
 2.800000 0.583671 0.093564 5.082333
 3.000000 0.541399 0.084243 4.234575
 3.200000 0.613471 0.077730 8.723937
 3.400000 0.582926 0.066764 7.566889
 3.600000 0.500929 0.175814 0.257773
 3.800000 0.490883 0.199723 0.852428
 4.000000 0.640521 0.168774 6.851973
 4.200000 0.631103 0.162960 5.845595
 4.400000 0.595974 0.206375 3.126069
 4.600000 0.524548 0.187780 0.088199
 4.800000 0.521660 0.202074 0.381137
 5.000000 0.601543 0.138768 3.677235
 5.200000 0.577793 0.177625 1.473267
 5.400000 0.583125 0.234628 3.577351
 5.600000 0.626429 0.251932 8.282325
 5.800000 0.669276 0.221751 11.725736
 6.000000 0.460025 0.183658 2.062418
 6.200000 0.564831 0.204994 1.314005
 6.400000 0.548453 0.180613 0.327362
 6.600000 0.583768 0.196727 2.056427
 6.800000 0.629555 0.229546 7.126581
 7.000000 0.618551 0.206328 5.013435
 7.200000 0.523736 0.211038 0.666313
 7.400000 0.550017 0.167012 0.377247
 7.600000 0.544904 0.098628 3.107759
 7.800000 0.482007 0.079708 5.360839
 8.000000 0.605677 0.137111 4.068593
 8.200000 0.609000 0.190991 3.782091
 8.400000 0.570345 0.159021 1.212908
 8.600000 0.531968 0.176237 0.036472
 8.800000 0.584903 0.152508 2.121665
 9.000000 0.566365 0.072727 6.096723
 9.200000 0.515857 0.142974 0.527955
 9.400000 0.551680 0.206992 0.921088
 9.600000 0.588910 0.183925 2.176868
 9.800000 0.550784 0.112780 2.276231
 10.000000 0.575077 0.132575 2.205218
 10.200000 0.548197 0.198602 0.592180
 10.400000 0.488411 0.181697 0.644754
 10.600000 0.520181 0.194775 0.210702
 10.800000 0.552997 0.168105 0.452787
 11.000000 0.590340 0.198363 2.511106
 11.200000 0.552482 0.193114 0.589758
 11.400000 0.524862 0.195634 0.223427
 11.600000 0.601242 0.201754 3.384775
 11.800000 0.568408 0.140829 1.571896
 12.000000 0.442707 0.158636 3.398126
 12.200000 0.539133 0.246565 2.714961
 12.400000 0.593155 0.147742 2.777917
 12.600000 0.552252 0.167229 0.437181
 12.800000 0.573618 0.092353 4.627723
 13.000000 0.550881 0.098182 3.286850
 13.200000 0.519359 0.224619 1.263307
 13.400000 0.511272 0.169932 0.086563
 13.600000 0.494973 0.112687 2.322211
 13.800000 0.550719 0.156086 0.537887
 14.000000 0.558054 0.097081 3.592991
 14.200000 0.603604 0.197781 3.470626
 14.400000 0.584114 0.128750 2.879101
 14.600000 0.542210 0.086551 4.043617
 14.800000 0.544351 0.159925 0.322031
 15.000000 0.539258 0.130823 1.077888
 15.200000 0.511311 0.102647 2.659317
 15.400000 0.570303 0.135217 1.863491
 15.600000 0.619012 0.169307 4.565467
 15.800000 0.577053 0.213491 2.187543
 16.000000 0.513609 0.154787 0.244849
 16.200000 0.602961 0.114283 4.964242
 16.400000 0.474068 0.204026 1.661554
 16.600000 0.422234 0.124853 6.371444
 16.800000 0.563427 0.199571 1.106570
 17.000000 0.633508 0.200665 6.381431
 17.200000 0.576039 0.065507 7.318273
 17.400000 0.546110 0.180831 0.273209
 17.600000 0.500077 0.235569 2.139340
 17.800000 0.524293 0.115929 1.717442
 18.000000 0.598127 0.163706 2.835853
 18.200000 0.528688 0.129106 1.044749
 18.400000 0.541499 0.160981 0.252048
 18.600000 0.655676 0.151832 8.979879
 18.800000 0.584755 0.185882 1.934458
 19.000000 0.525484 0.260753 3.718744
 19.200000 0.500658 0.085135 4.259108
 19.400000 0.573401 0.105099 3.650709
 19.600000 0.532019 0.188632 0.134835
 19.800000 0.514309 0.148690 0.377086
 20.000000 0.594704 0.189307 2.637078
 20.200000 0.618201 0.217083 5.380043
 20.400000 0.547005 0.129307 1.296612
 20.600000 0.580237 0.167835 1.626376
 20.800000 0.540303 0.251283 3.084779
 21.000000 0.548374 0.163933 0.363084
 21.200000 0.584382 0.137828 2.520935
 21.400000 0.658500 0.194497 9.298468
 21.600000 0.610030 0.193845 3.921688
 21.800000 0.514864 0.188267 0.132457
 22.000000 0.507886 0.174455 0.123450
 22.200000 0.574902 0.086822 5.162657
 22.400000 0.524569 0.170268 0.009567
 22.600000 0.569963 0.223202 2.259157
 22.800000 0.560398 0.142407 1.193130
 23.000000 0.638054 0.111009 8.567605
 23.200000 0.600647 0.123560 4.267351
 23.400000 0.516745 0.123235 1.339240
 23.600000 0.498197 0.117916 1.925394
 23.800000 0.566342 0.128887 1.955248
 24.000000 0.520745 0.189697 0.119042
 24.200000 0.614499 0.178696 4.140067
 24.400000 0.609092 0.143933 4.122744
 24.600000 0.535628 0.214608 0.875349
 24.800000 0.577737 0.180018 1.480511
 25.000000 0.593167 0.129202 3.447335
 25.200000 0.491882 0.099742 3.299809
 25.400000 0.539895 0.205695 0.618337
 25.600000 0.533776 0.211860 0.748457
 25.800000 0.622772 0.251585 7.886169
 26.000000 0.626062 0.163153 5.314154
 26.200000 0.602106 0.127402 4.192306
 26.400000 0.534142 0.168888 0.071512
 26.600000 0.486820 0.210090 1.308475
 26.800000 0.567074 0.194296 1.140344
 27.000000 0.615426 0.158051 4.351922
 27.200000 0.601885 0.187638 3.150269
 27.400000 0.574532 0.190458 1.423901
 27.600000 0.555269 0.200212 0.831207
 27.800000 0.500825 0.127104 1.384090
 28.000000 0.585877 0.163601 1.999055
 28.200000 0.555155 0.154976 0.689146
 28.400000 0.598990 0.202188 3.224350
 28.600000 0.609838 0.181126 3.740375
 28.800000 0.661404 0.190884 9.628850
 29.000000 0.500233 0.072537 5.474529
 29.200000 0.531348 0.139277 0.651506
 29.400000 0.536880 0.225246 1.374103
 29.600000 0.587372 0.140730 2.604821
 29.800000 0.574036 0.169033 1.287079
 30.000000 0.672891 0.196431 11.383911
 30.200000 0.601715 0.184221 3.097982
 30.400000 0.510121 0.135961 0.834716
 30.600000 0.449960 0.128184 3.785428
 30.800000 0.490438 0.187928 0.639512
 31.000000 0.532146 0.229330 1.537879
 31.200000 0.571301 0.224711 2.396689
 31.400000 0.611867 0.125209 5.112075
 31.600000 0.615280 0.220579 5.262806
 31.800000 0.557772 0.222233 1.721531
 32.000000 0.607594 0.164993 3.573112
 32.200000 0.599843 0.134416 3.711244
 32.400000 0.513160 0.178429 0.062075
 32.600000 0.452944 0.185258 2.553581
 32.800000 0.550065 0.221411 1.448992
 33.000000 0.654139 0.138845 9.157130
 33.200000 0.642292 0.095113 10.197824
 33.400000 0.598630 0.182017 2.842868
 33.600000 0.501929 0.237345 2.207470
 33.800000 0.487007 0.204744 1.125839
 34.000000 0.614506 0.169241 4.146019
 34.200000 0.503078 0.160115 0.314501
 34.400000 0.481146 0.130697 1.861910
 34.600000 0.619239 0.268661 9.003569
 34.800000 0.534139 0.252466 3.092319
 35.000000 0.596627 0.095800 5.765989
 35.200000 0.562066 0.217786 1.675295
 35.400000 0.540660 0.162498 0.217976
 35.600000 0.557746 0.150351 0.875423
 35.800000 0.446531 0.237262 4.937187
 36.000000 0.601615 0.219214 4.041428
 36.200000 0.674923 0.130329 12.426521
 36.400000 0.625016 0.115327 6.895384
 36.600000 0.523145 0.211116 0.669256
 36.800000 0.589220 0.265459 6.286809
 37.000000 0.547929 0.180516 0.313886
 37.200000 0.606768 0.134913 4.243392
 37.400000 0.571748 0.220432 2.212504
 37.600000 0.556028 0.210273 1.164501
 37.800000 0.536108 0.145950 0.486741
 38.000000 0.511219 0.160665 0.172797
 38.200000 0.571567 0.181812 1.176956
 38.400000 0.571222 0.185721 1.196585
 38.600000 0.583074 0.205567 2.250235
 38.800000 0.564234 0.109822 2.919341
 39.000000 0.549958 0.162924 0.414772
 39.200000 0.665975 0.106304 12.463020
 39.400000 0.658645 0.133598 9.956654
 39.600000 0.514126 0.136822 0.755909
 39.800000 0.466516 0.123456 2.933683
 40.000000 0.541039 0.134612 0.948947
 40.200000 0.592978 0.102405 5.007972
 40.400000 0.551099 0.208788 0.964832
 40.600000 0.547875 0.201118 0.648051
 40.800000 0.554153 0.129499 1.480780
 41.000000 0.612125 0.182737 3.952080
 41.200000 0.588281 0.190593 2.220849
 41.400000 0.505363 0.167464 0.191249
 41.600000 0.529754 0.209019 0.613591
 41.800000 0.554787 0.281702 6.228997
 42.000000 0.610523 0.182176 3.807163
 42.200000 0.556079 0.173910 0.527682
 42.400000 0.585722 0.226358 3.272565
 42.600000 0.503014 0.318177 10.528683
 42.800000 0.576993 0.254754 4.643195
 43.000000 0.606666 0.197990 3.725189
 43.200000 0.611602 0.224000 5.095817
 43.400000 0.640905 0.166536 6.912347
 43.600000 0.557940 0.192770 0.755933
 43.800000 0.525910 0.204734 0.458719
 44.000000 0.615145 0.208075 4.752929
 44.200000 0.567569 0.175751 0.967437
 44.400000 0.512745 0.033911 9.946211
 44.600000 0.519988 0.084941 4.019869
 44.800000 0.449735 0.143743 3.201966
 45.000000 0.527874 0.161312 0.096530
 45.200000 0.515742 0.136355 0.759642
 45.400000 0.539080 0.146439 0.514457
 45.600000 0.580534 0.090909 5.117274
 45.800000 0.562701 0.030401 11.151514
 46.000000 0.492146 0.122672 1.839427
 46.200000 0.488472 0.213011 1.357244
 46.400000 0.539528 0.088692 3.811210
 46.600000 0.538281 0.112949 2.004048
 46.800000 0.526621 0.158899 0.126782
 47.000000 0.568550 0.145004 1.446285
 47.200000 0.541421 0.215631 1.003359
 47.400000 0.578892 0.224218 2.762983
 47.600000 0.662047 0.210602 10.234381
 47.800000 0.530122 0.231656 1.652776
 48.000000 0.522988 0.151557 0.264140
 48.200000 0.545567 0.187250 0.322164
 48.400000 0.520917 0.215353 0.836746
 48.600000 0.627902 0.172555 5.441586
 48.800000 0.575568 0.156665 1.510034
 49.000000 0.647505 0.124061 8.950088
 49.200000 0.608014 0.236963 5.511769
 49.400000 0.555463 0.196981 0.759624
 49.600000 0.623546 0.125029 6.220028
 49.800000 0.501587 0.141469 0.788870
 50.000000 0.548307 0.180027 0.320328
 50.200000 0.580725 0.167822 1.654204
 50.400000 0.502732 0.121859 1.604980
 50.600000 0.498324 0.201231 0.675819
 50.800000 0.586030 0.168619 1.966299
 51.000000 0.559801 0.167360 0.681028
 51.200000 0.545306 0.201302 0.593904
 51.400000 0.537932 0.186838 0.178431
 51.600000 0.585131 0.131251 2.829783
 51.800000 0.562479 0.197083 1.010078
 52.000000 0.494185 0.204471 0.880723
 52.200000 0.489160 0.098944 3.449876
 52.400000 0.593673 0.130501 3.424598
 52.600000 0.635374 0.176321 6.248466
 52.800000 0.550255 0.200123 0.682698
 53.000000 0.559077 0.146150 1.032148
 53.200000 0.600226 0.189624 3.049771
 53.400000 0.520349 0.264577 4.059278
 53.600000 0.535781 0.195239 0.288575
 53.800000 0.527647 0.093757 3.270530
 54.000000 0.614158 0.201955 4.476439
 54.200000 0.583524 0.215269 2.625228
 54.400000 0.615411 0.137554 4.898433
 54.600000 0.578842 0.234021 3.295321
 54.800000 0.570836 0.156324 1.281446
 55.000000 0.565242 0.107788 3.094543
 55.200000 0.467982 0.213323 2.298939
 55.400000 0.546157 0.255270 3.513676
 55.600000 0.570823 0.125695 2.307647
 55.800000 0.576692 0.157654 1.551888
 56.000000 0.579447 0.297868 9.165334
 56.200000 0.614025 0.139505 4.701881
 56.400000 0.561412 0.132048 1.617415
 56.600000 0.585822 0.251471 4.895607
 56.800000 0.488719 0.138302 1.264634
 57.000000 0.555079 0.132878 1.363070
 57.200000 0.563774 0.192450 0.967538
 57.400000 0.659882 0.159610 9.397858
 57.600000 0.592447 0.211276 3.045023
 57.800000 0.546250 0.195944 0.485764
 58.000000 0.690811 0.133501 14.821854
 58.200000 0.479429 0.100184 3.739344
 58.400000 0.439233 0.199409 3.868169
 58.600000 0.558840 0.215956 1.478902
 58.800000 0.616888 0.078395 8.972743
 59.000000 0.648872 0.142032 8.374797
 59.200000 0.634472 0.196265 6.382530
 59.400000 0.518659 0.150834 0.293021
 59.600000 0.542033 0.206850 0.692097
 59.800000 0.560948 0.213525 1.457650
 60.000000 0.521593 0.136588 0.721907
 60.200000 0.499064 0.179106 0.311445
 60.400000 0.565370 0.227007 2.249184
 60.600000 0.658021 0.139426 9.650923
 60.800000 0.725953 0.188510 20.571205
 61.000000 0.506748 0.260769 3.860331
 61.200000 0.549154 0.165163 0.370428
 61.400000 0.596790 0.146032 3.084641
 61.600000 0.516266 0.231227 1.633989
 61.800000 0.476328 0.253197 4.211294
 62.000000 0.568367 0.194031 1.192194
 62.200000 0.606235 0.148620 3.750121
 62.400000 0.548859 0.222762 1.482062
 62.600000 0.557751 0.120941 2.019242
 62.800000 0.559426 0.032270 10.761140
 63.000000 0.487010 0.151320 0.938773
 63.200000 0.501691 0.076122 5.082329
 63.400000 0.514035 0.082814 4.251932
 63.600000 0.660173 0.147510 9.691397
 63.800000 0.578943 0.161996 1.610084
 64.000000 0.505316 0.130037 1.157094
 64.200000 0.468094 0.067546 7.263524
 64.400000 0.555762 0.116107 2.224018
 64.600000 0.513543 0.108119 2.255979
 64.800000 0.517250 0.148173 0.367588
 65.000000 0.601658 0.216632 3.932731
 65.200000 0.545719 0.122881 1.578620
 65.400000 0.545634 0.092365 3.618529
 65.600000 0.603133 0.140568 3.739705
 65.800000 0.564471 0.139127 1.462054
 66.000000 0.474455 0.165078 1.252256
 66.200000 0.539038 0.208191 0.685616
 66.400000 0.578697 0.115417 3.265268
 66.600000 0.561525 0.157751 0.860036
 66.800000 0.575901 0.201848 1.740816
 67.000000 0.512947 0.188697 0.157037
 67.200000 0.563805 0.158628 0.934738
 67.400000 0.604303 0.152009 3.510289
 67.600000 0.585375 0.195808 2.134459
 67.800000 0.500044 0.185216 0.334474
 68.000000 0.588789 0.178789 2.133970
 68.200000 0.605694 0.183438 3.409460
 68.400000 0.558047 0.100398 3.341332
 68.600000 0.525614 0.114684 1.793006
 68.800000 0.600964 0.227505 4.395722
 69.000000 0.545847 0.139373 0.865582
 69.200000 0.548339 0.171966 0.309344
 69.400000 0.536541 0.276936 5.326898
 69.600000 0.564486 0.182050 0.864118
 69.800000 0.657287 0.108489 11.117222
 70.000000 0.634997 0.151336 6.473770
 70.200000 0.515385 0.248951 2.802765
 70.400000 0.523897 0.207835 0.554558
 70.600000 0.596980 0.169336 2.705927
 70.800000 0.578729 0.144589 1.967970
 71.000000 0.573407 0.207695 1.790277
 71.200000 0.546737 0.214286 1.057834
 71.400000 0.603848 0.175075 3.220100
 71.600000 0.531075 0.116742 1.697846
 71.800000 0.599245 0.169364 2.874513
 72.000000 0.535640 0.197657 0.339856
 72.200000 0.465253 0.173774 1.702409
 72.400000 0.605739 0.098617 6.255098
 72.600000 0.629301 0.094590 8.781835
 72.800000 0.606217 0.190248 3.536372
 73.000000 0.533368 0.266981 4.321045
 73.200000 0.488529 0.152056 0.867559
 73.400000 0.576910 0.168096 1.441760
 73.600000 0.577824 0.209455 2.079928
 73.800000 0.582153 0.155403 1.897258
 74.000000 0.576063 0.182655 1.409227
 74.200000 0.574424 0.211217 1.964469
 74.400000 0.530250 0.203977 0.455610
 74.600000 0.517701 0.156463 0.180651
 74.800000 0.539438 0.134382 0.931495
 75.000000 0.579699 0.099579 4.382678
 75.200000 0.530420 0.142443 0.538155
 75.400000 0.501091 0.144818 0.694811
 75.600000 0.492617 0.128077 1.559018
 75.800000 0.552744 0.064675 6.459117
 76.000000 0.592343 0.121049 3.793154
 76.200000 0.539354 0.127246 1.242114
 76.400000 0.522569 0.174487 0.000531
 76.600000 0.618284 0.198897 4.779488
 76.800000 0.553077 0.144438 0.887357
 77.000000 0.548221 0.091784 3.726813
 77.200000 0.580703 0.166656 1.661491
 77.400000 0.558960 0.174014 0.625345
 77.600000 0.595038 0.179269 2.562973
 77.800000 0.582629 0.201794 2.113880
 78.000000 0.598794 0.257883 6.300809
 78.200000 0.598499 0.207861 3.360371
 78.400000 0.569877 0.211056 1.737803
 78.600000 0.516501 0.237069 1.980561
 78.800000 0.583243 0.194131 1.970775
 79.000000 0.588280 0.118168 3.680331
 79.200000 0.591330 0.210495 2.940395
 79.400000 0.511451 0.218932 1.059430
 79.600000 0.533170 0.164513 0.096004
 79.800000 0.561535 0.149068 1.043821
 80.000000 0.519649 0.136094 0.746595
 80.200000 0.487865 0.101793 3.284020
 80.400000 0.465109 0.152029 1.963714
 80.600000 0.566967 0.167977 0.961886
 80.800000 0.595924 0.083468 6.761848
 81.000000 0.614106 0.089827 7.683349
 81.200000 0.549478 0.177084 0.338125
 81.400000 0.508895 0.148559 0.445417
 81.600000 0.444994 0.108181 5.290682
 81.800000 0.481124 0.086935 4.738767
 82.000000 0.564106 0.111975 2.777134
 82.200000 0.630894 0.134295 6.565670
 82.400000 0.532192 0.205021 0.501686
 82.600000 0.435104 0.188005 4.006392
 82.800000 0.585595 0.146724 2.308444
 83.000000 0.535125 0.066796 5.870005
 83.200000 0.537352 0.207543 0.639406
 83.400000 0.520441 0.239557 2.119070
 83.600000 0.559339 0.201144 0.992754
 83.800000 0.586272 0.159618 2.075228
 84.000000 0.640679 0.133271 7.705113
 84.200000 0.614393 0.198313 4.404559
 84.400000 0.554969 0.196213 0.727072
 84.600000 0.446908 0.226967 4.315459
 84.800000 0.531023 0.200716 0.370332
 85.000000 0.612235 0.186506 3.999885
 85.200000 0.615649 0.196206 4.471537
 85.400000 0.557697 0.296603 8.031872
 85.600000 0.514901 0.180985 0.058639
 85.800000 0.593163 0.132016 3.323439
 86.000000 0.621286 0.081096 9.136628
 86.200000 0.560621 0.206979 1.211681
 86.400000 0.526214 0.239258 2.098089
 86.600000 0.540082 0.192193 0.291794
 86.800000 0.544774 0.056217 7.223523
 87.000000 0.635472 0.099067 9.105279
 87.200000 0.661269 0.192669 9.641032
 87.400000 0.550886 0.182198 0.401660
 87.600000 0.555369 0.141198 1.060261
 87.800000 0.529583 0.091298 3.481923
 88.000000 0.598190 0.089859 6.366735
 88.200000 0.601898 0.124610 4.311524
 88.400000 0.449017 0.186388 2.851494
 88.600000 0.554692 0.197234 0.741059
 88.800000 0.660010 0.138345 9.958808
 89.000000 0.595839 0.143498 3.090893
 89.200000 0.561549 0.220216 1.763582
 89.400000 0.526593 0.206473 0.514559
 89.600000 0.534861 0.180082 0.078820
 89.800000 0.651051 0.207440 8.663427
 90.000000 0.640179 0.200080 7.121795
 90.200000 0.586295 0.177956 1.971272
 90.400000 0.584820 0.164953 1.919890
 90.600000 0.497197 0.182149 0.377513
 90.800000 0.494612 0.109463 2.537176
 91.000000 0.614944 0.149833 4.477058
 91.200000 0.593183 0.201820 2.793299
 91.400000 0.562244 0.207403 1.286941
 91.600000 0.625600 0.130381 6.176836
 91.800000 0.524173 0.148138 0.348520
 92.000000 0.426521 0.225610 6.016535
 92.200000 0.503674 0.192956 0.368206
 92.400000 0.572902 0.125149 2.434834
 92.600000 0.594515 0.183148 2.551668
 92.800000 0.503737 0.226026 1.523014
 93.000000 0.567751 0.209711 1.593472
 93.200000 0.599400 0.138899 3.507806
 93.400000 0.586225 0.112856 3.863065
 93.600000 0.484971 0.186410 0.816597
 93.800000 0.512824 0.188099 0.150064
 94.000000 0.542910 0.144124 0.648827
 94.200000 0.585923 0.109230 4.074356
 94.400000 0.600839 0.150396 3.274346
 94.600000 0.613893 0.116698 5.748987
 94.800000 0.598644 0.133337 3.664477
 95.000000 0.465153 0.181888 1.734989
 95.200000 0.513964 0.172699 0.048093
 95.400000 0.581481 0.198937 1.972945
 95.600000 0.546189 0.155150 0.443014
 95.800000 0.579463 0.145722 1.975462
 96.000000 0.625875 0.218156 6.181693
 96.200000 0.545060 0.228258 1.673463
 96.400000 0.596545 0.177160 2.663995
 96.600000 0.551016 0.185037 0.431025
 96.800000 0.551657 0.111090 2.406169
 97.000000 0.605759 0.080141 7.830087
 97.200000 0.530805 0.131344 0.958595
 97.400000 0.544609 0.171254 0.226081
 97.600000 0.516721 0.127998 1.106406
 97.800000 0.487948 0.069424 6.159378
 98.000000 0.660684 0.077416 14.112051
 98.200000 0.582631 0.198769 2.036122
 98.400000 0.523111 0.175910 0.001068
 98.600000 0.504203 0.153801 0.403005
 98.800000 0.570969 0.197979 1.396831
 99.000000 0.625877 0.087094 9.053194
 99.200000 0.561012 0.110699 2.737238
 99.400000 0.561551 0.226777 2.084883
 99.600000 0.560946 0.192633 0.861193
 99.800000 0.587405 0.154927 2.227778
 100.000000 0.604696 0.160125 3.392145
 100.200000 0.562825 0.177353 0.773331
 100.400000 0.598300 0.144800 3.232176
 100.600000 0.544316 0.195699 0.438594
 100.800000 0.539916 0.225414 1.427541
 101.000000 0.566553 0.207060 1.451533
 101.200000 0.594593 0.198863 2.816046
 101.400000 0.527331 0.158455 0.136210
 101.600000 0.567122 0.214698 1.753747
 101.800000 0.537026 0.221541 1.195042
 102.000000 0.572255 0.172095 1.186677
 102.200000 0.566752 0.193090 1.103285
 102.400000 0.547010 0.206313 0.779029
 102.600000 0.476597 0.124775 2.342503
 102.800000 0.559304 0.123328 1.948432
 103.000000 0.568843 0.138498 1.672783
 103.200000 0.568312 0.119409 2.518932
 103.400000 0.583936 0.201731 2.190163
 103.600000 0.557262 0.198628 0.856916
 103.800000 0.638966 0.178699 6.663523
 104.000000 0.569185 0.221800 2.156156
 104.200000 0.521081 0.156263 0.170063
 104.400000 0.500099 0.195149 0.488639
 104.600000 0.501071 0.233235 1.976702
 104.800000 0.515882 0.131551 0.953500
 105.000000 0.583576 0.148823 2.129119
 105.200000 0.647479 0.212219 8.383330
 105.400000 0.627510 0.223959 6.620222
 105.600000 0.532965 0.192729 0.209409
 105.800000 0.579041 0.182048 1.565147
 106.000000 0.573296 0.189258 1.343324
 106.200000 0.549899 0.186169 0.413543
 106.400000 0.617865 0.134533 5.243028
 106.600000 0.528640 0.178625 0.021079
 106.800000 0.519264 0.192991 0.179748
 107.000000 0.626569 0.110060 7.379775
 107.200000 0.519095 0.115286 1.765251
 107.400000 0.518078 0.195348 0.231880
 107.600000 0.434536 0.135809 4.715893
 107.800000 0.559346 0.050290 8.357115
 108.000000 0.533763 0.125668 1.245540
 108.200000 0.591847 0.200195 2.658193
 108.400000 0.633318 0.107589 8.259859
 108.600000 0.511223 0.101132 2.770446
 108.800000 0.550238 0.183059 0.391163
 109.000000 0.571151 0.170912 1.137149
 109.200000 0.469316 0.225420 2.768071
 109.400000 0.625285 0.206451 5.679410
 109.600000 0.628971 0.162480 5.624262
 109.800000 0.502824 0.157754 0.356562
 110.000000 0.564537 0.224013 2.062113
 110.200000 0.593255 0.251770 5.408780
 110.400000 0.549606 0.167172 0.365280
 110.600000 0.607001 0.142318 3.996839
 110.800000 0.500301 0.217637 1.200379
 111.000000 0.581506 0.111668 3.652594
 111.200000 0.599374 0.090196 6.427326
 111.400000 0.563180 0.203392 1.199772
 111.600000 0.522368 0.226081 1.329377
 111.800000 0.543135 0.158456 0.320066
 112.000000 0.604463 0.080612 7.680031
 112.200000 0.589765 0.094343 5.404181
 112.400000 0.510672 0.132367 0.972521
 112.600000 0.495582 0.155912 0.565829
 112.800000 0.476367 0.136012 1.857326
 113.000000 0.644872 0.142500 7.866635
 113.200000 0.637350 0.107021 8.748564
 113.400000 0.529606 0.120167 1.495855
 113.600000 0.527068 0.139276 0.627546
 113.800000 0.508994 0.071562 5.408181
 114.000000 0.518691 0.134486 0.813926
 114.200000 0.570942 0.143151 1.613117
 114.400000 0.540856 0.128705 1.198986
 114.600000 0.553848 0.143229 0.947459
 114.800000 0.631399 0.208488 6.386925
 115.000000 0.465088 0.118357 3.289600
 115.200000 0.527113 0.197978 0.281023
 115.400000 0.633705 0.234128 7.837442
 115.600000 0.555545 0.116858 2.173497
 115.800000 0.551822 0.108112 2.604158
 116.000000 0.602308 0.311186 12.434653
 116.200000 0.532631 0.206270 0.544416
 116.400000 0.556610 0.089290 4.178050
 116.600000 0.600500 0.160023 3.062198
 116.800000 0.549399 0.177410 0.336955
 117.000000 0.459384 0.146284 2.460764
 117.200000 0.595543 0.278338 7.975695
 117.400000 0.667325 0.263792 14.312212
 117.600000 0.603112 0.151969 3.415745
 117.800000 0.553928 0.234699 2.269884
 118.000000 0.585020 0.253593 5.011576
 118.200000 0.536797 0.140797 0.656175
 118.400000 0.596921 0.259838 6.326520
 118.600000 0.589420 0.275628 7.276351
 118.800000 0.534106 0.196633 0.299397
 119.000000 0.653368 0.185128 8.476146
 119.200000 0.630375 0.177538 5.705120
 119.400000 0.614783 0.196023 4.388175
 119.600000 0.479113 0.237447 2.968549
 119.800000 0.618200 0.174115 4.474827
 120.000000 0.649842 0.103810 10.469520
 120.200000 0.574336 0.149194 1.608167
 120.400000 0.570812 0.213368 1.868598
 120.600000 0.576424 0.152202 1.644581
 120.800000 0.581704 0.121591 3.089523
 121.000000 0.562914 0.107260 3.035626
 121.200000 0.549445 0.179349 0.345613
 121.400000 0.610236 0.258348 7.265436
 121.600000 0.564734 0.219758 1.868708
 121.800000 0.576755 0.225461 2.709638
 122.000000 0.546118 0.207314 0.790867
 122.200000 0.477178 0.114252 2.894303
 122.400000 0.575444 0.159523 1.456616
 122.600000 0.547694 0.220066 1.326945
 122.800000 0.519509 0.215436 0.844876
 123.000000 0.574082 0.155000 1.465038
 123.200000 0.486009 0.164217 0.759695
 123.400000 0.563722 0.209127 1.403305
 123.600000 0.543561 0.076787 4.976332
 123.800000 0.493453 0.095173 3.603383
 124.000000 0.527528 0.122746 1.348637
 124.200000 0.616669 0.170170 4.340523
 124.400000 0.534419 0.168386 0.077430
 124.600000 0.515411 0.181000 0.054436
 124.800000 0.572619 0.178366 1.208838
 125.000000 0.580217 0.064478 7.658844
 125.200000 0.515204 0.116087 1.743185
 125.400000 0.500337 0.144748 0.714121
 125.600000 0.585895 0.191074 2.077194
 125.800000 0.592345 0.134441 3.166690
 126.000000 0.597055 0.120482 4.158660
 126.200000 0.550404 0.081834 4.655764
 126.400000 0.476152 0.107169 3.394587
 126.600000 0.559647 0.207589 1.196087
 126.800000 0.571993 0.247847 3.858474
 127.000000 0.558133 0.090831 4.099296
 127.200000 0.734812 0.123765 23.594195
 127.400000 0.561106 0.229418 2.209582
 127.600000 0.343367 0.188937 16.345500
 127.800000 0.522372 0.170590 0.008526
 128.000000 0.593353 0.115157 4.195608
 128.200000 0.612171 0.107187 6.190260
 128.400000 0.602861 0.132064 4.043019
 128.600000 0.562079 0.134493 1.541978
 128.800000 0.633080 0.216649 6.879911
 129.000000 0.575885 0.182822 1.401300
 129.200000 0.526033 0.097318 2.984032
 129.400000 0.535166 0.187529 0.151352
 129.600000 0.572383 0.161895 1.269815
 129.800000 0.573774 0.273356 6.141732
 130.000000 0.567511 0.186491 1.035638
 130.200000 0.547698 0.092590 3.647712
 130.400000 0.582220 0.118160 3.307132
 130.600000 0.543070 0.237994 2.203208
 130.800000 0.552108 0.136353 1.135224
 131.000000 0.575676 0.271000 6.008918
 131.200000 0.514461 0.245411 2.553613
 131.400000 0.521623 0.158177 0.135714
 131.600000 0.588024 0.167603 2.099325
 131.800000 0.565134 0.194001 1.052078
 132.000000 0.572746 0.251901 4.200614
 132.200000 0.602804 0.216008 3.996835
 132.400000 0.628152 0.114162 7.288017
 132.600000 0.561264 0.208364 1.281603
 132.800000 0.565381 0.219090 1.865569
 133.000000 0.571741 0.125682 2.352047
 133.200000 0.538905 0.083508 4.259914
 133.400000 0.560572 0.141558 1.227169
 133.600000 0.507338 0.184021 0.177224
 133.800000 0.593626 0.289857 9.101768
 134.000000 0.549511 0.199234 0.640778
 134.200000 0.587535 0.110723 4.079798
 134.400000 0.626605 0.119184 6.836871
 134.600000 0.572588 0.088717 4.882161
 134.800000 0.512375 0.124633 1.307965
 135.000000 0.470298 0.162481 1.493091
 135.200000 0.532701 0.130794 0.997962
 135.400000 0.606387 0.124079 4.699784
 135.600000 0.605347 0.240861 5.541145
 135.800000 0.501824 0.143128 0.730191
 136.000000 0.576968 0.137752 2.100573
 136.200000 0.569669 0.090470 4.594484
 136.400000 0.563731 0.078720 5.395330
 136.600000 0.552714 0.157220 0.573716
 136.800000 0.535174 0.194056 0.257561
 137.000000 0.621939 0.184216 4.882328
 137.200000 0.589848 0.173341 2.195167
 137.400000 0.567186 0.173161 0.950855
 137.600000 0.510787 0.224444 1.327615
 137.800000 0.550939 0.161314 0.461110
 138.000000 0.530469 0.129121 1.054722
 138.200000 0.584458 0.282394 7.668944
 138.400000 0.515987 0.211878 0.726286
 138.600000 0.531427 0.210281 0.669594
 138.800000 0.593580 0.240122 4.599660
 139.000000 0.540379 0.171304 0.146002
 139.200000 0.505983 0.172394 0.157449
 139.400000 0.537336 0.186706 0.168454
 139.600000 0.562915 0.253899 3.922370
 139.800000 0.588784 0.252452 5.160262
 140.000000 0.579584 0.220981 2.645848
 140.200000 0.603939 0.148724 3.560303
 140.400000 0.587031 0.241998 4.287532
 140.600000 0.539398 0.201627 0.491845
 140.800000 0.559360 0.174465 0.639423
 141.000000 0.611340 0.158615 3.975952
 141.200000 0.592343 0.164748 2.410754
 141.400000 0.582481 0.093901 4.984354
 141.600000 0.604842 0.113769 5.146303
 141.800000 0.480756 0.235539 2.778582
 142.000000 0.484240 0.147175 1.148787
 142.200000 0.535727 0.095496 3.196943
 142.400000 0.602540 0.158183 3.249488
 142.600000 0.487267 0.141792 1.195978
 142.800000 0.591698 0.130671 3.280688
 143.000000 0.645986 0.159410 7.603639
 143.200000 0.621567 0.046398 13.008138
 143.400000 0.573757 0.117967 2.857777
 143.600000 0.441504 0.170725 3.376992
 143.800000 0.542588 0.165441 0.221623
 144.000000 0.566413 0.144834 1.357571
 144.200000 0.581925 0.219798 2.725419
 144.400000 0.604008 0.234308 5.019388
 144.600000 0.519449 0.260060 3.666066
 144.800000 0.577238 0.197903 1.711665
 145.000000 0.570752 0.171281 1.117008
 145.200000 0.523889 0.157678 0.142080
 145.400000 0.605671 0.233620 5.113587
 145.600000 0.546668 0.229476 1.775484
 145.800000 0.552232 0.165355 0.452058
 146.000000 0.585378 0.157036 2.061426
 146.200000 0.625186 0.190127 5.281533
 146.400000 0.617327 0.190689 4.523031
 146.600000 0.482785 0.151917 1.088606
 146.800000 0.540841 0.187296 0.230089
 147.000000 0.626545 0.215993 6.158385
 147.200000 0.614424 0.149275 4.443603
 147.400000 0.559107 0.120254 2.103528
 147.600000 0.537432 0.206637 0.611026
 147.800000 0.518854 0.161474 0.096521
 148.000000 0.520302 0.059261 6.649277
 148.200000 0.609125 0.078705 8.248859
 148.400000 0.563136 0.117466 2.409911
 148.600000 0.501659 0.132984 1.103820
 148.800000 0.534574 0.171574 0.064607
 149.000000 0.489855 0.064260 6.649419
 149.200000 0.631580 0.087978 9.575791
 149.400000 0.554809 0.101721 3.137835
 149.600000 0.551574 0.207605 0.938177
 149.800000 0.552355 0.145912 0.823057
 150.000000 0.550252 0.094160 3.585124
 150.200000 0.629552 0.168013 5.634253
 150.400000 0.567099 0.153854 1.159927
 150.600000 0.533311 0.105113 2.456760
 150.800000 0.544088 0.206822 0.731198
 151.000000 0.502432 0.247861 2.912548
 151.200000 0.581397 0.104214 4.142713
 151.400000 0.569985 0.150311 1.369178
 151.600000 0.560701 0.186741 0.762811
 151.800000 0.558559 0.153069 0.841463
 152.000000 0.552988 0.157551 0.576049
 152.200000 0.577627 0.138257 2.117524
 152.400000 0.554956 0.133081 1.350751
 152.600000 0.576317 0.208626 1.970753
 152.800000 0.637007 0.240273 8.591588
 153.000000 0.592176 0.188799 2.453203
 153.200000 0.535166 0.093961 3.312842
 153.400000 0.528989 0.213029 0.755503
 153.600000 0.535100 0.217623 0.994497
 153.800000 0.587208 0.139175 2.648178
 154.000000 0.583838 0.138220 2.473703
 154.200000 0.634291 0.185197 6.183238
 154.400000 0.501003 0.104848 2.683312
 154.600000 0.537193 0.143941 0.560340
 154.800000 0.630518 0.223960 6.937325
 155.000000 0.511453 0.151302 0.343606
 155.200000 0.584753 0.104623 4.313632
 155.400000 0.511142 0.125946 1.257919
 155.600000 0.516543 0.098396 2.923321
 155.800000 0.492122 0.170901 0.502003
 156.000000 0.516794 0.190006 0.142857
 156.200000 0.617182 0.077011 9.134119
 156.400000 0.570948 0.161364 1.207660
 156.600000 0.549363 0.143820 0.803534
 156.800000 0.611015 0.157549 3.965057
 157.000000 0.545498 0.174787 0.239831
 157.200000 0.472900 0.118704 2.843600
 157.400000 0.495982 0.178750 0.390232
 157.600000 0.629758 0.199451 5.945304
 157.800000 0.544815 0.205975 0.719364
 158.000000 0.626050 0.200101 5.575049
 158.200000 0.468568 0.183545 1.554827
 158.400000 0.542027 0.180597 0.188180
 158.600000 0.577761 0.181172 1.488836
 158.800000 0.569717 0.186422 1.134113
 159.000000 0.560377 0.195258 0.891072
 159.200000 0.533715 0.178734 0.059990
 159.400000 0.568670 0.233932 2.779841
 159.600000 0.554084 0.153413 0.687705
 159.800000 0.558254 0.175356 0.600824
 160.000000 0.538913 0.142341 0.635410
 160.200000 0.550901 0.180118 0.388312
 160.400000 0.643934 0.229194 8.734198
 160.600000 0.543556 0.230981 1.792331
 160.800000 0.567558 0.148865 1.295606
 161.000000 0.506631 0.086135 4.051011
 161.200000 0.582452 0.106039 4.077563
 161.400000 0.543285 0.118481 1.764686
 161.600000 0.502474 0.226274 1.561707
 161.800000 0.601315 0.117164 4.665521
 162.000000 0.578861 0.072845 6.697163
 162.200000 0.622003 0.118733 6.398481
 162.400000 0.539649 0.226706 1.489814
 162.600000 0.446220 0.089861 6.578358
 162.800000 0.461804 0.118169 3.497785
 163.000000 0.532841 0.159946 0.149089
 163.200000 0.611078 0.075982 8.682462
 163.400000 0.584406 0.160833 1.942601
 163.600000 0.539797 0.244269 2.562757
 163.800000 0.535856 0.214864 0.888403
 164.000000 0.595858 0.149094 2.934222
 164.200000 0.604169 0.245029 5.730661
 164.400000 0.531249 0.190131 0.150918
 164.600000 0.481529 0.145239 1.313985
 164.800000 0.545380 0.189705 0.352309
 165.000000 0.596389 0.201847 3.022277
 165.200000 0.521178 0.187156 0.082596
 165.400000 0.577745 0.156522 1.628103
 165.600000 0.547905 0.185978 0.360889
 165.800000 0.498221 0.108806 2.482018
 166.000000 0.460194 0.153837 2.224261
 166.200000 0.542333 0.246445 2.761124
 166.400000 0.619014 0.191510 4.696185
 166.600000 0.598983 0.062737 9.090584
 166.800000 0.563598 0.158020 0.936308
 167.000000 0.474908 0.180078 1.200758
 167.200000 0.381145 0.134438 10.950350
 167.400000 0.575128 0.141170 1.884133
 167.600000 0.593470 0.116503 4.124731
 167.800000 0.525114 0.143577 0.480299
 168.000000 0.535230 0.281513 5.790053
 168.200000 0.605355 0.122712 4.684728
 168.400000 0.621892 0.129274 5.855012
 168.600000 0.537777 0.138677 0.743326
 168.800000 0.498360 0.200021 0.643324
 169.000000 0.586769 0.218655 2.968589
 169.200000 0.632055 0.176673 5.883711
 169.400000 0.625585 0.211596 5.887408
 169.600000 0.608702 0.226018 4.946620
 169.800000 0.499717 0.207835 0.839674
 170.000000 0.489608 0.160390 0.677694
 170.200000 0.503860 0.160762 0.289636
 170.400000 0.576080 0.129794 2.377877
 170.600000 0.621451 0.147702 5.147464
 170.800000 0.585349 0.118644 3.468285
 171.000000 0.601452 0.118639 4.592639
 171.200000 0.546101 0.157218 0.403070
 171.400000 0.548043 0.160881 0.391956
 171.600000 0.479843 0.157110 1.109044
 171.800000 0.486004 0.139099 1.334473
 172.000000 0.525620 0.093567 3.279814
 172.200000 0.578949 0.119200 3.062724
 172.400000 0.538764 0.144003 0.581035
 172.600000 0.492432 0.109574 2.595515
 172.800000 0.603406 0.141628 3.725937
 173.000000 0.607047 0.124140 4.751549
 173.200000 0.578176 0.011794 14.731372
 173.400000 0.581327 0.146450 2.060598
 173.600000 0.496407 0.220797 1.439852
 173.800000 0.485980 0.197463 0.970503
 174.000000 0.505629 0.190683 0.291868
 174.200000 0.655430 0.249154 11.473844
 174.400000 0.606144 0.230655 4.981674
 174.600000 0.539481 0.182327 0.156501
 174.800000 0.594459 0.201508 2.874396
 175.000000 0.568378 0.238827 3.069479
 175.200000 0.522714 0.187942 0.090287
 175.400000 0.588950 0.187423 2.218476
 175.600000 0.573974 0.169075 1.283701
 175.800000 0.522122 0.190866 0.134471
 176.000000 0.609713 0.135715 4.461292
 176.200000 0.604332 0.127407 4.369342
 176.400000 0.520025 0.261511 3.788963
 176.600000 0.508731 0.152407 0.355311
 176.800000 0.603834 0.065860 9.123780
 177.000000 0.637719 0.120318 7.981316
 177.200000 0.597209 0.052850 10.112660
 177.400000 0.478107 0.078306 5.664533
 177.600000 0.516063 0.206514 0.539790
 177.800000 0.561822 0.124997 1.957419
 178.000000 0.524441 0.122517 1.353160
 178.200000 0.582252 0.147616 2.082344
 178.400000 0.547083 0.167593 0.299849
 178.600000 0.604617 0.199117 3.584189
 178.800000 0.565748 0.192378 1.047512
 179.000000 0.550592 0.128082 1.443160
 179.200000 0.526295 0.113794 1.848269
 179.400000 0.536425 0.110731 2.117588
 179.600000 0.562052 0.189346 0.849040
 179.800000 0.523127 0.231317 1.612306
 180.000000 0.611050 0.181884 3.850859
 180.200000 0.556773 0.149790 0.856383
 180.400000 0.496097 0.213357 1.131817
 180.600000 0.528635 0.187470 0.096361
 180.800000 0.565544 0.171642 0.883886
 181.000000 0.557812 0.179327 0.596771
 181.200000 0.557656 0.158390 0.710242
 181.400000 0.569138 0.195297 1.252503
 181.600000 0.580116 0.150338 1.889799
 181.800000 0.559088 0.134168 1.444416
 182.000000 0.497581 0.175917 0.339428
 182.200000 0.531123 0.178465 0.036039
 182.400000 0.644780 0.081833 11.639106
 182.600000 0.495555 0.072462 5.602442
 182.800000 0.510074 0.120942 1.527422
 183.000000 0.549703 0.185845 0.404705
 183.200000 0.579842 0.179402 1.593497
 183.400000 0.553987 0.154161 0.669234
 183.600000 0.626897 0.163600 5.395041
 183.800000 0.548905 0.242220 2.611007
 184.000000 0.580207 0.267073 5.884111
 184.200000 0.608159 0.241778 5.836162
 184.400000 0.569026 0.198143 1.310538
 184.600000 0.531498 0.190720 0.162208
 184.800000 0.623523 0.284526 11.041715
 185.000000 0.604160 0.266608 7.483897
 185.200000 0.597327 0.198456 3.004104
 185.400000 0.554996 0.264797 4.566677
 185.600000 0.564851 0.206303 1.355526
 185.800000 0.632360 0.196554 6.156916
 186.000000 0.630595 0.221642 6.833765
 186.200000 0.532961 0.201709 0.413091
 186.400000 0.544993 0.179962 0.243591
 186.600000 0.568082 0.151244 1.260585
 186.800000 0.593354 0.155074 2.622261
 187.000000 0.609554 0.188938 3.797951
 187.200000 0.564537 0.063389 7.014463
 187.400000 0.542430 0.106143 2.515908
 187.600000 0.603443 0.144979 3.624275
 187.800000 0.614525 0.089417 7.756186
 188.000000 0.585608 0.110130 3.996487
 188.200000 0.513226 0.163503 0.114629
 188.400000 0.507524 0.162478 0.201861
 188.600000 0.594475 0.158513 2.640068
 188.800000 0.548829 0.095508 3.440742
 189.000000 0.546141 0.115571 1.992341
 189.200000 0.621769 0.242341 7.117631
 189.400000 0.583872 0.220921 2.892392
 189.600000 0.563212 0.144627 1.231800
 189.800000 0.541299 0.085094 4.156327
 190.000000 0.593468 0.163014 2.507223
 190.200000 0.613599 0.255933 7.362994
 190.400000 0.544778 0.216921 1.122649
 190.600000 0.459699 0.157542 2.185940
 190.800000 0.518016 0.305381 8.576134
 191.000000 0.641948 0.186425 7.074034
 191.200000 0.617630 0.125722 5.612218
 191.400000 0.623499 0.200874 5.336931
 191.600000 0.494808 0.193690 0.597963
 191.800000 0.543371 0.139645 0.804066
 192.000000 0.505308 0.233514 1.906692
 192.200000 0.576581 0.309478 10.508599
 192.400000 0.634412 0.141853 6.673749
 192.600000 0.626803 0.082170 9.590963
 192.800000 0.525797 0.218787 0.981608
 193.000000 0.557655 0.168280 0.599461
 193.200000 0.527999 0.169969 0.020096
 193.400000 0.529040 0.178109 0.021198
 193.600000 0.498792 0.123631 1.603195
 193.800000 0.514606 0.159899 0.147500
 194.000000 0.557536 0.250724 3.478423
 194.200000 0.599500 0.134970 3.663066
 194.400000 0.599575 0.145140 3.318145
 194.600000 0.452560 0.161810 2.604207
 194.800000 0.450785 0.125010 3.877208
 195.000000 0.575900 0.228499 2.823899
 195.200000 0.558796 0.137519 1.304436
 195.400000 0.623251 0.113143 6.849683
 195.600000 0.575548 0.160532 1.447395
 195.800000 0.479284 0.125450 2.186465
 196.000000 0.423030 0.168986 5.072451
 196.200000 0.419569 0.128481 6.471430
 196.400000 0.676309 0.077917 16.327629
 196.600000 0.633811 0.074529 11.073788
 196.800000 0.526726 0.145269 0.433093
 197.000000 0.454428 0.231688 4.025674
 197.200000 0.596238 0.131038 3.584168
 197.400000 0.588081 0.059798 8.661018
 197.600000 0.574050 0.108903 3.426299
 197.800000 0.599387 0.197200 3.128812
 198.000000 0.570193 0.187150 1.165092
 198.200000 0.542578 0.206706 0.697664
 198.400000 0.551400 0.230452 1.949889
 198.600000 0.667858 0.203006 10.810684
 198.800000 0.538324 0.107557 2.351332
 199.000000 0.553116 0.205815 0.924903
 199.200000 0.589967 0.285298 8.336813
 199.400000 0.575021 0.193730 1.506409
 199.600000 0.569496 0.142433 1.568501
 199.800000 0.674567 0.174614 11.395647
 200.000000 0.534981 0.220843 1.137091
