#! FIELDS time phi psi restraint.bias
#! SET min_phi -pi
#! SET max_phi pi
#! SET min_psi -pi
#! SET max_psi pi
 0.000000 -3.093274 -3.098539 79.884022
 0.200000 2.955239 -3.141216 13.237665
 0.400000 2.925252 -3.063241 11.877547
 0.600000 2.920971 3.126741 8.359246
 0.800000 2.940514 3.080957 12.788464
 1.000000 2.839871 3.131494 1.171705
 1.200000 2.837382 3.092660 2.203222
 1.400000 2.888721 3.092903 5.812037
 1.600000 2.911865 3.126879 7.229059
 1.800000 2.837837 -3.117107 1.326250
 2.000000 2.796022 3.073433 2.328955
 2.200000 2.858764 3.059277 5.581563
 2.400000 2.909418 3.110148 7.326132
 2.600000 2.844785 3.130597 1.425933
 2.800000 2.848376 3.133959 1.588686
 3.000000 2.786778 3.098790 0.932560
 3.200000 2.773938 -3.133711 0.203831
 3.400000 2.907834 3.123100 6.818845
 3.600000 2.868389 -3.115240 3.224778
 3.800000 2.883608 -3.138177 4.153752
 4.000000 2.851689 -3.117857 2.031777
 4.200000 2.862657 -3.141534 2.459135
 4.400000 2.819594 3.138625 0.370716
 4.600000 2.907501 3.128165 6.699670
 4.800000 2.956476 -3.063926 16.455759
 5.000000 2.877039 -3.118079 3.847608
 5.200000 2.803684 3.043296 4.893339
 5.400000 2.820690 3.023259 7.397980
 5.600000 2.885609 -3.079826 6.239701
 5.800000 2.968116 -3.068013 18.122866
 6.000000 2.863986 -3.119436 2.798683
 6.200000 2.833327 3.121564 1.032891
 6.400000 2.806537 3.104904 0.771170
 6.600000 2.832198 3.072191 3.195188
 6.800000 2.844418 3.084802 2.958921
 7.000000 2.824593 -3.109758 1.020863
 7.200000 2.830643 -3.128168 0.816542
 7.400000 2.845852 3.113818 1.807528
 7.600000 2.886951 3.052383 8.437106
 7.800000 2.878545 3.131623 3.749293
 8.000000 2.884542 -3.114621 4.597134
 8.200000 2.829133 3.101064 1.491310
 8.400000 2.817346 3.072013 2.728702
 8.600000 2.752531 3.110091 1.295991
 8.800000 2.759227 3.115622 0.891678
 9.000000 2.917710 3.075836 9.997386
 9.200000 2.873848 -3.110891 3.777877
 9.400000 2.854686 3.120199 2.160709
 9.600000 2.825051 3.072911 2.887495
 9.800000 2.865516 -3.074192 4.935089
 10.000000 2.834524 -3.084327 2.521542
 10.200000 2.874889 -3.139788 3.393360
 10.400000 2.912435 -3.084185 8.836749
 10.600000 2.891952 3.132798 4.981342
 10.800000 2.793621 3.119852 0.236934
 11.000000 2.827635 3.118897 0.873819
 11.200000 2.810014 3.031987 6.159650
 11.400000 2.832668 3.087786 2.253246
 11.600000 2.822114 -3.118136 0.712789
 11.800000 2.844244 3.111782 1.781656
 12.000000 2.804712 -3.131620 0.123962
 12.200000 2.738858 -3.130073 1.506553
 12.400000 2.780048 3.121702 0.275669
 12.600000 2.928251 -3.133234 9.245490
 12.800000 2.942428 3.123286 11.402773
 13.000000 2.862490 -3.136344 2.461194
 13.200000 2.822314 -3.125333 0.575834
 13.400000 2.804264 3.060832 3.330012
 13.600000 2.890109 3.108763 5.299989
 13.800000 2.860354 -3.124728 2.442474
 14.000000 2.901518 3.125827 6.063837
 14.200000 2.811191 -3.124745 0.316087
 14.400000 2.844168 -3.108122 1.893539
 14.600000 2.792173 -3.111153 0.463334
 14.800000 2.866413 3.134780 2.752782
 15.000000 2.833077 3.026497 7.445731
 15.200000 2.834396 2.996574 11.391718
 15.400000 2.844357 3.130664 1.402896
 15.600000 2.866819 -3.094604 3.863646
 15.800000 2.839710 3.058623 4.555130
 16.000000 2.797436 -3.102635 0.770905
 16.200000 2.836892 3.131427 1.035793
 16.400000 2.821819 3.098883 1.341097
 16.600000 2.785176 3.091031 1.305260
 16.800000 2.764644 -3.113072 0.795425
 17.000000 2.829134 3.137086 0.680209
 17.200000 2.882956 3.089805 5.429712
 17.400000 2.830215 3.099548 1.594073
 17.600000 2.902837 -3.117437 6.375884
 17.800000 2.944729 -3.111854 12.024984
 18.000000 2.824322 -3.122477 0.688154
 18.200000 2.811563 3.121203 0.389066
 18.400000 2.901869 -3.066345 8.809008
 18.600000 2.855954 3.091513 3.265453
 18.800000 2.800494 3.075457 2.218669
 19.000000 2.808572 3.059269 3.517321
 19.200000 2.809084 3.060239 3.446269
 19.400000 2.922167 3.078989 10.362888
 19.600000 2.905787 -3.094992 7.499742
 19.800000 2.848827 -3.052849 5.522528
 20.000000 2.809673 -3.055921 3.816823
 20.200000 2.878845 3.116795 4.032918
 20.400000 2.890293 3.013548 12.976754
 20.600000 2.926456 3.101265 9.781690
 20.800000 2.894947 -3.124460 5.391673
 21.000000 2.839281 3.125202 1.227309
 21.200000 2.840918 3.071901 3.599295
 21.400000 2.879557 3.133706 3.818248
 21.600000 2.860417 -3.132900 2.342326
 21.800000 2.839283 3.111586 1.543265
 22.000000 2.898419 3.127411 5.707176
 22.200000 2.919970 3.099972 8.986984
 22.400000 2.884063 -3.139402 4.191809
 22.600000 2.916798 -3.081496 9.527496
 22.800000 2.832586 3.071362 3.268557
 23.000000 2.836252 3.105782 1.597144
 23.200000 2.892298 -3.127061 5.082711
 23.400000 2.868218 -3.082363 4.618611
 23.600000 2.796728 3.096306 1.034276
 23.800000 2.841770 3.133145 1.248147
 24.000000 2.869188 3.120808 3.154513
 24.200000 2.928205 -3.117205 9.501672
 24.400000 2.890204 3.100599 5.610631
 24.600000 2.777892 3.103755 0.822947
 24.800000 2.822116 3.026703 7.037601
 25.000000 2.857245 3.087420 3.561530
 25.200000 2.926125 3.130727 8.983210
 25.400000 2.863859 -3.034768 8.249908
 25.600000 2.872535 -3.071421 5.662685
 25.800000 2.864602 -3.118001 2.875728
 26.000000 2.857071 3.070508 4.609497
 26.200000 2.835606 3.060884 4.184809
 26.400000 2.918973 3.127195 8.097906
 26.600000 2.869319 -3.124351 3.097132
 26.800000 2.789676 3.126814 0.113263
 27.000000 2.808172 3.133396 0.155978
 27.200000 2.878803 3.112841 4.135140
 27.400000 2.779229 3.079157 2.037519
 27.600000 2.818167 3.132398 0.370988
 27.800000 2.861243 -3.134227 2.388052
 28.000000 2.867908 -3.084033 4.497708
 28.200000 2.847688 3.100157 2.379821
 28.400000 2.780811 3.106708 0.677087
 28.600000 2.742926 -3.132984 1.267185
 28.800000 2.801508 -3.103594 0.762265
 29.000000 2.829026 3.095637 1.722028
 29.200000 2.829737 3.108681 1.233889
 29.400000 2.827972 3.127509 0.727369
 29.600000 2.860226 -3.137617 2.299485
 29.800000 2.821476 -3.127895 0.512854
 30.000000 2.914752 -3.118964 7.725512
 30.200000 2.868940 -3.123964 3.074902
 30.400000 2.854807 3.129297 2.014985
 30.600000 2.832004 3.131463 0.830549
 30.800000 2.857936 3.137814 2.146309
 31.000000 2.846852 3.061516 4.681765
 31.200000 2.919431 3.056571 11.666626
 31.400000 2.848891 3.106833 2.192568
 31.600000 2.797261 -3.133158 0.046776
 31.800000 2.767467 3.122778 0.490986
 32.000000 2.869169 3.074141 5.211840
 32.200000 2.844888 3.063424 4.426014
 32.400000 2.810940 -3.135441 0.188448
 32.600000 2.816558 -3.123038 0.460881
 32.800000 2.872166 3.110386 3.658136
 33.000000 2.867879 3.141176 2.839041
 33.200000 2.799951 3.044396 4.751181
 33.400000 2.809839 -3.102936 0.897047
 33.600000 2.890921 -3.140470 4.841300
 33.800000 2.976522 -3.120321 17.153402
 34.000000 2.902526 3.113569 6.442548
 34.200000 2.804065 3.103673 0.785509
 34.400000 2.732368 3.052909 5.741980
 34.600000 2.824507 3.103713 1.228797
 34.800000 2.862056 -3.136409 2.430558
 35.000000 2.878201 -3.125927 3.792718
 35.200000 2.833011 -3.135065 0.840802
 35.400000 2.798799 -3.129544 0.092253
 35.600000 2.780668 3.113301 0.470533
 35.800000 2.816969 3.095702 1.351702
 36.000000 2.880452 3.074935 6.087061
 36.200000 2.925240 3.110579 9.287284
 36.400000 2.896794 -3.132599 5.476256
 36.600000 2.902947 -3.127149 6.200593
 36.800000 2.921789 -3.138224 8.360047
 37.000000 2.922188 3.108847 8.942103
 37.200000 2.847418 3.134136 1.534318
 37.400000 2.911057 -3.137031 7.035107
 37.600000 2.846144 -3.121853 1.632234
 37.800000 2.892018 -3.121550 5.150069
 38.000000 2.899975 3.139367 5.775017
 38.200000 2.959210 3.140252 13.892526
 38.400000 2.850366 3.137857 1.679646
 38.600000 2.858980 3.097383 3.185256
 38.800000 2.935115 3.100531 11.008789
 39.000000 2.901845 -3.133799 6.005641
 39.200000 2.824723 -3.137614 0.526212
 39.400000 2.799867 3.113274 0.427928
 39.600000 2.781200 -3.132268 0.107623
 39.800000 2.821261 -3.078381 2.410687
 40.000000 2.845856 -3.117390 1.714913
 40.200000 2.833875 -3.130873 0.912292
 40.400000 2.902688 -3.132509 6.109026
 40.600000 2.865537 -3.101992 3.449381
 40.800000 2.846384 -3.137587 1.458321
 41.000000 2.826719 3.105675 1.229602
 41.200000 2.875291 3.097968 4.376476
 41.400000 2.837991 3.018016 8.669143
 41.600000 2.953302 3.116039 13.250770
 41.800000 2.885221 -3.111975 4.734724
 42.000000 2.888184 3.140211 4.576097
 42.200000 2.866872 -3.132545 2.804565
 42.400000 2.881744 3.102465 4.745333
 42.600000 2.821357 3.089364 1.779528
 42.800000 2.845507 -3.103742 2.119780
 43.000000 2.768355 -3.122852 0.467748
 43.200000 2.889056 -3.139989 4.660206
 43.400000 2.921127 3.105649 8.915031
 43.600000 2.901088 3.061726 9.082076
 43.800000 2.820455 3.096302 1.415628
 44.000000 2.797150 -3.117479 0.301426
 44.200000 2.845890 3.136108 1.438851
 44.400000 2.906407 3.134489 6.509608
 44.600000 2.958392 3.131807 13.803445
 44.800000 2.882133 -3.065730 6.892206
 45.000000 2.872973 3.087717 4.687103
 45.200000 2.907018 3.140848 6.554352
 45.400000 2.986537 -3.128537 18.905137
 45.600000 2.902603 -3.094286 7.177310
 45.800000 2.816403 -3.139588 0.287041
 46.000000 2.783840 3.120897 0.251878
 46.200000 2.945708 3.116965 12.035564
 46.400000 2.945290 3.104611 12.352072
 46.600000 2.861069 -3.122035 2.540237
 46.800000 2.781101 -3.052129 4.067120
 47.000000 2.856153 -3.074772 4.256678
 47.200000 2.926827 3.113598 9.410161
 47.400000 2.883949 -3.108676 4.720729
 47.600000 2.858209 -3.140631 2.157541
 47.800000 2.761683 -3.134606 0.500067
 48.000000 2.801702 3.096584 1.054994
 48.200000 2.808189 3.109602 0.634363
 48.400000 2.827382 3.071045 3.095953
 48.600000 2.874860 -3.135019 3.411010
 48.800000 2.975875 -3.088911 18.195873
 49.000000 2.941105 -3.109627 11.548655
 49.200000 2.903096 3.110987 6.581099
 49.400000 2.824175 3.039527 5.709465
 49.600000 2.852332 3.075151 3.995586
 49.800000 2.838525 3.105134 1.722552
 50.000000 2.866803 -3.120662 2.977558
 50.200000 2.769768 -3.118555 0.524363
 50.400000 2.822023 3.104207 1.133858
 50.600000 2.857657 -3.090625 3.419799
 50.800000 2.827387 3.119720 0.846824
 51.000000 2.732306 3.128419 1.900026
 51.200000 2.771006 -3.139374 0.234024
 51.400000 2.798468 3.105163 0.681193
 51.600000 2.870194 -3.133229 3.051092
 51.800000 2.858638 -3.109469 2.701337
 52.000000 2.791473 3.080557 1.863202
 52.200000 2.849947 3.084309 3.289210
 52.400000 2.933503 3.130600 9.997508
 52.600000 2.969473 3.062397 18.790861
 52.800000 2.789691 -3.135556 0.022244
 53.000000 2.799654 -3.140071 0.026556
 53.200000 2.811028 3.131319 0.223923
 53.400000 2.811815 3.041247 5.220614
 53.600000 2.764703 2.994167 11.254201
 53.800000 2.857856 3.119748 2.372560
 54.000000 2.886152 -3.069293 6.996514
 54.200000 2.894993 -3.120457 5.473024
 54.400000 2.773938 -3.115830 0.504631
 54.600000 2.754146 3.084634 2.358682
 54.800000 2.786262 3.128306 0.107899
 55.000000 2.816288 3.109047 0.811896
 55.200000 2.838842 -3.140628 1.073035
 55.400000 2.891759 3.133467 4.956547
 55.600000 2.886571 -3.121171 4.630703
 55.800000 2.870505 3.105229 3.701472
 56.000000 2.889614 -3.131760 4.761313
 56.200000 2.923270 -3.139835 8.548489
 56.400000 2.930115 3.100848 10.295312
 56.600000 2.848197 3.125264 1.682879
 56.800000 2.846550 -3.123415 1.624443
 57.000000 2.850587 3.118129 1.960774
 57.200000 2.912718 3.024624 14.063862
 57.400000 2.916103 3.103179 8.373369
 57.600000 2.792203 3.114894 0.356453
 57.800000 2.779404 3.127963 0.178992
 58.000000 2.865284 -3.138899 2.650439
 58.200000 2.861128 3.116136 2.677076
 58.400000 2.879523 -3.132200 3.828299
 58.600000 2.818577 3.115955 0.667926
 58.800000 2.792996 3.053134 3.912588
 59.000000 2.852427 3.049311 6.051938
 59.200000 2.941723 3.108034 11.692794
 59.400000 2.949726 -3.115917 12.685348
 59.600000 2.815762 3.092675 1.466430
 59.800000 2.715336 3.141194 2.979301
 60.000000 2.788812 -3.120935 0.220279
 60.200000 2.862315 3.095735 3.486669
 60.400000 2.803053 3.137480 0.063863
 60.600000 2.782611 -3.099581 0.931656
 60.800000 2.786974 3.135216 0.035744
 61.000000 2.886162 3.080742 6.235155
 61.200000 3.001344 3.113353 22.200983
 61.400000 2.962238 -3.132219 14.444822
 61.600000 2.894429 3.131381 5.244194
 61.800000 2.891935 3.085120 6.535616
 62.000000 2.950985 -3.089544 13.908985
 62.200000 2.940840 3.105697 11.642665
 62.400000 2.853572 3.063741 4.893709
 62.600000 2.729181 3.120327 2.232450
 62.800000 2.746656 3.138921 1.055646
 63.000000 2.832720 -3.118120 1.083222
 63.200000 2.833422 3.126511 0.949951
 63.400000 2.777943 -3.128626 0.190406
 63.600000 2.806033 3.021233 7.334425
 63.800000 2.944246 3.011905 19.918886
 64.000000 2.904998 3.047855 10.718266
 64.200000 2.821725 -3.132838 0.464573
 64.400000 2.848590 -3.094604 2.675502
 64.600000 2.858682 3.115036 2.540872
 64.800000 2.807209 3.066668 2.914673
 65.000000 2.778913 3.073042 2.442263
 65.200000 2.750456 3.095957 1.926265
 65.400000 2.885323 3.041526 9.312177
 65.600000 2.900981 3.050457 10.034085
 65.800000 2.905480 -3.113186 6.782656
 66.000000 2.849732 -3.114687 1.998137
 66.200000 2.845696 3.126050 1.534283
 66.400000 2.837154 3.141422 0.995804
 66.600000 2.802274 3.063382 3.105968
 66.800000 2.798170 3.111711 0.462379
 67.000000 2.833682 3.127746 0.942734
 67.200000 2.922715 3.000924 18.368409
 67.400000 2.936791 3.029945 16.638732
 67.600000 2.789769 -3.132715 0.043213
 67.800000 2.802613 3.120636 0.270459
 68.000000 2.893008 3.117477 5.339067
 68.200000 2.858618 3.122869 2.359289
 68.400000 2.844977 3.038096 6.731252
 68.600000 2.968644 3.024043 22.417553
 68.800000 2.954397 3.087918 14.541527
 69.000000 2.799530 -3.140769 0.024861
 69.200000 2.740304 -3.081613 3.162410
 69.400000 2.854587 3.114340 2.297108
 69.600000 2.905266 3.052977 10.281423
 69.800000 2.902271 3.129718 6.092441
 70.000000 2.929199 -3.097817 10.297761
 70.200000 2.854475 3.081639 3.716007
 70.400000 2.776327 3.109023 0.661600
 70.600000 2.773113 3.105339 0.845611
 70.800000 2.833453 3.077592 2.885556
 71.000000 2.872622 3.140143 3.208689
 71.200000 2.790031 3.092525 1.206907
 71.400000 2.858997 3.084374 3.846143
 71.600000 2.951990 -3.130895 12.771395
 71.800000 2.924580 -3.086220 10.252086
 72.000000 2.845371 3.123806 1.554421
 72.200000 2.907162 3.140915 6.570795
 72.400000 2.934303 3.116894 10.355232
 72.600000 2.956052 -3.137305 13.379461
 72.800000 2.892278 -3.116465 5.290900
 73.000000 2.892988 3.097994 5.996628
 73.200000 2.817151 3.114330 0.674808
 73.400000 2.811588 -3.095964 1.222670
 73.600000 2.872954 3.054231 7.050353
 73.800000 2.849314 3.024223 8.500148
 74.000000 2.837528 -3.138460 1.017444
 74.200000 2.815953 -3.129811 0.343793
 74.400000 2.890257 -3.091651 6.022739
 74.600000 2.860693 3.136608 2.335769
 74.800000 2.846835 -3.104610 2.158539
 75.000000 2.874957 -3.103632 4.117866
 75.200000 2.908838 3.067849 9.483211
 75.400000 2.867892 3.029196 9.156484
 75.600000 2.883675 3.075108 6.364076
 75.800000 2.907989 -3.097053 7.657634
 76.000000 2.835667 -3.130680 0.990098
 76.200000 2.809211 3.043168 4.982868
 76.400000 2.777547 3.140916 0.112427
 76.600000 2.761185 3.102818 1.242902
 76.800000 2.901177 -3.129130 5.980111
 77.000000 2.883069 3.115132 4.449028
 77.200000 2.941773 3.033790 16.947964
 77.400000 3.007976 3.050333 27.373318
 77.600000 2.889453 -3.123878 4.854235
 77.800000 2.790296 -3.097310 0.982963
 78.000000 2.874617 -3.123230 3.538034
 78.200000 2.906205 3.006333 15.608912
 78.400000 2.884487 3.086669 5.736619
 78.600000 2.834884 -3.085078 2.494018
 78.800000 2.882887 -3.102013 4.865716
 79.000000 2.835636 -3.111342 1.386748
 79.200000 2.780546 3.138939 0.075296
 79.400000 2.815794 -3.132421 0.312733
 79.600000 2.868052 3.140026 2.853283
 79.800000 2.802700 3.042970 4.914983
 80.000000 2.813303 3.100036 1.079275
 80.200000 2.840048 -3.129397 1.203513
 80.400000 2.933549 3.076231 12.079701
 80.600000 2.910981 -3.117105 7.315588
 80.800000 2.834071 -3.090903 2.147685
 81.000000 2.766254 3.090459 1.652447
 81.200000 2.842902 -3.085677 2.832131
 81.400000 2.901285 -3.123324 6.081083
 81.600000 2.877871 3.121753 3.838661
 81.800000 2.761339 -3.114716 0.847504
 82.000000 2.788351 3.137249 0.018150
 82.200000 2.829915 3.124906 0.838168
 82.400000 2.854216 3.104786 2.580133
 82.600000 2.865909 3.098633 3.615222
 82.800000 2.902519 3.128403 6.136153
 83.000000 2.861483 3.096178 3.408735
 83.200000 2.785715 3.107033 0.620386
 83.400000 2.899758 3.105405 6.404050
 83.600000 2.896957 -3.114023 5.832889
 83.800000 2.917276 -3.090805 9.070844
 84.000000 2.856287 3.080853 3.877366
 84.200000 2.856251 3.096216 3.059950
 84.400000 2.906693 3.074014 8.800371
 84.600000 2.971732 -3.088414 17.471244
 84.800000 2.824620 -3.108099 1.075890
 85.000000 2.815673 3.109755 0.774683
 85.200000 2.860305 3.057046 5.871024
 85.400000 2.928951 3.101374 10.114488
 85.600000 2.973347 -3.050569 20.490528
 85.800000 2.895366 -3.104395 5.979787
 86.000000 2.779185 3.113504 0.483480
 86.200000 2.804291 3.117492 0.359630
 86.400000 2.873121 3.134511 3.272763
 86.600000 2.828729 3.089459 2.014279
 86.800000 2.897610 3.092995 6.702067
 87.000000 2.884638 3.124908 4.381446
 87.200000 2.866957 -3.136284 2.783991
 87.400000 2.826791 -3.045559 5.198251
 87.600000 2.865933 3.091910 3.928402
 87.800000 2.899286 -3.083335 7.395690
 88.000000 2.885983 3.119246 4.616707
 88.200000 2.848102 -3.123649 1.705287
 88.400000 2.840990 -3.109405 1.692329
 88.600000 2.841991 3.101910 2.010726
 88.800000 2.955447 -3.124535 13.417016
 89.000000 2.925749 -3.097291 9.855454
 89.200000 2.902532 3.131585 6.100687
 89.400000 2.826217 3.122687 0.746228
 89.600000 2.926040 3.087431 10.379670
 89.800000 2.880965 -3.123645 4.071752
 90.000000 2.877185 -3.136711 3.595454
 90.200000 2.861560 3.140002 2.384041
 90.400000 2.845387 3.122565 1.578139
 90.600000 2.802348 3.106748 0.655289
 90.800000 2.787096 3.058169 3.494485
 91.000000 2.896117 3.090451 6.673204
 91.200000 2.901493 -3.116996 6.239270
 91.400000 2.930424 3.140255 9.508763
 91.600000 2.880698 3.119154 4.138849
 91.800000 2.788612 -3.077435 2.065776
 92.000000 2.746939 -3.107188 1.630976
 92.200000 2.855660 3.052511 5.960672
 92.400000 2.880123 2.979649 16.949457
 92.600000 2.876336 3.096533 4.527167
 92.800000 2.889809 -3.112297 5.161057
 93.000000 2.851522 -3.075846 3.901506
 93.200000 2.823643 3.107368 1.069758
 93.400000 2.913777 3.122302 7.536821
 93.600000 2.873356 3.115984 3.594534
 93.800000 2.867884 3.141494 2.839323
 94.000000 2.830122 3.090491 2.012357
 94.200000 2.815748 3.133978 0.298595
 94.400000 2.888964 3.117877 4.931274
 94.600000 2.930813 -3.103871 10.272983
 94.800000 2.964491 -3.089466 16.144421
 95.000000 2.864232 -3.098297 3.508091
 95.200000 2.884283 3.085507 5.782353
 95.400000 2.889942 3.058495 8.197408
 95.600000 2.920974 -3.113203 8.652352
 95.800000 2.870316 -3.099528 3.910303
 96.000000 2.877015 3.069479 6.169308
 96.200000 2.834250 3.106747 1.477530
 96.400000 2.930188 -3.043944 14.242977
 96.600000 2.892311 -3.027322 11.507284
 96.800000 2.972321 -3.106460 16.780144
 97.000000 2.832891 -3.094807 1.909096
 97.200000 2.916039 3.117698 7.913131
 97.400000 2.893677 -3.134928 5.137911
 97.600000 2.909821 3.110473 7.363190
 97.800000 2.787306 -3.125565 0.142068
 98.000000 2.868730 3.081648 4.700114
 98.200000 2.960821 3.069144 16.785861
 98.400000 2.883164 3.126391 4.223072
 98.600000 2.830580 -3.069689 3.309089
 98.800000 2.827692 3.124298 0.767842
 99.000000 2.918651 -3.125141 8.089014
 99.200000 2.858259 -3.133991 2.189282
 99.400000 2.792138 3.127687 0.096753
 99.600000 2.805620 3.099920 0.954012
 99.800000 2.887070 -3.134890 4.491708
 100.000000 2.816041 -3.140793 0.276782
 100.200000 2.846481 -3.130402 1.518153
 100.400000 2.841674 3.085274 2.793644
 100.600000 2.846644 3.054928 5.219713
 100.800000 2.818817 3.099896 1.214880
 101.000000 2.915489 -3.078085 9.576479
 101.200000 2.868490 -3.097535 3.855782
 101.400000 2.904730 -3.121647 6.493741
 101.600000 2.837880 -3.139594 1.030450
 101.800000 2.907475 3.074522 8.855762
 102.000000 2.879929 3.075129 6.028248
 102.200000 2.873823 -3.111473 3.758101
 102.400000 2.794434 -3.089075 1.380880
 102.600000 2.901833 -3.111180 6.436352
 102.800000 2.882831 3.069770 6.656726
 103.000000 2.827552 3.139232 0.616181
 103.200000 2.868634 -3.080349 4.771524
 103.400000 2.812085 3.135717 0.208523
 103.600000 2.806502 3.100602 0.937783
 103.800000 2.826469 -3.067433 3.325838
 104.000000 2.860168 -3.078506 4.277611
 104.200000 2.840798 -3.134731 1.188597
 104.400000 2.934094 3.055262 13.747086
 104.600000 2.802981 3.085410 1.632868
 104.800000 2.871345 -3.126052 3.226914
 105.000000 2.817009 -3.119936 0.534191
 105.200000 2.925312 3.071661 11.261223
 105.400000 2.856834 -3.082522 3.812358
 105.600000 2.851908 3.115239 2.110344
 105.800000 2.806271 3.075982 2.246860
 106.000000 2.898466 3.114925 5.967156
 106.200000 2.902197 -3.124953 6.152237
 106.400000 2.878947 -3.086997 5.224561
 106.600000 2.890455 -3.073423 7.118551
 106.800000 2.819760 3.101922 1.157720
 107.000000 2.819490 3.085348 1.945209
 107.200000 2.841818 3.124714 1.357285
 107.400000 2.864863 3.115275 2.962586
 107.600000 2.832896 3.128039 0.906693
 107.800000 2.895180 3.105759 5.910827
 108.000000 2.827632 -3.103529 1.340617
 108.200000 2.839938 -3.089083 2.502516
 108.400000 2.885741 -3.084957 5.948263
 108.600000 2.992679 -3.061026 23.275860
 108.800000 2.826348 3.082427 2.322239
 109.000000 2.815536 -3.112781 0.679773
 109.200000 2.771443 3.135113 0.243253
 109.400000 2.897300 3.138106 5.494763
 109.600000 2.830812 3.127079 0.838192
 109.800000 2.915987 3.085444 9.197573
 110.000000 2.903650 3.073969 8.460681
 110.200000 2.860351 3.053189 6.207649
 110.400000 2.841879 -3.098267 2.156375
 110.600000 2.794098 3.065329 2.909285
 110.800000 2.928376 -3.121073 9.438049
 111.000000 2.878528 -3.111185 4.160440
 111.200000 2.814108 -3.117610 0.520460
 111.400000 2.769298 3.122568 0.450767
 111.600000 2.869485 3.140918 2.961526
 111.800000 2.900827 3.116523 6.178723
 112.000000 2.888717 -3.105730 5.269322
 112.200000 2.841972 -3.119772 1.460466
 112.400000 2.827189 3.096173 1.632178
 112.600000 2.850060 -3.112736 2.071358
 112.800000 2.901124 3.137246 5.906102
 113.000000 2.906471 3.103701 7.209542
 113.200000 2.879098 3.101272 4.560205
 113.400000 2.869310 -3.123678 3.108298
 113.600000 2.834136 -3.089508 2.222080
 113.800000 2.861486 3.067598 5.115298
 114.000000 2.847301 3.045582 6.109124
 114.200000 2.762529 3.077601 2.497375
 114.400000 2.706328 3.141216 3.715175
 114.600000 2.855554 3.139089 1.989317
 114.800000 2.836476 3.113273 1.366744
 115.000000 2.808973 -3.113679 0.524825
 115.200000 2.816601 -3.051979 4.305084
 115.400000 2.874942 -3.103241 4.131529
 115.600000 2.894324 3.126633 5.293224
 115.800000 2.872166 3.098522 4.098720
 116.000000 2.840169 3.094135 2.261040
 116.200000 2.877427 -3.105693 4.248437
 116.400000 2.901910 -3.114908 6.338393
 116.600000 2.896770 3.110368 5.920789
 116.800000 2.883151 3.106934 4.707016
 117.000000 2.874359 3.128031 3.440179
 117.200000 2.791494 -3.112404 0.426536
 117.400000 2.814117 3.107427 0.816719
 117.600000 2.910712 -3.115347 7.328251
 117.800000 2.831009 -3.110355 1.228354
 118.000000 2.772699 3.083040 1.910804
 118.200000 2.835850 3.110813 1.412135
 118.400000 2.908756 3.102470 7.519943
 118.600000 2.795451 3.126964 0.111278
 118.800000 2.838705 3.128448 1.152599
 119.000000 2.907451 3.126524 6.717284
 119.200000 2.879103 -3.114551 4.113396
 119.400000 2.820204 -3.112885 0.795090
 119.600000 2.805856 3.131783 0.136945
 119.800000 2.782268 3.130003 0.119781
 120.000000 2.784680 3.128185 0.120662
 120.200000 2.823220 3.119196 0.721829
 120.400000 2.914492 3.128266 7.526523
 120.600000 2.825727 -3.118749 0.812044
 120.800000 2.875916 3.134763 3.500160
 121.000000 2.895929 3.071231 7.821431
 121.200000 2.867284 3.076932 4.884762
 121.400000 2.761028 3.136740 0.507856
 121.600000 2.877378 3.139480 3.602084
 121.800000 2.904182 3.122645 6.412968
 122.000000 2.753552 -3.108228 1.316105
 122.200000 2.771469 -3.093540 1.376240
 122.400000 2.785454 3.095190 1.101629
 122.600000 2.815125 3.062702 3.367168
 122.800000 2.915135 3.108200 8.073980
 123.000000 2.923941 -3.113386 9.032647
 123.200000 2.853293 3.140861 1.846532
 123.400000 2.801983 -3.131271 0.097976
 123.600000 2.838863 3.106989 1.672225
 123.800000 2.925826 3.085086 10.480919
 124.000000 2.914432 3.105700 8.074633
 124.200000 2.814482 -3.130503 0.302503
 124.400000 2.803623 3.085146 1.654654
 124.600000 2.867212 3.033692 8.610192
 124.800000 2.901743 3.135944 5.980017
 125.000000 2.864219 -3.107822 3.140103
 125.200000 2.842053 3.098662 2.147964
 125.400000 2.860781 3.105886 2.966819
 125.600000 2.948445 3.140310 12.156000
 125.800000 2.952191 -3.096584 13.759167
 126.000000 2.849458 3.090060 2.948430
 126.200000 2.806895 3.040569 5.206137
 126.400000 2.860798 -3.127138 2.434973
 126.600000 2.876242 -3.121399 3.708018
 126.800000 2.877611 3.089704 4.965821
 127.000000 2.884672 3.138783 4.249336
 127.200000 2.885615 3.115788 4.665615
 127.400000 2.876477 3.112136 3.957712
 127.600000 2.854181 -3.104720 2.580397
 127.800000 2.816725 -3.129692 0.363579
 128.000000 2.806010 3.137394 0.099714
 128.200000 2.846992 3.084479 3.114245
 128.400000 2.847982 3.100827 2.368524
 128.600000 2.824359 3.056783 4.102985
 128.800000 2.927599 3.132230 9.166042
 129.000000 2.905946 3.121291 6.638018
 129.200000 2.804029 -3.103543 0.790047
 129.400000 2.799892 -3.097858 0.983484
 129.600000 2.840544 3.137043 1.163182
 129.800000 2.845010 -3.132630 1.417405
 130.000000 2.851630 -3.131831 1.794207
 130.200000 2.922960 -3.136868 8.517572
 130.400000 2.899911 3.086975 7.257213
 130.600000 2.847964 3.081997 3.312508
 130.800000 2.802299 3.130576 0.108430
 131.000000 2.850320 3.122931 1.844139
 131.200000 2.892435 -3.125460 5.120954
 131.400000 2.809188 -3.110216 0.631059
 131.600000 2.702315 3.093809 5.210744
 131.800000 2.823961 -3.127790 0.589326
 132.000000 2.890089 3.093483 5.916486
 132.200000 2.879507 -3.121528 3.984104
 132.400000 2.884953 -3.107511 4.852109
 132.600000 2.949444 3.075779 14.477262
 132.800000 2.778367 3.129981 0.167666
 133.000000 2.811113 -3.123059 0.344473
 133.200000 2.908700 -3.100648 7.586391
 133.400000 2.924985 3.104437 9.462867
 133.600000 2.823260 3.137435 0.480901
 133.800000 2.828130 3.138520 0.638514
 134.000000 2.827177 3.050709 4.730223
 134.200000 2.890155 -3.059889 8.103393
 134.400000 2.922305 -3.069121 11.047260
 134.600000 2.804649 -3.124983 0.211412
 134.800000 2.769300 3.080530 2.134059
 135.000000 2.835865 3.094774 2.035078
 135.200000 2.828867 3.103038 1.403526
 135.400000 2.818472 3.122689 0.515248
 135.600000 2.911537 -3.132233 7.125465
 135.800000 2.888282 -3.124615 4.728635
 136.000000 2.927858 -3.123053 9.329088
 136.200000 2.966261 3.056997 18.670069
 136.400000 2.890178 3.076533 6.884261
 136.600000 2.750606 -3.076228 3.014930
 136.800000 2.905936 -3.089915 7.766096
 137.000000 2.866985 3.108296 3.326330
 137.200000 2.766659 -3.105509 0.985585
 137.400000 2.827885 -3.096044 1.662461
 137.600000 2.876510 3.128114 3.617426
 137.800000 2.850590 3.094883 2.776555
 138.000000 2.836513 -3.119535 1.210658
 138.200000 2.819192 3.102721 1.111043
 138.400000 2.849350 -3.071768 4.052162
 138.600000 2.868261 -3.082832 4.594244
 138.800000 2.887199 -3.115081 4.832842
 139.000000 2.886596 3.088930 5.811187
 139.200000 2.890469 3.041050 9.850759
 139.400000 2.860863 3.069733 4.916809
 139.600000 2.815539 -3.095719 1.316967
 139.800000 2.908346 3.125657 6.834029
 140.000000 2.862421 3.138340 2.447868
 140.200000 2.889323 3.112579 5.105643
 140.400000 2.863127 3.131574 2.542410
 140.600000 2.853250 3.085719 3.404586
 140.800000 2.832915 3.092805 2.005742
 141.000000 2.845771 -3.087643 2.872784
 141.200000 2.858891 -3.098594 3.126568
 141.400000 2.816348 3.042235 5.219713
 141.600000 2.830728 3.065461 3.627666
 141.800000 2.848543 -3.078707 3.546177
 142.000000 2.836774 3.129588 1.050966
 142.200000 2.814355 3.090283 1.554590
 142.400000 2.786920 -3.135702 0.033069
 142.600000 2.815334 -3.121718 0.457584
 142.800000 2.896904 3.127845 5.541802
 143.000000 2.850333 3.075821 3.833716
 143.200000 2.813946 3.092192 1.449594
 143.400000 2.873420 3.103764 3.987375
 143.600000 2.937290 3.098732 11.396656
 143.800000 2.770487 3.120212 0.471450
 144.000000 2.851624 -3.056233 5.389438
 144.200000 2.818134 3.105732 0.970853
 144.400000 2.880989 3.059330 7.296333
 144.600000 2.871392 3.095445 4.174683
 144.800000 2.909796 -3.050399 11.034182
 145.000000 2.859227 -3.093617 3.375282
 145.200000 2.881100 -3.095688 4.976209
 145.400000 2.892755 3.073153 7.364838
 145.600000 2.876721 3.091591 4.794396
 145.800000 2.880943 3.084113 5.560708
 146.000000 2.852589 -3.045204 6.449101
 146.200000 2.845193 -3.053868 5.234722
 146.400000 2.866839 3.114785 3.120500
 146.600000 2.801450 3.040450 5.154707
 146.800000 2.766185 3.067240 3.111129
 147.000000 2.862082 -3.119912 2.653989
 147.200000 2.976611 3.099743 17.819221
 147.400000 2.937779 3.112339 10.977012
 147.600000 2.803881 3.109592 0.576488
 147.800000 2.812091 3.059525 3.558888
 148.000000 2.872960 3.045147 7.885574
 148.200000 2.899889 3.073714 8.067077
 148.400000 2.858546 3.136232 2.193626
 148.600000 2.793056 -3.121953 0.193007
 148.800000 2.839304 -3.040180 6.236288
 149.000000 2.832964 -3.058316 4.285096
 149.200000 2.765871 3.137819 0.362395
 149.400000 2.814015 3.040468 5.343921
 149.600000 2.958936 3.026490 20.470429
 149.800000 2.941018 3.093818 12.165995
 150.000000 2.845702 -3.120593 1.634294
 150.200000 2.833239 -3.103250 1.563801
 150.400000 2.834992 -3.114453 1.269938
 150.600000 2.872626 -3.130419 3.270332
 150.800000 2.859242 -3.105996 2.859031
 151.000000 2.756321 3.018882 8.184373
 151.200000 2.776361 3.077831 2.163419
 151.400000 2.799601 3.098791 0.941028
 151.600000 2.834910 3.093016 2.078005
 151.800000 2.811916 3.138388 0.193106
 152.000000 2.884476 -3.035412 9.864548
 152.200000 2.958745 -3.133188 13.849511
 152.400000 2.860864 3.026451 8.963765
 152.600000 2.954373 3.101173 13.913878
 152.800000 2.830399 -3.118537 0.982939
 153.000000 2.829946 3.129523 0.772938
 153.200000 2.885962 -3.055073 8.107856
 153.400000 2.916947 3.126870 7.848591
 153.600000 2.848399 3.031173 7.657123
 153.800000 2.818038 3.028606 6.708351
 154.000000 2.830558 3.080807 2.570623
 154.200000 2.843846 3.139570 1.318895
 154.400000 2.809528 3.139496 0.146719
 154.600000 2.738376 -3.122931 1.640301
 154.800000 2.866219 -3.049022 6.999895
 155.000000 2.819888 3.091022 1.653020
 155.200000 2.785958 3.051866 4.047045
 155.400000 2.843681 3.091157 2.580252
 155.600000 2.932839 -3.140627 9.844260
 155.800000 2.857343 3.132543 2.141500
 156.000000 2.845454 -3.098695 2.320791
 156.200000 2.820687 -3.132891 0.434362
 156.400000 2.841324 3.085811 2.746418
 156.600000 2.905835 3.104717 7.099261
 156.800000 2.933631 3.130794 10.013527
 157.000000 2.881816 3.094946 5.074205
 157.200000 2.892559 3.141328 5.003288
 157.400000 2.893952 -3.106171 5.770863
 157.600000 2.830631 -3.102821 1.477603
 157.800000 2.876905 -3.070385 6.095089
 158.000000 2.903023 -3.110258 6.595622
 158.200000 2.919683 3.112671 8.502527
 158.400000 2.870138 -3.111803 3.455441
 158.600000 2.914950 3.085752 9.052848
 158.800000 2.898956 3.116475 5.978977
 159.000000 2.809140 -3.111913 0.578424
 159.200000 2.808938 -3.079567 2.058244
 159.400000 2.853148 -3.114112 2.215092
 159.600000 2.869718 3.119971 3.212971
 159.800000 2.825645 3.122295 0.734629
 160.000000 2.815547 3.102940 1.011996
 160.200000 2.855149 -3.093220 3.130754
 160.400000 2.804946 3.128154 0.167417
 160.600000 2.852545 -3.107121 2.395257
 160.800000 2.870178 3.071102 5.499300
 161.000000 2.858001 3.000197 12.139826
 161.200000 2.877140 3.120477 3.802623
 161.400000 2.903046 -3.083964 7.767771
 161.600000 2.876238 -3.112046 3.940324
 161.800000 2.825801 -3.134781 0.576791
 162.000000 2.836774 3.127551 1.077498
 162.200000 2.823057 3.122703 0.644463
 162.400000 2.860959 -3.120957 2.554428
 162.600000 2.871428 3.109019 3.643194
 162.800000 2.835963 3.097078 1.934099
 163.000000 2.865172 -3.125119 2.774391
 163.200000 2.829147 -3.094509 1.778979
 163.400000 2.837573 3.119850 1.250931
 163.600000 2.885918 3.128423 4.447638
 163.800000 2.840294 3.046879 5.626187
 164.000000 2.803103 3.108535 0.602338
 164.200000 2.800171 -3.133206 0.064388
 164.400000 2.815816 -3.110094 0.767278
 164.600000 2.895040 -3.115970 5.582716
 164.800000 2.933045 3.115067 10.224517
 165.000000 2.927199 3.116843 9.374548
 165.200000 2.829068 -3.125454 0.797845
 165.400000 2.797228 -3.135821 0.027705
 165.600000 2.887656 -3.101550 5.326482
 165.800000 2.895197 3.085644 6.835683
 166.000000 2.869553 3.042769 7.849567
 166.200000 2.842353 3.090078 2.568212
 166.400000 2.870643 3.132183 3.095366
 166.600000 2.792480 -3.127590 0.098040
 166.800000 2.827012 3.114884 0.951292
 167.000000 2.841281 3.073199 3.527333
 167.200000 2.831467 3.114499 1.125206
 167.400000 2.842914 -3.120253 1.497120
 167.600000 2.851928 3.124711 1.906763
 167.800000 2.862944 -3.115921 2.808783
 168.000000 2.862863 3.093872 3.612213
 168.200000 2.841097 3.096652 2.189350
 168.400000 2.880442 3.056457 7.488587
 168.600000 2.833904 3.086641 2.365896
 168.800000 2.810272 3.111433 0.612242
 169.000000 2.829609 -3.095102 1.768261
 169.200000 2.835981 -3.061014 4.190578
 169.400000 2.839185 -3.110003 1.587441
 169.600000 2.872170 -3.122720 3.349636
 169.800000 2.914493 -3.110380 7.924964
 170.000000 2.874283 3.064703 6.298072
 170.200000 2.846953 3.087563 2.940718
 170.400000 2.793827 3.084869 1.609614
 170.600000 2.877695 3.074553 5.873917
 170.800000 2.961353 -3.124456 14.397960
 171.000000 2.964299 -3.097266 15.735174
 171.200000 2.901784 -3.105958 6.603504
 171.400000 2.866519 -3.128614 2.821661
 171.600000 2.849387 -3.116535 1.930475
 171.800000 2.800090 -3.139413 0.030978
 172.000000 2.835889 -3.121173 1.148630
 172.200000 2.863283 3.140380 2.503942
 172.400000 2.959556 -3.081869 15.732809
 172.600000 2.869410 -3.091793 4.195493
 172.800000 2.853061 -3.125838 1.956278
 173.000000 2.800465 3.112588 0.452155
 173.200000 2.868277 -3.109513 3.383584
 173.400000 2.879366 -3.058069 7.258590
 173.600000 2.884477 3.113331 4.626821
 173.800000 2.849393 3.086718 3.122507
 174.000000 2.905436 -3.107550 6.953666
 174.200000 2.892041 -3.131166 5.005874
 174.400000 2.797789 3.101150 0.831660
 174.600000 2.811981 3.138729 0.193340
 174.800000 2.810763 3.108328 0.719539
 175.000000 2.836526 3.094924 2.056940
 175.200000 2.825824 3.094991 1.640188
 175.400000 2.812748 3.136685 0.216484
 175.600000 2.810258 3.135295 0.177020
 175.800000 2.861160 -3.102186 3.131698
 176.000000 2.805703 -3.107610 0.664234
 176.200000 2.888344 -3.099691 5.468355
 176.400000 2.964298 -3.104551 15.438743
 176.600000 2.985617 -3.140263 18.642713
 176.800000 2.871588 3.115862 3.456381
 177.000000 2.871797 3.050644 7.277671
 177.200000 2.862758 3.057328 6.016457
 177.400000 2.915647 3.079715 9.493698
 177.600000 2.916875 -3.088305 9.151075
 177.800000 2.869092 3.119883 3.166783
 178.000000 2.816034 3.060043 3.601489
 178.200000 2.869271 3.136269 2.959021
 178.400000 2.771285 3.098714 1.144888
 178.600000 2.804296 -3.099650 0.948850
 178.800000 2.904144 3.118321 6.499976
 179.000000 2.878022 3.102852 4.405134
 179.200000 2.863205 -3.139862 2.499212
 179.400000 2.777023 3.042640 5.016006
 179.600000 2.906262 -3.139804 6.469453
 179.800000 2.913002 -3.122898 7.431886
 180.000000 2.896779 -3.113310 5.834237
 180.200000 2.835177 3.109378 1.428423
 180.400000 2.909417 3.134696 6.855402
 180.600000 2.860457 3.103884 3.018218
 180.800000 2.925242 3.106192 9.433298
 181.000000 2.910256 3.124504 7.076071
 181.200000 2.897736 3.102854 6.284829
 181.400000 2.828098 3.141142 0.632767
 181.600000 2.916189 3.123217 7.815027
 181.800000 2.885944 3.105128 5.028195
 182.000000 2.876309 3.105611 4.157115
 182.200000 2.847276 3.132977 1.535839
 182.400000 2.799444 -3.112758 0.439630
 182.600000 2.923994 -3.122693 8.820354
 182.800000 2.858348 -3.141341 2.166263
 183.000000 2.825285 -3.124117 0.689233
 183.200000 2.808094 3.101766 0.914247
 183.400000 2.833000 3.113075 1.225664
 183.600000 2.810498 3.111366 0.618303
 183.800000 2.838430 3.111990 1.491716
 184.000000 2.814652 3.130649 0.304644
 184.200000 2.877914 -3.070412 6.178862
 184.400000 2.845083 -3.024579 8.227128
 184.600000 2.873077 3.102918 3.992016
 184.800000 2.932213 3.033894 15.555674
 185.000000 2.906908 3.083136 8.250150
 185.200000 2.855286 3.072035 4.388487
 185.400000 2.817811 3.050695 4.450819
 185.600000 2.898700 3.101615 6.435459
 185.800000 2.866309 3.110890 3.193217
 186.000000 2.914140 3.112138 7.828725
 186.200000 2.833579 3.080029 2.737656
 186.400000 2.831620 -3.102256 1.537824
 186.600000 2.871182 -3.105531 3.743556
 186.800000 2.856860 -3.131796 2.117363
 187.000000 2.828729 3.105039 1.323364
 187.200000 2.869932 3.136766 3.007431
 187.400000 2.815761 3.117472 0.560829
 187.600000 2.831664 3.108710 1.306460
 187.800000 2.883484 3.099345 5.029046
 188.000000 2.785109 -3.092890 1.213503
 188.200000 2.776676 -3.069643 2.714025
 188.400000 2.788407 -3.129421 0.082562
 188.600000 2.827268 3.122258 0.790408
 188.800000 2.792023 3.104135 0.701677
 189.000000 2.840609 3.134742 1.179420
 189.200000 2.783236 3.074697 2.280674
 189.400000 2.815968 3.095017 1.359422
 189.600000 2.871982 -3.141434 3.156588
 189.800000 2.941515 3.110411 11.584933
 190.000000 2.848235 3.065527 4.444671
 190.200000 2.824566 3.063274 3.580183
 190.400000 2.823337 3.127198 0.578240
 190.600000 2.833007 3.097670 1.783933
 190.800000 2.901239 -3.121455 6.111910
 191.000000 2.916065 -3.109056 8.160195
 191.200000 2.897797 -3.125568 5.669333
 191.400000 2.760764 3.133157 0.540006
 191.600000 2.768414 3.119591 0.532745
 191.800000 2.854165 -3.072536 4.284053
 192.000000 2.884900 -3.126730 4.376891
 192.200000 2.834590 3.094070 2.013864
 192.400000 2.837030 3.132190 1.034463
 192.600000 2.833900 -3.091914 2.089858
 192.800000 2.886911 -3.118095 4.730277
 193.000000 2.923089 3.108565 9.068657
 193.200000 2.956990 3.119946 13.758406
 193.400000 2.821354 3.096100 1.450291
 193.600000 2.804720 3.105951 0.709485
 193.800000 2.875387 3.119995 3.666148
 194.000000 2.867053 3.114628 3.140600
 194.200000 2.807464 -3.086049 1.654112
 194.400000 2.808629 3.099920 0.997937
 194.600000 2.729465 -3.126245 2.106175
 194.800000 2.873903 3.121768 3.507530
 195.000000 2.911460 3.130577 7.133198
 195.200000 2.993589 3.108346 20.765581
 195.400000 2.918161 3.103138 8.631385
 195.600000 2.908333 3.139240 6.708294
 195.800000 2.863354 -3.064518 5.478481
 196.000000 2.870633 -3.125485 3.179980
 196.200000 2.787670 3.136382 0.025370
 196.400000 2.761351 3.064095 3.488906
 196.600000 2.789728 3.108132 0.563713
 196.800000 2.920954 3.068263 10.935352
 197.000000 2.826131 -3.112654 0.983346
 197.200000 2.879522 -3.076349 5.912439
 197.400000 2.923857 -3.130613 8.684024
 197.600000 2.905358 2.994035 17.252031
 197.800000 2.809310 3.051156 4.230270
 198.000000 2.717498 3.109696 3.323389
 198.200000 2.781331 -3.123190 0.232011
 198.400000 2.824126 -3.114647 0.862295
 198.600000 2.906290 3.111989 6.909211
 198.800000 2.928907 3.088823 10.692127
 199.000000 2.932398 3.111863 10.223886
 199.200000 2.895727 -3.114441 5.693705
 199.400000 2.885440 -3.055320 8.037867
 199.600000 2.907212 -3.096679 7.584928
 199.800000 2.872328 3.116826 3.490791
 200.000000 2.757585 3.018026 8.244819
