#! FIELDS time phi psi restraint.bias
#! SET min_phi -pi
#! SET max_phi pi
#! SET min_psi -pi
#! SET max_psi pi
 0.000000 -1.970461 -0.116200 152.777177
 0.200000 -2.284106 0.286071 2.099367
 0.400000 -2.216659 0.372185 1.633266
 0.600000 -2.251684 0.321454 0.529877
 0.800000 -2.265919 0.246857 5.227856
 1.000000 -2.201433 0.316903 2.795027
 1.200000 -2.186930 0.413995 5.469796
 1.400000 -2.227883 0.240365 6.750252
 1.600000 -2.223912 0.300785 2.178746
 1.800000 -2.313925 0.402646 2.447748
 2.000000 -2.261951 0.356701 0.053484
 2.200000 -2.213512 0.356733 1.564872
 2.400000 -2.283392 0.349906 0.104951
 2.600000 -2.311521 0.333156 1.033649
 2.800000 -2.263891 0.352011 0.017024
 3.000000 -2.300994 0.356887 0.544702
 3.200000 -2.280174 0.470407 7.425115
 3.400000 -2.200612 0.366432 2.484310
 3.600000 -2.281870 0.296412 1.469986
 3.800000 -2.220188 0.355597 1.209108
 4.000000 -2.264155 0.391735 0.921729
 4.200000 -2.316633 0.342145 1.161851
 4.400000 -2.242363 0.359339 0.405630
 4.600000 -2.246738 0.330473 0.419058
 4.800000 -2.270086 0.368824 0.195856
 5.000000 -2.278473 0.292805 1.628179
 5.200000 -2.270612 0.412506 2.013761
 5.400000 -2.313931 0.346541 1.015834
 5.600000 -2.214595 0.297531 2.803957
 5.800000 -2.242993 0.395842 1.430322
 6.000000 -2.299548 0.278332 2.970412
 6.200000 -2.247960 0.339182 0.268678
 6.400000 -2.218119 0.454555 6.854801
 6.600000 -2.269859 0.316279 0.537931
 6.800000 -2.285950 0.336159 0.228169
 7.000000 -2.219810 0.409753 3.047748
 7.200000 -2.244788 0.301608 1.417474
 7.400000 -2.283517 0.384487 0.733752
 7.600000 -2.246349 0.394290 1.277537
 7.800000 -2.227377 0.405043 2.429973
 8.000000 -2.225079 0.367951 1.139714
 8.200000 -2.274209 0.379187 0.467595
 8.400000 -2.297338 0.368814 0.598565
 8.600000 -2.298985 0.418639 2.871928
 8.800000 -2.134696 0.308437 9.834511
 9.000000 -2.204784 0.342746 2.077189
 9.200000 -2.331366 0.317659 2.442459
 9.400000 -2.293717 0.395361 1.378866
 9.600000 -2.226776 0.350441 0.889359
 9.800000 -2.243812 0.366738 0.471562
 10.000000 -2.261464 0.338930 0.079222
 10.200000 -2.325501 0.423823 4.394527
 10.400000 -2.317315 0.375398 1.517322
 10.600000 -2.277328 0.402893 1.483944
 10.800000 -2.222399 0.410064 2.942850
 11.000000 -2.351471 0.365981 3.549693
 11.200000 -2.337212 0.383769 2.933536
 11.400000 -2.207744 0.455603 7.546775
 11.600000 -2.248775 0.366789 0.360131
 11.800000 -2.227721 0.344904 0.857675
 12.000000 -2.194236 0.326428 3.045701
 12.200000 -2.315357 0.389027 1.876266
 12.400000 -2.291891 0.365066 0.391654
 12.600000 -2.186377 0.322434 3.761983
 12.800000 -2.245608 0.320662 0.675311
 13.000000 -2.216781 0.320237 1.775189
 13.200000 -2.210125 0.247146 6.922694
 13.400000 -2.232253 0.393371 1.653980
 13.600000 -2.206741 0.269376 5.108848
 13.800000 -2.220231 0.308228 2.019551
 14.000000 -2.211844 0.347976 1.629896
 14.200000 -2.186668 0.296883 4.744878
 14.400000 -2.225278 0.259317 4.980093
 14.600000 -2.303539 0.331899 0.746287
 14.800000 -2.219181 0.326074 1.501694
 15.000000 -2.173137 0.353695 4.598696
 15.200000 -2.309878 0.303276 1.886817
 15.400000 -2.216718 0.320593 1.768299
 15.600000 -2.286829 0.390889 1.034796
 15.800000 -2.218852 0.326367 1.511421
 16.000000 -2.167049 0.294912 6.656030
 16.200000 -2.266284 0.233739 6.653656
 16.400000 -2.270440 0.229459 7.154030
 16.600000 -2.220267 0.332304 1.324410
 16.800000 -2.226816 0.393172 1.859364
 17.000000 -2.294995 0.347646 0.340748
 17.200000 -2.249275 0.239597 6.184803
 17.400000 -2.272573 0.341955 0.031923
 17.600000 -2.265679 0.375867 0.364435
 17.800000 -2.252654 0.211161 9.641336
 18.000000 -2.277384 0.276820 2.645497
 18.200000 -2.257443 0.292395 1.671743
 18.400000 -2.207663 0.290237 3.607063
 18.600000 -2.245634 0.421833 2.918838
 18.800000 -2.270281 0.319778 0.429813
 19.000000 -2.319478 0.341804 1.304016
 19.200000 -2.237222 0.357624 0.539265
 19.400000 -2.220405 0.389293 1.986343
 19.600000 -2.252541 0.316173 0.675240
 19.800000 -2.324674 0.323868 1.871263
 20.000000 -2.275059 0.279589 2.432337
 20.200000 -2.317577 0.380907 1.690315
 20.400000 -2.216859 0.406605 3.010973
 20.600000 -2.256155 0.297918 1.389620
 20.800000 -2.404841 0.309197 10.030928
 21.000000 -2.274403 0.445535 4.668141
 21.200000 -2.125088 0.405350 11.928948
 21.400000 -2.337590 0.330566 2.528339
 21.600000 -2.388382 0.292174 8.753018
 21.800000 -2.166828 0.377896 5.627790
 22.000000 -2.269553 0.335751 0.088834
 22.200000 -2.273176 0.342547 0.030270
 22.400000 -2.224615 0.279487 3.402462
 22.600000 -2.195956 0.222598 10.659571
 22.800000 -2.257953 0.386784 0.771563
 23.000000 -2.285623 0.345229 0.146726
 23.200000 -2.280776 0.303909 1.089732
 23.400000 -2.293601 0.368010 0.483827
 23.600000 -2.165838 0.262048 9.099766
 23.800000 -2.194633 0.355263 2.779076
 24.000000 -2.270393 0.228416 7.279247
 24.200000 -2.230386 0.334010 0.856100
 24.400000 -2.257913 0.339734 0.104206
 24.600000 -2.293718 0.424941 3.185788
 24.800000 -2.236289 0.388137 1.295921
 25.000000 -2.247774 0.299765 1.439056
 25.200000 -2.261861 0.392726 0.978083
 25.400000 -2.155923 0.327454 6.618613
 25.600000 -2.257138 0.364027 0.181415
 25.800000 -2.327225 0.384806 2.337916
 26.000000 -2.235333 0.377091 0.957036
 26.200000 -2.253785 0.328907 0.317846
 26.400000 -2.266588 0.407352 1.701381
 26.600000 -2.250202 0.400037 1.474357
 26.800000 -2.271327 0.306297 0.917478
 27.000000 -2.244279 0.357700 0.341060
 27.200000 -2.304103 0.448692 5.581288
 27.400000 -2.297705 0.356800 0.443972
 27.600000 -2.345433 0.350971 2.928347
 27.800000 -2.237714 0.369866 0.703473
 28.000000 -2.226585 0.311626 1.597307
 28.200000 -2.247909 0.353662 0.231470
 28.400000 -2.286744 0.401071 1.510957
 28.600000 -2.270613 0.403814 1.500085
 28.800000 -2.216811 0.357657 1.395006
 29.000000 -2.235163 0.357884 0.608919
 29.200000 -2.280870 0.414164 2.190198
 29.400000 -2.241934 0.359306 0.416776
 29.600000 -2.211636 0.349551 1.641308
 29.800000 -2.273066 0.363474 0.112356
 30.000000 -2.292297 0.350093 0.273580
 30.200000 -2.240811 0.413922 2.498457
 30.400000 -2.257300 0.338570 0.122692
 30.600000 -2.239082 0.365917 0.587371
 30.800000 -2.279619 0.352795 0.064105
 31.000000 -2.233652 0.410021 2.479978
 31.200000 -2.219323 0.346658 1.233234
 31.400000 -2.288696 0.461409 6.505833
 31.600000 -2.333935 0.406344 3.753365
 31.800000 -2.219116 0.326431 1.496779
 32.000000 -2.364358 0.382598 5.115644
 32.200000 -2.286158 0.412093 2.134640
 32.400000 -2.248847 0.395608 1.284697
 32.600000 -2.282329 0.339190 0.138556
 32.800000 -2.396447 0.373531 8.429802
 33.000000 -2.197555 0.380959 3.055667
 33.200000 -2.229760 0.357594 0.803432
 33.400000 -2.373824 0.339287 5.549382
 33.600000 -2.269999 0.330228 0.178006
 33.800000 -2.270533 0.268979 3.208218
 34.000000 -2.287711 0.482941 9.137716
 34.200000 -2.264351 0.415235 2.199675
 34.400000 -2.293258 0.356110 0.320776
 34.600000 -2.274436 0.330807 0.181853
 34.800000 -2.151126 0.339343 6.985934
 35.000000 -2.255918 0.431373 3.471837
 35.200000 -2.243061 0.307671 1.191301
 35.400000 -2.273468 0.376229 0.379234
 35.600000 -2.228206 0.484068 9.941997
 35.800000 -2.167998 0.367849 5.269853
 36.000000 -2.239232 0.345629 0.446845
 36.200000 -2.296455 0.310069 1.139233
 36.400000 -2.247949 0.288383 2.061251
 36.600000 -2.205039 0.436410 5.855405
 36.800000 -2.174310 0.336903 4.550237
 37.000000 -2.288211 0.343133 0.203521
 37.200000 -2.196818 0.237785 8.791632
 37.400000 -2.196550 0.327508 2.851663
 37.600000 -2.238201 0.338094 0.532262
 37.800000 -2.223347 0.352877 1.046056
 38.000000 -2.258643 0.275983 2.723454
 38.200000 -2.319298 0.350634 1.269788
 38.400000 -2.157822 0.384176 6.788615
 38.600000 -2.179598 0.323242 4.323347
 38.800000 -2.366451 0.247387 9.924656
 39.000000 -2.213381 0.397811 2.730761
 39.200000 -2.229050 0.419481 3.274253
 39.400000 -2.241814 0.250509 5.224307
 39.600000 -2.350050 0.310697 4.026482
 39.800000 -2.214728 0.370344 1.695198
 40.000000 -2.225000 0.287706 2.847319
 40.200000 -2.250605 0.274268 2.965207
 40.400000 -2.289364 0.362037 0.292937
 40.600000 -2.308474 0.309182 1.577308
 40.800000 -2.176942 0.330574 4.401713
 41.000000 -2.226888 0.348558 0.883804
 41.200000 -2.340002 0.384416 3.150603
 41.400000 -2.186832 0.370353 3.596500
 41.600000 -2.228106 0.368906 1.030050
 41.800000 -2.229843 0.368295 0.948706
 42.000000 -2.276236 0.355423 0.046912
 42.200000 -2.251135 0.373781 0.463710
 42.400000 -2.234149 0.341004 0.637272
 42.600000 -2.219161 0.382000 1.780699
 42.800000 -2.263206 0.409803 1.860845
 43.000000 -2.323920 0.371767 1.769753
 43.200000 -2.219068 0.319242 1.687755
 43.400000 -2.239639 0.368043 0.608985
 43.600000 -2.261570 0.368132 0.208819
 43.800000 -2.270938 0.370019 0.221535
 44.000000 -2.173418 0.308732 5.374530
 44.200000 -2.273530 0.329121 0.209484
 44.400000 -2.243956 0.347926 0.312438
 44.600000 -2.236002 0.317886 1.028147
 44.800000 -2.273842 0.386928 0.728835
 45.000000 -2.217649 0.320011 1.736864
 45.200000 -2.239096 0.311791 1.139703
 45.400000 -2.235393 0.342872 0.581471
 45.600000 -2.369244 0.352616 5.037942
 45.800000 -2.159411 0.246545 11.252268
 46.000000 -2.274769 0.436404 3.831018
 46.200000 -2.266027 0.364498 0.123280
 46.400000 -2.221482 0.340845 1.159360
 46.600000 -2.295644 0.390132 1.200073
 46.800000 -2.259369 0.335464 0.138191
 47.000000 -2.310426 0.407008 2.539721
 47.200000 -2.288495 0.320492 0.599675
 47.400000 -2.225888 0.298545 2.202428
 47.600000 -2.237959 0.346462 0.482933
 47.800000 -2.283272 0.352637 0.109257
 48.000000 -2.208558 0.392735 2.775810
 48.200000 -2.232780 0.230545 7.676872
 48.400000 -2.267130 0.309088 0.800735
 48.600000 -2.286606 0.316814 0.676347
 48.800000 -2.273810 0.374183 0.327350
 49.000000 -2.211735 0.336543 1.713907
 49.200000 -2.227490 0.299783 2.072923
 49.400000 -2.196808 0.363427 2.703785
 49.600000 -2.295086 0.330633 0.512007
 49.800000 -2.269923 0.341108 0.032163
 50.000000 -2.218244 0.382429 1.841016
 50.200000 -2.223644 0.307298 1.897590
 50.400000 -2.298735 0.310996 1.168879
 50.600000 -2.223630 0.375252 1.368797
 50.800000 -2.247283 0.393000 1.199358
 51.000000 -2.307475 0.249878 5.662028
 51.200000 -2.207701 0.325091 2.161779
 51.400000 -2.187499 0.311141 4.034540
 51.600000 -2.274094 0.378518 0.447053
 51.800000 -2.180184 0.281175 6.242302
 52.000000 -2.300599 0.308116 1.339960
 52.200000 -2.317034 0.357690 1.194273
 52.400000 -2.190226 0.412472 5.107179
 52.600000 -2.238202 0.343047 0.490167
 52.800000 -2.282350 0.305022 1.060014
 53.000000 -2.203004 0.411508 4.122489
 53.200000 -2.298567 0.290804 2.136432
 53.400000 -2.182887 0.325742 3.973559
 53.600000 -2.312427 0.427080 3.989148
 53.800000 -2.264991 0.291267 1.678093
 54.000000 -2.291821 0.315404 0.828614
 54.200000 -2.258811 0.466633 6.962199
 54.400000 -2.339247 0.400205 3.779975
 54.600000 -2.245772 0.335361 0.362008
 54.800000 -2.215964 0.391432 2.300034
 55.000000 -2.328241 0.348371 1.759227
 55.200000 -2.255365 0.423876 2.890225
 55.400000 -2.274928 0.492557 10.312875
 55.600000 -2.311151 0.356137 0.916391
 55.800000 -2.257315 0.365562 0.203492
 56.000000 -2.156250 0.367528 6.518534
 56.200000 -2.315402 0.341448 1.108912
 56.400000 -2.312346 0.399291 2.203846
 56.600000 -2.216015 0.365157 1.529328
 56.800000 -2.309047 0.376964 1.193905
 57.000000 -2.215525 0.324891 1.718164
 57.200000 -2.225897 0.381433 1.449653
 57.400000 -2.302635 0.281806 2.830064
 57.600000 -2.240775 0.374851 0.728734
 57.800000 -2.210140 0.413608 3.810913
 58.000000 -2.316887 0.270384 4.245437
 58.200000 -2.220032 0.416403 3.462513
 58.400000 -2.245527 0.310531 1.016280
 58.600000 -2.253393 0.312241 0.798713
 58.800000 -2.164576 0.301407 6.580327
 59.000000 -2.267909 0.317280 0.505678
 59.200000 -2.253400 0.271241 3.148940
 59.400000 -2.210748 0.331112 1.853646
 59.600000 -2.202833 0.325402 2.464241
 59.800000 -2.313230 0.383998 1.591461
 60.000000 -2.219876 0.312019 1.889259
 60.200000 -2.210851 0.290887 3.378851
 60.400000 -2.228062 0.325239 1.118874
 60.600000 -2.224395 0.346646 0.994520
 60.800000 -2.178888 0.352202 4.058492
 61.000000 -2.304038 0.299780 1.830919
 61.200000 -2.331664 0.316700 2.491664
 61.400000 -2.227715 0.319108 1.297998
 61.600000 -2.183561 0.385705 4.315016
 61.800000 -2.255656 0.300052 1.289265
 62.000000 -2.290132 0.362924 0.320824
 62.200000 -2.174044 0.372983 4.787471
 62.400000 -2.258305 0.454938 5.660878
 62.600000 -2.316620 0.308134 1.974962
 62.800000 -2.291953 0.348682 0.265137
 63.000000 -2.213290 0.372838 1.830381
 63.200000 -2.265093 0.308389 0.834641
 63.400000 -2.282571 0.354933 0.110275
 63.600000 -2.266203 0.416409 2.271239
 63.800000 -2.247420 0.334821 0.332760
 64.000000 -2.214375 0.354493 1.502720
 64.200000 -2.293517 0.301752 1.421615
 64.400000 -2.291689 0.335917 0.345469
 64.600000 -2.215199 0.352234 1.448428
 64.800000 -2.253640 0.375547 0.467502
 65.000000 -2.280217 0.369704 0.276698
 65.200000 -2.266092 0.354262 0.017522
 65.400000 -2.274147 0.386739 0.723248
 65.600000 -2.223381 0.448661 5.996847
 65.800000 -2.209845 0.317305 2.249774
 66.000000 -2.258797 0.355631 0.072871
 66.200000 -2.221155 0.395175 2.204148
 66.400000 -2.180203 0.341535 3.964437
 66.600000 -2.218412 0.362289 1.363336
 66.800000 -2.317130 0.378828 1.604606
 67.000000 -2.289955 0.459090 6.273765
 67.200000 -2.259794 0.273599 2.889335
 67.400000 -2.245149 0.339939 0.324375
 67.600000 -2.194505 0.400421 4.088053
 67.800000 -2.317496 0.284203 3.282986
 68.000000 -2.283899 0.370884 0.350074
 68.200000 -2.166839 0.354936 5.228296
 68.400000 -2.224988 0.355878 0.988578
 68.600000 -2.372040 0.377406 5.717655
 68.800000 -2.296267 0.382218 0.923244
 69.000000 -2.211391 0.388932 2.449897
 69.200000 -2.223926 0.301949 2.122592
 69.400000 -2.266678 0.285326 2.033902
 69.600000 -2.331390 0.389768 2.779093
 69.800000 -2.261885 0.427045 3.065192
 70.000000 -2.289685 0.390357 1.067923
 70.200000 -2.309623 0.280250 3.195865
 70.400000 -2.218310 0.378422 1.711990
 70.600000 -2.214252 0.455926 7.204292
 70.800000 -2.335630 0.363489 2.328613
 71.000000 -2.283548 0.352505 0.112790
 71.200000 -2.218436 0.450869 6.456688
 71.400000 -2.338727 0.398103 3.638267
 71.600000 -2.265521 0.331596 0.158394
 71.800000 -2.191562 0.459865 9.130982
 72.000000 -2.305598 0.435829 4.436234
 72.200000 -2.331937 0.336066 2.069589
 72.400000 -2.285993 0.354951 0.162929
 72.600000 -2.271633 0.450348 5.132684
 72.800000 -2.312597 0.425481 3.873149
 73.000000 -2.230144 0.343696 0.766499
 73.200000 -2.335567 0.411005 4.138590
 73.400000 -2.213029 0.404519 3.099915
 73.600000 -2.223338 0.366895 1.198182
 73.800000 -2.344910 0.387174 3.612750
 74.000000 -2.400848 0.405638 10.301578
 74.200000 -2.223042 0.397775 2.239073
 74.400000 -2.196163 0.376440 3.022056
 74.600000 -2.344820 0.377473 3.283276
 74.800000 -2.231906 0.345625 0.691241
 75.000000 -2.259666 0.377069 0.434972
 75.200000 -2.358187 0.234880 10.502777
 75.400000 -2.251886 0.427026 3.184075
 75.600000 -2.281212 0.341245 0.106026
 75.800000 -2.325528 0.236192 7.972000
 76.000000 -2.141671 0.422203 10.771714
 76.200000 -2.217662 0.379848 1.787881
 76.400000 -2.352903 0.288045 5.387668
 76.600000 -2.225086 0.288827 2.775429
 76.800000 -2.326768 0.441937 5.985262
 77.000000 -2.347011 0.317076 3.560162
 77.200000 -2.239735 0.353051 0.434057
 77.400000 -2.158588 0.392026 7.010201
 77.600000 -2.280302 0.302310 1.157744
 77.800000 -2.401576 0.313114 9.443975
 78.000000 -2.211622 0.353085 1.650091
 78.200000 -2.250087 0.264833 3.725047
 78.400000 -2.275686 0.325709 0.295610
 78.600000 -2.232965 0.306176 1.566415
 78.800000 -2.248993 0.337902 0.261012
 79.000000 -2.197849 0.324014 2.839897
 79.200000 -2.240034 0.419411 2.891683
 79.400000 -2.295834 0.265626 3.843071
 79.600000 -2.289022 0.342773 0.221686
 79.800000 -2.227861 0.439131 4.899116
 80.000000 -2.233852 0.378439 1.046579
 80.200000 -2.241021 0.291821 2.027900
 80.400000 -2.297602 0.372525 0.686252
 80.600000 -2.291469 0.362586 0.345441
 80.800000 -2.254634 0.365699 0.240485
 81.000000 -2.135083 0.357934 8.996627
 81.200000 -2.300313 0.333597 0.612169
 81.400000 -2.347019 0.317359 3.551777
 81.600000 -2.219022 0.408297 2.999503
 81.800000 -2.206276 0.312025 2.648663
 82.000000 -2.211300 0.333365 1.783777
 82.200000 -2.308365 0.342250 0.800849
 82.400000 -2.279605 0.319248 0.501555
 82.600000 -2.274126 0.392192 0.943451
 82.800000 -2.165113 0.339549 5.434053
 83.000000 -2.238232 0.308942 1.276079
 83.200000 -2.235139 0.370531 0.801240
 83.400000 -2.294937 0.316501 0.868464
 83.600000 -2.227900 0.385482 1.504722
 83.800000 -2.238771 0.399811 1.742265
 84.000000 -2.254068 0.301720 1.231244
 84.200000 -2.189195 0.293009 4.749837
 84.400000 -2.245615 0.310961 0.997718
 84.600000 -2.235063 0.305133 1.538447
 84.800000 -2.231852 0.328067 0.907803
 85.000000 -2.242629 0.302689 1.421212
 85.200000 -2.356038 0.323650 4.117071
 85.400000 -2.237237 0.289938 2.250230
 85.600000 -2.190039 0.319311 3.554396
 85.800000 -2.291339 0.338817 0.303645
 86.000000 -2.307623 0.325573 1.024590
 86.200000 -2.176035 0.324167 4.624552
 86.400000 -2.235042 0.274112 3.383201
 86.600000 -2.306812 0.395125 1.778311
 86.800000 -2.233281 0.330449 0.808631
 87.000000 -2.162622 0.339050 5.700692
 87.200000 -2.204026 0.314795 2.693401
 87.400000 -2.264743 0.350001 0.009194
 87.600000 -2.212233 0.415294 3.800238
 87.800000 -2.324277 0.319040 1.982536
 88.000000 -2.203897 0.292823 3.696143
 88.200000 -2.209119 0.384029 2.399735
 88.400000 -2.260866 0.402642 1.467692
 88.600000 -2.267035 0.386484 0.701858
 88.800000 -2.272921 0.358629 0.053701
 89.000000 -2.227035 0.344487 0.887996
 89.200000 -2.268279 0.289400 1.780236
 89.400000 -2.243914 0.339002 0.363483
 89.600000 -2.306567 0.348789 0.708383
 89.800000 -2.176913 0.292545 5.830657
 90.000000 -2.209443 0.303611 2.802350
 90.200000 -2.300534 0.365834 0.640059
 90.400000 -2.228099 0.382248 1.384035
 90.600000 -2.219424 0.359767 1.282582
 90.800000 -2.312044 0.244884 6.356402
 91.000000 -2.177419 0.313825 4.807878
 91.200000 -2.231234 0.273366 3.575694
 91.400000 -2.289448 0.354132 0.223361
 91.600000 -2.222676 0.345872 1.074720
 91.800000 -2.254850 0.443386 4.547218
 92.000000 -2.274117 0.366775 0.170274
 92.200000 -2.289594 0.397162 1.370174
 92.400000 -2.175740 0.386935 5.059056
 92.600000 -2.214894 0.349845 1.460143
 92.800000 -2.261406 0.390772 0.897979
 93.000000 -2.239213 0.346962 0.443710
 93.200000 -2.276098 0.410207 1.894829
 93.400000 -2.308930 0.440639 4.992874
 93.600000 -2.277546 0.346856 0.039572
 93.800000 -2.228070 0.345379 0.841471
 94.000000 -2.313132 0.378871 1.421159
 94.200000 -2.316061 0.352045 1.115217
 94.400000 -2.295969 0.334308 0.474493
 94.600000 -2.188053 0.332449 3.408463
 94.800000 -2.374304 0.416961 7.856903
 95.000000 -2.310256 0.347782 0.854810
 95.200000 -2.211561 0.383585 2.241286
 95.400000 -2.264028 0.332315 0.152306
 95.600000 -2.292151 0.430892 3.617445
 95.800000 -2.228575 0.387667 1.559205
 96.000000 -2.229441 0.329043 0.980066
 96.200000 -2.311237 0.348279 0.895319
 96.400000 -2.281474 0.376789 0.462974
 96.600000 -2.268110 0.362970 0.096996
 96.800000 -2.308368 0.361300 0.852578
 97.000000 -2.254064 0.357079 0.142570
 97.200000 -2.277867 0.335462 0.132485
 97.400000 -2.296881 0.368653 0.582522
 97.600000 -2.325388 0.399290 2.855046
 97.800000 -2.257711 0.294042 1.576712
 98.000000 -2.313668 0.302369 2.091153
 98.200000 -2.229570 0.446303 5.502081
 98.400000 -2.381530 0.360135 6.400820
 98.600000 -2.307275 0.320737 1.136522
 98.800000 -2.222905 0.391676 1.966873
 99.000000 -2.245492 0.344068 0.287111
 99.200000 -2.328189 0.406288 3.393093
 99.400000 -2.234037 0.419721 3.104790
 99.600000 -2.288454 0.300542 1.367943
 99.800000 -2.253803 0.317611 0.609090
 100.000000 -2.252172 0.432857 3.650817
 100.200000 -2.245921 0.470392 7.624701
 100.400000 -2.184293 0.269729 6.728736
 100.600000 -2.283939 0.301934 1.223354
 100.800000 -2.220360 0.427226 4.233939
 101.000000 -2.259031 0.352731 0.055696
 101.200000 -2.115292 0.312999 12.452377
 101.400000 -2.272638 0.351734 0.010442
 101.600000 -2.282498 0.390279 0.941346
 101.800000 -2.213662 0.326894 1.772964
 102.000000 -2.247632 0.405723 1.831783
 102.200000 -2.285013 0.359221 0.180923
 102.400000 -2.191490 0.286133 4.978553
 102.600000 -2.178645 0.363571 4.180743
 102.800000 -2.368576 0.312644 5.628100
 103.000000 -2.140373 0.322584 8.613875
 103.200000 -2.272355 0.350964 0.007674
 103.400000 -2.247062 0.231308 7.172507
 103.600000 -2.242643 0.406576 1.999136
 103.800000 -2.246946 0.358181 0.283151
 104.000000 -2.251808 0.290181 1.880247
 104.200000 -2.254838 0.333037 0.227724
 104.400000 -2.240933 0.347440 0.393177
 104.600000 -2.355393 0.304107 4.748736
 104.800000 -2.180830 0.308293 4.711862
 105.000000 -2.245096 0.307487 1.148375
 105.200000 -2.231337 0.297904 2.015313
 105.400000 -2.233545 0.343687 0.640459
 105.600000 -2.166257 0.381736 5.804301
 105.800000 -2.352814 0.275448 6.228166
 106.000000 -2.193703 0.330211 3.007155
 106.200000 -2.134060 0.413286 11.156850
 106.400000 -2.340652 0.286645 4.520351
 106.600000 -2.300698 0.318432 0.973897
 106.800000 -2.187101 0.346703 3.350648
 107.000000 -2.266116 0.354941 0.021213
 107.200000 -2.344256 0.318598 3.301321
 107.400000 -2.179220 0.355310 4.043241
 107.600000 -2.342093 0.345040 2.684693
 107.800000 -2.294879 0.322626 0.686253
 108.000000 -2.190487 0.405422 4.664489
 108.200000 -2.269202 0.345619 0.005979
 108.400000 -2.384516 0.350148 6.680834
 108.600000 -2.251896 0.440689 4.342451
 108.800000 -2.269133 0.418767 2.429174
 109.000000 -2.327265 0.353272 1.710460
 109.200000 -2.313561 0.416476 3.268129
 109.400000 -2.196389 0.375253 2.973824
 109.600000 -2.246596 0.324466 0.551934
 109.800000 -2.313815 0.358601 1.052891
 110.000000 -2.264977 0.378620 0.444536
 110.200000 -2.332904 0.378309 2.474071
 110.400000 -2.242447 0.424600 3.203308
 110.600000 -2.164416 0.393300 6.439721
 110.800000 -2.334814 0.433247 5.713747
 111.000000 -2.302262 0.355579 0.576773
 111.200000 -2.306023 0.451356 5.919700
 111.400000 -2.209682 0.393336 2.734967
 111.600000 -2.261138 0.363717 0.137668
 111.800000 -2.267002 0.400008 1.299426
 112.000000 -2.282426 0.330134 0.270302
 112.200000 -2.281278 0.406292 1.713659
 112.400000 -2.250165 0.428645 3.342424
 112.600000 -2.234888 0.269090 3.777449
 112.800000 -2.320606 0.449724 6.401314
 113.000000 -2.279352 0.316066 0.598821
 113.200000 -2.293928 0.295435 1.750644
 113.400000 -2.295148 0.437201 4.227600
 113.600000 -2.275766 0.328921 0.226282
 113.800000 -2.318490 0.313799 1.850049
 114.000000 -2.257801 0.323554 0.387340
 114.200000 -2.265098 0.304474 1.001549
 114.400000 -2.297685 0.349479 0.413576
 114.600000 -2.233079 0.347125 0.644477
 114.800000 -2.271089 0.358118 0.043307
 115.000000 -2.300954 0.385234 1.166892
 115.200000 -2.219245 0.342285 1.257181
 115.400000 -2.314736 0.356086 1.073805
 115.600000 -2.299715 0.335389 0.567443
 115.800000 -2.214279 0.420688 4.058142
 116.000000 -2.248392 0.415598 2.424146
 116.200000 -2.305745 0.311460 1.384837
 116.400000 -2.244938 0.446537 5.038051
 116.600000 -2.190451 0.336293 3.160859
 116.800000 -2.321075 0.329246 1.556044
 117.000000 -2.222172 0.341707 1.120159
 117.200000 -2.286460 0.327664 0.382718
 117.400000 -2.310021 0.336188 0.927223
 117.600000 -2.179165 0.282602 6.237410
 117.800000 -2.296998 0.307531 1.256534
 118.000000 -2.223584 0.287343 2.932865
 118.200000 -2.163794 0.312648 6.189675
 118.400000 -2.228918 0.344881 0.809143
 118.600000 -2.321687 0.308263 2.224220
 118.800000 -2.243546 0.374450 0.644309
 119.000000 -2.242646 0.279498 2.765208
 119.200000 -2.215437 0.338179 1.489899
 119.400000 -2.257091 0.312523 0.737731
 119.600000 -2.272529 0.277826 2.544022
 119.800000 -2.272326 0.345544 0.011977
 120.000000 -2.293725 0.225249 7.972692
 120.200000 -2.231284 0.305523 1.656529
 120.400000 -2.186997 0.285962 5.347395
 120.600000 -2.198247 0.379195 2.951800
 120.800000 -2.305839 0.285432 2.705826
 121.000000 -2.265851 0.303644 1.036285
 121.200000 -2.168843 0.301792 6.125883
 121.400000 -2.295079 0.305787 1.278460
 121.600000 -2.340761 0.323365 2.910234
 121.800000 -2.239659 0.360112 0.489341
 122.000000 -2.237210 0.170850 16.383377
 122.200000 -2.274057 0.350057 0.013645
 122.400000 -2.231913 0.323821 1.003716
 122.600000 -2.271945 0.314148 0.614163
 122.800000 -2.169880 0.235311 11.375330
 123.000000 -2.314070 0.303678 2.048908
 123.200000 -2.210639 0.277472 4.261656
 123.400000 -2.270991 0.329486 0.193817
 123.600000 -2.253878 0.315282 0.683923
 123.800000 -2.266305 0.289818 1.758609
 124.000000 -2.187786 0.325881 3.560796
 124.200000 -2.214592 0.343595 1.491175
 124.400000 -2.269097 0.331972 0.146109
 124.600000 -2.273047 0.269125 3.203746
 124.800000 -2.257039 0.310305 0.821860
 125.000000 -2.147969 0.299888 8.524837
 125.200000 -2.227277 0.236728 7.177302
 125.400000 -2.267527 0.371420 0.250843
 125.600000 -2.181373 0.342599 3.853872
 125.800000 -2.178807 0.323192 4.395635
 126.000000 -2.312970 0.347162 0.971643
 126.200000 -2.258724 0.381340 0.572868
 126.400000 -2.207618 0.355768 1.901898
 126.600000 -2.284673 0.320095 0.543615
 126.800000 -2.259304 0.301345 1.184943
 127.000000 -2.272709 0.371269 0.253634
 127.200000 -2.241630 0.308591 1.191680
 127.400000 -2.258774 0.392101 0.977539
 127.600000 -2.267139 0.298301 1.290112
 127.800000 -2.262308 0.322998 0.361680
 128.000000 -2.273875 0.373736 0.316554
 128.200000 -2.247085 0.323521 0.564810
 128.400000 -2.221317 0.362052 1.217741
 128.600000 -2.330443 0.346456 1.895437
 128.800000 -2.324502 0.310318 2.294901
 129.000000 -2.231476 0.375664 1.055074
 129.200000 -2.251791 0.300775 1.312859
 129.400000 -2.299377 0.320933 0.859299
 129.600000 -2.252870 0.331584 0.281732
 129.800000 -2.281827 0.369457 0.291087
 130.000000 -2.263559 0.391752 0.925479
 130.200000 -2.242954 0.479226 8.808201
 130.400000 -2.319434 0.290707 2.978307
 130.600000 -2.354293 0.335747 3.732259
 130.800000 -2.178551 0.377563 4.490031
 131.000000 -2.168537 0.408292 6.793058
 131.200000 -2.333555 0.337926 2.150387
 131.400000 -2.351093 0.432264 6.836489
 131.600000 -2.277795 0.372154 0.305838
 131.800000 -2.267196 0.352528 0.007492
 132.000000 -2.196937 0.370108 2.812770
 132.200000 -2.306298 0.402204 2.110086
 132.400000 -2.265064 0.344940 0.015975
 132.600000 -2.303625 0.301452 1.735469
 132.800000 -2.295381 0.340794 0.384084
 133.000000 -2.227357 0.456731 6.659943
 133.200000 -2.261755 0.312880 0.680428
 133.400000 -2.269443 0.307720 0.854873
 133.600000 -2.210954 0.354589 1.695718
 133.800000 -2.287125 0.369496 0.374271
 134.000000 -2.281186 0.358169 0.116561
 134.200000 -2.235669 0.384818 1.192174
 134.400000 -2.270924 0.285814 2.002401
 134.600000 -2.338483 0.433935 6.020332
 134.800000 -2.231520 0.307880 1.547801
 135.000000 -2.286420 0.342983 0.171482
 135.200000 -2.301839 0.344575 0.551662
 135.400000 -2.325803 0.440277 5.777094
 135.600000 -2.207657 0.340991 1.909655
 135.800000 -2.301390 0.394851 1.575052
 136.000000 -2.270978 0.389938 0.837381
 136.200000 -2.349188 0.400690 4.553361
 136.400000 -2.245958 0.371919 0.524949
 136.600000 -2.245548 0.396178 1.383104
 136.800000 -2.276256 0.352152 0.031616
 137.000000 -2.292447 0.336052 0.361269
 137.200000 -2.265252 0.383661 0.605173
 137.400000 -2.166462 0.342893 5.268661
 137.600000 -2.222589 0.371930 1.335044
 137.800000 -2.352934 0.380219 4.013715
 138.000000 -2.300681 0.353251 0.512890
 138.200000 -2.238831 0.394518 1.485874
 138.400000 -2.226291 0.390359 1.761525
 138.600000 -2.329783 0.341893 1.877373
 138.800000 -2.317399 0.389865 2.007029
 139.000000 -2.197601 0.341883 2.569544
 139.200000 -2.331412 0.367821 2.128023
 139.400000 -2.245000 0.301014 1.440763
 139.600000 -2.263678 0.362116 0.098936
 139.800000 -2.328748 0.324877 2.081776
 140.000000 -2.250360 0.296560 1.550810
 140.200000 -2.279627 0.361288 0.131923
 140.400000 -2.236318 0.266195 3.965538
 140.600000 -2.287965 0.370150 0.403465
 140.800000 -2.210335 0.312376 2.389649
 141.000000 -2.298605 0.323739 0.761065
 141.200000 -2.273400 0.387512 0.749067
 141.400000 -2.220442 0.311083 1.896810
 141.600000 -2.310798 0.267184 4.228844
 141.800000 -2.221635 0.283424 3.272740
 142.000000 -2.224987 0.450968 6.157442
 142.200000 -2.260994 0.302475 1.116835
 142.400000 -2.268043 0.276991 2.597787
 142.600000 -2.186994 0.287417 5.256906
 142.800000 -2.228839 0.324100 1.115207
 143.000000 -2.317939 0.332143 1.344247
 143.200000 -2.253561 0.269966 3.246492
 143.400000 -2.240106 0.300294 1.604733
 143.600000 -2.213776 0.279326 3.952676
 143.800000 -2.277090 0.338013 0.094386
 144.000000 -2.344569 0.308236 3.694323
 144.200000 -2.260390 0.360897 0.106438
 144.400000 -2.179951 0.416692 6.245158
 144.600000 -2.324323 0.409315 3.349282
 144.800000 -2.362887 0.312880 5.068809
 145.000000 -2.258796 0.280781 2.382757
 145.200000 -2.227024 0.381435 1.401875
 145.400000 -2.255420 0.401850 1.484296
 145.600000 -2.335555 0.322354 2.576331
 145.800000 -2.277857 0.331819 0.188593
 146.000000 -2.262511 0.429787 3.278567
 146.200000 -2.171655 0.331423 4.886682
 146.400000 -2.284996 0.287337 2.034316
 146.600000 -2.253221 0.367153 0.286928
 146.800000 -2.231716 0.356426 0.719444
 147.000000 -2.281770 0.404491 1.618428
 147.200000 -2.229689 0.316171 1.310906
 147.400000 -2.260321 0.376033 0.400663
 147.600000 -2.277833 0.306710 0.936665
 147.800000 -2.229899 0.385425 1.422622
 148.000000 -2.151748 0.367066 7.027576
 148.200000 -2.275357 0.248731 5.054206
 148.400000 -2.307285 0.395257 1.802425
 148.600000 -2.172545 0.363838 4.753921
 148.800000 -2.144200 0.366067 7.923047
 149.000000 -2.303646 0.272266 3.551824
 149.200000 -2.319142 0.315439 1.826119
 149.400000 -2.247400 0.391273 1.122463
 149.600000 -2.234749 0.403957 2.090661
 149.800000 -2.290844 0.410257 2.112313
 150.000000 -2.299947 0.410720 2.381709
 150.200000 -2.317496 0.383151 1.760331
 150.400000 -2.253186 0.366851 0.282072
 150.600000 -2.212633 0.415369 3.782593
 150.800000 -2.342034 0.342431 2.694226
 151.000000 -2.302150 0.361958 0.634953
 151.200000 -2.307610 0.339016 0.798650
 151.400000 -2.179208 0.428976 7.217663
 151.600000 -2.244200 0.385788 0.979976
 151.800000 -2.328553 0.349708 1.777798
 152.000000 -2.257230 0.349463 0.068506
 152.200000 -2.159920 0.409600 7.773517
 152.400000 -2.266601 0.413576 2.083494
 152.600000 -2.313442 0.401018 2.340291
 152.800000 -2.348523 0.361824 3.249053
 153.000000 -2.243124 0.332232 0.474605
 153.200000 -2.186633 0.390651 4.250854
 153.400000 -2.298981 0.368085 0.632453
 153.600000 -2.333875 0.366291 2.257414
 153.800000 -2.264792 0.377287 0.406785
 154.000000 -2.284893 0.339226 0.175854
 154.200000 -2.313000 0.366212 1.118151
 154.400000 -2.214434 0.375817 1.842591
 154.600000 -2.366903 0.377844 5.213633
 154.800000 -2.155584 0.345124 6.431161
 155.000000 -2.238674 0.381851 0.995074
 155.200000 -2.337158 0.305898 3.259385
 155.400000 -2.202214 0.282602 4.434117
 155.600000 -2.314087 0.343519 1.035047
 155.800000 -2.272535 0.294018 1.521618
 156.000000 -2.163434 0.364399 5.682085
 156.200000 -2.287984 0.343286 0.198277
 156.400000 -2.277384 0.289736 1.795779
 156.600000 -2.191596 0.363617 3.095973
 156.800000 -2.235535 0.322372 0.913826
 157.000000 -2.305846 0.323898 0.998173
 157.200000 -2.228607 0.273536 3.665261
 157.400000 -2.259712 0.286130 2.022920
 157.600000 -2.227406 0.297259 2.203997
 157.800000 -2.226457 0.308710 1.716218
 158.000000 -2.313215 0.355568 1.001814
 158.200000 -2.200714 0.225243 9.992632
 158.400000 -2.215802 0.248158 6.502388
 158.600000 -2.222794 0.353805 1.075384
 158.800000 -2.257303 0.303243 1.117429
 159.000000 -2.249789 0.303314 1.229763
 159.200000 -2.239741 0.327777 0.652549
 159.400000 -2.230093 0.325619 1.028982
 159.600000 -2.178267 0.300851 5.272041
 159.800000 -2.304729 0.255598 5.008941
 160.000000 -2.272481 0.321656 0.381950
 160.200000 -2.154245 0.352167 6.580898
 160.400000 -2.233461 0.355002 0.646593
 160.600000 -2.318060 0.312881 1.861645
 160.800000 -2.260735 0.353658 0.044104
 161.000000 -2.266043 0.380640 0.502640
 161.200000 -2.284762 0.347386 0.126771
 161.400000 -2.219622 0.338648 1.269831
 161.600000 -2.222769 0.281127 3.373185
 161.800000 -2.316699 0.411775 3.107287
 162.000000 -2.294806 0.399049 1.584018
 162.200000 -2.224879 0.339061 1.020194
 162.400000 -2.322525 0.326227 1.697124
 162.600000 -2.256376 0.397408 1.247239
 162.800000 -2.213213 0.415057 3.729526
 163.000000 -2.331307 0.322688 2.293438
 163.200000 -2.262460 0.339446 0.067190
 163.400000 -2.245534 0.457971 6.203831
 163.600000 -2.247026 0.376587 0.618551
 163.800000 -2.261658 0.479565 8.541443
 164.000000 -2.255997 0.347085 0.085574
 164.200000 -2.296241 0.358937 0.421726
 164.400000 -2.275225 0.406682 1.679624
 164.600000 -2.235562 0.422074 3.221744
 164.800000 -2.278825 0.426741 3.065655
 165.000000 -2.328678 0.344285 1.796440
 165.200000 -2.303005 0.305455 1.531582
 165.400000 -2.252317 0.363440 0.241264
 165.600000 -2.315690 0.386541 1.795513
 165.800000 -2.255914 0.398044 1.284104
 166.000000 -2.275676 0.365337 0.155136
 166.200000 -2.301842 0.423778 3.332612
 166.400000 -2.311558 0.406436 2.554305
 166.600000 -2.260455 0.387769 0.784866
 166.800000 -2.237788 0.390575 1.346347
 167.000000 -2.269314 0.380105 0.481791
 167.200000 -2.285879 0.405573 1.740184
 167.400000 -2.177484 0.486888 13.678574
 167.600000 -2.309454 0.400106 2.123686
 167.800000 -2.344659 0.370526 3.097828
 168.000000 -2.211490 0.377401 2.051021
 168.200000 -2.201190 0.337009 2.366931
 168.400000 -2.276839 0.378248 0.457097
 168.600000 -2.296778 0.374672 0.715653
 168.800000 -2.277893 0.374677 0.368142
 169.000000 -2.249290 0.346434 0.196282
 169.200000 -2.219107 0.432649 4.734183
 169.400000 -2.322340 0.322762 1.772366
 169.600000 -2.350420 0.325690 3.593702
 169.800000 -2.115502 0.418586 14.186290
 170.000000 -2.285870 0.445886 4.830556
 170.200000 -2.342864 0.369530 2.942667
 170.400000 -2.280944 0.359798 0.129780
 170.600000 -2.204306 0.450682 7.250905
 170.800000 -2.209477 0.390423 2.622432
 171.000000 -2.364915 0.500736 16.108592
 171.200000 -2.300583 0.254971 4.927968
 171.400000 -2.284509 0.397339 1.286519
 171.600000 -2.266956 0.427261 3.059202
 171.800000 -2.337785 0.371081 2.612987
 172.000000 -2.302396 0.320819 0.959010
 172.200000 -2.268312 0.368328 0.185706
 172.400000 -2.237104 0.403112 1.966886
 172.600000 -2.357965 0.349921 3.964126
 172.800000 -2.234395 0.377488 1.000150
 173.000000 -2.315725 0.354023 1.107275
 173.200000 -2.352997 0.396923 4.678936
 173.400000 -2.230291 0.472206 8.328199
 173.600000 -2.282782 0.368756 0.289825
 173.800000 -2.287780 0.326446 0.433514
 174.000000 -2.267038 0.425953 2.957641
 174.200000 -2.242312 0.430145 3.641119
 174.400000 -2.304424 0.399037 1.878520
 174.600000 -2.285513 0.422089 2.803711
 174.800000 -2.373198 0.374055 5.748290
 175.000000 -2.284001 0.366957 0.273636
 175.200000 -2.210889 0.394890 2.734216
 175.400000 -2.285716 0.398795 1.377416
 175.600000 -2.428149 0.337960 12.737296
 175.800000 -2.312914 0.409282 2.780355
 176.000000 -2.139439 0.424376 11.219574
 176.200000 -2.303478 0.331198 0.756485
 176.400000 -2.359722 0.353418 4.131282
 176.600000 -2.230439 0.435170 4.447653
 176.800000 -2.274119 0.411595 1.968395
 177.000000 -2.320494 0.269941 4.459899
 177.200000 -2.216156 0.337779 1.456127
 177.400000 -2.285507 0.382439 0.694329
 177.600000 -2.327992 0.364810 1.868206
 177.800000 -2.232244 0.324782 0.967721
 178.000000 -2.272304 0.403742 1.500462
 178.200000 -2.295678 0.350811 0.359295
 178.400000 -2.281835 0.286885 2.016518
 178.600000 -2.237980 0.383673 1.077723
 178.800000 -2.289160 0.404334 1.731948
 179.000000 -2.234743 0.359062 0.634288
 179.200000 -2.258192 0.269331 3.236472
 179.400000 -2.312190 0.401369 2.303599
 179.600000 -2.275315 0.383154 0.601387
 179.800000 -2.168834 0.372874 5.292857
 180.000000 -2.223336 0.336188 1.122240
 180.200000 -2.277311 0.341366 0.064783
 180.400000 -2.226065 0.429988 4.192797
 180.600000 -2.238913 0.318089 0.930217
 180.800000 -2.254865 0.307827 0.949187
 181.000000 -2.229843 0.307367 1.633213
 181.200000 -2.230577 0.304905 1.710485
 181.400000 -2.240566 0.336974 0.475310
 181.600000 -2.257288 0.368782 0.262116
 181.800000 -2.328386 0.375229 2.109900
 182.000000 -2.268189 0.237324 6.243410
 182.200000 -2.224599 0.415487 3.188438
 182.400000 -2.270857 0.360775 0.070412
 182.600000 -2.306190 0.239757 6.668401
 182.800000 -2.311731 0.376684 1.297433
 183.000000 -2.315950 0.322487 1.458759
 183.200000 -2.249918 0.381989 0.722651
 183.400000 -2.242198 0.431195 3.729859
 183.600000 -2.327173 0.273602 4.543588
 183.800000 -2.194750 0.299738 3.967824
 184.000000 -2.205586 0.393628 2.999027
 184.200000 -2.300109 0.277784 3.026688
 184.400000 -2.271646 0.352858 0.010883
 184.600000 -2.270603 0.336356 0.082174
 184.800000 -2.204298 0.379963 2.565830
 185.000000 -2.208496 0.315647 2.384422
 185.200000 -2.242272 0.383747 0.956647
 185.400000 -2.342148 0.379911 3.156259
 185.600000 -2.269400 0.417672 2.353546
 185.800000 -2.155906 0.355269 6.406239
 186.000000 -2.255995 0.363842 0.192796
 186.200000 -2.300257 0.402831 1.936091
 186.400000 -2.226996 0.359859 0.937386
 186.600000 -2.246941 0.293028 1.811822
 186.800000 -2.272076 0.337742 0.069072
 187.000000 -2.190486 0.395484 4.153874
 187.200000 -2.352754 0.330743 3.681277
 187.400000 -2.251373 0.336375 0.234605
 187.600000 -2.222723 0.371184 1.312040
 187.800000 -2.260415 0.217631 8.673815
 188.000000 -2.274139 0.316335 0.549247
 188.200000 -2.255880 0.399225 1.343096
 188.400000 -2.230859 0.361475 0.801619
 188.600000 -2.233537 0.258608 4.717601
 188.800000 -2.292544 0.355078 0.296922
 189.000000 -2.184344 0.376659 3.957897
 189.200000 -2.250743 0.301573 1.293124
 189.400000 -2.236076 0.313472 1.173093
 189.600000 -2.200609 0.374358 2.653582
 189.800000 -2.241511 0.338348 0.433278
 190.000000 -2.232956 0.319471 1.084922
 190.200000 -2.263080 0.385423 0.678027
 190.400000 -2.253423 0.312774 0.778760
 190.600000 -2.273300 0.337566 0.075678
 190.800000 -2.238873 0.350795 0.453142
 191.000000 -2.285240 0.324782 0.427895
 191.200000 -2.307654 0.383997 1.359951
 191.400000 -2.244271 0.383439 0.894734
 191.600000 -2.232778 0.318842 1.110157
 191.800000 -2.264350 0.352258 0.015574
 192.000000 -2.305919 0.344645 0.693940
 192.200000 -2.243694 0.318173 0.795580
 192.400000 -2.242972 0.393397 1.319477
 192.600000 -2.219742 0.300146 2.406250
 192.800000 -2.322877 0.354114 1.468010
 193.000000 -2.251989 0.344105 0.155766
 193.200000 -2.215836 0.441925 5.720827
 193.400000 -2.257785 0.299741 1.278545
 193.600000 -2.305149 0.363595 0.761527
 193.800000 -2.194879 0.429381 5.966907
 194.000000 -2.247407 0.414272 2.357516
 194.200000 -2.285729 0.319819 0.568819
 194.400000 -2.250011 0.400023 1.477260
 194.600000 -2.267902 0.392268 0.933719
 194.800000 -2.243673 0.314520 0.915611
 195.000000 -2.251705 0.347209 0.150038
 195.200000 -2.264081 0.369700 0.224637
 195.400000 -2.220984 0.300770 2.315556
 195.600000 -2.311123 0.379619 1.356942
 195.800000 -2.302925 0.417028 2.887308
 196.000000 -2.230133 0.387513 1.491620
 196.200000 -2.275035 0.325840 0.288366
 196.400000 -2.383082 0.400361 7.831153
 196.600000 -2.216171 0.355571 1.412783
 196.800000 -2.226877 0.407477 2.590094
 197.000000 -2.335080 0.443340 6.631923
 197.200000 -2.285330 0.366427 0.285221
 197.400000 -2.267184 0.410882 1.912116
 197.600000 -2.272640 0.410792 1.911961
 197.800000 -2.239598 0.424515 3.276435
 198.000000 -2.289091 0.391127 1.087855
 198.200000 -2.274762 0.402916 1.466938
 198.400000 -2.221933 0.428239 4.238474
 198.600000 -2.297249 0.387958 1.157340
 198.800000 -2.306302 0.314330 1.301698
 199.000000 -2.210170 0.392801 2.682664
 199.200000 -2.287291 0.214073 9.280097
 199.400000 -2.316054 0.420108 3.633942
 199.600000 -2.144074 0.341403 7.823679
 199.800000 -2.278729 0.275887 2.725575
 200.000000 -2.361754 0.297800 5.622443
