#! FIELDS time phi psi restraint.bias
#! SET min_phi -pi
#! SET max_phi pi
#! SET min_psi -pi
#! SET max_psi pi
 0.000000 -0.773411 2.859678 414.460016
 0.200000 -0.552351 -2.681024 22.648739
 0.400000 -0.406265 -2.535836 5.010808
 0.600000 -0.313938 -2.629345 0.681395
 0.800000 -0.318331 -2.555227 2.442159
 1.000000 -0.362928 -2.454283 13.496663
 1.200000 -0.354691 -2.630511 0.094153
 1.400000 -0.487088 -2.689677 12.094332
 1.600000 -0.326760 -2.546937 2.773328
 1.800000 -0.303689 -2.600360 1.185027
 2.000000 -0.275586 -2.594093 2.985245
 2.200000 -0.401885 -2.674284 2.979239
 2.400000 -0.374163 -2.609820 0.348336
 2.600000 -0.346316 -2.643383 0.326095
 2.800000 -0.427382 -2.617151 3.067103
 3.000000 -0.325554 -2.606086 0.347299
 3.200000 -0.424151 -2.623531 2.834209
 3.400000 -0.498635 -2.739079 18.516246
 3.600000 -0.442865 -2.680811 6.372077
 3.800000 -0.396328 -2.590081 1.506396
 4.000000 -0.413887 -2.630373 2.177484
 4.200000 -0.334194 -2.513541 5.565768
 4.400000 -0.320846 -2.523515 4.861355
 4.600000 -0.433256 -2.659137 4.390355
 4.800000 -0.403594 -2.785627 15.537000
 5.000000 -0.346290 -2.578800 0.771919
 5.200000 -0.409621 -2.665635 2.968283
 5.400000 -0.390768 -2.662039 1.839540
 5.600000 -0.339802 -2.564594 1.468681
 5.800000 -0.439293 -2.614334 4.077176
 6.000000 -0.493372 -2.700481 13.814247
 6.200000 -0.350235 -2.583395 0.599209
 6.400000 -0.295299 -2.606866 1.507346
 6.600000 -0.439376 -2.668812 5.369148
 6.800000 -0.371420 -2.573614 1.234611
 7.000000 -0.410248 -2.628840 1.930432
 7.200000 -0.335582 -2.688245 2.558531
 7.400000 -0.212487 -2.587307 9.797783
 7.600000 -0.251296 -2.574995 5.703960
 7.800000 -0.510876 -2.678374 14.914174
 8.000000 -0.485697 -2.586607 9.826597
 8.200000 -0.327496 -2.572360 1.273838
 8.400000 -0.262972 -2.715392 8.449360
 8.600000 -0.317555 -2.603438 0.602386
 8.800000 -0.344217 -2.537392 3.260064
 9.000000 -0.503635 -2.713792 16.534513
 9.200000 -0.411854 -2.650118 2.487136
 9.400000 -0.332118 -2.606209 0.213068
 9.600000 -0.209134 -2.568910 10.995079
 9.800000 -0.276212 -2.591255 3.011304
 10.000000 -0.320500 -2.587132 0.884213
 10.200000 -0.492521 -2.545758 12.898762
 10.400000 -0.423768 -2.683484 4.934685
 10.600000 -0.224007 -2.538725 10.961709
 10.800000 -0.303693 -2.599644 1.197715
 11.000000 -0.386891 -2.611968 0.733540
 11.200000 -0.487529 -2.773747 21.715533
 11.400000 -0.422850 -2.535255 6.144912
 11.600000 -0.310620 -2.643841 1.073106
 11.800000 -0.311485 -2.623511 0.721366
 12.000000 -0.299659 -2.529092 5.172277
 12.200000 -0.312584 -2.601088 0.808380
 12.400000 -0.399253 -2.664263 2.329757
 12.600000 -0.321085 -2.557771 2.204855
 12.800000 -0.297592 -2.482930 10.445909
 13.000000 -0.344667 -2.595515 0.262314
 13.200000 -0.405598 -2.771485 13.377780
 13.400000 -0.367900 -2.600186 0.335919
 13.600000 -0.392787 -2.544875 3.628986
 13.800000 -0.364718 -2.625765 0.152690
 14.000000 -0.333269 -2.628301 0.177884
 14.200000 -0.456553 -2.632164 5.877147
 14.400000 -0.458837 -2.712887 10.527217
 14.600000 -0.454365 -2.657588 6.327795
 14.800000 -0.325119 -2.485641 9.045349
 15.000000 -0.341458 -2.610329 0.058316
 15.200000 -0.483601 -2.628972 9.110139
 15.400000 -0.419254 -2.536937 5.748305
 15.600000 -0.436040 -2.578949 4.544453
 15.800000 -0.331783 -2.645557 0.529212
 16.000000 -0.413769 -2.552633 4.229283
 16.200000 -0.507399 -2.740942 20.092696
 16.400000 -0.475341 -2.783910 21.736722
 16.600000 -0.332141 -2.648593 0.611379
 16.800000 -0.266212 -2.670028 4.786194
 17.000000 -0.204293 -2.639732 10.715802
 17.200000 -0.343488 -2.562762 1.540830
 17.400000 -0.393720 -2.608711 1.040093
 17.600000 -0.375145 -2.701560 3.831737
 17.800000 -0.238382 -2.521711 10.760706
 18.000000 -0.314905 -2.547343 3.079222
 18.200000 -0.448761 -2.617131 4.969958
 18.400000 -0.402816 -2.738410 8.694534
 18.600000 -0.413404 -2.584606 2.627049
 18.800000 -0.299572 -2.527428 5.325862
 19.000000 -0.252224 -2.619032 4.689689
 19.200000 -0.415042 -2.601993 2.304440
 19.400000 -0.354343 -2.598898 0.196251
 19.600000 -0.420894 -2.701204 6.041610
 19.800000 -0.316499 -2.638457 0.739665
 20.000000 -0.357197 -2.541533 2.956168
 20.200000 -0.410669 -2.536207 5.241993
 20.400000 -0.445666 -2.682442 6.742545
 20.600000 -0.364445 -2.543483 2.894202
 20.800000 -0.357143 -2.522934 4.550771
 21.000000 -0.335536 -2.599160 0.268894
 21.200000 -0.353138 -2.626357 0.043266
 21.400000 -0.422844 -2.567557 3.993576
 21.600000 -0.474613 -2.654135 8.534158
 21.800000 -0.467120 -2.680324 8.910909
 22.000000 -0.351332 -2.525445 4.285195
 22.200000 -0.299823 -2.620761 1.216252
 22.400000 -0.317503 -2.682046 2.549470
 22.600000 -0.375862 -2.559441 2.073220
 22.800000 -0.409996 -2.554203 3.890840
 23.000000 -0.389898 -2.687789 3.269337
 23.200000 -0.447161 -2.600160 4.970369
 23.400000 -0.298879 -2.632211 1.360408
 23.600000 -0.364483 -2.656420 0.857119
 23.800000 -0.476616 -2.761750 18.467303
 24.000000 -0.372026 -2.626921 0.303429
 24.200000 -0.292152 -2.550654 3.886897
 24.400000 -0.397186 -2.665005 2.262835
 24.600000 -0.444219 -2.597982 4.727317
 24.800000 -0.378012 -2.657258 1.189800
 25.000000 -0.452292 -2.636374 5.496771
 25.200000 -0.333619 -2.651558 0.682592
 25.400000 -0.376801 -2.658751 1.215180
 25.600000 -0.456656 -2.651634 6.353656
 25.800000 -0.426273 -2.748200 11.457215
 26.000000 -0.315566 -2.602561 0.680213
 26.200000 -0.392844 -2.615045 0.962592
 26.400000 -0.476051 -2.687103 10.450634
 26.600000 -0.482295 -2.604673 8.963676
 26.800000 -0.372149 -2.513934 5.680628
 27.000000 -0.345100 -2.674437 1.600750
 27.200000 -0.406993 -2.586449 2.175355
 27.400000 -0.537651 -2.563135 19.286865
 27.600000 -0.421999 -2.617390 2.659841
 27.800000 -0.446788 -2.588694 5.204050
 28.000000 -0.326366 -2.584827 0.807662
 28.200000 -0.475573 -2.605282 8.082827
 28.400000 -0.506549 -2.622811 12.412033
 28.600000 -0.432353 -2.677813 5.257560
 28.800000 -0.439747 -2.566550 5.434705
 29.000000 -0.492026 -2.699901 13.573107
 29.200000 -0.498390 -2.688752 13.652143
 29.400000 -0.443206 -2.584201 5.002182
 29.600000 -0.356732 -2.679224 1.903933
 29.800000 -0.353343 -2.695268 2.994792
 30.000000 -0.379198 -2.556704 2.332174
 30.200000 -0.437709 -2.699557 7.255065
 30.400000 -0.397962 -2.641621 1.474549
 30.600000 -0.352271 -2.490298 8.158221
 30.800000 -0.336447 -2.606734 0.143007
 31.000000 -0.449161 -2.697978 8.208203
 31.200000 -0.478442 -2.507959 14.423008
 31.400000 -0.455936 -2.571327 6.799468
 31.600000 -0.260585 -2.646059 4.308247
 31.800000 -0.290089 -2.622423 1.748932
 32.000000 -0.379308 -2.584150 1.030002
 32.200000 -0.460002 -2.660844 7.071516
 32.400000 -0.544813 -2.662866 20.165305
 32.600000 -0.381081 -2.558119 2.304972
 32.800000 -0.263483 -2.532567 7.311127
 33.000000 -0.303754 -2.593877 1.317421
 33.200000 -0.393256 -2.668233 2.238382
 33.400000 -0.407651 -2.642751 2.022551
 33.600000 -0.433297 -2.558905 5.293134
 33.800000 -0.301685 -2.571249 2.215018
 34.000000 -0.370991 -2.586350 0.741044
 34.200000 -0.335562 -2.562032 1.657055
 34.400000 -0.447394 -2.628289 4.887217
 34.600000 -0.403169 -2.667038 2.666249
 34.800000 -0.457670 -2.728497 12.002826
 35.000000 -0.324273 -2.565149 1.703605
 35.200000 -0.307149 -2.556918 2.743638
 35.400000 -0.324419 -2.604491 0.394900
 35.600000 -0.371724 -2.574507 1.202234
 35.800000 -0.462347 -2.594132 6.701002
 36.000000 -0.408754 -2.678412 3.606516
 36.200000 -0.338803 -2.616306 0.054089
 36.400000 -0.322318 -2.594296 0.638530
 36.600000 -0.351191 -2.562630 1.534811
 36.800000 -0.454785 -2.573817 6.564099
 37.000000 -0.414712 -2.682886 4.260213
 37.200000 -0.330681 -2.657590 0.952935
 37.400000 -0.251377 -2.579338 5.518647
 37.600000 -0.260063 -2.599525 4.131283
 37.800000 -0.356440 -2.601008 0.171445
 38.000000 -0.368673 -2.617105 0.192614
 38.200000 -0.488671 -2.572629 10.773798
 38.400000 -0.432442 -2.652004 4.054166
 38.600000 -0.325502 -2.588288 0.718825
 38.800000 -0.340713 -2.539220 3.137553
 39.000000 -0.469826 -2.629252 7.354865
 39.200000 -0.463235 -2.609681 6.551885
 39.400000 -0.475407 -2.525209 12.285599
 39.600000 -0.205284 -2.568475 11.562646
 39.800000 -0.337090 -2.681384 2.080886
 40.000000 -0.415189 -2.617498 2.186269
 40.200000 -0.520665 -2.654266 15.381032
 40.400000 -0.500002 -2.642326 11.686947
 40.600000 -0.366098 -2.621276 0.150433
 40.800000 -0.312693 -2.530882 4.455731
 41.000000 -0.326457 -2.539979 3.298767
 41.200000 -0.480622 -2.592387 8.981376
 41.400000 -0.439537 -2.671458 5.521705
 41.600000 -0.416857 -2.604784 2.385103
 41.800000 -0.323152 -2.518828 5.252649
 42.000000 -0.281235 -2.613607 2.310161
 42.200000 -0.260474 -2.535414 7.333934
 42.400000 -0.391780 -2.627479 0.957225
 42.600000 -0.482793 -2.704065 12.645697
 42.800000 -0.372693 -2.636017 0.441542
 43.000000 -0.239280 -2.596931 6.248242
 43.200000 -0.335869 -2.588589 0.519395
 43.400000 -0.356915 -2.619511 0.031953
 43.600000 -0.408361 -2.525579 6.028176
 43.800000 -0.328612 -2.492197 8.121639
 44.000000 -0.278676 -2.601785 2.608718
 44.200000 -0.371323 -2.531131 4.020228
 44.400000 -0.370883 -2.518270 5.210364
 44.600000 -0.471532 -2.632791 7.608430
 44.800000 -0.448468 -2.516218 10.119526
 45.000000 -0.342435 -2.594419 0.299881
 45.200000 -0.318181 -2.562122 2.037755
 45.400000 -0.316513 -2.651260 1.083159
 45.600000 -0.361576 -2.609462 0.114647
 45.800000 -0.374977 -2.614655 0.341263
 46.000000 -0.249986 -2.570711 6.026269
 46.200000 -0.231550 -2.581412 7.574082
 46.400000 -0.282196 -2.607569 2.290148
 46.600000 -0.508382 -2.619348 12.691732
 46.800000 -0.462160 -2.675428 8.044457
 47.000000 -0.404265 -2.527303 5.635842
 47.200000 -0.357177 -2.635783 0.191121
 47.400000 -0.357916 -2.601620 0.173207
 47.600000 -0.404750 -2.723703 7.137603
 47.800000 -0.453745 -2.695772 8.503612
 48.000000 -0.306143 -2.624650 0.943325
 48.200000 -0.262154 -2.627473 3.821719
 48.400000 -0.381697 -2.577850 1.338155
 48.600000 -0.452561 -2.680379 7.301580
 48.800000 -0.481208 -2.671931 10.185403
 49.000000 -0.397050 -2.687389 3.559081
 49.200000 -0.309108 -2.526580 4.976547
 49.400000 -0.408929 -2.542427 4.647018
 49.600000 -0.455669 -2.601099 5.824849
 49.800000 -0.464039 -2.649887 7.117974
 50.000000 -0.407954 -2.616968 1.734404
 50.200000 -0.282550 -2.660036 3.095953
 50.400000 -0.317170 -2.647320 0.938671
 50.600000 -0.339764 -2.578910 0.807042
 50.800000 -0.451107 -2.566010 6.557367
 51.000000 -0.459556 -2.664755 7.197384
 51.200000 -0.534739 -2.658260 18.047935
 51.400000 -0.272100 -2.574651 3.901186
 51.600000 -0.223477 -2.634156 8.016853
 51.800000 -0.337015 -2.584700 0.626850
 52.000000 -0.383500 -2.557966 2.394526
 52.200000 -0.417581 -2.631099 2.433050
 52.400000 -0.247861 -2.527471 9.218334
 52.600000 -0.166226 -2.600260 16.872434
 52.800000 -0.280380 -2.633396 2.477478
 53.000000 -0.390282 -2.629031 0.910305
 53.200000 -0.512494 -2.690705 15.997839
 53.400000 -0.285024 -2.603901 2.149962
 53.600000 -0.317963 -2.668801 1.774372
 53.800000 -0.311724 -2.588987 1.117886
 54.000000 -0.332716 -2.597362 0.346492
 54.200000 -0.493516 -2.668266 11.696523
 54.400000 -0.424943 -2.671532 4.311815
 54.600000 -0.282015 -2.567053 3.545408
 54.800000 -0.348036 -2.573216 1.003048
 55.000000 -0.358050 -2.643052 0.354312
 55.200000 -0.421328 -2.517916 7.618712
 55.400000 -0.481741 -2.559198 10.529791
 55.600000 -0.376418 -2.706287 4.271933
 55.800000 -0.267230 -2.615034 3.352934
 56.000000 -0.459167 -2.527374 10.167072
 56.200000 -0.479551 -2.627790 8.561202
 56.400000 -0.418125 -2.713720 6.966350
 56.600000 -0.354609 -2.544011 2.752107
 56.800000 -0.359912 -2.669406 1.380396
 57.000000 -0.368065 -2.619546 0.181692
 57.200000 -0.430912 -2.553059 5.457662
 57.400000 -0.432031 -2.663230 4.464718
 57.600000 -0.347990 -2.677052 1.744521
 57.800000 -0.290244 -2.653877 2.373798
 58.000000 -0.377698 -2.570266 1.548862
 58.200000 -0.415653 -2.598303 2.410766
 58.400000 -0.408723 -2.588912 2.202398
 58.600000 -0.433332 -2.674334 5.137508
 58.800000 -0.367935 -2.576403 1.042928
 59.000000 -0.375503 -2.665324 1.469547
 59.200000 -0.398254 -2.621430 1.215652
 59.400000 -0.350383 -2.647655 0.440748
 59.600000 -0.476067 -2.631198 8.151804
 59.800000 -0.448361 -2.594082 5.215680
 60.000000 -0.259102 -2.668030 5.298559
 60.200000 -0.271631 -2.664520 4.080432
 60.400000 -0.479754 -2.728008 14.591264
 60.600000 -0.437270 -2.583423 4.487528
 60.800000 -0.378028 -2.661301 1.357178
 61.000000 -0.297490 -2.635151 1.477239
 61.200000 -0.320103 -2.655043 1.105760
 61.400000 -0.449492 -2.592790 5.360354
 61.600000 -0.437488 -2.589263 4.321990
 61.800000 -0.349302 -2.565994 1.352009
 62.000000 -0.323255 -2.534842 3.790189
 62.200000 -0.335467 -2.576801 0.940882
 62.400000 -0.393019 -2.627128 1.007650
 62.600000 -0.481127 -2.646188 9.117548
 62.800000 -0.416391 -2.649548 2.764183
 63.000000 -0.266486 -2.649821 3.916249
 63.200000 -0.417648 -2.628012 2.401908
 63.400000 -0.401661 -2.685900 3.688752
 63.600000 -0.363959 -2.696515 3.193707
 63.800000 -0.338188 -2.776796 12.668157
 64.000000 -0.340559 -2.719095 5.146875
 64.200000 -0.322614 -2.597279 0.564399
 64.400000 -0.399823 -2.638169 1.491660
 64.600000 -0.448308 -2.638184 5.128340
 64.800000 -0.387966 -2.604211 0.851616
 65.000000 -0.378041 -2.549179 2.787511
 65.200000 -0.414929 -2.578284 2.957448
 65.400000 -0.380248 -2.697131 3.617521
 65.600000 -0.489144 -2.662367 10.795423
 65.800000 -0.378235 -2.589975 0.817969
 66.000000 -0.383149 -2.706277 4.477774
 66.200000 -0.441633 -2.672288 5.758282
 66.400000 -0.397514 -2.646160 1.570263
 66.600000 -0.355984 -2.658362 0.838718
 66.800000 -0.467842 -2.633267 7.170496
 67.000000 -0.465925 -2.643592 7.155621
 67.200000 -0.409450 -2.601322 1.962124
 67.400000 -0.270513 -2.665479 4.212696
 67.600000 -0.405479 -2.643068 1.905594
 67.800000 -0.460428 -2.685118 8.453579
 68.000000 -0.403451 -2.662478 2.468302
 68.200000 -0.410781 -2.698022 5.106668
 68.400000 -0.435748 -2.643021 4.070124
 68.600000 -0.315403 -2.604759 0.654167
 68.800000 -0.506978 -2.605817 12.542270
 69.000000 -0.345938 -2.674389 1.595120
 69.200000 -0.403056 -2.593928 1.747070
 69.400000 -0.446354 -2.606557 4.797926
 69.600000 -0.459880 -2.642138 6.431322
 69.800000 -0.370008 -2.619935 0.221164
 70.000000 -0.405786 -2.707528 5.616701
 70.200000 -0.349407 -2.701305 3.470401
 70.400000 -0.411489 -2.637418 2.136990
 70.600000 -0.373327 -2.623014 0.306895
 70.800000 -0.421501 -2.645027 2.988823
 71.000000 -0.480468 -2.599619 8.802092
 71.200000 -0.393068 -2.591521 1.318527
 71.400000 -0.310727 -2.710812 5.042540
 71.600000 -0.463610 -2.641489 6.836141
 71.800000 -0.502871 -2.608967 11.868781
 72.000000 -0.317274 -2.648277 0.963888
 72.200000 -0.466292 -2.635578 7.025635
 72.400000 -0.428942 -2.752103 12.182776
 72.600000 -0.453546 -2.650460 5.985064
 72.800000 -0.438708 -2.618326 4.017905
 73.000000 -0.468193 -2.715153 11.815595
 73.200000 -0.380878 -2.730264 6.808336
 73.400000 -0.333191 -2.684819 2.358828
 73.600000 -0.330124 -2.721546 5.540895
 73.800000 -0.382525 -2.668207 1.820423
 74.000000 -0.350655 -2.609208 0.039859
 74.200000 -0.299562 -2.570457 2.355177
 74.400000 -0.408033 -2.627449 1.783263
 74.600000 -0.313796 -2.559983 2.304600
 74.800000 -0.283718 -2.567459 3.412032
 75.000000 -0.289969 -2.577560 2.563649
 75.200000 -0.373816 -2.612750 0.320045
 75.400000 -0.357307 -2.667811 1.274851
 75.600000 -0.419659 -2.625733 2.521611
 75.800000 -0.396055 -2.721561 6.467044
 76.000000 -0.299102 -2.623966 1.266007
 76.200000 -0.392824 -2.669557 2.286758
 76.400000 -0.400146 -2.686658 3.662002
 76.600000 -0.342604 -2.737197 7.125601
 76.800000 -0.429829 -2.647014 3.682442
 77.000000 -0.431251 -2.549751 5.705738
 77.200000 -0.459017 -2.675137 7.677282
 77.400000 -0.443660 -2.585478 5.002688
 77.600000 -0.421240 -2.535600 5.998927
 77.800000 -0.417561 -2.596664 2.573248
 78.000000 -0.429210 -2.578450 3.993418
 78.200000 -0.362410 -2.543706 2.848379
 78.400000 -0.447294 -2.620512 4.827508
 78.600000 -0.497652 -2.601541 11.174209
 78.800000 -0.352399 -2.532054 3.698408
 79.000000 -0.345439 -2.652550 0.603641
 79.200000 -0.421646 -2.728684 8.760162
 79.400000 -0.464994 -2.697954 9.916514
 79.600000 -0.427355 -2.717031 7.968754
 79.800000 -0.449682 -2.667100 6.267512
 80.000000 -0.394522 -2.730297 7.339169
 80.200000 -0.505539 -2.621947 12.249765
 80.400000 -0.345418 -2.568246 1.244083
 80.600000 -0.472606 -2.699526 10.954814
 80.800000 -0.427857 -2.581829 3.758001
 81.000000 -0.330812 -2.564830 1.579791
 81.200000 -0.386227 -2.583059 1.300702
 81.400000 -0.416152 -2.593133 2.559291
 81.600000 -0.451205 -2.588944 5.638173
 81.800000 -0.414525 -2.652681 2.744076
 82.000000 -0.391875 -2.653579 1.549479
 82.200000 -0.416417 -2.679722 4.173244
 82.400000 -0.487628 -2.598056 9.798453
 82.600000 -0.534345 -2.749416 25.800164
 82.800000 -0.453158 -2.792838 20.702820
 83.000000 -0.445374 -2.582566 5.265228
 83.200000 -0.368811 -2.676271 1.893048
 83.400000 -0.486144 -2.657888 10.191026
 83.600000 -0.383863 -2.598399 0.797412
 83.800000 -0.339044 -2.619807 0.051865
 84.000000 -0.363864 -2.605264 0.190514
 84.200000 -0.420480 -2.604753 2.637626
 84.400000 -0.306504 -2.569219 2.095249
 84.600000 -0.394398 -2.668992 2.327928
 84.800000 -0.382436 -2.655218 1.249591
 85.000000 -0.378025 -2.698471 3.657610
 85.200000 -0.365550 -2.595913 0.379651
 85.400000 -0.417131 -2.669185 3.626695
 85.600000 -0.280847 -2.703715 6.000950
 85.800000 -0.379785 -2.621659 0.478539
 86.000000 -0.456659 -2.624301 5.808029
 86.200000 -0.480400 -2.619194 8.625046
 86.400000 -0.524828 -2.628649 15.502869
 86.600000 -0.384665 -2.519065 5.527131
 86.800000 -0.478568 -2.669120 9.692390
 87.000000 -0.453556 -2.587399 5.927155
 87.200000 -0.450035 -2.582828 5.715735
 87.400000 -0.386547 -2.617316 0.702654
 87.600000 -0.398365 -2.696067 4.262871
 87.800000 -0.405769 -2.602316 1.730538
 88.000000 -0.372569 -2.630306 0.351999
 88.200000 -0.421875 -2.651381 3.207950
 88.400000 -0.318347 -2.705685 4.316645
 88.600000 -0.397783 -2.527685 5.264556
 88.800000 -0.562553 -2.646585 23.197192
 89.000000 -0.457302 -2.687438 8.268818
 89.200000 -0.399417 -2.606651 1.331948
 89.400000 -0.351319 -2.651117 0.551124
 89.600000 -0.359794 -2.731430 6.491475
 89.800000 -0.386318 -2.579496 1.434921
 90.000000 -0.372874 -2.599586 0.452843
 90.200000 -0.459961 -2.599159 6.326243
 90.400000 -0.432182 -2.621344 3.459795
 90.600000 -0.454046 -2.659066 6.353889
 90.800000 -0.458894 -2.687284 8.431660
 91.000000 -0.514069 -2.698909 16.886602
 91.200000 -0.474143 -2.634553 7.959249
 91.400000 -0.424993 -2.691295 5.568932
 91.600000 -0.435774 -2.634104 3.888924
 91.800000 -0.423261 -2.684076 4.935845
 92.000000 -0.357124 -2.537176 3.298221
 92.200000 -0.475404 -2.538846 11.112832
 92.400000 -0.523793 -2.630424 15.342027
 92.600000 -0.373891 -2.555443 2.264460
 92.800000 -0.360927 -2.530172 3.926707
 93.000000 -0.450714 -2.608803 5.208359
 93.200000 -0.366585 -2.654791 0.830477
 93.400000 -0.394119 -2.605834 1.088814
 93.600000 -0.419386 -2.709529 6.661795
 93.800000 -0.425771 -2.669825 4.285069
 94.000000 -0.407256 -2.523390 6.167961
 94.200000 -0.282568 -2.553381 4.298424
 94.400000 -0.327897 -2.683566 2.373942
 94.600000 -0.411708 -2.677207 3.715132
 94.800000 -0.492547 -2.583037 10.904414
 95.000000 -0.469278 -2.668095 8.480513
 95.200000 -0.387324 -2.601491 0.868024
 95.400000 -0.305628 -2.530896 4.736423
 95.600000 -0.426088 -2.677939 4.762916
 95.800000 -0.440443 -2.670892 5.573998
 96.000000 -0.395851 -2.571905 2.156530
 96.200000 -0.368697 -2.591503 0.543578
 96.400000 -0.400186 -2.700254 4.690025
 96.600000 -0.418299 -2.628478 2.451553
 96.800000 -0.428402 -2.665338 4.267793
 97.000000 -0.466714 -2.628406 6.974704
 97.200000 -0.460888 -2.578540 7.030363
 97.400000 -0.418408 -2.610106 2.435297
 97.600000 -0.455867 -2.643953 6.040230
 97.800000 -0.482262 -2.626705 8.908583
 98.000000 -0.332895 -2.525481 4.410047
 98.200000 -0.406188 -2.606437 1.698245
 98.400000 -0.475871 -2.671085 9.449093
 98.600000 -0.462006 -2.602557 6.496851
 98.800000 -0.336048 -2.572260 1.130503
 99.000000 -0.360331 -2.674232 1.644788
 99.200000 -0.460187 -2.656362 6.909985
 99.400000 -0.450158 -2.578376 5.894628
 99.600000 -0.460829 -2.707573 10.257726
 99.800000 -0.342795 -2.620701 0.023328
 100.000000 -0.278140 -2.497133 9.818915
 100.200000 -0.403737 -2.588702 1.923482
 100.400000 -0.466200 -2.621452 6.866140
 100.600000 -0.406086 -2.571526 2.705288
 100.800000 -0.444052 -2.578652 5.285073
 101.000000 -0.480796 -2.633379 8.794823
 101.200000 -0.295012 -2.550120 3.764339
 101.400000 -0.394357 -2.487940 9.482631
 101.600000 -0.546290 -2.630733 19.529841
 101.800000 -0.477811 -2.612920 8.300545
 102.000000 -0.416658 -2.584488 2.845644
 102.200000 -0.320338 -2.656575 1.156894
 102.400000 -0.303590 -2.572669 2.061226
 102.600000 -0.418483 -2.621162 2.414354
 102.800000 -0.405848 -2.620856 1.616200
 103.000000 -0.509348 -2.670592 14.228528
 103.200000 -0.346168 -2.533905 3.539706
 103.400000 -0.266993 -2.480079 12.878235
 103.600000 -0.322046 -2.585737 0.885293
 103.800000 -0.363709 -2.622741 0.118474
 104.000000 -0.426726 -2.620214 3.018049
 104.200000 -0.424656 -2.680472 4.808694
 104.400000 -0.293821 -2.682928 3.634185
 104.600000 -0.277323 -2.561171 4.187943
 104.800000 -0.427416 -2.560411 4.727240
 105.000000 -0.422646 -2.693022 5.521615
 105.200000 -0.298958 -2.588970 1.676584
 105.400000 -0.319648 -2.654638 1.104078
 105.600000 -0.420832 -2.640393 2.826013
 105.800000 -0.419726 -2.558115 4.289170
 106.000000 -0.448370 -2.724218 10.572467
 106.200000 -0.413684 -2.701978 5.614396
 106.400000 -0.277901 -2.585462 3.061410
 106.600000 -0.309431 -2.638741 1.000666
 106.800000 -0.403174 -2.648398 1.926056
 107.000000 -0.453868 -2.649254 5.980328
 107.200000 -0.401084 -2.695029 4.320171
 107.400000 -0.358924 -2.683298 2.180875
 107.600000 -0.387899 -2.600044 0.915133
 107.800000 -0.329058 -2.556472 2.092631
 108.000000 -0.405233 -2.636123 1.741718
 108.200000 -0.424501 -2.642598 3.147905
 108.400000 -0.384190 -2.690436 3.240786
 108.600000 -0.297170 -2.582905 1.962233
 108.800000 -0.380455 -2.639953 0.733746
 109.000000 -0.499048 -2.618225 11.247402
 109.200000 -0.431432 -2.644671 3.747915
 109.400000 -0.389817 -2.597584 1.038628
 109.600000 -0.437940 -2.678775 5.796503
 109.800000 -0.437898 -2.620495 3.948671
 110.000000 -0.400764 -2.666467 2.511175
 110.200000 -0.400894 -2.627009 1.383721
 110.400000 -0.389728 -2.579059 1.584648
 110.600000 -0.378689 -2.585121 0.979074
 110.800000 -0.406957 -2.669758 3.015423
 111.000000 -0.406731 -2.734944 8.501270
 111.200000 -0.294138 -2.632141 1.608625
 111.400000 -0.382486 -2.527029 4.695721
 111.600000 -0.397425 -2.623672 1.185431
 111.800000 -0.362123 -2.629649 0.153156
 112.000000 -0.437010 -2.698243 7.087017
 112.200000 -0.462426 -2.658420 7.242422
 112.400000 -0.354210 -2.674056 1.584717
 112.600000 -0.303336 -2.560337 2.707791
 112.800000 -0.360170 -2.587754 0.518874
 113.000000 -0.389295 -2.586239 1.313371
 113.200000 -0.399280 -2.673022 2.774767
 113.400000 -0.408361 -2.578741 2.528363
 113.600000 -0.335137 -2.572089 1.150652
 113.800000 -0.346970 -2.592582 0.325070
 114.000000 -0.354293 -2.558886 1.760552
 114.200000 -0.337713 -2.514904 5.378183
 114.400000 -0.416746 -2.600728 2.439351
 114.600000 -0.449642 -2.667233 6.270019
 114.800000 -0.348857 -2.621315 0.005537
 115.000000 -0.287524 -2.548387 4.316272
 115.200000 -0.467798 -2.801329 23.854648
 115.400000 -0.499959 -2.633196 11.499901
 115.600000 -0.445346 -2.597863 4.837592
 115.800000 -0.342343 -2.584790 0.573834
 116.000000 -0.349937 -2.627749 0.047956
 116.200000 -0.339556 -2.536547 3.362017
 116.400000 -0.291121 -2.623961 1.696621
 116.600000 -0.454655 -2.702855 9.175216
 116.800000 -0.377953 -2.635054 0.562772
 117.000000 -0.333780 -2.579131 0.871997
 117.200000 -0.360233 -2.674054 1.633705
 117.400000 -0.359490 -2.728241 6.131563
 117.600000 -0.430334 -2.622938 3.314495
 117.800000 -0.441327 -2.625833 4.286808
 118.000000 -0.363808 -2.642599 0.411359
 118.200000 -0.365842 -2.538532 3.297840
 118.400000 -0.327932 -2.484900 9.080266
 118.600000 -0.439985 -2.678112 5.940194
 118.800000 -0.385442 -2.604536 0.752163
 119.000000 -0.419132 -2.582972 3.067930
 119.200000 -0.415434 -2.579436 2.945726
 119.400000 -0.348909 -2.507218 6.135695
 119.600000 -0.340472 -2.508681 6.011624
 119.800000 -0.446050 -2.748920 13.273742
 120.000000 -0.423512 -2.663212 3.793422
 120.200000 -0.332721 -2.642383 0.430986
 120.400000 -0.209591 -2.773610 21.834804
 120.600000 -0.253877 -2.593261 4.836341
 120.800000 -0.419873 -2.689304 5.049394
 121.000000 -0.446467 -2.688929 7.259463
 121.200000 -0.457182 -2.695228 8.827110
 121.400000 -0.271492 -2.643647 3.337910
 121.600000 -0.380047 -2.532048 4.173233
 121.800000 -0.496953 -2.637784 11.131061
 122.000000 -0.367468 -2.698492 3.409262
 122.200000 -0.290482 -2.700714 5.137324
 122.400000 -0.349268 -2.602472 0.120487
 122.600000 -0.373059 -2.537042 3.564453
 122.800000 -0.272430 -2.600102 3.096625
 123.000000 -0.474870 -2.601919 8.042512
 123.200000 -0.467665 -2.610009 7.064722
 123.400000 -0.523267 -2.650168 15.690607
 123.600000 -0.410649 -2.646865 2.313004
 123.800000 -0.297412 -2.612505 1.349116
 124.000000 -0.386518 -2.660111 1.588260
 124.200000 -0.430449 -2.651829 3.884039
 124.400000 -0.392743 -2.659353 1.809139
 124.600000 -0.361594 -2.614493 0.084599
 124.800000 -0.388909 -2.636923 0.972908
 125.000000 -0.350095 -2.605374 0.080161
 125.200000 -0.255914 -2.512219 9.932828
 125.400000 -0.405457 -2.672022 3.049491
 125.600000 -0.422067 -2.664618 3.751448
 125.800000 -0.408557 -2.619049 1.770128
 126.000000 -0.346921 -2.665821 1.146005
 126.200000 -0.346165 -2.611342 0.026331
 126.400000 -0.372370 -2.614843 0.276515
 126.600000 -0.407276 -2.671619 3.132034
 126.800000 -0.430996 -2.649330 3.847263
 127.000000 -0.334250 -2.584098 0.684217
 127.200000 -0.340476 -2.539107 3.148466
 127.400000 -0.366847 -2.583775 0.743536
 127.600000 -0.398502 -2.679255 3.098437
 127.800000 -0.392898 -2.559616 2.664615
 128.000000 -0.435409 -2.699161 7.021636
 128.200000 -0.392359 -2.649572 1.435705
 128.400000 -0.342720 -2.556535 1.908758
 128.600000 -0.456938 -2.524761 10.164338
 128.800000 -0.433737 -2.681304 5.588726
 129.000000 -0.315136 -2.690569 3.209158
 129.200000 -0.397211 -2.545246 3.805142
 129.400000 -0.478801 -2.638656 8.629138
 129.600000 -0.483658 -2.579092 9.814260
 129.800000 -0.365585 -2.584475 0.698217
 130.000000 -0.387144 -2.622244 0.733999
 130.200000 -0.393702 -2.723416 6.553137
 130.400000 -0.397302 -2.699232 4.463178
 130.600000 -0.383555 -2.601938 0.723627
 130.800000 -0.427341 -2.610554 3.091205
 131.000000 -0.442484 -2.661505 5.310127
 131.200000 -0.401267 -2.693318 4.199345
 131.400000 -0.528799 -2.606144 16.222179
 131.600000 -0.430912 -2.647503 3.784765
 131.800000 -0.288375 -2.621743 1.848690
 132.000000 -0.433886 -2.687137 5.987613
 132.200000 -0.401235 -2.657423 2.138166
 132.400000 -0.355594 -2.595013 0.285365
 132.600000 -0.418637 -2.633820 2.545331
 132.800000 -0.464552 -2.655850 7.385038
 133.000000 -0.385935 -2.678230 2.493837
 133.200000 -0.402997 -2.582584 2.081189
 133.400000 -0.428624 -2.696045 6.210746
 133.600000 -0.416345 -2.595138 2.524420
 133.800000 -0.378012 -2.610897 0.444135
 134.000000 -0.443457 -2.737409 11.584792
 134.200000 -0.367670 -2.634525 0.309687
 134.400000 -0.372870 -2.605626 0.359801
 134.600000 -0.370109 -2.717598 5.181858
 134.800000 -0.435846 -2.633967 3.892928
 135.000000 -0.382908 -2.634600 0.710534
 135.200000 -0.390559 -2.575847 1.749010
 135.400000 -0.386567 -2.651782 1.273962
 135.600000 -0.354179 -2.630378 0.089761
 135.800000 -0.374834 -2.610773 0.358077
 136.000000 -0.301084 -2.581255 1.826012
 136.200000 -0.318051 -2.543069 3.287824
 136.400000 -0.409944 -2.595834 2.098631
 136.600000 -0.395986 -2.680292 3.041258
 136.800000 -0.449151 -2.740982 12.571529
 137.000000 -0.429910 -2.611586 3.288456
 137.200000 -0.372726 -2.621224 0.285130
 137.400000 -0.409148 -2.696789 4.909252
 137.600000 -0.427391 -2.651143 3.616840
 137.800000 -0.402953 -2.645032 1.817450
 138.000000 -0.381507 -2.692546 3.305237
 138.200000 -0.424707 -2.587640 3.321473
 138.400000 -0.355117 -2.582087 0.662948
 138.600000 -0.373724 -2.698913 3.577954
 138.800000 -0.472722 -2.608740 7.688262
 139.000000 -0.352584 -2.502986 6.619591
 139.200000 -0.350372 -2.530862 3.796809
 139.400000 -0.357135 -2.656702 0.781716
 139.600000 -0.355325 -2.545114 2.675307
 139.800000 -0.388472 -2.601668 0.909672
 140.000000 -0.458846 -2.569211 7.215676
 140.200000 -0.314458 -2.605967 0.671194
 140.400000 -0.359582 -2.595711 0.303564
 140.600000 -0.345902 -2.553046 2.114136
 140.800000 -0.345859 -2.644466 0.355532
 141.000000 -0.380209 -2.701384 3.961870
 141.200000 -0.424086 -2.745332 10.921447
 141.400000 -0.373714 -2.593141 0.612600
 141.600000 -0.421692 -2.614716 2.642623
 141.800000 -0.374840 -2.633785 0.456828
 142.000000 -0.336075 -2.594319 0.364643
 142.200000 -0.476377 -2.580662 8.800903
 142.400000 -0.383684 -2.720460 5.848812
 142.600000 -0.330900 -2.644671 0.520824
 142.800000 -0.272561 -2.578637 3.701031
 143.000000 -0.270706 -2.560587 4.717939
 143.200000 -0.427082 -2.706826 6.988801
 143.400000 -0.385269 -2.655275 1.350288
 143.600000 -0.274747 -2.687192 5.155811
 143.800000 -0.290068 -2.624211 1.759713
 144.000000 -0.380456 -2.546791 3.027592
 144.200000 -0.373893 -2.552122 2.477770
 144.400000 -0.461670 -2.746244 14.563882
 144.600000 -0.430970 -2.659441 4.213084
 144.800000 -0.435072 -2.492689 11.549183
 145.000000 -0.358942 -2.619092 0.049368
 145.200000 -0.379244 -2.605009 0.539655
 145.400000 -0.350361 -2.615544 0.003841
 145.600000 -0.453259 -2.654959 6.111278
 145.800000 -0.339809 -2.570662 1.162987
 146.000000 -0.217770 -2.637455 8.808696
 146.200000 -0.323026 -2.599571 0.508728
 146.400000 -0.483533 -2.704076 12.745784
 146.600000 -0.380168 -2.608197 0.531659
 146.800000 -0.410342 -2.645315 2.250590
 147.000000 -0.360903 -2.722477 5.528413
 147.200000 -0.308772 -2.485203 9.628480
 147.400000 -0.341702 -2.613793 0.035939
 147.600000 -0.426937 -2.647283 3.460898
 147.800000 -0.360774 -2.565277 1.458056
 148.000000 -0.336679 -2.654014 0.725433
 148.200000 -0.261745 -2.623083 3.825418
 148.400000 -0.262094 -2.568180 5.022799
 148.600000 -0.404330 -2.639666 1.761917
 148.800000 -0.448690 -2.718060 9.969183
 149.000000 -0.299487 -2.607056 1.288851
 149.200000 -0.298345 -2.616027 1.288249
 149.400000 -0.312942 -2.666755 1.841280
 149.600000 -0.347819 -2.595391 0.256215
 149.800000 -0.404557 -2.687140 3.930228
 150.000000 -0.444655 -2.767202 15.700189
 150.200000 -0.432807 -2.541536 6.429153
 150.400000 -0.302749 -2.598276 1.267027
 150.600000 -0.246043 -2.547472 7.793460
 150.800000 -0.386058 -2.566322 2.019200
 151.000000 -0.383088 -2.577899 1.382576
 151.200000 -0.531417 -2.688584 19.117471
 151.400000 -0.280606 -2.519544 7.189541
 151.600000 -0.335391 -2.651333 0.649242
 151.800000 -0.270954 -2.547859 5.510174
 152.000000 -0.351349 -2.560996 1.626993
 152.200000 -0.410951 -2.656301 2.648622
 152.400000 -0.319862 -2.622866 0.438313
 152.600000 -0.422014 -2.519011 7.559522
 152.800000 -0.407233 -2.539737 4.753815
 153.000000 -0.477510 -2.590965 8.614268
 153.200000 -0.419822 -2.752796 11.589035
 153.400000 -0.359309 -2.626100 0.085316
 153.600000 -0.220402 -2.537489 11.517732
 153.800000 -0.321337 -2.653884 1.028484
 154.000000 -0.463190 -2.618765 6.512429
 154.200000 -0.300204 -2.555342 3.156392
 154.400000 -0.301468 -2.673115 2.651967
 154.600000 -0.349484 -2.587576 0.462698
 154.800000 -0.292360 -2.531127 5.380673
 155.000000 -0.509866 -2.673554 14.471873
 155.200000 -0.468385 -2.643364 7.440344
 155.400000 -0.309166 -2.545564 3.419095
 155.600000 -0.299893 -2.560263 2.875392
 155.800000 -0.273735 -2.596773 3.062519
 156.000000 -0.398545 -2.612244 1.240638
 156.200000 -0.519556 -2.661491 15.479483
 156.400000 -0.446513 -2.670914 6.148301
 156.600000 -0.485100 -2.566699 10.568166
 156.800000 -0.297897 -2.542908 4.128035
 157.000000 -0.375041 -2.560405 1.995575
 157.200000 -0.282949 -2.637807 2.382015
 157.400000 -0.437129 -2.620965 3.882007
 157.600000 -0.437643 -2.645166 4.292086
 157.800000 -0.399136 -2.633816 1.378705
 158.000000 -0.397702 -2.513613 6.630422
 158.200000 -0.272753 -2.608101 2.960755
 158.400000 -0.430479 -2.667105 4.519993
 158.600000 -0.470160 -2.615289 7.335582
 158.800000 -0.415327 -2.642528 2.496228
 159.000000 -0.393592 -2.576272 1.861676
 159.200000 -0.263758 -2.633913 3.765432
 159.400000 -0.241337 -2.596045 6.043673
 159.600000 -0.308114 -2.631799 0.933834
 159.800000 -0.454051 -2.699478 8.830766
 160.000000 -0.403596 -2.582849 2.104347
 160.200000 -0.307674 -2.617371 0.856850
 160.400000 -0.319127 -2.548629 2.853893
 160.600000 -0.409068 -2.558100 3.593771
 160.800000 -0.333146 -2.624514 0.147972
 161.000000 -0.473648 -2.680679 9.725111
 161.200000 -0.450145 -2.595450 5.362626
 161.400000 -0.378981 -2.538316 3.621709
 161.600000 -0.278338 -2.608183 2.549328
 161.800000 -0.302462 -2.604557 1.176248
 162.000000 -0.305169 -2.579704 1.696515
 162.200000 -0.445746 -2.679180 6.545438
 162.400000 -0.435034 -2.657751 4.485591
 162.600000 -0.375946 -2.492722 8.207860
 162.800000 -0.356150 -2.467817 11.301687
 163.000000 -0.307134 -2.586344 1.380018
 163.200000 -0.395242 -2.600955 1.211284
 163.400000 -0.452826 -2.660680 6.294178
 163.600000 -0.361112 -2.749581 8.730105
 163.800000 -0.237418 -2.600461 6.386303
 164.000000 -0.184854 -2.684245 15.677370
 164.200000 -0.356472 -2.655846 0.743813
 164.400000 -0.444688 -2.688154 7.033079
 164.600000 -0.491260 -2.646740 10.522800
 164.800000 -0.453543 -2.689237 7.995469
 165.000000 -0.366017 -2.609574 0.179130
 165.200000 -0.406832 -2.486635 10.296018
 165.400000 -0.407113 -2.544457 4.388608
 165.600000 -0.453946 -2.650633 6.032623
 165.800000 -0.305861 -2.584170 1.505379
 166.000000 -0.432810 -2.595556 3.758234
 166.200000 -0.310694 -2.626285 0.770580
 166.400000 -0.328751 -2.529599 4.113221
 166.600000 -0.465162 -2.638971 6.959150
 166.800000 -0.488438 -2.753198 18.852450
 167.000000 -0.473735 -2.688244 10.238717
 167.200000 -0.383264 -2.616398 0.586030
 167.400000 -0.375606 -2.700288 3.738338
 167.600000 -0.333298 -2.639628 0.358341
 167.800000 -0.349850 -2.600101 0.160390
 168.000000 -0.388753 -2.705012 4.573616
 168.200000 -0.294025 -2.633050 1.628104
 168.400000 -0.317157 -2.488540 8.888286
 168.600000 -0.390790 -2.692073 3.614298
 168.800000 -0.490481 -2.660678 10.910113
 169.000000 -0.388706 -2.624252 0.805253
 169.200000 -0.478405 -2.591260 8.721698
 169.400000 -0.443474 -2.698882 7.727942
 169.600000 -0.332198 -2.632663 0.249855
 169.800000 -0.330184 -2.532954 3.794109
 170.000000 -0.405628 -2.675867 3.274293
 170.200000 -0.409404 -2.742064 9.517048
 170.400000 -0.441541 -2.554739 6.276374
 170.600000 -0.377633 -2.600152 0.567206
 170.800000 -0.303613 -2.767364 12.188755
 171.000000 -0.317207 -2.556901 2.373682
 171.200000 -0.388493 -2.606160 0.847274
 171.400000 -0.538326 -2.694762 20.856287
 171.600000 -0.396961 -2.683694 3.305205
 171.800000 -0.393026 -2.529440 4.887140
 172.000000 -0.461733 -2.669097 7.652747
 172.200000 -0.443787 -2.667546 5.713755
 172.400000 -0.423982 -2.664410 3.883494
 172.600000 -0.424600 -2.618739 2.852970
 172.800000 -0.427171 -2.680597 5.009774
 173.000000 -0.404207 -2.660435 2.420852
 173.200000 -0.385493 -2.583046 1.274123
 173.400000 -0.445641 -2.668792 5.953624
 173.600000 -0.373264 -2.622096 0.301189
 173.800000 -0.364189 -2.582238 0.753584
 174.000000 -0.385831 -2.528788 4.654712
 174.200000 -0.460575 -2.723664 11.800188
 174.400000 -0.414400 -2.637172 2.318169
 174.600000 -0.361357 -2.588002 0.525284
 174.800000 -0.434649 -2.694806 6.612331
 175.000000 -0.509082 -2.699066 16.088861
 175.200000 -0.382145 -2.641711 0.828367
 175.400000 -0.404131 -2.686785 3.882203
 175.600000 -0.424517 -2.740225 10.316680
 175.800000 -0.439405 -2.550337 6.369237
 176.000000 -0.445174 -2.570588 5.742061
 176.200000 -0.420819 -2.688486 5.058885
 176.400000 -0.402016 -2.641617 1.680913
 176.600000 -0.337480 -2.489625 8.306452
 176.800000 -0.409884 -2.541240 4.794987
 177.000000 -0.553578 -2.654242 21.569608
 177.200000 -0.314838 -2.598023 0.785201
 177.400000 -0.366550 -2.564852 1.564869
 177.600000 -0.407348 -2.571768 2.766849
 177.800000 -0.460000 -2.562967 7.667166
 178.000000 -0.372152 -2.550657 2.533628
 178.200000 -0.412683 -2.701694 5.526449
 178.400000 -0.517291 -2.714794 18.834975
 178.600000 -0.475144 -2.666017 9.100907
 178.800000 -0.423286 -2.600754 2.902893
 179.000000 -0.407164 -2.620160 1.690028
 179.200000 -0.243866 -2.596888 5.756278
 179.400000 -0.391701 -2.574490 1.855167
 179.600000 -0.412518 -2.575795 2.903459
 179.800000 -0.494743 -2.568382 11.841541
 180.000000 -0.379477 -2.547331 2.959051
 180.200000 -0.261170 -2.484006 12.839206
 180.400000 -0.384222 -2.671919 2.071933
 180.600000 -0.390153 -2.670027 2.197797
 180.800000 -0.410694 -2.596171 2.137126
 181.000000 -0.460073 -2.729817 12.413438
 181.200000 -0.295351 -2.686435 3.784720
 181.400000 -0.290761 -2.590984 2.064489
 181.600000 -0.405033 -2.647520 2.002054
 181.800000 -0.354498 -2.745417 8.133023
 182.000000 -0.447608 -2.587095 5.332655
 182.200000 -0.470787 -2.576035 8.288349
 182.400000 -0.372321 -2.603858 0.370308
 182.600000 -0.384253 -2.631480 0.709990
 182.800000 -0.410446 -2.550481 4.162710
 183.000000 -0.282733 -2.623688 2.216228
 183.200000 -0.308015 -2.591172 1.202287
 183.400000 -0.402043 -2.587373 1.872124
 183.600000 -0.354616 -2.645555 0.395223
 183.800000 -0.477563 -2.697695 11.431857
 184.000000 -0.411660 -2.686843 4.329090
 184.200000 -0.315327 -2.648797 1.043552
 184.400000 -0.463704 -2.700505 9.975058
 184.600000 -0.436022 -2.591115 4.141879
 184.800000 -0.440698 -2.599949 4.361085
 185.000000 -0.402044 -2.574176 2.363316
 185.200000 -0.319535 -2.557614 2.258895
 185.400000 -0.360425 -2.664889 1.164090
 185.600000 -0.452997 -2.699972 8.760973
 185.800000 -0.468108 -2.600791 7.233526
 186.000000 -0.358512 -2.610177 0.075171
 186.200000 -0.294336 -2.613337 1.508538
 186.400000 -0.284569 -2.642950 2.391333
 186.600000 -0.300458 -2.616070 1.183227
 186.800000 -0.438931 -2.639314 4.265095
 187.000000 -0.410006 -2.652773 2.461660
 187.200000 -0.372525 -2.571630 1.349976
 187.400000 -0.309175 -2.605658 0.871744
 187.600000 -0.300956 -2.543008 3.968751
 187.800000 -0.374286 -2.559872 2.007105
 188.000000 -0.443060 -2.576432 5.281122
 188.200000 -0.409818 -2.714280 6.480890
 188.400000 -0.272998 -2.578310 3.680609
 188.600000 -0.315637 -2.595217 0.818155
 188.800000 -0.278256 -2.629550 2.573808
 189.000000 -0.427580 -2.630857 3.164981
 189.200000 -0.413063 -2.568051 3.294957
 189.400000 -0.362936 -2.667828 1.337935
 189.600000 -0.304750 -2.518162 5.965153
 189.800000 -0.300580 -2.543506 3.949636
 190.000000 -0.429453 -2.626813 3.269899
 190.200000 -0.467491 -2.591250 7.369936
 190.400000 -0.337757 -2.561275 1.672476
 190.600000 -0.348047 -2.587892 0.453583
 190.800000 -0.427196 -2.633006 3.164813
 191.000000 -0.319101 -2.528109 4.488538
 191.200000 -0.433233 -2.726214 9.397868
 191.400000 -0.443297 -2.758580 14.321914
 191.600000 -0.395306 -2.650294 1.590742
 191.800000 -0.304521 -2.649890 1.500832
 192.000000 -0.345724 -2.730652 6.351555
 192.200000 -0.438949 -2.648327 4.499505
 192.400000 -0.398810 -2.596602 1.466062
 192.600000 -0.524239 -2.628897 15.402318
 192.800000 -0.371911 -2.665474 1.388133
 193.000000 -0.264961 -2.605967 3.609127
 193.200000 -0.433300 -2.652122 4.130027
 193.400000 -0.426194 -2.585910 3.489050
 193.600000 -0.417116 -2.556428 4.210600
 193.800000 -0.393324 -2.634237 1.111288
 194.000000 -0.457754 -2.659333 6.760984
 194.200000 -0.383324 -2.588279 1.028302
 194.400000 -0.189431 -2.625695 12.771319
 194.600000 -0.262541 -2.680663 5.706938
 194.800000 -0.377241 -2.678833 2.247619
 195.000000 -0.395638 -2.571905 2.146579
 195.200000 -0.517046 -2.716620 18.972190
 195.400000 -0.354372 -2.617072 0.014501
 195.600000 -0.274493 -2.569899 3.937151
 195.800000 -0.285775 -2.526387 6.198713
 196.000000 -0.258996 -2.647140 4.481010
 196.200000 -0.319726 -2.617972 0.430417
 196.400000 -0.451698 -2.648453 5.730559
 196.600000 -0.434593 -2.703297 7.295789
 196.800000 -0.348135 -2.593624 0.297380
 197.000000 -0.427011 -2.539530 6.116061
 197.200000 -0.322949 -2.643411 0.664050
 197.400000 -0.390930 -2.596919 1.098404
 197.600000 -0.377659 -2.724425 6.072572
 197.800000 -0.389627 -2.672100 2.286329
 198.000000 -0.422409 -2.601495 2.825708
 198.200000 -0.293610 -2.604156 1.633424
 198.400000 -0.369613 -2.677608 1.988012
 198.600000 -0.436551 -2.702951 7.435681
 198.800000 -0.364809 -2.633521 0.244478
 199.000000 -0.431320 -2.519307 8.252391
 199.200000 -0.450104 -2.647625 5.543326
 199.400000 -0.446278 -2.604988 4.809718
 199.600000 -0.473751 -2.581527 8.438160
 199.800000 -0.394758 -2.624042 1.062177
 200.000000 -0.439981 -2.543157 6.933059
