#! FIELDS time phi psi restraint.bias
#! SET min_phi -pi
#! SET max_phi pi
#! SET min_psi -pi
#! SET max_psi pi
 0.000000 -3.031700 -1.943850 190.374440
 0.200000 3.058225 -1.506281 10.207552
 0.400000 3.102152 -1.431513 9.746262
 0.600000 3.095330 -1.435086 8.980251
 0.800000 2.946781 -1.497053 5.284929
 1.000000 3.049339 -1.525429 11.726840
 1.200000 3.014482 -1.378177 1.288021
 1.400000 3.019557 -1.444903 2.560883
 1.600000 3.040771 -1.423334 3.083059
 1.800000 3.045281 -1.294893 8.197226
 2.000000 2.950711 -1.472699 3.054843
 2.200000 3.047537 -1.421316 3.552099
 2.400000 2.980932 -1.344913 1.414660
 2.600000 2.908590 -1.372593 1.989511
 2.800000 2.976335 -1.354235 0.926211
 3.000000 3.059629 -1.366595 4.724649
 3.200000 3.000665 -1.378320 0.725639
 3.400000 2.941575 -1.292257 5.733393
 3.600000 2.984679 -1.384374 0.225892
 3.800000 2.958218 -1.405134 0.078431
 4.000000 3.028545 -1.372671 2.168519
 4.200000 2.997079 -1.281193 7.071227
 4.400000 2.935407 -1.430974 1.103360
 4.600000 3.002544 -1.364744 1.126305
 4.800000 3.034964 -1.335561 4.147898
 5.000000 2.992300 -1.321033 3.148359
 5.200000 3.008766 -1.309119 4.666763
 5.400000 2.985025 -1.372656 0.440021
 5.600000 3.060842 -1.372920 4.670015
 5.800000 3.011366 -1.376761 1.171684
 6.000000 3.076725 -1.359230 6.698923
 6.200000 3.050283 -1.432128 4.106244
 6.400000 3.043444 -1.444096 4.061267
 6.600000 2.980404 -1.367103 0.514188
 6.800000 3.020507 -1.360053 2.083888
 7.000000 3.018460 -1.454058 2.991110
 7.200000 3.080398 -1.385046 6.485749
 7.400000 2.977808 -1.522466 8.021286
 7.600000 3.048746 -1.419830 3.614004
 7.800000 2.973457 -1.414981 0.195640
 8.000000 2.950027 -1.392243 0.153145
 8.200000 3.025388 -1.449323 3.108736
 8.400000 3.073757 -1.455399 7.440713
 8.600000 3.052232 -1.402224 3.644882
 8.800000 3.023003 -1.384812 1.630396
 9.000000 2.979247 -1.447855 1.405122
 9.200000 2.984594 -1.397282 0.154251
 9.400000 2.872007 -1.397699 4.518541
 9.600000 2.986211 -1.304226 4.418809
 9.800000 2.964260 -1.338195 1.689868
 10.000000 3.037717 -1.394613 2.497604
 10.200000 3.018561 -1.309269 5.110167
 10.400000 3.048229 -1.316053 6.511046
 10.600000 2.989108 -1.413067 0.384243
 10.800000 3.022940 -1.326014 4.028788
 11.000000 2.958644 -1.416181 0.233774
 11.200000 2.902887 -1.405733 2.103874
 11.400000 3.043938 -1.333159 4.946214
 11.600000 2.944562 -1.405223 0.293198
 11.800000 2.979863 -1.395671 0.082140
 12.000000 3.017581 -1.391631 1.286948
 12.200000 3.049059 -1.315257 6.642899
 12.400000 3.041341 -1.330042 4.951454
 12.600000 3.016186 -1.405030 1.245103
 12.800000 3.119722 -1.404736 11.688750
 13.000000 3.107700 -1.450011 11.334254
 13.200000 2.856426 -1.379076 6.267630
 13.400000 2.997795 -1.365505 0.945366
 13.600000 2.994798 -1.469677 3.079444
 13.800000 3.008640 -1.409841 0.956629
 14.000000 3.109959 -1.391482 10.221467
 14.200000 3.082337 -1.398682 6.647350
 14.400000 3.055595 -1.379466 4.060332
 14.600000 3.089824 -1.351063 8.557076
 14.800000 3.037494 -1.458792 4.435421
 15.000000 3.042767 -1.412735 3.001459
 15.200000 3.030966 -1.392889 2.047679
 15.400000 2.923091 -1.408526 1.041802
 15.600000 2.986875 -1.491457 4.727277
 15.800000 3.028728 -1.447194 3.198448
 16.000000 2.987082 -1.380300 0.327875
 16.200000 2.959952 -1.434387 0.751958
 16.400000 3.094367 -1.379196 8.249156
 16.600000 2.958024 -1.462918 2.262250
 16.800000 2.960004 -1.428055 0.530257
 17.000000 3.019877 -1.383781 1.472729
 17.200000 3.021251 -1.402494 1.487736
 17.400000 2.992529 -1.420912 0.628139
 17.600000 3.055792 -1.402045 3.953398
 17.800000 2.988151 -1.409961 0.316234
 18.000000 3.036115 -1.338564 4.048885
 18.200000 2.991192 -1.349928 1.364693
 18.400000 3.022257 -1.396345 1.523357
 18.600000 3.015280 -1.392188 1.170913
 18.800000 2.975705 -1.327527 2.399729
 19.000000 3.016349 -1.346546 2.450630
 19.200000 2.874639 -1.347593 5.455183
 19.400000 3.028300 -1.295709 6.930780
 19.600000 2.968291 -1.399339 0.005487
 19.800000 2.987605 -1.382062 0.311896
 20.000000 3.022689 -1.298568 6.319474
 20.200000 3.017896 -1.374325 1.532825
 20.400000 2.947496 -1.391272 0.203836
 20.600000 2.971898 -1.362863 0.569512
 20.800000 3.039485 -1.425234 3.042380
 21.000000 3.001569 -1.366342 1.043107
 21.200000 3.018343 -1.425591 1.745031
 21.400000 3.000718 -1.470494 3.321541
 21.600000 3.074369 -1.433993 6.469457
 21.800000 3.023577 -1.449124 2.994220
 22.000000 3.047129 -1.547495 14.641095
 22.200000 3.060766 -1.438704 5.291072
 22.400000 2.992487 -1.446986 1.609633
 22.600000 2.985991 -1.366075 0.634852
 22.800000 2.995003 -1.321562 3.180591
 23.000000 2.976335 -1.450206 1.497929
 23.200000 3.010777 -1.411600 1.073193
 23.400000 3.031623 -1.396571 2.084243
 23.600000 3.055146 -1.355800 4.698267
 23.800000 3.086063 -1.383852 7.157855
 24.000000 2.965374 -1.481781 3.658063
 24.200000 2.972738 -1.355390 0.851447
 24.400000 2.966736 -1.384997 0.063518
 24.600000 2.984317 -1.395152 0.149525
 24.800000 3.060516 -1.375047 4.592121
 25.000000 2.920693 -1.427923 1.576106
 25.200000 3.040821 -1.338705 4.376869
 25.400000 3.068454 -1.331962 7.207761
 25.600000 2.970479 -1.364618 0.506565
 25.800000 3.047414 -1.404190 3.259820
 26.000000 3.061842 -1.436722 5.310307
 26.200000 3.015767 -1.400891 1.196909
 26.400000 3.028105 -1.278256 8.826068
 26.600000 2.989027 -1.376071 0.445146
 26.800000 3.012981 -1.405912 1.100947
 27.000000 2.971627 -1.370703 0.337096
 27.200000 3.019001 -1.372923 1.621349
 27.400000 3.074014 -1.398664 5.722528
 27.600000 2.946111 -1.393419 0.223469
 27.800000 3.074075 -1.427194 6.204479
 28.000000 2.959396 -1.403217 0.053541
 28.200000 3.016924 -1.383154 1.329132
 28.400000 3.007754 -1.382448 0.923458
 28.600000 3.000831 -1.427420 1.055622
 28.800000 3.059433 -1.425710 4.700014
 29.000000 3.038313 -1.479805 6.028089
 29.200000 3.099586 -1.373154 9.048648
 29.400000 3.020253 -1.377026 1.599792
 29.600000 2.994558 -1.442184 1.432410
 29.800000 3.117263 -1.371537 11.586272
 30.000000 2.934298 -1.437452 1.384901
 30.200000 3.009010 -1.358602 1.589116
 30.400000 2.928313 -1.378845 0.902347
 30.600000 2.958385 -1.362173 0.618694
 30.800000 3.104136 -1.358330 10.114459
 31.000000 2.981566 -1.430975 0.707678
 31.200000 3.052041 -1.421982 3.941635
 31.400000 3.036480 -1.400250 2.417555
 31.600000 3.001109 -1.451692 2.115853
 31.800000 3.042293 -1.352692 3.779235
 32.000000 2.955007 -1.386930 0.116189
 32.200000 3.071101 -1.347275 6.612264
 32.400000 2.996878 -1.264694 9.099773
 32.600000 2.943580 -1.341116 1.796284
 32.800000 3.017200 -1.374211 1.500195
 33.000000 3.042925 -1.325025 5.415243
 33.200000 3.026630 -1.411851 1.895806
 33.400000 2.985552 -1.441625 1.199808
 33.600000 3.050351 -1.371247 3.781652
 33.800000 2.961961 -1.357516 0.763664
 34.000000 2.996521 -1.318802 3.434109
 34.200000 3.052985 -1.321376 6.495617
 34.400000 2.993508 -1.357692 1.093627
 34.600000 2.975110 -1.379129 0.179189
 34.800000 3.084566 -1.299429 11.592230
 35.000000 2.960878 -1.376530 0.213814
 35.200000 2.970577 -1.355398 0.841170
 35.400000 3.045747 -1.397595 3.096740
 35.600000 3.015401 -1.376048 1.372777
 35.800000 2.981392 -1.342906 1.526213
 36.000000 3.041661 -1.355352 3.619520
 36.200000 2.985594 -1.412458 0.302898
 36.400000 2.996592 -1.414353 0.599704
 36.600000 2.979153 -1.386583 0.119980
 36.800000 3.019370 -1.298439 6.152938
 37.000000 3.043531 -1.370650 3.251956
 37.200000 3.095266 -1.356782 8.997815
 37.400000 3.112428 -1.382424 10.661784
 37.600000 2.987566 -1.332871 2.219549
 37.800000 3.093675 -1.321451 10.814124
 38.000000 2.999341 -1.449633 1.945220
 38.200000 3.009003 -1.415113 1.057257
 38.400000 3.018544 -1.360603 1.961154
 38.600000 3.029328 -1.337646 3.656671
 38.800000 3.051420 -1.367008 3.986285
 39.000000 3.107633 -1.382374 9.976856
 39.200000 2.985624 -1.496338 5.179798
 39.400000 3.010367 -1.350671 1.977094
 39.600000 3.002070 -1.374186 0.856572
 39.800000 2.987416 -1.422164 0.542621
 40.000000 3.035044 -1.386769 2.355976
 40.200000 2.954944 -1.421463 0.390917
 40.400000 3.021250 -1.403479 1.494306
 40.600000 3.005998 -1.399239 0.762517
 40.800000 2.987972 -1.299580 4.892533
 41.000000 3.102652 -1.427049 9.666516
 41.200000 3.049230 -1.456609 5.196797
 41.400000 3.022758 -1.407762 1.617234
 41.600000 3.044099 -1.406503 3.019977
 41.800000 3.022683 -1.365786 2.011391
 42.000000 3.024043 -1.366997 2.051806
 42.200000 2.908901 -1.479816 5.181714
 42.400000 3.023706 -1.467884 4.169154
 42.600000 3.017210 -1.430615 1.847536
 42.800000 3.021075 -1.317092 4.592855
 43.000000 3.047729 -1.399736 3.259836
 43.200000 3.029145 -1.473869 4.938557
 43.400000 3.052407 -1.449207 5.043603
 43.600000 3.019012 -1.409981 1.443597
 43.800000 3.037214 -1.422510 2.805244
 44.000000 3.068515 -1.355562 5.974827
 44.200000 2.940256 -1.466738 2.842566
 44.400000 3.048933 -1.461214 5.460911
 44.600000 3.016955 -1.435732 2.023644
 44.800000 2.956457 -1.290980 5.598513
 45.000000 3.093221 -1.378209 8.121261
 45.200000 2.901646 -1.506604 8.226961
 45.400000 3.009462 -1.393327 0.903271
 45.600000 3.074602 -1.319047 8.763814
 45.800000 2.993603 -1.439175 1.272970
 46.000000 3.079104 -1.325941 8.749608
 46.200000 2.945185 -1.333842 2.187445
 46.400000 2.894073 -1.430507 3.249865
 46.600000 3.050008 -1.344554 4.777092
 46.800000 2.930973 -1.311964 4.204315
 47.000000 2.976509 -1.371675 0.346934
 47.200000 3.015915 -1.393501 1.197243
 47.400000 3.018939 -1.373232 1.610927
 47.600000 2.975678 -1.356727 0.818699
 47.800000 2.927273 -1.373819 1.043361
 48.000000 2.994718 -1.386572 0.429463
 48.200000 2.907287 -1.352851 2.728686
 48.400000 2.967274 -1.419904 0.279451
 48.600000 3.036110 -1.388314 2.415544
 48.800000 2.968846 -1.460675 2.076027
 49.000000 3.064705 -1.395212 4.767827
 49.200000 3.063383 -1.408905 4.718969
 49.400000 3.068040 -1.436597 5.911902
 49.600000 3.000918 -1.447178 1.869365
 49.800000 3.010012 -1.462813 3.136839
 50.000000 3.107559 -1.440473 10.847318
 50.200000 2.974123 -1.454354 1.712180
 50.400000 3.005886 -1.395467 0.754076
 50.600000 3.118887 -1.413128 11.667932
 50.800000 3.014031 -1.471116 3.904578
 51.000000 3.095816 -1.455293 10.031403
 51.200000 3.068706 -1.403724 5.193841
 51.400000 3.031701 -1.512254 8.816170
 51.600000 3.086651 -1.411149 7.261838
 51.800000 2.985778 -1.379828 0.310256
 52.000000 3.111803 -1.407757 10.541407
 52.200000 2.977036 -1.440730 1.038413
 52.400000 3.017212 -1.376050 1.461920
 52.600000 2.992459 -1.367250 0.743451
 52.800000 2.905622 -1.384800 1.952979
 53.000000 3.075060 -1.288960 11.589057
 53.200000 2.988187 -1.339232 1.849500
 53.400000 3.013315 -1.334009 3.007605
 53.600000 3.115260 -1.289831 16.645596
 53.800000 2.985359 -1.383567 0.248036
 54.000000 3.010757 -1.258481 10.446727
 54.200000 2.909894 -1.334275 3.555249
 54.400000 2.986988 -1.367643 0.608124
 54.600000 3.078305 -1.329552 8.412887
 54.800000 2.843376 -1.360526 8.287349
 55.000000 3.089798 -1.306463 11.564472
 55.200000 3.020045 -1.317309 4.520665
 55.400000 2.968373 -1.363361 0.542136
 55.600000 2.963309 -1.400130 0.014508
 55.800000 2.970910 -1.297092 4.924877
 56.000000 3.044493 -1.353970 3.892305
 56.200000 2.978433 -1.394208 0.066794
 56.400000 3.050282 -1.399573 3.468412
 56.600000 3.033258 -1.452072 3.748429
 56.800000 3.015829 -1.394049 1.191683
 57.000000 3.022406 -1.379885 1.665720
 57.200000 2.982067 -1.468169 2.697850
 57.400000 3.003710 -1.484931 4.602644
 57.600000 3.039432 -1.441308 3.633380
 57.800000 3.038898 -1.447159 3.875513
 58.000000 2.956435 -1.556212 12.848255
 58.200000 3.092977 -1.476125 11.116481
 58.400000 2.991851 -1.439850 1.257188
 58.600000 2.976752 -1.405011 0.085226
 58.800000 3.080179 -1.386280 6.447848
 59.000000 2.916244 -1.451084 2.793804
 59.200000 2.982883 -1.351508 1.126723
 59.400000 2.907186 -1.380338 1.919244
 59.600000 3.037817 -1.406300 2.553634
 59.800000 3.011024 -1.394902 0.967347
 60.000000 2.974264 -1.372744 0.302531
 60.200000 3.036851 -1.257657 12.041337
 60.400000 2.973176 -1.400434 0.027403
 60.600000 2.957295 -1.438793 0.952060
 60.800000 2.988406 -1.312956 3.697934
 61.000000 2.907531 -1.362165 2.353199
 61.200000 3.011835 -1.320950 3.838427
 61.400000 3.011302 -1.336030 2.792685
 61.600000 2.985343 -1.377011 0.352459
 61.800000 3.016096 -1.382593 1.295716
 62.000000 3.003454 -1.287658 6.559834
 62.200000 3.042951 -1.332229 4.929948
 62.400000 2.890952 -1.412636 3.030259
 62.600000 3.033188 -1.332340 4.229582
 62.800000 3.057970 -1.375128 4.355672
 63.000000 3.012539 -1.358970 1.729578
 63.200000 2.943174 -1.357630 1.031528
 63.400000 3.088891 -1.361128 8.038657
 63.600000 2.975529 -1.422968 0.392420
 63.800000 3.041216 -1.389663 2.771393
 64.000000 3.023768 -1.458443 3.541034
 64.200000 3.058888 -1.449914 5.655385
 64.400000 3.034825 -1.454264 3.978053
 64.600000 3.046727 -1.387741 3.209718
 64.800000 2.987801 -1.501467 5.749000
 65.000000 3.093784 -1.467965 10.600101
 65.200000 3.080375 -1.455059 8.148659
 65.400000 3.085896 -1.449939 8.501616
 65.600000 3.059155 -1.500535 9.677036
 65.800000 3.068253 -1.447523 6.433846
 66.000000 3.024345 -1.569809 16.699921
 66.200000 3.019377 -1.489110 5.678791
 66.400000 3.054935 -1.390720 3.876433
 66.600000 2.961810 -1.423017 0.371665
 66.800000 3.006791 -1.459245 2.772615
 67.000000 3.061792 -1.445152 5.682184
 67.200000 3.066986 -1.406409 5.044053
 67.400000 3.030406 -1.346902 3.224671
 67.600000 3.052458 -1.325128 6.176571
 67.800000 3.040328 -1.427149 3.161117
 68.000000 2.946015 -1.416796 0.432251
 68.200000 2.982035 -1.333037 2.110940
 68.400000 3.026265 -1.376807 1.941934
 68.600000 2.987923 -1.387939 0.252276
 68.800000 3.011465 -1.341973 2.459656
 69.000000 2.981766 -1.423908 0.490236
 69.200000 3.008657 -1.268409 9.038551
 69.400000 3.058291 -1.302076 8.597252
 69.600000 2.941643 -1.447975 1.660081
 69.800000 2.940914 -1.379548 0.481515
 70.000000 2.983374 -1.338608 1.795154
 70.200000 2.999128 -1.314249 3.877351
 70.400000 2.943419 -1.279524 7.093462
 70.600000 3.047953 -1.362063 3.856673
 70.800000 2.946585 -1.408110 0.279783
 71.000000 3.007045 -1.302283 5.215604
 71.200000 3.024101 -1.317039 4.765084
 71.400000 2.987909 -1.418221 0.458426
 71.600000 2.953552 -1.391276 0.103670
 71.800000 2.909468 -1.362448 2.230129
 72.000000 2.958042 -1.377431 0.217991
 72.200000 2.965525 -1.340536 1.553939
 72.400000 3.035454 -1.411277 2.451562
 72.600000 3.037135 -1.374115 2.700519
 72.800000 2.985560 -1.322109 2.920589
 73.000000 3.033368 -1.371542 2.503963
 73.200000 3.069534 -1.439296 6.176408
 73.400000 3.046670 -1.363744 3.697636
 73.600000 2.968254 -1.368018 0.399624
 73.800000 3.030476 -1.336581 3.791786
 74.000000 3.000970 -1.374481 0.812182
 74.200000 2.992732 -1.459199 2.309963
 74.400000 2.980227 -1.325034 2.623526
 74.600000 2.962836 -1.363966 0.530493
 74.800000 3.047228 -1.370257 3.551616
 75.000000 3.001406 -1.415133 0.767850
 75.200000 3.021394 -1.424280 1.868603
 75.400000 3.079935 -1.466648 8.847464
 75.600000 3.041832 -1.390583 2.811607
 75.800000 3.049081 -1.434311 4.087547
 76.000000 3.088548 -1.414745 7.550458
 76.200000 2.990676 -1.414040 0.436876
 76.400000 3.073453 -1.418716 5.911812
 76.600000 3.056998 -1.326800 6.457049
 76.800000 2.976795 -1.372897 0.320384
 77.000000 2.989136 -1.394549 0.245148
 77.200000 3.005693 -1.392858 0.752060
 77.400000 2.956589 -1.419635 0.327926
 77.600000 3.039796 -1.380597 2.767982
 77.800000 2.998018 -1.380605 0.601813
 78.000000 2.981356 -1.395507 0.102480
 78.200000 3.014730 -1.325012 3.674592
 78.400000 3.023368 -1.380642 1.707308
 78.600000 3.026263 -1.413135 1.894822
 78.800000 3.015401 -1.357607 1.915606
 79.000000 2.923865 -1.308784 4.759218
 79.200000 3.053036 -1.315912 6.924094
 79.400000 3.043653 -1.410392 3.033080
 79.600000 2.963801 -1.462144 2.175427
 79.800000 3.053218 -1.402639 3.731918
 80.000000 2.976723 -1.392456 0.053940
 80.200000 2.998064 -1.417316 0.702230
 80.400000 3.119707 -1.416336 11.852064
 80.600000 3.051938 -1.365791 4.066432
 80.800000 2.994865 -1.367535 0.799234
 81.000000 3.019000 -1.289610 7.036327
 81.200000 3.049620 -1.394421 3.409801
 81.400000 2.968754 -1.430734 0.595546
 81.600000 2.989492 -1.374684 0.484443
 81.800000 3.094582 -1.467063 10.637274
 82.000000 3.005266 -1.427449 1.216115
 82.200000 2.992907 -1.475267 3.454806
 82.400000 3.020405 -1.334256 3.345325
 82.600000 2.967452 -1.365601 0.470158
 82.800000 2.993197 -1.346906 1.559656
 83.000000 2.963553 -1.364063 0.524579
 83.200000 2.966813 -1.392982 0.005414
 83.400000 2.983686 -1.442906 1.225969
 83.600000 3.049029 -1.363626 3.892115
 83.800000 2.945210 -1.314987 3.541630
 84.000000 3.035264 -1.370802 2.650074
 84.200000 3.044779 -1.292390 8.414934
 84.400000 2.936929 -1.283726 6.786234
 84.600000 3.001901 -1.358362 1.325218
 84.800000 3.119565 -1.366388 12.075204
 85.000000 2.885120 -1.426385 3.810678
 85.200000 3.001419 -1.400974 0.601368
 85.400000 3.001601 -1.421306 0.910111
 85.600000 2.891845 -1.385549 2.886026
 85.800000 3.022482 -1.306552 5.559948
 86.000000 2.935823 -1.394907 0.488785
 86.200000 3.032993 -1.362291 2.750637
 86.400000 2.972966 -1.363914 0.540691
 86.600000 2.914556 -1.364857 1.871493
 86.800000 3.000488 -1.388981 0.585242
 87.000000 2.901928 -1.448599 3.490586
 87.200000 3.031318 -1.466871 4.557284
 87.400000 3.051565 -1.378317 3.731602
 87.600000 2.958324 -1.472373 2.934483
 87.800000 3.101297 -1.448606 10.379707
 88.000000 2.979727 -1.438546 0.974129
 88.200000 3.051632 -1.438263 4.458259
 88.400000 3.079034 -1.380757 6.389399
 88.600000 2.949363 -1.394606 0.157954
 88.800000 2.989486 -1.425154 0.668806
 89.000000 3.013351 -1.423120 1.432065
 89.200000 2.958666 -1.421006 0.341333
 89.400000 3.038795 -1.492338 7.188145
 89.600000 3.055054 -1.428519 4.391719
 89.800000 3.003196 -1.482064 4.333760
 90.000000 3.091629 -1.376513 7.953771
 90.200000 2.987335 -1.416786 0.416135
 90.400000 3.091684 -1.423718 8.142477
 90.600000 3.013930 -1.408184 1.169463
 90.800000 3.059540 -1.428000 4.779902
 91.000000 3.053330 -1.367733 4.128239
 91.200000 3.012500 -1.332710 3.051925
 91.400000 2.998267 -1.397337 0.487534
 91.600000 3.004638 -1.386273 0.755961
 91.800000 3.009998 -1.416518 1.126977
 92.000000 3.026737 -1.325224 4.304034
 92.200000 3.012753 -1.330181 3.227368
 92.400000 3.043094 -1.414955 3.065293
 92.600000 3.043868 -1.346776 4.174248
 92.800000 2.982902 -1.380753 0.245780
 93.000000 2.980719 -1.402698 0.113993
 93.200000 2.945221 -1.409806 0.330169
 93.400000 2.957803 -1.386864 0.087011
 93.600000 3.006205 -1.415385 0.948993
 93.800000 3.046607 -1.328898 5.432976
 94.000000 2.979191 -1.408500 0.148451
 94.200000 3.003186 -1.459149 2.629872
 94.400000 3.038784 -1.366030 3.029211
 94.600000 3.003315 -1.402621 0.677441
 94.800000 2.967466 -1.431151 0.608644
 95.000000 3.021444 -1.395884 1.478893
 95.200000 2.943436 -1.351987 1.259266
 95.400000 2.990928 -1.329050 2.543669
 95.600000 3.006584 -1.344675 2.111783
 95.800000 2.959360 -1.392823 0.035563
 96.000000 3.006142 -1.335502 2.609677
 96.200000 3.062614 -1.340418 6.124656
 96.400000 3.012664 -1.389058 1.065837
 96.600000 3.001281 -1.419611 0.858097
 96.800000 3.001695 -1.407451 0.662367
 97.000000 2.972773 -1.438766 0.919555
 97.200000 3.045934 -1.322932 5.799365
 97.400000 3.074998 -1.279251 12.671286
 97.600000 3.019307 -1.407249 1.425260
 97.800000 2.975573 -1.438640 0.934142
 98.000000 3.063112 -1.327186 6.998891
 98.200000 2.997753 -1.408700 0.548369
 98.400000 3.025349 -1.362245 2.277422
 98.600000 3.137581 -1.414997 14.714179
 98.800000 3.017420 -1.424713 1.672753
 99.000000 2.983825 -1.419745 0.416234
 99.200000 3.079667 -1.420578 6.635771
 99.400000 2.974576 -1.401570 0.042323
 99.600000 3.017886 -1.357600 2.039042
 99.800000 3.045744 -1.396957 3.095819
 100.000000 3.064287 -1.346650 5.957279
 100.200000 2.968978 -1.395230 0.002374
 100.400000 3.046005 -1.359802 3.780916
 100.600000 3.039797 -1.389018 2.671616
 100.800000 2.961845 -1.431113 0.620831
 101.000000 3.026488 -1.323893 4.384594
 101.200000 2.970252 -1.364228 0.518212
 101.400000 2.950161 -1.385173 0.204279
 101.600000 3.049890 -1.371803 3.729613
 101.800000 2.950824 -1.397830 0.133032
 102.000000 3.017061 -1.395798 1.250157
 102.200000 3.074059 -1.410310 5.823019
 102.400000 3.008953 -1.352836 1.820516
 102.600000 2.985673 -1.392832 0.179116
 102.800000 2.952642 -1.420941 0.408442
 103.000000 2.970318 -1.388482 0.035587
 103.200000 2.932384 -1.428449 1.119175
 103.400000 2.981089 -1.461413 2.220647
 103.600000 3.040564 -1.396967 2.701700
 103.800000 2.975706 -1.356904 0.811976
 104.000000 3.005629 -1.408427 0.817785
 104.200000 3.052482 -1.452832 5.248501
 104.400000 3.041827 -1.456148 4.588177
 104.600000 3.089549 -1.436339 8.304890
 104.800000 3.053053 -1.470645 6.463748
 105.000000 3.070156 -1.477120 8.583356
 105.200000 3.051788 -1.451394 5.109095
 105.400000 2.994199 -1.453837 2.025636
 105.600000 3.085396 -1.467782 9.559159
 105.800000 3.091351 -1.352360 8.687945
 106.000000 2.989515 -1.435029 1.003524
 106.200000 3.045816 -1.384742 3.167651
 106.400000 3.061616 -1.424303 4.863526
 106.600000 3.048416 -1.426583 3.769086
 106.800000 3.014555 -1.356830 1.905396
 107.000000 2.899695 -1.346417 3.511312
 107.200000 3.021267 -1.349872 2.545294
 107.400000 2.899636 -1.398515 2.275493
 107.600000 2.981321 -1.340187 1.673966
 107.800000 3.006200 -1.367212 1.187966
 108.000000 3.051412 -1.439102 4.475200
 108.200000 3.016453 -1.381575 1.327709
 108.400000 2.900586 -1.417490 2.434644
 108.600000 2.983714 -1.422137 0.473397
 108.800000 3.000860 -1.331847 2.645934
 109.000000 2.934765 -1.355997 1.332158
 109.200000 2.987194 -1.437092 1.036165
 109.400000 3.002707 -1.434569 1.369011
 109.600000 2.985711 -1.370964 0.493971
 109.800000 3.003102 -1.285986 6.730114
 110.000000 2.955446 -1.396846 0.067605
 110.200000 3.050231 -1.362914 4.014865
 110.400000 2.976202 -1.331025 2.169847
 110.600000 2.970539 -1.386985 0.049094
 110.800000 2.997024 -1.374850 0.678178
 111.000000 3.015291 -1.402197 1.180724
 111.200000 2.938842 -1.430600 0.987614
 111.400000 2.990142 -1.402429 0.285401
 111.600000 3.001708 -1.384329 0.671462
 111.800000 3.076021 -1.366290 6.385520
 112.000000 3.038284 -1.489223 6.857182
 112.200000 3.041079 -1.424631 3.141768
 112.400000 3.052252 -1.319740 6.556750
 112.600000 3.049485 -1.403312 3.421845
 112.800000 2.969948 -1.500377 5.423991
 113.000000 3.056492 -1.439863 4.949518
 113.200000 2.995416 -1.506479 6.475778
 113.400000 2.987972 -1.445656 1.438456
 113.600000 3.021776 -1.396297 1.496956
 113.800000 3.012522 -1.427040 1.507018
 114.000000 3.103808 -1.385971 9.403075
 114.200000 3.039156 -1.396119 2.598924
 114.400000 3.029969 -1.373322 2.241945
 114.600000 3.028192 -1.372973 2.139806
 114.800000 2.961401 -1.387719 0.052513
 115.000000 2.972656 -1.346554 1.251178
 115.200000 3.018471 -1.362251 1.899964
 115.400000 2.933776 -1.366603 0.993747
 115.600000 3.063898 -1.340366 6.251092
 115.800000 2.915629 -1.423929 1.705238
 116.000000 2.982716 -1.342761 1.553834
 116.200000 2.992181 -1.322084 3.066797
 116.400000 3.020121 -1.345488 2.696806
 116.600000 2.993019 -1.350260 1.395102
 116.800000 2.945597 -1.392652 0.236846
 117.000000 3.020378 -1.303674 5.707752
 117.200000 2.991964 -1.383473 0.391900
 117.400000 2.927290 -1.411496 0.906834
 117.600000 3.031952 -1.400722 2.115414
 117.800000 3.086468 -1.365577 7.599956
 118.000000 3.006721 -1.359159 1.474871
 118.200000 3.061874 -1.324968 7.036440
 118.400000 2.998259 -1.410225 0.584167
 118.600000 2.965387 -1.390500 0.018010
 118.800000 2.978147 -1.356400 0.856019
 119.000000 3.042324 -1.320038 5.737478
 119.200000 3.006523 -1.444275 1.931208
 119.400000 3.123430 -1.342616 13.664873
 119.600000 3.053713 -1.383909 3.830717
 119.800000 2.977048 -1.328894 2.319177
 120.000000 3.039612 -1.300393 7.227464
 120.200000 2.993593 -1.459636 2.360044
 120.400000 2.955892 -1.445039 1.251881
 120.600000 3.045850 -1.331055 5.230024
 120.800000 3.028378 -1.384283 1.951727
 121.000000 2.952348 -1.349777 1.188686
 121.200000 2.979407 -1.440527 1.055870
 121.400000 2.962183 -1.355838 0.828987
 121.600000 3.018691 -1.382580 1.426532
 121.800000 3.061994 -1.435334 5.269549
 122.000000 3.095506 -1.366082 8.704697
 122.200000 2.920848 -1.491196 5.573832
 122.400000 3.054612 -1.489596 8.188219
 122.600000 3.019551 -1.397715 1.378734
 122.800000 2.884353 -1.396908 3.420450
 123.000000 3.046036 -1.373868 3.369365
 123.200000 3.077546 -1.356778 6.883124
 123.400000 2.930369 -1.402733 0.694042
 123.600000 3.075066 -1.361545 6.435345
 123.800000 3.085897 -1.367907 7.463140
 124.000000 2.952722 -1.410539 0.204689
 124.200000 3.017370 -1.370174 1.605900
 124.400000 3.051432 -1.398047 3.560900
 124.600000 3.006161 -1.350257 1.822760
 124.800000 2.906905 -1.351871 2.794635
 125.000000 3.054756 -1.346656 5.075746
 125.200000 3.010225 -1.362143 1.513708
 125.400000 2.958079 -1.304721 4.230354
 125.600000 2.997308 -1.272514 8.114472
 125.800000 3.016596 -1.430195 1.802587
 126.000000 2.966453 -1.466417 2.460914
 126.200000 3.004869 -1.268930 8.821599
 126.400000 2.970360 -1.363612 0.538507
 126.600000 2.968851 -1.315686 3.247935
 126.800000 3.064435 -1.362305 5.317522
 127.000000 3.017401 -1.398435 1.269492
 127.200000 3.043165 -1.292600 8.269069
 127.400000 3.024837 -1.311546 5.257570
 127.600000 2.958977 -1.330785 2.176348
 127.800000 2.971379 -1.428176 0.518547
 128.000000 2.947468 -1.313738 3.597173
 128.200000 3.037716 -1.314641 5.827296
 128.400000 3.034577 -1.403417 2.304905
 128.600000 3.006222 -1.294264 5.968763
 128.800000 2.934355 -1.369593 0.890444
 129.000000 2.943094 -1.350334 1.341915
 129.200000 2.976367 -1.293418 5.331902
 129.400000 2.960129 -1.341001 1.551004
 129.600000 3.060238 -1.430396 4.923563
 129.800000 3.077096 -1.453597 7.697581
 130.000000 2.951424 -1.337034 1.876270
 130.200000 2.944133 -1.292450 5.651423
 130.400000 3.007114 -1.402763 0.823298
 130.600000 2.982708 -1.470168 2.853406
 130.800000 2.972587 -1.385496 0.073245
 131.000000 3.043816 -1.307332 6.900151
 131.200000 3.071488 -1.368105 5.849074
 131.400000 2.943818 -1.457159 2.124265
 131.600000 3.032482 -1.459976 4.169686
 131.800000 3.055155 -1.438886 4.788747
 132.000000 3.035437 -1.302348 6.747822
 132.200000 3.093176 -1.323921 10.569371
 132.400000 3.106458 -1.482412 13.426778
 132.600000 2.988347 -1.519733 7.848972
 132.800000 2.970936 -1.374062 0.253970
 133.000000 2.937377 -1.341851 1.920853
 133.200000 3.010116 -1.439944 1.880906
 133.400000 2.996308 -1.484524 4.322676
 133.600000 2.993524 -1.418759 0.603200
 133.800000 3.013956 -1.471936 3.962802
 134.000000 3.087227 -1.387670 7.257028
 134.200000 3.048175 -1.348767 4.417836
 134.400000 2.942313 -1.403452 0.332047
 134.600000 2.974222 -1.399799 0.031901
 134.800000 2.980433 -1.279538 6.901822
 135.000000 2.943470 -1.323888 2.897331
 135.200000 2.948539 -1.388864 0.198889
 135.400000 3.006615 -1.378098 0.947323
 135.600000 2.964112 -1.352887 0.945109
 135.800000 3.001570 -1.351836 1.582361
 136.000000 2.997668 -1.388919 0.495398
 136.200000 3.055115 -1.380950 3.994151
 136.400000 2.999275 -1.335990 2.335381
 136.600000 2.994752 -1.314342 3.738961
 136.800000 2.962426 -1.358099 0.738981
 137.000000 2.972858 -1.435507 0.786835
 137.200000 3.092740 -1.424923 8.308485
 137.400000 3.003177 -1.422592 0.998819
 137.600000 3.006404 -1.383006 0.861849
 137.800000 2.986346 -1.328128 2.507193
 138.000000 3.015963 -1.400695 1.205581
 138.200000 2.907379 -1.417073 1.997399
 138.400000 3.017138 -1.398834 1.257245
 138.600000 2.997892 -1.336590 2.255750
 138.800000 2.986965 -1.356375 0.993652
 139.000000 2.942765 -1.424557 0.695374
 139.200000 3.069844 -1.422186 5.618327
 139.400000 2.937254 -1.372564 0.725006
 139.600000 2.942208 -1.273251 7.874823
 139.800000 3.060232 -1.370809 4.664522
 140.000000 3.010109 -1.467425 3.458623
 140.200000 2.997206 -1.361009 1.075850
 140.400000 2.990999 -1.368151 0.681686
 140.600000 2.917122 -1.370283 1.584412
 140.800000 3.075730 -1.432181 6.549679
 141.000000 3.087223 -1.465987 9.650342
 141.200000 3.006231 -1.416214 0.966233
 141.400000 2.991491 -1.434052 1.012436
 141.600000 3.096690 -1.380216 8.530703
 141.800000 2.983406 -1.401843 0.149172
 142.000000 -3.133548 -1.384568 16.735747
 142.200000 3.028037 -1.451838 3.403352
 142.400000 3.013852 -1.310597 4.764160
 142.600000 2.950911 -1.400886 0.141071
 142.800000 3.029924 -1.413723 2.128345
 143.000000 3.000442 -1.330731 2.704457
 143.200000 3.013543 -1.347298 2.279156
 143.400000 3.061475 -1.434120 5.173706
 143.600000 2.998547 -1.425747 0.930391
 143.800000 3.025352 -1.356892 2.474047
 144.000000 2.925241 -1.369567 1.230749
 144.200000 3.076411 -1.360194 6.629386
 144.400000 3.016922 -1.371200 1.557226
 144.600000 2.988252 -1.348244 1.377496
 144.800000 3.024903 -1.356679 2.456364
 145.000000 3.062710 -1.379517 4.714699
 145.200000 3.007902 -1.460576 2.902094
 145.400000 3.041717 -1.334578 4.689391
 145.600000 2.979387 -1.328404 2.378402
 145.800000 2.937614 -1.389957 0.453405
 146.000000 3.025367 -1.369328 2.062654
 146.200000 2.980722 -1.390761 0.108462
 146.400000 2.983561 -1.438519 1.028917
 146.600000 3.024925 -1.332581 3.701976
 146.800000 3.003020 -1.295787 5.694362
 147.000000 2.973542 -1.359898 0.682223
 147.200000 3.008037 -1.450121 2.289877
 147.400000 3.031460 -1.274099 9.535855
 147.600000 2.886150 -1.336605 5.052716
 147.800000 3.014668 -1.389607 1.155401
 148.000000 3.059365 -1.481190 7.866350
 148.200000 2.973415 -1.458519 1.958054
 148.400000 3.025830 -1.289380 7.439031
 148.600000 3.018256 -1.297878 6.150343
 148.800000 2.982806 -1.409377 0.209963
 149.000000 2.973371 -1.404235 0.051692
 149.200000 3.031659 -1.247944 13.085787
 149.400000 2.986943 -1.333619 2.159824
 149.600000 3.017706 -1.337530 3.007312
 149.800000 3.042762 -1.340428 4.424208
 150.000000 2.932172 -1.433852 1.315023
 150.200000 2.970613 -1.325490 2.510769
 150.400000 2.955434 -1.292007 5.502296
 150.600000 2.969145 -1.390503 0.018764
 150.800000 2.941535 -1.354246 1.208477
 151.000000 3.037781 -1.283167 8.896119
 151.200000 2.950283 -1.305547 4.255462
 151.400000 2.950903 -1.308276 4.001427
 151.600000 2.950053 -1.383046 0.231970
 151.800000 2.898302 -1.374734 2.595584
 152.000000 2.997901 -1.357826 1.214293
 152.200000 2.977779 -1.361508 0.661432
 152.400000 2.970761 -1.418648 0.257374
 152.600000 2.973472 -1.349236 1.126358
 152.800000 3.046305 -1.370468 3.472624
 153.000000 3.034832 -1.256661 12.040962
 153.200000 2.979894 -1.348253 1.234866
 153.400000 3.012599 -1.420515 1.330989
 153.600000 3.048873 -1.395163 3.347288
 153.800000 2.971815 -1.414973 0.186331
 154.000000 2.975196 -1.414834 0.205542
 154.200000 3.116218 -1.441574 12.150586
 154.400000 3.041340 -1.474866 5.847949
 154.600000 3.042234 -1.386972 2.868726
 154.800000 3.099412 -1.334175 10.686082
 155.000000 3.018880 -1.449796 2.775504
 155.200000 3.036530 -1.492950 7.087185
 155.400000 3.016108 -1.378668 1.357671
 155.600000 3.060127 -1.389979 4.350491
 155.800000 3.062182 -1.367037 4.951206
 156.000000 3.052354 -1.443740 4.764563
 156.200000 2.961013 -1.416624 0.225556
 156.400000 3.027724 -1.379228 1.985170
 156.600000 3.051366 -1.417925 3.788430
 156.800000 3.036662 -1.374668 2.655461
 157.000000 3.010340 -1.463130 3.172153
 157.200000 3.038344 -1.392185 2.549069
 157.400000 2.977857 -1.374152 0.302739
 157.600000 2.933178 -1.422898 0.928693
 157.800000 3.085770 -1.377695 7.218461
 158.000000 3.040817 -1.391462 2.731603
 158.200000 2.969460 -1.410973 0.111074
 158.400000 3.036295 -1.289311 8.116159
 158.600000 2.998819 -1.403559 0.530935
 158.800000 2.947677 -1.320039 3.092922
 159.000000 3.007498 -1.316220 4.021069
 159.200000 2.960200 -1.354787 0.883679
 159.400000 3.015688 -1.361965 1.770558
 159.600000 2.984355 -1.399891 0.156147
 159.800000 2.994475 -1.381009 0.492155
 160.000000 2.986054 -1.337873 1.885139
 160.200000 2.909406 -1.312228 5.192918
 160.400000 2.964988 -1.321642 2.786347
 160.600000 3.073648 -1.378011 5.847150
 160.800000 3.013601 -1.365919 1.543452
 161.000000 3.014551 -1.383367 1.210890
 161.200000 2.984499 -1.430990 0.755029
 161.400000 3.021062 -1.366319 1.906433
 161.600000 2.955126 -1.331380 2.176109
 161.800000 2.975767 -1.384806 0.103539
 162.000000 2.988814 -1.371982 0.531424
 162.200000 2.891427 -1.432212 3.506305
 162.400000 2.928631 -1.415473 0.922889
 162.600000 3.023759 -1.499607 6.947404
 162.800000 2.966368 -1.424760 0.406267
 163.000000 3.019614 -1.452835 2.981121
 163.200000 3.061451 -1.423997 4.839436
 163.400000 3.068355 -1.428696 5.656294
 163.600000 3.026629 -1.488948 6.069434
 163.800000 3.102153 -1.452783 10.722380
 164.000000 3.010967 -1.452117 2.523757
 164.200000 3.018064 -1.455796 3.072739
 164.400000 3.043471 -1.385934 2.972690
 164.600000 3.008393 -1.455279 2.595598
 164.800000 2.982668 -1.367782 0.527395
 165.000000 2.979161 -1.322047 2.827233
 165.200000 2.999004 -1.376212 0.711243
 165.400000 2.958520 -1.344484 1.377040
 165.600000 2.996441 -1.390168 0.450207
 165.800000 3.023148 -1.364984 2.062119
 166.000000 3.031784 -1.350481 3.142627
 166.200000 3.010687 -1.326924 3.355662
 166.400000 2.993061 -1.321474 3.134763
 166.600000 3.039843 -1.372053 2.941808
 166.800000 2.993714 -1.458865 2.314704
 167.000000 2.987900 -1.271533 7.996007
 167.200000 2.932565 -1.353191 1.522548
 167.400000 2.987830 -1.369736 0.567549
 167.600000 3.020228 -1.380112 1.543876
 167.800000 2.971684 -1.376082 0.214339
 168.000000 3.030558 -1.391704 2.026427
 168.200000 3.042807 -1.346962 4.084111
 168.400000 2.904637 -1.368938 2.321658
 168.600000 2.993185 -1.459129 2.317287
 168.800000 3.042678 -1.358414 3.575335
 169.000000 2.969907 -1.325217 2.527839
 169.200000 3.012153 -1.377222 1.197977
 169.400000 3.102154 -1.384170 9.198338
 169.600000 3.006465 -1.484393 4.659817
 169.800000 2.981197 -1.396238 0.099938
 170.000000 2.985972 -1.376109 0.381924
 170.200000 3.011872 -1.459396 2.996923
 170.400000 2.962067 -1.444034 1.153486
 170.600000 3.004267 -1.416800 0.903062
 170.800000 3.076150 -1.381748 6.055670
 171.000000 3.045735 -1.400428 3.103581
 171.200000 3.027716 -1.413207 1.983140
 171.400000 2.994256 -1.425936 0.810061
 171.600000 3.034542 -1.413256 2.421326
 171.800000 3.007797 -1.333841 2.778038
 172.000000 2.982913 -1.350441 1.175508
 172.200000 3.063097 -1.513862 11.526353
 172.400000 2.999991 -1.512903 7.344592
 172.600000 3.021789 -1.307689 5.420399
 172.800000 3.021425 -1.332203 3.529660
 173.000000 2.944907 -1.431613 0.870153
 173.200000 3.028900 -1.421034 2.218925
 173.400000 3.000820 -1.369796 0.920150
 173.600000 3.003540 -1.430749 1.260011
 173.800000 3.024172 -1.450678 3.111397
 174.000000 3.079631 -1.451927 7.885428
 174.200000 3.053325 -1.339896 5.309516
 174.400000 3.022965 -1.410965 1.670747
 174.600000 3.040548 -1.486671 6.787040
 174.800000 2.992760 -1.376272 0.530090
 175.000000 2.971616 -1.447930 1.345080
 175.200000 3.036732 -1.355932 3.240444
 175.400000 2.980100 -1.311803 3.651814
 175.600000 2.949860 -1.425368 0.571471
 175.800000 3.024731 -1.375226 1.884265
 176.000000 3.026001 -1.449365 3.146951
 176.200000 2.977992 -1.473860 3.070336
 176.400000 3.037126 -1.381309 2.566478
 176.600000 2.984446 -1.437478 1.000477
 176.800000 3.070083 -1.444753 6.482564
 177.000000 2.949309 -1.450678 1.638034
 177.200000 3.084830 -1.402459 6.954153
 177.400000 2.997844 -1.384687 0.540854
 177.600000 3.070371 -1.417391 5.559757
 177.800000 3.042732 -1.366634 3.302088
 178.000000 3.062747 -1.401818 4.593490
 178.200000 3.037559 -1.464890 4.839827
 178.400000 3.035990 -1.307013 6.358480
 178.600000 2.986234 -1.442514 1.253373
 178.800000 2.986519 -1.487024 4.308102
 179.000000 2.904709 -1.339643 3.546783
 179.200000 2.978184 -1.375089 0.286048
 179.400000 3.006647 -1.293145 6.100313
 179.600000 2.956122 -1.325825 2.540616
 179.800000 2.987982 -1.421271 0.531568
 180.000000 3.020825 -1.304759 5.631883
 180.200000 3.028187 -1.297689 6.726681
 180.400000 2.996499 -1.423161 0.795091
 180.600000 3.008769 -1.351427 1.874980
 180.800000 2.939281 -1.344800 1.710067
 181.000000 2.987190 -1.344469 1.543942
 181.200000 2.998198 -1.285247 6.647094
 181.400000 3.021817 -1.347659 2.680413
 181.600000 2.957748 -1.416963 0.257584
 181.800000 2.964869 -1.289213 5.732268
 182.000000 3.014426 -1.332633 3.146226
 182.200000 2.994840 -1.356919 1.159872
 182.400000 2.983812 -1.327799 2.484047
 182.600000 3.073947 -1.437108 6.546618
 182.800000 3.020358 -1.409251 1.504688
 183.000000 3.092158 -1.341670 9.315042
 183.200000 3.040208 -1.447635 3.994833
 183.400000 3.044313 -1.479776 6.471210
 183.600000 2.975696 -1.357535 0.787231
 183.800000 2.929420 -1.463620 2.976821
 184.000000 3.061108 -1.385963 4.475568
 184.200000 3.065454 -1.340924 6.371992
 184.400000 3.013671 -1.485848 5.099017
 184.600000 2.993780 -1.356016 1.166936
 184.800000 3.058898 -1.344142 5.575436
 185.000000 3.051173 -1.439158 4.457522
 185.200000 3.015487 -1.430485 1.758185
 185.400000 2.903604 -1.369032 2.384053
 185.600000 3.064598 -1.350219 5.816870
 185.800000 2.933150 -1.410724 0.679493
 186.000000 2.985376 -1.416741 0.377398
 186.200000 3.032956 -1.303119 6.509121
 186.400000 2.979457 -1.380415 0.202441
 186.600000 2.981255 -1.348676 1.233013
 186.800000 3.085669 -1.329523 9.261266
 187.000000 2.935606 -1.344858 1.815917
 187.200000 3.063800 -1.330346 6.851933
 187.400000 3.047949 -1.430849 3.869568
 187.600000 2.970278 -1.446433 1.263673
 187.800000 2.950811 -1.324828 2.683539
 188.000000 3.004403 -1.384622 0.765001
 188.200000 3.016207 -1.390960 1.221811
 188.400000 2.960571 -1.402043 0.037750
 188.600000 3.034395 -1.355173 3.111186
 188.800000 3.011403 -1.322935 3.671661
 189.000000 3.005593 -1.395250 0.742914
 189.200000 2.970706 -1.395587 0.006876
 189.400000 3.034314 -1.409872 2.354158
 189.600000 2.992904 -1.315197 3.619869
 189.800000 3.018280 -1.403763 1.339864
 190.000000 2.968174 -1.379068 0.148456
 190.200000 3.023722 -1.428893 2.137633
 190.400000 2.995081 -1.433239 1.076204
 190.600000 3.041740 -1.336894 4.550919
 190.800000 2.943812 -1.421256 0.582524
 191.000000 3.072592 -1.453556 7.209737
 191.200000 3.000571 -1.418173 0.801508
 191.400000 2.982125 -1.352052 1.090787
 191.600000 3.035888 -1.389554 2.391196
 191.800000 3.075973 -1.365732 6.397093
 192.000000 3.006258 -1.387227 0.809077
 192.200000 2.881221 -1.425064 4.098864
 192.400000 3.061511 -1.354948 5.314025
 192.600000 2.936221 -1.422144 0.810403
 192.800000 2.954681 -1.465580 2.479002
 193.000000 3.079092 -1.373966 6.524145
 193.200000 3.045024 -1.400248 3.047178
 193.400000 3.081120 -1.349076 7.618250
 193.600000 2.958902 -1.372439 0.317065
 193.800000 3.052024 -1.385699 3.665247
 194.000000 3.072161 -1.308849 9.343762
 194.200000 2.892841 -1.336076 4.565461
 194.400000 2.999887 -1.383784 0.616680
 194.600000 2.994433 -1.414920 0.548694
 194.800000 2.924621 -1.397593 0.901400
 195.000000 2.992088 -1.321647 3.096979
 195.200000 3.027452 -1.394198 1.825758
 195.400000 3.076832 -1.316153 9.233767
 195.600000 2.999954 -1.384928 0.605258
 195.800000 3.005992 -1.460022 2.790427
 196.000000 3.039575 -1.396635 2.629307
 196.200000 2.993867 -1.469903 3.070742
 196.400000 3.002026 -1.360677 1.244531
 196.600000 3.033841 -1.347283 3.429383
 196.800000 2.902819 -1.456266 3.863630
 197.000000 3.100654 -1.403598 8.950630
 197.200000 2.972028 -1.396199 0.012346
 197.400000 3.122708 -1.384054 12.187684
 197.600000 3.059889 -1.446771 5.584129
 197.800000 3.029255 -1.399535 1.939484
 198.000000 3.076519 -1.385259 6.051241
 198.200000 3.034895 -1.387753 2.337035
 198.400000 3.003374 -1.386163 0.710378
 198.600000 3.011835 -1.394343 1.004253
 198.800000 3.005023 -1.427042 1.194273
 199.000000 3.008245 -1.448153 2.194362
 199.200000 3.081981 -1.390540 6.619827
 199.400000 2.980155 -1.334061 2.020305
 199.600000 3.011134 -1.366453 1.415580
 199.800000 2.969293 -1.386527 0.049890
 200.000000 3.007214 -1.355847 1.622943
