#! FIELDS time phi psi restraint.bias
#! SET min_phi -pi
#! SET max_phi pi
#! SET min_psi -pi
#! SET max_psi pi
 0.000000 -2.430034 2.357961 152.291935
 0.200000 -2.083914 1.931442 0.121968
 0.400000 -1.976319 1.858480 8.854895
 0.600000 -2.102086 1.995518 2.891444
 0.800000 -2.150580 1.955609 2.217276
 1.000000 -2.187901 1.952190 4.894273
 1.200000 -2.074786 1.896036 0.476112
 1.400000 -2.010825 1.903480 3.626133
 1.600000 -2.166102 1.929501 2.617368
 1.800000 -2.022108 1.863840 4.181992
 2.000000 -2.011313 1.927764 3.482496
 2.200000 -2.054289 1.973865 2.262393
 2.400000 -2.095622 1.959020 0.767408
 2.600000 -2.098731 1.884653 0.629248
 2.800000 -2.160136 1.907859 2.232940
 3.000000 -2.161895 1.977379 3.932183
 3.200000 -2.017319 1.890590 3.398772
 3.400000 -1.988149 1.973298 7.071776
 3.600000 -2.079318 1.892366 0.491673
 3.800000 -2.112198 1.999047 3.293602
 4.000000 -2.002943 1.908926 4.241575
 4.200000 -2.072881 1.930167 0.284527
 4.400000 -2.086919 1.982784 2.007543
 4.600000 -2.086956 1.953462 0.592148
 4.800000 -2.049152 1.907983 1.094010
 5.000000 -2.063073 1.935521 0.613148
 5.200000 -2.117117 1.931036 0.320577
 5.400000 -2.122776 1.899012 0.620109
 5.600000 -2.106277 1.929723 0.119203
 5.800000 -2.113438 1.931353 0.247342
 6.000000 -2.128811 1.975100 2.117828
 6.200000 -2.050345 1.968772 2.166294
 6.400000 -2.110872 1.845542 2.897487
 6.600000 -2.179275 1.913128 3.624964
 6.800000 -2.090316 1.928085 0.042127
 7.000000 -2.156226 1.941430 2.144108
 7.200000 -2.178702 1.890317 3.990289
 7.400000 -2.093564 2.014874 4.513928
 7.600000 -2.075140 1.954444 0.783341
 7.800000 -2.001943 1.869488 5.542454
 8.000000 -2.116836 1.922493 0.255269
 8.200000 -2.181998 1.979712 5.628148
 8.400000 -2.106734 1.888278 0.574908
 8.600000 -2.135835 1.971635 2.198856
 8.800000 -2.086218 1.987146 2.297006
 9.000000 -2.106306 1.974311 1.553285
 9.200000 -2.106819 1.968394 1.254857
 9.400000 -1.989759 1.938896 5.655464
 9.600000 -2.061667 2.024849 6.046723
 9.800000 -2.137543 1.896006 1.215426
 10.000000 -2.036951 1.890029 2.094901
 10.200000 -2.155164 1.914777 1.859368
 10.400000 -2.154142 1.927544 1.814331
 10.600000 -1.981446 1.855185 8.470257
 10.800000 -2.081281 1.837788 3.454052
 11.000000 -2.062263 2.021004 5.631028
 11.200000 -2.064141 1.799131 7.745645
 11.400000 -2.131285 1.874754 1.697813
 11.600000 -2.037858 1.883108 2.273665
 11.800000 -2.138644 1.870388 2.202851
 12.000000 -2.144957 1.904312 1.399151
 12.200000 -2.141163 1.933828 1.191135
 12.400000 -2.089628 1.896071 0.294361
 12.600000 -2.037979 1.969395 2.818147
 12.800000 -1.976718 1.914839 6.936513
 13.000000 -2.096072 1.995681 2.875635
 13.200000 -2.139665 1.945521 1.353878
 13.400000 -2.139229 1.956549 1.678011
 13.600000 -2.094561 1.969633 1.238591
 13.800000 -2.015702 1.980890 4.958513
 14.000000 -2.099140 1.950277 0.473779
 14.200000 -2.021629 1.911693 2.680791
 14.400000 -2.003685 1.928768 4.153839
 14.600000 -2.044914 1.957654 1.938304
 14.800000 -2.018836 1.951601 3.358227
 15.000000 -2.066855 1.922966 0.384059
 15.200000 -2.136599 1.949361 1.325652
 15.400000 -2.075020 1.890865 0.608109
 15.600000 -2.017774 1.961638 3.808030
 15.800000 -2.040073 1.853173 3.699171
 16.000000 -2.048836 1.839969 4.229249
 16.200000 -2.089341 1.862866 1.637031
 16.400000 -2.155966 1.841206 4.988871
 16.600000 -2.097029 1.906512 0.092583
 16.800000 -2.133786 1.823219 5.445795
 17.000000 -2.145372 1.954694 1.905982
 17.200000 -2.066999 1.951038 0.861227
 17.400000 -2.095760 1.921877 0.002962
 17.600000 -2.091029 1.912859 0.030187
 17.800000 -2.072583 1.976472 1.840209
 18.000000 -2.150174 1.983498 3.580365
 18.200000 -2.170649 1.945986 3.248563
 18.400000 -2.058627 2.039526 7.799423
 18.600000 -2.098642 2.031274 6.215285
 18.800000 -2.108156 2.030667 6.233488
 19.000000 -2.137586 1.960518 1.759172
 19.200000 -2.205479 1.977277 7.818021
 19.400000 -2.169897 1.913552 2.870215
 19.600000 -2.068445 1.920316 0.336808
 19.800000 -2.063568 2.026553 6.166607
 20.000000 -2.120448 1.959264 1.115618
 20.200000 -2.097604 1.938359 0.176215
 20.400000 -2.099919 1.910408 0.059954
 20.600000 -2.093312 1.858512 1.882519
 20.800000 -2.072025 1.857886 2.170710
 21.000000 -2.174095 1.924572 3.187106
 21.200000 -2.192466 1.945271 5.131809
 21.400000 -2.111681 1.801531 7.150535
 21.600000 -2.057535 1.991464 3.242716
 21.800000 -2.175603 1.839546 6.522714
 22.000000 -2.187794 1.969775 5.607344
 22.200000 -2.138842 1.970989 2.294746
 22.400000 -2.056513 1.886000 1.290868
 22.600000 -2.050441 1.903115 1.106203
 22.800000 -2.166523 1.978666 4.330185
 23.000000 -2.125955 1.885228 1.097751
 23.200000 -2.083108 1.935635 0.188081
 23.400000 -2.064346 1.901266 0.624368
 23.600000 -2.118353 1.941789 0.527392
 23.800000 -2.136101 2.044026 8.577981
 24.000000 -2.150165 1.916746 1.560022
 24.200000 -2.113059 1.992372 2.803027
 24.400000 -2.125579 2.002736 3.920288
 24.600000 -2.125095 2.029911 6.526574
 24.800000 -2.085675 1.858212 1.938378
 25.000000 -2.040731 2.041513 8.839407
 25.200000 -2.158416 1.906601 2.137272
 25.400000 -2.115461 1.873159 1.312476
 25.600000 -2.078467 1.931667 0.196531
 25.800000 -2.119168 1.905587 0.408733
 26.000000 -2.121110 1.983072 2.354579
 26.200000 -2.075206 1.872800 1.291538
 26.400000 -2.025091 1.939900 2.602276
 26.600000 -2.027169 1.871185 3.444416
 26.800000 -2.148553 1.895920 1.753156
 27.000000 -2.113480 1.883659 0.837456
 27.200000 -2.102653 1.869969 1.278753
 27.400000 -2.150364 1.891574 1.966372
 27.600000 -2.030508 1.889590 2.498997
 27.800000 -2.065464 1.903900 0.545909
 28.000000 -2.145328 1.953304 1.856275
 28.200000 -2.067539 1.935286 0.479572
 28.400000 -2.065233 1.956795 1.107228
 28.600000 -2.070144 1.962461 1.201396
 28.800000 -2.052156 2.014667 5.386099
 29.000000 -2.140037 1.961935 1.926657
 29.200000 -2.135606 1.957070 1.541391
 29.400000 -2.077082 1.916882 0.154315
 29.600000 -2.092622 1.937624 0.159313
 29.800000 -2.053241 2.011501 5.045684
 30.000000 -2.120757 1.962511 1.256953
 30.200000 -2.155046 1.873230 2.926587
 30.400000 -2.135057 1.874914 1.836888
 30.600000 -2.047533 1.901026 1.275442
 30.800000 -2.076467 1.845034 2.960331
 31.000000 -2.075446 2.043297 7.797651
 31.200000 -2.139718 1.753907 14.797605
 31.400000 -2.153385 1.924551 1.750920
 31.600000 -2.081229 1.875121 1.087569
 31.800000 -2.041033 1.887484 1.947913
 32.000000 -2.069894 1.937915 0.463088
 32.200000 -2.043154 1.960721 2.147532
 32.400000 -2.136476 1.909823 0.935792
 32.600000 -2.063258 1.909367 0.539838
 32.800000 -2.026369 1.957586 3.025277
 33.000000 -2.076945 1.958910 0.914635
 33.200000 -2.134085 2.058132 10.346893
 33.400000 -2.135350 1.980033 2.648902
 33.600000 -2.026819 2.034048 8.802450
 33.800000 -2.061827 1.963970 1.503064
 34.000000 -2.065739 2.027563 6.210295
 34.200000 -2.079950 1.912280 0.133072
 34.400000 -2.085682 1.986539 2.260866
 34.600000 -2.105537 1.947613 0.447115
 34.800000 -2.013261 1.985002 5.412921
 35.000000 -2.056479 1.975373 2.259508
 35.200000 -2.075364 1.854663 2.306575
 35.400000 -2.080206 1.861243 1.818741
 35.600000 -2.107390 1.912817 0.109252
 35.800000 -2.128225 1.871439 1.744615
 36.000000 -2.142246 2.075956 13.327488
 36.200000 -2.113675 1.879079 1.017498
 36.400000 -2.083830 1.815026 5.551076
 36.600000 -2.047522 1.835463 4.660196
 36.800000 -2.104622 1.966950 1.160944
 37.000000 -2.072904 1.844272 3.087894
 37.200000 -2.103832 1.908953 0.104034
 37.400000 -2.093288 1.913973 0.017953
 37.600000 -2.098813 1.905365 0.114839
 37.800000 -2.084503 1.900180 0.242633
 38.000000 -2.096802 1.981913 1.928067
 38.200000 -2.109723 1.939277 0.305942
 38.400000 -2.031538 1.963974 2.948430
 38.600000 -2.088138 1.953749 0.593724
 38.800000 -2.019199 1.914967 2.839200
 39.000000 -2.093894 1.903606 0.132257
 39.200000 -2.041509 1.939336 1.588060
 39.400000 -2.053942 1.928731 0.857570
 39.600000 -2.108929 1.924926 0.118444
 39.800000 -2.165806 2.014584 7.035833
 40.000000 -2.040977 1.961673 2.300805
 40.200000 -2.071616 1.955610 0.898392
 40.400000 -2.163030 1.872453 3.479172
 40.600000 -2.031578 1.855130 4.068165
 40.800000 -2.123803 1.883602 1.089837
 41.000000 -2.115505 1.901636 0.388906
 41.200000 -2.045238 1.859266 3.044142
 41.400000 -2.180908 1.906987 3.825109
 41.600000 -2.138080 1.964606 1.955190
 41.800000 -2.047797 1.858135 2.990829
 42.000000 -2.101872 1.937772 0.188337
 42.200000 -2.052246 1.887101 1.424916
 42.400000 -2.126180 1.852678 2.761992
 42.600000 -2.175482 1.967772 4.435178
 42.800000 -2.119437 1.887946 0.822865
 43.000000 -2.105260 1.975277 1.594400
 43.200000 -2.069796 1.950461 0.770690
 43.400000 -2.050838 1.960545 1.776167
 43.600000 -2.058210 1.895712 0.946289
 43.800000 -2.014872 1.913869 3.179948
 44.000000 -2.065022 1.882134 1.143116
 44.200000 -2.037715 1.981917 3.531759
 44.400000 -2.120850 2.064219 10.769371
 44.600000 -2.095613 1.979742 1.793554
 44.800000 -2.001836 1.955301 4.911529
 45.000000 -2.022191 1.969021 3.815020
 45.200000 -2.150709 1.898446 1.814955
 45.400000 -2.072534 1.883952 0.883729
 45.600000 -2.121119 1.915086 0.368495
 45.800000 -2.059771 1.937853 0.761265
 46.000000 -2.118254 1.912137 0.314460
 46.200000 -2.155991 1.990133 4.366004
 46.400000 -2.104544 1.917152 0.055173
 46.600000 -2.150458 1.890574 2.000410
 46.800000 -2.173101 1.870501 4.315583
 47.000000 -2.078230 1.920106 0.130685
 47.200000 -2.162988 1.828238 6.550032
 47.400000 -2.107822 1.951302 0.584383
 47.600000 -2.042260 1.965942 2.420697
 47.800000 -2.069984 1.842762 3.270166
 48.000000 -2.114236 1.922238 0.199654
 48.200000 -2.117147 1.940173 0.465093
 48.400000 -2.167433 1.995304 5.512967
 48.600000 -2.128693 1.911786 0.620783
 48.800000 -2.134367 1.960553 1.626716
 49.000000 -2.098923 2.012384 4.290427
 49.200000 -2.066515 1.982486 2.349512
 49.400000 -2.047987 1.855341 3.158324
 49.600000 -2.047380 1.982654 3.076636
 49.800000 -2.032457 1.998185 4.985349
 50.000000 -2.090254 1.895457 0.306372
 50.200000 -2.032315 1.941090 2.152281
 50.400000 -2.014732 1.987486 5.459602
 50.600000 -2.101247 1.984667 2.123336
 50.800000 -2.114385 1.894542 0.520335
 51.000000 -2.137205 1.983746 2.956872
 51.200000 -2.144242 1.964272 2.228485
 51.400000 -2.153464 1.877671 2.634648
 51.600000 -2.107512 1.886978 0.626715
 51.800000 -2.120846 1.927073 0.375811
 52.000000 -2.021147 1.898799 2.904509
 52.200000 -2.118958 1.884279 0.934758
 52.400000 -2.124628 1.967805 1.606262
 52.600000 -2.077306 1.901197 0.320213
 52.800000 -2.077972 1.888760 0.618526
 53.000000 -2.071632 1.979040 2.010080
 53.200000 -2.062188 1.905821 0.617232
 53.400000 -2.062793 1.904938 0.610695
 53.600000 -2.072634 1.969454 1.466436
 53.800000 -2.076765 1.996624 3.101634
 54.000000 -2.129256 1.882794 1.294647
 54.200000 -2.170239 1.927963 2.908935
 54.400000 -2.135259 1.968053 1.996083
 54.600000 -2.095888 1.972770 1.400746
 54.800000 -2.053788 1.994180 3.586052
 55.000000 -2.164496 1.894929 2.767896
 55.200000 -2.100258 1.950965 0.500867
 55.400000 -2.074826 1.896304 0.468958
 55.600000 -2.095417 1.819931 4.993616
 55.800000 -2.136561 1.930823 0.949040
 56.000000 -2.173975 1.872134 4.305502
 56.200000 -2.103986 1.897825 0.288809
 56.400000 -1.984247 1.901520 6.234528
 56.600000 -2.109425 1.945508 0.441794
 56.800000 -2.152096 1.886240 2.229898
 57.000000 -2.131926 1.927366 0.732434
 57.200000 -2.193025 1.949891 5.314800
 57.400000 -2.100459 1.951799 0.528363
 57.600000 -2.017071 1.952934 3.536400
 57.800000 -2.145177 1.918487 1.290341
 58.000000 -2.176644 2.042261 10.873194
 58.200000 -2.128996 1.971702 1.942294
 58.400000 -2.090702 1.919073 0.007130
 58.600000 -2.025923 1.878086 3.216851
 58.800000 -2.095877 1.895592 0.295613
 59.000000 -2.145910 1.938537 1.501260
 59.200000 -2.066770 1.932897 0.466540
 59.400000 -2.169591 1.954557 3.429066
 59.600000 -2.154368 1.946791 2.160973
 59.800000 -2.084759 1.888040 0.552739
 60.000000 -2.061304 1.960133 1.358383
 60.200000 -2.082600 1.917999 0.071299
 60.400000 -2.119825 2.005524 3.992309
 60.600000 -2.061417 1.901215 0.717646
 60.800000 -2.111431 1.960580 0.974109
 61.000000 -2.116987 1.945984 0.596388
 61.200000 -2.091282 1.929417 0.050494
 61.400000 -2.000655 1.964464 5.388227
 61.600000 -2.135414 1.914470 0.855804
 61.800000 -2.089859 1.883875 0.657841
 62.000000 -2.056894 1.922062 0.705579
 62.200000 -2.103009 1.931398 0.103641
 62.400000 -2.036640 1.883249 2.338102
 62.600000 -2.117155 1.913396 0.279902
 62.800000 -2.177678 1.922833 3.472466
 63.000000 -2.086262 1.932059 0.107457
 63.200000 -2.089744 1.964741 1.017883
 63.400000 -2.064121 1.896072 0.741234
 63.600000 -2.035668 1.876403 2.668799
 63.800000 -2.084957 1.875794 1.015557
 64.000000 -2.103320 1.922747 0.043989
 64.200000 -2.184569 1.962679 4.982282
 64.400000 -2.130128 1.902388 0.791086
 64.600000 -2.106598 1.952299 0.600523
 64.800000 -2.080708 1.927605 0.123648
 65.000000 -2.086933 1.931970 0.101137
 65.200000 -2.062282 1.958766 1.272381
 65.400000 -2.051258 1.914768 0.943380
 65.600000 -2.084162 1.954767 0.661527
 65.800000 -2.071998 1.964135 1.230844
 66.000000 -2.114548 1.973066 1.618408
 66.200000 -2.023320 1.862545 4.168425
 66.400000 -1.998137 1.895766 4.923097
 66.600000 -2.146113 1.916444 1.343190
 66.800000 -2.136536 1.838745 4.177955
 67.000000 -2.088732 1.877218 0.925310
 67.200000 -2.129335 1.916600 0.615705
 67.400000 -2.133719 2.017671 5.556413
 67.600000 -2.108525 1.913959 0.117255
 67.800000 -2.168387 1.923856 2.745376
 68.000000 -2.037492 1.965773 2.672890
 68.200000 -2.032152 1.898427 2.166856
 68.400000 -2.088624 1.961771 0.894835
 68.600000 -2.155016 1.832711 5.635071
 68.800000 -2.133243 1.905511 0.857571
 69.000000 -2.101514 1.924105 0.034340
 69.200000 -2.092963 1.946362 0.352141
 69.400000 -2.158431 1.936948 2.196284
 69.600000 -2.071535 2.032064 6.555887
 69.800000 -2.041284 1.922457 1.413779
 70.000000 -2.148397 2.000869 4.739174
 70.200000 -2.097330 1.986523 2.226168
 70.400000 -2.067955 1.931735 0.420012
 70.600000 -2.025580 2.029812 8.412281
 70.800000 -2.084960 1.907185 0.124865
 71.000000 -2.019516 2.009786 6.846630
 71.200000 -2.123748 1.935600 0.554633
 71.400000 -2.110798 1.991180 2.677619
 71.600000 -2.080885 1.954738 0.699435
 71.800000 -2.106240 2.008821 4.026998
 72.000000 -2.062922 1.940211 0.702296
 72.200000 -2.035144 1.845817 4.496681
 72.400000 -2.055382 1.992328 3.386692
 72.600000 -2.071750 1.935442 0.377765
 72.800000 -2.037637 1.863354 3.207305
 73.000000 -2.115467 1.894293 0.548903
 73.200000 -2.066746 1.861289 2.097619
 73.400000 -2.063155 1.851298 2.838504
 73.600000 -2.102085 1.835842 3.559254
 73.800000 -2.125267 1.902997 0.618761
 74.000000 -2.005150 1.887649 4.501162
 74.200000 -2.048868 1.895183 1.340875
 74.400000 -2.084301 1.870430 1.272727
 74.600000 -2.118727 1.949042 0.721745
 74.800000 -2.249884 1.851421 14.430525
 75.000000 -2.221618 1.911646 8.126607
 75.200000 -2.050387 1.956201 1.628625
 75.400000 -1.968470 1.937166 8.078263
 75.600000 -2.094613 1.976386 1.597472
 75.800000 -2.045703 1.997182 4.174636
 76.000000 -2.050925 1.925252 0.959362
 76.200000 -2.057859 1.951755 1.176019
 76.400000 -2.027957 1.977786 3.884613
 76.600000 -2.165904 2.056209 11.851970
 76.800000 -2.178536 2.009061 7.518035
 77.000000 -2.103357 1.941287 0.269675
 77.200000 -2.094756 1.962957 0.928658
 77.400000 -2.117129 2.005424 3.918808
 77.600000 -2.173265 1.863197 4.715659
 77.800000 -2.154969 2.004323 5.401408
 78.000000 -1.992907 1.928865 5.190426
 78.200000 -2.088317 1.875862 0.986462
 78.400000 -2.127868 1.924693 0.571874
 78.600000 -1.989519 1.843046 8.449810
 78.800000 -2.116121 1.834990 3.837631
 79.000000 -2.105519 1.892310 0.441424
 79.200000 -2.063230 1.849605 2.953651
 79.400000 -2.159605 1.927432 2.154812
 79.600000 -2.144051 1.899392 1.442344
 79.800000 -2.030590 1.860439 3.801077
 80.000000 -2.103197 1.922454 0.042097
 80.200000 -2.080584 1.999285 3.249340
 80.400000 -2.049965 1.986350 3.197358
 80.600000 -2.088016 1.931719 0.090638
 80.800000 -2.021249 2.073543 14.484133
 81.000000 -2.053390 1.865525 2.316952
 81.200000 -2.136684 1.957847 1.615589
 81.400000 -2.141975 2.020544 6.200319
 81.600000 -2.064435 1.893747 0.789800
 81.800000 -2.060090 1.960030 1.395166
 82.000000 -2.099186 2.015111 4.547634
 82.200000 -2.058401 1.987311 2.922469
 82.400000 -2.092627 1.901427 0.171495
 82.600000 -2.090749 1.988875 2.388042
 82.800000 -2.105856 1.924106 0.074678
 83.000000 -2.080361 1.957399 0.802989
 83.200000 -2.105815 1.996133 2.973845
 83.400000 -2.046617 1.905630 1.242652
 83.600000 -2.029028 1.854612 4.265243
 83.800000 -2.109364 1.889579 0.570572
 84.000000 -2.136341 1.913744 0.898434
 84.200000 -2.035476 1.851631 4.063488
 84.400000 -2.077889 1.909803 0.186820
 84.600000 -2.049630 1.936922 1.147479
 84.800000 -2.159639 1.897581 2.376613
 85.000000 -2.189445 1.952189 5.039748
 85.200000 -2.135581 1.883598 1.505659
 85.400000 -2.078897 1.926645 0.143098
 85.600000 -2.123598 1.949413 0.863008
 85.800000 -2.120491 1.944912 0.654247
 86.000000 -2.059236 1.920755 0.618486
 86.200000 -2.101747 2.063006 10.272159
 86.400000 -2.135195 1.947004 1.200638
 86.600000 -2.138910 1.925594 1.007224
 86.800000 -2.055035 2.019181 5.706746
 87.000000 -1.996139 1.965075 5.849192
 87.200000 -2.059136 1.927759 0.652774
 87.400000 -2.073040 1.952936 0.774969
 87.600000 -2.122850 1.886086 0.975258
 87.800000 -2.092808 1.969579 1.237161
 88.000000 -2.050443 1.989971 3.423530
 88.200000 -2.095053 1.901041 0.177332
 88.400000 -2.074110 1.956945 0.893300
 88.600000 -2.020870 1.929312 2.747654
 88.800000 -2.160758 1.917372 2.205086
 89.000000 -2.084236 1.977710 1.724784
 89.200000 -2.096644 1.859806 1.805927
 89.400000 -2.167509 1.929154 2.716011
 89.600000 -2.035649 1.872833 2.831420
 89.800000 -2.075341 1.917218 0.185033
 90.000000 -2.165384 1.854365 4.664623
 90.200000 -2.112413 1.977047 1.797372
 90.400000 -2.111160 1.997724 3.171794
 90.600000 -2.092566 1.892965 0.363405
 90.800000 -2.041227 1.922075 1.415863
 91.000000 -2.080932 1.908966 0.149991
 91.200000 -2.134658 1.914928 0.822727
 91.400000 -2.078073 1.879782 0.936426
 91.600000 -2.130135 1.917249 0.642070
 91.800000 -2.011267 2.037294 10.350244
 92.000000 -2.063504 1.931495 0.544787
 92.200000 -2.186259 1.889747 4.672954
 92.400000 -2.156536 1.853062 4.161896
 92.600000 -2.078568 1.946075 0.468816
 92.800000 -2.073006 1.882120 0.940973
 93.000000 -1.977104 1.961526 7.746487
 93.200000 -2.072331 2.019770 5.234219
 93.400000 -2.161988 1.938272 2.453829
 93.600000 -2.066537 1.871164 1.573814
 93.800000 -2.090255 1.923750 0.016128
 94.000000 -2.075871 1.966692 1.268084
 94.200000 -2.066801 1.957692 1.096269
 94.400000 -2.067205 1.881485 1.106068
 94.600000 -2.093026 1.990565 2.500385
 94.800000 -2.123181 1.901540 0.582144
 95.000000 -2.082802 1.919902 0.067202
 95.200000 -2.007120 1.862437 5.457308
 95.400000 -2.050968 1.935344 1.062778
 95.600000 -2.165422 1.910444 2.566771
 95.800000 -2.112570 1.863962 1.727599
 96.000000 -2.102082 1.908223 0.097278
 96.200000 -2.080701 1.925532 0.109841
 96.400000 -2.054174 1.894663 1.126388
 96.600000 -2.057020 1.988994 3.088076
 96.800000 -2.130397 1.937525 0.804036
 97.000000 -2.151340 1.983239 3.629710
 97.200000 -2.114861 1.889804 0.661180
 97.400000 -2.121043 1.946749 0.716488
 97.600000 -2.115127 1.884369 0.844789
 97.800000 -2.117597 1.976243 1.858581
 98.000000 -2.035465 1.962979 2.665946
 98.200000 -2.097162 1.936109 0.135802
 98.400000 -2.102361 1.975968 1.605642
 98.600000 -2.055143 1.923221 0.776002
 98.800000 -2.101158 1.915226 0.033615
 99.000000 -2.058138 1.919304 0.657432
 99.200000 -2.106561 1.953902 0.653365
 99.400000 -2.058964 1.949354 1.062555
 99.600000 -2.027787 1.993252 4.911403
 99.800000 -2.181610 1.879230 4.628692
 100.000000 -2.193638 1.836111 8.431666
 100.200000 -2.073855 1.919679 0.210974
 100.400000 -2.077682 1.852704 2.394754
 100.600000 -2.063351 1.888605 0.970357
 100.800000 -2.181223 2.023538 9.143941
 101.000000 -2.092511 1.913392 0.022705
 101.200000 -2.049370 1.908117 1.082615
 101.400000 -2.144426 1.889372 1.716346
 101.600000 -2.161041 1.968651 3.411047
 101.800000 -2.162646 1.933156 2.417425
 102.000000 -2.161561 2.025324 7.816753
 102.200000 -2.129565 1.914875 0.630894
 102.400000 -1.983965 1.958943 6.861008
 102.600000 -2.040997 1.923570 1.432530
 102.800000 -2.056122 1.943478 1.011271
 103.000000 -2.135410 1.925173 0.855213
 103.200000 -2.162026 1.890046 2.731496
 103.400000 -2.090553 2.020746 5.096174
 103.600000 -2.041319 1.918844 1.409036
 103.800000 -2.021794 1.977892 4.319220
 104.000000 -2.055295 1.947139 1.136430
 104.200000 -2.074981 1.905157 0.296572
 104.400000 -2.141205 1.877304 2.001188
 104.600000 -2.048865 1.923911 1.044712
 104.800000 -2.061429 1.932594 0.624430
 105.000000 -2.064009 1.879248 1.286440
 105.200000 -2.095945 1.929694 0.049534
 105.400000 -2.000053 1.944381 4.750762
 105.600000 -2.082190 1.860300 1.848306
 105.800000 -2.030907 1.941090 2.240673
 106.000000 -2.113009 1.872959 1.273177
 106.200000 -2.197756 2.029050 11.302703
 106.400000 -2.157492 1.888884 2.470476
 106.600000 -2.014652 1.935846 3.307247
 106.800000 -2.011696 1.993798 6.152860
 107.000000 -2.045316 1.950597 1.676706
 107.200000 -2.148696 1.944863 1.786783
 107.400000 -2.100634 1.912848 0.044057
 107.600000 -2.119083 2.014974 4.827842
 107.800000 -2.062107 1.892659 0.891289
 108.000000 -2.087997 1.966080 1.088491
 108.200000 -2.056488 2.018891 5.621771
 108.400000 -2.128347 1.923732 0.583857
 108.600000 -2.099632 1.880815 0.776071
 108.800000 -2.100619 1.869459 1.289631
 109.000000 -2.156016 1.926546 1.920909
 109.200000 -2.113324 1.937568 0.335892
 109.400000 -2.123240 1.900104 0.611211
 109.600000 -1.987861 1.899842 5.875159
 109.800000 -2.045280 1.894022 1.540013
 110.000000 -2.122874 1.881133 1.155521
 110.200000 -2.125807 1.930829 0.553490
 110.400000 -2.104985 1.968138 1.221344
 110.600000 -2.141150 1.917527 1.095723
 110.800000 -2.060008 1.935557 0.714385
 111.000000 -2.072527 1.959451 1.022747
 111.200000 -2.109137 1.935239 0.226883
 111.400000 -2.065953 1.945432 0.731391
 111.600000 -2.132101 1.996015 3.610508
 111.800000 -2.092778 2.024701 5.496864
 112.000000 -2.023700 1.964545 3.497162
 112.200000 -2.069463 2.036892 7.158822
 112.400000 -2.053211 1.941354 1.079020
 112.600000 -2.140157 1.985372 3.192845
 112.800000 -2.183972 1.929609 4.059538
 113.000000 -2.058038 1.919893 0.660905
 113.200000 -2.099340 1.962717 0.930510
 113.400000 -2.149076 1.832988 5.268587
 113.600000 -2.164701 1.903254 2.609377
 113.800000 -2.174043 1.956059 3.827005
 114.000000 -1.970227 1.856662 9.705928
 114.200000 -2.055184 1.914954 0.780791
 114.400000 -2.033950 1.953947 2.407679
 114.600000 -2.035358 1.839641 4.960398
 114.800000 -2.102634 1.899443 0.242405
 115.000000 -2.137911 1.913719 0.965673
 115.200000 -2.077311 1.967071 1.260279
 115.400000 -2.029613 1.822421 6.845797
 115.600000 -2.042236 1.933741 1.456596
 115.800000 -2.023055 1.926729 2.568249
 116.000000 -2.054401 1.969761 2.044710
 116.200000 -2.109575 1.886431 0.674029
 116.400000 -2.032315 2.001950 5.296158
 116.600000 -2.149613 1.893627 1.868662
 116.800000 -2.158304 1.956634 2.718281
 117.000000 -2.044284 1.936509 1.394107
 117.200000 -2.127911 2.074996 12.594855
 117.400000 -2.105950 1.889097 0.539995
 117.600000 -2.039942 1.965928 2.543609
 117.800000 -2.154409 1.988743 4.173115
 118.000000 -2.066188 1.933171 0.486380
 118.200000 -2.116745 1.920648 0.250060
 118.400000 -2.098957 1.910733 0.052072
 118.600000 -2.056037 1.929166 0.778942
 118.800000 -2.112502 1.843244 3.099128
 119.000000 -2.104438 1.924639 0.061837
 119.200000 -2.016791 1.910358 3.056398
 119.400000 -2.110550 1.909373 0.185512
 119.600000 -2.217271 1.882147 8.260408
 119.800000 -2.116168 1.894408 0.560970
 120.000000 -2.144590 1.880350 2.040381
 120.200000 -2.093171 1.903776 0.130128
 120.400000 -2.077831 1.918072 0.138792
 120.600000 -2.036370 1.938799 1.862776
 120.800000 -2.136714 1.920017 0.895440
 121.000000 -2.094774 1.943361 0.276165
 121.200000 -2.121952 2.034181 6.914082
 121.400000 -2.126132 2.014164 4.950019
 121.600000 -2.081699 1.939928 0.281914
 121.800000 -2.019465 1.926275 2.827849
 122.000000 -1.993077 2.059600 14.896012
 122.200000 -2.054594 1.834555 4.430727
 122.400000 -2.003816 2.016782 8.799075
 122.600000 -2.125180 1.998456 3.562358
 122.800000 -2.088342 2.035129 6.661585
 123.000000 -2.097196 1.954062 0.588724
 123.200000 -2.093082 2.074442 11.948319
 123.400000 -2.159792 1.953969 2.720010
 123.600000 -2.096361 1.876578 0.938711
 123.800000 -2.136862 1.941402 1.133698
 124.000000 -2.076350 1.861942 1.840212
 124.200000 -2.015278 1.839098 6.391145
 124.400000 -2.062700 1.894270 0.829785
 124.600000 -2.132050 1.943682 0.992659
 124.800000 -2.120676 1.857116 2.313842
 125.000000 -2.044816 1.977071 2.865461
 125.200000 -2.116261 1.932677 0.321171
 125.400000 -2.087289 1.903510 0.158947
 125.600000 -2.167453 1.908782 2.730153
 125.800000 -2.156053 1.874745 2.918676
 126.000000 -2.121756 1.943907 0.663392
 126.200000 -2.145293 1.945233 1.617153
 126.400000 -2.056354 1.925290 0.738300
 126.600000 -2.039999 1.912918 1.503606
 126.800000 -2.079217 2.019711 5.100077
 127.000000 -2.072524 1.997884 3.282903
 127.200000 -1.949333 1.879526 11.335060
 127.400000 -2.049560 1.872297 2.136320
 127.600000 -2.014482 1.981314 5.081221
 127.800000 -2.059632 1.921652 0.605830
 128.000000 -2.049418 1.894656 1.329126
 128.200000 -2.055009 1.985404 2.923507
 128.400000 -2.130626 1.904380 0.776186
 128.600000 -2.209018 1.943303 6.843921
 128.800000 -2.113325 1.962930 1.106563
 129.000000 -2.089893 1.889558 0.469308
 129.200000 -2.068537 1.964181 1.316385
 129.400000 -2.016388 1.880261 3.826657
 129.600000 -2.065797 1.991905 3.004026
 129.800000 -2.064664 1.938378 0.613393
 130.000000 -2.085618 1.976534 1.644351
 130.200000 -2.093562 1.768418 11.468089
 130.400000 -2.068577 1.978941 2.078415
 130.600000 -2.090729 1.911015 0.045856
 130.800000 -2.059791 1.921415 0.599937
 131.000000 -2.077752 1.851963 2.443624
 131.200000 -2.112818 1.953768 0.744489
 131.400000 -2.157200 1.985468 4.124266
 131.600000 -2.146742 1.865043 2.872692
 131.800000 -2.131437 2.000718 3.954885
 132.000000 -2.017548 1.935538 3.075627
 132.200000 -2.017537 1.945013 3.269871
 132.400000 -2.042339 1.951210 1.846262
 132.600000 -2.142850 2.007028 4.972854
 132.800000 -2.156104 1.913200 1.926186
 133.000000 -2.082243 1.962022 0.962554
 133.200000 -2.053259 1.885241 1.445413
 133.400000 -2.120142 1.896747 0.598610
 133.600000 -2.176882 1.997238 6.395575
 133.800000 -2.175313 1.894883 3.585829
 134.000000 -2.116697 1.904085 0.373142
 134.200000 -2.009519 2.039617 10.772593
 134.400000 -2.030580 1.847494 4.654726
 134.600000 -2.094382 1.877051 0.916380
 134.800000 -2.119364 1.949656 0.755548
 135.000000 -2.210200 1.939364 6.895598
 135.200000 -2.142251 1.828035 5.361158
 135.400000 -2.075637 2.034011 6.690964
 135.600000 -2.003767 1.923854 4.114667
 135.800000 -2.035602 1.955775 2.373203
 136.000000 -2.126137 1.858469 2.388341
 136.200000 -2.064025 1.944285 0.759406
 136.400000 -2.079285 1.937583 0.271168
 136.600000 -2.071380 1.800487 7.390011
 136.800000 -2.078430 1.925138 0.141351
 137.000000 -2.042603 1.930487 1.397668
 137.200000 -2.058962 1.886703 1.177501
 137.400000 -1.954620 1.985838 11.944969
 137.600000 -2.058908 1.920711 0.630038
 137.800000 -2.166942 1.934332 2.736232
 138.000000 -2.090382 1.947740 0.396651
 138.200000 -2.125328 1.862033 2.150538
 138.400000 -2.037499 1.854552 3.751259
 138.600000 -1.920341 1.921593 15.148904
 138.800000 -2.010270 1.933783 3.635415
 139.000000 -2.065530 1.865037 1.919473
 139.200000 -2.130445 1.940738 0.867679
 139.400000 -2.103739 1.924635 0.055041
 139.600000 -2.019779 1.964972 3.801215
 139.800000 -2.025441 2.005629 6.055307
 140.000000 -2.077966 2.027155 5.890846
 140.200000 -2.073539 2.011142 4.383537
 140.400000 -2.054642 1.919756 0.790163
 140.600000 -2.117973 1.927057 0.303845
 140.800000 -2.132770 1.842131 3.757396
 141.000000 -2.114053 1.969259 1.413247
 141.200000 -2.040411 1.925361 1.472285
 141.400000 -2.078436 1.919478 0.127413
 141.600000 -2.119409 1.989278 2.722126
 141.800000 -2.005843 1.937817 4.081941
 142.000000 -2.102792 1.923823 0.043094
 142.200000 -2.075204 1.868850 1.485270
 142.400000 -2.011635 1.903697 3.555300
 142.600000 -2.099703 1.874511 1.042457
 142.800000 -2.033902 1.826115 6.223997
 143.000000 -2.036558 1.885288 2.270260
 143.200000 -2.133944 1.849606 3.249995
 143.400000 -2.045158 1.930171 1.265307
 143.600000 -2.062809 1.953070 1.050233
 143.800000 -2.052191 1.937233 1.041472
 144.000000 -2.031871 2.032952 8.349352
 144.200000 -2.074576 1.882581 0.891331
 144.400000 -2.074360 1.882990 0.880483
 144.600000 -2.042562 1.936193 1.476673
 144.800000 -2.112442 1.904320 0.283631
 145.000000 -2.168217 1.962351 3.627518
 145.200000 -2.207037 2.035706 13.053995
 145.400000 -2.151672 1.995162 4.475377
 145.600000 -2.051119 1.941679 1.174398
 145.800000 -2.005647 1.942598 4.196531
 146.000000 -2.082471 1.899922 0.269900
 146.200000 -2.108082 1.989092 2.490053
 146.400000 -2.156805 1.932384 2.025922
 146.600000 -2.142508 1.926214 1.177601
 146.800000 -2.035439 1.971023 3.046667
 147.000000 -2.083992 1.912844 0.078741
 147.200000 -2.128089 1.897502 0.817635
 147.400000 -2.084926 1.951444 0.543525
 147.600000 -2.154181 1.925955 1.805761
 147.800000 -2.127642 1.850798 2.937627
 148.000000 -2.000922 1.900627 4.553626
 148.200000 -2.148052 1.929354 1.484571
 148.400000 -2.062091 1.900818 0.703134
 148.600000 -1.962960 1.969611 9.874993
 148.800000 -2.065286 1.887866 0.935552
 149.000000 -2.123187 1.970864 1.715098
 149.200000 -2.128095 1.964458 1.562224
 149.400000 -2.205079 1.901916 6.286528
 149.600000 -2.021401 1.927774 2.695343
 149.800000 -2.005165 1.949086 4.408053
 150.000000 -2.014900 1.975589 4.712484
 150.200000 -2.048718 1.980094 2.857120
 150.400000 -2.174416 1.873520 4.275484
 150.600000 -2.195951 1.945839 5.494235
 150.800000 -2.113950 1.986696 2.424591
 151.000000 -2.074514 1.806578 6.614267
 151.200000 -2.098194 1.947587 0.391552
 151.400000 -2.152194 1.979920 3.473793
 151.600000 -2.185360 1.831230 8.065118
 151.800000 -2.079975 1.831399 4.016801
 152.000000 -2.082269 1.961688 0.948225
 152.200000 -2.106055 1.955459 0.701552
 152.400000 -2.076695 2.030707 6.299931
 152.600000 -2.105543 1.943451 0.340363
 152.800000 -2.099681 1.952791 0.556134
 153.000000 -2.087878 1.934849 0.133531
 153.200000 -2.155751 1.908672 1.944901
 153.400000 -2.120517 1.966843 1.444780
 153.600000 -2.042632 2.000007 4.551282
 153.800000 -2.008081 1.884872 4.337190
 154.000000 -2.006217 1.892061 4.274112
 154.200000 -2.079030 1.931468 0.185387
 154.400000 -2.144074 1.944587 1.539670
 154.600000 -2.134963 1.812729 6.561677
 154.800000 -2.051698 1.956704 1.590202
 155.000000 -2.080288 1.904147 0.222977
 155.200000 -2.090561 2.006445 3.755634
 155.400000 -2.111922 1.919728 0.153599
 155.600000 -2.124169 1.907414 0.520712
 155.800000 -2.079203 1.922446 0.118743
 156.000000 -2.052713 1.909625 0.921091
 156.200000 -2.051729 1.877386 1.812309
 156.400000 -2.074393 1.877440 1.099881
 156.600000 -2.124857 1.966238 1.539312
 156.800000 -2.059369 1.914163 0.629659
 157.000000 -2.129106 1.851287 2.953688
 157.200000 -2.132049 2.009310 4.709355
 157.400000 -2.091369 1.884694 0.622983
 157.600000 -2.138253 1.859018 2.812725
 157.800000 -2.074670 1.851210 2.551122
 158.000000 -2.113831 1.932938 0.274364
 158.200000 -2.180120 1.949756 4.121187
 158.400000 -2.059208 1.967756 1.765984
 158.600000 -2.158466 1.870250 3.283200
 158.800000 -2.096756 1.908589 0.066329
 159.000000 -2.069562 1.913940 0.325882
 159.200000 -2.158465 1.884755 2.668731
 159.400000 -2.024396 1.969595 3.686626
 159.600000 -2.037852 1.960181 2.411385
 159.800000 -2.059785 1.982415 2.555322
 160.000000 -2.070617 1.918223 0.284041
 160.200000 -2.182767 1.963501 4.856966
 160.400000 -2.221877 1.893486 8.473674
 160.600000 -2.008806 1.978426 5.377654
 160.800000 -2.097839 1.863299 1.605629
 161.000000 -2.122127 1.981278 2.270478
 161.200000 -2.059469 1.977192 2.253265
 161.400000 -2.192563 1.905930 4.915481
 161.600000 -2.113593 1.892465 0.559575
 161.800000 -2.090809 1.927113 0.032722
 162.000000 -2.129125 1.977602 2.270005
 162.200000 -2.048708 1.868648 2.355118
 162.400000 -2.052710 1.952320 1.395592
 162.600000 -2.148632 1.890996 1.887432
 162.800000 -2.148255 1.933623 1.545098
 163.000000 -2.106217 1.853959 2.241468
 163.200000 -2.094136 1.906552 0.088620
 163.400000 -2.079625 1.972074 1.472107
 163.600000 -2.112306 1.931068 0.223177
 163.800000 -2.087612 1.890808 0.445080
 164.000000 -2.034283 2.001676 5.153456
 164.200000 -2.046631 1.915512 1.150176
 164.400000 -2.125165 1.979264 2.237686
 164.600000 -2.064458 1.946313 0.797934
 164.800000 -2.166281 2.039029 9.684122
 165.000000 -2.158480 1.982979 4.045267
 165.200000 -2.111428 1.991964 2.744378
 165.400000 -2.065950 1.979336 2.173128
 165.600000 -2.028508 1.929718 2.219144
 165.800000 -2.154409 1.958883 2.562175
 166.000000 -2.069359 1.916783 0.318155
 166.200000 -2.075568 1.904289 0.298489
 166.400000 -2.090759 1.847196 2.646788
 166.600000 -2.068741 1.875274 1.323112
 166.800000 -2.101296 1.912466 0.051158
 167.000000 -2.076421 2.055622 9.376945
 167.200000 -1.963403 1.989469 11.001992
 167.400000 -2.043174 1.996490 4.247683
 167.600000 -2.084128 1.952395 0.581901
 167.800000 -2.000836 1.982870 6.361630
 168.000000 -2.134876 1.899727 1.022054
 168.200000 -2.042373 1.841346 4.435564
 168.400000 -2.068196 1.884184 0.979663
 168.600000 -2.185367 1.920148 4.137974
 168.800000 -2.114327 1.954870 0.811438
 169.000000 -2.081131 1.872843 1.193348
 169.200000 -2.134962 1.903029 0.964500
 169.400000 -2.087684 1.988510 2.378797
 169.600000 -2.092778 1.892981 0.362599
 169.800000 -2.114670 1.873741 1.269125
 170.000000 -2.012183 1.887901 3.890123
 170.200000 -2.019623 1.904740 2.909774
 170.400000 -2.091691 1.934026 0.103959
 170.600000 -2.097209 1.872767 1.112954
 170.800000 -2.038523 1.920438 1.561028
 171.000000 -2.125893 1.994822 3.305558
 171.200000 -2.133102 1.905555 0.851444
 171.400000 -2.142981 1.879788 1.983265
 171.600000 -2.091385 2.052043 8.740375
 171.800000 -2.005205 1.962867 4.902177
 172.000000 -1.964580 1.979179 10.185175
 172.200000 -2.115813 2.024503 5.704247
 172.400000 -2.053149 1.886373 1.411377
 172.600000 -1.973402 2.006053 11.034052
 172.800000 -2.184687 1.983979 6.131758
 173.000000 -2.085541 1.851120 2.401916
 173.200000 -2.071846 2.004578 3.842633
 173.400000 -2.129031 1.935807 0.726936
 173.600000 -2.048746 1.831265 4.966609
 173.800000 -2.132804 1.947193 1.111133
 174.000000 -2.174837 1.917061 3.239389
 174.200000 -2.046556 1.918388 1.145397
 174.400000 -2.072637 1.919391 0.236824
 174.600000 -2.078036 1.904884 0.245977
 174.800000 -2.076620 1.840950 3.271540
 175.000000 -2.145468 1.980905 3.167372
 175.200000 -2.145920 1.870558 2.542882
 175.400000 -2.121260 1.832426 4.183354
 175.600000 -2.159478 1.977022 3.751462
 175.800000 -2.112664 1.913660 0.186102
 176.000000 -2.040023 1.879368 2.298077
 176.200000 -2.079822 1.930252 0.160164
 176.400000 -2.129251 1.967282 1.731794
 176.600000 -1.992265 1.999562 8.391311
 176.800000 -2.029806 1.998386 5.168865
 177.000000 -2.008527 1.971618 5.026005
 177.200000 -2.059716 1.960566 1.429718
 177.400000 -2.103147 1.933648 0.133321
 177.600000 -2.039149 1.960426 2.348794
 177.800000 -2.080504 1.979245 1.859636
 178.000000 -2.227381 2.019906 13.847060
 178.200000 -1.974710 1.900739 7.345085
 178.400000 -2.005750 1.976010 5.505272
 178.600000 -2.197705 1.935094 5.452473
 178.800000 -2.049233 2.011749 5.241408
 179.000000 -2.117028 1.939437 0.447712
 179.200000 -2.150321 1.856502 3.571113
 179.400000 -2.087131 1.882345 0.730163
 179.600000 -2.096817 1.845330 2.780444
 179.800000 -2.160599 1.983656 4.226314
 180.000000 -2.014922 1.830008 7.194914
 180.200000 -2.125797 1.848790 3.018670
 180.400000 -2.170162 1.920511 2.870545
 180.600000 -2.035670 1.910257 1.770462
 180.800000 -2.078531 1.926141 0.145542
 181.000000 -2.027430 1.933467 2.334680
 181.200000 -2.072725 1.943791 0.521073
 181.400000 -2.068327 1.936281 0.474567
 181.600000 -2.003327 1.963385 5.093850
 181.800000 -2.033522 1.907543 1.928624
 182.000000 -2.172285 1.997400 6.039428
 182.200000 -2.057444 1.927610 0.712706
 182.400000 -1.979372 1.940712 6.832477
 182.600000 -2.162147 2.020070 7.315907
 182.800000 -2.077922 1.927724 0.166577
 183.000000 -2.018574 1.908913 2.934333
 183.200000 -2.063257 2.004696 4.083153
 183.400000 -2.110821 1.962170 1.029887
 183.600000 -2.186900 1.948072 4.676484
 183.800000 -2.147461 1.902569 1.557491
 184.000000 -2.103382 1.902891 0.184390
 184.200000 -2.119941 1.972047 1.687927
 184.400000 -2.072029 1.880708 1.016656
 184.600000 -1.985574 1.844562 8.756106
 184.800000 -2.024011 1.886295 3.040324
 185.000000 -2.077823 1.918757 0.137920
 185.200000 -2.120843 1.913765 0.368339
 185.400000 -2.112143 1.898483 0.386021
 185.600000 -2.048445 1.921623 1.057257
 185.800000 -2.131664 1.893450 1.043289
 186.000000 -2.106371 1.858611 1.947591
 186.200000 -2.047301 1.938521 1.283025
 186.400000 -2.067002 1.951884 0.887884
 186.600000 -2.052871 1.920761 0.862547
 186.800000 -2.042020 1.884354 2.001983
 187.000000 -2.108485 1.857086 2.069691
 187.200000 -2.085868 1.950447 0.504072
 187.400000 -2.150689 1.944945 1.899056
 187.600000 -2.064816 1.907038 0.519692
 187.800000 -1.978503 1.992949 9.386306
 188.000000 -2.087861 1.938438 0.193868
 188.200000 -2.061043 1.953684 1.128118
 188.400000 -2.178221 1.909710 3.564940
 188.600000 -2.165040 1.977719 4.169035
 188.800000 -2.122791 1.899347 0.613591
 189.000000 -2.059412 1.981208 2.493571
 189.200000 -2.109980 1.876134 1.077535
 189.400000 -2.065526 1.982069 2.351550
 189.600000 -2.089485 1.865955 1.465023
 189.800000 -2.114477 1.894755 0.516822
 190.000000 -2.121683 1.842093 3.396297
 190.200000 -2.188223 1.913002 4.425389
 190.400000 -2.182353 1.925229 3.882703
 190.600000 -2.028405 1.875402 3.165689
 190.800000 -2.066045 1.934961 0.515858
 191.000000 -2.115959 1.948545 0.643855
 191.200000 -2.110523 1.993541 2.844371
 191.400000 -2.104717 1.917018 0.057313
 191.600000 -2.093885 1.991286 2.550846
 191.800000 -2.062319 2.006498 4.267357
 192.000000 -2.042451 1.997641 4.373894
 192.200000 -2.011549 1.926575 3.454258
 192.400000 -2.099112 1.968207 1.179739
 192.600000 -2.112413 1.921343 0.163424
 192.800000 -2.028350 1.892280 2.561381
 193.000000 -2.143623 1.909431 1.266097
 193.200000 -2.139200 1.950310 1.467266
 193.400000 -2.066543 1.880469 1.163797
 193.600000 -2.086111 1.883808 0.684259
 193.800000 -2.043325 1.916664 1.309173
 194.000000 -2.070396 1.941134 0.514207
 194.200000 -2.085959 1.873854 1.093944
 194.400000 -2.050806 1.796261 8.588623
 194.600000 -2.061612 1.919977 0.537380
 194.800000 -2.128264 1.884127 1.212038
 195.000000 -2.083576 1.920586 0.058788
 195.200000 -2.082478 1.841379 3.150813
 195.400000 -2.132749 1.987967 3.054636
 195.600000 -2.165128 1.957352 3.204294
 195.800000 -2.116612 1.933034 0.333554
 196.000000 -2.076840 1.861503 1.856974
 196.200000 -2.066716 1.891600 0.782445
 196.400000 -2.000208 1.897052 4.695779
 196.600000 -2.057046 2.026345 6.366778
 196.800000 -2.096046 1.994719 2.803159
 197.000000 -2.019167 1.938475 3.002891
 197.200000 -2.143811 1.914499 1.235354
 197.400000 -2.114527 2.005925 3.906056
 197.600000 -2.033793 1.961811 2.716140
 197.800000 -2.053424 1.939285 1.027940
 198.000000 -2.059736 1.982944 2.590332
 198.200000 -2.119592 1.874730 1.335893
 198.400000 -2.201747 2.034608 12.345513
 198.600000 -2.201717 1.922726 5.763100
 198.800000 -2.096461 1.959919 0.804406
 199.000000 -2.117765 1.883408 0.937531
 199.200000 -2.122345 1.954566 0.992775
 199.400000 -2.024086 1.839377 5.710615
 199.600000 -2.044643 1.870691 2.446552
 199.800000 -2.085503 1.835498 3.598207
 200.000000 -2.085491 1.870844 1.241017
