#! FIELDS time phi psi restraint.bias
#! SET min_phi -pi
#! SET max_phi pi
#! SET min_psi -pi
#! SET max_psi pi
 0.000000 2.967854 -0.984375 143.733812
 0.200000 2.525552 -0.915986 4.307851
 0.400000 2.408410 -0.985296 6.957209
 0.600000 2.517930 -0.950316 5.787716
 0.800000 2.550050 -0.841569 6.164073
 1.000000 2.429357 -1.023227 11.433956
 1.200000 2.495338 -0.862507 1.397184
 1.400000 2.453516 -0.849962 0.308255
 1.600000 2.402733 -0.937314 2.919163
 1.800000 2.399523 -0.892381 1.159623
 2.000000 2.509352 -0.873437 2.171113
 2.200000 2.458312 -0.839608 0.656641
 2.400000 2.457304 -0.860533 0.169400
 2.600000 2.445151 -0.829093 0.950662
 2.800000 2.455415 -0.829918 0.985079
 3.000000 2.549678 -0.771332 10.775215
 3.200000 2.472314 -0.775279 5.158216
 3.400000 2.472191 -0.812842 2.202106
 3.600000 2.536000 -0.852848 4.478107
 3.800000 2.395713 -0.830495 2.029046
 4.000000 2.380573 -0.875478 1.981415
 4.200000 2.486204 -0.804274 3.252086
 4.400000 2.376889 -0.913482 3.048963
 4.600000 2.435471 -0.820538 1.390491
 4.800000 2.447179 -0.960404 3.856013
 5.000000 2.370321 -0.873632 2.675200
 5.200000 2.453575 -0.880458 0.081511
 5.400000 2.557050 -0.913067 7.267454
 5.600000 2.462565 -0.818019 1.675545
 5.800000 2.517781 -0.960564 6.624879
 6.000000 2.433875 -0.863683 0.086280
 6.200000 2.494745 -0.875433 1.318843
 6.400000 2.458326 -0.854236 0.280284
 6.600000 2.453367 -0.896546 0.334240
 6.800000 2.449640 -0.936881 2.080968
 7.000000 2.490745 -0.824574 2.274257
 7.200000 2.534000 -0.946484 6.823351
 7.400000 2.465321 -0.815690 1.862003
 7.600000 2.589302 -0.894704 10.877619
 7.800000 2.425917 -0.924064 1.474834
 8.000000 2.440242 -0.840499 0.522493
 8.200000 2.504034 -0.864971 1.864123
 8.400000 2.497578 -0.877729 1.477153
 8.600000 2.464778 -0.924346 1.562695
 8.800000 2.413713 -0.924934 1.808500
 9.000000 2.480928 -0.834373 1.435013
 9.200000 2.432687 -0.921142 1.233084
 9.400000 2.526163 -0.877975 3.433876
 9.600000 2.553510 -0.908980 6.714837
 9.800000 2.427427 -0.913233 0.951441
 10.000000 2.415298 -0.933237 2.231062
 10.200000 2.562966 -0.895027 7.390710
 10.400000 2.488181 -0.815032 2.660723
 10.600000 2.486126 -0.874646 0.912108
 10.800000 2.408551 -0.876026 0.614996
 11.000000 2.441826 -0.913773 0.846299
 11.200000 2.462766 -0.884553 0.257015
 11.400000 2.454660 -0.859558 0.148600
 11.600000 2.544692 -0.850374 5.372295
 11.800000 2.365000 -0.856927 3.201911
 12.000000 2.469766 -0.874127 0.347043
 12.200000 2.432210 -0.897833 0.380028
 12.400000 2.503327 -0.929996 3.435426
 12.600000 2.422218 -0.963444 4.346060
 12.800000 2.475861 -0.885737 0.610312
 13.000000 2.529985 -0.855963 3.882710
 13.200000 2.459641 -0.890570 0.291186
 13.400000 2.440808 -0.926397 1.447121
 13.600000 2.525336 -0.850095 3.606416
 13.800000 2.489436 -0.794025 4.148959
 14.000000 2.436630 -0.786912 3.700107
 14.200000 2.467921 -0.861240 0.364415
 14.400000 2.475154 -0.855620 0.647479
 14.600000 2.403865 -0.794661 3.826196
 14.800000 2.521772 -0.864895 3.096468
 15.000000 2.461594 -0.789225 3.645496
 15.200000 2.464178 -0.800766 2.799278
 15.400000 2.534854 -0.829811 5.094556
 15.600000 2.310007 -0.792419 12.124625
 15.800000 2.433385 -0.847370 0.370666
 16.000000 2.481775 -0.814369 2.433200
 16.200000 2.352690 -0.834627 4.843074
 16.400000 2.470219 -0.884169 0.424178
 16.600000 2.457393 -0.812641 1.898489
 16.800000 2.478628 -0.856070 0.756047
 17.000000 2.398605 -0.946023 3.696740
 17.200000 2.376538 -0.862996 2.286060
 17.400000 2.517276 -0.908419 3.363501
 17.600000 2.547964 -0.784473 9.349329
 17.800000 2.495893 -0.944813 3.977306
 18.000000 2.545393 -1.016389 15.523466
 18.200000 2.548106 -0.904984 5.997513
 18.400000 2.599206 -0.959039 15.858503
 18.600000 2.425469 -0.916181 1.108689
 18.800000 2.464846 -0.971654 5.128145
 19.000000 2.473588 -0.923011 1.721197
 19.200000 2.460976 -0.876608 0.161165
 19.400000 2.488871 -0.936332 3.057797
 19.600000 2.451032 -0.869579 0.033420
 19.800000 2.384879 -0.864650 1.748027
 20.000000 2.318360 -0.865317 7.852058
 20.200000 2.462469 -0.890517 0.340009
 20.400000 2.454581 -0.852111 0.273059
 20.600000 2.464791 -0.863106 0.273175
 20.800000 2.549980 -0.861786 5.732373
 21.000000 2.398312 -0.848602 1.308717
 21.200000 2.371809 -0.851510 2.790749
 21.400000 2.554421 -0.870662 6.158072
 21.600000 2.404538 -0.870671 0.759489
 21.800000 2.408019 -0.914803 1.515878
 22.000000 2.479664 -0.881709 0.696219
 22.200000 2.374721 -0.817472 3.885711
 22.400000 2.525818 -0.908807 4.044505
 22.600000 2.442156 -0.808903 2.033605
 22.800000 2.391039 -0.832007 2.200516
 23.000000 2.529019 -0.891048 3.829040
 23.200000 2.438900 -0.716662 12.178772
 23.400000 2.406210 -0.818000 2.187934
 23.600000 2.407124 -0.894238 0.892904
 23.800000 2.534625 -0.799522 6.830410
 24.000000 2.474252 -0.942717 2.927720
 24.200000 2.510109 -0.934463 4.130495
 24.400000 2.488027 -0.902774 1.446363
 24.600000 2.434439 -0.905605 0.583247
 24.800000 2.524587 -0.976822 8.715146
 25.000000 2.468316 -0.920426 1.449451
 25.200000 2.506977 -0.886635 2.114766
 25.400000 2.560185 -0.896640 7.099663
 25.600000 2.460562 -0.859396 0.234255
 25.800000 2.502761 -0.876161 1.764341
 26.000000 2.455441 -0.819902 1.463684
 26.200000 2.423421 -0.903649 0.680823
 26.400000 2.542494 -0.807914 7.000043
 26.600000 2.515465 -0.823343 3.808585
 26.800000 2.502877 -0.853433 1.950079
 27.000000 2.432892 -0.852977 0.249643
 27.200000 2.405095 -0.875611 0.740327
 27.400000 2.428975 -0.842024 0.574342
 27.600000 2.403922 -0.939079 2.987124
 27.800000 2.368011 -0.861555 2.908093
 28.000000 2.392779 -0.938441 3.447624
 28.200000 2.511144 -0.846636 2.629265
 28.400000 2.477530 -0.847890 0.887243
 28.600000 2.456507 -0.982515 6.118706
 28.800000 2.426645 -0.845546 0.509107
 29.000000 2.458024 -0.927462 1.607391
 29.200000 2.438077 -0.846588 0.354483
 29.400000 2.427617 -0.887002 0.228300
 29.600000 2.450191 -0.929027 1.610999
 29.800000 2.428546 -0.835920 0.786291
 30.000000 2.479833 -0.910844 1.390283
 30.200000 2.503250 -0.854539 1.951631
 30.400000 2.490473 -0.923050 2.374383
 30.600000 2.490646 -0.926939 2.586045
 30.800000 2.485394 -0.896988 1.174999
 31.000000 2.516383 -0.955680 6.104588
 31.200000 2.518498 -0.945891 5.496279
 31.400000 2.524018 -0.969233 7.907421
 31.600000 2.486605 -0.918607 1.986034
 31.800000 2.513091 -0.957682 6.038158
 32.000000 2.491514 -0.918795 2.218563
 32.200000 2.521380 -0.927193 4.522383
 32.400000 2.513530 -0.903671 2.935494
 32.600000 2.429256 -0.880893 0.134745
 32.800000 2.446129 -0.878942 0.023263
 33.000000 2.483049 -0.824466 1.945185
 33.200000 2.448044 -0.814046 1.728592
 33.400000 2.392616 -0.836349 1.951996
 33.600000 2.454212 -0.870083 0.061125
 33.800000 2.446030 -0.846187 0.353839
 34.000000 2.409327 -0.865799 0.606122
 34.200000 2.454951 -0.832556 0.870347
 34.400000 2.464571 -0.878856 0.241985
 34.600000 2.452311 -0.809999 2.002631
 34.800000 2.509617 -0.876924 2.197399
 35.000000 2.481617 -0.794501 3.782703
 35.200000 2.449592 -0.886806 0.118793
 35.400000 2.495795 -0.854148 1.540842
 35.600000 2.470780 -0.910081 1.073142
 35.800000 2.542994 -0.939344 7.176456
 36.000000 2.535019 -0.915899 5.126007
 36.200000 2.473390 -0.919954 1.566030
 36.400000 2.497685 -0.884427 1.539314
 36.600000 2.493191 -0.919025 2.311189
 36.800000 2.504851 -0.967616 6.392313
 37.000000 2.426958 -0.945507 2.789208
 37.200000 2.536360 -0.980901 10.172678
 37.400000 2.494986 -0.906702 1.906718
 37.600000 2.614769 -0.829761 15.593602
 37.800000 2.529968 -0.846017 4.096825
 38.000000 2.514805 -0.910322 3.254008
 38.200000 2.508646 -0.829593 3.052092
 38.400000 2.496406 -0.896663 1.689553
 38.600000 2.444825 -0.831617 0.843399
 38.800000 2.505059 -0.823914 3.085453
 39.000000 2.378092 -0.914527 3.012779
 39.200000 2.377920 -0.887160 2.252838
 39.400000 2.393803 -0.875451 1.236848
 39.600000 2.451280 -0.847065 0.358234
 39.800000 2.485493 -0.847045 1.211542
 40.000000 2.500651 -0.810041 3.596232
 40.200000 2.485926 -0.861745 0.961240
 40.400000 2.532810 -0.855282 4.142688
 40.600000 2.540386 -0.758200 11.248349
 40.800000 2.499160 -0.862529 1.602553
 41.000000 2.405043 -0.894827 0.983532
 41.200000 2.525318 -0.894636 3.591634
 41.400000 2.429522 -0.838439 0.682856
 41.600000 2.441392 -0.863033 0.048527
 41.800000 2.502104 -0.839410 2.272437
 42.000000 2.441751 -0.889323 0.140211
 42.200000 2.473666 -0.858850 0.551600
 42.400000 2.486289 -0.790610 4.283585
 42.600000 2.510069 -0.796696 5.103923
 42.800000 2.481406 -0.866672 0.737863
 43.000000 2.483076 -0.792796 3.974205
 43.200000 2.501631 -0.900149 2.069557
 43.400000 2.461154 -0.826828 1.207018
 43.600000 2.464771 -0.829757 1.147591
 43.800000 2.442344 -0.929751 1.630031
 44.000000 2.377678 -0.831795 2.998888
 44.200000 2.490290 -0.915601 2.018228
 44.400000 2.434270 -0.846352 0.388421
 44.600000 2.446966 -0.888541 0.132177
 44.800000 2.540533 -0.850547 4.956067
 45.000000 2.320172 -0.803238 10.010191
 45.200000 2.495061 -0.838636 1.910264
 45.400000 2.465628 -0.794838 3.274166
 45.600000 2.488673 -0.895022 1.271975
 45.800000 2.474921 -0.780061 4.782593
 46.000000 2.531928 -0.885226 3.992085
 46.200000 2.393661 -0.846918 1.571472
 46.400000 2.502808 -0.881443 1.799561
 46.600000 2.558184 -0.804475 8.905535
 46.800000 2.374697 -0.924195 3.691911
 47.000000 2.417290 -0.787161 3.997862
 47.200000 2.399357 -0.792389 4.194660
 47.400000 2.512468 -0.897400 2.686951
 47.600000 2.457246 -0.834710 0.815282
 47.800000 2.583885 -0.864996 9.888928
 48.000000 2.433799 -0.887406 0.155331
 48.200000 2.465930 -0.853178 0.442307
 48.400000 2.510852 -0.874833 2.273155
 48.600000 2.480558 -0.825124 1.818159
 48.800000 2.502795 -0.846937 2.091206
 49.000000 2.415191 -0.782783 4.438946
 49.200000 2.396716 -0.906049 1.649792
 49.400000 2.475596 -0.824165 1.692440
 49.600000 2.452403 -0.854993 0.196122
 49.800000 2.322659 -0.844875 7.682668
 50.000000 2.393083 -0.892623 1.468127
 50.200000 2.472784 -0.916312 1.382450
 50.400000 2.412951 -0.852587 0.666962
 50.600000 2.404773 -0.940277 3.034079
 50.800000 2.460960 -0.918816 1.218083
 51.000000 2.378998 -0.974659 7.279177
 51.200000 2.506934 -0.881045 2.049499
 51.400000 2.434849 -0.900422 0.422315
 51.600000 2.498002 -0.936573 3.529495
 51.800000 2.499008 -0.863873 1.581404
 52.000000 2.471759 -0.810435 2.336659
 52.200000 2.431750 -0.853327 0.255540
 52.400000 2.581060 -0.845091 9.846888
 52.600000 2.417464 -0.846577 0.678200
 52.800000 2.446165 -0.733298 9.715130
 53.000000 2.520502 -0.806822 5.135281
 53.200000 2.435398 -0.789073 3.526270
 53.400000 2.456088 -0.877816 0.092988
 53.600000 2.461049 -0.885312 0.234649
 53.800000 2.467243 -0.837520 0.900359
 54.000000 2.465865 -0.888615 0.378181
 54.200000 2.484980 -0.840469 1.380175
 54.400000 2.505801 -0.940927 4.273043
 54.600000 2.448483 -0.938626 2.188043
 54.800000 2.483866 -0.932572 2.610692
 55.000000 2.499737 -0.961366 5.517432
 55.200000 2.526241 -0.933065 5.250386
 55.400000 2.519159 -0.961151 6.779959
 55.600000 2.524642 -0.875055 3.298029
 55.800000 2.505006 -0.896549 2.179098
 56.000000 2.470250 -0.881710 0.399734
 56.200000 2.461109 -0.855306 0.306385
 56.400000 2.482567 -0.856571 0.894135
 56.600000 2.451994 -0.872815 0.036417
 56.800000 2.487054 -0.851458 1.175039
 57.000000 2.404653 -0.835178 1.455652
 57.200000 2.423952 -0.756207 6.971538
 57.400000 2.435620 -0.886055 0.120389
 57.600000 2.387335 -0.888295 1.697232
 57.800000 2.448263 -0.903330 0.481702
 58.000000 2.463712 -0.815073 1.863425
 58.200000 2.428032 -0.845622 0.484681
 58.400000 2.534967 -0.866057 4.208502
 58.600000 2.462692 -0.898111 0.508676
 58.800000 2.433686 -0.906736 0.628197
 59.000000 2.502350 -0.842190 2.198317
 59.200000 2.515715 -0.887357 2.718231
 59.400000 2.487969 -0.894552 1.230033
 59.600000 2.511820 -0.880671 2.368524
 59.800000 2.472898 -0.841812 0.909209
 60.000000 2.468378 -0.889893 0.458839
 60.200000 2.598832 -0.881411 12.108354
 60.400000 2.524500 -0.959596 7.062235
 60.600000 2.451063 -0.880957 0.063284
 60.800000 2.541344 -0.860613 4.863126
 61.000000 2.489571 -0.817440 2.587953
 61.200000 2.515302 -0.883059 2.634621
 61.400000 2.479126 -0.953538 3.906286
 61.600000 2.407986 -0.813448 2.382558
 61.800000 2.472441 -0.903524 0.896085
 62.000000 2.411026 -0.875755 0.530798
 62.200000 2.398508 -0.872963 1.010443
 62.400000 2.406523 -0.799224 3.378988
 62.600000 2.411311 -0.901689 0.938032
 62.800000 2.407319 -0.898277 0.981095
 63.000000 2.406908 -0.877968 0.682140
 63.200000 2.473351 -0.844233 0.850869
 63.400000 2.408972 -0.803523 2.985044
 63.600000 2.564893 -0.813614 9.116403
 63.800000 2.378661 -0.925149 3.476827
 64.000000 2.508125 -0.874935 2.093325
 64.200000 2.584441 -0.922856 11.197321
 64.400000 2.418686 -0.817645 1.820458
 64.600000 2.507256 -0.887161 2.139952
 64.800000 2.449646 -0.956302 3.516772
 65.000000 2.423697 -0.909460 0.872254
 65.200000 2.501051 -0.942666 4.108412
 65.400000 2.382301 -0.914983 2.765683
 65.600000 2.474136 -0.903512 0.946264
 65.800000 2.508267 -0.943902 4.637304
 66.000000 2.432150 -0.917992 1.091274
 66.200000 2.555907 -0.841741 6.800177
 66.400000 2.489401 -0.878682 1.073342
 66.600000 2.542412 -0.845478 5.265187
 66.800000 2.380211 -0.848620 2.289390
 67.000000 2.482754 -0.808143 2.853466
 67.200000 2.540884 -0.909621 5.428527
 67.400000 2.406160 -0.814102 2.410491
 67.600000 2.414151 -0.800694 3.019415
 67.800000 2.393929 -0.833105 2.009204
 68.000000 2.336003 -0.826937 6.819169
 68.200000 2.513671 -0.786862 6.145802
 68.400000 2.426886 -0.870199 0.140407
 68.600000 2.331319 -0.806560 8.472751
 68.800000 2.449905 -0.793206 3.177599
 69.000000 2.487511 -0.829892 1.884981
 69.200000 2.442893 -0.784436 3.892337
 69.400000 2.434877 -0.896099 0.311434
 69.600000 2.476585 -0.846617 0.887832
 69.800000 2.400391 -0.924773 2.285133
 70.000000 2.454411 -0.905486 0.598556
 70.200000 2.545428 -0.887376 5.306824
 70.400000 2.473102 -1.021424 11.503903
 70.600000 2.480535 -0.976380 6.065712
 70.800000 2.513051 -0.973670 7.522409
 71.000000 2.505146 -0.971593 6.795916
 71.200000 2.581159 -0.927637 10.991282
 71.400000 2.590273 -0.974767 15.989387
 71.600000 2.534385 -0.870977 4.134993
 71.800000 2.552236 -0.900275 6.297199
 72.000000 2.483155 -0.826550 1.851108
 72.200000 2.532502 -0.863960 4.002057
 72.400000 2.438304 -0.911268 0.758407
 72.600000 2.467276 -0.862041 0.339995
 72.800000 2.458422 -0.839760 0.653267
 73.000000 2.481441 -0.897893 1.039465
 73.200000 2.530596 -0.872473 3.796293
 73.400000 2.483802 -0.876871 0.822543
 73.600000 2.505723 -0.946120 4.636169
 73.800000 2.529792 -0.835348 4.422756
 74.000000 2.499950 -0.921871 2.806147
 74.200000 2.548439 -0.895616 5.773577
 74.400000 2.548887 -0.847009 5.886437
 74.600000 2.419473 -0.883804 0.349755
 74.800000 2.414124 -0.863107 0.475997
 75.000000 2.435220 -0.913515 0.868329
 75.200000 2.414833 -0.819835 1.805264
 75.400000 2.400588 -0.853675 1.099340
 75.600000 2.454124 -0.929419 1.667384
 75.800000 2.450666 -0.805540 2.278791
 76.000000 2.440113 -0.868117 0.015945
 76.200000 2.500777 -0.793169 4.802340
 76.400000 2.484605 -0.809302 2.853858
 76.600000 2.510722 -0.978820 7.896501
 76.800000 2.391194 -0.929760 2.995863
 77.000000 2.350504 -0.868268 4.330194
 77.200000 2.573835 -0.954324 11.832828
 77.400000 2.435217 -0.961189 3.952275
 77.600000 2.353978 -1.048969 19.545141
 77.800000 2.584400 -0.868424 9.940966
 78.000000 2.602542 -0.897303 12.956979
 78.200000 2.514973 -0.913638 3.396440
 78.400000 2.484370 -0.944350 3.406189
 78.600000 2.493612 -0.867032 1.273443
 78.800000 2.560663 -0.866081 6.889880
 79.000000 2.413240 -0.780188 4.732571
 79.200000 2.409459 -0.843549 1.001925
 79.400000 2.491697 -0.797371 3.997951
 79.600000 2.440240 -0.850017 0.261650
 79.800000 2.418168 -0.873612 0.320327
 80.000000 2.398233 -0.771589 6.130956
 80.200000 2.562340 -0.863526 7.107902
 80.400000 2.487349 -0.813435 2.717189
 80.600000 2.418663 -0.881989 0.350947
 80.800000 2.433515 -0.914960 0.943914
 81.000000 2.408989 -0.831715 1.432608
 81.200000 2.419803 -0.868009 0.290676
 81.400000 2.491319 -0.841721 1.623981
 81.600000 2.435640 -0.834768 0.748645
 81.800000 2.469121 -0.871823 0.329586
 82.000000 2.382255 -0.796597 4.766216
 82.200000 2.474806 -0.823619 1.693973
 82.400000 2.557504 -0.861777 6.562214
 82.600000 2.432500 -0.868565 0.068479
 82.800000 2.481910 -0.898091 1.062434
 83.000000 2.522146 -0.787391 6.731444
 83.200000 2.500436 -0.896843 1.915357
 83.400000 2.437639 -0.980065 5.784419
 83.600000 2.359292 -0.930545 5.217280
 83.800000 2.533129 -0.888739 4.149346
 84.000000 2.466700 -0.828893 1.228024
 84.200000 2.362948 -0.894979 3.490174
 84.400000 2.528385 -0.837033 4.240821
 84.600000 2.446563 -0.863301 0.048649
 84.800000 2.465226 -0.861875 0.295059
 85.000000 2.493746 -0.802996 3.691168
 85.200000 2.358682 -0.904299 4.094072
 85.400000 2.545019 -0.873724 5.157629
 85.600000 2.476555 -0.804120 2.896794
 85.800000 2.455723 -0.877285 0.085861
 86.000000 2.448684 -0.859871 0.095473
 86.200000 2.510404 -0.842328 2.700833
 86.400000 2.563889 -0.845752 7.613606
 86.600000 2.442359 -0.912768 0.804753
 86.800000 2.514518 -0.907387 3.127342
 87.000000 2.472544 -0.901932 0.851207
 87.200000 2.430150 -0.936633 2.134564
 87.400000 2.499798 -0.998793 9.541136
 87.600000 2.582537 -0.922426 10.909227
 87.800000 2.607591 -0.922636 14.717860
 88.000000 2.501905 -0.917436 2.710114
 88.200000 2.518374 -0.973901 7.930378
 88.400000 2.578848 -0.903057 9.626652
 88.600000 2.497043 -0.908178 2.066115
 88.800000 2.443853 -0.890720 0.163074
 89.000000 2.547808 -0.833050 6.228834
 89.200000 2.529153 -0.832503 4.477998
 89.400000 2.368565 -0.806620 4.985682
 89.600000 2.413266 -0.872400 0.455894
 89.800000 2.428920 -0.798423 2.861616
 90.000000 2.445135 -0.830020 0.910686
 90.200000 2.436009 -0.878763 0.046363
 90.400000 2.408875 -0.775836 5.286012
 90.600000 2.490559 -0.924235 2.438825
 90.800000 2.407552 -0.885319 0.724788
 91.000000 2.406421 -0.892275 0.878257
 91.200000 2.540315 -0.887341 4.798006
 91.400000 2.509085 -0.863000 2.199955
 91.600000 2.515199 -0.911097 3.311702
 91.800000 2.472038 -0.874433 0.409893
 92.000000 2.492890 -0.961797 5.193897
 92.200000 2.550862 -0.933474 7.616406
 92.400000 2.532911 -0.904870 4.519275
 92.600000 2.551042 -0.974203 10.941869
 92.800000 2.561036 -0.943479 9.419309
 93.000000 2.444328 -0.855694 0.144373
 93.200000 2.529003 -0.932306 5.437299
 93.400000 2.512259 -0.834284 3.103109
 93.600000 2.449814 -0.767356 5.565152
 93.800000 2.487024 -0.958046 4.593869
 94.000000 2.379132 -0.840090 2.599655
 94.200000 2.499789 -0.919818 2.698179
 94.400000 2.497261 -0.827398 2.471786
 94.600000 2.465679 -0.829138 1.194099
 94.800000 2.452623 -0.916571 1.005844
 95.000000 2.428720 -0.882525 0.157257
 95.200000 2.394888 -0.859370 1.268022
 95.400000 2.564031 -0.768062 12.739440
 95.600000 2.467523 -0.861339 0.353631
 95.800000 2.387330 -0.878626 1.593104
 96.000000 2.481568 -0.861012 0.793975
 96.200000 2.398445 -0.844232 1.417408
 96.400000 2.438799 -0.772851 4.992247
 96.600000 2.475597 -0.901914 0.944134
 96.800000 2.403853 -0.829944 1.696921
 97.000000 2.528888 -0.903989 4.139540
 97.200000 2.459242 -0.887754 0.238371
 97.400000 2.493812 -0.867482 1.281043
 97.600000 2.526238 -0.912067 4.202280
 97.800000 2.439990 -0.876286 0.012580
 98.000000 2.464830 -0.927672 1.741203
 98.200000 2.496505 -0.942621 3.853785
 98.400000 2.583812 -0.871285 9.850151
 98.600000 2.484555 -0.937422 2.941167
 98.800000 2.471572 -0.937199 2.477461
 99.000000 2.506708 -0.875062 2.002999
 99.200000 2.514541 -0.951567 5.639005
 99.400000 2.518474 -0.898624 3.150400
 99.600000 2.489853 -0.902191 1.512036
 99.800000 2.548137 -0.870468 5.480989
 100.000000 2.474871 -0.861553 0.555040
 100.200000 2.474745 -0.843122 0.925748
 100.400000 2.492087 -0.726197 11.908569
 100.600000 2.485987 -0.834934 1.616050
 100.800000 2.446319 -0.778083 4.476880
 101.000000 2.480687 -0.873365 0.693138
 101.200000 2.547270 -0.855911 5.528494
 101.400000 2.413335 -0.790114 3.861049
 101.600000 2.378100 -0.949969 5.124072
 101.800000 2.441017 -0.866247 0.023578
 102.000000 2.468962 -0.918637 1.381877
 102.200000 2.374716 -0.889124 2.498379
 102.400000 2.504468 -0.899819 2.229588
 102.600000 2.528738 -0.889627 3.779944
 102.800000 2.454765 -0.871577 0.064487
 103.000000 2.449980 -0.876136 0.027278
 103.200000 2.435430 -0.885071 0.109207
 103.400000 2.488896 -0.856061 1.169998
 103.600000 2.467471 -0.884883 0.362895
 103.800000 2.503448 -0.887402 1.907818
 104.000000 2.487065 -0.938957 3.148025
 104.200000 2.441126 -0.945062 2.623441
 104.400000 2.531324 -0.873489 3.860289
 104.600000 2.494115 -0.897766 1.597974
 104.800000 2.517288 -0.893852 2.949628
 105.000000 2.480202 -0.961427 4.614286
 105.200000 2.465337 -0.840191 0.766539
 105.400000 2.453329 -0.869379 0.054093
 105.600000 2.529178 -0.832251 4.490353
 105.800000 2.506175 -0.863724 2.006475
 106.000000 2.477970 -0.822366 1.860378
 106.200000 2.397883 -0.858821 1.134500
 106.400000 2.442819 -0.811752 1.855387
 106.600000 2.408162 -0.825011 1.758426
 106.800000 2.462089 -0.838244 0.765876
 107.000000 2.445942 -0.770877 5.183394
 107.200000 2.384643 -0.863294 1.773686
 107.400000 2.504751 -0.830633 2.761565
 107.600000 2.452098 -0.925604 1.438597
 107.800000 2.467765 -0.866984 0.311475
 108.000000 2.547319 -0.857932 5.501808
 108.200000 2.466263 -0.856463 0.391212
 108.400000 2.439373 -0.842421 0.465697
 108.600000 2.546429 -0.900302 5.683084
 108.800000 2.488013 -0.860313 1.068725
 109.000000 2.509837 -0.862184 2.257826
 109.200000 2.390602 -0.901713 1.818923
 109.400000 2.381109 -0.854394 2.110777
 109.600000 2.460719 -0.907259 0.747305
 109.800000 2.503200 -0.917187 2.775489
 110.000000 2.469432 -0.946065 3.031083
 110.200000 2.482411 -0.840638 1.271395
 110.400000 2.527159 -0.825081 4.634783
 110.600000 2.426490 -0.893100 0.352816
 110.800000 2.476702 -0.859944 0.633394
 111.000000 2.492274 -0.889036 1.325379
 111.200000 2.474725 -0.771063 5.650172
 111.400000 2.411716 -0.873362 0.504116
 111.600000 2.507510 -0.849246 2.325344
 111.800000 2.449441 -0.884160 0.083951
 112.000000 2.509013 -0.877061 2.158209
 112.200000 2.371323 -0.834142 3.343954
 112.400000 2.462586 -0.863685 0.223201
 112.600000 2.465680 -0.893838 0.470995
 112.800000 2.428758 -0.933071 1.932560
 113.000000 2.523996 -0.940658 5.554505
 113.200000 2.366805 -0.812731 4.734078
 113.400000 2.507489 -0.926425 3.494899
 113.600000 2.483824 -0.840286 1.338780
 113.800000 2.580274 -0.903369 9.830257
 114.000000 2.523952 -0.822888 4.478229
 114.200000 2.403877 -0.819298 2.207428
 114.400000 2.518566 -0.926257 4.256483
 114.600000 2.486955 -0.793090 4.111963
 114.800000 2.424473 -0.867774 0.192233
 115.000000 2.469054 -0.898131 0.651751
 115.200000 2.405974 -0.829485 1.634874
 115.400000 2.453920 -0.893357 0.268790
 115.600000 2.536134 -0.821769 5.589274
 115.800000 2.493794 -0.887637 1.378779
 116.000000 2.462794 -0.856604 0.315859
 116.200000 2.444234 -0.877441 0.011705
 116.400000 2.507529 -0.849254 2.326364
 116.600000 2.477462 -0.852579 0.779749
 116.800000 2.417633 -0.849925 0.592104
 117.000000 2.440433 -0.846988 0.334240
 117.200000 2.352285 -0.888025 4.274481
 117.400000 2.394516 -0.931607 2.934926
 117.600000 2.521786 -0.816458 4.646959
 117.800000 2.454295 -0.911119 0.798063
 118.000000 2.402449 -0.878652 0.858891
 118.200000 2.404927 -0.966666 5.160537
 118.400000 2.404776 -0.870238 0.751224
 118.600000 2.491516 -0.878183 1.169865
 118.800000 2.515882 -0.887117 2.726835
 119.000000 2.357736 -0.849381 3.945412
 119.200000 2.434857 -0.871252 0.038010
 119.400000 2.572732 -0.894688 8.598020
 119.600000 2.464796 -0.842926 0.669779
 119.800000 2.424398 -0.885025 0.258093
 120.000000 2.450158 -0.905161 0.550434
 120.200000 2.446464 -0.842446 0.461104
 120.400000 2.428578 -0.970856 4.931502
 120.600000 2.455761 -0.890858 0.241141
 120.800000 2.492324 -0.824439 2.356629
 121.000000 2.493484 -0.972717 6.256414
 121.200000 2.392138 -0.884586 1.388094
 121.400000 2.426160 -0.932686 1.950958
 121.600000 2.547329 -0.852847 5.590620
 121.800000 2.554798 -0.862107 6.253713
 122.000000 2.429247 -0.853574 0.283254
 122.200000 2.445590 -0.787991 3.587064
 122.400000 2.503201 -0.886977 1.886859
 122.600000 2.464793 -0.766610 5.851327
 122.800000 2.584217 -0.881630 9.946306
 123.000000 2.411970 -0.853605 0.677478
 123.200000 2.419308 -0.857123 0.412462
 123.400000 2.546872 -0.960114 9.170604
 123.600000 2.521504 -0.804301 5.382163
 123.800000 2.498812 -0.976289 6.900842
 124.000000 2.446976 -0.854017 0.180040
 124.200000 2.487439 -0.863822 1.006143
 124.400000 2.520232 -0.888059 3.065429
 124.600000 2.484227 -0.860082 0.910103
 124.800000 2.480043 -0.922134 1.892758
 125.000000 2.496187 -0.853778 1.568341
 125.200000 2.501964 -0.951290 4.802256
 125.400000 2.439446 -0.856283 0.142240
 125.600000 2.422430 -0.921787 1.427674
 125.800000 2.464266 -0.874075 0.217415
 126.000000 2.511381 -0.812795 4.098738
 126.200000 2.438896 -0.861114 0.077133
 126.400000 2.523218 -0.740438 11.922528
 126.600000 2.406822 -0.941407 3.033939
 126.800000 2.293330 -0.889197 11.406357
 127.000000 2.516759 -0.903594 3.164613
 127.200000 2.421076 -0.919948 1.368394
 127.400000 2.507743 -0.907526 2.673712
 127.600000 2.406236 -0.947682 3.506660
 127.800000 2.481924 -0.932978 2.558516
 128.000000 2.499851 -0.985124 7.913500
 128.200000 2.504915 -0.966344 6.276233
 128.400000 2.475259 -0.936071 2.515749
 128.600000 2.419794 -0.949810 3.255797
 128.800000 2.488796 -0.917461 2.030972
 129.000000 2.449444 -0.912503 0.811427
 129.200000 2.514139 -0.882454 2.545623
 129.400000 2.462380 -0.865174 0.207017
 129.600000 2.478044 -0.811650 2.459373
 129.800000 2.433922 -0.877828 0.058824
 130.000000 2.423238 -0.877830 0.217821
 130.200000 2.538072 -0.836153 5.142203
 130.400000 2.528029 -0.828409 4.555179
 130.600000 2.413984 -0.913097 1.251834
 130.800000 2.485046 -0.883262 0.920799
 131.000000 2.446550 -0.873306 0.004976
 131.200000 2.456022 -0.890833 0.243927
 131.400000 2.472385 -0.841697 0.897808
 131.600000 2.443724 -0.869236 0.005913
 131.800000 2.370231 -0.914727 3.565923
 132.000000 2.510889 -0.832505 3.079637
 132.200000 2.562491 -0.968888 11.713556
 132.400000 2.420368 -0.938036 2.403320
 132.600000 2.453670 -0.859617 0.137226
 132.800000 2.457114 -0.959490 3.862478
 133.000000 2.479421 -0.801467 3.181101
 133.200000 2.467709 -0.915585 1.215076
 133.400000 2.447940 -0.919772 1.119587
 133.600000 2.402166 -0.858538 0.952407
 133.800000 2.461277 -0.925281 1.542949
 134.000000 2.484993 -0.924561 2.209079
 134.200000 2.507930 -0.865995 2.100382
 134.400000 2.426747 -0.965949 4.490632
 134.600000 2.520254 -0.877605 2.960827
 134.800000 2.442034 -0.818146 1.487154
 135.000000 2.501253 -0.979888 7.418352
 135.200000 2.545581 -0.906374 5.782383
 135.400000 2.458435 -0.889512 0.254032
 135.600000 2.470455 -0.917390 1.364526
 135.800000 2.505609 -0.809582 3.920933
 136.000000 2.514217 -0.926273 3.940145
 136.200000 2.490829 -0.860966 1.190314
 136.400000 2.405207 -0.916261 1.682030
 136.600000 2.519258 -0.818969 4.314219
 136.800000 2.516784 -0.839601 3.234744
 137.000000 2.390826 -0.866279 1.405604
 137.200000 2.479418 -0.826430 1.715300
 137.400000 2.444395 -0.850355 0.249287
 137.600000 2.452260 -0.815825 1.654057
 137.800000 2.406158 -0.795145 3.700396
 138.000000 2.511646 -0.777994 6.805826
 138.200000 2.468382 -0.808026 2.399601
 138.400000 2.456148 -0.793326 3.227778
 138.600000 2.431709 -0.753816 7.131492
 138.800000 2.359316 -0.866234 3.560835
 139.000000 2.397676 -0.791712 4.324834
 139.200000 2.495247 -0.858029 1.448017
 139.400000 2.373094 -0.884138 2.541539
 139.600000 2.391517 -0.855168 1.502175
 139.800000 2.499521 -0.836476 2.226175
 140.000000 2.343811 -0.874015 4.965921
 140.200000 2.587752 -0.829733 11.331498
 140.400000 2.509291 -0.857558 2.280925
 140.600000 2.429885 -0.840451 0.611024
 140.800000 2.497547 -0.864316 1.497510
 141.000000 2.385922 -0.866717 1.673048
 141.200000 2.447857 -0.782223 4.099541
 141.400000 2.439036 -0.830782 0.886880
 141.600000 2.392165 -0.853378 1.501624
 141.800000 2.430923 -0.867770 0.090583
 142.000000 2.506300 -0.834434 2.705133
 142.200000 2.548117 -0.888568 5.602881
 142.400000 2.468764 -0.888551 0.446302
 142.600000 2.421722 -0.972064 5.176357
 142.800000 2.538608 -0.864374 4.560863
 143.000000 2.363170 -0.971931 8.150287
 143.200000 2.449026 -0.956184 3.503264
 143.400000 2.641048 -0.849665 19.784734
 143.600000 2.409662 -0.928854 2.149829
 143.800000 2.479565 -0.914886 1.543078
 144.000000 2.531535 -0.912621 4.676798
 144.200000 2.475813 -0.843964 0.935186
 144.400000 2.493136 -0.868276 1.243448
 144.600000 2.459250 -0.849889 0.384009
 144.800000 2.451444 -0.907168 0.627098
 145.000000 2.451191 -0.864481 0.063359
 145.200000 2.455884 -0.876741 0.085472
 145.400000 2.478896 -0.884814 0.701615
 145.600000 2.477515 -0.856552 0.709639
 145.800000 2.511442 -0.912998 3.124133
 146.000000 2.382308 -0.895591 2.132639
 146.200000 2.539942 -0.913901 5.504475
 146.400000 2.511168 -0.852043 2.504726
 146.600000 2.473447 -0.878779 0.468287
 146.800000 2.584754 -0.771644 15.084462
 147.000000 2.410775 -0.848901 0.816527
 147.200000 2.516750 -0.784528 6.569656
 147.400000 2.507939 -0.736704 11.321393
 147.600000 2.369304 -0.853740 2.928701
 147.800000 2.529105 -0.768695 9.072309
 148.000000 2.398171 -0.887195 1.131146
 148.200000 2.392226 -0.837854 1.918435
 148.400000 2.500978 -0.808150 3.735159
 148.600000 2.517744 -0.896076 3.033056
 148.800000 2.408187 -0.814639 2.305619
 149.000000 2.538171 -0.870422 4.487522
 149.200000 2.376530 -0.875053 2.242759
 149.400000 2.514860 -0.861713 2.608861
 149.600000 2.406511 -0.929545 2.300322
 149.800000 2.339861 -0.874931 5.369065
 150.000000 2.558209 -0.897796 6.899328
 150.200000 2.241981 -0.956558 23.816076
 150.400000 2.405364 -0.911959 1.497697
 150.600000 2.540488 -0.764315 10.576930
 150.800000 2.482426 -0.850776 0.998705
 151.000000 2.449631 -0.885276 0.098554
 151.200000 2.538113 -0.793727 7.595084
 151.400000 2.495884 -0.817211 2.911632
 151.600000 2.427368 -0.832728 0.926946
 151.800000 2.471046 -0.858828 0.476206
 152.000000 2.460299 -0.835447 0.834339
 152.200000 2.503032 -0.831944 2.603470
 152.400000 2.477755 -0.929489 2.202547
 152.600000 2.550512 -0.830189 6.632076
 152.800000 2.461920 -0.932611 1.967127
 153.000000 2.509759 -0.911964 2.969945
 153.200000 2.508409 -0.942561 4.551895
 153.400000 2.495159 -0.944902 3.945484
 153.600000 2.440548 -0.905678 0.549171
 153.800000 2.376967 -0.943146 4.694508
 154.000000 2.450440 -0.901099 0.428605
 154.200000 2.447080 -0.925146 1.383690
 154.400000 2.501354 -0.858761 1.772454
 154.600000 2.453309 -0.891581 0.227415
 154.800000 2.464308 -0.821024 1.550647
 155.000000 2.405471 -0.873984 0.722496
 155.200000 2.467100 -0.824335 1.447244
 155.400000 2.423977 -0.828975 1.144219
 155.600000 2.442241 -0.829634 0.926578
 155.800000 2.462503 -0.757049 6.864752
 156.000000 2.453392 -0.856413 0.181375
 156.200000 2.453281 -0.805210 2.323265
 156.400000 2.508445 -0.899627 2.474949
 156.600000 2.498297 -0.887539 1.614100
 156.800000 2.386389 -0.910000 2.325584
 157.000000 2.384416 -0.876192 1.749376
 157.200000 2.458394 -0.882106 0.156064
 157.400000 2.513236 -0.887522 2.544635
 157.600000 2.459008 -0.891297 0.294451
 157.800000 2.490857 -0.898720 1.462648
 158.000000 2.474355 -0.874871 0.479644
 158.200000 2.489740 -0.921027 2.240340
 158.400000 2.471551 -0.912733 1.197268
 158.600000 2.541560 -0.901015 5.213535
 158.800000 2.509746 -0.841132 2.694000
 159.000000 2.494083 -0.944310 3.847833
 159.200000 2.425196 -0.844454 0.564731
 159.400000 2.508337 -0.888396 2.228218
 159.600000 2.498308 -0.884819 1.577971
 159.800000 2.345684 -0.902395 5.222075
 160.000000 2.516132 -0.845487 3.009882
 160.200000 2.438924 -0.868137 0.020543
 160.400000 2.403155 -0.887510 0.922483
 160.600000 2.391491 -0.849901 1.609561
 160.800000 2.468741 -0.812722 2.116092
 161.000000 2.548278 -0.826821 6.544160
 161.200000 2.432128 -0.894546 0.303613
 161.400000 2.449851 -0.821583 1.325061
 161.600000 2.478476 -0.857901 0.721994
 161.800000 2.566683 -0.834396 8.324085
 162.000000 2.441634 -0.834499 0.729990
 162.200000 2.491083 -0.923359 2.418915
 162.400000 2.431380 -0.842313 0.533578
 162.600000 2.489104 -0.889312 1.180198
 162.800000 2.456841 -0.896946 0.384306
 163.000000 2.478684 -0.906435 1.190527
 163.200000 2.562071 -0.849804 7.295512
 163.400000 2.494591 -0.862617 1.357594
 163.600000 2.478394 -0.853179 0.799992
 163.800000 2.414180 -0.902136 0.862971
 164.000000 2.571235 -0.852798 8.360423
 164.200000 2.463652 -0.912343 0.991035
 164.400000 2.412459 -0.904485 0.986822
 164.600000 2.413419 -0.910478 1.166187
 164.800000 2.481919 -0.937545 2.844236
 165.000000 2.517928 -0.829879 3.687966
 165.200000 2.420176 -0.775341 5.007007
 165.400000 2.422221 -0.929076 1.816674
 165.600000 2.381343 -0.806958 4.087999
 165.800000 2.496896 -0.811753 3.282776
 166.000000 2.490522 -0.863465 1.149697
 166.200000 2.409218 -0.820090 1.968329
 166.400000 2.483555 -0.952963 4.027668
 166.600000 2.401144 -0.804352 3.228681
 166.800000 2.487145 -0.867500 0.967497
 167.000000 2.507552 -0.880795 2.086849
 167.200000 2.397249 -0.815829 2.682917
 167.400000 2.527970 -0.914231 4.434714
 167.600000 2.447035 -0.818824 1.455790
 167.800000 2.484487 -0.886172 0.932797
 168.000000 2.428567 -0.889875 0.259023
 168.200000 2.404377 -0.940474 3.062793
 168.400000 2.492498 -0.921604 2.399851
 168.600000 2.495731 -0.807381 3.497049
 168.800000 2.459139 -0.881656 0.163321
 169.000000 2.504959 -0.872543 1.891040
 169.200000 2.411137 -0.948167 3.372696
 169.400000 2.468632 -0.890084 0.468513
 169.600000 2.501072 -0.913685 2.500866
 169.800000 2.451869 -0.899339 0.391113
 170.000000 2.549802 -0.914133 6.513985
 170.200000 2.536481 -0.849066 4.604817
 170.400000 2.483324 -0.840375 1.315836
 170.600000 2.557291 -0.932675 8.279243
 170.800000 2.450960 -0.839675 0.572268
 171.000000 2.413519 -0.890367 0.604947
 171.200000 2.558136 -0.828300 7.559255
 171.400000 2.504915 -0.817514 3.409123
 171.600000 2.416065 -0.816587 1.947622
 171.800000 2.459452 -0.804384 2.458958
 172.000000 2.470002 -0.789415 3.817449
 172.200000 2.444048 -0.901663 0.420619
 172.400000 2.413733 -0.817410 1.968427
 172.600000 2.365898 -0.837342 3.631857
 172.800000 2.401075 -0.807869 2.997547
 173.000000 2.467808 -0.925044 1.668186
 173.200000 2.508578 -0.834967 2.830675
 173.400000 2.515659 -0.911892 3.375624
 173.600000 2.476471 -0.845614 0.910705
 173.800000 2.470171 -0.874164 0.357849
 174.000000 2.529747 -0.880502 3.753326
 174.200000 2.477101 -0.859191 0.656606
 174.400000 2.558336 -0.830846 7.472546
 174.600000 2.441991 -0.863434 0.043681
 174.800000 2.461735 -0.924333 1.501794
 175.000000 2.526642 -0.797348 6.295813
 175.200000 2.345802 -0.879231 4.790185
 175.400000 2.549161 -0.829697 6.509407
 175.600000 2.449551 -0.768808 5.411660
 175.800000 2.487561 -0.845286 1.347180
 176.000000 2.458676 -0.840180 0.643383
 176.200000 2.375672 -0.845009 2.680086
 176.400000 2.468553 -0.848380 0.609690
 176.600000 2.413293 -0.879162 0.476151
 176.800000 2.395761 -0.874879 1.140098
 177.000000 2.513256 -0.845435 2.806410
 177.200000 2.467333 -0.842902 0.727849
 177.400000 2.407093 -0.827302 1.690223
 177.600000 2.535886 -0.784815 8.130050
 177.800000 2.467794 -0.763385 6.267009
 178.000000 2.538745 -0.843370 4.968606
 178.200000 2.451745 -0.807977 2.126555
 178.400000 2.479858 -0.859048 0.755094
 178.600000 2.443995 -0.919798 1.110914
 178.800000 2.373536 -0.890362 2.601350
 179.000000 2.514906 -0.925770 3.962289
 179.200000 2.465766 -0.864297 0.283778
 179.400000 2.427348 -0.914170 0.991173
 179.600000 2.428976 -0.948227 2.959742
 179.800000 2.451563 -0.907487 0.639130
 180.000000 2.517083 -0.851455 2.935069
 180.200000 2.470358 -0.871535 0.362373
 180.400000 2.408880 -0.896045 0.871252
 180.600000 2.555239 -0.835615 6.933537
 180.800000 2.374080 -0.884220 2.473620
 181.000000 2.455678 -0.839812 0.614291
 181.200000 2.532479 -0.803781 6.334579
 181.400000 2.442869 -0.887701 0.113217
 181.600000 2.420200 -0.814719 1.949388
 181.800000 2.513510 -0.866594 2.471858
 182.000000 2.533098 -0.829871 4.933087
 182.200000 2.415846 -0.870701 0.383216
 182.400000 2.469476 -0.919183 1.420359
 182.600000 2.434387 -0.836395 0.698915
 182.800000 2.442840 -0.938288 2.153417
 183.000000 2.387643 -0.879797 1.583268
 183.200000 2.481159 -0.853074 0.902456
 183.400000 2.481123 -0.947727 3.526440
 183.600000 2.414589 -0.880053 0.444083
 183.800000 2.460416 -0.963024 4.226178
 184.000000 2.535710 -0.815144 5.909308
 184.200000 2.476373 -0.823690 1.740876
 184.400000 2.375487 -0.826107 3.394029
 184.600000 2.400837 -0.851667 1.128850
 184.800000 2.358530 -0.905480 4.145034
 185.000000 2.617986 -0.739878 24.045701
 185.200000 2.446471 -0.847546 0.320003
 185.400000 2.416372 -0.795852 3.317021
 185.600000 2.429047 -0.845922 0.461454
 185.800000 2.430419 -0.823677 1.284960
 186.000000 2.515634 -0.857585 2.718129
 186.200000 2.523732 -0.849067 3.500119
 186.400000 2.352078 -0.905397 4.711137
 186.600000 2.348382 -0.910299 5.228201
 186.800000 2.432942 -0.800520 2.657753
 187.000000 2.400354 -0.891942 1.114912
 187.200000 2.533301 -0.854420 4.202028
 187.400000 2.355904 -0.855119 3.987053
 187.600000 2.380332 -0.857803 2.103055
 187.800000 2.468165 -0.865198 0.333016
 188.000000 2.558869 -0.777648 11.173672
 188.200000 2.478613 -0.811271 2.502430
 188.400000 2.454074 -0.792460 3.272720
 188.600000 2.481215 -0.887395 0.821181
 188.800000 2.433430 -0.898186 0.375973
 189.000000 2.567793 -0.819831 9.124998
 189.200000 2.437184 -0.863388 0.062724
 189.400000 2.472533 -0.884031 0.487189
 189.600000 2.528148 -0.928426 5.140589
 189.800000 2.438784 -0.788679 3.537722
 190.000000 2.462298 -0.872617 0.177413
 190.200000 2.495580 -0.884734 1.431037
 190.400000 2.438008 -0.936052 2.023868
 190.600000 2.385870 -0.849186 1.934002
 190.800000 2.386291 -0.887294 1.741188
 191.000000 2.477285 -0.834703 1.292577
 191.200000 2.495158 -0.780803 5.555588
 191.400000 2.381056 -0.857090 2.068468
 191.600000 2.488280 -0.794016 4.097184
 191.800000 2.414700 -0.792492 3.627407
 192.000000 2.603267 -0.871102 12.770165
 192.200000 2.482788 -0.857850 0.883052
 192.400000 2.501270 -0.852824 1.867776
 192.600000 2.553364 -0.869132 6.045574
 192.800000 2.425770 -0.898046 0.478586
 193.000000 2.529604 -0.849585 3.976693
 193.200000 2.564443 -0.921155 8.493955
 193.400000 2.453910 -0.876805 0.063159
 193.600000 2.461698 -0.805478 2.423343
 193.800000 2.424481 -0.832406 0.990508
 194.000000 2.445981 -0.931034 1.706691
 194.200000 2.478576 -0.789735 4.055240
 194.400000 2.471575 -0.944665 2.987230
 194.600000 2.411032 -0.873695 0.526358
 194.800000 2.420764 -0.880117 0.285340
 195.000000 2.543803 -0.856068 5.171959
 195.200000 2.435489 -0.884310 0.099589
 195.400000 2.532217 -0.889073 4.073452
 195.600000 2.481570 -0.875357 0.729762
 195.800000 2.450661 -0.876402 0.032902
 196.000000 2.557671 -0.825555 7.631645
 196.200000 2.498288 -0.832635 2.304197
 196.400000 2.458924 -0.807791 2.223811
 196.600000 2.559108 -0.808803 8.726336
 196.800000 2.348343 -0.907139 5.117939
 197.000000 2.459306 -0.841807 0.601640
 197.200000 2.463066 -0.869993 0.195742
 197.400000 2.399173 -0.817029 2.528344
 197.600000 2.408427 -0.908244 1.246644
 197.800000 2.564370 -0.838146 7.905298
 198.000000 2.533064 -0.828176 5.004024
 198.200000 2.391068 -0.868820 1.379913
 198.400000 2.451552 -0.876644 0.040645
 198.600000 2.462127 -0.879579 0.198108
 198.800000 2.489575 -0.894377 1.298998
 199.000000 2.477347 -0.892203 0.764988
 199.200000 2.421584 -0.908355 0.876206
 199.400000 2.466970 -0.920609 1.425674
 199.600000 2.531251 -0.912304 4.639204
 199.800000 2.464042 -0.876158 0.217883
 200.000000 2.464363 -0.878947 0.238182
