#! FIELDS time phi psi restraint.bias
#! SET min_phi -pi
#! SET max_phi pi
#! SET min_psi -pi
#! SET max_psi pi
 0.000000 -0.879207 -0.368852 63.424271
 0.200000 -0.534726 -0.420468 2.611016
 0.400000 -0.583971 -0.375284 2.166090
 0.600000 -0.490062 -0.359243 0.614131
 0.800000 -0.502523 -0.368933 0.419440
 1.000000 -0.485920 -0.344638 0.719632
 1.200000 -0.527981 -0.382187 0.558116
 1.400000 -0.666461 -0.377878 10.619923
 1.600000 -0.621036 -0.351783 4.750698
 1.800000 -0.515317 -0.320799 0.433799
 2.000000 -0.581856 -0.331423 1.852597
 2.200000 -0.560938 -0.330222 0.874659
 2.400000 -0.570163 -0.259764 5.071508
 2.600000 -0.577277 -0.302951 2.503962
 2.800000 -0.549741 -0.377740 0.752821
 3.000000 -0.621841 -0.263881 8.453924
 3.200000 -0.543447 -0.332597 0.332581
 3.400000 -0.581336 -0.396973 2.814300
 3.600000 -0.594528 -0.279759 4.917201
 3.800000 -0.520548 -0.394764 1.048820
 4.000000 -0.495363 -0.334225 0.508753
 4.200000 -0.544478 -0.390306 1.068351
 4.400000 -0.586941 -0.307298 2.878388
 4.600000 -0.572309 -0.362324 1.274248
 4.800000 -0.530767 -0.379254 0.481341
 5.000000 -0.549402 -0.382895 0.905106
 5.200000 -0.588442 -0.319660 2.534654
 5.400000 -0.559075 -0.294297 2.129078
 5.600000 -0.548696 -0.401579 1.693727
 5.800000 -0.543696 -0.373649 0.504127
 6.000000 -0.617198 -0.411516 6.330468
 6.200000 -0.543667 -0.405305 1.782772
 6.400000 -0.608809 -0.307366 4.499836
 6.600000 -0.536546 -0.350721 0.085187
 6.800000 -0.512916 -0.353686 0.067732
 7.000000 -0.564372 -0.244722 6.275091
 7.200000 -0.492497 -0.341659 0.511102
 7.400000 -0.613351 -0.413731 6.118574
 7.600000 -0.583156 -0.379554 2.238320
 7.800000 -0.607668 -0.302249 4.629769
 8.000000 -0.512845 -0.398255 1.267599
 8.200000 -0.573636 -0.363631 1.357957
 8.400000 -0.564691 -0.361630 0.923202
 8.600000 -0.574214 -0.431764 4.700406
 8.800000 -0.568610 -0.333048 1.141286
 9.000000 -0.483633 -0.392587 1.745687
 9.200000 -0.599888 -0.448689 7.872431
 9.400000 -0.540567 -0.241313 5.949352
 9.600000 -0.572379 -0.264480 4.767191
 9.800000 -0.559073 -0.308567 1.449259
 10.000000 -0.589046 -0.243690 7.693748
 10.200000 -0.637159 -0.346347 6.451671
 10.400000 -0.504822 -0.394411 1.204383
 10.600000 -0.617408 -0.244790 9.836891
 10.800000 -0.454890 -0.420192 4.889944
 11.000000 -0.533737 -0.310253 0.804622
 11.200000 -0.497703 -0.271751 3.324131
 11.400000 -0.451641 -0.351165 2.591155
 11.600000 -0.604359 -0.320292 3.675056
 11.800000 -0.493448 -0.320672 0.857634
 12.000000 -0.530005 -0.420620 2.580497
 12.200000 -0.627767 -0.272101 8.387320
 12.400000 -0.572989 -0.400271 2.530695
 12.600000 -0.558872 -0.313102 1.268808
 12.800000 -0.588034 -0.314885 2.660102
 13.000000 -0.593646 -0.327255 2.691128
 13.200000 -0.608738 -0.384258 4.243599
 13.400000 -0.595302 -0.398557 3.795358
 13.600000 -0.519910 -0.437759 3.940008
 13.800000 -0.586010 -0.330465 2.120592
 14.000000 -0.603130 -0.316400 3.696122
 14.200000 -0.547058 -0.429626 3.520158
 14.400000 -0.555554 -0.401415 1.880771
 14.600000 -0.538687 -0.393527 1.102244
 14.800000 -0.613035 -0.478744 12.407709
 15.000000 -0.529575 -0.414614 2.166145
 15.200000 -0.618925 -0.336136 4.627098
 15.400000 -0.615557 -0.382126 4.774629
 15.600000 -0.504290 -0.328132 0.405515
 15.800000 -0.549817 -0.397941 1.538102
 16.000000 -0.539314 -0.362844 0.218393
 16.200000 -0.613457 -0.329772 4.223401
 16.400000 -0.464073 -0.230930 8.749655
 16.600000 -0.523957 -0.281621 2.274438
 16.800000 -0.588679 -0.269237 5.304096
 17.000000 -0.487055 -0.279669 3.075653
 17.200000 -0.563603 -0.331905 0.947437
 17.400000 -0.535207 -0.253034 4.678413
 17.600000 -0.563502 -0.279557 3.211855
 17.800000 -0.563675 -0.356593 0.831397
 18.000000 -0.495084 -0.308517 1.228659
 18.200000 -0.579774 -0.368136 1.759642
 18.400000 -0.517447 -0.374998 0.355151
 18.600000 -0.577170 -0.347960 1.435563
 18.800000 -0.579754 -0.316182 2.117351
 19.000000 -0.619419 -0.369924 4.808325
 19.200000 -0.567605 -0.504427 13.036798
 19.400000 -0.545581 -0.450817 5.418256
 19.600000 -0.576333 -0.432312 4.855438
 19.800000 -0.584983 -0.287898 3.754785
 20.000000 -0.524972 -0.325661 0.274833
 20.200000 -0.562815 -0.352445 0.774669
 20.400000 -0.498302 -0.253476 4.888650
 20.600000 -0.586524 -0.333858 2.095438
 20.800000 -0.617385 -0.319815 4.825752
 21.000000 -0.540403 -0.322828 0.485393
 21.200000 -0.523557 -0.392339 0.936288
 21.400000 -0.604180 -0.305734 4.185467
 21.600000 -0.431282 -0.362138 4.346668
 21.800000 -0.596534 -0.376490 3.035803
 22.000000 -0.603238 -0.444337 7.709476
 22.200000 -0.540784 -0.405637 1.747810
 22.400000 -0.655418 -0.343214 8.705317
 22.600000 -0.536572 -0.424121 2.900784
 22.800000 -0.479105 -0.402712 2.428789
 23.000000 -0.637666 -0.406943 8.180484
 23.200000 -0.563236 -0.278738 3.258539
 23.400000 -0.563654 -0.344985 0.810544
 23.600000 -0.598561 -0.390814 3.681116
 23.800000 -0.562383 -0.339742 0.795562
 24.000000 -0.479931 -0.310326 1.703786
 24.200000 -0.500885 -0.364306 0.374094
 24.400000 -0.632812 -0.349147 5.963806
 24.600000 -0.600851 -0.332268 3.125045
 24.800000 -0.598580 -0.236354 9.163096
 25.000000 -0.542194 -0.370543 0.403533
 25.200000 -0.518384 -0.340054 0.054205
 25.400000 -0.628742 -0.365425 5.661406
 25.600000 -0.552762 -0.446254 5.148012
 25.800000 -0.630253 -0.307843 6.537254
 26.000000 -0.651430 -0.388873 8.962665
 26.200000 -0.642527 -0.362253 7.158855
 26.400000 -0.525411 -0.341628 0.029301
 26.600000 -0.570358 -0.490579 11.106111
 26.800000 -0.589227 -0.309508 2.935948
 27.000000 -0.619758 -0.423272 7.376524
 27.200000 -0.578774 -0.357348 1.556474
 27.400000 -0.609236 -0.326094 3.930760
 27.600000 -0.518179 -0.300862 1.176486
 27.800000 -0.567002 -0.390708 1.808955
 28.000000 -0.643934 -0.303660 8.271164
 28.200000 -0.504699 -0.336353 0.259401
 28.400000 -0.630126 -0.334685 5.777439
 28.600000 -0.514963 -0.279050 2.488427
 28.800000 -0.585030 -0.240502 7.779896
 29.000000 -0.534572 -0.321247 0.447157
 29.200000 -0.483596 -0.317204 1.307715
 29.400000 -0.569681 -0.300057 2.262742
 29.600000 -0.506510 -0.284105 2.255983
 29.800000 -0.567647 -0.380515 1.464617
 30.000000 -0.490926 -0.330757 0.701382
 30.200000 -0.565712 -0.351209 0.889071
 30.400000 -0.527083 -0.395509 1.084542
 30.600000 -0.551873 -0.410378 2.279271
 30.800000 -0.515325 -0.423098 2.774592
 31.000000 -0.568454 -0.392602 1.953708
 31.200000 -0.560822 -0.343255 0.709684
 31.400000 -0.584897 -0.345793 1.884089
 31.600000 -0.556930 -0.351504 0.558456
 31.800000 -0.533918 -0.384103 0.667047
 32.000000 -0.561075 -0.300831 1.865526
 32.200000 -0.593230 -0.448084 7.326611
 32.400000 -0.542911 -0.365391 0.319732
 32.600000 -0.598015 -0.291246 4.440468
 32.800000 -0.566681 -0.399569 2.203321
 33.000000 -0.564208 -0.334491 0.930771
 33.200000 -0.544075 -0.251776 4.942259
 33.400000 -0.473578 -0.412652 3.272641
 33.600000 -0.553238 -0.272034 3.406184
 33.800000 -0.484573 -0.270917 3.815130
 34.000000 -0.574036 -0.330687 1.440851
 34.200000 -0.572597 -0.231904 8.063878
 34.400000 -0.547778 -0.351954 0.296491
 34.600000 -0.482447 -0.343960 0.859767
 34.800000 -0.564831 -0.232151 7.684576
 35.000000 -0.435796 -0.357072 3.886756
 35.200000 -0.547644 -0.296282 1.682172
 35.400000 -0.649886 -0.288988 9.778939
 35.600000 -0.512609 -0.399716 1.343127
 35.800000 -0.543322 -0.396150 1.302950
 36.000000 -0.524988 -0.350432 0.001897
 36.200000 -0.557836 -0.433598 4.158941
 36.400000 -0.588242 -0.339561 2.134560
 36.600000 -0.567323 -0.370633 1.188465
 36.800000 -0.594828 -0.434784 6.210567
 37.000000 -0.493860 -0.313006 1.092363
 37.200000 -0.608766 -0.466457 10.517094
 37.400000 -0.628072 -0.295577 6.887843
 37.600000 -0.529776 -0.347542 0.020241
 37.800000 -0.558806 -0.419151 3.075713
 38.000000 -0.567395 -0.404084 2.472555
 38.200000 -0.517341 -0.312574 0.685418
 38.400000 -0.528330 -0.320434 0.421071
 38.600000 -0.476579 -0.319743 1.535376
 38.800000 -0.543909 -0.344828 0.215241
 39.000000 -0.514397 -0.357672 0.079366
 39.200000 -0.533348 -0.353954 0.059470
 39.400000 -0.600844 -0.354489 2.998125
 39.600000 -0.516620 -0.447438 4.862860
 39.800000 -0.603876 -0.378151 3.645175
 40.000000 -0.605715 -0.315046 3.950195
 40.200000 -0.489169 -0.334665 0.696385
 40.400000 -0.544297 -0.330393 0.388548
 40.600000 -0.680397 -0.268617 15.528781
 40.800000 -0.511919 -0.303802 1.092623
 41.000000 -0.588858 -0.274853 4.883159
 41.200000 -0.553997 -0.366915 0.621326
 41.400000 -0.464834 -0.330430 1.900308
 41.600000 -0.560531 -0.323494 1.008956
 41.800000 -0.482538 -0.369099 1.043666
 42.000000 -0.570719 -0.358680 1.156358
 42.200000 -0.651661 -0.353759 8.210934
 42.400000 -0.563465 -0.341783 0.821166
 42.600000 -0.519705 -0.360025 0.067631
 42.800000 -0.555139 -0.340256 0.536194
 43.000000 -0.510064 -0.372312 0.361790
 43.200000 -0.607245 -0.312792 4.156232
 43.400000 -0.535550 -0.366178 0.217836
 43.600000 -0.655332 -0.399550 9.951100
 43.800000 -0.560196 -0.359493 0.724040
 44.000000 -0.543147 -0.407127 1.876626
 44.200000 -0.517209 -0.409178 1.827153
 44.400000 -0.551040 -0.352187 0.381386
 44.600000 -0.609264 -0.352604 3.675542
 44.800000 -0.584163 -0.343759 1.848116
 45.000000 -0.541303 -0.416273 2.415110
 45.200000 -0.583868 -0.455237 7.452322
 45.400000 -0.555184 -0.386463 1.198100
 45.600000 -0.541974 -0.345761 0.174288
 45.800000 -0.609851 -0.345600 3.725717
 46.000000 -0.639110 -0.329755 6.857827
 46.200000 -0.501649 -0.374106 0.554390
 46.400000 -0.591504 -0.305632 3.248817
 46.600000 -0.606770 -0.379825 3.931835
 46.800000 -0.505633 -0.356269 0.187325
 47.000000 -0.645694 -0.343768 7.467629
 47.200000 -0.492522 -0.352920 0.490322
 47.400000 -0.500379 -0.358239 0.311646
 47.600000 -0.540357 -0.289614 1.907709
 47.800000 -0.507001 -0.336395 0.218021
 48.000000 -0.589693 -0.274512 4.963425
 48.200000 -0.538090 -0.274340 2.896973
 48.400000 -0.537116 -0.314793 0.678678
 48.600000 -0.504049 -0.332600 0.326669
 48.800000 -0.621573 -0.267123 8.156804
 49.000000 -0.587028 -0.305446 2.962956
 49.200000 -0.572642 -0.322915 1.544561
 49.400000 -0.585735 -0.421434 4.549032
 49.600000 -0.519390 -0.313295 0.648631
 49.800000 -0.538225 -0.466092 6.954533
 50.000000 -0.514487 -0.395057 1.099106
 50.200000 -0.655034 -0.355133 8.656072
 50.400000 -0.529161 -0.374278 0.333292
 50.600000 -0.627645 -0.315447 5.977907
 50.800000 -0.437404 -0.418719 6.140517
 51.000000 -0.427390 -0.415691 6.847503
 51.200000 -0.646949 -0.312659 8.270302
 51.400000 -0.544136 -0.341168 0.242084
 51.600000 -0.701690 -0.310177 16.614469
 51.800000 -0.522570 -0.338974 0.051451
 52.000000 -0.544078 -0.263692 3.854076
 52.200000 -0.524980 -0.300615 1.174674
 52.400000 -0.508904 -0.279546 2.524476
 52.600000 -0.443680 -0.309702 3.968247
 52.800000 -0.557698 -0.374733 0.910780
 53.000000 -0.564232 -0.323004 1.165163
 53.200000 -0.589566 -0.314756 2.764407
 53.400000 -0.539192 -0.440721 4.321940
 53.600000 -0.493850 -0.397198 1.600810
 53.800000 -0.598846 -0.389089 3.631952
 54.000000 -0.603602 -0.452056 8.503795
 54.200000 -0.628985 -0.380562 6.049110
 54.400000 -0.550226 -0.401021 1.704165
 54.600000 -0.492995 -0.381708 1.001049
 54.800000 -0.571993 -0.365462 1.305403
 55.000000 -0.521859 -0.286231 1.975622
 55.200000 -0.524096 -0.365936 0.142417
 55.400000 -0.538621 -0.288736 1.932701
 55.600000 -0.519625 -0.300205 1.201601
 55.800000 -0.560113 -0.422649 3.373863
 56.000000 -0.588526 -0.252542 6.766154
 56.200000 -0.511612 -0.370097 0.293002
 56.400000 -0.622589 -0.361496 4.976800
 56.600000 -0.573706 -0.266908 4.630364
 56.800000 -0.491260 -0.364247 0.638128
 57.000000 -0.638534 -0.325314 6.887116
 57.200000 -0.535672 -0.378043 0.492711
 57.400000 -0.495592 -0.402890 1.840704
 57.600000 -0.606410 -0.335441 3.521682
 57.800000 -0.563696 -0.397448 1.974307
 58.000000 -0.617572 -0.387949 5.171406
 58.200000 -0.622098 -0.334452 4.957814
 58.400000 -0.545112 -0.340972 0.264155
 58.600000 -0.541146 -0.315631 0.712917
 58.800000 -0.518855 -0.363914 0.121484
 59.000000 -0.494334 -0.246183 5.720633
 59.200000 -0.503239 -0.274785 2.966093
 59.400000 -0.549486 -0.266812 3.717930
 59.600000 -0.605655 -0.358247 3.408780
 59.800000 -0.601268 -0.219902 11.357890
 60.000000 -0.508228 -0.397033 1.268569
 60.200000 -0.535691 -0.349876 0.073441
 60.400000 -0.595504 -0.410125 4.449305
 60.600000 -0.544267 -0.370981 0.453739
 60.800000 -0.592145 -0.369253 2.553026
 61.000000 -0.561109 -0.387729 1.450907
 61.200000 -0.581290 -0.395633 2.748358
 61.400000 -0.588622 -0.321733 2.487557
 61.600000 -0.534948 -0.361107 0.136893
 61.800000 -0.550753 -0.346113 0.373047
 62.000000 -0.630331 -0.354150 5.708852
 62.200000 -0.512383 -0.383298 0.648809
 62.400000 -0.625349 -0.247115 10.373602
 62.600000 -0.575446 -0.343263 1.360931
 62.800000 -0.555906 -0.271735 3.511886
 63.000000 -0.580114 -0.305193 2.559402
 63.200000 -0.512942 -0.353665 0.067359
 63.400000 -0.538753 -0.330707 0.283343
 63.600000 -0.528758 -0.339554 0.058544
 63.800000 -0.621600 -0.332437 4.940348
 64.000000 -0.569721 -0.383278 1.648870
 64.200000 -0.588533 -0.336410 2.188283
 64.400000 -0.547004 -0.423504 3.044427
 64.600000 -0.594074 -0.409850 4.330721
 64.800000 -0.523874 -0.372439 0.273196
 65.000000 -0.584661 -0.361778 1.945099
 65.200000 -0.508170 -0.381717 0.652079
 65.400000 -0.604997 -0.337000 3.385597
 65.600000 -0.654583 -0.335097 8.676042
 65.800000 -0.514678 -0.368632 0.231197
 66.000000 -0.545244 -0.303316 1.280789
 66.200000 -0.602512 -0.242810 8.758808
 66.400000 -0.617828 -0.424389 7.276283
 66.600000 -0.642363 -0.251683 11.794247
 66.800000 -0.555862 -0.423299 3.275707
 67.000000 -0.480726 -0.459830 7.053418
 67.200000 -0.604294 -0.304668 4.241445
 67.400000 -0.490165 -0.433096 4.089411
 67.600000 -0.619475 -0.352749 4.602913
 67.800000 -0.514673 -0.404257 1.562862
 68.000000 -0.505821 -0.385810 0.833096
 68.200000 -0.623301 -0.344473 4.980863
 68.400000 -0.422402 -0.355263 5.139574
 68.600000 -0.549629 -0.347282 0.340377
 68.800000 -0.581714 -0.383205 2.271439
 69.000000 -0.498561 -0.237793 6.504251
 69.200000 -0.545593 -0.335311 0.336480
 69.400000 -0.521082 -0.384526 0.631891
 69.600000 -0.568374 -0.329206 1.199603
 69.800000 -0.501442 -0.299520 1.472876
 70.000000 -0.592428 -0.330500 2.541046
 70.200000 -0.526997 -0.361288 0.080459
 70.400000 -0.491035 -0.366664 0.685028
 70.600000 -0.625375 -0.272818 8.086028
 70.800000 -0.596907 -0.404906 4.246083
 71.000000 -0.545958 -0.330021 0.431332
 71.200000 -0.620762 -0.399213 5.977675
 71.400000 -0.579549 -0.423557 4.339628
 71.600000 -0.586447 -0.299050 3.225765
 71.800000 -0.522900 -0.406644 1.657840
 72.000000 -0.659378 -0.400374 10.534246
 72.200000 -0.563239 -0.260304 4.725024
 72.400000 -0.578877 -0.395792 2.619501
 72.600000 -0.561727 -0.308226 1.560828
 72.800000 -0.455491 -0.419535 4.802310
 73.000000 -0.539558 -0.338108 0.187393
 73.200000 -0.599487 -0.306842 3.770919
 73.400000 -0.576716 -0.369006 1.609526
 73.600000 -0.560645 -0.347563 0.687335
 73.800000 -0.589037 -0.345584 2.147123
 74.000000 -0.534352 -0.408912 1.848599
 74.200000 -0.606907 -0.315530 4.032510
 74.400000 -0.528181 -0.397598 1.188191
 74.600000 -0.595142 -0.317986 3.042218
 74.800000 -0.502612 -0.351553 0.223310
 75.000000 -0.574058 -0.320538 1.680010
 75.200000 -0.598953 -0.287172 4.754575
 75.400000 -0.526096 -0.400391 1.320234
 75.600000 -0.499095 -0.360326 0.363599
 75.800000 -0.550382 -0.341298 0.388843
 76.000000 -0.630815 -0.411403 7.690570
 76.200000 -0.490050 -0.337871 0.625437
 76.400000 -0.645525 -0.349043 7.433038
 76.600000 -0.491012 -0.292220 2.146662
 76.800000 -0.525302 -0.343785 0.015391
 77.000000 -0.555772 -0.328410 0.730883
 77.200000 -0.559380 -0.357399 0.674867
 77.400000 -0.522776 -0.297036 1.353898
 77.600000 -0.560095 -0.323519 0.992320
 77.800000 -0.586616 -0.373427 2.282328
 78.000000 -0.412388 -0.328582 6.393767
 78.200000 -0.605972 -0.329098 3.592026
 78.400000 -0.590535 -0.441040 6.469829
 78.600000 -0.575204 -0.428428 4.480747
 78.800000 -0.602113 -0.386981 3.801010
 79.000000 -0.621718 -0.418755 7.242011
 79.200000 -0.610614 -0.437929 7.734135
 79.400000 -0.568387 -0.422798 3.721219
 79.600000 -0.482164 -0.415814 3.086055
 79.800000 -0.567408 -0.398314 2.172330
 80.000000 -0.590467 -0.390208 3.081976
 80.200000 -0.521303 -0.327355 0.238315
 80.400000 -0.648662 -0.332624 7.955609
 80.600000 -0.540235 -0.378699 0.577456
 80.800000 -0.575396 -0.293071 2.909220
 81.000000 -0.516445 -0.287201 1.939240
 81.200000 -0.556670 -0.294832 2.017473
 81.400000 -0.595826 -0.256544 6.888581
 81.600000 -0.475721 -0.314647 1.738462
 81.800000 -0.611365 -0.322752 4.197656
 82.000000 -0.530183 -0.364399 0.139231
 82.200000 -0.539038 -0.282199 2.354740
 82.400000 -0.557919 -0.406921 2.262535
 82.600000 -0.514087 -0.422585 2.747733
 82.800000 -0.578372 -0.406944 3.175025
 83.000000 -0.518232 -0.314211 0.621848
 83.200000 -0.626106 -0.435988 9.031630
 83.400000 -0.580188 -0.380690 2.101196
 83.600000 -0.581807 -0.341521 1.722541
 83.800000 -0.534700 -0.380361 0.551318
 84.000000 -0.519443 -0.333744 0.126009
 84.200000 -0.546884 -0.355414 0.291242
 84.400000 -0.566004 -0.366200 1.045907
 84.600000 -0.520365 -0.341823 0.031454
 84.800000 -0.496509 -0.335576 0.457922
 85.000000 -0.563845 -0.307466 1.675161
 85.200000 -0.561445 -0.304778 1.696893
 85.400000 -0.421100 -0.350201 5.253654
 85.600000 -0.561571 -0.280999 3.037495
 85.800000 -0.550580 -0.309990 1.127438
 86.000000 -0.534278 -0.379337 0.515189
 86.200000 -0.488955 -0.307775 1.452565
 86.400000 -0.600625 -0.336678 3.043240
 86.600000 -0.576634 -0.355252 1.425487
 86.800000 -0.652167 -0.300432 9.447569
 87.000000 -0.563897 -0.353124 0.820200
 87.200000 -0.583627 -0.348614 1.801769
 87.400000 -0.523032 -0.439466 4.086238
 87.600000 -0.535048 -0.368716 0.258617
 87.800000 -0.612430 -0.349111 3.945535
 88.000000 -0.545886 -0.450199 5.362324
 88.200000 -0.613689 -0.348069 4.058587
 88.400000 -0.441031 -0.423735 6.196444
 88.600000 -0.473967 -0.405807 2.841475
 88.800000 -0.566330 -0.316793 1.433735
 89.000000 -0.614111 -0.395788 5.187701
 89.200000 -0.565098 -0.324857 1.154135
 89.400000 -0.499692 -0.346259 0.289714
 89.600000 -0.503852 -0.340943 0.227961
 89.800000 -0.601470 -0.262226 6.802551
 90.000000 -0.559044 -0.344732 0.637567
 90.200000 -0.659564 -0.293008 10.814457
 90.400000 -0.502905 -0.354449 0.228610
 90.600000 -0.565509 -0.330405 1.052343
 90.800000 -0.583947 -0.338060 1.881532
 91.000000 -0.494356 -0.331386 0.583867
 91.200000 -0.615296 -0.240992 10.044201
 91.400000 -0.466353 -0.338261 1.696931
 91.600000 -0.587582 -0.367979 2.225759
 91.800000 -0.640285 -0.320935 7.203489
 92.000000 -0.469847 -0.343227 1.461694
 92.200000 -0.544552 -0.380521 0.714224
 92.400000 -0.518429 -0.360299 0.076452
 92.600000 -0.581640 -0.326599 1.936787
 92.800000 -0.581523 -0.391565 2.580659
 93.000000 -0.534358 -0.377927 0.474366
 93.200000 -0.617350 -0.356361 4.421221
 93.400000 -0.566570 -0.429197 4.133744
 93.600000 -0.560601 -0.329513 0.875742
 93.800000 -0.519571 -0.278187 2.520002
 94.000000 -0.558067 -0.397370 1.760647
 94.200000 -0.548889 -0.343932 0.332963
 94.400000 -0.513837 -0.363180 0.147250
 94.600000 -0.644031 -0.347051 7.253996
 94.800000 -0.604920 -0.395812 4.399168
 95.000000 -0.525954 -0.276304 2.649953
 95.200000 -0.562201 -0.435732 4.500557
 95.400000 -0.559767 -0.269427 3.825239
 95.600000 -0.465750 -0.312486 2.342268
 95.800000 -0.483856 -0.365737 0.928724
 96.000000 -0.626479 -0.320384 5.703457
 96.200000 -0.513984 -0.419771 2.545850
 96.400000 -0.674401 -0.310101 12.129803
 96.600000 -0.505955 -0.458288 6.120442
 96.800000 -0.565580 -0.361588 0.959626
 97.000000 -0.521236 -0.432062 3.446990
 97.200000 -0.517269 -0.384191 0.636910
 97.400000 -0.741222 -0.269296 26.861624
 97.600000 -0.468225 -0.388914 2.327052
 97.800000 -0.582286 -0.324439 2.025360
 98.000000 -0.504254 -0.271952 3.160370
 98.200000 -0.398840 -0.365783 7.922137
 98.400000 -0.650267 -0.289170 9.816124
 98.600000 -0.479189 -0.418056 3.365957
 98.800000 -0.633211 -0.330940 6.171644
 99.000000 -0.583686 -0.304540 2.796552
 99.200000 -0.442466 -0.391035 4.171922
 99.400000 -0.594596 -0.361504 2.597679
 99.600000 -0.584302 -0.277255 4.420841
 99.800000 -0.628857 -0.350087 5.540170
 100.000000 -0.607700 -0.384308 4.157498
 100.200000 -0.563784 -0.351242 0.809781
 100.400000 -0.585353 -0.336354 1.987620
 100.600000 -0.473142 -0.280921 3.594770
 100.800000 -0.512598 -0.337826 0.123675
 101.000000 -0.567083 -0.406743 2.608769
 101.200000 -0.615406 -0.329608 4.403588
 101.400000 -0.533523 -0.382565 0.610352
 101.600000 -0.613678 -0.389362 4.869047
 101.800000 -0.473613 -0.366129 1.394874
 102.000000 -0.535010 -0.378671 0.503351
 102.200000 -0.659646 -0.355102 9.272705
 102.400000 -0.565801 -0.344184 0.902424
 102.600000 -0.607344 -0.431418 6.897585
 102.800000 -0.542559 -0.340662 0.215057
 103.000000 -0.465173 -0.398915 2.949236
 103.200000 -0.576244 -0.324241 1.693926
 103.400000 -0.570157 -0.327885 1.308140
 103.600000 -0.535171 -0.348717 0.067019
 103.800000 -0.635907 -0.295249 7.754698
 104.000000 -0.506208 -0.455400 5.804732
 104.200000 -0.509666 -0.346485 0.100387
 104.400000 -0.573007 -0.412588 3.238103
 104.600000 -0.545173 -0.315672 0.790273
 104.800000 -0.624535 -0.269998 8.219978
 105.000000 -0.571865 -0.456308 6.915199
 105.200000 -0.555438 -0.268954 3.715810
 105.400000 -0.564834 -0.355508 0.870918
 105.600000 -0.496582 -0.293269 1.921559
 105.800000 -0.621080 -0.305659 5.693415
 106.000000 -0.540013 -0.369434 0.342155
 106.200000 -0.517565 -0.285240 2.055077
 106.400000 -0.558721 -0.381308 1.136564
 106.600000 -0.592081 -0.322627 2.694433
 106.800000 -0.492005 -0.397027 1.649229
 107.000000 -0.588362 -0.338404 2.153970
 107.200000 -0.617457 -0.396392 5.524601
 107.400000 -0.548181 -0.400270 1.613064
 107.600000 -0.522456 -0.327838 0.225958
 107.800000 -0.606186 -0.368515 3.599489
 108.000000 -0.570832 -0.315762 1.670064
 108.200000 -0.559973 -0.369637 0.873108
 108.400000 -0.589790 -0.333552 2.311005
 108.600000 -0.430744 -0.342274 4.334094
 108.800000 -0.662032 -0.333014 9.710737
 109.000000 -0.434362 -0.340906 4.014881
 109.200000 -0.551720 -0.264598 3.962835
 109.400000 -0.587439 -0.352181 2.042629
 109.600000 -0.503900 -0.435042 3.889963
 109.800000 -0.619861 -0.354499 4.647960
 110.000000 -0.465161 -0.442277 6.051639
 110.200000 -0.605386 -0.390020 4.183201
 110.400000 -0.510274 -0.358899 0.137128
 110.600000 -0.545434 -0.433113 3.770309
 110.800000 -0.651863 -0.298979 9.480259
 111.000000 -0.511079 -0.359901 0.137079
 111.200000 -0.630846 -0.363783 5.859272
 111.400000 -0.582201 -0.267010 5.083717
 111.600000 -0.434275 -0.361812 4.070642
 111.800000 -0.545865 -0.342682 0.268271
 112.000000 -0.509335 -0.314263 0.707342
 112.200000 -0.592002 -0.318812 2.797170
 112.400000 -0.668552 -0.331394 10.661863
 112.600000 -0.455599 -0.341421 2.341183
 112.800000 -0.609076 -0.253466 8.222895
 113.000000 -0.523366 -0.425620 2.930269
 113.200000 -0.497380 -0.284855 2.405232
 113.400000 -0.554564 -0.293233 2.038093
 113.600000 -0.616782 -0.413658 6.427613
 113.800000 -0.519251 -0.348096 0.009923
 114.000000 -0.485119 -0.346967 0.742552
 114.200000 -0.579628 -0.358464 1.613791
 114.400000 -0.483184 -0.264870 4.361162
 114.600000 -0.543929 -0.359597 0.262112
 114.800000 -0.614764 -0.382371 4.710212
 115.000000 -0.598982 -0.301988 3.949473
 115.200000 -0.530297 -0.446065 4.726861
 115.400000 -0.587626 -0.389914 2.883992
 115.600000 -0.566196 -0.306515 1.812538
 115.800000 -0.518125 -0.402407 1.437644
 116.000000 -0.604962 -0.315287 3.880497
 116.200000 -0.546727 -0.341053 0.299572
 116.400000 -0.676180 -0.387150 12.365763
 116.600000 -0.513921 -0.286143 2.026501
 116.800000 -0.500606 -0.383362 0.852459
 117.000000 -0.574119 -0.295940 2.687275
 117.200000 -0.505610 -0.200404 11.211992
 117.400000 -0.524620 -0.320013 0.422565
 117.600000 -0.600806 -0.312244 3.658401
 117.800000 -0.506541 -0.340708 0.180415
 118.000000 -0.598247 -0.329366 2.980189
 118.200000 -0.483971 -0.355842 0.808137
 118.400000 -0.534617 -0.333905 0.175625
 118.600000 -0.646127 -0.409689 9.344148
 118.800000 -0.517000 -0.381651 0.552678
 119.000000 -0.599287 -0.303657 3.895350
 119.200000 -0.614637 -0.513442 17.653729
 119.400000 -0.498741 -0.337065 0.380957
 119.600000 -0.522365 -0.368362 0.186932
 119.800000 -0.538489 -0.286048 2.096480
 120.000000 -0.569762 -0.275187 3.794556
 120.200000 -0.553321 -0.386636 1.147455
 120.400000 -0.566445 -0.295705 2.341603
 120.600000 -0.568382 -0.265415 4.501505
 120.800000 -0.454263 -0.288526 4.236298
 121.000000 -0.519881 -0.271354 3.026490
 121.200000 -0.548392 -0.295728 1.729792
 121.400000 -0.540329 -0.334872 0.240672
 121.600000 -0.583841 -0.301593 2.941390
 121.800000 -0.595138 -0.401042 3.909654
 122.000000 -0.551749 -0.355326 0.415812
 122.200000 -0.635877 -0.361647 6.382338
 122.400000 -0.572735 -0.321613 1.584043
 122.600000 -0.605149 -0.416825 5.620942
 122.800000 -0.587292 -0.329661 2.216695
 123.000000 -0.546779 -0.318474 0.736595
 123.200000 -0.495224 -0.476364 8.504934
 123.400000 -0.542400 -0.341606 0.204564
 123.600000 -0.550286 -0.351618 0.359360
 123.800000 -0.543153 -0.479819 8.739391
 124.000000 -0.581370 -0.287107 3.588181
 124.200000 -0.574750 -0.420853 3.884892
 124.400000 -0.610506 -0.357838 3.814932
 124.600000 -0.564209 -0.395095 1.883928
 124.800000 -0.515584 -0.328146 0.250950
 125.000000 -0.561925 -0.359510 0.788976
 125.200000 -0.591692 -0.390051 3.158219
 125.400000 -0.618981 -0.232997 11.284856
 125.600000 -0.552432 -0.335792 0.503778
 125.800000 -0.492917 -0.321794 0.842538
 126.000000 -0.501827 -0.298775 1.501595
 126.200000 -0.455954 -0.311267 3.002291
 126.400000 -0.618537 -0.261834 8.311356
 126.600000 -0.546612 -0.378423 0.695732
 126.800000 -0.610328 -0.284084 5.872340
 127.000000 -0.560583 -0.322428 1.038710
 127.200000 -0.520024 -0.387043 0.727517
 127.400000 -0.587987 -0.276434 4.710618
 127.600000 -0.532441 -0.380784 0.542113
 127.800000 -0.561189 -0.263508 4.366575
 128.000000 -0.535876 -0.380135 0.558016
 128.200000 -0.499030 -0.376877 0.688546
 128.400000 -0.631625 -0.306135 6.756356
 128.600000 -0.490793 -0.375935 0.899102
 128.800000 -0.689882 -0.318487 14.292549
 129.000000 -0.540675 -0.381490 0.671457
 129.200000 -0.578484 -0.364962 1.632531
 129.400000 -0.551101 -0.316178 0.919001
 129.600000 -0.420160 -0.438379 9.338233
 129.800000 -0.651529 -0.315743 8.738328
 130.000000 -0.525366 -0.345369 0.008396
 130.200000 -0.579902 -0.290225 3.316163
 130.400000 -0.610833 -0.346272 3.808851
 130.600000 -0.495770 -0.361349 0.462653
 130.800000 -0.601667 -0.309899 3.814342
 131.000000 -0.523270 -0.319483 0.437640
 131.200000 -0.579713 -0.345241 1.581740
 131.400000 -0.600355 -0.346443 2.949198
 131.600000 -0.599456 -0.379283 3.333681
 131.800000 -0.557513 -0.289856 2.327973
 132.000000 -0.565111 -0.397104 2.015466
 132.200000 -0.501128 -0.384669 0.886275
 132.400000 -0.647010 -0.363153 7.714385
 132.600000 -0.487238 -0.290147 2.396784
 132.800000 -0.640219 -0.349835 6.800485
 133.000000 -0.565914 -0.434134 4.513528
 133.200000 -0.554671 -0.317277 0.988006
 133.400000 -0.517938 -0.343088 0.033893
 133.600000 -0.562118 -0.426505 3.740262
 133.800000 -0.574012 -0.296824 2.635381
 134.000000 -0.466295 -0.383779 2.244394
 134.200000 -0.613023 -0.270772 7.063268
 134.400000 -0.483293 -0.356818 0.842336
 134.600000 -0.523071 -0.317462 0.499543
 134.800000 -0.614453 -0.338961 4.178333
 135.000000 -0.424133 -0.328676 5.154576
 135.200000 -0.595910 -0.340810 2.648521
 135.400000 -0.520359 -0.393957 1.012868
 135.600000 -0.609991 -0.260040 7.694617
 135.800000 -0.584755 -0.410166 3.736626
 136.000000 -0.521644 -0.392233 0.933608
 136.200000 -0.500485 -0.302760 1.339210
 136.400000 -0.548594 -0.366107 0.457579
 136.600000 -0.605822 -0.309515 4.162468
 136.800000 -0.455176 -0.320654 2.744447
 137.000000 -0.591255 -0.386520 2.990095
 137.200000 -0.560666 -0.377464 1.090225
 137.400000 -0.529814 -0.383614 0.616095
 137.600000 -0.463913 -0.340318 1.819457
 137.800000 -0.552747 -0.364719 0.547334
 138.000000 -0.665530 -0.430363 13.376922
 138.200000 -0.571482 -0.302575 2.227136
 138.400000 -0.647909 -0.302251 8.822306
 138.600000 -0.491088 -0.372612 0.805696
 138.800000 -0.506987 -0.314938 0.720334
 139.000000 -0.522300 -0.386179 0.689527
 139.200000 -0.478520 -0.280791 3.346778
 139.400000 -0.601364 -0.325416 3.303409
 139.600000 -0.567956 -0.338524 1.039348
 139.800000 -0.573347 -0.229704 8.361104
 140.000000 -0.568898 -0.359396 1.079365
 140.200000 -0.534384 -0.355229 0.077153
 140.400000 -0.481440 -0.272233 3.840310
 140.600000 -0.527185 -0.370329 0.232497
 140.800000 -0.568239 -0.334627 1.100606
 141.000000 -0.545572 -0.330536 0.413087
 141.200000 -0.623829 -0.308008 5.865871
 141.400000 -0.505402 -0.377337 0.565181
 141.600000 -0.474433 -0.303691 2.238070
 141.800000 -0.555320 -0.321028 0.896159
 142.000000 -0.428048 -0.375140 4.904926
 142.200000 -0.712742 -0.374632 18.214479
 142.400000 -0.617870 -0.319832 4.870858
 142.600000 -0.585602 -0.418324 4.320515
 142.800000 -0.585052 -0.394113 2.902913
 143.000000 -0.436791 -0.436534 7.593169
 143.200000 -0.590257 -0.394750 3.265222
 143.400000 -0.559325 -0.397738 1.822671
 143.600000 -0.665109 -0.464563 16.682288
 143.800000 -0.549559 -0.340944 0.369955
 144.000000 -0.617678 -0.263717 8.067621
 144.200000 -0.539615 -0.385857 0.805053
 144.400000 -0.398058 -0.426399 10.870407
 144.600000 -0.531698 -0.374001 0.343672
 144.800000 -0.499003 -0.361656 0.381720
 145.000000 -0.600876 -0.357287 3.019679
 145.200000 -0.546550 -0.212850 9.540707
 145.400000 -0.550540 -0.310750 1.096957
 145.600000 -0.539247 -0.358417 0.166165
 145.800000 -0.580165 -0.281573 3.877492
 146.000000 -0.536575 -0.314325 0.687671
 146.200000 -0.526566 -0.312835 0.660731
 146.400000 -0.569847 -0.313790 1.691633
 146.600000 -0.575916 -0.322829 1.712718
 146.800000 -0.533550 -0.309633 0.826993
 147.000000 -0.534011 -0.401433 1.425350
 147.200000 -0.540924 -0.381535 0.677207
 147.400000 -0.522969 -0.375492 0.349375
 147.600000 -0.625084 -0.358231 5.191634
 147.800000 -0.564649 -0.408585 2.613793
 148.000000 -0.638380 -0.414029 8.697463
 148.200000 -0.570724 -0.295404 2.550187
 148.400000 -0.511049 -0.433468 3.640602
 148.600000 -0.508614 -0.336126 0.195996
 148.800000 -0.578907 -0.296202 2.926810
 149.000000 -0.467347 -0.407711 3.301789
 149.200000 -0.599208 -0.342512 2.879825
 149.400000 -0.594316 -0.326905 2.746019
 149.600000 -0.525237 -0.358569 0.046494
 149.800000 -0.543971 -0.396948 1.353882
 150.000000 -0.490189 -0.371668 0.813548
 150.200000 -0.551445 -0.286662 2.334832
 150.400000 -0.553293 -0.287547 2.333148
 150.600000 -0.549510 -0.315955 0.883858
 150.800000 -0.589900 -0.255122 6.610641
 151.000000 -0.623106 -0.306782 5.844831
 151.200000 -0.502044 -0.376626 0.612106
 151.400000 -0.554263 -0.360408 0.534482
 151.600000 -0.565196 -0.354938 0.882405
 151.800000 -0.539230 -0.338613 0.176793
 152.000000 -0.593513 -0.294329 3.942071
 152.200000 -0.551666 -0.427382 3.460620
 152.400000 -0.608005 -0.360900 3.632223
 152.600000 -0.582456 -0.379368 2.191225
 152.800000 -0.591484 -0.376203 2.672388
 153.000000 -0.499242 -0.366969 0.456901
 153.200000 -0.573724 -0.407466 2.961549
 153.400000 -0.502976 -0.308879 1.020160
 153.600000 -0.527849 -0.325032 0.297853
 153.800000 -0.546396 -0.427123 3.306281
 154.000000 -0.562635 -0.343087 0.779768
 154.200000 -0.594282 -0.313719 3.122767
 154.400000 -0.534821 -0.379776 0.534528
 154.600000 -0.546442 -0.180427 14.480384
 154.800000 -0.491779 -0.289394 2.286613
 155.000000 -0.635764 -0.332179 6.433134
 155.200000 -0.539730 -0.241318 5.934869
 155.400000 -0.550308 -0.350842 0.358270
 155.600000 -0.613050 -0.379682 4.469421
 155.800000 -0.608296 -0.365893 3.728415
 156.000000 -0.566720 -0.397230 2.089595
 156.200000 -0.648650 -0.356293 7.845011
 156.400000 -0.485711 -0.352659 0.724203
 156.600000 -0.519732 -0.430373 3.312932
 156.800000 -0.570958 -0.393454 2.106607
 157.000000 -0.594888 -0.305951 3.470537
 157.200000 -0.583831 -0.364321 1.930325
 157.400000 -0.638184 -0.316724 7.087835
 157.600000 -0.485606 -0.307241 1.596386
 157.800000 -0.488885 -0.344339 0.613679
 158.000000 -0.572521 -0.358379 1.240039
 158.200000 -0.517124 -0.340988 0.053589
 158.400000 -0.516583 -0.332621 0.159827
 158.600000 -0.639772 -0.367386 6.915934
 158.800000 -0.525903 -0.286079 1.986336
 159.000000 -0.525409 -0.313870 0.621026
 159.200000 -0.596411 -0.340795 2.685039
 159.400000 -0.525700 -0.322936 0.343596
 159.600000 -0.599551 -0.330980 3.047950
 159.800000 -0.618804 -0.344389 4.542953
 160.000000 -0.602713 -0.365514 3.264767
 160.200000 -0.586454 -0.459176 8.037458
 160.400000 -0.542264 -0.370524 0.404407
 160.600000 -0.535689 -0.399972 1.368792
 160.800000 -0.593543 -0.366097 2.591123
 161.000000 -0.484530 -0.406750 2.426896
 161.200000 -0.602919 -0.373473 3.443705
 161.400000 -0.562179 -0.362045 0.828436
 161.600000 -0.552322 -0.359235 0.464218
 161.800000 -0.553726 -0.295265 1.901087
 162.000000 -0.510566 -0.329339 0.279493
 162.200000 -0.534651 -0.353643 0.071549
 162.400000 -0.571531 -0.290216 2.880399
 162.600000 -0.656109 -0.383048 9.356922
 162.800000 -0.568093 -0.279304 3.423208
 163.000000 -0.568019 -0.358175 1.028058
 163.200000 -0.475678 -0.268132 4.423325
 163.400000 -0.561766 -0.286756 2.669652
 163.600000 -0.533923 -0.291909 1.686739
 163.800000 -0.541122 -0.334319 0.262265
 164.000000 -0.600858 -0.352528 2.990509
 164.200000 -0.600587 -0.307641 3.821599
 164.400000 -0.551392 -0.352870 0.393456
 164.600000 -0.536987 -0.412075 2.074727
 164.800000 -0.580854 -0.361964 1.722244
 165.000000 -0.584726 -0.314464 2.466914
 165.200000 -0.591107 -0.365099 2.407207
 165.400000 -0.590384 -0.435453 5.961555
 165.600000 -0.539032 -0.362111 0.204183
 165.800000 -0.511555 -0.335006 0.171370
 166.000000 -0.587978 -0.348659 2.072436
 166.200000 -0.627571 -0.360303 5.468231
 166.400000 -0.477723 -0.359590 1.107689
 166.600000 -0.546450 -0.369160 0.462976
 166.800000 -0.602155 -0.381785 3.620790
 167.000000 -0.545768 -0.368642 0.437336
 167.200000 -0.490571 -0.384142 1.160609
 167.400000 -0.565580 -0.349902 0.881545
 167.600000 -0.610663 -0.301191 4.936036
 167.800000 -0.492787 -0.349384 0.474723
 168.000000 -0.582282 -0.398597 2.948562
 168.200000 -0.555301 -0.299099 1.750852
 168.400000 -0.560621 -0.327677 0.914082
 168.600000 -0.516782 -0.273543 2.875090
 168.800000 -0.559725 -0.332166 0.795368
 169.000000 -0.448495 -0.260158 6.772582
 169.200000 -0.539344 -0.297675 1.444458
 169.400000 -0.605970 -0.344138 3.404686
 169.600000 -0.561140 -0.366152 0.850637
 169.800000 -0.522456 -0.373089 0.289216
 170.000000 -0.585618 -0.334635 2.027332
 170.200000 -0.565832 -0.362986 0.988724
 170.400000 -0.580743 -0.373584 1.933265
 170.600000 -0.550827 -0.361465 0.447564
 170.800000 -0.554705 -0.473584 8.236229
 171.000000 -0.623822 -0.438104 8.986263
 171.200000 -0.518132 -0.397278 1.177171
 171.400000 -0.637170 -0.380138 6.931948
 171.600000 -0.498994 -0.373960 0.612560
 171.800000 -0.517896 -0.378439 0.447649
 172.000000 -0.602727 -0.298374 4.415422
 172.200000 -0.470103 -0.252795 6.064932
 172.400000 -0.520359 -0.371845 0.264686
 172.600000 -0.532042 -0.320442 0.445309
 172.800000 -0.584575 -0.260787 5.755598
 173.000000 -0.562976 -0.340500 0.811967
 173.200000 -0.593986 -0.321824 2.848248
 173.400000 -0.548445 -0.315578 0.869380
 173.600000 -0.516716 -0.314735 0.612997
 173.800000 -0.590268 -0.405673 3.824583
 174.000000 -0.567487 -0.355575 0.984286
 174.200000 -0.594442 -0.394447 3.539121
 174.400000 -0.473041 -0.441290 5.530678
 174.600000 -0.518410 -0.320753 0.414272
 174.800000 -0.633484 -0.385574 6.703842
 175.000000 -0.515333 -0.408000 1.770792
 175.200000 -0.533045 -0.305680 0.985773
 175.400000 -0.454052 -0.419115 4.871815
 175.600000 -0.452413 -0.346693 2.536549
 175.800000 -0.554483 -0.331263 0.635389
 176.000000 -0.487142 -0.367142 0.827923
 176.200000 -0.582990 -0.350100 1.764166
 176.400000 -0.642442 -0.291134 8.739894
 176.600000 -0.574136 -0.412955 3.317901
 176.800000 -0.684367 -0.325710 13.195933
 177.000000 -0.619406 -0.320268 5.004123
 177.200000 -0.532299 -0.311164 0.756111
 177.400000 -0.495838 -0.330387 0.559776
 177.600000 -0.508832 -0.408095 1.851248
 177.800000 -0.722683 -0.417494 22.158477
 178.000000 -0.550292 -0.420297 2.893199
 178.200000 -0.644267 -0.379237 7.735530
 178.400000 -0.535805 -0.373827 0.381046
 178.600000 -0.437843 -0.423001 6.410237
 178.800000 -0.496645 -0.332062 0.507824
 179.000000 -0.581248 -0.386016 2.344384
 179.200000 -0.577004 -0.390788 2.296433
 179.400000 -0.546808 -0.406392 1.912457
 179.600000 -0.641586 -0.315518 7.523282
 179.800000 -0.515800 -0.361735 0.110668
 180.000000 -0.495155 -0.319650 0.837186
 180.200000 -0.486085 -0.298056 2.004654
 180.400000 -0.510101 -0.314317 0.694825
 180.600000 -0.497161 -0.287884 2.221065
 180.800000 -0.643152 -0.306304 8.060709
 181.000000 -0.537205 -0.343869 0.106064
 181.200000 -0.512937 -0.299523 1.284092
 181.400000 -0.574548 -0.285547 3.315254
 181.600000 -0.549879 -0.354832 0.361953
 181.800000 -0.534106 -0.333502 0.176319
 182.000000 -0.599005 -0.376201 3.211185
 182.200000 -0.585911 -0.405144 3.513779
 182.400000 -0.565940 -0.367112 1.059210
 182.600000 -0.521199 -0.302048 1.108226
 182.800000 -0.567698 -0.403023 2.428063
 183.000000 -0.509252 -0.356110 0.127729
 183.200000 -0.513693 -0.398030 1.247830
 183.400000 -0.660754 -0.464156 16.028600
 183.600000 -0.635442 -0.343227 6.271509
 183.800000 -0.495609 -0.460421 6.591691
 184.000000 -0.543131 -0.401671 1.574375
 184.200000 -0.567408 -0.284362 3.052904
 184.400000 -0.505947 -0.365943 0.298214
 184.600000 -0.584049 -0.312046 2.512361
 184.800000 -0.494173 -0.314375 1.034647
 185.000000 -0.481567 -0.270250 3.989320
 185.200000 -0.575287 -0.242912 6.970103
 185.400000 -0.481261 -0.272571 3.822027
 185.600000 -0.559761 -0.240102 6.590446
 185.800000 -0.525956 -0.297162 1.349773
 186.000000 -0.543902 -0.367721 0.380122
 186.200000 -0.530725 -0.307613 0.884567
 186.400000 -0.610162 -0.405305 5.327979
 186.600000 -0.564387 -0.376085 1.196847
 186.800000 -0.548690 -0.339411 0.361405
 187.000000 -0.630139 -0.411948 7.652505
 187.200000 -0.500713 -0.407810 1.987307
 187.400000 -0.608281 -0.403729 5.079573
 187.600000 -0.605358 -0.369450 3.550013
 187.800000 -0.547709 -0.346527 0.293885
 188.000000 -0.573720 -0.437809 5.193724
 188.200000 -0.539526 -0.322816 0.471383
 188.400000 -0.570646 -0.336531 1.185281
 188.600000 -0.544128 -0.435397 3.937241
 188.800000 -0.639076 -0.237839 12.853168
 189.000000 -0.513619 -0.327838 0.275116
 189.200000 -0.475129 -0.341932 1.200121
 189.400000 -0.598211 -0.258815 6.856079
 189.600000 -0.472134 -0.377361 1.724637
 189.800000 -0.595769 -0.268571 5.843997
 190.000000 -0.487265 -0.304315 1.661386
 190.200000 -0.570386 -0.291403 2.757070
 190.400000 -0.643053 -0.290957 8.822982
 190.600000 -0.554940 -0.345282 0.498284
 190.800000 -0.560599 -0.277269 3.261868
 191.000000 -0.546663 -0.346043 0.270537
 191.200000 -0.516693 -0.395135 1.085041
 191.400000 -0.571005 -0.348199 1.124031
 191.600000 -0.523919 -0.417467 2.339395
 191.800000 -0.568865 -0.340676 1.059691
 192.000000 -0.520832 -0.341236 0.034481
 192.200000 -0.620702 -0.366383 4.864436
 192.400000 -0.531894 -0.330335 0.209825
 192.600000 -0.512735 -0.436383 3.871114
 192.800000 -0.566460 -0.393158 1.890602
 193.000000 -0.582194 -0.368119 1.898218
 193.200000 -0.647659 -0.370406 7.923113
 193.400000 -0.595688 -0.319288 3.041809
 193.600000 -0.499890 -0.379081 0.731512
 193.800000 -0.616555 -0.407689 6.038744
 194.000000 -0.545333 -0.384679 0.870355
 194.200000 -0.559884 -0.399012 1.905630
 194.400000 -0.576194 -0.334622 1.487446
 194.600000 -0.576120 -0.392925 2.341079
 194.800000 -0.549131 -0.268995 3.531601
 195.000000 -0.464728 -0.322706 2.080287
 195.200000 -0.526953 -0.325380 0.286125
 195.400000 -0.590661 -0.306609 3.149952
 195.600000 -0.532268 -0.353258 0.046367
 195.800000 -0.700984 -0.245725 21.072499
 196.000000 -0.517950 -0.342631 0.036657
 196.200000 -0.538313 -0.357948 0.147706
 196.400000 -0.490145 -0.300773 1.725693
 196.600000 -0.554568 -0.389621 1.301904
 196.800000 -0.658059 -0.295263 10.487108
 197.000000 -0.510312 -0.401529 1.464435
 197.200000 -0.615179 -0.338857 4.245571
 197.400000 -0.550231 -0.332665 0.489127
 197.600000 -0.465231 -0.448734 6.670237
 197.800000 -0.512633 -0.347352 0.061596
 198.000000 -0.616163 -0.374091 4.597162
 198.200000 -0.557428 -0.356194 0.597628
 198.400000 -0.555741 -0.358264 0.558854
 198.600000 -0.517190 -0.400706 1.353868
 198.800000 -0.558986 -0.270360 3.723430
 199.000000 -0.638000 -0.346029 6.548455
 199.200000 -0.504991 -0.307216 1.048828
 199.400000 -0.638174 -0.301350 7.702182
 199.600000 -0.455163 -0.222508 10.350250
 199.800000 -0.479495 -0.338080 1.032934
 200.000000 -0.546566 -0.279327 2.695531
