#! FIELDS time phi psi restraint.bias
#! SET min_phi -pi
#! SET max_phi pi
#! SET min_psi -pi
#! SET max_psi pi
 0.000000 1.174785 -0.109824 478.182124
 0.200000 1.880734 0.514857 0.803731
 0.400000 1.789256 0.642448 15.591502
 0.600000 1.733753 0.439548 20.850540
 0.800000 1.906532 0.452391 2.624104
 1.000000 1.868748 0.461476 3.235898
 1.200000 1.741555 0.542450 16.074412
 1.400000 1.838939 0.575427 4.617356
 1.600000 1.862699 0.563862 2.444383
 1.800000 1.866237 0.440145 4.920107
 2.000000 1.901297 0.447255 3.086540
 2.200000 1.737431 0.505074 16.812063
 2.400000 1.922182 0.630421 5.708131
 2.600000 1.905898 0.591145 2.378717
 2.800000 1.865353 0.521565 1.487673
 3.000000 1.951205 0.448074 3.343174
 3.200000 1.955917 0.508930 0.757553
 3.400000 1.837690 0.508164 3.495255
 3.600000 1.886813 0.514928 0.583701
 3.800000 1.803166 0.490869 7.344626
 4.000000 1.816444 0.466364 6.985549
 4.200000 1.806784 0.541076 6.546019
 4.400000 1.918343 0.518908 0.012155
 4.600000 1.819392 0.412024 11.271634
 4.800000 1.914404 0.458198 2.153524
 5.000000 1.803477 0.494147 7.206424
 5.200000 1.883684 0.506913 0.793624
 5.400000 1.863100 0.527642 1.619136
 5.600000 1.877754 0.526565 0.890940
 5.800000 1.940831 0.503325 0.425356
 6.000000 1.923038 0.479270 0.987584
 6.200000 1.941696 0.498783 0.546281
 6.400000 1.904626 0.542057 0.286421
 6.600000 1.842354 0.529846 3.023250
 6.800000 1.829860 0.512365 4.113331
 7.000000 1.920699 0.491753 0.507422
 7.200000 1.937695 0.554245 0.628619
 7.400000 1.956768 0.535226 0.748606
 7.600000 1.812955 0.493187 6.176980
 7.800000 1.889696 0.436405 4.256391
 8.000000 1.894253 0.480892 1.239829
 8.200000 1.812602 0.512588 5.812937
 8.400000 1.777599 0.504812 10.295821
 8.600000 1.777008 0.442542 13.488744
 8.800000 1.782653 0.499379 9.706477
 9.000000 1.881643 0.438408 4.359059
 9.200000 1.909778 0.374963 11.097161
 9.400000 1.846904 0.437005 6.410707
 9.600000 1.846525 0.516385 2.715226
 9.800000 1.878910 0.572827 2.050251
 10.000000 1.909032 0.540758 0.205854
 10.200000 1.863233 0.519311 1.612604
 10.400000 1.852915 0.431822 6.452429
 10.600000 1.960941 0.531641 0.876081
 10.800000 1.795650 0.498896 8.019482
 11.000000 1.839520 0.529819 3.246805
 11.200000 1.818391 0.453925 7.575353
 11.400000 1.789180 0.467361 10.120255
 11.600000 1.821579 0.467133 6.423991
 11.800000 1.843449 0.471504 4.276447
 12.000000 1.837591 0.408050 10.060076
 12.200000 1.832152 0.466693 5.465705
 12.400000 1.809113 0.470946 7.518803
 12.600000 1.860165 0.528360 1.793209
 12.800000 1.798527 0.543874 7.566685
 13.000000 1.901315 0.556655 0.718366
 13.200000 1.778678 0.468165 11.502987
 13.400000 1.859374 0.490522 2.376454
 13.600000 1.917435 0.460376 2.001477
 13.800000 1.818190 0.479559 6.138330
 14.000000 1.808048 0.465360 7.947046
 14.200000 1.865095 0.568016 2.486184
 14.400000 1.850951 0.477471 3.438293
 14.600000 1.850260 0.475581 3.575077
 14.800000 1.912248 0.443476 3.238839
 15.000000 1.907189 0.485689 0.798873
 15.200000 1.868853 0.516566 1.325710
 15.400000 1.958219 0.621872 5.564416
 15.600000 1.858868 0.507609 1.987975
 15.800000 1.834847 0.507583 3.742078
 16.000000 1.967046 0.512307 1.176906
 16.200000 1.798804 0.464069 9.099506
 16.400000 1.871749 0.468725 2.663025
 16.600000 1.868156 0.529912 1.356667
 16.800000 2.020390 0.576278 6.440490
 17.000000 1.862754 0.450892 4.273815
 17.200000 1.829267 0.463353 5.918492
 17.400000 1.867608 0.500997 1.620684
 17.600000 1.817367 0.472782 6.543777
 17.800000 1.806444 0.448751 9.232983
 18.000000 1.884087 0.497147 0.989784
 18.200000 1.788030 0.511994 8.757176
 18.400000 1.884168 0.469598 2.095040
 18.600000 1.838579 0.495125 3.708830
 18.800000 1.873646 0.589943 3.268795
 19.000000 1.876681 0.455625 3.242510
 19.200000 1.927087 0.444484 3.155709
 19.400000 2.004847 0.428513 8.131901
 19.600000 1.946971 0.493163 0.830616
 19.800000 1.839142 0.456411 5.514990
 20.000000 1.907259 0.596004 2.700686
 20.200000 1.844724 0.532016 2.858269
 20.400000 1.906826 0.468448 1.605774
 20.600000 1.835166 0.418205 9.140636
 20.800000 1.902301 0.438704 3.757784
 21.000000 1.835014 0.471370 4.963574
 21.200000 1.734747 0.606242 20.548835
 21.400000 1.886851 0.579720 2.119662
 21.600000 1.833289 0.529545 3.765106
 21.800000 1.796109 0.429116 12.121000
 22.000000 1.971490 0.527934 1.342112
 22.200000 1.803322 0.467752 8.350245
 22.400000 1.941309 0.507314 0.362587
 22.600000 1.925757 0.487033 0.685915
 22.800000 1.864419 0.454538 3.921647
 23.000000 1.815164 0.538153 5.586813
 23.200000 1.879085 0.496858 1.188909
 23.400000 1.941647 0.525925 0.239996
 23.600000 1.818442 0.589297 7.301134
 23.800000 1.778514 0.426269 14.726239
 24.000000 1.990317 0.391914 11.152403
 24.200000 1.819019 0.451404 7.690682
 24.400000 1.813616 0.587157 7.663877
 24.600000 1.915593 0.612955 4.001373
 24.800000 1.836941 0.553247 3.877440
 25.000000 1.854013 0.409794 8.643779
 25.200000 1.875256 0.432017 5.188470
 25.400000 1.917075 0.460490 1.995212
 25.600000 1.817129 0.424393 10.197999
 25.800000 1.852723 0.500378 2.523410
 26.000000 1.914849 0.628589 5.524078
 26.200000 1.855463 0.494832 2.487422
 26.400000 1.951906 0.507828 0.637765
 26.600000 1.930264 0.514215 0.098126
 26.800000 1.818281 0.518302 5.173345
 27.000000 1.856023 0.545563 2.278961
 27.200000 1.806240 0.541583 6.616771
 27.400000 1.878961 0.545443 1.075038
 27.600000 1.910211 0.454008 2.468032
 27.800000 1.823190 0.449022 7.453568
 28.000000 1.936273 0.464112 1.903963
 28.200000 1.948555 0.451949 2.978465
 28.400000 1.800702 0.501644 7.340531
 28.600000 1.897217 0.512916 0.313470
 28.800000 1.800790 0.511357 7.164029
 29.000000 1.815586 0.579698 7.010261
 29.200000 1.909901 0.504328 0.235302
 29.400000 1.876326 0.461034 2.904910
 29.600000 1.931019 0.518417 0.075666
 29.800000 1.927142 0.550904 0.399292
 30.000000 1.920703 0.499485 0.291082
 30.200000 1.834573 0.482194 4.494298
 30.400000 1.846954 0.458678 4.765195
 30.600000 1.860732 0.489430 2.331944
 30.800000 1.918420 0.494363 0.428404
 31.000000 1.927325 0.473139 1.300941
 31.200000 1.883155 0.578197 2.164175
 31.400000 1.843399 0.505161 3.093307
 31.600000 1.834835 0.523596 3.614772
 31.800000 1.805226 0.451083 9.199999
 32.000000 1.821716 0.514010 4.862326
 32.200000 1.800907 0.443220 10.305560
 32.400000 1.803113 0.482594 7.655831
 32.600000 1.871526 0.530958 1.195250
 32.800000 1.869979 0.509165 1.348317
 33.000000 1.877573 0.449966 3.605043
 33.200000 1.862999 0.535516 1.687716
 33.400000 1.895046 0.512407 0.370547
 33.600000 1.931861 0.482088 0.933567
 33.800000 1.904975 0.506812 0.251718
 34.000000 1.916330 0.552265 0.417118
 34.200000 1.738420 0.473170 17.732100
 34.400000 1.954379 0.543600 0.795719
 34.600000 1.889963 0.541652 0.609942
 34.800000 1.852830 0.519015 2.257169
 35.000000 1.878657 0.447868 3.716549
 35.200000 1.831814 0.492399 4.362959
 35.400000 1.888648 0.416120 6.262968
 35.600000 1.905042 0.489178 0.702202
 35.800000 1.780778 0.495424 10.069129
 36.000000 1.804789 0.496731 6.981854
 36.200000 1.761061 0.428885 17.094297
 36.400000 1.860063 0.504609 1.968273
 36.600000 1.859134 0.432612 5.983292
 36.800000 1.943680 0.471384 1.646857
 37.000000 1.920221 0.461854 1.906265
 37.200000 1.917177 0.478768 1.008515
 37.400000 1.922034 0.544629 0.223491
 37.600000 1.892133 0.512285 0.448466
 37.800000 1.762404 0.475896 13.534402
 38.000000 1.909815 0.580029 1.642682
 38.200000 1.835246 0.442324 6.882700
 38.400000 1.809832 0.531818 6.087149
 38.600000 1.853192 0.430746 6.533288
 38.800000 1.831957 0.467540 5.434988
 39.000000 1.825237 0.447399 7.380213
 39.200000 1.868129 0.507572 1.466594
 39.400000 1.954811 0.561020 1.310878
 39.600000 1.877668 0.530908 0.916886
 39.800000 1.806832 0.479316 7.368385
 40.000000 1.966482 0.487866 1.725113
 40.200000 1.896323 0.474661 1.474492
 40.400000 1.874369 0.499209 1.332227
 40.600000 1.811608 0.473921 7.093401
 40.800000 1.876251 0.523384 0.950994
 41.000000 1.850722 0.409906 8.853213
 41.200000 1.755258 0.393654 21.990019
 41.400000 1.852059 0.468214 3.832406
 41.600000 1.848858 0.547282 2.801253
 41.800000 1.881010 0.519198 0.764430
 42.000000 1.880789 0.448237 3.603101
 42.200000 1.788925 0.460763 10.546442
 42.400000 1.897823 0.542732 0.425903
 42.600000 1.862367 0.518101 1.667950
 42.800000 1.879652 0.516190 0.835875
 43.000000 1.904801 0.473794 1.353684
 43.200000 1.890136 0.496510 0.808730
 43.400000 1.945898 0.467186 1.930165
 43.600000 1.744796 0.518069 15.339312
 43.800000 1.771415 0.539585 11.146111
 44.000000 1.922097 0.503235 0.209832
 44.200000 1.967382 0.477799 2.177860
 44.400000 1.808949 0.507877 6.274476
 44.600000 1.749536 0.467646 16.070872
 44.800000 1.903479 0.491367 0.653652
 45.000000 1.897853 0.590866 2.504627
 45.200000 1.821553 0.527065 4.838368
 45.400000 1.899907 0.468834 1.698677
 45.600000 1.765765 0.471523 13.228916
 45.800000 1.838977 0.496375 3.641767
 46.000000 1.842625 0.437904 6.654590
 46.200000 1.887854 0.505075 0.683837
 46.400000 1.853148 0.488719 2.833650
 46.600000 1.769372 0.602258 14.417329
 46.800000 1.918699 0.541071 0.153314
 47.000000 1.811935 0.517769 5.841103
 47.200000 1.870641 0.419063 6.675199
 47.400000 1.961349 0.473446 2.118226
 47.600000 1.918189 0.499998 0.279890
 47.800000 1.876519 0.550132 1.291290
 48.000000 1.826547 0.519284 4.363176
 48.200000 1.864110 0.428435 6.082210
 48.400000 1.875670 0.501097 1.229652
 48.600000 1.866978 0.488178 2.025664
 48.800000 1.866432 0.505944 1.583251
 49.000000 1.897945 0.510372 0.327657
 49.200000 1.828825 0.512953 4.200527
 49.400000 1.846638 0.477911 3.724553
 49.600000 1.829169 0.515830 4.142788
 49.800000 1.847228 0.479004 3.632199
 50.000000 1.834996 0.518166 3.615928
 50.200000 1.898273 0.562675 0.996529
 50.400000 1.799873 0.504590 7.379408
 50.600000 1.853488 0.494825 2.616743
 50.800000 1.869497 0.457022 3.484593
 51.000000 1.879162 0.485236 1.564110
 51.200000 1.921968 0.444465 3.133295
 51.400000 1.782146 0.495220 9.885530
 51.600000 1.866279 0.594710 3.963983
 51.800000 1.756064 0.507205 13.549258
 52.000000 1.773931 0.538028 10.752104
 52.200000 1.918796 0.485056 0.743352
 52.400000 1.848258 0.458894 4.656913
 52.600000 1.900947 0.551542 0.569320
 52.800000 1.866166 0.578865 2.968819
 53.000000 1.809212 0.555747 6.638468
 53.200000 1.963586 0.505069 1.127564
 53.400000 1.838437 0.458949 5.404833
 53.600000 1.859085 0.486116 2.549396
 53.800000 1.769133 0.598778 14.185589
 54.000000 1.867998 0.471566 2.698650
 54.200000 1.839703 0.351509 18.020280
 54.400000 1.926367 0.466541 1.648968
 54.600000 1.906949 0.498439 0.399873
 54.800000 1.778642 0.582873 11.728326
 55.000000 1.859757 0.519077 1.816550
 55.200000 1.854775 0.494218 2.549805
 55.400000 1.881228 0.439645 4.270434
 55.600000 1.919418 0.408773 6.592574
 55.800000 1.827513 0.496186 4.639896
 56.000000 1.859583 0.497469 2.158145
 56.200000 1.863094 0.487379 2.267238
 56.400000 1.878328 0.518481 0.875637
 56.600000 1.883086 0.555357 1.180526
 56.800000 1.837009 0.395773 11.602051
 57.000000 1.831086 0.494724 4.357435
 57.200000 1.951360 0.537558 0.593481
 57.400000 1.811387 0.541905 6.051019
 57.600000 1.885006 0.508870 0.715954
 57.800000 1.920146 0.511823 0.069379
 58.000000 1.809486 0.525903 6.094086
 58.200000 1.821378 0.392672 13.420443
 58.400000 1.898009 0.550391 0.597682
 58.600000 1.791364 0.413661 14.299021
 58.800000 1.755913 0.513345 13.492228
 59.000000 1.856152 0.448266 4.867014
 59.200000 1.899831 0.541728 0.364949
 59.400000 1.877243 0.477796 1.957153
 59.600000 1.807636 0.524989 6.298298
 59.800000 1.901343 0.519744 0.178906
 60.000000 1.907172 0.598475 2.883740
 60.200000 1.897177 0.500953 0.513739
 60.400000 1.977758 0.508201 1.794536
 60.600000 1.850845 0.521996 2.382937
 60.800000 1.904027 0.474896 1.311334
 61.000000 1.835843 0.511868 3.598437
 61.200000 1.892792 0.440094 3.852954
 61.400000 1.843354 0.466886 4.534899
 61.600000 1.775746 0.475449 11.543964
 61.800000 1.835070 0.551124 3.973693
 62.000000 1.861050 0.443193 4.961981
 62.200000 1.877970 0.497916 1.207282
 62.400000 1.884847 0.525245 0.614396
 62.600000 1.878825 0.560819 1.534714
 62.800000 1.802138 0.485519 7.654575
 63.000000 1.919106 0.619412 4.590399
 63.200000 1.869655 0.485969 1.968377
 63.400000 1.865043 0.436055 5.334513
 63.600000 1.909011 0.425600 4.860786
 63.800000 1.890987 0.442322 3.719824
 64.000000 1.942963 0.427018 4.930743
 64.200000 1.955495 0.575741 1.994266
 64.400000 1.860146 0.558783 2.401979
 64.600000 1.841338 0.592855 5.481224
 64.800000 1.953511 0.413200 6.660070
 65.000000 1.965102 0.469580 2.482326
 65.200000 1.884657 0.487876 1.257757
 65.400000 1.925002 0.514102 0.058302
 65.600000 1.788993 0.534499 8.622813
 65.800000 1.781678 0.555103 10.043624
 66.000000 1.871261 0.472990 2.461662
 66.200000 1.925198 0.469898 1.456095
 66.400000 1.861343 0.441604 5.073803
 66.600000 1.889828 0.541724 0.615298
 66.800000 1.826708 0.519872 4.345812
 67.000000 1.963392 0.477702 2.000666
 67.200000 1.866435 0.454096 3.842501
 67.400000 1.723681 0.520352 19.248840
 67.600000 1.875353 0.521621 0.992491
 67.800000 1.837908 0.484665 4.116183
 68.000000 1.841889 0.521886 3.041412
 68.200000 1.883675 0.576369 2.047091
 68.400000 1.867615 0.473217 2.634062
 68.600000 1.863586 0.631572 7.412543
 68.800000 1.817692 0.511107 5.297448
 69.000000 1.927574 0.388649 9.135429
 69.200000 1.889917 0.465846 2.116070
 69.400000 1.811152 0.490166 6.467796
 69.600000 1.817831 0.442401 8.501722
 69.800000 1.883500 0.497777 0.994491
 70.000000 1.880083 0.515963 0.820364
 70.200000 1.835948 0.502976 3.733402
 70.400000 1.821089 0.548696 5.193044
 70.600000 1.898902 0.582572 1.958617
 70.800000 1.790984 0.464834 10.031392
 71.000000 1.848171 0.499385 2.862980
 71.200000 1.889957 0.454543 2.831501
 71.400000 1.785581 0.487219 9.677410
 71.600000 1.810059 0.455321 8.359325
 71.800000 1.886325 0.500786 0.822596
 72.000000 1.879950 0.477667 1.851348
 72.200000 1.857557 0.551470 2.329358
 72.400000 1.904839 0.514818 0.151398
 72.600000 1.878355 0.475496 2.018373
 72.800000 1.816643 0.467083 6.924116
 73.000000 1.848550 0.489615 3.120165
 73.200000 1.870540 0.441780 4.563502
 73.400000 1.769412 0.465139 13.026323
 73.600000 1.873856 0.541417 1.217025
 73.800000 1.948816 0.557037 0.978236
 74.000000 1.847781 0.438762 6.196443
 74.200000 1.922104 0.486089 0.706010
 74.400000 1.910026 0.590620 2.294304
 74.600000 1.858484 0.475286 3.050719
 74.800000 1.809511 0.455319 8.419779
 75.000000 1.871948 0.542185 1.320579
 75.200000 1.872508 0.483202 1.937130
 75.400000 1.822745 0.490909 5.250135
 75.600000 1.973137 0.516286 1.445837
 75.800000 1.865270 0.486980 2.160630
 76.000000 1.832753 0.489236 4.384359
 76.200000 1.911797 0.627050 5.383568
 76.400000 1.848916 0.607147 6.006808
 76.600000 1.798941 0.500514 7.577362
 76.800000 1.942965 0.424588 5.168474
 77.000000 1.966993 0.428376 5.644360
 77.200000 1.803583 0.443769 9.946837
 77.400000 1.785592 0.501710 9.253775
 77.600000 1.835446 0.566531 4.484612
 77.800000 1.837279 0.563930 4.223266
 78.000000 1.890399 0.454982 2.788180
 78.200000 1.834630 0.469540 5.093400
 78.400000 1.824036 0.478422 5.611804
 78.600000 1.836669 0.475220 4.630830
 78.800000 1.851615 0.480480 3.258458
 79.000000 1.741480 0.459900 17.938898
 79.200000 1.885100 0.502864 0.819175
 79.400000 1.805988 0.447299 9.394508
 79.600000 1.819949 0.396336 13.089231
 79.800000 1.980460 0.414246 7.815101
 80.000000 1.819166 0.361899 18.143154
 80.200000 1.914920 0.573844 1.274515
 80.400000 1.820485 0.722908 24.799943
 80.600000 1.797888 0.596419 10.090229
 80.800000 1.846850 0.579731 4.240771
 81.000000 1.868664 0.439260 4.867132
 81.200000 1.875133 0.462528 2.865158
 81.400000 1.874259 0.392210 9.671329
 81.600000 1.842807 0.505982 3.123886
 81.800000 1.818415 0.530264 5.167990
 82.000000 1.801353 0.494423 7.447859
 82.200000 1.909264 0.513764 0.104526
 82.400000 1.880681 0.488462 1.384862
 82.600000 1.860342 0.465356 3.467455
 82.800000 1.910346 0.559926 0.705109
 83.000000 1.929572 0.446078 3.051893
 83.200000 1.877857 0.512724 0.941327
 83.400000 1.805358 0.531896 6.590081
 83.600000 1.785244 0.593367 11.494848
 83.800000 1.822216 0.527176 4.773804
 84.000000 1.860319 0.491209 2.297240
 84.200000 1.828254 0.468800 5.697469
 84.400000 1.836015 0.515309 3.549539
 84.600000 1.832027 0.478776 4.862038
 84.800000 1.869985 0.552134 1.650979
 85.000000 1.911032 0.630599 5.763534
 85.200000 1.885958 0.533385 0.622626
 85.400000 1.883848 0.590614 2.894008
 85.600000 1.929892 0.470628 1.453275
 85.800000 1.865937 0.404375 8.561072
 86.000000 1.895152 0.437324 4.026964
 86.200000 1.847740 0.509398 2.701635
 86.400000 1.827974 0.558621 4.835044
 86.600000 1.862631 0.537317 1.731808
 86.800000 1.786633 0.557113 9.436678
 87.000000 1.896902 0.479119 1.252798
 87.200000 1.894684 0.490016 0.880878
 87.400000 1.919412 0.449067 2.777618
 87.600000 1.823906 0.482187 5.461281
 87.800000 1.817800 0.493202 5.670373
 88.000000 1.864519 0.544019 1.739910
 88.200000 1.857052 0.476310 3.090636
 88.400000 1.837126 0.440786 6.851599
 88.600000 1.841809 0.494222 3.477609
 88.800000 1.776949 0.472772 11.503714
 89.000000 1.836741 0.559103 4.084849
 89.200000 1.886524 0.542879 0.741580
 89.400000 1.844355 0.474517 4.055140
 89.600000 1.841426 0.438749 6.675864
 89.800000 1.916133 0.502317 0.233421
 90.000000 1.826244 0.438743 7.982413
 90.200000 1.873972 0.497155 1.402610
 90.400000 1.846432 0.578680 4.212961
 90.600000 1.875091 0.499158 1.300927
 90.800000 1.837167 0.487809 4.059737
 91.000000 1.925622 0.506303 0.166155
 91.200000 1.915407 0.517958 0.025832
 91.400000 1.797127 0.505180 7.701618
 91.600000 1.784401 0.484811 9.927176
 91.800000 1.905360 0.550411 0.464617
 92.000000 1.888314 0.524839 0.498411
 92.200000 1.846182 0.485490 3.440508
 92.400000 1.929610 0.435521 3.926392
 92.600000 1.772782 0.452432 13.348607
 92.800000 1.729712 0.521705 18.080322
 93.000000 1.816557 0.549033 5.659454
 93.200000 1.869760 0.474659 2.452676
 93.400000 1.865290 0.501244 1.738937
 93.600000 1.948383 0.502882 0.621308
 93.800000 1.838370 0.503734 3.517815
 94.000000 1.858281 0.568455 2.902137
 94.200000 1.901641 0.521782 0.167665
 94.400000 1.816328 0.531742 5.392808
 94.600000 1.860003 0.512575 1.852330
 94.800000 1.943341 0.518401 0.289124
 95.000000 1.883208 0.421055 5.929396
 95.200000 1.847625 0.551710 3.004191
 95.400000 1.963646 0.582961 2.720477
 95.600000 1.883608 0.502840 0.872671
 95.800000 1.826271 0.433594 8.430137
 96.000000 1.916174 0.586347 1.975490
 96.200000 1.809875 0.466055 7.704191
 96.400000 1.776807 0.466398 11.868335
 96.600000 1.896960 0.504671 0.441395
 96.800000 1.825193 0.523974 4.481237
 97.000000 1.852663 0.530109 2.279077
 97.200000 1.814837 0.559225 6.149714
 97.400000 1.856319 0.426855 6.698541
 97.600000 1.796401 0.527544 7.629093
 97.800000 1.794073 0.483821 8.702530
 98.000000 1.940154 0.460740 2.181485
 98.200000 1.836537 0.476218 4.594042
 98.400000 1.837767 0.521786 3.371452
 98.600000 1.827181 0.503499 4.496885
 98.800000 1.894919 0.537140 0.402763
 99.000000 1.808172 0.572828 7.449120
 99.200000 1.847754 0.594475 5.111482
 99.400000 1.812656 0.457755 7.914278
 99.600000 1.887583 0.431548 4.757663
 99.800000 1.921336 0.505019 0.173698
 100.000000 1.953019 0.471024 1.931726
 100.200000 1.866581 0.488025 2.052161
 100.400000 1.897946 0.518127 0.255137
 100.600000 1.805912 0.467790 8.049677
 100.800000 1.874916 0.516631 1.034373
 101.000000 1.828365 0.495534 4.579662
 101.200000 1.890580 0.535177 0.495764
 101.400000 1.909929 0.542016 0.218934
 101.600000 1.912159 0.484352 0.799803
 101.800000 1.843557 0.420985 8.176023
 102.000000 1.810867 0.505967 6.095370
 102.200000 1.802545 0.465301 8.581009
 102.400000 1.819805 0.470091 6.437206
 102.600000 1.800390 0.455100 9.482877
 102.800000 1.885892 0.527229 0.583587
 103.000000 1.895669 0.458676 2.400106
 103.200000 1.952378 0.518600 0.541140
 103.400000 1.833576 0.545412 3.960558
 103.600000 1.821164 0.554102 5.335858
 103.800000 1.899436 0.556101 0.736823
 104.000000 1.841189 0.461741 5.007932
 104.200000 1.912364 0.416267 5.788181
 104.400000 1.906162 0.456841 2.322162
 104.600000 1.841753 0.494898 3.462393
 104.800000 1.873201 0.490745 1.628349
 105.000000 1.842527 0.542538 3.169676
 105.200000 1.832445 0.509294 3.923203
 105.400000 1.811129 0.499814 6.194277
 105.600000 1.820290 0.448611 7.768813
 105.800000 1.951614 0.555469 1.011931
 106.000000 1.880301 0.470321 2.201789
 106.200000 1.848111 0.547268 2.854224
 106.400000 1.862163 0.495724 2.053117
 106.600000 1.937263 0.487109 0.817151
 106.800000 1.840243 0.505743 3.329058
 107.000000 1.819601 0.521789 5.027825
 107.200000 1.862318 0.537227 1.748508
 107.400000 1.873531 0.522279 1.074159
 107.600000 1.901211 0.484587 0.934890
 107.800000 1.778926 0.474972 11.113699
 108.000000 1.777292 0.453531 12.617829
 108.200000 1.882022 0.487428 1.370098
 108.400000 1.829181 0.460669 6.091632
 108.600000 1.868869 0.448325 4.133226
 108.800000 1.784838 0.457585 11.294712
 109.000000 1.749779 0.540777 14.611679
 109.200000 1.906159 0.567534 1.059037
 109.400000 1.907613 0.545985 0.325596
 109.600000 1.923816 0.503769 0.204434
 109.800000 1.862990 0.434498 5.586692
 110.000000 1.906592 0.505624 0.249587
 110.200000 1.992766 0.575193 3.988459
 110.400000 1.836991 0.479223 4.418391
 110.600000 1.843625 0.538060 3.010649
 110.800000 1.893207 0.505103 0.526316
 111.000000 1.828251 0.434149 8.196919
 111.200000 1.871834 0.492697 1.630805
 111.400000 1.813318 0.546496 5.937934
 111.600000 1.933183 0.479205 1.074133
 111.800000 1.791326 0.511096 8.338899
 112.000000 1.852318 0.600556 5.242293
 112.200000 1.839021 0.545267 3.502405
 112.400000 1.815880 0.537099 5.497315
 112.600000 1.892280 0.495853 0.765314
 112.800000 1.838859 0.475285 4.447894
 113.000000 1.935805 0.497630 0.464276
 113.200000 1.743578 0.504102 15.728032
 113.400000 1.918653 0.464880 1.724704
 113.600000 1.914202 0.504054 0.207025
 113.800000 1.878983 0.598583 3.646891
 114.000000 1.789426 0.440271 11.978591
 114.200000 1.759549 0.524872 12.850954
 114.400000 1.920231 0.491532 0.514219
 114.600000 1.861568 0.525456 1.700810
 114.800000 1.795776 0.468811 9.199471
 115.000000 1.939410 0.452581 2.712860
 115.200000 1.833428 0.438073 7.392782
 115.400000 1.874627 0.516484 1.048409
 115.600000 1.954991 0.555270 1.118548
 115.800000 1.869267 0.523580 1.279938
 116.000000 1.794218 0.439049 11.467522
 116.200000 1.857283 0.434074 5.965471
 116.400000 1.866149 0.513509 1.493432
 116.600000 1.798708 0.510260 7.428100
 116.800000 1.841432 0.463185 4.900543
 117.000000 1.860885 0.489343 2.325889
 117.200000 1.817872 0.431784 9.415905
 117.400000 1.970078 0.450958 3.899135
 117.600000 1.834093 0.512901 3.735403
 117.800000 1.827145 0.566299 5.209898
 118.000000 1.832751 0.588825 5.921367
 118.200000 1.812784 0.540607 5.877501
 118.400000 1.859208 0.454288 4.241447
 118.600000 1.859070 0.485574 2.570791
 118.800000 1.887031 0.432494 4.688946
 119.000000 1.871451 0.493204 1.633758
 119.200000 1.824930 0.456300 6.770586
 119.400000 1.843990 0.555654 3.392070
 119.600000 1.921102 0.544453 0.218222
 119.800000 1.805078 0.503546 6.788777
 120.000000 1.876950 0.612829 4.901733
 120.200000 1.857709 0.524891 1.932341
 120.400000 1.912841 0.494366 0.451912
 120.600000 1.892398 0.483865 1.166546
 120.800000 1.884177 0.431111 4.913732
 121.000000 1.879733 0.362805 13.732398
 121.200000 1.837058 0.545644 3.671279
 121.400000 1.917519 0.469419 1.470462
 121.600000 1.844764 0.527611 2.827942
 121.800000 1.814826 0.631408 11.327762
 122.000000 1.807145 0.485916 7.062629
 122.200000 1.865263 0.458120 3.634319
 122.400000 1.864272 0.540946 1.695618
 122.600000 1.807776 0.477578 7.340567
 122.800000 1.797243 0.492664 7.996228
 123.000000 1.847018 0.567469 3.615453
 123.200000 1.736319 0.474437 18.052485
 123.400000 1.909343 0.536604 0.139898
 123.600000 1.888506 0.441991 3.821551
 123.800000 1.865777 0.433262 5.542948
 124.000000 1.856059 0.501347 2.282983
 124.200000 1.861654 0.530386 1.717142
 124.400000 1.846573 0.578593 4.197839
 124.600000 1.791712 0.572646 9.414029
 124.800000 1.845500 0.515542 2.797343
 125.000000 1.876004 0.470922 2.349203
 125.200000 1.829391 0.412134 10.304748
 125.400000 1.825206 0.408368 11.118961
 125.600000 1.813418 0.436555 9.453513
 125.800000 1.859846 0.451096 4.429334
 126.000000 1.792983 0.568776 9.069679
 126.200000 1.875987 0.543500 1.160534
 126.400000 1.908586 0.530178 0.085220
 126.600000 1.880001 0.567737 1.768534
 126.800000 1.806690 0.491365 6.923525
 127.000000 1.816791 0.532136 5.348300
 127.200000 1.883200 0.459579 2.721351
 127.400000 1.818846 0.540878 5.251458
 127.600000 1.873686 0.483052 1.888160
 127.800000 1.862895 0.518714 1.634539
 128.000000 1.784504 0.451080 11.790384
 128.200000 1.884135 0.502110 0.869110
 128.400000 1.861961 0.466085 3.330162
 128.600000 1.859708 0.410587 8.195170
 128.800000 1.753198 0.496548 14.254297
 129.000000 1.871361 0.570309 2.267127
 129.200000 1.837198 0.534486 3.475983
 129.400000 1.839629 0.487585 3.867171
 129.600000 1.939484 0.566546 1.114726
 129.800000 1.825183 0.501603 4.723974
 130.000000 1.815183 0.512040 5.545712
 130.200000 1.952638 0.509322 0.639036
 130.400000 1.806579 0.553716 6.870032
 130.600000 1.871403 0.488498 1.790191
 130.800000 1.915090 0.497303 0.357118
 131.000000 1.822086 0.415547 10.617753
 131.200000 1.882848 0.596563 3.346920
 131.400000 1.893892 0.508584 0.449943
 131.600000 1.843683 0.486731 3.581263
 131.800000 1.852904 0.468522 3.758466
 132.000000 1.950296 0.534972 0.527766
 132.200000 1.882527 0.493309 1.155693
 132.400000 1.847217 0.438485 6.260874
 132.600000 1.926144 0.484165 0.797256
 132.800000 1.796917 0.494263 7.988076
 133.000000 1.907885 0.565593 0.953476
 133.200000 1.901019 0.544332 0.392458
 133.400000 1.772804 0.488056 11.444634
 133.600000 1.848606 0.476444 3.650521
 133.800000 1.817774 0.464667 6.947485
 134.000000 1.872612 0.360503 14.416337
 134.200000 1.793576 0.435538 11.851407
 134.400000 1.794307 0.543511 8.080276
 134.600000 1.818944 0.654805 13.699834
 134.800000 1.836980 0.542508 3.613508
 135.000000 1.888427 0.470726 1.891875
 135.200000 1.855120 0.476900 3.186197
 135.400000 1.865939 0.484857 2.204293
 135.600000 1.920663 0.636441 6.366960
 135.800000 1.843990 0.488734 3.486105
 136.000000 1.887280 0.491066 1.060015
 136.200000 1.897212 0.418523 5.776967
 136.400000 1.873643 0.476915 2.157816
 136.600000 1.917685 0.496826 0.360764
 136.800000 1.953175 0.481977 1.421069
 137.000000 1.845160 0.427905 7.368830
 137.200000 1.796248 0.505254 7.808498
 137.400000 1.840600 0.509501 3.240661
 137.600000 1.833921 0.612558 7.649777
 137.800000 1.798308 0.551066 7.764973
 138.000000 1.851953 0.566855 3.241415
 138.200000 1.851906 0.559863 2.966590
 138.400000 1.860906 0.482499 2.582520
 138.600000 1.854047 0.476595 3.270528
 138.800000 1.887607 0.509226 0.623499
 139.000000 1.834160 0.484415 4.440117
 139.200000 1.854309 0.557013 2.706833
 139.400000 1.905576 0.551299 0.485708
 139.600000 1.815768 0.456692 7.656079
 139.800000 1.815584 0.488810 6.042099
 140.000000 1.811150 0.531722 5.942134
 140.200000 1.905082 0.591768 2.432728
 140.400000 1.861104 0.550304 2.082878
 140.600000 1.938095 0.535328 0.235008
 140.800000 1.953373 0.431883 4.767414
 141.000000 1.865361 0.482925 2.312361
 141.200000 1.842660 0.496734 3.340945
 141.400000 1.842098 0.481850 3.895088
 141.600000 1.764748 0.452793 14.537033
 141.800000 1.872439 0.506377 1.272759
 142.000000 1.805695 0.461994 8.414655
 142.200000 1.926553 0.518916 0.033349
 142.400000 1.884454 0.478870 1.627220
 142.600000 1.951613 0.567725 1.477622
 142.800000 1.868268 0.422420 6.449586
 143.000000 1.832487 0.541590 3.979039
 143.200000 1.852510 0.596488 4.924579
 143.400000 1.795062 0.547103 8.063780
 143.600000 1.875360 0.466701 2.608880
 143.800000 1.844247 0.494584 3.279783
 144.000000 1.865753 0.427759 6.056540
 144.200000 1.969281 0.578021 2.702007
 144.400000 1.865623 0.527435 1.478279
 144.600000 1.883005 0.557020 1.237740
 144.800000 1.864013 0.477617 2.616728
 145.000000 1.868726 0.443156 4.542928
 145.200000 1.890651 0.431327 4.683710
 145.400000 1.808458 0.534142 6.260975
 145.600000 1.781510 0.529401 9.587515
 145.800000 1.765233 0.539179 12.076500
 146.000000 1.950983 0.496652 0.847318
 146.200000 1.868569 0.507107 1.451481
 146.400000 1.761559 0.484223 13.305259
 146.600000 1.833517 0.514331 3.770691
 146.800000 1.945074 0.463865 2.101891
 147.000000 1.829598 0.436009 7.909795
 147.200000 1.846310 0.429562 7.126407
 147.400000 1.883115 0.511478 0.748650
 147.600000 1.878710 0.542195 1.019655
 147.800000 1.844723 0.569982 3.898672
 148.000000 1.881958 0.565110 1.579951
 148.200000 1.858654 0.579701 3.446989
 148.400000 1.914543 0.462524 1.879227
 148.600000 1.889613 0.469232 1.935373
 148.800000 1.842107 0.387135 12.334066
 149.000000 1.843209 0.484718 3.693752
 149.200000 1.844409 0.557918 3.435521
 149.400000 1.767764 0.501738 11.805938
 149.600000 1.794258 0.549153 8.214694
 149.800000 1.817484 0.484521 6.004144
 150.000000 1.865740 0.448243 4.303843
 150.200000 1.900660 0.515012 0.221221
 150.400000 1.854140 0.549363 2.491571
 150.600000 1.792729 0.481560 8.965066
 150.800000 1.842049 0.489496 3.608908
 151.000000 1.910735 0.470989 1.425533
 151.200000 1.844182 0.500357 3.133831
 151.400000 1.838202 0.485107 4.075046
 151.600000 1.839205 0.438268 6.893415
 151.800000 1.795437 0.415545 13.578561
 152.000000 1.795028 0.478279 8.818696
 152.200000 1.882133 0.526301 0.715404
 152.400000 1.897263 0.486131 0.957278
 152.600000 1.896926 0.430245 4.620478
 152.800000 1.967961 0.490297 1.711271
 153.000000 1.878656 0.517285 0.868897
 153.200000 1.679092 0.511929 29.053204
 153.400000 1.933464 0.603484 3.283340
 153.600000 1.867671 0.434641 5.318719
 153.800000 1.817149 0.385180 14.854917
 154.000000 1.907345 0.480225 1.018998
 154.200000 1.856844 0.524061 1.985775
 154.400000 1.771254 0.543592 11.242107
 154.600000 1.827133 0.538489 4.410259
 154.800000 1.867853 0.427366 5.982792
 155.000000 1.865374 0.451047 4.116339
 155.200000 1.839184 0.459928 5.281436
 155.400000 1.932532 0.531392 0.110627
 155.600000 1.842784 0.525682 2.972698
 155.800000 1.826441 0.492925 4.834195
 156.000000 1.876879 0.446660 3.883567
 156.200000 1.826912 0.466750 5.935772
 156.400000 1.870618 0.472708 2.507415
 156.600000 1.797669 0.481877 8.335914
 156.800000 1.856569 0.526252 2.006544
 157.000000 1.907706 0.463015 1.909109
 157.200000 1.856478 0.405306 9.005384
 157.400000 1.913216 0.490471 0.570796
 157.600000 1.802617 0.520582 6.877816
 157.800000 1.779233 0.523971 9.888284
 158.000000 1.880975 0.512270 0.820257
 158.200000 1.881817 0.464518 2.469002
 158.400000 1.885555 0.505878 0.745518
 158.600000 1.871377 0.549713 1.516393
 158.800000 1.875749 0.473448 2.230529
 159.000000 1.852450 0.486805 2.949071
 159.200000 1.816428 0.577948 6.826182
 159.400000 1.860863 0.482469 2.586287
 159.600000 1.828209 0.397106 12.200286
 159.800000 1.848546 0.472434 3.851914
 160.000000 1.802106 0.503245 7.140402
 160.200000 1.904446 0.476375 1.233882
 160.400000 1.883757 0.599113 3.502970
 160.600000 1.904704 0.539073 0.234617
 160.800000 1.856089 0.514181 2.077887
 161.000000 1.951484 0.531514 0.531302
 161.200000 1.862989 0.544879 1.843694
 161.400000 1.777095 0.476501 11.300351
 161.600000 1.859083 0.504207 2.035086
 161.800000 1.936319 0.523181 0.135496
 162.000000 1.845325 0.421792 7.960229
 162.200000 1.809348 0.443499 9.314704
 162.400000 1.933754 0.557237 0.662259
 162.600000 1.817244 0.551745 5.661330
 162.800000 1.833431 0.478248 4.763499
 163.000000 1.968011 0.508466 1.273661
 163.200000 1.833935 0.513622 3.741542
 163.400000 1.776340 0.483506 11.103052
 163.600000 1.886856 0.536393 0.626557
 163.800000 1.847734 0.577086 4.031651
 164.000000 1.776779 0.459326 12.301839
 164.200000 1.887661 0.473372 1.779829
 164.400000 1.818650 0.483833 5.912613
 164.600000 1.808084 0.530404 6.270294
 164.800000 1.858888 0.575172 3.188812
 165.000000 1.855474 0.521751 2.074628
 165.200000 1.785984 0.493317 9.420115
 165.400000 1.830836 0.557321 4.531426
 165.600000 1.925500 0.405922 6.939828
 165.800000 1.856837 0.410651 8.364615
 166.000000 1.859094 0.449381 4.600545
 166.200000 1.825722 0.502170 4.660774
 166.400000 1.817224 0.499346 5.561381
 166.600000 1.863119 0.567918 2.592020
 166.800000 1.941888 0.536508 0.325902
 167.000000 1.867676 0.487072 2.028821
 167.200000 1.916303 0.411352 6.305989
 167.400000 1.928765 0.446682 2.997760
 167.600000 1.820511 0.480008 5.885430
 167.800000 1.770666 0.513261 11.183218
 168.000000 1.794195 0.526727 7.900984
 168.200000 1.781923 0.538126 9.619167
 168.400000 1.759030 0.421708 18.124266
 168.600000 1.927719 0.506016 0.185451
 168.800000 1.887555 0.503953 0.714859
 169.000000 1.801493 0.465257 8.707556
 169.200000 1.910333 0.591439 2.346553
 169.400000 1.924012 0.488320 0.630903
 169.600000 1.805980 0.529030 6.499285
 169.800000 1.842722 0.598204 5.758298
 170.000000 1.913707 0.465431 1.710659
 170.200000 1.965385 0.411985 7.264924
 170.400000 1.904767 0.495919 0.497021
 170.600000 1.894129 0.461332 2.269695
 170.800000 1.922039 0.497810 0.334907
 171.000000 1.874992 0.538746 1.121409
 171.200000 1.808042 0.558269 6.852877
 171.400000 1.892433 0.454825 2.741055
 171.600000 1.788663 0.458586 10.719875
 171.800000 1.895991 0.519577 0.292993
 172.000000 1.847518 0.533909 2.669957
 172.200000 1.850026 0.507677 2.565333
 172.400000 1.802716 0.488122 7.490928
 172.600000 1.868628 0.560590 1.996647
 172.800000 1.852798 0.495108 2.654631
 173.000000 1.828048 0.460610 6.198666
 173.200000 1.883246 0.514226 0.714316
 173.400000 1.817735 0.461300 7.155577
 173.600000 1.972824 0.423914 6.371009
 173.800000 1.900212 0.527207 0.199569
 174.000000 1.821749 0.524778 4.813801
 174.200000 1.892680 0.513159 0.423932
 174.400000 1.797104 0.510369 7.622301
 174.600000 1.853664 0.550617 2.556090
 174.800000 1.879518 0.452265 3.358028
 175.000000 1.741737 0.375106 26.889423
 175.200000 1.900667 0.525765 0.186579
 175.400000 1.893621 0.586341 2.312585
 175.600000 1.900578 0.522380 0.186674
 175.800000 1.912042 0.527534 0.038315
 176.000000 1.841879 0.501392 3.287236
 176.200000 1.782178 0.517553 9.496677
 176.400000 1.897836 0.471069 1.622290
 176.600000 1.900936 0.431101 4.456984
 176.800000 1.834464 0.418233 9.197395
 177.000000 1.779712 0.508505 9.934891
 177.200000 1.827290 0.572248 5.468164
 177.400000 1.922804 0.548628 0.317554
 177.600000 1.877446 0.546335 1.158027
 177.800000 1.809327 0.531967 6.144015
 178.000000 1.823373 0.570076 5.735177
 178.200000 1.835292 0.506953 3.714619
 178.400000 1.899449 0.416092 5.987208
 178.600000 1.899196 0.406494 7.070312
 178.800000 1.809568 0.477155 7.160938
 179.000000 1.882906 0.548107 0.983203
 179.200000 1.877288 0.555596 1.418211
 179.400000 1.872052 0.523729 1.142928
 179.600000 1.941091 0.460599 2.209812
 179.800000 1.913689 0.483286 0.831610
 180.000000 1.749103 0.490839 15.115872
 180.200000 1.789060 0.519014 8.565132
 180.400000 1.849168 0.466821 4.110718
 180.600000 1.826351 0.417357 10.015774
 180.800000 1.877396 0.476107 2.029401
 181.000000 1.945811 0.407049 7.128559
 181.200000 1.838668 0.510264 3.385119
 181.400000 1.875379 0.558003 1.581213
 181.600000 1.899804 0.582969 1.963603
 181.800000 1.905676 0.600044 3.022593
 182.000000 1.892680 0.529385 0.386173
 182.200000 1.869110 0.447244 4.202903
 182.400000 1.914319 0.399278 7.743232
 182.600000 1.819249 0.433117 9.154979
 182.800000 1.779886 0.495488 10.191740
 183.000000 1.818363 0.546658 5.416957
 183.200000 1.878229 0.585561 2.786329
 183.400000 1.840506 0.571948 4.317513
 183.600000 1.937841 0.518133 0.176550
 183.800000 1.912613 0.495904 0.409761
 184.000000 2.029336 0.462649 7.849675
 184.200000 1.830043 0.474177 5.255014
 184.400000 1.866926 0.524398 1.401433
 184.600000 1.841408 0.580575 4.700657
 184.800000 1.811110 0.459612 7.960715
 185.000000 1.789234 0.409897 14.995926
 185.200000 1.885105 0.461717 2.518680
 185.400000 1.833209 0.421728 8.943220
 185.600000 1.874822 0.565079 1.874612
 185.800000 1.923430 0.476443 1.118204
 186.000000 1.897897 0.544760 0.465128
 186.200000 1.814211 0.517282 5.601010
 186.400000 1.868035 0.479236 2.327065
 186.600000 1.847445 0.461850 4.528593
 186.800000 1.804260 0.513086 6.737159
 187.000000 1.788472 0.420264 13.970728
 187.200000 1.798552 0.486003 8.064811
 187.400000 1.850552 0.502419 2.626250
 187.600000 1.881489 0.511927 0.804361
 187.800000 1.826542 0.529704 4.372991
 188.000000 1.779745 0.504076 10.006961
 188.200000 1.835156 0.435720 7.448887
 188.400000 1.948515 0.522913 0.410738
 188.600000 1.777639 0.478465 11.132320
 188.800000 1.785536 0.547364 9.304086
 189.000000 1.853585 0.550074 2.546823
 189.200000 1.764980 0.482589 12.835080
 189.400000 1.841259 0.419869 8.469090
 189.600000 1.962841 0.513065 0.979079
 189.800000 1.794849 0.467431 9.391567
 190.000000 1.826551 0.456501 6.604542
 190.200000 1.916751 0.517659 0.022478
 190.400000 1.880208 0.534922 0.850319
 190.600000 1.804833 0.551766 7.012552
 190.800000 1.854840 0.526632 2.118549
 191.000000 1.860998 0.463757 3.522962
 191.200000 1.859620 0.466881 3.422975
 191.400000 1.881432 0.536897 0.826854
 191.600000 1.830954 0.458402 6.077694
 191.800000 1.822627 0.533096 4.772408
 192.000000 1.878728 0.565623 1.729036
 192.200000 1.856643 0.408691 8.600180
 192.400000 1.921221 0.429406 4.437078
 192.600000 1.939660 0.498195 0.518646
 192.800000 1.916182 0.547185 0.284934
 193.000000 1.814579 0.560827 6.235215
 193.200000 1.795575 0.524799 7.724387
 193.400000 1.863033 0.530585 1.639191
 193.600000 1.847162 0.451900 5.212983
 193.800000 1.830598 0.436111 7.811096
 194.000000 1.898831 0.505684 0.381625
 194.200000 1.848179 0.410492 8.965858
 194.400000 1.921644 0.525721 0.003840
 194.600000 1.895853 0.632174 6.182512
 194.800000 1.852012 0.540244 2.440382
 195.000000 1.773001 0.457955 12.938603
 195.200000 1.880572 0.535526 0.842981
 195.400000 1.897649 0.399798 7.910051
 195.600000 1.910677 0.410148 6.477687
 195.800000 1.824013 0.409901 11.057100
 196.000000 1.860804 0.471223 3.115554
 196.200000 1.840961 0.561798 3.842238
 196.400000 1.905624 0.591113 2.380434
 196.600000 1.887666 0.477165 1.596338
 196.800000 1.901611 0.526187 0.169902
 197.000000 1.931336 0.457270 2.265589
 197.200000 1.894625 0.516685 0.342350
 197.400000 1.812096 0.503448 6.009787
 197.600000 1.785225 0.584709 10.930818
 197.800000 1.852118 0.450239 4.985484
 198.000000 1.837705 0.454876 5.736297
 198.200000 1.889072 0.488731 1.081909
 198.400000 1.887341 0.494901 0.940599
 198.600000 1.907946 0.437983 3.736035
 198.800000 1.924391 0.581850 1.706858
 199.000000 1.836097 0.527022 3.514130
 199.200000 1.779023 0.561500 10.636049
 199.400000 1.915641 0.559573 0.655983
 199.600000 1.883273 0.423798 5.649455
 199.800000 1.802656 0.345634 22.704401
 200.000000 1.926822 0.487978 0.658633
