#! FIELDS time phi psi restraint.bias
#! SET min_phi -pi
#! SET max_phi pi
#! SET min_psi -pi
#! SET max_psi pi
 0.000000 -1.368090 -2.222150 232.582883
 0.200000 -0.738884 -2.106953 0.909216
 0.400000 -0.670181 -2.119926 0.716525
 0.600000 -0.850611 -2.173987 14.792429
 0.800000 -0.770752 -2.122790 3.040024
 1.000000 -0.589105 -2.088640 5.959985
 1.200000 -0.813379 -2.014162 9.859644
 1.400000 -0.791547 -2.113061 4.537380
 1.600000 -0.755280 -2.055976 2.370983
 1.800000 -0.668459 -2.067904 0.791113
 2.000000 -0.721614 -2.035561 2.006471
 2.200000 -0.737230 -1.991262 6.082563
 2.400000 -0.680061 -2.042129 1.529167
 2.600000 -0.701017 -2.099636 0.017898
 2.800000 -0.790813 -2.010239 7.836036
 3.000000 -0.639821 -2.041613 3.093043
 3.200000 -0.604452 -2.080321 4.486988
 3.400000 -0.727316 -2.139080 1.424253
 3.600000 -0.745373 -2.096437 1.117940
 3.800000 -0.691407 -2.050391 0.990794
 4.000000 -0.677125 -2.085841 0.257223
 4.200000 -0.803544 -2.148664 7.028424
 4.400000 -0.826424 -2.020681 10.946349
 4.600000 -0.741758 -2.073819 1.163297
 4.800000 -0.710980 -2.081634 0.163969
 5.000000 -0.644134 -2.048256 2.522312
 5.200000 -0.762517 -2.123852 2.506607
 5.400000 -0.743396 -2.100246 1.041550
 5.600000 -0.656789 -2.017085 3.843052
 5.800000 -0.832560 -2.122206 9.422185
 6.000000 -0.795435 -2.002762 8.932293
 6.200000 -0.612786 -2.057111 4.336947
 6.400000 -0.718231 -2.035062 1.962219
 6.600000 -0.836077 -2.073062 9.742014
 6.800000 -0.686381 -2.049173 1.091551
 7.000000 -0.653320 -2.031426 2.986598
 7.200000 -0.808708 -2.074455 6.312327
 7.400000 -0.741318 -2.007260 4.728807
 7.600000 -0.711663 -2.052667 0.962183
 7.800000 -0.828735 -2.098381 8.536518
 8.000000 -0.784016 -2.146162 5.027951
 8.200000 -0.684554 -2.077004 0.243399
 8.400000 -0.698520 -2.009996 3.561697
 8.600000 -0.826373 -2.137756 9.163021
 8.800000 -0.804366 -2.089460 5.655084
 9.000000 -0.748786 -2.081257 1.369229
 9.200000 -0.753088 -2.064999 1.942169
 9.400000 -0.800874 -2.062310 5.792713
 9.600000 -0.665565 -2.018423 3.416173
 9.800000 -0.679001 -2.029282 2.302868
 10.000000 -0.700090 -2.092710 0.003338
 10.200000 -0.700236 -1.991722 5.273119
 10.400000 -0.706728 -2.100505 0.055614
 10.600000 -0.722856 -2.108544 0.405733
 10.800000 -0.777946 -2.039729 4.679371
 11.000000 -0.701449 -2.055021 0.780648
 11.200000 -0.747009 -2.054957 1.972209
 11.400000 -0.668187 -2.157677 2.450634
 11.600000 -0.673023 -2.135970 1.179465
 11.800000 -0.658888 -2.134041 1.555964
 12.000000 -0.816434 -2.156228 8.909291
 12.200000 -0.654909 -2.230234 10.160212
 12.400000 -0.743972 -1.988720 6.634285
 12.600000 -0.769391 -2.067028 2.913397
 12.800000 -0.759126 -2.141395 2.964660
 13.000000 -0.640576 -2.022836 4.216672
 13.200000 -0.734231 -2.083657 0.709226
 13.400000 -0.783114 -2.082852 3.677650
 13.600000 -0.661529 -1.915378 16.693497
 13.800000 -0.758201 -1.994156 6.828107
 14.000000 -0.697598 -2.112466 0.163429
 14.200000 -0.690130 -1.992266 5.247187
 14.400000 -0.759781 -2.058155 2.556990
 14.600000 -0.773575 -2.137276 3.765248
 14.800000 -0.742567 -2.117303 1.249656
 15.000000 -0.677800 -2.033627 2.053051
 15.200000 -0.833728 -2.265956 23.909826
 15.400000 -0.747069 -2.028531 3.366494
 15.600000 -0.732536 -2.096227 0.593491
 15.800000 -0.747120 -2.098978 1.210405
 16.000000 -0.788092 -2.061689 4.581254
 16.200000 -0.665689 -2.055113 1.297794
 16.400000 -0.744046 -1.987138 6.806141
 16.600000 -0.696903 -2.005717 3.932632
 16.800000 -0.777662 -2.085484 3.202261
 17.000000 -0.657604 -2.088644 0.837774
 17.200000 -0.771541 -2.003569 6.819163
 17.400000 -0.741579 -2.081777 1.023446
 17.600000 -0.678198 -2.055719 0.946587
 17.800000 -0.630279 -1.965053 10.666771
 18.000000 -0.728297 -2.103558 0.496961
 18.200000 -0.700181 -2.041410 1.405797
 18.400000 -0.718792 -2.052854 1.076234
 18.600000 -0.723429 -1.983387 6.481361
 18.800000 -0.758550 -2.096890 1.828314
 19.000000 -0.742609 -2.141719 2.108871
 19.200000 -0.764606 -2.029235 4.332318
 19.400000 -0.813503 -2.108099 6.749139
 19.600000 -0.721054 -2.125963 0.760982
 19.800000 -0.732245 -2.049533 1.588164
 20.000000 -0.713523 -2.058303 0.769766
 20.200000 -0.749070 -2.127962 1.860723
 20.400000 -0.826211 -2.109725 8.319616
 20.600000 -0.709702 -2.039998 1.546446
 20.800000 -0.804837 -2.077773 5.831198
 21.000000 -0.807445 -2.135289 6.810866
 21.200000 -0.668550 -2.049709 1.435990
 21.400000 -0.697197 -2.023483 2.514717
 21.600000 -0.738517 -2.104929 0.870974
 21.800000 -0.746785 -2.125752 1.675185
 22.000000 -0.755621 -2.045280 2.858664
 22.200000 -0.817296 -2.103055 7.137544
 22.400000 -0.739493 -2.130530 1.508232
 22.600000 -0.764002 -2.008842 5.829113
 22.800000 -0.657610 -2.083734 0.877815
 23.000000 -0.700670 -2.048531 1.055001
 23.200000 -0.827152 -2.032682 10.227365
 23.400000 -0.757596 -2.187040 6.059506
 23.600000 -0.673571 -2.089604 0.313091
 23.800000 -0.710064 -2.070142 0.365308
 24.000000 -0.691124 -2.151329 1.645299
 24.200000 -0.746415 -2.060677 1.734088
 24.400000 -0.758560 -1.967545 9.871300
 24.600000 -0.736668 -2.071224 1.010986
 24.800000 -0.654005 -2.084918 1.018476
 25.000000 -0.686755 -2.105204 0.123134
 25.200000 -0.774047 -2.090357 2.889701
 25.400000 -0.694318 -2.049869 0.998569
 25.600000 -0.707737 -2.064584 0.490481
 25.800000 -0.772275 -2.045906 3.924178
 26.000000 -0.725002 -2.076925 0.513599
 26.200000 -0.739221 -1.964771 9.245295
 26.400000 -0.787910 -2.078055 4.163579
 26.600000 -0.751667 -2.154402 3.233396
 26.800000 -0.684371 -2.085133 0.137572
 27.000000 -0.773598 -2.072397 3.089559
 27.200000 -0.842121 -2.199525 15.892699
 27.400000 -0.768635 -2.155830 4.372499
 27.600000 -0.736851 -2.018827 3.604879
 27.800000 -0.765677 -2.088310 2.299712
 28.000000 -0.716315 -2.138010 1.116420
 28.200000 -0.674172 -2.017900 3.212803
 28.400000 -0.856988 -2.066753 12.999726
 28.600000 -0.708592 -2.123880 0.489388
 28.800000 -0.688056 -1.985854 5.941318
 29.000000 -0.755813 -2.050769 2.615198
 29.200000 -0.775539 -2.109095 3.103984
 29.400000 -0.633777 -1.975907 9.090512
 29.600000 -0.828317 -2.010794 11.968739
 29.800000 -0.794829 -2.072044 4.925012
 30.000000 -0.706655 -2.030058 2.105980
 30.200000 -0.672068 -2.026663 2.633468
 30.400000 -0.752910 -2.014213 4.714911
 30.600000 -0.745005 -2.069982 1.396541
 30.800000 -0.679832 -2.110518 0.297417
 31.000000 -0.721643 -2.040469 1.730413
 31.200000 -0.758596 -2.125717 2.318462
 31.400000 -0.689343 -2.054129 0.849288
 31.600000 -0.740038 -2.061787 1.409748
 31.800000 -0.788791 -2.165312 6.624176
 32.000000 -0.735904 -2.065987 1.116891
 32.200000 -0.687986 -2.082198 0.125854
 32.400000 -0.844483 -2.041130 12.127994
 32.600000 -0.815566 -2.123498 7.318865
 32.800000 -0.635432 -2.008568 5.648742
 33.000000 -0.725518 -2.068254 0.716691
 33.200000 -0.761693 -2.115804 2.249219
 33.400000 -0.758516 -2.034009 3.646359
 33.600000 -0.627345 -2.069486 2.815608
 33.800000 -0.791067 -2.083147 4.381731
 34.000000 -0.704314 -2.021631 2.666391
 34.200000 -0.684823 -2.065093 0.517871
 34.400000 -0.727919 -2.090483 0.451290
 34.600000 -0.781827 -2.032211 5.435916
 34.800000 -0.716351 -2.073112 0.392459
 35.000000 -0.733936 -2.150241 2.200331
 35.200000 -0.679135 -2.099989 0.196091
 35.400000 -0.790565 -2.070085 4.567484
 35.600000 -0.828838 -2.102353 8.573723
 35.800000 -0.652626 -2.104169 1.083154
 36.000000 -0.824239 -2.052818 8.815885
 36.200000 -0.660416 -2.106932 0.789825
 36.400000 -0.693609 -1.958993 9.177080
 36.600000 -0.770929 -2.080413 2.747487
 36.800000 -0.710184 -2.102915 0.108915
 37.000000 -0.645854 -1.982289 7.650400
 37.200000 -0.704147 -2.013198 3.314579
 37.400000 -0.788909 -2.088759 4.136130
 37.600000 -0.673551 -1.984418 6.349599
 37.800000 -0.697916 -2.010658 3.505986
 38.000000 -0.834924 -2.150981 10.957058
 38.200000 -0.716828 -2.096178 0.176371
 38.400000 -0.729736 -2.028774 2.652487
 38.600000 -0.762450 -2.056103 2.801572
 38.800000 -0.692046 -2.079427 0.130545
 39.000000 -0.745594 -2.097310 1.130564
 39.200000 -0.709446 -2.126891 0.592008
 39.400000 -0.749404 -2.127925 1.876522
 39.600000 -0.650702 -2.126556 1.641936
 39.800000 -0.765861 -2.163309 4.668179
 40.000000 -0.800015 -2.099306 5.202195
 40.200000 -0.610287 -2.066978 4.234160
 40.400000 -0.756944 -1.962965 10.366386
 40.600000 -0.716654 -2.097399 0.176049
 40.800000 -0.651884 -2.042899 2.395346
 41.000000 -0.679578 -1.950358 10.545400
 41.200000 -0.738039 -2.030964 2.808037
 41.400000 -0.832136 -2.114309 9.176867
 41.600000 -0.681235 -2.009600 3.737824
 41.800000 -0.735220 -2.083675 0.745220
 42.000000 -0.757337 -2.093991 1.752712
 42.200000 -0.741429 -2.063681 1.409038
 42.400000 -0.762952 -2.128338 2.676882
 42.600000 -0.791892 -2.158134 6.426808
 42.800000 -0.684354 -2.108844 0.199310
 43.000000 -0.775939 -2.082296 3.100185
 43.200000 -0.753108 -2.186500 5.752860
 43.400000 -0.806868 -2.075873 6.083281
 43.600000 -0.732969 -2.067648 0.964533
 43.800000 -0.754218 -2.158692 3.639916
 44.000000 -0.716272 -2.066440 0.555268
 44.200000 -0.628462 -2.020580 5.151306
 44.400000 -0.759408 -2.107186 1.959210
 44.600000 -0.710763 -2.064702 0.520607
 44.800000 -0.736792 -1.970327 8.443694
 45.000000 -0.721217 -2.162429 2.580780
 45.200000 -0.747594 -2.097044 1.226748
 45.400000 -0.654618 -2.031389 2.931618
 45.600000 -0.675136 -2.058539 0.907236
 45.800000 -0.753654 -2.042302 2.898169
 46.000000 -0.731678 -1.987485 6.277494
 46.200000 -0.688465 -2.127714 0.601796
 46.400000 -0.676621 -2.142620 1.394184
 46.600000 -0.740939 -2.076953 1.068327
 46.800000 -0.768810 -2.174543 5.709544
 47.000000 -0.729503 -2.107976 0.584314
 47.200000 -0.764592 -2.052878 3.070368
 47.400000 -0.711357 -2.145463 1.391424
 47.600000 -0.654943 -2.140979 2.017687
 47.800000 -0.649880 -2.060928 1.724117
 48.000000 -0.815351 -2.037770 8.473363
 48.200000 -0.668194 -2.205816 6.655455
 48.400000 -0.730098 -2.044584 1.751504
 48.600000 -0.768846 -2.080195 2.601080
 48.800000 -0.809996 -2.039207 7.779654
 49.000000 -0.621613 -2.097570 2.932596
 49.200000 -0.748259 -2.055974 1.994450
 49.400000 -0.798748 -2.121623 5.432489
 49.600000 -0.688961 -2.123236 0.457957
 49.800000 -0.713240 -2.055537 0.869123
 50.000000 -0.806674 -2.137802 6.832834
 50.200000 -0.743985 -1.998536 5.645695
 50.400000 -0.582493 -2.052580 7.560360
 50.600000 -0.784240 -2.115234 3.924431
 50.800000 -0.738444 -2.093307 0.813117
 51.000000 -0.622489 -2.100012 2.876648
 51.200000 -0.763752 -2.123380 2.573085
 51.400000 -0.808607 -2.130009 6.736518
 51.600000 -0.749763 -2.124942 1.799452
 51.800000 -0.667828 -2.072796 0.692403
 52.000000 -0.812845 -2.091636 6.583374
 52.200000 -0.793849 -2.114521 4.783381
 52.400000 -0.691292 -2.022247 2.626093
 52.600000 -0.763384 -2.074500 2.326819
 52.800000 -0.694759 -2.088706 0.021866
 53.000000 -0.723951 -2.058669 0.971497
 53.200000 -0.724017 -2.077708 0.474240
 53.400000 -0.758251 -2.071799 2.062462
 53.600000 -0.691277 -1.976517 6.971093
 53.800000 -0.783384 -2.073157 3.859497
 54.000000 -0.742783 -2.044447 2.244286
 54.200000 -0.707830 -2.010971 3.526782
 54.400000 -0.787206 -1.954238 13.789030
 54.600000 -0.751734 -2.002504 5.658605
 54.800000 -0.747113 -2.057736 1.871527
 55.000000 -0.605044 -2.052375 5.215488
 55.200000 -0.802576 -2.073927 5.663768
 55.400000 -0.786263 -2.096423 3.885584
 55.600000 -0.670667 -2.107767 0.466558
 55.800000 -0.731013 -2.096750 0.543364
 56.000000 -0.737872 -2.130457 1.439871
 56.200000 -0.711097 -2.134471 0.887082
 56.400000 -0.754572 -2.082354 1.665221
 56.600000 -0.769095 -2.129848 3.146358
 56.800000 -0.733403 -2.105616 0.685001
 57.000000 -0.800343 -2.052041 6.120494
 57.200000 -0.759242 -2.184165 5.896565
 57.400000 -0.819978 -2.069659 7.729175
 57.600000 -0.689912 -2.057435 0.716809
 57.800000 -0.764670 -2.097301 2.217927
 58.000000 -0.644651 -2.084654 1.477541
 58.200000 -0.749123 -2.024483 3.743900
 58.400000 -0.749036 -2.080713 1.389234
 58.600000 -0.774027 -2.109241 2.990236
 58.800000 -0.700000 -1.936721 12.432241
 59.000000 -0.584896 -2.039035 7.943514
 59.200000 -0.778646 -2.024629 5.674961
 59.400000 -0.704150 -2.003098 4.185696
 59.600000 -0.689505 -2.062109 0.558403
 59.800000 -0.771312 -2.078159 2.809446
 60.000000 -0.732074 -2.099515 0.589160
 60.200000 -0.686113 -2.058990 0.698991
 60.400000 -0.654031 -2.102492 1.005223
 60.600000 -0.768518 -2.124272 2.923436
 60.800000 -0.701170 -2.135569 0.852246
 61.000000 -0.738360 -2.134906 1.629738
 61.200000 -0.781725 -2.193845 8.438998
 61.400000 -0.672908 -2.092816 0.319374
 61.600000 -0.788941 -2.147162 5.515319
 61.800000 -0.773097 -2.085352 2.850815
 62.000000 -0.729028 -2.088087 0.497200
 62.200000 -0.673118 -2.061490 0.854212
 62.400000 -0.730521 -2.000698 4.914136
 62.600000 -0.762209 -2.008421 5.748756
 62.800000 -0.751584 -2.016950 4.427460
 63.000000 -0.704076 -1.991058 5.356901
 63.200000 -0.754558 -2.110052 1.714526
 63.400000 -0.750926 -2.010784 4.889041
 63.600000 -0.658274 -2.043916 2.068359
 63.800000 -0.753401 -2.106683 1.602827
 64.000000 -0.825070 -2.102238 8.087446
 64.200000 -0.770998 -2.041115 4.074144
 64.400000 -0.819942 -2.096392 7.420817
 64.600000 -0.817131 -2.063586 7.555020
 64.800000 -0.713550 -2.030708 2.146905
 65.000000 -0.744929 -2.069473 1.405552
 65.200000 -0.733843 -2.079971 0.741658
 65.400000 -0.636903 -2.079771 1.981418
 65.600000 -0.721849 -2.090787 0.287763
 65.800000 -0.785495 -2.036991 5.463798
 66.000000 -0.707939 -2.130372 0.695251
 66.200000 -0.747706 -2.103990 1.274827
 66.400000 -0.729687 -2.239268 10.991911
 66.600000 -0.829713 -2.013286 11.946113
 66.800000 -0.713899 -2.093633 0.124602
 67.000000 -0.741103 -2.050002 1.908661
 67.200000 -0.685085 -2.104660 0.137794
 67.400000 -0.707033 -2.078896 0.159725
 67.600000 -0.699731 -2.008857 3.659678
 67.800000 -0.817055 -2.024188 9.535856
 68.000000 -0.701700 -2.051183 0.940011
 68.200000 -0.752177 -2.036407 3.141746
 68.400000 -0.831111 -2.103403 8.882303
 68.600000 -0.748697 -2.036361 2.962437
 68.800000 -0.790697 -2.033121 6.161453
 69.000000 -0.609856 -2.123095 4.308092
 69.200000 -0.790471 -1.995993 9.104820
 69.400000 -0.769549 -2.111540 2.697169
 69.600000 -0.732581 -2.106942 0.672102
 69.800000 -0.711881 -2.015621 3.197193
 70.000000 -0.761211 -2.157792 3.999098
 70.200000 -0.710356 -2.077619 0.215433
 70.400000 -0.690597 -1.973051 7.390544
 70.600000 -0.841514 -2.119679 10.598923
 70.800000 -0.843705 -2.037728 12.201437
 71.000000 -0.605535 -1.990239 9.711262
 71.200000 -0.841316 -2.050877 11.197764
 71.400000 -0.765586 -2.078657 2.398898
 71.600000 -0.723018 -1.972748 7.708609
 71.800000 -0.768080 -2.112209 2.605062
 72.000000 -0.725802 -2.163001 2.736204
 72.200000 -0.770721 -2.091155 2.639866
 72.400000 -0.795024 -2.077598 4.835090
 72.600000 -0.803527 -2.088577 5.570990
 72.800000 -0.715640 -2.103533 0.195025
 73.000000 -0.696658 -2.062861 0.498289
 73.200000 -0.777122 -2.049802 4.113965
 73.400000 -0.779299 -2.118374 3.581556
 73.600000 -0.646087 -2.003643 5.472309
 73.800000 -0.679867 -1.991831 5.426458
 74.000000 -0.835786 -2.136960 10.380174
 74.200000 -0.731219 -2.118916 0.848038
 74.400000 -0.741402 -2.069840 1.237637
 74.600000 -0.759671 -2.052799 2.758644
 74.800000 -0.830266 -2.068578 9.063015
 75.000000 -0.658391 -2.025774 3.144102
 75.200000 -0.692727 -2.059574 0.620854
 75.400000 -0.758860 -1.979852 8.404060
 75.600000 -0.712006 -2.016673 3.116616
 75.800000 -0.711440 -2.138325 1.053456
 76.000000 -0.707474 -1.994121 5.071112
 76.200000 -0.702195 -2.019374 2.822312
 76.400000 -0.625135 -2.108693 2.766487
 76.600000 -0.691647 -2.042103 1.388248
 76.800000 -0.763917 -2.162563 4.487326
 77.000000 -0.787660 -2.069510 4.317268
 77.200000 -0.749085 -2.029861 3.380406
 77.400000 -0.735380 -2.021058 3.382895
 77.600000 -0.680946 -2.060527 0.721207
 77.800000 -0.720929 -2.058096 0.918658
 78.000000 -0.768425 -1.974577 9.648689
 78.200000 -0.708462 -2.133020 0.799281
 78.400000 -0.679302 -2.015723 3.271916
 78.600000 -0.761298 -2.041464 3.395826
 78.800000 -0.790195 -2.062653 4.741648
 79.000000 -0.727972 -2.118035 0.724631
 79.200000 -0.752814 -2.026676 3.788025
 79.400000 -0.771476 -2.081474 2.773190
 79.600000 -0.624528 -2.112682 2.875967
 79.800000 -0.721589 -1.970982 7.890497
 80.000000 -0.800565 -2.125555 5.731772
 80.200000 -0.755274 -2.078713 1.755600
 80.400000 -0.732700 -1.997612 5.280990
 80.600000 -0.697885 -2.076100 0.167381
 80.800000 -0.882814 -2.050969 17.996593
 81.000000 -0.661775 -1.943311 12.074138
 81.200000 -0.751190 -2.077907 1.543537
 81.400000 -0.805667 -2.101254 5.805432
 81.600000 -0.667689 -2.043219 1.772860
 81.800000 -0.792681 -2.105816 4.535026
 82.000000 -0.809669 -2.126146 6.724310
 82.200000 -0.699734 -2.074432 0.200542
 82.400000 -0.696787 -2.094231 0.000917
 82.600000 -0.783275 -2.150592 5.203724
 82.800000 -0.700924 -2.186674 4.261594
 83.000000 -0.671507 -2.045593 1.545246
 83.200000 -0.779900 -2.124936 3.809382
 83.400000 -0.730295 -2.149276 2.023160
 83.600000 -0.698904 -1.991087 5.336614
 83.800000 -0.679884 -2.027932 2.375137
 84.000000 -0.765898 -2.119380 2.608245
 84.200000 -0.690543 -2.071581 0.289043
 84.400000 -0.670246 -1.996719 5.159116
 84.600000 -0.740941 -2.086588 0.946785
 84.800000 -0.813164 -2.072349 6.859260
 85.000000 -0.664620 -2.116834 0.813262
 85.200000 -0.724369 -2.122057 0.726783
 85.400000 -0.795103 -2.043856 5.978805
 85.600000 -0.666552 -2.006280 4.380803
 85.800000 -0.749835 -1.994358 6.340382
 86.000000 -0.735779 -2.109216 0.818485
 86.200000 -0.745111 -1.993355 6.208085
 86.400000 -0.752048 -2.048689 2.498005
 86.600000 -0.794897 -2.182480 8.561296
 86.800000 -0.693560 -2.052082 0.905660
 87.000000 -0.639083 -2.022810 4.305580
 87.200000 -0.744680 -2.188094 5.473118
 87.400000 -0.758950 -2.087662 1.872094
 87.600000 -0.741092 -2.049401 1.935036
 87.800000 -0.800277 -2.249679 17.273371
 88.000000 -0.759111 -2.108696 1.961499
 88.200000 -0.697074 -2.025163 2.397098
 88.400000 -0.678677 -2.117497 0.456094
 88.600000 -0.743205 -2.109751 1.133686
 88.800000 -0.696637 -1.918534 15.464645
 89.000000 -0.675232 -2.057124 0.956777
 89.200000 -0.786896 -2.182987 7.863843
 89.400000 -0.682811 -2.040245 1.583459
 89.600000 -0.686998 -2.124075 0.502440
 89.800000 -0.748012 -2.133538 2.010118
 90.000000 -0.647543 -2.017623 4.226596
 90.200000 -0.675036 -2.021456 2.926741
 90.400000 -0.806531 -2.114048 6.068327
 90.600000 -0.732472 -2.084877 0.634916
 90.800000 -0.815493 -2.105325 6.946574
 91.000000 -0.686128 -2.060906 0.632810
 91.200000 -0.795259 -2.036747 6.378478
 91.400000 -0.704425 -2.152173 1.688966
 91.600000 -0.713662 -1.998959 4.674627
 91.800000 -0.701530 -2.048430 1.062176
 92.000000 -0.800603 -2.052814 6.114642
 92.200000 -0.741171 -2.078256 1.056439
 92.400000 -0.678284 -2.083748 0.253643
 92.600000 -0.733351 -2.113590 0.804440
 92.800000 -0.774768 -2.048290 3.999389
 93.000000 -0.706780 -2.100320 0.054952
 93.200000 -0.781576 -1.956410 13.001325
 93.400000 -0.667612 -2.181810 4.286388
 93.600000 -0.661363 -2.060562 1.248312
 93.800000 -0.721584 -2.097643 0.280282
 94.000000 -0.754646 -2.121204 1.956312
 94.200000 -0.704290 -2.031861 1.974194
 94.400000 -0.765408 -2.014329 5.468334
 94.600000 -0.874322 -1.945699 26.576704
 94.800000 -0.653162 -2.087681 1.033657
 95.000000 -0.713454 -2.008540 3.802938
 95.200000 -0.720447 -2.098201 0.256228
 95.400000 -0.743165 -2.167971 3.720702
 95.600000 -0.618854 -2.023969 5.622404
 95.800000 -0.750237 -2.107660 1.445478
 96.000000 -0.772685 -2.089810 2.789579
 96.200000 -0.743507 -2.057851 1.697169
 96.400000 -0.809722 -2.053218 7.073910
 96.600000 -0.745352 -2.125242 1.590630
 96.800000 -0.664939 -2.097844 0.556827
 97.000000 -0.674040 -2.067965 0.639464
 97.200000 -0.753181 -2.179210 5.111984
 97.400000 -0.724148 -2.115044 0.551615
 97.600000 -0.707164 -2.037942 1.634296
 97.800000 -0.818614 -2.072506 7.497547
 98.000000 -0.711221 -2.065044 0.516413
 98.200000 -0.645173 -2.051823 2.308483
 98.400000 -0.745413 -2.099983 1.133381
 98.600000 -0.764143 -2.030702 4.207169
 98.800000 -0.683424 -2.045574 1.299925
 99.000000 -0.645452 -2.150111 2.939753
 99.200000 -0.746932 -2.076798 1.345559
 99.400000 -0.687570 -2.018352 2.947056
 99.600000 -0.689779 -2.004164 4.105695
 99.800000 -0.701483 -2.064740 0.445325
 100.000000 -0.782703 -2.006728 7.418889
 100.200000 -0.692448 -2.121893 0.394217
 100.400000 -0.789521 -2.079931 4.280602
 100.600000 -0.708053 -2.076085 0.216858
 100.800000 -0.665484 -2.108643 0.634438
 101.000000 -0.763405 -2.139114 3.130164
 101.200000 -0.772450 -2.108681 2.863648
 101.400000 -0.722664 -2.145497 1.606633
 101.600000 -0.776192 -2.081613 3.128396
 101.800000 -0.716698 -2.090769 0.178935
 102.000000 -0.785674 -2.083853 3.887401
 102.200000 -0.672250 -2.002101 4.594004
 102.400000 -0.785521 -2.006789 7.655779
 102.600000 -0.788281 -2.134285 4.859020
 102.800000 -0.709928 -1.978898 6.739400
 103.000000 -0.687750 -2.009847 3.628089
 103.200000 -0.833858 -2.096516 9.213072
 103.400000 -0.714855 -2.033836 1.973548
 103.600000 -0.642815 -2.028997 3.668437
 103.800000 -0.868279 -2.106113 14.543678
 104.000000 -0.774677 -2.069682 3.234985
 104.200000 -0.702149 -2.045958 1.181132
 104.400000 -0.767620 -2.157617 4.412801
 104.600000 -0.747689 -2.129025 1.827589
 104.800000 -0.752886 -2.111717 1.649064
 105.000000 -0.687793 -2.145849 1.377182
 105.200000 -0.761912 -2.199870 7.596466
 105.400000 -0.727986 -2.073108 0.672207
 105.600000 -0.731510 -2.069848 0.858354
 105.800000 -0.688674 -2.112156 0.202455
 106.000000 -0.712228 -2.065451 0.518231
 106.200000 -0.753467 -1.948622 12.155953
 106.400000 -0.719261 -2.138288 1.186515
 106.600000 -0.792124 -2.093681 4.417560
 106.800000 -0.726838 -2.028038 2.613652
 107.000000 -0.719404 -2.128899 0.821519
 107.200000 -0.666579 -2.049283 1.515302
 107.400000 -0.709872 -1.937616 12.358783
 107.600000 -0.689488 -2.089358 0.050043
 107.800000 -0.725204 -2.081823 0.445489
 108.000000 -0.655801 -2.049200 1.917216
 108.200000 -0.785430 -2.127776 4.367676
 108.400000 -0.795568 -2.081531 4.829669
 108.600000 -0.677857 -2.106274 0.276076
 108.800000 -0.704185 -2.026459 2.325966
 109.000000 -0.778106 -2.074162 3.402605
 109.200000 -0.721064 -2.134100 1.051189
 109.400000 -0.673673 -2.112738 0.467352
 109.600000 -0.816294 -2.088330 6.999553
 109.800000 -0.758578 -2.107836 1.917192
 110.000000 -0.764008 -2.120900 2.521062
 110.200000 -0.775744 -2.106956 3.090714
 110.400000 -0.818240 -2.050187 8.190122
 110.600000 -0.679672 -2.061178 0.722060
 110.800000 -0.682923 -2.062677 0.618684
 111.000000 -0.797180 -2.070955 5.180011
 111.200000 -0.714401 -2.060829 0.695694
 111.400000 -0.699167 -2.073091 0.227477
 111.600000 -0.747064 -2.036303 2.884504
 111.800000 -0.761524 -2.049591 3.012991
 112.000000 -0.754995 -2.028976 3.756509
 112.200000 -0.826409 -2.084202 8.279458
 112.400000 -0.726746 -2.003889 4.505075
 112.600000 -0.655312 -2.091109 0.922151
 112.800000 -0.775643 -2.010245 6.544618
 113.000000 -0.766541 -2.008329 6.043656
 113.200000 -0.623962 -2.177873 6.234890
 113.400000 -0.693887 -2.076154 0.175378
 113.600000 -0.837700 -2.014958 12.894779
 113.800000 -0.704545 -2.113894 0.210661
 114.000000 -0.654926 -2.148655 2.405439
 114.200000 -0.651747 -2.025072 3.478602
 114.400000 -0.796323 -2.062417 5.332029
 114.600000 -0.646225 -2.027286 3.598984
 114.800000 -0.714162 -1.978057 6.895747
 115.000000 -0.765796 -2.091637 2.292999
 115.200000 -0.663484 -2.007391 4.385125
 115.400000 -0.683975 -2.120354 0.437148
 115.600000 -0.723655 -2.041736 1.712187
 115.800000 -0.711030 -2.008978 3.731230
 116.000000 -0.675316 -2.026279 2.580185
 116.200000 -0.709319 -2.092931 0.063647
 116.400000 -0.775642 -2.125954 3.501897
 116.600000 -0.711511 -2.079534 0.199924
 116.800000 -0.800383 -2.144553 6.485595
 117.000000 -0.721030 -2.185128 4.378405
 117.200000 -0.703340 -2.040894 1.444757
 117.400000 -0.761215 -2.111561 2.137074
 117.600000 -0.737644 -2.112001 0.935604
 117.800000 -0.731071 -2.038497 2.104794
 118.000000 -0.742201 -1.995964 5.815421
 118.200000 -0.722336 -2.102213 0.323482
 118.400000 -0.651808 -2.092090 1.075619
 118.600000 -0.671659 -2.030793 2.373006
 118.800000 -0.834547 -2.041606 10.697898
 119.000000 -0.725141 -2.034112 2.181770
 119.200000 -0.707002 -2.033874 1.870757
 119.400000 -0.765982 -2.003446 6.437689
 119.600000 -0.675360 -2.129485 0.874913
 119.800000 -0.797106 -2.079989 5.001740
 120.000000 -0.735535 -2.087066 0.726350
 120.200000 -0.736590 -2.147875 2.169552
 120.400000 -0.649589 -1.957102 10.602869
 120.600000 -0.692835 -2.051614 0.929117
 120.800000 -0.790783 -2.098001 4.298678
 121.000000 -0.688493 -2.011782 3.458904
 121.200000 -0.735058 -2.080138 0.783389
 121.400000 -0.872842 -2.075353 15.443208
 121.600000 -0.748919 -2.033431 3.148004
 121.800000 -0.636816 -2.079753 1.987004
 122.000000 -0.763920 -2.125363 2.643526
 122.200000 -0.828680 -2.030861 10.539726
 122.400000 -0.619072 -2.112749 3.293673
 122.600000 -0.747475 -2.085504 1.256929
 122.800000 -0.852769 -2.039112 13.484491
 123.000000 -0.715940 -2.093187 0.159292
 123.200000 -0.641390 -2.029864 3.691933
 123.400000 -0.834655 -2.027874 11.531787
 123.600000 -0.821688 -2.023061 10.177349
 123.800000 -0.647665 -2.108355 1.370902
 124.000000 -0.747944 -2.035151 2.995566
 124.200000 -0.793353 -2.033365 6.395868
 124.400000 -0.697044 -2.094884 0.000711
 124.600000 -0.723546 -2.111724 0.473105
 124.800000 -0.748888 -2.005770 5.215303
 125.000000 -0.707384 -2.043870 1.319194
 125.200000 -0.601852 -2.100439 4.653132
 125.400000 -0.806839 -2.003199 10.067021
 125.600000 -0.749242 -2.027019 3.575883
 125.800000 -0.680795 -2.051727 1.060547
 126.000000 -0.638881 -2.087454 1.779416
 126.200000 -0.715245 -1.997007 4.888605
 126.400000 -0.703446 -2.074377 0.214475
 126.600000 -0.639520 -2.019102 4.552197
 126.800000 -0.770234 -2.054632 3.389946
 127.000000 -0.791458 -2.100797 4.375399
 127.200000 -0.665548 -2.044834 1.758980
 127.400000 -0.695102 -2.036982 1.652728
 127.600000 -0.724195 -2.080558 0.435373
 127.800000 -0.797547 -2.102683 4.976037
 128.000000 -0.669114 -2.116381 0.662691
 128.200000 -0.773144 -2.125032 3.282752
 128.400000 -0.746579 -2.149138 2.671953
 128.600000 -0.767541 -2.141283 3.508020
 128.800000 -0.729184 -2.013628 3.743818
 129.000000 -0.782383 -2.127769 4.106083
 129.200000 -0.730655 -2.091605 0.532769
 129.400000 -0.738252 -1.942758 12.301653
 129.600000 -0.719633 -2.050120 1.211287
 129.800000 -0.750357 -2.091869 1.366948
 130.000000 -0.710796 -1.970961 7.698120
 130.200000 -0.838152 -2.110759 9.936722
 130.400000 -0.726710 -2.136697 1.303080
 130.600000 -0.700286 -1.950987 10.285296
 130.800000 -0.756296 -2.033239 3.561561
 131.000000 -0.732768 -2.083293 0.661452
 131.200000 -0.746549 -2.042161 2.536348
 131.400000 -0.732434 -2.048305 1.650486
 131.600000 -0.767629 -2.096868 2.418013
 131.800000 -0.719980 -2.046110 1.404409
 132.000000 -0.841160 -2.036330 11.914317
 132.200000 -0.777096 -2.070768 3.396840
 132.400000 -0.695473 -2.066687 0.387400
 132.600000 -0.825188 -1.989130 13.611943
 132.800000 -0.782288 -2.095331 3.541589
 133.000000 -0.713335 -2.080950 0.205957
 133.200000 -0.727031 -2.184995 4.521775
 133.400000 -0.704980 -2.121623 0.394137
 133.600000 -0.746491 -2.159568 3.293087
 133.800000 -0.748255 -2.140365 2.312757
 134.000000 -0.757511 -2.013165 5.062066
 134.200000 -0.804269 -2.127350 6.175546
 134.400000 -0.716895 -2.067090 0.548812
 134.600000 -0.738679 -2.114719 1.028547
 134.800000 -0.848196 -2.078089 11.392616
 135.000000 -0.851234 -1.979114 18.365115
 135.200000 -0.655123 -2.068157 1.269072
 135.400000 -0.701642 -2.052656 0.877233
 135.600000 -0.741114 -1.994680 5.895340
 135.800000 -0.764257 -2.022679 4.757826
 136.000000 -0.637364 -2.113234 2.023813
 136.200000 -0.819577 -2.084816 7.420394
 136.400000 -0.730349 -2.128653 1.105776
 136.600000 -0.668432 -2.113542 0.624346
 136.800000 -0.715291 -2.079584 0.256909
 137.000000 -0.753576 -2.128013 2.102140
 137.200000 -0.711556 -2.092728 0.091499
 137.400000 -0.675859 -2.032048 2.191596
 137.600000 -0.793362 -2.141481 5.642962
 137.800000 -0.690406 -2.087077 0.056622
 138.000000 -0.680215 -2.007424 3.942514
 138.200000 -0.760057 -2.085623 1.955819
 138.400000 -0.708348 -2.059704 0.653930
 138.600000 -0.684266 -2.083739 0.152902
 138.800000 -0.741099 -2.055099 1.695169
 139.000000 -0.743295 -2.123573 1.445534
 139.200000 -0.684608 -2.100195 0.108264
 139.400000 -0.772360 -2.060348 3.334562
 139.600000 -0.756293 -2.017969 4.611844
 139.800000 -0.705574 -2.015414 3.146696
 140.000000 -0.635431 -2.007451 5.745379
 140.200000 -0.749499 -2.023637 3.822646
 140.400000 -0.715716 -2.130628 0.811019
 140.600000 -0.647429 -1.972867 8.669953
 140.800000 -0.715070 -2.053465 0.981072
 141.000000 -0.747415 -2.069914 1.514094
 141.200000 -0.722810 -1.972377 7.748728
 141.400000 -0.733988 -2.007626 4.407252
 141.600000 -0.738893 -1.996299 5.642162
 141.800000 -0.610828 -2.069305 4.125683
 142.000000 -0.796929 -1.987972 10.543382
 142.200000 -0.761440 -2.095435 2.004515
 142.400000 -0.690028 -2.112414 0.195178
 142.600000 -0.732697 -2.057800 1.266968
 142.800000 -0.777807 -2.096919 3.177294
 143.000000 -0.750934 -2.020574 4.118824
 143.200000 -0.670549 -2.052771 1.246689
 143.400000 -0.796869 -1.998709 9.452454
 143.600000 -0.713722 -2.054687 0.909898
 143.800000 -0.817863 -2.092038 7.170529
 144.000000 -0.781208 -2.046106 4.616790
 144.200000 -0.776351 -1.954745 12.810148
 144.400000 -0.667830 -2.148540 1.924929
 144.600000 -0.613504 -2.018223 6.482019
 144.800000 -0.774182 -2.062531 3.399483
 145.000000 -0.799128 -2.132824 5.838529
 145.200000 -0.722102 -2.134167 1.078165
 145.400000 -0.733354 -2.021916 3.246915
 145.600000 -0.730817 -2.156790 2.480685
 145.800000 -0.762620 -2.055331 2.842384
 146.000000 -0.708737 -2.014098 3.280021
 146.200000 -0.737951 -2.032906 2.683267
 146.400000 -0.722014 -2.017197 3.264940
 146.600000 -0.705756 -1.974317 7.238484
 146.800000 -0.758881 -2.057546 2.524141
 147.000000 -0.796853 -2.045756 6.055868
 147.200000 -0.699627 -2.037278 1.632294
 147.400000 -0.732227 -1.985199 6.543113
 147.600000 -0.803521 -2.119676 5.873016
 147.800000 -0.764241 -2.183338 6.140640
 148.000000 -0.708087 -2.073447 0.268964
 148.200000 -0.790954 -2.127836 4.867135
 148.400000 -0.712086 -2.165994 2.660560
 148.600000 -0.701701 -2.013112 3.309816
 148.800000 -0.803197 -1.999772 9.996047
 149.000000 -0.721942 -2.152136 1.950453
 149.200000 -0.800453 -1.935605 17.841962
 149.400000 -0.696922 -2.029715 2.092488
 149.600000 -0.776190 -2.058129 3.704203
 149.800000 -0.760014 -1.996797 6.677355
 150.000000 -0.758534 -1.978185 8.576613
 150.200000 -0.785014 -2.016154 6.835119
 150.400000 -0.804024 -2.040720 7.047142
 150.600000 -0.699562 -2.034386 1.801588
 150.800000 -0.656770 -2.046149 2.019221
 151.000000 -0.785215 -2.043596 5.082046
 151.200000 -0.710017 -2.106594 0.145032
 151.400000 -0.709841 -1.965666 8.354140
 151.600000 -0.731292 -2.066268 0.945372
 151.800000 -0.773087 -2.079330 2.922593
 152.000000 -0.803006 -2.034455 7.295752
 152.200000 -0.729540 -2.117752 0.766003
 152.400000 -0.790239 -2.057902 4.907775
 152.600000 -0.757495 -2.181121 5.522715
 152.800000 -0.746349 -2.086702 1.192051
 153.000000 -0.797283 -2.069598 5.222947
 153.200000 -0.735571 -2.111606 0.848954
 153.400000 -0.639594 -2.042469 3.061484
 153.600000 -0.703963 -2.099408 0.029569
 153.800000 -0.743894 -2.091347 1.051725
 154.000000 -0.773350 -2.075835 3.001144
 154.200000 -0.747214 -2.014607 4.387578
 154.400000 -0.805426 -1.996453 10.552323
 154.600000 -0.644468 -2.042538 2.784495
 154.800000 -0.752587 -1.977680 8.293841
 155.000000 -0.716498 -2.059251 0.786226
 155.200000 -0.675581 -2.071221 0.522797
 155.400000 -0.711453 -2.095241 0.089087
 155.600000 -0.813262 -2.165014 9.121041
 155.800000 -0.706749 -2.122627 0.435657
 156.000000 -0.645860 -2.208596 7.887070
 156.200000 -0.756216 -2.098775 1.696489
 156.400000 -0.701505 -2.125751 0.497279
 156.600000 -0.722071 -2.038595 1.843367
 156.800000 -0.766128 -2.099985 2.327400
 157.000000 -0.755115 -2.099096 1.634612
 157.200000 -0.673650 -2.126601 0.818299
 157.400000 -0.721238 -2.041906 1.644517
 157.600000 -0.742501 -2.013250 4.276592
 157.800000 -0.663958 -2.122876 0.989484
 158.000000 -0.815768 -2.159912 9.065363
 158.200000 -0.759565 -2.033047 3.768856
 158.400000 -0.749095 -2.059938 1.892256
 158.600000 -0.698820 -2.112736 0.168433
 158.800000 -0.689467 -2.064157 0.494712
 159.000000 -0.752551 -2.039727 2.975042
 159.200000 -0.721549 -2.046735 1.409906
 159.400000 -0.813773 -1.891036 27.364027
 159.600000 -0.721550 -2.082400 0.346155
 159.800000 -0.673833 -2.041510 1.693632
 160.000000 -0.775011 -1.948255 13.633646
 160.200000 -0.728183 -2.030801 2.473633
 160.400000 -0.710598 -2.118144 0.359695
 160.600000 -0.768018 -2.005347 6.406817
 160.800000 -0.828399 -2.107815 8.574800
 161.000000 -0.725111 -2.134302 1.160239
 161.200000 -0.712599 -2.128139 0.673986
 161.400000 -0.807619 -2.109036 6.100892
 161.600000 -0.760948 -2.101705 1.999649
 161.800000 -0.700630 -2.027908 2.213388
 162.000000 -0.725393 -2.059978 0.963865
 162.200000 -0.800117 -2.144230 6.442242
 162.400000 -0.668207 -2.092370 0.449804
 162.600000 -0.695951 -1.965050 8.367431
 162.800000 -0.726697 -1.974784 7.561401
 163.000000 -0.740483 -2.077750 1.035337
 163.200000 -0.719971 -1.989732 5.715664
 163.400000 -0.801847 -2.079546 5.488678
 163.600000 -0.729358 -2.175989 3.816320
 163.800000 -0.721336 -2.051475 1.190274
 164.000000 -0.752833 -2.082421 1.567793
 164.200000 -0.627536 -2.048776 3.532414
 164.400000 -0.724552 -1.986014 6.222294
 164.600000 -0.737818 -2.082279 0.860912
 164.800000 -0.807435 -2.131313 6.655088
 165.000000 -0.743486 -2.039712 2.523639
 165.200000 -0.763535 -2.101174 2.161777
 165.400000 -0.654565 -2.161669 3.211875
 165.600000 -0.779864 -2.042268 4.698685
 165.800000 -0.801550 -2.075064 5.534550
 166.000000 -0.717660 -2.097436 0.195294
 166.200000 -0.717074 -2.073943 0.388556
 166.400000 -0.723051 -2.046370 1.463717
 166.600000 -0.802835 -2.105726 5.545587
 166.800000 -0.729367 -2.145181 1.777404
 167.000000 -0.676986 -2.059958 0.816529
 167.200000 -0.715929 -2.020853 2.862616
 167.400000 -0.785817 -2.085646 3.882594
 167.600000 -0.667312 -1.979892 7.030378
 167.800000 -0.750979 -2.009749 4.978866
 168.000000 -0.712982 -2.109720 0.227684
 168.200000 -0.689911 -2.042319 1.389733
 168.400000 -0.657357 -2.055957 1.570042
 168.600000 -0.703900 -2.107260 0.099388
 168.800000 -0.774849 -2.048598 3.991441
 169.000000 -0.708747 -2.046476 1.204459
 169.200000 -0.739811 -2.083420 0.928820
 169.400000 -0.860664 -2.155482 15.074228
 169.600000 -0.594485 -2.112376 5.532973
 169.800000 -0.730483 -2.082103 0.598843
 170.000000 -0.785495 -2.119478 4.130744
 170.200000 -0.689812 -2.021781 2.671029
 170.400000 -0.651694 -2.041380 2.483514
 170.600000 -0.822346 -2.115113 7.929200
 170.800000 -0.700648 -2.080367 0.101563
 171.000000 -0.702200 -2.051794 0.915695
 171.200000 -0.697259 -2.155536 1.869478
 171.400000 -0.706151 -2.068787 0.360054
 171.600000 -0.684957 -1.990441 5.489970
 171.800000 -0.782623 -2.103527 3.611081
 172.000000 -0.796869 -2.087743 4.896651
 172.200000 -0.736538 -1.990261 6.159441
 172.400000 -0.794644 -2.057156 5.350635
 172.600000 -0.725924 -2.035914 2.096225
 172.800000 -0.696746 -2.012185 3.380198
 173.000000 -0.751047 -1.966935 9.523061
 173.200000 -0.803529 -2.139388 6.566408
 173.400000 -0.717572 -2.073756 0.401940
 173.600000 -0.700849 -2.061468 0.545787
 173.800000 -0.713637 -2.163034 2.475882
 174.000000 -0.838831 -2.103714 9.941618
 174.200000 -0.681904 -2.090617 0.138814
 174.400000 -0.740227 -2.114803 1.094253
 174.600000 -0.759071 -2.079479 1.968055
 174.800000 -0.703383 -2.038639 1.568135
 175.000000 -0.762797 -2.086518 2.121827
 175.200000 -0.815510 -2.005508 10.839334
 175.400000 -0.685252 -1.947382 10.889427
 175.600000 -0.701305 -2.103953 0.050715
 175.800000 -0.647299 -2.095370 1.292454
 176.000000 -0.796685 -2.031015 6.864866
 176.200000 -0.699184 -2.122955 0.408379
 176.400000 -0.709391 -2.036661 1.729974
 176.600000 -0.681731 -2.136712 1.029864
 176.800000 -0.774981 -2.069712 3.257550
 177.000000 -0.709275 -2.072267 0.306926
 177.200000 -0.703975 -2.057266 0.706360
 177.400000 -0.808176 -2.049473 7.063823
 177.600000 -0.807503 -2.006386 9.853858
 177.800000 -0.671453 -2.039008 1.889754
 178.000000 -0.733823 -2.068264 0.978358
 178.200000 -0.835094 -2.119791 9.701755
 178.400000 -0.748498 -2.178609 4.814398
 178.600000 -0.721570 -2.058471 0.919934
 178.800000 -0.741034 -2.167809 3.615131
 179.000000 -0.763199 -2.146070 3.452056
 179.200000 -0.764790 -2.023535 4.732207
 179.400000 -0.742607 -2.078155 1.120907
 179.600000 -0.652806 -2.117347 1.290622
 179.800000 -0.778826 -2.057296 3.943956
 180.000000 -0.753713 -2.055415 2.304371
 180.200000 -0.678748 -2.068917 0.512428
 180.400000 -0.694358 -2.061248 0.556472
 180.600000 -0.857845 -1.982706 18.991439
 180.800000 -0.765781 -2.127320 2.830207
 181.000000 -0.709609 -2.025367 2.448282
 181.200000 -0.719686 -2.032239 2.163980
 181.400000 -0.695942 -2.066878 0.381000
 181.600000 -0.695830 -2.105660 0.066098
 181.800000 -0.773189 -2.024801 5.238502
 182.000000 -0.768622 -2.060127 3.071586
 182.200000 -0.727727 -2.085054 0.481586
 182.400000 -0.683349 -2.067874 0.460960
 182.600000 -0.689554 -2.149976 1.581404
 182.800000 -0.721459 -2.086288 0.304944
 183.000000 -0.757464 -2.117050 2.016804
 183.200000 -0.764229 -2.041359 3.590842
 183.400000 -0.692668 -2.095220 0.015267
 183.600000 -0.672173 -2.083319 0.398265
 183.800000 -0.819995 -2.059424 8.036853
 184.000000 -0.752499 -2.062624 1.982594
 184.200000 -0.662610 -2.024109 3.100961
 184.400000 -0.760204 -1.983984 8.021763
 184.600000 -0.779876 -2.123254 3.757494
 184.800000 -0.619768 -1.965453 11.383497
 185.000000 -0.723876 -2.023936 2.813608
 185.200000 -0.760989 -2.038600 3.532065
 185.400000 -0.686988 -1.926611 14.137917
 185.600000 -0.674071 -2.074723 0.482951
 185.800000 -0.806262 -2.088101 5.865851
 186.000000 -0.778552 -2.027938 5.442034
 186.200000 -0.703638 -2.043417 1.314561
 186.400000 -0.731999 -2.170594 3.476656
 186.600000 -0.792459 -2.118933 4.749857
 186.800000 -0.662479 -2.069216 0.952540
 187.000000 -0.730848 -2.193684 5.464362
 187.200000 -0.784864 -2.133331 4.519211
 187.400000 -0.730468 -1.998570 5.113993
 187.600000 -0.724215 -2.112407 0.502370
 187.800000 -0.783390 -2.104964 3.690336
 188.000000 -0.725583 -2.051109 1.313651
 188.200000 -0.640063 -2.145475 2.990563
 188.400000 -0.744707 -2.098032 1.091255
 188.600000 -0.756001 -2.042599 3.015855
 188.800000 -0.761688 -2.083070 2.083803
 189.000000 -0.709963 -2.123394 0.490467
 189.200000 -0.738998 -2.014807 4.002138
 189.400000 -0.732120 -2.085307 0.618907
 189.600000 -0.784245 -2.176961 7.116301
 189.800000 -0.697513 -2.018948 2.846349
 190.000000 -0.656430 -2.058065 1.529471
 190.200000 -0.733197 -2.107072 0.695123
 190.400000 -0.752566 -1.985979 7.358587
 190.600000 -0.717977 -2.059914 0.791390
 190.800000 -0.826093 -2.142342 9.336547
 191.000000 -0.777165 -2.027916 5.332863
 191.200000 -0.643978 -2.049574 2.470764
 191.400000 -0.673777 -2.134842 1.114543
 191.600000 -0.759322 -2.091175 1.877306
 191.800000 -0.771942 -2.081709 2.804474
 192.000000 -0.645154 -2.144808 2.674087
 192.200000 -0.764626 -2.135536 3.057027
 192.400000 -0.775752 -2.094267 3.012478
 192.600000 -0.638097 -2.096158 1.803630
 192.800000 -0.776287 -2.022106 5.666995
 193.000000 -0.768528 -2.034800 4.253631
 193.200000 -0.778979 -2.092276 3.270398
 193.400000 -0.726294 -2.096733 0.399290
 193.600000 -0.769963 -2.038800 4.125256
 193.800000 -0.715473 -2.125587 0.636833
 194.000000 -0.644113 -2.033471 3.314896
 194.200000 -0.692855 -2.025329 2.399017
 194.400000 -0.732243 -2.008698 4.253764
 194.600000 -0.733048 -2.119746 0.930918
 194.800000 -0.706033 -2.151220 1.645734
 195.000000 -0.799214 -2.034074 6.928115
 195.200000 -0.783736 -2.074343 3.865072
 195.400000 -0.666181 -2.110782 0.644685
 195.600000 -0.763808 -2.013036 5.466350
 195.800000 -0.784232 -2.121624 4.077308
 196.000000 -0.673069 -2.142878 1.489362
 196.200000 -0.726192 -2.059468 1.003644
 196.400000 -0.854049 -2.105343 12.215056
 196.600000 -0.697308 -2.141741 1.121169
 196.800000 -0.704567 -2.009011 3.665899
 197.000000 -0.830355 -2.061159 9.293851
 197.200000 -0.757882 -2.086509 1.816124
 197.400000 -0.702980 -1.956425 9.529635
 197.600000 -0.742579 -2.026132 3.317691
 197.800000 -0.754892 -2.140746 2.685043
 198.000000 -0.685374 -1.970711 7.730258
 198.200000 -0.797595 -1.950255 15.334644
 198.400000 -0.795724 -2.005359 8.725841
 198.600000 -0.674600 -2.025243 2.667881
 198.800000 -0.723745 -1.972186 7.795542
 199.000000 -0.774640 -2.197269 8.218291
 199.200000 -0.706662 -2.108758 0.139523
 199.400000 -0.749808 -2.108386 1.433086
 199.600000 -0.764513 -2.101973 2.231949
 199.800000 -0.726060 -2.110607 0.521400
 200.000000 -0.801519 -1.995209 10.263427
