#! FIELDS time phi psi restraint.bias
#! SET min_phi -pi
#! SET max_phi pi
#! SET min_psi -pi
#! SET max_psi pi
 0.000000 0.959050 -1.514286 5.327982
 0.200000 0.905804 -1.516255 2.036523
 0.400000 0.873769 -1.446333 7.746180
 0.600000 0.952954 -1.500210 5.714442
 0.800000 0.997164 -1.522143 8.933593
 1.000000 0.869789 -1.568661 0.006415
 1.200000 0.890529 -1.450302 7.418980
 1.400000 0.979095 -1.449994 12.960326
 1.600000 0.885200 -1.509510 1.956570
 1.800000 0.933911 -1.528741 2.759903
 2.000000 0.935309 -1.543223 2.342306
 2.200000 0.870713 -1.520504 1.266559
 2.400000 0.923533 -1.584926 1.393625
 2.600000 0.918488 -1.529801 1.890186
 2.800000 0.869350 -1.444783 7.945215
 3.000000 0.857526 -1.486023 3.707879
 3.200000 0.954118 -1.563983 3.340563
 3.400000 0.895276 -1.521192 1.485947
 3.600000 0.917083 -1.555010 1.111086
 3.800000 0.962501 -1.531508 4.807079
 4.000000 0.895968 -1.458875 6.534747
 4.200000 0.945079 -1.528852 3.501623
 4.400000 0.987763 -1.523302 7.751705
 4.600000 0.877750 -1.400962 14.434787
 4.800000 0.900338 -1.576151 0.397231
 5.000000 0.965932 -1.569134 4.350802
 5.200000 0.895864 -1.508807 2.190443
 5.400000 0.959732 -1.496899 6.520756
 5.600000 0.934819 -1.562381 1.967019
 5.800000 0.900651 -1.471570 5.314573
 6.000000 0.875411 -1.538945 0.511021
 6.200000 0.856195 -1.482475 4.035965
 6.400000 0.887147 -1.488103 3.523924
 6.600000 0.880682 -1.515003 1.588593
 6.800000 0.813750 -1.463499 7.491770
 7.000000 0.969733 -1.496609 7.463001
 7.200000 0.949516 -1.623331 4.333067
 7.400000 0.898623 -1.478344 4.610591
 7.600000 0.892202 -1.562860 0.222346
 7.800000 0.931407 -1.585316 1.830770
 8.000000 0.898892 -1.349930 24.734961
 8.200000 0.887314 -1.473742 4.817099
 8.400000 0.982483 -1.564299 6.051152
 8.600000 0.921349 -1.439834 9.760600
 8.800000 0.838573 -1.465325 6.143169
 9.000000 0.990048 -1.464518 12.536989
 9.200000 0.905510 -1.509676 2.407279
 9.400000 0.931300 -1.484189 5.469419
 9.600000 0.946937 -1.516581 4.227829
 9.800000 0.913054 -1.483284 4.644842
 10.000000 0.903357 -1.509691 2.337910
 10.200000 0.960747 -1.540170 4.348273
 10.400000 0.922024 -1.455759 7.834984
 10.600000 0.937215 -1.455119 8.773977
 10.800000 0.900339 -1.518495 1.750639
 11.000000 0.959979 -1.497664 6.486075
 11.200000 0.972896 -1.497223 7.729732
 11.400000 0.879568 -1.478231 4.307974
 11.600000 0.913970 -1.491002 4.036667
 11.800000 0.976540 -1.534379 6.058118
 12.000000 0.881138 -1.500008 2.541370
 12.200000 0.892905 -1.453395 7.096320
 12.400000 0.952724 -1.571933 3.205375
 12.600000 0.930036 -1.514184 3.248223
 12.800000 0.836038 -1.467879 5.966776
 13.000000 0.938082 -1.589325 2.311364
 13.200000 0.973865 -1.555411 5.239100
 13.400000 0.865905 -1.505291 2.168340
 13.600000 0.839659 -1.459182 6.773580
 13.800000 0.996854 -1.614986 8.687823
 14.000000 0.919923 -1.517716 2.525428
 14.200000 0.783299 -1.506830 6.038928
 14.400000 0.973037 -1.558658 5.111017
 14.600000 0.858837 -1.478024 4.398967
 14.800000 0.793331 -1.480009 7.268113
 15.000000 0.973388 -1.510792 6.872918
 15.200000 0.864847 -1.581808 0.091185
 15.400000 0.837753 -1.564595 0.628648
 15.600000 0.907852 -1.518310 1.996470
 15.800000 0.872923 -1.610240 0.777949
 16.000000 0.921179 -1.568496 1.179487
 16.200000 0.864062 -1.553085 0.193846
 16.400000 0.874838 -1.513075 1.668228
 16.600000 0.937319 -1.597151 2.437410
 16.800000 0.911872 -1.593993 1.037640
 17.000000 0.913083 -1.439080 9.491461
 17.200000 0.957941 -1.572636 3.637749
 17.400000 0.848476 -1.555823 0.404650
 17.600000 0.840264 -1.513050 2.192217
 17.800000 0.940683 -1.572136 2.314129
 18.000000 0.917205 -1.603447 1.524980
 18.200000 0.841429 -1.526275 1.478900
 18.400000 0.946112 -1.489922 5.967640
 18.600000 0.896139 -1.567097 0.282360
 18.800000 0.859247 -1.480461 4.170289
 19.000000 0.901130 -1.551201 0.597142
 19.200000 0.876804 -1.568745 0.010673
 19.400000 0.887747 -1.557719 0.199252
 19.600000 0.884660 -1.595760 0.383530
 19.800000 0.838118 -1.579878 0.637976
 20.000000 0.802307 -1.598817 2.867671
 20.200000 0.987430 -1.546919 6.870557
 20.400000 0.863173 -1.594474 0.325362
 20.600000 0.802951 -1.531005 3.221696
 20.800000 0.911546 -1.586388 0.877436
 21.000000 0.920033 -1.619234 2.294943
 21.200000 0.814382 -1.618314 2.827359
 21.400000 0.857818 -1.665256 4.571547
 21.600000 0.835836 -1.605425 1.277756
 21.800000 0.848557 -1.564588 0.309854
 22.000000 0.879746 -1.675017 5.456022
 22.200000 0.887417 -1.613653 1.027159
 22.400000 0.851587 -1.564264 0.243457
 22.600000 0.961667 -1.604849 4.540494
 22.800000 0.807136 -1.541793 2.567576
 23.000000 0.849079 -1.576094 0.292186
 23.200000 0.964229 -1.621090 5.456774
 23.400000 0.866074 -1.603332 0.551006
 23.600000 0.827999 -1.584460 1.090856
 23.800000 0.866055 -1.662551 4.231296
 24.000000 0.864131 -1.532351 0.775424
 24.200000 0.871445 -1.509035 1.907982
 24.400000 0.969222 -1.564345 4.682521
 24.600000 0.931441 -1.516530 3.199736
 24.800000 0.902806 -1.593101 0.702992
 25.000000 0.895993 -1.501062 2.703575
 25.200000 0.816764 -1.613268 2.464360
 25.400000 0.932415 -1.529062 2.655948
 25.600000 0.901943 -1.663130 4.691336
 25.800000 0.841146 -1.543182 0.878002
 26.000000 0.839295 -1.517221 1.991934
 26.200000 0.946275 -1.527151 3.661693
 26.400000 0.923365 -1.585759 1.397182
 26.600000 0.853877 -1.607495 0.849881
 26.800000 0.893787 -1.485170 3.889021
 27.000000 0.898396 -1.575954 0.344358
 27.200000 0.868296 -1.568244 0.012799
 27.400000 0.903037 -1.570969 0.461270
 27.600000 0.974596 -1.626620 6.753176
 27.800000 0.935138 -1.504027 4.180531
 28.000000 0.865721 -1.540060 0.496457
 28.200000 0.943836 -1.515014 4.088511
 28.400000 0.874588 -1.491748 3.126179
 28.600000 0.832388 -1.598385 1.191679
 28.800000 0.910625 -1.631056 2.536101
 29.000000 0.861837 -1.454911 6.773293
 29.200000 0.916377 -1.550989 1.151542
 29.400000 0.906128 -1.543285 0.938328
 29.600000 0.871657 -1.558143 0.080559
 29.800000 0.821783 -1.544894 1.629914
 30.000000 0.850618 -1.544387 0.591755
 30.200000 0.937819 -1.572023 2.123299
 30.400000 0.862415 -1.542695 0.447362
 30.600000 0.895476 -1.541112 0.700758
 30.800000 0.912901 -1.592190 1.038326
 31.000000 0.864268 -1.469388 5.177118
 31.200000 0.901554 -1.505615 2.541599
 31.400000 0.921798 -1.582269 1.272836
 31.600000 0.888177 -1.503878 2.359372
 31.800000 0.872443 -1.478915 4.221109
 32.000000 0.932634 -1.555686 1.912317
 32.200000 0.866233 -1.526869 0.985484
 32.400000 0.864189 -1.600714 0.483447
 32.600000 0.895553 -1.638698 2.567233
 32.800000 0.891156 -1.472026 5.048809
 33.000000 0.845094 -1.582367 0.447011
 33.200000 0.956744 -1.633243 5.484492
 33.400000 0.841090 -1.529320 1.358603
 33.600000 0.845610 -1.513855 1.987106
 33.800000 0.905921 -1.582199 0.617998
 34.000000 0.870058 -1.572104 0.004252
 34.200000 0.890948 -1.509529 2.043984
 34.400000 0.886079 -1.593965 0.358367
 34.600000 0.929623 -1.491897 4.734631
 34.800000 0.788268 -1.495468 6.398585
 35.000000 0.917914 -1.538081 1.558911
 35.200000 0.903753 -1.536933 1.056586
 35.400000 0.814727 -1.534543 2.335524
 35.600000 0.813211 -1.513729 3.395730
 35.800000 0.937299 -1.583296 2.166943
 36.000000 0.897996 -1.541014 0.764323
 36.200000 0.897537 -1.513122 1.972501
 36.400000 0.939266 -1.553450 2.368293
 36.600000 0.893074 -1.510912 2.001331
 36.800000 0.901659 -1.516911 1.872184
 37.000000 0.957638 -1.521233 4.838529
 37.200000 0.892863 -1.504261 2.417467
 37.400000 0.838398 -1.505011 2.750956
 37.600000 0.919736 -1.570439 1.107903
 37.800000 0.928400 -1.624236 2.981115
 38.000000 0.864660 -1.441473 8.394290
 38.200000 0.894788 -1.549945 0.462114
 38.400000 0.957789 -1.563497 3.649694
 38.600000 0.787727 -1.568034 3.611053
 38.800000 0.909133 -1.506741 2.716507
 39.000000 0.933017 -1.559762 1.882066
 39.200000 0.850335 -1.504826 2.425323
 39.400000 0.904916 -1.495046 3.389140
 39.600000 0.944545 -1.506179 4.671057
 39.800000 0.867442 -1.529492 0.866669
 40.000000 0.920753 -1.482651 5.041069
 40.200000 0.883792 -1.432276 9.655800
 40.400000 0.957135 -1.519592 4.878533
 40.600000 0.963551 -1.507633 6.124947
 40.800000 0.842379 -1.420208 11.797073
 41.000000 0.904078 -1.485720 4.112409
 41.200000 0.954970 -1.552757 3.549776
 41.400000 0.884268 -1.454228 6.861411
 41.600000 0.867962 -1.448772 7.456033
 41.800000 0.971105 -1.514738 6.416469
 42.000000 0.851115 -1.502811 2.543181
 42.200000 0.841784 -1.470149 5.541804
 42.400000 0.925304 -1.546687 1.676084
 42.600000 0.935347 -1.566213 1.975024
 42.800000 0.845524 -1.492544 3.430014
 43.000000 0.879549 -1.587392 0.161401
 43.200000 0.942423 -1.522718 3.588892
 43.400000 0.894630 -1.524049 1.333874
 43.600000 0.935152 -1.519701 3.257698
 43.800000 0.957489 -1.531384 4.374266
 44.000000 0.939434 -1.513453 3.873203
 44.200000 0.859128 -1.523236 1.222622
 44.400000 0.966376 -1.501621 6.783497
 44.600000 0.917859 -1.611702 1.857891
 44.800000 0.882508 -1.541827 0.468063
 45.000000 0.875863 -1.533032 0.718179
 45.200000 0.880757 -1.489137 3.366894
 45.400000 0.877595 -1.515446 1.543980
 45.600000 0.907013 -1.496120 3.378214
 45.800000 0.945113 -1.448210 10.138101
 46.000000 0.890458 -1.566995 0.165533
 46.200000 0.946826 -1.521319 3.973949
 46.400000 0.881640 -1.530198 0.864384
 46.600000 0.958288 -1.501332 6.078313
 46.800000 0.888758 -1.561544 0.172290
 47.000000 0.840342 -1.563720 0.547400
 47.200000 0.901813 -1.594467 0.704974
 47.400000 0.917283 -1.521263 2.222166
 47.600000 0.847268 -1.521628 1.531243
 47.800000 0.904095 -1.609342 1.236799
 48.000000 0.992453 -1.515637 8.695831
 48.200000 0.853490 -1.643578 2.832397
 48.400000 0.908602 -1.498723 3.243010
 48.600000 0.873660 -1.580208 0.044785
 48.800000 0.864165 -1.544842 0.372925
 49.000000 0.806525 -1.546257 2.488283
 49.200000 0.833074 -1.595948 1.100008
 49.400000 0.883546 -1.539022 0.564008
 49.600000 0.911521 -1.622017 2.066677
 49.800000 0.913081 -1.570412 0.816833
 50.000000 0.876670 -1.511682 1.755261
 50.200000 0.896401 -1.570336 0.281812
 50.400000 0.904788 -1.555150 0.638365
 50.600000 0.918015 -1.527799 1.952729
 50.800000 0.835338 -1.554697 0.826227
 51.000000 0.942648 -1.507072 4.479174
 51.200000 0.862723 -1.543952 0.409730
 51.400000 0.884335 -1.584736 0.165254
 51.600000 0.876467 -1.575254 0.017165
 51.800000 0.888198 -1.531048 0.910597
 52.000000 0.842674 -1.628343 2.105505
 52.200000 0.803783 -1.568021 2.376168
 52.400000 0.844903 -1.587917 0.531903
 52.600000 0.895784 -1.583242 0.344705
 52.800000 0.823559 -1.569600 1.206380
 53.000000 0.865737 -1.527857 0.945902
 53.200000 0.901741 -1.603165 0.946590
 53.400000 0.955101 -1.571141 3.397937
 53.600000 0.855544 -1.553720 0.292369
 53.800000 1.003619 -1.520211 9.854037
 54.000000 0.844792 -1.663761 4.709655
 54.200000 0.871655 -1.524937 1.052045
 54.400000 0.858309 -1.598611 0.489877
 54.600000 0.890410 -1.601497 0.628693
 54.800000 0.922053 -1.553751 1.364874
 55.000000 0.911207 -1.568420 0.745563
 55.200000 0.860837 -1.576464 0.086012
 55.400000 0.882997 -1.570153 0.053587
 55.600000 0.816743 -1.675099 7.003190
 55.800000 0.838566 -1.473115 5.352176
 56.000000 0.864553 -1.627702 1.652023
 56.200000 0.892139 -1.517241 1.623708
 56.400000 0.931273 -1.573072 1.720032
 56.600000 0.917528 -1.576321 1.021610
 56.800000 0.893843 -1.540923 0.670452
 57.000000 0.848572 -1.590102 0.476596
 57.200000 0.941304 -1.537220 2.919376
 57.400000 0.919393 -1.639156 3.428323
 57.600000 0.867855 -1.525228 1.049803
 57.800000 0.909809 -1.517550 2.107429
 58.000000 0.863517 -1.541393 0.474110
 58.200000 0.933751 -1.537493 2.420353
 58.400000 0.829893 -1.525343 1.947708
 58.600000 0.906667 -1.478367 4.849648
 58.800000 0.876332 -1.552575 0.172727
 59.000000 0.873624 -1.565543 0.014256
 59.200000 0.882651 -1.490373 3.283778
 59.400000 0.867199 -1.577018 0.034289
 59.600000 0.843934 -1.428849 10.487272
 59.800000 0.966541 -1.541898 4.823982
 60.000000 0.898012 -1.509977 2.170721
 60.200000 0.873248 -1.476035 4.490036
 60.400000 0.961641 -1.513017 5.627646
 60.600000 0.910154 -1.529810 1.542655
 60.800000 0.904344 -1.476387 4.958376
 61.000000 0.940001 -1.592432 2.501134
 61.200000 0.864614 -1.510037 1.878269
 61.400000 0.863237 -1.474731 4.658723
 61.600000 1.007284 -1.460367 15.158543
 61.800000 0.970887 -1.496142 7.610452
 62.000000 0.832161 -1.455724 7.441109
 62.200000 0.982608 -1.475109 10.621831
 62.400000 0.948199 -1.536191 3.451447
 62.600000 0.872371 -1.482664 3.883727
 62.800000 0.979708 -1.545515 6.048740
 63.000000 0.968674 -1.516221 6.098173
 63.200000 0.844891 -1.442508 8.614639
 63.400000 0.915133 -1.524894 1.955289
 63.600000 0.980360 -1.568191 5.802522
 63.800000 0.875396 -1.504983 2.169435
 64.000000 0.916246 -1.494840 3.834353
 64.200000 0.970384 -1.548767 5.017187
 64.400000 0.872829 -1.525682 1.017659
 64.600000 0.843888 -1.514305 2.009694
 64.800000 0.860325 -1.595698 0.386173
 65.000000 0.909866 -1.524796 1.749988
 65.200000 0.938387 -1.532082 2.909090
 65.400000 0.857793 -1.520992 1.350810
 65.600000 0.909692 -1.505548 2.814161
 65.800000 0.878829 -1.534161 0.690082
 66.000000 0.853105 -1.537663 0.740209
 66.200000 0.879864 -1.480887 4.067720
 66.400000 0.956918 -1.630032 5.303734
 66.600000 0.885400 -1.533946 0.760066
 66.800000 0.875902 -1.555708 0.119066
 67.000000 0.908749 -1.647811 3.616703
 67.200000 0.879979 -1.573224 0.029696
 67.400000 0.897205 -1.580421 0.347428
 67.600000 0.868448 -1.534179 0.679311
 67.800000 0.954253 -1.488169 6.741925
 68.000000 0.865246 -1.580370 0.073344
 68.200000 0.826609 -1.599275 1.466088
 68.400000 0.888822 -1.527742 1.057376
 68.600000 0.846512 -1.603197 0.866889
 68.800000 0.875303 -1.587364 0.140725
 69.000000 0.796411 -1.546714 3.197296
 69.200000 0.946905 -1.600411 3.194299
 69.400000 0.791310 -1.516317 4.793244
 69.600000 0.868858 -1.516456 1.483663
 69.800000 0.996470 -1.640115 10.066515
 70.000000 0.862434 -1.526595 1.029207
 70.200000 0.850373 -1.537110 0.815820
 70.400000 0.967870 -1.619852 5.735223
 70.600000 0.907561 -1.554137 0.747640
 70.800000 0.696420 -1.525787 16.543952
 71.000000 1.007739 -1.585373 9.228779
 71.200000 0.906755 -1.591365 0.792626
 71.400000 0.821584 -1.470113 6.373140
 71.600000 0.886871 -1.549293 0.332114
 71.800000 0.845126 -1.566075 0.390337
 72.000000 0.843943 -1.575363 0.422906
 72.200000 0.924054 -1.565609 1.333905
 72.400000 0.905299 -1.540158 1.001857
 72.600000 0.857747 -1.513834 1.733595
 72.800000 0.910396 -1.590439 0.904734
 73.000000 0.821886 -1.480740 5.344292
 73.200000 0.887014 -1.527225 1.052168
 73.400000 0.965994 -1.553807 4.499500
 73.600000 0.924611 -1.464578 6.990421
 73.800000 0.928769 -1.516931 3.024615
 74.000000 0.922279 -1.596428 1.559302
 74.200000 0.852342 -1.524681 1.269826
 74.400000 0.876224 -1.552272 0.177902
 74.600000 0.899494 -1.631431 2.198178
 74.800000 0.862855 -1.578045 0.074392
 75.000000 0.888911 -1.576006 0.145543
 75.200000 0.917778 -1.558243 1.096398
 75.400000 0.863555 -1.585395 0.148051
 75.600000 0.792701 -1.609554 3.948158
 75.800000 0.865269 -1.611562 0.858255
 76.000000 0.859707 -1.571493 0.084195
 76.200000 0.879728 -1.582980 0.099169
 76.400000 0.961751 -1.566483 3.977509
 76.600000 0.872261 -1.554270 0.136643
 76.800000 0.849269 -1.554862 0.400618
 77.000000 0.970493 -1.562693 4.818021
 77.200000 0.902195 -1.518248 1.816658
 77.400000 0.883230 -1.563331 0.083675
 77.600000 0.924980 -1.579037 1.402392
 77.800000 0.900417 -1.521115 1.619232
 78.000000 0.861100 -1.582010 0.129747
 78.200000 0.873034 -1.561454 0.043704
 78.400000 0.875889 -1.634183 2.014114
 78.600000 0.875166 -1.546708 0.293262
 78.800000 0.833815 -1.544808 1.092363
 79.000000 0.840258 -1.549825 0.744985
 79.200000 0.983354 -1.609174 6.862474
 79.400000 0.836577 -1.581550 0.708987
 79.600000 0.862875 -1.507836 2.029936
 79.800000 0.895279 -1.617313 1.337614
 80.000000 0.886993 -1.596519 0.433470
 80.200000 0.874218 -1.557563 0.088762
 80.400000 0.867720 -1.554242 0.149245
 80.600000 0.816493 -1.518997 2.919191
 80.800000 0.926344 -1.563330 1.468623
 81.000000 0.899553 -1.671732 5.455494
 81.200000 0.823214 -1.573648 1.226742
 81.400000 0.840512 -1.537631 1.066845
 81.600000 0.894435 -1.606603 0.878035
 81.800000 0.849785 -1.566246 0.272085
 82.000000 0.777167 -1.570164 4.560145
 82.200000 0.908422 -1.599134 1.040798
 82.400000 0.871645 -1.579855 0.041545
 82.600000 0.875490 -1.571422 0.004187
 82.800000 0.959671 -1.675741 9.291719
 83.000000 0.880507 -1.518033 1.422736
 83.200000 0.863500 -1.530412 0.857439
 83.400000 0.929760 -1.534709 2.281096
 83.600000 0.898075 -1.572145 0.323750
 83.800000 0.874797 -1.624158 1.426004
 84.000000 0.934055 -1.503994 4.115633
 84.200000 0.858605 -1.592430 0.332846
 84.400000 0.903445 -1.583309 0.552005
 84.600000 0.927510 -1.534511 2.162288
 84.800000 0.777906 -1.525928 5.496179
 85.000000 0.912873 -1.663720 5.125737
 85.200000 0.942734 -1.606148 3.079701
 85.400000 0.814827 -1.578758 1.704270
 85.600000 0.803135 -1.561073 2.464458
 85.800000 0.899473 -1.636860 2.541549
 86.000000 0.885049 -1.531733 0.839655
 86.200000 0.892562 -1.649715 3.312010
 86.400000 0.904409 -1.561003 0.551826
 86.600000 0.813545 -1.581715 1.807184
 86.800000 0.813567 -1.583270 1.824038
 87.000000 0.866992 -1.590666 0.213490
 87.200000 0.898690 -1.629606 2.067937
 87.400000 0.819530 -1.578115 1.438411
 87.600000 0.827704 -1.621619 2.302193
 87.800000 0.889111 -1.673451 5.404226
 88.000000 0.891645 -1.524386 1.257082
 88.200000 0.877250 -1.574702 0.018138
 88.400000 0.956280 -1.593970 3.764308
 88.600000 0.879547 -1.547909 0.285593
 88.800000 0.861824 -1.571997 0.059475
 89.000000 0.899370 -1.581191 0.410600
 89.200000 0.957450 -1.585208 3.698161
 89.400000 0.868663 -1.508342 1.958252
 89.600000 0.927862 -1.541310 1.958076
 89.800000 0.932565 -1.560286 1.849251
 90.000000 0.834569 -1.586970 0.856442
 90.200000 0.850174 -1.539571 0.740427
 90.400000 0.907821 -1.569731 0.618555
 90.600000 0.854277 -1.544151 0.524037
 90.800000 0.916644 -1.530222 1.790225
 91.000000 0.881517 -1.557365 0.129384
 91.200000 0.833021 -1.509544 2.661726
 91.400000 0.909210 -1.561230 0.713527
 91.600000 0.946925 -1.538286 3.285777
 91.800000 0.864482 -1.528703 0.919385
 92.000000 0.924160 -1.560491 1.378968
 92.200000 0.968317 -1.451465 11.694591
 92.400000 0.824567 -1.504085 3.381893
 92.600000 0.968922 -1.498578 7.240494
 92.800000 0.935622 -1.545663 2.297676
 93.000000 0.928213 -1.477661 5.879894
 93.200000 0.939891 -1.525998 3.263167
 93.400000 0.966720 -1.558258 4.501813
 93.600000 0.898696 -1.473200 5.101352
 93.800000 0.935758 -1.601523 2.462451
 94.000000 1.016885 -1.521402 11.619685
 94.200000 0.838787 -1.508804 2.495369
 94.400000 0.968440 -1.496492 7.346978
 94.600000 0.981871 -1.481621 9.939213
 94.800000 0.903254 -1.490094 3.724284
 95.000000 0.934848 -1.489299 5.254310
 95.200000 1.012953 -1.476050 14.328868
 95.400000 0.960006 -1.524544 4.883929
 95.600000 0.896694 -1.475862 4.795011
 95.800000 0.964077 -1.408739 17.309381
 96.000000 0.937133 -1.536951 2.650808
 96.200000 0.943046 -1.442383 10.721759
 96.400000 0.923926 -1.483979 5.082490
 96.600000 1.027029 -1.548392 12.165131
 96.800000 0.970889 -1.492326 7.902808
 97.000000 0.924501 -1.517757 2.750046
 97.200000 0.990597 -1.563003 6.984401
 97.400000 0.892500 -1.446944 7.866368
 97.600000 0.838487 -1.498656 3.186189
 97.800000 0.945717 -1.584365 2.760356
 98.000000 0.934408 -1.470212 6.964656
 98.200000 0.909804 -1.510796 2.489671
 98.400000 0.874682 -1.537320 0.562382
 98.600000 0.925829 -1.520751 2.665529
 98.800000 1.011527 -1.507085 11.670977
 99.000000 0.831454 -1.577820 0.873820
 99.200000 0.839381 -1.447678 8.132918
 99.400000 0.948875 -1.566218 2.914505
 99.600000 0.897621 -1.496730 3.054349
 99.800000 0.941523 -1.541382 2.803336
 100.000000 0.920253 -1.565962 1.144029
 100.200000 0.953322 -1.501662 5.642601
 100.400000 0.831231 -1.519093 2.194984
 100.600000 0.944500 -1.524132 3.668913
 100.800000 0.901649 -1.550955 0.616904
 101.000000 0.900275 -1.519921 1.675310
 101.200000 0.888563 -1.512351 1.834295
 101.400000 0.868260 -1.525769 1.023412
 101.600000 0.954680 -1.463139 9.158289
 101.800000 0.957842 -1.537247 4.190348
 102.000000 0.910228 -1.507187 2.728622
 102.200000 0.869573 -1.469211 5.164604
 102.400000 0.923849 -1.597256 1.659985
 102.600000 0.945204 -1.510297 4.461075
 102.800000 0.866710 -1.512671 1.707020
 103.000000 0.905728 -1.604301 1.107860
 103.200000 0.943213 -1.495759 5.303798
 103.400000 0.942306 -1.553787 2.569626
 103.600000 0.928227 -1.493790 4.508571
 103.800000 0.862568 -1.474710 4.667289
 104.000000 0.870827 -1.494448 2.916202
 104.200000 0.913532 -1.521365 2.056810
 104.400000 0.876561 -1.555567 0.123560
 104.600000 0.965809 -1.520087 5.623656
 104.800000 0.877028 -1.561014 0.057371
 105.000000 0.919103 -1.533684 1.766911
 105.200000 0.949548 -1.590655 3.152717
 105.400000 0.938982 -1.534517 2.857072
 105.600000 0.901707 -1.506781 2.470710
 105.800000 0.947543 -1.550106 3.017425
 106.000000 0.916675 -1.519163 2.301451
 106.200000 0.922169 -1.500745 3.678953
 106.400000 0.899294 -1.570178 0.354761
 106.600000 0.933028 -1.494938 4.699133
 106.800000 0.877480 -1.432355 9.594541
 107.000000 0.989455 -1.515398 8.354488
 107.200000 0.862451 -1.579368 0.088893
 107.400000 0.918730 -1.530663 1.866379
 107.600000 0.937655 -1.603860 2.658438
 107.800000 0.918387 -1.491623 4.179428
 108.000000 0.862771 -1.581972 0.111399
 108.200000 0.893141 -1.558852 0.280973
 108.400000 0.948381 -1.512326 4.575859
 108.600000 0.886039 -1.510841 1.886760
 108.800000 0.847359 -1.518395 1.693112
 109.000000 0.853888 -1.581695 0.235679
 109.200000 0.951292 -1.586687 3.217357
 109.400000 0.824984 -1.579202 1.172038
 109.600000 0.899030 -1.488779 3.711002
 109.800000 0.868763 -1.616547 1.054152
 110.000000 0.851252 -1.485089 3.902146
 110.200000 0.845242 -1.584095 0.464437
 110.400000 1.011419 -1.610090 10.398398
 110.600000 0.921150 -1.516502 2.649326
 110.800000 0.827988 -1.491981 4.103969
 111.000000 0.954336 -1.615107 4.316839
 111.200000 0.952542 -1.552650 3.354845
 111.400000 0.827790 -1.538698 1.522016
 111.600000 0.950155 -1.603078 3.523434
 111.800000 0.895901 -1.581900 0.331604
 112.000000 0.789439 -1.558581 3.537863
 112.200000 0.812838 -1.568445 1.792374
 112.400000 0.910608 -1.607950 1.410059
 112.600000 0.823581 -1.593608 1.464797
 112.800000 0.851360 -1.525830 1.237939
 113.000000 0.869447 -1.619115 1.172509
 113.200000 0.887067 -1.565662 0.116886
 113.400000 0.891114 -1.584715 0.267050
 113.600000 0.907856 -1.536375 1.211623
 113.800000 0.941054 -1.602825 2.851520
 114.000000 0.861920 -1.588271 0.210408
 114.200000 0.859835 -1.602161 0.574166
 114.400000 0.823185 -1.589373 1.396654
 114.600000 0.912522 -1.541840 1.213519
 114.800000 0.835889 -1.637484 2.899825
 115.000000 0.870320 -1.507770 1.988881
 115.200000 0.925405 -1.660732 5.434973
 115.400000 0.907613 -1.466934 6.004419
 115.600000 0.851254 -1.523931 1.327402
 115.800000 0.881583 -1.592158 0.267942
 116.000000 0.931877 -1.593514 2.011077
 116.200000 0.852972 -1.639950 2.584993
 116.400000 0.811976 -1.500131 4.338356
 116.600000 0.897094 -1.596254 0.622448
 116.800000 0.980971 -1.609875 6.628706
 117.000000 0.857272 -1.551885 0.297275
 117.200000 0.847941 -1.597292 0.656636
 117.400000 0.945274 -1.571955 2.636752
 117.600000 0.886811 -1.567228 0.106420
 117.800000 0.793814 -1.570501 3.108785
 118.000000 0.966773 -1.644252 7.126085
 118.200000 0.850688 -1.536975 0.813424
 118.400000 0.779833 -1.523654 5.420090
 118.600000 0.927818 -1.608707 2.239571
 118.800000 0.916127 -1.545069 1.275425
 119.000000 0.863675 -1.503348 2.315033
 119.200000 0.939703 -1.591058 2.452324
 119.400000 0.872793 -1.552613 0.165324
 119.600000 0.764739 -1.506201 7.910310
 119.800000 0.887122 -1.645523 2.896578
 120.000000 0.859792 -1.523856 1.184554
 120.200000 0.882714 -1.623328 1.430285
 120.400000 0.963939 -1.555830 4.277484
 120.600000 0.872081 -1.570945 0.000181
 120.800000 0.861939 -1.526454 1.040659
 121.000000 0.978013 -1.576416 5.564919
 121.200000 0.911131 -1.497856 3.399973
 121.400000 0.910070 -1.512604 2.392742
 121.600000 0.873855 -1.570066 0.000976
 121.800000 0.874451 -1.534841 0.647984
 122.000000 0.953572 -1.562912 3.304057
 122.200000 0.901508 -1.556545 0.517528
 122.400000 0.867388 -1.547074 0.295302
 122.600000 0.928784 -1.541581 2.001457
 122.800000 0.899096 -1.551920 0.527458
 123.000000 0.903315 -1.522578 1.632260
 123.200000 0.931803 -1.502572 4.075958
 123.400000 0.871482 -1.553415 0.151759
 123.600000 0.823157 -1.491096 4.401519
 123.800000 0.887708 -1.596716 0.449071
 124.000000 0.899876 -1.619637 1.562963
 124.200000 0.844287 -1.528440 1.299684
 124.400000 0.817402 -1.557323 1.617738
 124.600000 0.893875 -1.553138 0.380858
 124.800000 0.833783 -1.524410 1.831716
 125.000000 0.899809 -1.661248 4.459167
 125.200000 0.974574 -1.585203 5.296494
 125.400000 0.911549 -1.555600 0.871464
 125.600000 0.871787 -1.539985 0.475054
 125.800000 0.949577 -1.561213 3.003646
 126.000000 0.818363 -1.645993 4.301661
 126.200000 0.841890 -1.479949 4.600186
 126.400000 0.876592 -1.661544 4.125303
 126.600000 0.914160 -1.481828 4.818583
 126.800000 0.816666 -1.599822 1.989163
 127.000000 0.876215 -1.519521 1.320876
 127.200000 0.826280 -1.662876 5.315151
 127.400000 0.915578 -1.646264 3.768496
 127.600000 0.787032 -1.613876 4.594387
 127.800000 0.876472 -1.625498 1.503364
 128.000000 0.907442 -1.632456 2.505730
 128.200000 0.839832 -1.619731 1.736274
 128.400000 0.877174 -1.529144 0.877628
 128.600000 0.857985 -1.694868 7.804628
 128.800000 0.818915 -1.592232 1.674238
 129.000000 0.932660 -1.565215 1.815308
 129.200000 0.935102 -1.598724 2.339193
 129.400000 0.833104 -1.573456 0.786061
 129.600000 0.868313 -1.534939 0.652357
 129.800000 0.896864 -1.646212 3.136569
 130.000000 0.858954 -1.640014 2.489504
 130.200000 0.791107 -1.565757 3.338521
 130.400000 0.888162 -1.630309 1.890943
 130.600000 0.833316 -1.598925 1.169748
 130.800000 0.857666 -1.687539 6.926898
 131.000000 0.926822 -1.582175 1.531241
 131.200000 0.852871 -1.602426 0.696119
 131.400000 0.788433 -1.526602 4.524095
 131.600000 0.875113 -1.651848 3.287645
 131.800000 0.846826 -1.587464 0.472712
 132.000000 0.845640 -1.679537 6.277428
 132.200000 0.890094 -1.618327 1.281481
 132.400000 0.827023 -1.528967 1.916409
 132.600000 0.868104 -1.577633 0.033767
 132.800000 0.920519 -1.570435 1.145073
 133.000000 0.914013 -1.618266 1.981496
 133.200000 0.924877 -1.501677 3.751838
 133.400000 0.963094 -1.569628 4.089396
 133.600000 0.857159 -1.519091 1.456962
 133.800000 0.848755 -1.580126 0.329351
 134.000000 0.861039 -1.519303 1.393340
 134.200000 1.005892 -1.495873 11.681499
 134.400000 0.856188 -1.578291 0.163835
 134.600000 0.887557 -1.437000 9.061669
 134.800000 0.932469 -1.509296 3.679444
 135.000000 0.979830 -1.577822 5.766874
 135.200000 0.975459 -1.522888 6.430927
 135.400000 0.940731 -1.521743 3.519649
 135.600000 0.899246 -1.563245 0.381785
 135.800000 0.798693 -1.537661 3.284847
 136.000000 0.915657 -1.439332 9.565559
 136.200000 0.928891 -1.493771 4.547189
 136.400000 0.925082 -1.521749 2.576609
 136.600000 0.924851 -1.573663 1.365796
 136.800000 0.977140 -1.544179 5.811825
 137.000000 0.874424 -1.517056 1.445541
 137.200000 0.903334 -1.495392 3.313198
 137.400000 0.939215 -1.464972 7.813839
 137.600000 0.871040 -1.509294 1.892584
 137.800000 0.855000 -1.592500 0.391548
 138.000000 0.854496 -1.525688 1.182431
 138.200000 0.888314 -1.549529 0.348612
 138.400000 0.893140 -1.500425 2.685677
 138.600000 0.932480 -1.521342 3.011805
 138.800000 0.892036 -1.529556 1.037993
 139.000000 0.895347 -1.514769 1.826781
 139.200000 0.867706 -1.474377 4.660636
 139.400000 0.930440 -1.552608 1.834414
 139.600000 0.961409 -1.467024 9.322105
 139.800000 0.932066 -1.564526 1.783922
 140.000000 0.994763 -1.514983 9.011577
 140.200000 0.916993 -1.558904 1.053213
 140.400000 0.898763 -1.437349 9.244693
 140.600000 0.932092 -1.558236 1.844714
 140.800000 0.868250 -1.460338 6.110314
 141.000000 0.868457 -1.569158 0.010195
 141.200000 0.958457 -1.584716 3.777046
 141.400000 0.895043 -1.502630 2.573688
 141.600000 0.888557 -1.572919 0.128543
 141.800000 0.952058 -1.503556 5.412234
 142.000000 0.910429 -1.559527 0.776583
 142.200000 0.911444 -1.457153 7.209359
 142.400000 0.907964 -1.532475 1.357296
 142.600000 0.915445 -1.518074 2.304894
 142.800000 0.858553 -1.457003 6.573982
 143.000000 0.924697 -1.573768 1.358111
 143.200000 0.934828 -1.609378 2.676427
 143.400000 0.815610 -1.512286 3.339313
 143.600000 0.890478 -1.552132 0.332836
 143.800000 0.963385 -1.552385 4.284605
 144.000000 0.853444 -1.540544 0.642328
 144.200000 0.856807 -1.585772 0.237877
 144.400000 0.906059 -1.612933 1.445342
 144.600000 0.866881 -1.575571 0.028124
 144.800000 0.849918 -1.585231 0.362875
 145.000000 0.855064 -1.598741 0.545351
 145.200000 0.910801 -1.480615 4.793539
 145.400000 0.872501 -1.571673 0.000398
 145.600000 0.892520 -1.654204 3.675554
 145.800000 0.852982 -1.497051 2.912871
 146.000000 0.829486 -1.524734 1.993047
 146.200000 0.929714 -1.574162 1.633000
 146.400000 0.885946 -1.506468 2.157276
 146.600000 0.845683 -1.563004 0.394356
 146.800000 0.911093 -1.580400 0.784477
 147.000000 0.919163 -1.576034 1.094743
 147.200000 0.897723 -1.490882 3.507098
 147.400000 0.853527 -1.638574 2.480026
 147.600000 0.905884 -1.593591 0.811566
 147.800000 0.839054 -1.544352 0.914501
 148.000000 0.868611 -1.552261 0.179993
 148.200000 0.914478 -1.588516 1.031159
 148.400000 0.842610 -1.548864 0.692149
 148.600000 0.904070 -1.625978 2.015628
 148.800000 0.885648 -1.661777 4.223052
 149.000000 0.824934 -1.549260 1.371003
 149.200000 0.867147 -1.554828 0.142725
 149.400000 0.873341 -1.554049 0.140461
 149.600000 0.875294 -1.503617 2.259968
 149.800000 0.868912 -1.616054 1.031152
 150.000000 0.914578 -1.639594 3.244936
 150.200000 0.880430 -1.593128 0.279493
 150.400000 0.877524 -1.548209 0.266908
 150.600000 0.860541 -1.569137 0.074868
 150.800000 0.877206 -1.591751 0.229857
 151.000000 0.877173 -1.609223 0.748457
 151.200000 0.909666 -1.530430 1.499252
 151.400000 0.888682 -1.584148 0.217411
 151.600000 0.887673 -1.548814 0.354250
 151.800000 0.884546 -1.585871 0.184210
 152.000000 0.847339 -1.581152 0.374319
 152.200000 0.935558 -1.577203 1.998322
 152.400000 0.835280 -1.518183 2.082866
 152.600000 0.823094 -1.581627 1.287275
 152.800000 0.900783 -1.550355 0.604246
 153.000000 0.855105 -1.578165 0.181326
 153.200000 0.873142 -1.520575 1.261182
 153.400000 0.907792 -1.576061 0.630814
 153.600000 0.901809 -1.573895 0.429508
 153.800000 0.881601 -1.610983 0.847394
 154.000000 0.827476 -1.619866 2.224939
 154.200000 0.864100 -1.492366 3.112354
 154.400000 0.876368 -1.601625 0.482050
 154.600000 0.917318 -1.565336 1.011866
 154.800000 0.853914 -1.573005 0.178230
 155.000000 0.924955 -1.484179 5.118372
 155.200000 0.884475 -1.532149 0.816539
 155.400000 0.860338 -1.512134 1.796594
 155.600000 0.911129 -1.530431 1.554413
 155.800000 0.940078 -1.580490 2.319289
 156.000000 0.846989 -1.542018 0.743732
 156.200000 0.891093 -1.543580 0.540172
 156.400000 0.852334 -1.603668 0.746932
 156.600000 0.903882 -1.535325 1.116370
 156.800000 0.801422 -1.556669 2.637561
 157.000000 0.902066 -1.536630 1.015877
 157.200000 0.887285 -1.498144 2.746040
 157.400000 0.844826 -1.619614 1.579056
 157.600000 0.948091 -1.557946 2.927161
 157.800000 0.902287 -1.580322 0.484110
 158.000000 0.905906 -1.554444 0.686193
 158.200000 0.914920 -1.577901 0.918013
 158.400000 0.918556 -1.597447 1.408139
 158.600000 0.899104 -1.575193 0.359190
 158.800000 0.906133 -1.504991 2.725241
 159.000000 0.950958 -1.616175 4.094563
 159.200000 0.802125 -1.493527 5.473150
 159.400000 0.826464 -1.573512 1.070918
 159.600000 0.883088 -1.634299 2.070632
 159.800000 0.913943 -1.604049 1.404829
 160.000000 0.832514 -1.583290 0.884061
 160.200000 0.882407 -1.555225 0.168687
 160.400000 0.834590 -1.540701 1.177683
 160.600000 0.872082 -1.596136 0.321211
 160.800000 0.871425 -1.566727 0.009047
 161.000000 0.914741 -1.633196 2.832079
 161.200000 0.947279 -1.559636 2.845890
 161.400000 0.778357 -1.579389 4.483910
 161.600000 0.925488 -1.558688 1.468451
 161.800000 0.914158 -1.551425 1.048498
 162.000000 0.906112 -1.559115 0.627580
 162.200000 0.854590 -1.521004 1.402985
 162.400000 0.890744 -1.577157 0.183654
 162.600000 0.889649 -1.610284 0.923878
 162.800000 0.906009 -1.529590 1.404874
 163.000000 0.920354 -1.598433 1.519026
 163.200000 0.911446 -1.616647 1.803168
 163.400000 0.828845 -1.542718 1.354289
 163.600000 0.881455 -1.580770 0.088379
 163.800000 0.860225 -1.557737 0.162645
 164.000000 0.892415 -1.613830 1.120993
 164.200000 0.889995 -1.566747 0.158375
 164.400000 0.790188 -1.601121 3.860999
 164.600000 0.920740 -1.574101 1.161066
 164.800000 0.822101 -1.496772 4.018128
 165.000000 0.870691 -1.522175 1.183981
 165.200000 0.954546 -1.618635 4.496551
 165.400000 0.876471 -1.619595 1.197889
 165.600000 0.822758 -1.557910 1.328341
 165.800000 0.934059 -1.595168 2.181586
 166.000000 0.860665 -1.592887 0.315998
 166.200000 0.832853 -1.565800 0.804968
 166.400000 0.963518 -1.551209 4.318965
 166.600000 0.897535 -1.632157 2.191834
 166.800000 0.822394 -1.554473 1.396792
 167.000000 0.841942 -1.650436 3.643171
 167.200000 0.954072 -1.599248 3.718328
 167.400000 0.862092 -1.600494 0.496857
 167.600000 0.871015 -1.522818 1.152344
 167.800000 0.832980 -1.504302 2.998197
 168.000000 0.792498 -1.626827 4.783038
 168.200000 0.955671 -1.549993 3.661458
 168.400000 0.833517 -1.611811 1.607385
 168.600000 0.912014 -1.545048 1.105679
 168.800000 0.890848 -1.590624 0.361892
 169.000000 0.913777 -1.567697 0.849917
 169.200000 0.906925 -1.606390 1.220339
 169.400000 0.850456 -1.525732 1.261986
 169.600000 0.934518 -1.539641 2.398262
 169.800000 0.874777 -1.573935 0.007158
 170.000000 0.834086 -1.447419 8.355126
 170.200000 0.883103 -1.554006 0.195435
 170.400000 0.873586 -1.574712 0.008090
 170.600000 0.873651 -1.545949 0.309174
 170.800000 0.880959 -1.603120 0.556802
 171.000000 0.941138 -1.515045 3.898405
 171.200000 0.860714 -1.606297 0.701539
 171.400000 0.846570 -1.550732 0.541764
 171.600000 0.957327 -1.568551 3.586351
 171.800000 0.936356 -1.620101 3.243812
 172.000000 0.882319 -1.499086 2.617808
 172.200000 0.913943 -1.571091 0.851986
 172.400000 0.893634 -1.560004 0.278092
 172.600000 0.900677 -1.487712 3.843837
 172.800000 0.920248 -1.585844 1.245293
 173.000000 0.906239 -1.525961 1.568724
 173.200000 0.820683 -1.544524 1.696133
 173.400000 0.948814 -1.483985 6.667500
 173.600000 0.872673 -1.604907 0.581769
 173.800000 0.911041 -1.488044 4.160373
 174.000000 0.864044 -1.560388 0.091326
 174.200000 0.916166 -1.494530 3.854496
 174.400000 0.861477 -1.551247 0.253658
 174.600000 0.893665 -1.534285 0.887039
 174.800000 0.950549 -1.489322 6.352007
 175.000000 0.911277 -1.552452 0.913707
 175.200000 0.850245 -1.499673 2.780581
 175.400000 0.879843 -1.573269 0.028824
 175.600000 0.856637 -1.507718 2.117845
 175.800000 0.892801 -1.569887 0.203158
 176.000000 0.913538 -1.472094 5.706402
 176.200000 0.905650 -1.586228 0.663075
 176.400000 0.913022 -1.515367 2.350543
 176.600000 0.843837 -1.562066 0.453639
 176.800000 0.989395 -1.554697 6.942579
 177.000000 0.871229 -1.505295 2.146247
 177.200000 0.876558 -1.562312 0.043570
 177.400000 0.977618 -1.558418 5.584230
 177.600000 0.916370 -1.556742 1.053848
 177.800000 0.731650 -1.513626 11.576813
 178.000000 0.992179 -1.539190 7.641280
 178.200000 0.985253 -1.551876 6.517011
 178.400000 0.843526 -1.430417 10.277744
 178.600000 0.907233 -1.563585 0.623500
 178.800000 0.943669 -1.555324 2.640503
 179.000000 0.869768 -1.521094 1.239346
 179.200000 0.904617 -1.545607 0.827734
 179.400000 0.906670 -1.493591 3.558523
 179.600000 0.857738 -1.427044 10.443788
 179.800000 0.872752 -1.474232 4.662353
 180.000000 0.894716 -1.566670 0.251640
 180.200000 0.954381 -1.567410 3.344512
 180.400000 0.878212 -1.560222 0.071294
 180.600000 0.877478 -1.514080 1.619979
 180.800000 0.888833 -1.551131 0.324069
 181.000000 0.952912 -1.554265 3.356477
 181.200000 0.777955 -1.519486 5.801356
 181.400000 0.884669 -1.609467 0.819760
 181.600000 0.875140 -1.577699 0.026886
 181.800000 0.785743 -1.495456 6.615749
 182.000000 0.896744 -1.588812 0.452185
 182.200000 0.949780 -1.582601 3.043065
 182.400000 0.844785 -1.481246 4.398305
 182.600000 0.856429 -1.574669 0.139288
 182.800000 0.967885 -1.576458 4.549533
 183.000000 0.840750 -1.536360 1.102198
 183.200000 0.876198 -1.613119 0.901862
 183.400000 0.893785 -1.598007 0.593254
 183.600000 0.834085 -1.547576 1.013781
 183.800000 0.884495 -1.598312 0.448524
 184.000000 0.943415 -1.602865 3.017021
 184.200000 0.796422 -1.492825 5.946215
 184.400000 0.948048 -1.592804 3.083457
 184.600000 0.904388 -1.572747 0.505074
 184.800000 0.802386 -1.541007 2.913219
 185.000000 0.937134 -1.599486 2.489737
 185.200000 0.856512 -1.647220 3.050733
 185.400000 0.776116 -1.529834 5.499812
 185.600000 0.849045 -1.570347 0.279054
 185.800000 0.911857 -1.595306 1.068390
 186.000000 0.861573 -1.507681 2.053260
 186.200000 0.929330 -1.560980 1.653668
 186.400000 0.933310 -1.615570 2.841287
 186.600000 0.800015 -1.543634 3.007861
 186.800000 0.901937 -1.588445 0.584169
 187.000000 0.860135 -1.634445 2.104105
 187.200000 0.899535 -1.615948 1.380357
 187.400000 0.857251 -1.632075 1.996340
 187.600000 0.830738 -1.581595 0.937235
 187.800000 0.902415 -1.635211 2.517193
 188.000000 0.886377 -1.578486 0.123573
 188.200000 0.871069 -1.479940 4.128738
 188.400000 0.944299 -1.583202 2.642670
 188.600000 0.831570 -1.543134 1.227004
 188.800000 0.736976 -1.599695 9.623208
 189.000000 0.855378 -1.648451 3.164539
 189.200000 0.898958 -1.620599 1.585811
 189.400000 0.771639 -1.600578 5.546606
 189.600000 0.880219 -1.562801 0.060494
 189.800000 0.920071 -1.681352 7.235003
 190.000000 0.908608 -1.530685 1.450426
 190.200000 0.926331 -1.563073 1.469858
 190.400000 0.881349 -1.665457 4.518014
 190.600000 0.804071 -1.480523 6.427130
 190.800000 0.919091 -1.656038 4.710760
 191.000000 0.915190 -1.648101 3.892197
 191.200000 0.753789 -1.574968 7.074438
 191.400000 0.831078 -1.640686 3.306974
 191.600000 0.909536 -1.690147 7.802108
 191.800000 0.829260 -1.557774 1.026758
 192.000000 0.857846 -1.517281 1.541748
 192.200000 0.940749 -1.608218 3.017912
 192.400000 0.844230 -1.561045 0.451814
 192.600000 0.792362 -1.545354 3.547887
 192.800000 0.886970 -1.586599 0.227186
 193.000000 0.894404 -1.657870 4.027207
 193.200000 0.839074 -1.523196 1.697062
 193.400000 0.849973 -1.554577 0.388998
 193.600000 0.993792 -1.616457 8.378434
 193.800000 0.851392 -1.576209 0.240913
 194.000000 0.821923 -1.473870 5.984659
 194.200000 0.938134 -1.579840 2.183986
 194.400000 0.929719 -1.552408 1.796648
 194.600000 0.822747 -1.540667 1.699773
 194.800000 0.895030 -1.583353 0.328928
 195.000000 0.928105 -1.603880 2.084089
 195.200000 0.849600 -1.561772 0.306702
 195.400000 0.864351 -1.542257 0.441803
 195.600000 0.882666 -1.569424 0.050955
 195.800000 0.862926 -1.585702 0.158515
 196.000000 0.861492 -1.546532 0.356804
 196.200000 0.882811 -1.576165 0.065884
 196.400000 0.894249 -1.654597 3.744238
 196.600000 0.819826 -1.535728 2.010838
 196.800000 0.889113 -1.578129 0.162162
 197.000000 0.923228 -1.578034 1.304525
 197.200000 0.879083 -1.596656 0.354961
 197.400000 0.859455 -1.499998 2.593457
 197.600000 0.912732 -1.623425 2.187598
 197.800000 0.940166 -1.571819 2.278722
 198.000000 0.798298 -1.527287 3.711705
 198.200000 0.852181 -1.585864 0.323307
 198.400000 0.986684 -1.513881 8.119843
 198.600000 0.889957 -1.602944 0.666271
 198.800000 0.940589 -1.490148 5.558882
 199.000000 0.924079 -1.524002 2.416609
 199.200000 0.895472 -1.521438 1.478235
 199.400000 0.947350 -1.607634 3.467433
 199.600000 0.928655 -1.579105 1.602001
 199.800000 0.885369 -1.469633 5.197686
 200.000000 0.875566 -1.517965 1.399794
