#! FIELDS time phi psi restraint.bias
#! SET min_phi -pi
#! SET max_phi pi
#! SET min_psi -pi
#! SET max_psi pi
 0.000000 3.057099 -0.242682 9.712306
 0.200000 2.999373 -0.260636 4.431966
 0.400000 2.926981 -0.339661 0.847359
 0.600000 2.893136 -0.320740 3.133511
 0.800000 3.011151 -0.301562 2.100327
 1.000000 3.033898 -0.373316 2.527728
 1.200000 2.989943 -0.386800 0.973768
 1.400000 3.009545 -0.402535 2.331985
 1.600000 3.043797 -0.372256 3.213178
 1.800000 3.025164 -0.432600 5.176983
 2.000000 3.040763 -0.384449 3.342081
 2.200000 2.993898 -0.442631 4.737364
 2.400000 3.041457 -0.389198 3.572742
 2.600000 2.960145 -0.361336 0.099183
 2.800000 3.010725 -0.321765 1.325997
 3.000000 3.019806 -0.346674 1.393961
 3.200000 3.048145 -0.363024 3.384839
 3.400000 3.013993 -0.375289 1.445208
 3.600000 3.054762 -0.435678 7.596670
 3.800000 3.057456 -0.368797 4.280445
 4.000000 3.017974 -0.409824 3.141884
 4.200000 3.039510 -0.377675 3.033784
 4.400000 2.978127 -0.405170 1.635058
 4.600000 3.015894 -0.298226 2.484735
 4.800000 2.925280 -0.297415 2.206649
 5.000000 2.868168 -0.321969 5.256938
 5.200000 3.004749 -0.289972 2.456286
 5.400000 2.952404 -0.343633 0.122163
 5.600000 2.959822 -0.363142 0.125259
 5.800000 3.016097 -0.403395 2.678187
 6.000000 3.046291 -0.431046 6.499178
 6.200000 2.944762 -0.424844 3.119763
 6.400000 2.981161 -0.405733 1.705027
 6.600000 3.074852 -0.355875 5.832744
 6.800000 3.066349 -0.399956 6.224085
 7.000000 3.020831 -0.381719 1.978777
 7.200000 3.021007 -0.314384 2.056579
 7.400000 3.015125 -0.350405 1.156027
 7.600000 3.001580 -0.312381 1.268717
 7.800000 3.072176 -0.305201 6.486774
 8.000000 3.049147 -0.300874 4.530425
 8.200000 3.006797 -0.318712 1.250196
 8.400000 3.111488 -0.318292 10.903253
 8.600000 3.021113 -0.293100 3.026929
 8.800000 2.984620 -0.382641 0.717818
 9.000000 3.024042 -0.327356 1.859174
 9.200000 3.062240 -0.359120 4.580207
 9.400000 2.994823 -0.299873 1.595363
 9.600000 3.063148 -0.306875 5.506485
 9.800000 3.013964 -0.281186 3.403836
 10.000000 2.980386 -0.330230 0.266197
 10.200000 2.900998 -0.355014 2.199749
 10.400000 2.947552 -0.360924 0.260573
 10.600000 2.999333 -0.334568 0.625879
 10.800000 2.957440 -0.399309 1.308460
 11.000000 3.021557 -0.419856 3.990582
 11.200000 2.986198 -0.359150 0.233992
 11.400000 2.934916 -0.365462 0.651037
 11.600000 3.084740 -0.336277 7.006107
 11.800000 3.018894 -0.349340 1.343418
 12.000000 2.982776 -0.313023 0.773036
 12.200000 3.031060 -0.268609 5.284693
 12.400000 2.996860 -0.314480 1.042120
 12.600000 3.106279 -0.328247 9.907709
 12.800000 3.044983 -0.381102 3.549136
 13.000000 3.011907 -0.397230 2.165530
 13.200000 3.014401 -0.371549 1.373350
 13.400000 2.910255 -0.341699 1.640528
 13.600000 3.076965 -0.266330 9.462166
 13.800000 2.939315 -0.319913 0.809825
 14.000000 3.047743 -0.365643 3.392259
 14.200000 2.983312 -0.413141 2.184906
 14.400000 3.005196 -0.448378 5.658632
 14.600000 3.083041 -0.429621 9.970398
 14.800000 3.012987 -0.420587 3.612246
 15.000000 3.018681 -0.264114 4.940815
 15.200000 2.942801 -0.341931 0.319682
 15.400000 3.018086 -0.221492 9.439374
 15.600000 3.040825 -0.300456 3.902117
 15.800000 3.033238 -0.335469 2.282204
 16.000000 2.949212 -0.420017 2.676343
 16.200000 3.041663 -0.310261 3.535718
 16.400000 2.920852 -0.339337 1.114917
 16.600000 3.014270 -0.391841 2.029259
 16.800000 2.943864 -0.402415 1.692072
 17.000000 3.030199 -0.395782 3.084483
 17.200000 3.067192 -0.373524 5.312297
 17.400000 2.928461 -0.455824 6.443616
 17.600000 3.051052 -0.380428 4.019180
 17.800000 3.028547 -0.401645 3.272634
 18.000000 3.048102 -0.316590 3.811310
 18.200000 2.987669 -0.348814 0.212396
 18.400000 2.921824 -0.271604 4.023290
 18.600000 3.037296 -0.350327 2.467393
 18.800000 3.011214 -0.366931 1.134401
 19.000000 2.984237 -0.395380 1.220019
 19.200000 3.003865 -0.335669 0.767049
 19.400000 3.014257 -0.419762 3.612797
 19.600000 2.985254 -0.364982 0.292165
 19.800000 3.001012 -0.373456 0.873820
 20.000000 3.012616 -0.353918 1.049437
 20.200000 3.006192 -0.373901 1.074061
 20.400000 3.071361 -0.311373 6.149773
 20.600000 3.056819 -0.378585 4.464033
 20.800000 3.051366 -0.442920 7.958080
 21.000000 3.094267 -0.333429 8.213104
 21.200000 3.000006 -0.437631 4.464642
 21.400000 2.992328 -0.344945 0.327732
 21.600000 2.946312 -0.339510 0.260893
 21.800000 3.014227 -0.357401 1.147118
 22.000000 2.950930 -0.389462 0.945990
 22.200000 2.938773 -0.352375 0.405537
 22.400000 2.981062 -0.314904 0.681564
 22.600000 2.975464 -0.277037 2.629414
 22.800000 2.993957 -0.395119 1.422156
 23.000000 2.978411 -0.428882 3.249710
 23.200000 3.138198 -0.363728 14.751601
 23.400000 2.952640 -0.387854 0.856244
 23.600000 3.096152 -0.416011 10.573180
 23.800000 3.053672 -0.432841 7.260021
 24.000000 3.011893 -0.480816 9.684115
 24.200000 3.088721 -0.406257 9.036129
 24.400000 3.034456 -0.378240 2.696684
 24.600000 2.982543 -0.390755 0.988872
 24.800000 2.987147 -0.352232 0.206764
 25.000000 3.061058 -0.407746 6.139564
 25.200000 2.969292 -0.374910 0.336442
 25.400000 2.953478 -0.241841 5.840853
 25.600000 3.045451 -0.305720 4.012040
 25.800000 3.002011 -0.347079 0.612757
 26.000000 3.057980 -0.390490 4.991163
 26.200000 3.029174 -0.329624 2.118114
 26.400000 3.014488 -0.289060 2.925091
 26.600000 3.012550 -0.389164 1.838611
 26.800000 3.109669 -0.423458 12.935854
 27.000000 3.057899 -0.412804 6.157147
 27.200000 3.039360 -0.348784 2.613674
 27.400000 3.015533 -0.296620 2.550108
 27.600000 3.014401 -0.394791 2.165996
 27.800000 3.099392 -0.297604 10.080137
 28.000000 3.042318 -0.337973 2.893434
 28.200000 3.020194 -0.331890 1.559147
 28.400000 3.047185 -0.400629 4.539439
 28.600000 3.082494 -0.390976 7.540720
 28.800000 3.066581 -0.404452 6.486052
 29.000000 3.072243 -0.349217 5.531808
 29.200000 3.018693 -0.378158 1.756163
 29.400000 2.951978 -0.369197 0.316348
 29.600000 3.041746 -0.405661 4.390503
 29.800000 3.020430 -0.299953 2.630193
 30.000000 2.989236 -0.347597 0.246975
 30.200000 3.003307 -0.356292 0.683026
 30.400000 2.996209 -0.438972 4.466357
 30.600000 3.123407 -0.277539 14.780241
 30.800000 3.096123 -0.329524 8.519544
 31.000000 3.084220 -0.285592 8.877770
 31.200000 3.104404 -0.364017 9.543495
 31.400000 3.071603 -0.308221 6.298804
 31.600000 3.083302 -0.416061 9.000325
 31.800000 3.060738 -0.354099 4.400495
 32.000000 3.079130 -0.375686 6.634183
 32.200000 3.069585 -0.332789 5.388150
 32.400000 3.011587 -0.362640 1.083448
 32.600000 3.016932 -0.283272 3.408048
 32.800000 2.997313 -0.309980 1.221503
 33.000000 3.045391 -0.303863 4.089549
 33.200000 3.003528 -0.429017 3.861088
 33.400000 3.030740 -0.372699 2.306856
 33.600000 3.041100 -0.379860 3.215108
 33.800000 2.934311 -0.306186 1.455579
 34.000000 3.011564 -0.385556 1.656050
 34.200000 3.003596 -0.371164 0.911628
 34.400000 3.016066 -0.421506 3.824576
 34.600000 2.967828 -0.366239 0.147759
 34.800000 3.020284 -0.495785 12.179668
 35.000000 3.021551 -0.464096 8.100661
 35.200000 2.913310 -0.488530 11.169550
 35.400000 3.008537 -0.406700 2.521032
 35.600000 3.010138 -0.481713 9.725551
 35.800000 2.978155 -0.326857 0.308159
 36.000000 2.985360 -0.343415 0.183420
 36.200000 3.000391 -0.315280 1.126238
 36.400000 3.041201 -0.335674 2.838102
 36.600000 3.009161 -0.282099 3.128515
 36.800000 3.070242 -0.245433 10.693151
 37.000000 2.975969 -0.295819 1.457282
 37.200000 3.039817 -0.388219 3.413322
 37.400000 3.055343 -0.388877 4.689405
 37.600000 3.026229 -0.411830 3.720166
 37.800000 3.014358 -0.335485 1.210788
 38.000000 2.996441 -0.441164 4.672685
 38.200000 2.946048 -0.357720 0.258186
 38.400000 2.995248 -0.440269 4.556310
 38.600000 3.002526 -0.384585 1.259725
 38.800000 2.985600 -0.434279 3.802505
 39.000000 3.007567 -0.458106 6.765334
 39.200000 2.937031 -0.441298 4.704280
 39.400000 3.025192 -0.378222 2.114717
 39.600000 3.062277 -0.322724 4.880109
 39.800000 2.996054 -0.401090 1.773589
 40.000000 2.986722 -0.362408 0.282321
 40.200000 2.982239 -0.332338 0.255116
 40.400000 2.987173 -0.360268 0.265023
 40.600000 3.058273 -0.412696 6.184321
 40.800000 2.997340 -0.396557 1.586136
 41.000000 2.998293 -0.363340 0.589628
 41.200000 3.003152 -0.350635 0.652546
 41.400000 3.000317 -0.426614 3.559854
 41.600000 3.056458 -0.398969 5.241151
 41.800000 2.953101 -0.363658 0.203875
 42.000000 2.971690 -0.395686 1.097436
 42.200000 3.002125 -0.394592 1.651102
 42.400000 3.007589 -0.394982 1.875462
 42.600000 3.017717 -0.353318 1.292104
 42.800000 2.980452 -0.431052 3.450520
 43.000000 2.933004 -0.292531 2.177999
 43.200000 3.036110 -0.342309 2.406788
 43.400000 3.028861 -0.310036 2.671370
 43.600000 3.043433 -0.383027 3.493106
 43.800000 3.017433 -0.337333 1.337576
 44.000000 2.951541 -0.325050 0.408793
 44.200000 3.003557 -0.268312 3.926585
 44.400000 3.016454 -0.332975 1.349351
 44.600000 3.067027 -0.362071 5.081336
 44.800000 3.052714 -0.271725 6.659067
 45.000000 3.002704 -0.317161 1.144209
 45.200000 3.014809 -0.294674 2.619238
 45.400000 2.977420 -0.459986 6.205330
 45.600000 3.072499 -0.365686 5.696789
 45.800000 2.997281 -0.324272 0.764018
 46.000000 3.001900 -0.355209 0.625800
 46.200000 2.985261 -0.347936 0.166276
 46.400000 2.940147 -0.345826 0.367398
 46.600000 3.013552 -0.380279 1.567897
 46.800000 2.953362 -0.501615 11.729399
 47.000000 3.027914 -0.321212 2.239525
 47.200000 3.041141 -0.395828 3.837391
 47.400000 3.027227 -0.302247 2.906079
 47.600000 3.101610 -0.390582 9.913676
 47.800000 2.978953 -0.352306 0.075975
 48.000000 2.986478 -0.392161 1.117124
 48.200000 2.960144 -0.351871 0.027849
 48.400000 2.985158 -0.416341 2.426757
 48.600000 2.978291 -0.376486 0.438991
 48.800000 3.069540 -0.379406 5.711315
 49.000000 3.001691 -0.297425 1.933046
 49.200000 2.979684 -0.430336 3.382088
 49.400000 3.054165 -0.303645 4.825172
 49.600000 3.112160 -0.359288 10.579268
 49.800000 3.060037 -0.262830 8.040712
 50.000000 2.997705 -0.326048 0.734470
 50.200000 3.052919 -0.297567 5.011952
 50.400000 3.035728 -0.352315 2.362973
 50.600000 3.038308 -0.365494 2.673075
 50.800000 3.004298 -0.390802 1.564296
 51.000000 2.992805 -0.360599 0.397927
 51.200000 2.923760 -0.436979 4.801738
 51.400000 3.061551 -0.355899 4.487683
 51.600000 3.076145 -0.336482 6.028960
 51.800000 3.016852 -0.399155 2.494095
 52.000000 3.025836 -0.450673 6.889395
 52.200000 3.007003 -0.388760 1.585546
 52.400000 3.007761 -0.362782 0.922355
 52.600000 3.062048 -0.284055 6.624590
 52.800000 3.066699 -0.282355 7.189128
 53.000000 2.958814 -0.278195 2.545334
 53.200000 2.963406 -0.412637 2.027295
 53.400000 3.013334 -0.342737 1.090678
 53.600000 3.025121 -0.421796 4.330404
 53.800000 2.972205 -0.307319 0.884655
 54.000000 2.967113 -0.379042 0.449282
 54.200000 3.050114 -0.344591 3.459022
 54.400000 3.045963 -0.409167 4.918943
 54.600000 3.065101 -0.338972 4.856957
 54.800000 3.084972 -0.385974 7.632829
 55.000000 3.085189 -0.276620 9.601484
 55.200000 3.034035 -0.459243 8.312389
 55.400000 3.013928 -0.436907 4.956322
 55.600000 3.029553 -0.420944 4.535951
 55.800000 2.979162 -0.284516 2.156578
 56.000000 2.954349 -0.363880 0.190515
 56.200000 2.999142 -0.347997 0.515202
 56.400000 3.046445 -0.369205 3.353789
 56.600000 3.021056 -0.354664 1.473464
 56.800000 2.973720 -0.382762 0.589900
 57.000000 2.987161 -0.338638 0.256387
 57.200000 2.999102 -0.338571 0.568426
 57.400000 3.081817 -0.322456 6.938695
 57.600000 2.973209 -0.352614 0.025204
 57.800000 3.014488 -0.360824 1.193833
 58.000000 3.007963 -0.322408 1.191865
 58.200000 3.012078 -0.420641 3.574854
 58.400000 2.977310 -0.342982 0.071046
 58.600000 3.061316 -0.371791 4.700326
 58.800000 3.087905 -0.401407 8.671553
 59.000000 2.988185 -0.389005 1.020703
 59.200000 3.042803 -0.301372 4.005920
 59.400000 2.996846 -0.337260 0.513317
 59.600000 3.007838 -0.382489 1.389960
 59.800000 3.054703 -0.351252 3.843086
 60.000000 3.014461 -0.405020 2.688851
 60.200000 3.039658 -0.439129 6.690995
 60.400000 2.916797 -0.433912 4.862586
 60.600000 3.041595 -0.386227 3.468272
 60.800000 2.950036 -0.344985 0.153231
 61.000000 3.061829 -0.427724 7.584234
 61.200000 2.962275 -0.435964 3.787052
 61.400000 3.010960 -0.354179 0.976671
 61.600000 3.017025 -0.387483 1.986210
 61.800000 3.001543 -0.375019 0.931330
 62.000000 2.955111 -0.318135 0.549760
 62.200000 3.013088 -0.337367 1.127738
 62.400000 3.045656 -0.304366 4.087707
 62.600000 3.036928 -0.291460 4.100009
 62.800000 3.028187 -0.311514 2.573333
 63.000000 3.069064 -0.360615 5.269087
 63.200000 2.968757 -0.381659 0.532612
 63.400000 3.047547 -0.352985 3.246794
 63.600000 3.029482 -0.335390 2.041780
 63.800000 3.022370 -0.309998 2.292744
 64.000000 3.036601 -0.342410 2.440177
 64.200000 3.067096 -0.355988 5.027573
 64.400000 3.050208 -0.376936 3.845173
 64.600000 3.020448 -0.345668 1.430914
 64.800000 3.065455 -0.330333 5.016296
 65.000000 3.051731 -0.346817 3.587129
 65.200000 2.958814 -0.328294 0.249726
 65.400000 2.995790 -0.323548 0.738289
 65.600000 2.991167 -0.329768 0.476793
 65.800000 3.020090 -0.360901 1.476133
 66.000000 2.997487 -0.362537 0.553642
 66.200000 3.018152 -0.380306 1.793217
 66.400000 3.047638 -0.394091 4.260070
 66.600000 2.967617 -0.395331 1.070392
 66.800000 3.115887 -0.292440 12.677986
 67.000000 2.995287 -0.363944 0.509081
 67.200000 3.028917 -0.332682 2.047398
 67.400000 3.017436 -0.373725 1.572944
 67.600000 3.047668 -0.306388 4.159543
 67.800000 3.018667 -0.338181 1.390873
 68.000000 3.078817 -0.292156 7.864205
 68.200000 3.040929 -0.379358 3.187135
 68.400000 3.035039 -0.346412 2.314120
 68.600000 3.006211 -0.378159 1.189625
 68.800000 3.089335 -0.326992 7.719243
 69.000000 -3.101798 -0.383127 23.548248
 69.200000 3.020265 -0.393979 2.423977
 69.400000 3.071016 -0.397043 6.554372
 69.600000 3.049318 -0.362679 3.475861
 69.800000 3.086658 -0.313449 7.786181
 70.000000 2.987545 -0.326095 0.473644
 70.200000 2.969095 -0.322723 0.349041
 70.400000 3.023045 -0.304163 2.575346
 70.600000 2.937694 -0.264162 4.035520
 70.800000 2.973881 -0.300148 1.219717
 71.000000 3.013994 -0.388563 1.881415
 71.200000 3.003489 -0.344750 0.672860
 71.400000 2.993904 -0.334902 0.460612
 71.600000 3.034898 -0.293264 3.857890
 71.800000 2.998037 -0.350706 0.481156
 72.000000 3.038105 -0.393008 3.489153
 72.200000 3.001835 -0.340467 0.641619
 72.400000 2.998564 -0.435613 4.241491
 72.600000 3.056976 -0.388533 4.821350
 72.800000 3.072844 -0.436100 9.382630
 73.000000 3.019276 -0.300023 2.565847
 73.200000 2.953678 -0.374161 0.404427
 73.400000 2.981253 -0.317257 0.606638
 73.600000 2.942576 -0.399586 1.575876
 73.800000 2.985876 -0.334465 0.283620
 74.000000 2.916701 -0.316574 1.795895
 74.200000 2.993007 -0.287602 2.225524
 74.400000 2.951621 -0.359929 0.178186
 74.600000 2.998178 -0.355774 0.506681
 74.800000 2.932897 -0.405559 2.179291
 75.000000 3.020547 -0.300869 2.591907
 75.200000 2.945102 -0.246620 5.488640
 75.400000 2.943357 -0.334047 0.393686
 75.600000 3.079996 -0.330401 6.551434
 75.800000 3.011366 -0.351482 0.984438
 76.000000 2.999970 -0.354097 0.554200
 76.200000 3.022082 -0.453974 7.016588
 76.400000 3.015426 -0.510039 14.125764
 76.600000 3.075997 -0.380016 6.412595
 76.800000 2.946944 -0.381847 0.739633
 77.000000 2.992318 -0.361929 0.401721
 77.200000 2.969084 -0.347210 0.003770
 77.400000 3.015486 -0.343542 1.187789
 77.600000 2.909910 -0.428695 4.803436
 77.800000 2.998631 -0.332990 0.627586
 78.000000 3.027325 -0.370919 2.054708
 78.200000 2.965341 -0.413816 2.097736
 78.400000 3.123168 -0.345519 12.191109
 78.600000 2.945218 -0.404233 1.760204
 78.800000 3.079135 -0.315945 6.828905
 79.000000 3.020587 -0.348054 1.433121
 79.200000 3.014027 -0.285128 3.146965
 79.400000 3.047796 -0.282341 5.485230
 79.600000 3.048505 -0.453953 8.817289
 79.800000 3.006499 -0.455453 6.436894
 80.000000 2.995325 -0.428368 3.543863
 80.200000 2.969918 -0.469562 7.263772
 80.400000 3.010085 -0.417288 3.252724
 80.600000 2.975064 -0.371645 0.286944
 80.800000 2.971638 -0.454898 5.610690
 81.000000 3.027612 -0.364714 1.955726
 81.200000 2.993488 -0.396995 1.497813
 81.400000 2.981366 -0.305635 1.045440
 81.600000 3.045600 -0.302937 4.148198
 81.800000 2.992735 -0.403999 1.838451
 82.000000 3.021271 -0.402208 2.881454
 82.200000 2.963134 -0.408298 1.761910
 82.400000 3.049021 -0.419643 5.849414
 82.600000 3.009764 -0.396874 2.054647
 82.800000 3.025978 -0.311452 2.443089
 83.000000 2.883837 -0.400547 4.788183
 83.200000 2.931928 -0.372200 0.884720
 83.400000 2.934851 -0.387219 1.246534
 83.600000 3.049451 -0.313153 4.039015
 83.800000 3.014298 -0.328403 1.329219
 84.000000 2.989760 -0.372415 0.530256
 84.200000 2.895159 -0.401832 3.976988
 84.400000 2.974170 -0.404118 1.540651
 84.600000 3.035273 -0.383375 2.915120
 84.800000 3.073285 -0.343899 5.655203
 85.000000 2.990175 -0.371544 0.519803
 85.200000 3.033737 -0.301326 3.362499
 85.400000 3.077488 -0.343011 6.115556
 85.600000 3.075703 -0.372950 6.186905
 85.800000 3.068911 -0.387248 5.915785
 86.000000 3.025471 -0.406547 3.358019
 86.200000 3.019829 -0.353832 1.403678
 86.400000 2.985130 -0.335699 0.252609
 86.600000 2.986528 -0.354409 0.203789
 86.800000 2.918078 -0.395774 2.290452
 87.000000 3.000847 -0.425000 3.453749
 87.200000 3.032500 -0.441678 6.429687
 87.400000 2.904522 -0.324472 2.257936
 87.600000 3.051303 -0.380964 4.057222
 87.800000 2.995096 -0.401753 1.780984
 88.000000 3.022555 -0.354538 1.554828
 88.200000 2.918271 -0.344265 1.201676
 88.400000 3.050997 -0.221809 11.619928
 88.600000 2.835217 -0.358329 8.734111
 88.800000 3.004696 -0.359670 0.764474
 89.000000 2.996222 -0.416339 2.688064
 89.200000 2.934425 -0.394707 1.574048
 89.400000 3.112084 -0.379555 10.980795
 89.600000 2.941880 -0.412848 2.351087
 89.800000 3.069763 -0.360559 5.340072
 90.000000 2.943704 -0.360983 0.343747
 90.200000 3.049946 -0.407705 5.154369
 90.400000 3.083190 -0.388197 7.508774
 90.600000 3.042833 -0.377330 3.270222
 90.800000 3.028025 -0.371463 2.109206
 91.000000 3.058443 -0.413864 6.274877
 91.200000 3.051110 -0.364936 3.658120
 91.400000 2.951697 -0.366416 0.268533
 91.600000 2.977056 -0.304765 1.031235
 91.800000 2.972960 -0.376671 0.398420
 92.000000 2.983736 -0.317149 0.648369
 92.200000 2.931560 -0.403287 2.100081
 92.400000 3.023080 -0.345668 1.574934
 92.600000 2.927012 -0.447342 5.631002
 92.800000 2.984004 -0.468807 7.312462
 93.000000 2.997321 -0.398174 1.663661
 93.200000 2.945694 -0.331156 0.388629
 93.400000 3.010182 -0.413011 2.974270
 93.600000 2.963617 -0.408352 1.763358
 93.800000 2.978060 -0.427254 3.117213
 94.000000 2.996204 -0.311469 1.131482
 94.200000 3.067312 -0.377709 5.435486
 94.400000 2.947829 -0.304187 1.191952
 94.600000 3.061431 -0.327266 4.690610
 94.800000 2.934885 -0.373833 0.824304
 95.000000 3.020313 -0.467762 8.462266
 95.200000 2.999800 -0.378491 0.968897
 95.400000 3.013119 -0.400886 2.403400
 95.600000 2.961332 -0.388594 0.797647
 95.800000 2.979261 -0.416659 2.358820
 96.000000 2.942580 -0.370417 0.527556
 96.200000 3.038344 -0.384673 3.174627
 96.400000 2.978179 -0.391900 0.979204
 96.600000 3.002249 -0.373156 0.909312
 96.800000 3.001713 -0.342424 0.622488
 97.000000 3.063151 -0.398436 5.835467
 97.200000 3.049258 -0.355800 3.400974
 97.400000 3.087264 -0.342779 7.244320
 97.600000 3.125184 -0.334173 12.612561
 97.800000 3.062426 -0.279695 6.953495
 98.000000 3.013391 -0.344188 1.085205
 98.200000 3.013461 -0.331163 1.236776
 98.400000 3.027930 -0.368319 2.037906
 98.600000 3.059813 -0.367241 4.466753
 98.800000 3.008924 -0.432773 4.379767
 99.000000 2.989652 -0.397388 1.422706
 99.200000 2.973100 -0.366595 0.171876
 99.400000 2.956899 -0.367709 0.225399
 99.600000 3.061426 -0.433441 8.012071
 99.800000 3.064933 -0.340308 4.827980
 100.000000 2.988538 -0.383673 0.829498
 100.200000 2.994542 -0.293925 1.897912
 100.400000 3.025689 -0.372618 1.996019
 100.600000 3.001927 -0.242949 6.238233
 100.800000 3.006825 -0.300063 1.991268
 101.000000 3.048990 -0.365201 3.486444
 101.200000 2.995831 -0.426592 3.419051
 101.400000 3.024995 -0.449155 6.687181
 101.600000 3.088991 -0.362654 7.525891
 101.800000 2.987486 -0.326917 0.453896
 102.000000 3.087696 -0.307477 8.141323
 102.200000 2.974068 -0.422810 2.743626
 102.400000 3.068117 -0.364375 5.223439
 102.600000 2.986616 -0.416377 2.456637
 102.800000 3.047351 -0.371107 3.466260
 103.000000 2.936481 -0.466506 7.363570
 103.200000 2.944704 -0.388304 1.019709
 103.400000 3.039684 -0.423345 5.395870
 103.600000 2.991868 -0.359701 0.364265
 103.800000 2.923841 -0.348408 0.934136
 104.000000 3.002433 -0.391958 1.545490
 104.200000 3.076300 -0.422763 8.682327
 104.400000 2.991816 -0.323197 0.641042
 104.600000 3.110959 -0.300323 11.541378
 104.800000 3.023025 -0.379298 2.023053
 105.000000 3.087233 -0.461167 13.504093
 105.200000 3.030726 -0.395802 3.118859
 105.400000 3.099291 -0.446742 13.512877
 105.600000 2.997736 -0.432348 3.938466
 105.800000 3.072423 -0.400406 6.868611
 106.000000 3.048573 -0.352166 3.327022
 106.200000 3.020625 -0.514406 15.103249
 106.400000 3.055231 -0.267709 7.196590
 106.600000 2.978018 -0.360631 0.126918
 106.800000 3.036249 -0.298475 3.673306
 107.000000 2.986363 -0.457071 6.018869
 107.200000 2.979729 -0.386763 0.790795
 107.400000 3.038091 -0.428970 5.715083
 107.600000 2.962819 -0.287800 1.885731
 107.800000 2.950204 -0.370652 0.375029
 108.000000 2.970657 -0.344567 0.016589
 108.200000 2.998913 -0.320690 0.909904
 108.400000 2.862750 -0.331993 5.586038
 108.600000 3.068803 -0.204383 15.642344
 108.800000 2.874015 -0.350133 4.329185
 109.000000 -3.111921 -0.358860 20.897738
 109.200000 3.015528 -0.457219 7.023118
 109.400000 3.019616 -0.449964 6.471323
 109.600000 3.112845 -0.385558 11.292506
 109.800000 2.993818 -0.342343 0.380608
 110.000000 3.086954 -0.237936 13.362270
 110.200000 3.062455 -0.315236 5.122354
 110.400000 3.123356 -0.330669 12.383402
 110.600000 2.946328 -0.405706 1.818966
 110.800000 -3.086469 -0.342342 26.393709
 111.000000 2.983194 -0.402235 1.543630
 111.200000 3.107329 -0.400210 11.145632
 111.400000 3.023660 -0.302169 2.701449
 111.600000 3.042982 -0.305593 3.827057
 111.800000 3.045148 -0.341194 3.079838
 112.000000 3.020467 -0.344762 1.435418
 112.200000 3.069297 -0.357006 5.257759
 112.400000 2.884130 -0.383152 4.019554
 112.600000 3.010676 -0.372734 1.231274
 112.800000 2.938620 -0.350111 0.404962
 113.000000 2.990369 -0.390465 1.128592
 113.200000 3.050527 -0.400547 4.808516
 113.400000 2.945624 -0.400871 1.571654
 113.600000 3.030814 -0.355520 2.053152
 113.800000 2.986867 -0.389735 1.023178
 114.000000 3.051244 -0.381732 4.077005
 114.200000 3.057551 -0.340994 4.126938
 114.400000 3.005020 -0.383250 1.304773
 114.600000 2.970000 -0.364836 0.128679
 114.800000 3.000620 -0.388260 1.331219
 115.000000 3.098529 -0.429763 11.898147
 115.200000 3.083624 -0.419182 9.251815
 115.400000 3.003394 -0.364393 0.777530
 115.600000 3.031997 -0.335202 2.204496
 115.800000 3.027882 -0.369461 2.057666
 116.000000 3.009354 -0.378726 1.334257
 116.200000 2.994478 -0.293253 1.933432
 116.400000 3.069820 -0.257859 9.439173
 116.600000 3.049812 -0.287849 5.297746
 116.800000 2.940404 -0.310717 1.090599
 117.000000 3.031621 -0.322388 2.439925
 117.200000 3.086448 -0.333213 7.252457
 117.400000 3.063052 -0.295677 6.032449
 117.600000 2.903119 -0.317075 2.555895
 117.800000 2.978943 -0.384931 0.713750
 118.000000 2.949772 -0.420862 2.726780
 118.200000 3.037706 -0.368598 2.686232
 118.400000 3.013950 -0.407754 2.821480
 118.600000 2.989513 -0.391748 1.162969
 118.800000 2.990019 -0.334097 0.375597
 119.000000 3.003312 -0.401762 2.045562
 119.200000 3.052681 -0.430776 7.003723
 119.400000 3.065721 -0.439913 8.993616
 119.600000 3.027560 -0.326924 2.075287
 119.800000 3.013108 -0.430691 4.391555
 120.000000 2.977442 -0.412747 2.081518
 120.200000 3.066485 -0.357387 4.977266
 120.400000 2.984717 -0.327105 0.397038
 120.600000 3.072035 -0.280975 7.828128
 120.800000 3.014263 -0.316151 1.655795
 121.000000 3.014484 -0.296925 2.483884
 121.200000 2.982475 -0.337214 0.189047
 121.400000 3.022415 -0.310947 2.258636
 121.600000 3.075811 -0.347486 5.914706
 121.800000 3.035736 -0.454188 7.883558
 122.000000 3.014540 -0.467897 8.187649
 122.200000 3.106027 -0.414687 11.809083
 122.400000 3.069821 -0.357048 5.311814
 122.600000 2.995129 -0.389415 1.207975
 122.800000 3.057266 -0.385859 4.745499
 123.000000 3.045603 -0.465556 9.869474
 123.200000 3.036327 -0.350527 2.400064
 123.400000 2.974444 -0.377198 0.422964
 123.600000 3.028550 -0.321370 2.274093
 123.800000 2.973430 -0.369955 0.238463
 124.000000 2.984644 -0.348429 0.154803
 124.200000 3.038515 -0.324093 2.864758
 124.400000 3.057160 -0.376340 4.431000
 124.600000 3.010498 -0.360532 1.009158
 124.800000 3.054009 -0.360473 3.845151
 125.000000 3.014486 -0.462916 7.605528
 125.200000 3.025817 -0.414792 3.886192
 125.400000 3.074297 -0.289881 7.501258
 125.600000 2.994313 -0.347696 0.372304
 125.800000 3.013032 -0.332355 1.196376
 126.000000 2.909178 -0.301073 2.826846
 126.200000 2.962400 -0.165116 16.929699
 126.400000 2.873722 -0.338254 4.414411
 126.600000 2.906200 -0.351232 1.854297
 126.800000 2.986396 -0.380865 0.692536
 127.000000 2.996252 -0.350864 0.427699
 127.200000 2.998045 -0.362243 0.566844
 127.400000 3.031190 -0.345466 2.062801
 127.600000 3.022037 -0.412005 3.491906
 127.800000 3.035095 -0.421523 4.939450
 128.000000 3.024103 -0.328636 1.835664
 128.200000 3.031898 -0.316091 2.645691
 128.400000 2.972937 -0.358359 0.060458
 128.600000 3.007699 -0.279917 3.216554
 128.800000 3.011694 -0.317322 1.499936
 129.000000 2.985381 -0.272382 3.108016
 129.200000 2.970013 -0.311141 0.723517
 129.400000 3.022831 -0.298857 2.815654
 129.600000 2.999536 -0.256399 4.820959
 129.800000 2.999575 -0.311300 1.241764
 130.000000 2.971681 -0.371537 0.263153
 130.200000 2.923586 -0.355544 0.965962
 130.400000 3.048997 -0.489638 13.237153
 130.600000 3.004491 -0.415327 2.895810
 130.800000 3.033428 -0.451802 7.479737
 131.000000 2.983527 -0.288439 1.973385
 131.200000 3.047233 -0.316020 3.759881
 131.400000 3.041762 -0.275116 5.524495
 131.600000 2.991695 -0.442345 4.653916
 131.800000 3.117069 -0.305913 12.182455
 132.000000 3.002403 -0.354831 0.641188
 132.200000 2.984210 -0.333782 0.263856
 132.400000 3.066611 -0.280631 7.296938
 132.600000 3.029030 -0.278114 4.437244
 132.800000 3.072060 -0.348640 5.512611
 133.000000 2.963167 -0.320309 0.421051
 133.200000 2.979997 -0.346152 0.087929
 133.400000 3.027302 -0.370252 2.038994
 133.600000 3.045869 -0.432787 6.610066
 133.800000 3.037733 -0.381320 3.017516
 134.000000 3.007174 -0.420486 3.355012
 134.200000 2.979394 -0.377196 0.471734
 134.400000 3.006335 -0.374840 1.103441
 134.600000 3.037261 -0.319797 2.892468
 134.800000 3.050803 -0.383586 4.102312
 135.000000 3.031505 -0.270657 5.150570
 135.200000 2.987896 -0.331275 0.375342
 135.400000 3.013353 -0.249529 6.025327
 135.600000 3.041012 -0.375934 3.095413
 135.800000 3.002161 -0.337835 0.679111
 136.000000 3.051971 -0.412060 5.589136
 136.200000 3.051212 -0.365267 3.672018
 136.400000 2.917007 -0.422674 3.961765
 136.600000 3.007698 -0.364843 0.950190
 136.800000 3.001022 -0.414366 2.708780
 137.000000 2.961813 -0.407303 1.709527
 137.200000 2.976195 -0.390220 0.888546
 137.400000 2.995399 -0.348327 0.401836
 137.600000 2.998259 -0.386067 1.171240
 137.800000 2.988826 -0.337108 0.308381
 138.000000 3.001103 -0.334556 0.684733
 138.200000 3.106481 -0.336316 9.800450
 138.400000 2.956727 -0.329558 0.243669
 138.600000 2.990946 -0.301942 1.395611
 138.800000 3.059825 -0.404053 5.814479
 139.000000 2.992461 -0.417138 2.639494
 139.200000 3.008528 -0.361842 0.941406
 139.400000 2.946107 -0.456354 5.974881
 139.600000 3.022050 -0.408535 3.280277
 139.800000 2.886190 -0.471261 10.735754
 140.000000 3.080678 -0.319432 6.893582
 140.200000 2.983180 -0.473568 7.880283
 140.400000 3.024639 -0.264169 5.261395
 140.600000 2.963857 -0.322325 0.362672
 140.800000 3.016838 -0.300985 2.394803
 141.000000 3.005033 -0.382119 1.267256
 141.200000 3.035680 -0.379846 2.828076
 141.400000 3.066342 -0.313639 5.556029
 141.600000 3.011755 -0.436159 4.791476
 141.800000 3.077861 -0.378095 6.559810
 142.000000 3.023989 -0.373371 1.915834
 142.200000 3.137360 -0.383343 15.088538
 142.400000 3.003968 -0.388863 1.473004
 142.600000 2.957301 -0.377592 0.454472
 142.800000 3.022345 -0.333126 1.655250
 143.000000 2.974342 -0.368181 0.209216
 143.200000 3.022147 -0.251122 6.313793
 143.400000 2.896569 -0.376504 2.860910
 143.600000 3.060048 -0.362141 4.408924
 143.800000 2.964298 -0.502204 11.729412
 144.000000 3.011954 -0.369161 1.209680
 144.200000 3.027257 -0.349371 1.811888
 144.400000 3.005176 -0.320035 1.147793
 144.600000 3.073762 -0.400555 7.018318
 144.800000 2.957763 -0.402270 1.458550
 145.000000 3.108387 -0.318171 10.463988
 145.200000 2.967491 -0.381104 0.513304
 145.400000 3.069346 -0.342323 5.253940
 145.600000 2.996343 -0.352589 0.434953
 145.800000 2.988864 -0.332975 0.367179
 146.000000 2.990666 -0.311163 0.996947
 146.200000 3.062494 -0.356922 4.584698
 146.400000 3.070429 -0.340728 5.377345
 146.600000 2.983218 -0.361601 0.209108
 146.800000 3.089063 -0.344035 7.455071
 147.000000 3.042130 -0.393439 3.802235
 147.200000 3.051219 -0.263554 7.197561
 147.400000 2.989760 -0.362147 0.343213
 147.600000 3.088203 -0.378651 7.775469
 147.800000 3.020040 -0.408525 3.171129
 148.000000 3.034643 -0.249738 7.216812
 148.200000 3.024457 -0.387545 2.387534
 148.400000 3.002809 -0.331585 0.791791
 148.600000 3.021872 -0.277760 4.044453
 148.800000 2.981874 -0.250109 5.005992
 149.000000 3.090363 -0.272314 10.547341
 149.200000 3.005136 -0.298269 2.015087
 149.400000 3.006061 -0.346928 0.762840
 149.600000 3.024048 -0.505326 13.832374
 149.800000 3.064234 -0.357783 4.759376
 150.000000 3.138004 -0.318086 15.090895
 150.200000 3.059147 -0.360831 4.309214
 150.400000 3.021427 -0.454780 7.065638
 150.600000 2.963725 -0.365244 0.136424
 150.800000 3.066465 -0.348736 4.940769
 151.000000 3.071397 -0.264489 9.019690
 151.200000 3.037759 -0.363766 2.607258
 151.400000 3.075390 -0.387434 6.603773
 151.600000 2.994561 -0.402430 1.802048
 151.800000 3.041972 -0.296788 4.172436
 152.000000 3.041669 -0.303761 3.809531
 152.200000 3.094394 -0.307739 8.960907
 152.400000 3.040076 -0.424123 5.482448
 152.600000 3.005015 -0.395272 1.787787
 152.800000 3.079757 -0.413959 8.455894
 153.000000 3.069601 -0.316412 5.790494
 153.200000 3.037033 -0.369154 2.649858
 153.400000 2.995555 -0.422361 3.092077
 153.600000 2.976956 -0.440792 4.255800
 153.800000 2.985873 -0.388599 0.958377
 154.000000 3.076708 -0.319392 6.451693
 154.200000 2.981789 -0.350618 0.109674
 154.400000 2.964971 -0.354658 0.017820
 154.600000 2.984387 -0.355303 0.169575
 154.800000 2.975610 -0.317272 0.541970
 155.000000 2.930691 -0.321668 1.036666
 155.200000 2.955919 -0.279231 2.500488
 155.400000 3.049671 -0.343309 3.428852
 155.600000 3.001086 -0.338155 0.638423
 155.800000 3.079773 -0.328940 6.554695
 156.000000 2.984992 -0.392755 1.115159
 156.200000 2.992426 -0.352365 0.327156
 156.400000 2.991203 -0.383170 0.873004
 156.600000 3.007528 -0.308222 1.652961
 156.800000 3.009509 -0.324961 1.191488
 157.000000 2.996542 -0.387327 1.166584
 157.200000 2.949485 -0.410306 2.029607
 157.400000 3.029819 -0.376279 2.339610
 157.600000 2.977411 -0.356932 0.084511
 157.800000 3.022068 -0.383016 2.089262
 158.000000 3.009700 -0.337187 0.979649
 158.200000 3.032599 -0.425620 5.077929
 158.400000 3.024404 -0.294827 3.115085
 158.600000 2.951924 -0.350781 0.116014
 158.800000 3.064873 -0.335686 4.873269
 159.000000 3.062848 -0.373410 4.884027
 159.200000 2.984240 -0.387174 0.873698
 159.400000 3.038569 -0.436955 6.419008
 159.600000 3.083110 -0.367420 6.902260
 159.800000 3.064723 -0.292102 6.391503
 160.000000 3.025678 -0.356841 1.748276
 160.200000 3.028919 -0.488817 11.678485
 160.400000 3.043740 -0.399930 4.233502
 160.600000 2.970027 -0.400764 1.340740
 160.800000 3.087611 -0.357122 7.298795
 161.000000 2.939468 -0.424576 3.231542
 161.200000 2.980955 -0.283404 2.252294
 161.400000 2.981865 -0.345153 0.117252
 161.600000 3.018385 -0.208564 11.187437
 161.800000 2.994203 -0.339598 0.413187
 162.000000 3.030651 -0.272908 4.921905
 162.200000 2.999439 -0.371767 0.781875
 162.400000 2.971354 -0.340741 0.043872
 162.600000 3.064577 -0.373415 5.051302
 162.800000 3.071722 -0.351696 5.480568
 163.000000 2.996514 -0.376042 0.797633
 163.200000 3.071096 -0.488710 15.161990
 163.400000 3.040572 -0.405711 4.306346
 163.600000 3.041963 -0.371187 3.049933
 163.800000 2.981579 -0.258689 4.189353
 164.000000 3.020155 -0.283611 3.551686
 164.200000 3.003223 -0.322726 1.000791
 164.400000 3.013775 -0.379064 1.541113
 164.600000 2.952710 -0.281766 2.367619
 164.800000 2.992991 -0.378972 0.783395
 165.000000 3.050546 -0.384636 4.117618
 165.200000 2.941794 -0.428451 3.470146
 165.400000 3.008924 -0.315578 1.437026
 165.600000 2.993512 -0.429706 3.601244
 165.800000 3.080697 -0.399640 7.735532
 166.000000 3.051668 -0.452694 8.948702
 166.200000 2.992520 -0.461088 6.598569
 166.400000 3.053359 -0.392714 4.676374
 166.600000 3.048176 -0.355592 3.311223
 166.800000 3.070886 -0.378282 5.816716
 167.000000 3.049261 -0.390606 4.241360
 167.200000 3.072039 -0.463477 12.055330
 167.400000 3.018761 -0.319658 1.768911
 167.600000 2.948506 -0.363945 0.282812
 167.800000 3.014684 -0.266821 4.516127
 168.000000 3.061788 -0.349111 4.486758
 168.200000 3.020999 -0.304372 2.453499
 168.400000 2.981436 -0.364432 0.221401
 168.600000 3.087829 -0.280906 9.615525
 168.800000 3.074611 -0.355012 5.801346
 169.000000 -3.129891 -0.380650 17.840457
 169.200000 3.057437 -0.437304 7.977045
 169.400000 3.119756 -0.433714 15.240705
 169.600000 3.102225 -0.432686 12.631004
 169.800000 3.042806 -0.387736 3.616476
 170.000000 3.082993 -0.392385 7.658531
 170.200000 3.033349 -0.343736 2.211312
 170.400000 3.059100 -0.379142 4.687977
 170.600000 3.052538 -0.485802 13.001731
 170.800000 3.053836 -0.398090 4.966724
 171.000000 3.062781 -0.330484 4.753954
 171.200000 3.007015 -0.399384 2.064137
 171.400000 3.017596 -0.357307 1.310938
 171.600000 3.076503 -0.364831 6.113205
 171.800000 3.011047 -0.378597 1.403492
 172.000000 3.035209 -0.324063 2.634704
 172.200000 3.006649 -0.432670 4.278507
 172.400000 3.000660 -0.365549 0.700336
 172.600000 3.025048 -0.437757 5.614358
 172.800000 2.942534 -0.299372 1.535489
 173.000000 3.019969 -0.432160 4.852002
 173.200000 2.939366 -0.382247 0.933989
 173.400000 3.003284 -0.498291 11.790222
 173.600000 3.016859 -0.436983 5.104715
 173.800000 3.028638 -0.431506 5.294134
 174.000000 3.090968 -0.304382 8.675018
 174.200000 2.972761 -0.414932 2.185416
 174.400000 3.129448 -0.303521 14.222065
 174.600000 3.026032 -0.402080 3.144089
 174.800000 3.040089 -0.301194 3.812498
 175.000000 2.959636 -0.342312 0.050367
 175.200000 3.010947 -0.291448 2.622916
 175.400000 2.994162 -0.425478 3.286681
 175.600000 3.007762 -0.370833 1.065231
 175.800000 2.963984 -0.376721 0.387139
 176.000000 2.967792 -0.344886 0.009005
 176.200000 3.011466 -0.359769 1.043217
 176.400000 2.982891 -0.395134 1.186453
 176.600000 2.988708 -0.386014 0.916899
 176.800000 2.999863 -0.316179 1.078817
 177.000000 2.961527 -0.313169 0.659585
 177.200000 3.067747 -0.336763 5.144633
 177.400000 3.034872 -0.422306 4.981322
 177.600000 3.061438 -0.327836 4.678977
 177.800000 3.041001 -0.317209 3.241072
 178.000000 2.936915 -0.325337 0.735891
 178.200000 3.065104 -0.339941 4.847984
 178.400000 3.053567 -0.410516 5.629777
 178.600000 3.045616 -0.399431 4.353816
 178.800000 3.001859 -0.376935 0.993835
 179.000000 3.044993 -0.358941 3.085541
 179.200000 2.881935 -0.343780 3.637048
 179.400000 3.036180 -0.402650 3.824410
 179.600000 2.893400 -0.356881 2.743388
 179.800000 3.022074 -0.382710 2.079275
 180.000000 3.013806 -0.327895 1.316711
 180.200000 3.007465 -0.381778 1.351354
 180.400000 2.983392 -0.295206 1.583817
 180.600000 3.036840 -0.305504 3.383480
 180.800000 3.033551 -0.338043 2.271284
 181.000000 3.001286 -0.446277 5.310764
 181.200000 3.016986 -0.412164 3.236988
 181.400000 3.026499 -0.384285 2.386710
 181.600000 3.065934 -0.367746 5.062554
 181.800000 2.965186 -0.409190 1.809189
 182.000000 3.078954 -0.326161 6.522486
 182.200000 2.941087 -0.299789 1.551386
 182.400000 3.008844 -0.307606 1.732449
 182.600000 3.061180 -0.346960 4.431560
 182.800000 3.030260 -0.325716 2.269754
 183.000000 2.988527 -0.295115 1.685774
 183.200000 3.037959 -0.238395 8.637390
 183.400000 3.032172 -0.357074 2.151849
 183.600000 3.103064 -0.425053 12.135590
 183.800000 3.049771 -0.400798 4.758717
 184.000000 2.990385 -0.254147 4.776853
 184.200000 2.988293 -0.347697 0.226357
 184.400000 3.026875 -0.389805 2.618731
 184.600000 3.080991 -0.463307 13.015728
 184.800000 2.998473 -0.305859 1.426811
 185.000000 3.017944 -0.362358 1.382952
 185.200000 2.941339 -0.346046 0.335329
 185.400000 3.084896 -0.409158 8.748232
 185.600000 2.986617 -0.378237 0.616736
 185.800000 3.103344 -0.412317 11.287070
 186.000000 2.972324 -0.283030 2.194192
 186.200000 3.073734 -0.391971 6.610085
 186.400000 3.068998 -0.342114 5.219902
 186.600000 3.038988 -0.440256 6.744648
 186.800000 3.044717 -0.336181 3.098367
 187.000000 3.013340 -0.396476 2.194818
 187.200000 3.032152 -0.334337 2.226999
 187.400000 2.995715 -0.395980 1.511041
 187.600000 3.037643 -0.338681 2.544911
 187.800000 3.043464 -0.375880 3.278278
 188.000000 3.036007 -0.430138 5.663191
 188.200000 3.009249 -0.411796 2.857469
 188.400000 3.030374 -0.408835 3.790495
 188.600000 2.973800 -0.425748 2.962808
 188.800000 2.991834 -0.326372 0.564407
 189.000000 2.988507 -0.331838 0.378387
 189.200000 2.964514 -0.309975 0.767306
 189.400000 3.003064 -0.412696 2.672575
 189.600000 2.965428 -0.408870 1.789580
 189.800000 3.095173 -0.423725 10.993530
 190.000000 3.020283 -0.375155 1.756671
 190.200000 3.022751 -0.375974 1.912766
 190.400000 2.955151 -0.288051 1.932304
 190.600000 3.025949 -0.322201 2.094848
 190.800000 3.021465 -0.294621 2.962087
 191.000000 3.075535 -0.310292 6.635138
 191.200000 2.943036 -0.402638 1.723586
 191.400000 3.063789 -0.367977 4.857121
 191.600000 3.039118 -0.340855 2.629929
 191.800000 3.041376 -0.344020 2.774155
 192.000000 3.011774 -0.333954 1.113879
 192.200000 3.060607 -0.420953 6.959474
 192.400000 3.036182 -0.427741 5.483859
 192.600000 2.954064 -0.394424 1.113119
 192.800000 2.992073 -0.276260 2.963170
 193.000000 2.997552 -0.324897 0.756956
 193.200000 3.035295 -0.360996 2.399218
 193.400000 2.962012 -0.391257 0.902780
 193.600000 2.970170 -0.347512 0.006046
 193.800000 3.090831 -0.448073 12.560869
 194.000000 3.057564 -0.487680 13.702470
 194.200000 2.985116 -0.488552 9.891186
 194.400000 3.053744 -0.373024 4.044048
 194.600000 2.997365 -0.385730 1.131331
 194.800000 2.940749 -0.281286 2.643173
 195.000000 3.044461 -0.393518 3.983451
 195.200000 3.015357 -0.308175 2.002315
 195.400000 3.049397 -0.372456 3.663284
 195.600000 2.940595 -0.357687 0.387341
 195.800000 3.045935 -0.392558 4.056465
 196.000000 3.035488 -0.318894 2.796366
 196.200000 3.084812 -0.422586 9.635416
 196.400000 3.044313 -0.371193 3.228867
 196.600000 2.964771 -0.464675 6.685404
 196.800000 2.974034 -0.441139 4.263088
 197.000000 2.999540 -0.417716 2.883943
 197.200000 3.000599 -0.391754 1.473566
 197.400000 2.976037 -0.371320 0.287920
 197.600000 3.043676 -0.378595 3.371024
 197.800000 2.986949 -0.348140 0.198216
 198.000000 3.072104 -0.299094 6.765747
 198.200000 3.045382 -0.312498 3.735823
 198.400000 3.001054 -0.248222 5.662527
 198.600000 3.048425 -0.294113 4.820058
 198.800000 2.978441 -0.471764 7.592240
 199.000000 3.061745 -0.354756 4.498872
 199.200000 3.069939 -0.351687 5.295540
 199.400000 3.011370 -0.412002 2.962210
 199.600000 3.031599 -0.414591 4.229433
 199.800000 2.982402 -0.286047 2.103409
 200.000000 3.054486 -0.341551 3.849873
