#! FIELDS time phi psi restraint.bias
#! SET min_phi -pi
#! SET max_phi pi
#! SET min_psi -pi
#! SET max_psi pi
 0.000000 -2.401692 3.011132 31.903157
 0.200000 -2.568399 -3.134966 1.251804
 0.400000 -2.617969 -3.070379 2.535669
 0.600000 -2.567117 -3.109247 1.817322
 0.800000 -2.644476 3.124557 0.495766
 1.000000 -2.648656 3.122189 0.658330
 1.200000 -2.604897 3.137096 0.095873
 1.400000 -2.699414 3.064581 6.279955
 1.600000 -2.630397 3.120865 0.291741
 1.800000 -2.646467 -3.133725 0.436313
 2.000000 -2.554348 3.099563 2.908641
 2.200000 -2.612988 3.124715 0.154949
 2.400000 -2.559150 3.110479 2.215317
 2.600000 -2.617032 -3.129683 0.071382
 2.800000 -2.570853 3.137251 1.120547
 3.000000 -2.560940 3.123974 1.782788
 3.200000 -2.567323 3.137745 1.291146
 3.400000 -2.660233 3.081932 2.671777
 3.600000 -2.676592 -3.136289 1.730938
 3.800000 -2.665038 3.080292 2.985453
 4.000000 -2.642352 3.134975 0.318563
 4.200000 -2.595154 -3.111546 0.712227
 4.400000 -2.617635 3.097210 0.984982
 4.600000 -2.629741 3.128680 0.152367
 4.800000 -2.610369 -3.133251 0.063863
 5.000000 -2.644232 3.105519 0.994889
 5.200000 -2.569875 -3.056747 4.757149
 5.400000 -2.556156 3.118975 2.167725
 5.600000 -2.630404 3.121371 0.281461
 5.800000 -2.564607 -3.132114 1.469985
 6.000000 -2.647234 3.029093 6.755566
 6.200000 -2.581110 3.108758 1.219280
 6.400000 -2.625904 -3.060413 3.326357
 6.600000 -2.606973 -3.111510 0.513217
 6.800000 -2.570513 3.136273 1.141359
 7.000000 -2.585646 3.132260 0.566737
 7.200000 -2.615653 3.085980 1.549125
 7.400000 -2.664216 3.115113 1.418849
 7.600000 -2.663047 3.119149 1.266749
 7.800000 -2.653830 -3.106608 1.254093
 8.000000 -2.635219 -3.039695 5.339966
 8.200000 -2.616784 3.099137 0.901993
 8.400000 -2.546445 3.056783 6.155960
 8.600000 -2.635188 3.122223 0.335415
 8.800000 -2.680112 -3.119977 2.162956
 9.000000 -2.653136 3.102331 1.388223
 9.200000 -2.618929 3.059584 3.363151
 9.400000 -2.593380 -3.127230 0.406062
 9.600000 -2.609527 3.140642 0.036300
 9.800000 -2.652183 3.127732 0.680515
 10.000000 -2.656857 3.109020 1.285654
 10.200000 -2.648845 3.122120 0.665485
 10.400000 -2.600413 3.120152 0.384395
 10.600000 -2.568461 -3.091270 2.492930
 10.800000 -2.543852 3.111640 3.197136
 11.000000 -2.603142 3.111315 0.568655
 11.200000 -2.635332 3.106853 0.753732
 11.400000 -2.574283 -3.095549 2.015330
 11.600000 -2.612989 3.139739 0.014242
 11.800000 -2.583123 -3.128786 0.689994
 12.000000 -2.636245 -3.130080 0.232815
 12.200000 -2.584989 3.082898 2.267177
 12.400000 -2.560755 3.006658 10.741826
 12.600000 -2.601356 3.089269 1.507306
 12.800000 -2.628874 3.139233 0.061977
 13.000000 -2.679935 -3.090496 3.223755
 13.200000 -2.650096 3.103395 1.244802
 13.400000 -2.660821 3.064409 3.895686
 13.600000 -2.586462 -3.111364 0.954008
 13.800000 -2.617677 -3.120929 0.213542
 14.000000 -2.662525 -3.128376 1.078856
 14.200000 -2.684401 -3.126283 2.322133
 14.400000 -2.650109 3.091959 1.747450
 14.600000 -2.622103 3.106777 0.614524
 14.800000 -2.617754 3.107919 0.566982
 15.000000 -2.654060 3.081398 2.462118
 15.200000 -2.579912 3.093658 1.873953
 15.400000 -2.638595 -3.111830 0.655101
 15.600000 -2.625206 -3.138540 0.030664
 15.800000 -2.664940 3.080822 2.948461
 16.000000 -2.577903 3.091266 2.070056
 16.200000 -2.605027 3.083021 1.799390
 16.400000 -2.582660 3.110755 1.099709
 16.600000 -2.619313 -3.108850 0.536908
 16.800000 -2.594564 3.132343 0.317262
 17.000000 -2.613139 -3.090102 1.337419
 17.200000 -2.568210 -3.092175 2.460278
 17.400000 -2.636719 3.102840 0.926176
 17.600000 -2.590428 3.088202 1.805227
 17.800000 -2.621334 3.105236 0.666463
 18.000000 -2.617792 3.127042 0.105877
 18.200000 -2.604346 -3.078064 2.111101
 18.400000 -2.510000 -3.133932 5.860727
 18.600000 -2.637095 3.088135 1.611286
 18.800000 -2.635762 3.109745 0.664971
 19.000000 -2.654137 3.044172 5.398525
 19.200000 -2.582591 3.131635 0.676271
 19.400000 -2.616758 -3.084128 1.651847
 19.600000 -2.638988 3.136616 0.232755
 19.800000 -2.620069 3.101184 0.818568
 20.000000 -2.594561 3.096112 1.308807
 20.200000 -2.656599 -3.087128 2.228363
 20.400000 -2.660834 -3.100031 1.781336
 20.600000 -2.692462 3.050235 6.945840
 20.800000 -2.604334 3.124701 0.235959
 21.000000 -2.598194 3.109327 0.716565
 21.200000 -2.540710 -3.096867 3.986598
 21.400000 -2.641720 -3.131745 0.329954
 21.600000 -2.573957 -3.141292 0.969668
 21.800000 -2.596753 -3.128512 0.311136
 22.000000 -2.571173 3.075122 3.305252
 22.200000 -2.617918 3.129603 0.071879
 22.400000 -2.549063 -3.108904 2.910020
 22.600000 -2.528515 -3.096696 5.011038
 22.800000 -2.498199 -3.114920 7.531136
 23.000000 -2.558360 -3.095797 2.826739
 23.200000 -2.638343 -3.138414 0.212087
 23.400000 -2.615695 3.063603 3.043853
 23.600000 -2.622136 3.041277 5.040225
 23.800000 -2.630332 -3.129793 0.145732
 24.000000 -2.672887 3.135800 1.523395
 24.200000 -2.695377 3.078044 5.013267
 24.400000 -2.676284 3.131135 1.753529
 24.600000 -2.658211 3.108263 1.364126
 24.800000 -2.585330 3.065297 3.443986
 25.000000 -2.652272 -3.081664 2.383194
 25.200000 -2.567528 -3.122025 1.464833
 25.400000 -2.652400 3.133891 0.621566
 25.600000 -2.640690 3.096351 1.280946
 25.800000 -2.647006 -3.041312 5.448920
 26.000000 -2.557823 3.074471 4.062956
 26.200000 -2.584669 3.100096 1.416271
 26.400000 -2.640485 -3.131006 0.308967
 26.600000 -2.637646 -3.130516 0.254458
 26.800000 -2.609840 3.140784 0.033570
 27.000000 -2.626111 -3.117380 0.326079
 27.200000 -2.620808 3.064179 3.000407
 27.400000 -2.599221 3.092352 1.388556
 27.600000 -2.587822 3.105090 1.121369
 27.800000 -2.591161 3.088954 1.745425
 28.000000 -2.654464 3.102765 1.418835
 28.200000 -2.582072 3.112689 1.062909
 28.400000 -2.605500 3.140251 0.078945
 28.600000 -2.601514 3.092479 1.341877
 28.800000 -2.629415 3.111101 0.530105
 29.000000 -2.636853 3.058066 3.666146
 29.200000 -2.610147 -3.118014 0.308759
 29.400000 -2.614100 -3.135390 0.026821
 29.600000 -2.675399 3.118803 1.907350
 29.800000 -2.646841 3.090235 1.734851
 30.000000 -2.632805 -3.132608 0.150048
 30.200000 -2.579197 3.106302 1.375297
 30.400000 -2.547786 -3.137791 2.471812
 30.600000 -2.698979 -3.077827 5.312367
 30.800000 -2.652427 -3.087623 2.049182
 31.000000 -2.563399 3.136560 1.502942
 31.200000 -2.604287 3.119671 0.334221
 31.400000 -2.631975 3.119199 0.348477
 31.600000 -2.627256 3.136426 0.056242
 31.800000 -2.711403 3.104512 5.050104
 32.000000 -2.599641 3.127833 0.263071
 32.200000 -2.592742 3.077948 2.344123
 32.400000 -2.597530 3.035051 5.884955
 32.600000 -2.608778 3.061070 3.284395
 32.800000 -2.601449 -3.133730 0.167775
 33.000000 -2.648112 -3.078237 2.460537
 33.200000 -2.688980 3.138436 2.524487
 33.400000 -2.611605 3.111746 0.465804
 33.600000 -2.611104 3.076804 2.122540
 33.800000 -2.614306 3.123930 0.162784
 34.000000 -2.622700 -3.096113 1.045267
 34.200000 -2.676153 3.137372 1.700132
 34.400000 -2.675065 -3.100877 2.457455
 34.600000 -2.656952 3.131616 0.808623
 34.800000 -2.596035 3.006153 9.413070
 35.000000 -2.631003 3.055476 3.792647
 35.200000 -2.677459 3.111107 2.232753
 35.400000 -2.635027 -3.130340 0.208378
 35.600000 -2.602803 -3.125537 0.244277
 35.800000 -2.524698 3.139922 4.353426
 36.000000 -2.647819 3.098807 1.360077
 36.200000 -2.681427 3.100511 2.855720
 36.400000 -2.614468 2.976156 13.690890
 36.600000 -2.597957 -3.123290 0.368239
 36.800000 -2.578891 -3.017871 8.418034
 37.000000 -2.594332 -3.078010 2.301352
 37.200000 -2.642989 3.082296 2.070448
 37.400000 -2.633258 3.046494 4.638383
 37.600000 -2.575483 3.100642 1.742082
 37.800000 -2.496986 -3.140306 7.322283
 38.000000 -2.661056 -3.128662 1.010775
 38.200000 -2.629944 -3.125064 0.208008
 38.400000 -2.640454 -3.113055 0.659421
 38.600000 -2.618490 3.133805 0.030446
 38.800000 -2.505035 3.029520 12.659998
 39.000000 -2.574345 3.121139 1.161766
 39.200000 -2.620867 -3.126093 0.124252
 39.400000 -2.634464 3.089680 1.483076
 39.600000 -2.664888 3.139141 1.102527
 39.800000 -2.639577 3.088378 1.648808
 40.000000 -2.615818 3.065303 2.912397
 40.200000 -2.570639 3.042139 6.066757
 40.400000 -2.637948 3.042513 5.107522
 40.600000 -2.658877 -3.058999 4.246538
 40.800000 -2.682825 -3.059134 5.501251
 41.000000 -2.588970 3.016181 8.285181
 41.200000 -2.589088 3.110395 0.904402
 41.400000 -2.598535 3.126662 0.300796
 41.600000 -2.604796 -3.059015 3.496644
 41.800000 -2.548198 -3.110665 2.914001
 42.000000 -2.593729 -3.128811 0.376085
 42.200000 -2.626721 3.135146 0.058864
 42.400000 -2.612940 3.070955 2.507602
 42.600000 -2.616955 3.059539 3.366980
 42.800000 -2.588773 -3.101745 1.220855
 43.000000 -2.648623 -3.122236 0.656412
 43.200000 -2.618599 3.140386 0.000912
 43.400000 -2.657480 3.070575 3.301335
 43.600000 -2.628288 3.092878 1.239535
 43.800000 -2.588152 3.126082 0.565542
 44.000000 -2.574976 3.107444 1.508328
 44.200000 -2.733884 3.118138 6.990387
 44.400000 -2.647048 -3.140761 0.422414
 44.600000 -2.623975 3.070887 2.517516
 44.800000 -2.586650 -3.124102 0.644181
 45.000000 -2.641642 -3.125218 0.413683
 45.200000 -2.668072 3.125509 1.383263
 45.400000 -2.654657 3.129319 0.747421
 45.600000 -2.550981 3.139222 2.248160
 45.800000 -2.568623 3.078605 3.202454
 46.000000 -2.646045 -3.140611 0.393901
 46.200000 -2.741901 -3.059542 11.042672
 46.400000 -2.572122 3.075391 3.243433
 46.600000 -2.583685 2.991962 11.783167
 46.800000 -2.674222 3.071919 4.008026
 47.000000 -2.656092 -3.105988 1.359594
 47.200000 -2.557735 -3.108862 2.351203
 47.400000 -2.557185 -3.129277 1.924714
 47.600000 -2.615645 3.112668 0.421078
 47.800000 -2.722558 -3.105469 6.119245
 48.000000 -2.621124 3.061242 3.233010
 48.200000 -2.597601 -3.123299 0.375266
 48.400000 -2.589104 -3.005480 9.680674
 48.600000 -2.566404 3.086199 2.864971
 48.800000 -2.565484 3.087463 2.843656
 49.000000 -2.701699 3.123959 3.658735
 49.200000 -2.616272 3.119487 0.245818
 49.400000 -2.556455 -3.098059 2.841124
 49.600000 -2.582869 3.115702 0.952043
 49.800000 -2.688700 -3.133782 2.530157
 50.000000 -2.691509 3.111774 3.146802
 50.200000 -2.598866 3.029818 6.429715
 50.400000 -2.616536 3.102641 0.759680
 50.600000 -2.613520 -3.134093 0.038135
 50.800000 -2.622301 3.136178 0.023933
 51.000000 -2.568741 -3.104569 1.898314
 51.200000 -2.706637 -3.108352 4.481281
 51.400000 -2.621752 -3.100676 0.844136
 51.600000 -2.647281 -3.136645 0.441114
 51.800000 -2.585353 3.001368 10.364134
 52.000000 -2.639465 3.104060 0.934869
 52.200000 -2.651627 -3.109426 1.082958
 52.400000 -2.652966 -3.090161 1.934132
 52.600000 -2.608396 3.105456 0.699005
 52.800000 -2.591633 3.051241 4.429201
 53.000000 -2.578554 3.014239 8.887223
 53.200000 -2.617237 3.033294 5.864548
 53.400000 -2.623444 -3.111282 0.474208
 53.600000 -2.593214 3.125320 0.439423
 53.800000 -2.638704 3.079156 2.163602
 54.000000 -2.618342 3.096060 1.036656
 54.200000 -2.547724 3.132872 2.506940
 54.400000 -2.507475 3.103172 6.845336
 54.600000 -2.626998 -3.093857 1.179884
 54.800000 -2.632465 -3.073349 2.433317
 55.000000 -2.528586 3.127747 4.092690
 55.200000 -2.576247 -3.053765 4.728260
 55.400000 -2.620209 -3.120866 0.217243
 55.600000 -2.590523 3.130416 0.439783
 55.800000 -2.558096 3.056218 5.438342
 56.000000 -2.638374 3.101890 0.995846
 56.200000 -2.624985 -3.136238 0.038776
 56.400000 -2.616660 3.119333 0.248638
 56.600000 -2.574069 -3.138901 0.968330
 56.800000 -2.622924 3.069149 2.636200
 57.000000 -2.602155 3.078153 2.137738
 57.200000 -2.653074 3.114661 0.977959
 57.400000 -2.587475 3.109111 0.993221
 57.600000 -2.598582 -3.057277 3.742984
 57.800000 -2.619425 -3.077493 2.055422
 58.000000 -2.659424 -3.115143 1.208001
 58.200000 -2.577211 3.091831 2.069757
 58.400000 -2.628443 3.115092 0.405733
 58.600000 -2.604620 3.106450 0.706941
 58.800000 -2.601549 3.130596 0.195684
 59.000000 -2.662342 -3.100263 1.837439
 59.200000 -2.595120 -3.112096 0.696633
 59.400000 -2.565025 3.065102 4.328240
 59.600000 -2.572461 3.078412 3.032501
 59.800000 -2.684916 -3.112354 2.666714
 60.000000 -2.719542 3.133213 5.191142
 60.200000 -2.584099 3.124952 0.712878
 60.400000 -2.682915 3.075960 4.261175
 60.600000 -2.640711 -3.133933 0.287374
 60.800000 -2.645043 3.135415 0.384902
 61.000000 -2.551557 3.097769 3.167174
 61.200000 -2.676884 -3.089853 3.072549
 61.400000 -2.661879 3.087803 2.409623
 61.600000 -2.547201 -3.133401 2.539353
 61.800000 -2.646350 3.095057 1.484811
 62.000000 -2.622737 3.050268 4.181306
 62.200000 -2.676088 3.124831 1.827960
 62.400000 -2.538327 3.069732 5.755418
 62.600000 -2.655311 -3.099508 1.581845
 62.800000 -2.619691 3.120398 0.226036
 63.000000 -2.679644 -3.107524 2.480699
 63.200000 -2.599395 3.123851 0.330349
 63.400000 -2.635581 -3.135734 0.171816
 63.600000 -2.596627 -3.118496 0.495004
 63.800000 -2.637162 3.063606 3.224673
 64.000000 -2.681854 3.129319 2.114357
 64.200000 -2.734441 3.128474 6.866013
 64.400000 -2.597233 3.098229 1.155706
 64.600000 -2.647044 3.114417 0.791217
 64.800000 -2.577127 3.093280 2.002098
 65.000000 -2.647043 3.132585 0.462485
 65.200000 -2.530651 3.135796 3.831206
 65.400000 -2.679458 -3.089330 3.254603
 65.600000 -2.611744 3.114007 0.400007
 65.800000 -2.616934 3.138290 0.006015
 66.000000 -2.574191 3.072907 3.318176
 66.200000 -2.637053 3.031008 6.296105
 66.400000 -2.679466 -3.103742 2.605759
 66.600000 -2.581878 -3.098815 1.567117
 66.800000 -2.561319 3.111425 2.061063
 67.000000 -2.564485 3.058918 4.849111
 67.200000 -2.614296 3.089932 1.341235
 67.400000 -2.609199 3.139260 0.041392
 67.600000 -2.473797 3.053072 14.314313
 67.800000 -2.593970 3.117272 0.584318
 68.000000 -2.592999 -3.122540 0.493890
 68.200000 -2.641006 -3.079519 2.191345
 68.400000 -2.494960 3.055253 11.295951
 68.600000 -2.592308 3.089938 1.664008
 68.800000 -2.678767 3.133852 1.876650
 69.000000 -2.713891 3.132910 4.635829
 69.200000 -2.605673 3.117594 0.363873
 69.400000 -2.625729 -3.092407 1.239512
 69.600000 -2.657809 -3.118402 1.061516
 69.800000 -2.658674 3.137264 0.836812
 70.000000 -2.669778 3.125449 1.471096
 70.200000 -2.650752 3.103518 1.261383
 70.400000 -2.619050 -3.127607 0.098363
 70.600000 -2.676655 3.095802 2.768982
 70.800000 -2.744797 3.049513 12.278811
 71.000000 -2.646165 -3.084008 2.054826
 71.200000 -2.605448 3.082583 1.819790
 71.400000 -2.566121 3.058850 4.768622
 71.600000 -2.674535 -3.122191 1.786655
 71.800000 -2.754755 -3.130216 9.416547
 72.000000 -2.582009 -3.118783 0.907607
 72.200000 -2.578530 3.058950 4.193562
 72.400000 -2.646869 -3.139890 0.418331
 72.600000 -2.709051 3.099175 5.045337
 72.800000 -2.684815 3.065600 5.119964
 73.000000 -2.632326 3.121863 0.297334
 73.200000 -2.583403 3.094947 1.686170
 73.400000 -2.709361 3.110096 4.670041
 73.600000 -2.609074 3.101066 0.860971
 73.800000 -2.555425 3.112452 2.382033
 74.000000 -2.573287 3.134754 1.022742
 74.200000 -2.612150 3.134782 0.040265
 74.400000 -2.614852 3.077011 2.090316
 74.600000 -2.622346 -3.043695 4.801477
 74.800000 -2.556195 -3.107317 2.496939
 75.000000 -2.565891 3.085879 2.909358
 75.200000 -2.682171 -3.138807 2.063209
 75.400000 -2.641235 3.117100 0.570031
 75.600000 -2.626656 -3.108911 0.571578
 75.800000 -2.579979 3.090582 2.023616
 76.000000 -2.555375 3.138248 1.966148
 76.200000 -2.604947 -3.137329 0.094198
 76.400000 -2.548860 3.112323 2.818103
 76.600000 -2.649815 -3.080052 2.399900
 76.800000 -2.616684 3.126466 0.115270
 77.000000 -2.631646 -3.127406 0.193820
 77.200000 -2.624149 3.100557 0.860883
 77.400000 -2.664479 3.100312 1.932498
 77.600000 -2.684890 3.067079 5.013722
 77.800000 -2.665416 3.115264 1.471015
 78.000000 -2.604788 -3.130643 0.147144
 78.200000 -2.553017 -3.122330 2.296546
 78.400000 -2.584411 -3.116392 0.881416
 78.600000 -2.666664 3.104553 1.870352
 78.800000 -2.626803 3.072329 2.437522
 79.000000 -2.593924 -3.080295 2.168380
 79.200000 -2.617222 3.118702 0.262294
 79.400000 -2.596532 -3.102232 1.004945
 79.600000 -2.683622 -3.088293 3.573963
 79.800000 -2.633592 3.043876 4.895923
 80.000000 -2.608984 3.045498 4.657683
 80.200000 -2.632447 -3.118312 0.375447
 80.400000 -2.638980 -3.107824 0.790365
 80.600000 -2.598503 -3.137920 0.196697
 80.800000 -2.641623 3.048520 4.610396
 81.000000 -2.603509 -3.138425 0.109924
 81.200000 -2.608251 3.103507 0.772698
 81.400000 -2.565177 3.103410 2.123780
 81.600000 -2.594831 3.107104 0.862985
 81.800000 -2.642688 -3.123709 0.464802
 82.000000 -2.610360 3.117167 0.327450
 82.200000 -2.665110 3.054399 4.911361
 82.400000 -2.596958 3.095144 1.300000
 82.600000 -2.567007 -3.064811 4.247522
 82.800000 -2.582621 -3.109438 1.142611
 83.000000 -2.542349 3.098794 3.776941
 83.200000 -2.659383 -3.079782 2.766831
 83.400000 -2.587583 -3.140474 0.463041
 83.600000 -2.531481 3.097010 4.736067
 83.800000 -2.664748 3.064230 4.085412
 84.000000 -2.655521 3.124659 0.847526
 84.200000 -2.621899 3.048907 4.302968
 84.400000 -2.624320 3.085169 1.611805
 84.600000 -2.669372 -3.084503 2.949480
 84.800000 -2.668946 -3.139932 1.299460
 85.000000 -2.685358 3.134928 2.291166
 85.200000 -2.600743 -3.123382 0.314613
 85.400000 -2.623018 -3.119537 0.255845
 85.600000 -2.701580 3.066596 6.305550
 85.800000 -2.655084 -3.135457 0.706655
 86.000000 -2.613340 3.105920 0.647101
 86.200000 -2.523056 3.054649 8.286202
 86.400000 -2.552023 3.061884 5.352825
 86.600000 -2.693563 -3.102797 3.607926
 86.800000 -2.647669 3.141024 0.440469
 87.000000 -2.561230 3.115227 1.958624
 87.200000 -2.553010 3.084846 3.721513
 87.400000 -2.619576 3.123053 0.173114
 87.600000 -2.677319 3.060452 5.051610
 87.800000 -2.544172 3.035711 8.330276
 88.000000 -2.526975 3.114734 4.502879
 88.200000 -2.700516 -3.135150 3.425706
 88.400000 -2.608924 3.091652 1.288140
 88.600000 -2.576459 -3.139967 0.863899
 88.800000 -2.536731 -3.076528 5.418533
 89.000000 -2.692159 3.112335 3.178265
 89.200000 -2.671133 3.062403 4.547389
 89.400000 -2.615411 -3.055087 3.744984
 89.600000 -2.472345 -3.080912 12.447860
 89.800000 -2.576237 -3.128456 0.958110
 90.000000 -2.694279 -3.138567 2.914250
 90.200000 -2.740122 3.123598 7.619507
 90.400000 -2.487044 3.001449 18.394081
 90.600000 -2.616087 3.043340 4.828623
 90.800000 -2.697465 -3.140724 3.158241
 91.000000 -2.671478 3.121143 1.639383
 91.200000 -2.616626 -3.136497 0.013921
 91.400000 -2.535975 3.141145 3.363608
 91.600000 -2.588825 -3.140004 0.426660
 91.800000 -2.666746 3.114715 1.549602
 92.000000 -2.651600 3.121960 0.757399
 92.200000 -2.651698 -3.092636 1.766382
 92.400000 -2.684338 -3.110236 2.692409
 92.600000 -2.657227 -3.136423 0.782991
 92.800000 -2.611674 3.073527 2.336436
 93.000000 -2.660713 3.035012 6.592186
 93.200000 -2.674454 3.088598 2.998126
 93.400000 -2.692513 -3.130859 2.834123
 93.600000 -2.666471 -3.103212 1.911568
 93.800000 -2.649540 3.136172 0.512276
 94.000000 -2.605314 3.090567 1.382171
 94.200000 -2.665816 3.000376 11.114605
 94.400000 -2.623122 3.090284 1.329438
 94.600000 -2.596692 -3.071196 2.704697
 94.800000 -2.581968 3.140701 0.649335
 95.000000 -2.583995 3.108321 1.131473
 95.200000 -2.649526 3.064857 3.441340
 95.400000 -2.606687 2.997860 10.393489
 95.600000 -2.560982 3.093912 2.761870
 95.800000 -2.560794 -3.099739 2.511799
 96.000000 -2.639555 -3.111616 0.681729
 96.200000 -2.640785 -3.138490 0.264524
 96.400000 -2.613702 -3.107906 0.576607
 96.600000 -2.565508 3.072774 3.745384
 96.800000 -2.551232 3.104130 2.930277
 97.000000 -2.597314 -3.130616 0.274079
 97.200000 -2.723492 3.116153 5.888505
 97.400000 -2.617678 -3.135561 0.018238
 97.600000 -2.560940 3.124677 1.770632
 97.800000 -2.645581 3.091214 1.649507
 98.000000 -2.672966 3.127849 1.605424
 98.200000 -2.553385 -3.096746 3.092743
 98.400000 -2.531182 3.131646 3.817602
 98.600000 -2.583227 -3.126455 0.718943
 98.800000 -2.573109 -3.128203 1.096960
 99.000000 -2.580849 3.118285 0.961514
 99.200000 -2.537486 3.117183 3.538644
 99.400000 -2.521834 -3.119768 4.861476
 99.600000 -2.547245 3.045000 7.167806
 99.800000 -2.664034 3.071993 3.481910
 100.000000 -2.584194 -3.102417 1.338561
 100.200000 -2.600261 -3.132776 0.196098
 100.400000 -2.637306 -3.063057 3.270423
 100.600000 -2.609574 3.124181 0.187022
 100.800000 -2.590494 3.040026 5.536062
 101.000000 -2.577308 -3.104119 1.529805
 101.200000 -2.565026 -3.088639 2.804823
 101.400000 -2.598213 3.135650 0.213298
 101.600000 -2.555714 3.126737 2.049730
 101.800000 -2.639813 -3.136839 0.249332
 102.000000 -2.587870 3.070997 2.945592
 102.200000 -2.531412 3.068727 6.402846
 102.400000 -2.611801 3.133456 0.052279
 102.600000 -2.576473 -3.128758 0.944376
 102.800000 -2.621818 -3.087591 1.465385
 103.000000 -2.543897 -3.129638 2.816630
 103.200000 -2.599101 3.057050 3.752207
 103.400000 -2.626467 3.066135 2.882826
 103.600000 -2.587292 -3.109778 0.977402
 103.800000 -2.552796 3.118527 2.391381
 104.000000 -2.604055 3.126104 0.217095
 104.200000 -2.653766 -3.112070 1.075641
 104.400000 -2.687574 3.067487 5.166471
 104.600000 -2.598653 2.966183 15.571224
 104.800000 -2.612659 -3.122990 0.187252
 105.000000 -2.613691 -3.053791 3.863813
 105.200000 -2.585171 3.107509 1.119514
 105.400000 -2.592077 -3.100165 1.193972
 105.600000 -2.609560 3.088073 1.467751
 105.800000 -2.576543 3.110391 1.345836
 106.000000 -2.626999 3.047543 4.463198
 106.200000 -2.644848 3.053907 4.204960
 106.400000 -2.667759 -3.074714 3.474674
 106.600000 -2.612983 -3.101695 0.808467
 106.800000 -2.550123 3.086640 3.813140
 107.000000 -2.545486 3.088653 4.029996
 107.200000 -2.604522 3.134457 0.116203
 107.400000 -2.599264 3.114009 0.555823
 107.600000 -2.636046 -3.117022 0.464790
 107.800000 -2.628915 -3.121770 0.256094
 108.000000 -2.623579 -3.066292 2.850723
 108.200000 -2.585368 3.092715 1.726749
 108.400000 -2.642747 3.011376 8.784553
 108.600000 -2.648239 3.110334 0.945918
 108.800000 -2.728421 3.085088 7.693483
 109.000000 -2.609643 3.129228 0.111302
 109.200000 -2.613156 -3.101507 0.815123
 109.400000 -2.607624 -3.075005 2.270743
 109.600000 -2.595375 3.096476 1.273574
 109.800000 -2.532594 3.085890 5.197946
 110.000000 -2.653633 3.104033 1.340446
 110.200000 -2.704803 -3.131839 3.815449
 110.400000 -2.643523 -2.972020 14.703326
 110.600000 -2.638708 3.066025 3.069770
 110.800000 -2.614200 3.064266 2.996881
 111.000000 -2.661393 3.094966 2.028747
 111.200000 -2.661371 3.053929 4.783233
 111.400000 -2.521005 -3.118286 4.974989
 111.600000 -2.573025 -3.074377 3.270096
 111.800000 -2.610742 -3.071955 2.451019
 112.000000 -2.609670 3.120883 0.249097
 112.200000 -2.599714 3.078794 2.138930
 112.400000 -2.616287 3.072617 2.380272
 112.600000 -2.546794 3.129247 2.610885
 112.800000 -2.652600 -3.134976 0.620697
 113.000000 -2.691620 -3.124550 2.855647
 113.200000 -2.664862 -3.073059 3.446742
 113.400000 -2.623449 3.038279 5.351760
 113.600000 -2.653953 3.084941 2.251249
 113.800000 -2.652573 -3.134411 0.623640
 114.000000 -2.609877 3.120299 0.259656
 114.200000 -2.549528 -3.116924 2.648063
 114.400000 -2.593679 -3.088412 1.709733
 114.600000 -2.648304 3.136706 0.471288
 114.800000 -2.629488 3.052735 4.013869
 115.000000 -2.543023 3.114136 3.187253
 115.200000 -2.565078 3.087956 2.838481
 115.400000 -2.614399 -3.063532 3.053178
 115.600000 -2.662157 3.081364 2.788917
 115.800000 -2.676846 3.053246 5.634389
 116.000000 -2.630537 -3.135664 0.096235
 116.200000 -2.579905 3.051877 4.749791
 116.400000 -2.622183 3.094545 1.115529
 116.600000 -2.582549 3.141283 0.628206
 116.800000 -2.664205 3.127378 1.168746
 117.000000 -2.567599 -3.124059 1.423537
 117.200000 -2.569128 3.075920 3.350382
 117.400000 -2.573719 3.122667 1.159228
 117.600000 -2.559221 3.117807 2.009991
 117.800000 -2.610193 3.098917 0.941034
 118.000000 -2.635375 -3.118331 0.421608
 118.200000 -2.513773 -3.135640 5.448686
 118.400000 -2.613313 3.068119 2.710154
 118.600000 -2.654122 3.065968 3.512142
 118.800000 -2.627982 -3.134410 0.075678
 119.000000 -2.550683 -3.092373 3.476656
 119.200000 -2.495219 -3.129992 7.604124
 119.400000 -2.651781 3.138296 0.576217
 119.600000 -2.633274 -3.091902 1.351338
 119.800000 -2.616600 3.107090 0.596181
 120.000000 -2.595615 3.138598 0.254883
 120.200000 -2.596592 -3.119390 0.475492
 120.400000 -2.664064 3.112704 1.478523
 120.600000 -2.599749 -3.100431 1.013594
 120.800000 -2.632932 -3.059972 3.442566
 121.000000 -2.649317 -3.134019 0.519247
 121.200000 -2.622823 3.095739 1.062925
 121.400000 -2.605129 3.088489 1.492748
 121.600000 -2.613673 -3.079490 1.937691
 121.800000 -2.585838 3.111255 0.977203
 122.000000 -2.628588 3.101805 0.847622
 122.200000 -2.625898 3.085310 1.615129
 122.400000 -2.631745 3.129840 0.163605
 122.600000 -2.601116 3.089617 1.493156
 122.800000 -2.550207 3.043371 7.121230
 123.000000 -2.661862 3.109026 1.492468
 123.200000 -2.683556 3.125925 2.271920
 123.400000 -2.570787 3.090132 2.438318
 123.600000 -2.610181 3.116271 0.351107
 123.800000 -2.539315 -3.099089 3.998506
 124.000000 -2.653557 -3.129258 0.708456
 124.200000 -2.654944 3.135161 0.703322
 124.400000 -2.588747 -3.118704 0.689636
 124.600000 -2.516439 3.129177 5.233736
 124.800000 -2.592502 -3.134987 0.346725
 125.000000 -2.477834 3.060707 13.093570
 125.200000 -2.597338 -3.137044 0.223669
 125.400000 -2.596826 -3.038088 5.580682
 125.600000 -2.580093 3.090108 2.043566
 125.800000 -2.629160 3.128957 0.142177
 126.000000 -2.697337 -3.123147 3.317753
 126.200000 -2.596283 3.117628 0.522841
 126.400000 -2.580081 3.089787 2.060621
 126.600000 -2.616481 -3.093824 1.142075
 126.800000 -2.662699 -3.130028 1.066136
 127.000000 -2.584698 3.080275 2.434207
 127.200000 -2.518573 3.114385 5.312386
 127.400000 -2.630771 -3.119371 0.328526
 127.600000 -2.664641 3.054896 4.846092
 127.800000 -2.626709 3.006985 9.097568
 128.000000 -2.652020 -3.063605 3.619906
 128.200000 -2.589035 -3.054118 4.245167
 128.400000 -2.571017 3.106343 1.724668
 128.600000 -2.645743 3.068001 3.092881
 128.800000 -2.721651 3.081281 7.191148
 129.000000 -2.621529 3.071780 2.443131
 129.200000 -2.626559 3.081239 1.857989
 129.400000 -2.679888 -3.052347 5.897851
 129.600000 -2.683838 -3.131775 2.215913
 129.800000 -2.596445 3.113302 0.632353
 130.000000 -2.561237 3.098581 2.535666
 130.200000 -2.582316 -3.137640 0.644259
 130.400000 -2.636198 3.123948 0.321364
 130.600000 -2.602646 3.072005 2.538986
 130.800000 -2.656405 -3.131577 0.787866
 131.000000 -2.657568 3.098956 1.691999
 131.200000 -2.651924 3.065037 3.506000
 131.400000 -2.613797 3.037467 5.429895
 131.600000 -2.656707 3.072621 3.127921
 131.800000 -2.593659 -3.138743 0.300148
 132.000000 -2.601084 -3.121004 0.354913
 132.200000 -2.671936 -3.099134 2.356261
 132.400000 -2.743480 -3.134326 7.899842
 132.600000 -2.618970 3.093996 1.133180
 132.800000 -2.591942 3.113212 0.742091
 133.000000 -2.579872 -3.136083 0.741830
 133.200000 -2.677092 3.112849 2.159388
 133.400000 -2.623167 -3.087377 1.483061
 133.600000 -2.653759 3.108984 1.171220
 133.800000 -2.613845 3.108432 0.558427
 134.000000 -2.683882 3.006320 11.320003
 134.200000 -2.666971 3.058768 4.629391
 134.400000 -2.650725 -3.084926 2.141222
 134.600000 -2.692438 3.129454 2.844664
 134.800000 -2.701255 3.114399 3.835942
 135.000000 -2.683675 3.076923 4.248136
 135.200000 -2.615159 3.121330 0.209308
 135.400000 -2.653424 -3.123212 0.796593
 135.600000 -2.611849 3.082795 1.747432
 135.800000 -2.649494 3.113442 0.892369
 136.000000 -2.613905 3.114001 0.389019
 136.200000 -2.660157 -3.109399 1.407071
 136.400000 -2.604473 3.102535 0.854147
 136.600000 -2.722267 -3.124406 5.584150
 136.800000 -2.646520 3.087631 1.862776
 137.000000 -2.745260 3.065724 10.976389
 137.200000 -2.630213 3.127145 0.179029
 137.400000 -2.624427 3.103779 0.735644
 137.600000 -2.625886 -3.059744 3.380787
 137.800000 -2.709752 -3.081012 6.044777
 138.000000 -2.565368 3.123709 1.544658
 138.200000 -2.569672 3.032265 7.143790
 138.400000 -2.526570 3.094664 5.280360
 138.600000 -2.606554 -3.097911 1.019473
 138.800000 -2.607592 -3.134708 0.077796
 139.000000 -2.639133 3.117709 0.508633
 139.200000 -2.651284 3.121625 0.753449
 139.400000 -2.557880 3.056595 5.419113
 139.600000 -2.621751 3.115008 0.360426
 139.800000 -2.688338 -3.137751 2.481526
 140.000000 -2.676352 -2.992925 12.753968
 140.200000 -2.649377 -3.076211 2.629854
 140.400000 -2.553248 3.090764 3.387806
 140.600000 -2.625622 3.006713 9.125359
 140.800000 -2.608514 3.105017 0.713818
 141.000000 -2.665628 3.141213 1.134576
 141.200000 -2.580144 -3.095415 1.782483
 141.400000 -2.640529 -3.117937 0.533711
 141.600000 -2.521694 -3.086488 6.155103
 141.800000 -2.599337 3.002886 9.793813
 142.000000 -2.574760 3.037371 6.365662
 142.200000 -2.611099 -3.022753 7.085191
 142.400000 -2.581282 -3.107509 1.254730
 142.600000 -2.585324 3.123812 0.691721
 142.800000 -2.677658 -3.098741 2.698052
 143.000000 -2.643472 3.020963 7.600324
 143.200000 -2.658900 3.053809 4.689614
 143.400000 -2.681671 3.106649 2.637881
 143.600000 -2.728894 -3.124216 6.300360
 143.800000 -2.572758 3.069974 3.587723
 144.000000 -2.640055 3.112943 0.653759
 144.200000 -2.601743 -3.056050 3.790813
 144.400000 -2.650004 3.105353 1.168981
 144.600000 -2.593283 3.061725 3.494755
 144.800000 -2.600557 3.105990 0.785784
 145.000000 -2.540556 -3.041106 8.047141
 145.200000 -2.628164 3.129613 0.123470
 145.400000 -2.713001 3.033573 10.347376
 145.600000 -2.712774 -3.140088 4.492736
 145.800000 -2.700508 3.069421 6.008640
 146.000000 -2.589386 3.053095 4.325132
 146.200000 -2.696859 3.122498 3.292137
 146.400000 -2.693248 -3.107663 3.407168
 146.600000 -2.655724 3.137033 0.722177
 146.800000 -2.540843 3.078915 4.940380
 147.000000 -2.560867 3.024409 8.497778
 147.200000 -2.603522 3.098626 1.027800
 147.400000 -2.597506 3.126867 0.318297
 147.600000 -2.667133 -3.111798 1.651177
 147.800000 -2.587998 -3.116159 0.773306
 148.000000 -2.592005 3.054774 4.106456
 148.200000 -2.584132 3.035616 6.188891
 148.400000 -2.562122 -3.083954 3.221936
 148.600000 -2.609695 -3.105423 0.688553
 148.800000 -2.580758 -3.111342 1.150810
 149.000000 -2.636451 3.044582 4.875871
 149.200000 -2.608655 3.063539 3.089813
 149.400000 -2.590199 -3.136375 0.399883
 149.600000 -2.539323 -3.139564 3.096598
 149.800000 -2.673632 -3.089869 2.885456
 150.000000 -2.791846 3.103213 15.848764
 150.200000 -2.681813 3.042816 6.914820
 150.400000 -2.571049 3.075489 3.286795
 150.600000 -2.594172 -3.129581 0.355890
 150.800000 -2.680994 3.095722 3.036569
 151.000000 -2.658270 3.112133 1.245036
 151.200000 -2.701699 -3.129412 3.577485
 151.400000 -2.562013 -3.116246 1.888134
 151.600000 -2.532289 3.085927 5.221974
 151.800000 -2.574681 -3.133768 0.968617
 152.000000 -2.668092 -3.139964 1.256234
 152.200000 -2.626662 3.068019 2.744080
 152.400000 -2.600694 3.056503 3.769760
 152.600000 -2.656286 3.094610 1.836798
 152.800000 -2.615090 3.135543 0.022512
 153.000000 -2.546592 -3.139286 2.551759
 153.200000 -2.570574 3.018057 8.754873
 153.400000 -2.589481 3.098130 1.350996
 153.600000 -2.806703 -3.077580 19.854355
 153.800000 -2.601046 3.110195 0.636525
 154.000000 -2.567468 3.113078 1.682949
 154.200000 -2.620356 -3.061371 3.220540
 154.400000 -2.636194 -3.109198 0.690327
 154.600000 -2.565252 -3.112568 1.812068
 154.800000 -2.599718 3.139920 0.168400
 155.000000 -2.537059 3.108668 3.817276
 155.200000 -2.635288 -3.093867 1.288391
 155.400000 -2.603339 3.115882 0.437895
 155.600000 -2.607905 -3.113677 0.440521
 155.800000 -2.535361 3.116190 3.736786
 156.000000 -2.666045 3.098562 2.080254
 156.200000 -2.561444 3.105381 2.254571
 156.400000 -2.653386 -3.125940 0.748803
 156.600000 -2.576749 -3.076734 2.953880
 156.800000 -2.619446 3.106213 0.626925
 157.000000 -2.659987 3.074829 3.110399
 157.200000 -2.680975 3.112782 2.398353
 157.400000 -2.563403 3.058919 4.907506
 157.600000 -2.590829 3.113073 0.775658
 157.800000 -2.626049 3.116936 0.336425
 158.000000 -2.685970 3.124474 2.456898
 158.200000 -2.607202 3.081857 1.842436
 158.400000 -2.615191 3.100510 0.847819
 158.600000 -2.609462 -3.112598 0.456725
 158.800000 -2.583137 -3.108817 1.144600
 159.000000 -2.610563 3.088441 1.440148
 159.200000 -2.628533 3.122094 0.245628
 159.400000 -2.558741 3.136652 1.767668
 159.600000 -2.592727 -3.086404 1.842098
 159.800000 -2.601136 -3.106750 0.749101
 160.000000 -2.529318 3.050545 8.076577
 160.200000 -2.575819 3.097023 1.882582
 160.400000 -2.573644 3.090927 2.266971
 160.600000 -2.607183 -3.127278 0.160887
 160.800000 -2.579326 3.141347 0.747628
 161.000000 -2.598240 3.047615 4.610968
 161.200000 -2.591871 -3.110139 0.835882
 161.400000 -2.540568 3.098974 3.905545
 161.600000 -2.590535 3.123941 0.532795
 161.800000 -2.646668 3.139852 0.412625
 162.000000 -2.639673 -3.122106 0.424851
 162.200000 -2.594048 3.140729 0.287070
 162.400000 -2.646322 3.074422 2.657227
 162.600000 -2.669305 -3.097275 2.298451
 162.800000 -2.617530 3.115186 0.348760
 163.000000 -2.566136 -3.137505 1.352975
 163.200000 -2.647074 -3.125588 0.550915
 163.400000 -2.757621 3.139176 9.750830
 163.600000 -2.676425 3.091219 2.975862
 163.800000 -2.547137 3.058732 5.943289
 164.000000 -2.545171 3.133958 2.680748
 164.200000 -2.627423 -3.139827 0.046012
 164.400000 -2.702592 3.115036 3.931010
 164.600000 -2.626276 3.116461 0.350094
 164.800000 -2.554913 3.076379 4.115982
 165.000000 -2.585047 3.123752 0.701901
 165.200000 -2.642420 3.106502 0.914011
 165.400000 -2.662729 3.038487 6.316032
 165.600000 -2.548962 3.121444 2.585669
 165.800000 -2.595981 -3.059002 3.652932
 166.000000 -2.663799 3.126894 1.157085
 166.200000 -2.592973 3.074337 2.574665
 166.400000 -2.590043 3.097190 1.376432
 166.600000 -2.598575 3.109051 0.718014
 166.800000 -2.658590 -3.123090 0.995185
 167.000000 -2.633094 3.082203 1.877561
 167.200000 -2.598724 3.113851 0.570461
 167.400000 -2.609481 -3.134332 0.062591
 167.600000 -2.597627 3.102703 0.963601
 167.800000 -2.597867 3.062093 3.362681
 168.000000 -2.619707 3.135006 0.023157
 168.200000 -2.608549 -3.076995 2.131047
 168.400000 -2.627922 -3.047656 4.461375
 168.600000 -2.530243 3.122900 4.024778
 168.800000 -2.625837 3.131829 0.078416
 169.000000 -2.615265 3.095448 1.068393
 169.200000 -2.627219 3.032603 5.981947
 169.400000 -2.650152 3.134312 0.543585
 169.600000 -2.649483 -3.126043 0.616692
 169.800000 -2.682525 3.098698 3.002110
 170.000000 -2.625970 3.079946 1.931948
 170.200000 -2.602518 3.088485 1.529954
 170.400000 -2.623932 3.073057 2.366178
 170.600000 -2.638741 -3.117550 0.504244
 170.800000 -2.696222 -3.058453 6.515933
 171.000000 -2.632706 3.131260 0.161601
 171.200000 -2.655420 3.095724 1.752319
 171.400000 -2.607088 3.110244 0.550845
 171.600000 -2.639013 -3.115796 0.553641
 171.800000 -2.574380 -3.135698 0.968448
 172.000000 -2.568423 3.085415 2.806583
 172.200000 -2.627949 -3.098335 0.985165
 172.400000 -2.584083 3.137912 0.581755
 172.600000 -2.568586 3.057160 4.784990
 172.800000 -2.702650 -3.125585 3.711481
 173.000000 -2.709018 -3.110431 4.628232
 173.200000 -2.643531 3.130848 0.383808
 173.400000 -2.618248 3.053872 3.847451
 173.600000 -2.580344 3.092328 1.922219
 173.800000 -2.698450 -3.137121 3.246612
 174.000000 -2.611324 3.021952 7.179148
 174.200000 -2.609279 3.101711 0.833229
 174.400000 -2.493524 -3.051486 11.806028
 174.600000 -2.607415 -3.101147 0.873882
 174.800000 -2.579691 3.124504 0.879559
 175.000000 -2.726730 3.083754 7.584457
 175.200000 -2.562953 3.135854 1.531226
 175.400000 -2.564084 -3.129321 1.528448
 175.600000 -2.571451 3.085243 2.670774
 175.800000 -2.741352 3.111531 8.060450
 176.000000 -2.636422 -3.091812 1.408864
 176.200000 -2.578822 -3.138286 0.772687
 176.400000 -2.614219 3.122852 0.182725
 176.600000 -2.563887 -3.134028 1.492389
 176.800000 -2.668745 3.096024 2.326113
 177.000000 -2.644848 3.085850 1.914197
 177.200000 -2.669809 -3.139566 1.344439
 177.400000 -2.662199 3.103667 1.696231
 177.600000 -2.622982 3.060724 3.282281
 177.800000 -2.587301 3.023006 7.502439
 178.000000 -2.634826 3.118283 0.413342
 178.200000 -2.608717 3.107942 0.609235
 178.400000 -2.695587 3.081850 4.794916
 178.600000 -2.648638 -3.106219 1.095189
 178.800000 -2.597484 3.132178 0.254650
 179.000000 -2.573450 3.084153 2.641730
 179.200000 -2.574091 3.067513 3.707620
 179.400000 -2.639616 -3.135640 0.251466
 179.600000 -2.726587 -3.107367 6.481896
 179.800000 -2.612273 3.118379 0.285798
 180.000000 -2.583801 3.113719 0.973018
 180.200000 -2.575800 -3.135505 0.908676
 180.400000 -2.627161 3.036670 5.546421
 180.600000 -2.628537 -3.117933 0.335460
 180.800000 -2.637975 3.121372 0.404066
 181.000000 -2.536506 3.042379 8.241755
 181.200000 -2.655082 3.135793 0.704599
 181.400000 -2.617628 3.133709 0.031143
 181.600000 -2.623098 3.129119 0.090827
 181.800000 -2.520028 -3.097979 5.749708
 182.000000 -2.533224 3.076287 5.725403
 182.200000 -2.626874 -3.138725 0.043540
 182.400000 -2.727421 -3.111131 6.451136
 182.600000 -2.567581 3.113369 1.669014
 182.800000 -2.554754 3.141111 1.999744
 183.000000 -2.589032 3.129027 0.498331
 183.200000 -2.723627 3.122878 5.754314
 183.400000 -2.636682 -3.125289 0.307514
 183.600000 -2.621422 -3.113802 0.392037
 183.800000 -2.582481 -3.091567 1.881872
 184.000000 -2.697004 3.090981 4.402119
 184.200000 -2.628092 3.020005 7.442732
 184.400000 -2.589710 2.982233 13.097792
 184.600000 -2.670372 3.086381 2.895885
 184.800000 -2.638642 -3.073669 2.519986
 185.000000 -2.597645 3.130738 0.265957
 185.200000 -2.592098 3.073880 2.627826
 185.400000 -2.585519 -3.133429 0.560619
 185.600000 -2.686734 -3.105048 3.030376
 185.800000 -2.589556 3.117090 0.704544
 186.000000 -2.648300 -3.131808 0.507105
 186.200000 -2.583900 -3.109738 1.088557
 186.400000 -2.615130 -3.096786 1.007911
 186.600000 -2.536371 3.123549 3.493932
 186.800000 -2.637582 3.093349 1.355549
 187.000000 -2.619466 -3.136556 0.013766
 187.200000 -2.533960 3.095739 4.582098
 187.400000 -2.537389 -3.093697 4.395557
 187.600000 -2.654842 -3.055816 4.357666
 187.800000 -2.636885 3.114146 0.555093
 188.000000 -2.563162 3.072481 3.891487
 188.200000 -2.608976 3.096418 1.061025
 188.400000 -2.630972 -3.079616 2.004798
 188.600000 -2.602130 3.117438 0.417552
 188.800000 -2.612067 3.092206 1.237065
 189.000000 -2.655790 -3.121064 0.924996
 189.200000 -2.616774 -3.137693 0.008347
 189.400000 -2.568940 3.100999 2.027060
 189.600000 -2.564581 -3.111140 1.890156
 189.800000 -2.553358 -3.101871 2.877810
 190.000000 -2.580737 -3.091428 1.952260
 190.200000 -2.637031 -3.054021 4.015629
 190.400000 -2.563997 -3.076727 3.561638
 190.600000 -2.562756 3.140753 1.525952
 190.800000 -2.463375 3.054482 15.747614
 191.000000 -2.622821 3.099828 0.883789
 191.200000 -2.573039 -3.132878 1.048449
 191.400000 -2.686361 -2.952088 20.292980
 191.600000 -2.556451 -3.117493 2.184157
 191.800000 -2.629756 3.036162 5.627027
 192.000000 -2.546534 -3.132472 2.594824
 192.200000 -2.590739 3.090731 1.664840
 192.400000 -2.495396 3.087871 8.958161
 192.600000 -2.614577 3.137050 0.016157
 192.800000 -2.612488 -3.129430 0.089123
 193.000000 -2.633769 -3.125504 0.253851
 193.200000 -2.492729 3.035508 13.472653
 193.400000 -2.617425 3.047731 4.405182
 193.600000 -2.587431 3.089738 1.811508
 193.800000 -2.675861 -3.079752 3.586432
 194.000000 -2.604566 -3.071760 2.528456
 194.200000 -2.601839 -3.071448 2.590617
 194.400000 -2.643375 3.110450 0.807030
 194.600000 -2.701207 3.063331 6.524668
 194.800000 -2.607188 3.026073 6.730728
 195.000000 -2.698504 -3.138199 3.246729
 195.200000 -2.623030 3.111509 0.465192
 195.400000 -2.672050 3.140734 1.461390
 195.600000 -2.538801 -3.107096 3.730759
 195.800000 -2.616544 3.047812 4.398464
 196.000000 -2.581334 3.079868 2.576940
 196.200000 -2.587354 3.068285 3.156361
 196.400000 -2.598766 -3.124118 0.337530
 196.600000 -2.569732 3.089909 2.500179
 196.800000 -2.567385 -3.066966 4.065166
 197.000000 -2.638540 -3.112475 0.634978
 197.200000 -2.701366 3.019380 10.943382
 197.400000 -2.637382 3.051959 4.205060
 197.600000 -2.614292 3.076611 2.118129
 197.800000 -2.581775 3.110031 1.153970
 198.000000 -2.660423 -3.120154 1.129940
 198.200000 -2.638437 -3.044583 4.914370
 198.400000 -2.670651 -3.116731 1.695458
 198.600000 -2.596989 3.123979 0.375717
 198.800000 -2.574097 3.055738 4.648941
 199.000000 -2.564898 3.091571 2.660687
 199.200000 -2.700855 -3.081991 5.209187
 199.400000 -2.678451 -3.107592 2.405569
 199.600000 -2.587813 3.064124 3.456163
 199.800000 -2.639746 3.030896 6.363395
 200.000000 -2.626253 3.110699 0.511308
