#! FIELDS time phi psi restraint.bias
#! SET min_phi -pi
#! SET max_phi pi
#! SET min_psi -pi
#! SET max_psi pi
 0.000000 3.126831 -0.446594 92.888284
 0.200000 2.912980 -0.255756 10.553049
 0.400000 2.843802 -0.223882 2.532262
 0.600000 2.927553 -0.270120 13.684454
 0.800000 2.804415 -0.332670 12.574267
 1.000000 2.928878 -0.173885 9.295972
 1.200000 2.822622 -0.248472 3.186318
 1.400000 2.923499 -0.225654 9.883573
 1.600000 2.843715 -0.251722 4.289163
 1.800000 2.920159 -0.175382 8.145355
 2.000000 2.873410 -0.163090 3.336511
 2.200000 2.880943 -0.130367 4.884034
 2.400000 2.750245 -0.155942 1.066706
 2.600000 2.852830 -0.174813 1.818253
 2.800000 2.769603 -0.191733 0.410668
 3.000000 2.847213 -0.079962 5.967109
 3.200000 2.733983 -0.133276 2.564753
 3.400000 2.872536 -0.128763 4.248186
 3.600000 2.727886 -0.228530 3.547086
 3.800000 2.873435 -0.105317 5.668501
 4.000000 2.769495 -0.168144 0.285644
 4.200000 2.799373 -0.199385 0.332239
 4.400000 2.805579 -0.158407 0.215211
 4.600000 2.810021 -0.220606 1.214376
 4.800000 2.804325 -0.189866 0.187157
 5.000000 2.872065 -0.223128 4.343889
 5.200000 2.844240 -0.303691 9.678093
 5.400000 2.963361 -0.244113 17.012922
 5.600000 2.861828 -0.286745 8.697147
 5.800000 2.933585 -0.198285 10.230836
 6.000000 2.890926 -0.248664 7.588921
 6.200000 2.865268 -0.251555 5.611843
 6.400000 2.862342 -0.341607 16.393995
 6.600000 2.845086 -0.194658 1.583745
 6.800000 2.771463 -0.198684 0.513474
 7.000000 2.941746 -0.136876 11.842239
 7.200000 2.796016 -0.220999 1.085658
 7.400000 2.873480 -0.108085 5.484323
 7.600000 2.700759 -0.184196 4.257391
 7.800000 2.760715 -0.148918 0.834076
 8.000000 2.758216 -0.200669 0.930168
 8.200000 2.769273 -0.095429 3.399122
 8.400000 2.710243 -0.101808 6.029741
 8.600000 2.811900 -0.031712 10.386502
 8.800000 2.829165 -0.243071 3.019892
 9.000000 2.831569 -0.137160 1.460519
 9.200000 2.731512 -0.270689 6.484403
 9.400000 2.921505 -0.204249 8.759154
 9.600000 2.907273 -0.277438 11.878057
 9.800000 2.866057 -0.191368 2.845038
 10.000000 2.818199 -0.275432 5.419872
 10.200000 2.962966 -0.174854 14.524755
 10.400000 2.873077 -0.251542 6.209357
 10.600000 2.819684 -0.168061 0.389711
 10.800000 2.914568 -0.168699 7.464021
 11.000000 2.872022 -0.157572 3.303573
 11.200000 2.827229 -0.279259 6.085899
 11.400000 2.870189 -0.185322 3.073912
 11.600000 2.863845 -0.200406 2.877884
 11.800000 2.929486 -0.196436 9.618729
 12.000000 2.844123 -0.166756 1.361328
 12.200000 2.851664 -0.164623 1.797701
 12.400000 2.869649 -0.059719 9.564988
 12.600000 2.801394 -0.100659 2.768008
 12.800000 2.820569 -0.099940 3.175225
 13.000000 2.880531 -0.157375 4.019538
 13.200000 2.850900 -0.124323 2.964263
 13.400000 2.866224 -0.062852 8.951964
 13.600000 2.917299 -0.155953 7.956589
 13.800000 2.924290 -0.198532 8.968787
 14.000000 2.937861 -0.218932 11.546620
 14.200000 2.908032 -0.208531 7.248600
 14.400000 2.866463 -0.252886 5.802892
 14.600000 2.877435 -0.240571 5.785255
 14.800000 2.872213 -0.294020 10.313522
 15.000000 2.903708 -0.226661 7.539282
 15.200000 2.826613 -0.266577 4.816994
 15.400000 2.884312 -0.176411 4.214065
 15.600000 2.864627 -0.206239 3.101837
 15.800000 2.803644 -0.195959 0.291339
 16.000000 2.870861 -0.144852 3.508635
 16.200000 2.770267 -0.116873 1.910113
 16.400000 2.836736 -0.128238 2.048818
 16.600000 2.843078 -0.170334 1.286532
 16.800000 2.758275 -0.238513 2.633280
 17.000000 2.779604 -0.158418 0.213344
 17.200000 2.926285 -0.187682 9.032106
 17.400000 2.805928 -0.165678 0.128995
 17.600000 2.837194 -0.169289 1.011346
 17.800000 2.865832 -0.143779 3.159765
 18.000000 2.800575 -0.179839 0.046458
 18.200000 2.872634 -0.227456 4.609024
 18.400000 2.821576 -0.240619 2.605637
 18.600000 2.830879 -0.277087 5.994106
 18.800000 2.965274 -0.229449 16.428726
 19.000000 2.868073 -0.321121 13.597586
 19.200000 2.943026 -0.260200 14.994443
 19.400000 2.933043 -0.185702 9.934800
 19.600000 2.885890 -0.207395 4.898339
 19.800000 2.887716 -0.232841 6.230405
 20.000000 2.811059 -0.216681 1.059940
 20.200000 2.810403 -0.187280 0.241026
 20.400000 2.844562 -0.218391 2.315619
 20.600000 2.781398 -0.187460 0.145482
 20.800000 2.787612 -0.207849 0.567047
 21.000000 2.821680 -0.113261 2.302078
 21.200000 2.773918 -0.211710 0.864226
 21.400000 2.819809 -0.118721 1.929666
 21.600000 2.782016 -0.109228 2.187595
 21.800000 2.818752 -0.129056 1.377970
 22.000000 2.852576 -0.146383 2.199197
 22.200000 2.824489 -0.120214 1.986052
 22.400000 2.819607 -0.204261 0.808562
 22.600000 2.813444 -0.116116 1.925055
 22.800000 2.832813 -0.204127 1.249376
 23.000000 2.829868 -0.243534 3.077770
 23.200000 2.862063 -0.341276 16.319281
 23.400000 2.806576 -0.242575 2.413557
 23.600000 2.838633 -0.173613 1.063291
 23.800000 2.866292 -0.151094 2.995352
 24.000000 2.790593 -0.228665 1.467010
 24.200000 2.869083 -0.230191 4.479359
 24.400000 2.892589 -0.248735 7.759217
 24.600000 2.790755 -0.211934 0.700985
 24.800000 2.820384 -0.177247 0.391687
 25.000000 2.878233 -0.135432 4.437231
 25.200000 2.780785 -0.145488 0.490750
 25.400000 2.771541 -0.143382 0.705385
 25.600000 2.832373 -0.142604 1.303599
 25.800000 2.769143 -0.208224 0.840954
 26.000000 2.875053 -0.117388 5.038103
 26.200000 2.852317 -0.131442 2.715855
 26.400000 2.795735 -0.207796 0.558345
 26.600000 2.802112 -0.309152 9.107119
 26.800000 2.825539 -0.272309 5.325029
 27.000000 2.870257 -0.248805 5.779214
 27.200000 2.846566 -0.245359 3.968309
 27.400000 2.801223 -0.367022 18.563886
 27.600000 2.887444 -0.234144 6.281428
 27.800000 2.866053 -0.246253 5.274908
 28.000000 2.776463 -0.238036 2.145322
 28.200000 2.948142 -0.235954 13.994272
 28.400000 2.860423 -0.174804 2.305012
 28.600000 2.830832 -0.280211 6.317553
 28.800000 2.885230 -0.197150 4.552696
 29.000000 2.821005 -0.161353 0.492376
 29.200000 2.801908 -0.071088 5.394402
 29.400000 2.790399 -0.145981 0.409865
 29.600000 2.922831 -0.116773 10.157689
 29.800000 2.870684 -0.141515 3.599395
 30.000000 2.907600 -0.164796 6.668269
 30.200000 2.970240 -0.222108 16.922778
 30.400000 2.828245 -0.222830 1.804172
 30.600000 2.829410 -0.264471 4.724576
 30.800000 2.837235 -0.190807 1.131835
 31.000000 2.895744 -0.270559 9.937419
 31.200000 2.807708 -0.226338 1.457115
 31.400000 2.813952 -0.315505 10.166129
 31.600000 2.868420 -0.210063 3.511081
 31.800000 2.870579 -0.222604 4.201497
 32.000000 2.855586 -0.205210 2.458777
 32.200000 2.903832 -0.240523 8.371803
 32.400000 2.855615 -0.243618 4.376423
 32.600000 2.802038 -0.223564 1.247243
 32.800000 2.757509 -0.209721 1.232234
 33.000000 2.782963 -0.212888 0.781299
 33.200000 2.819981 -0.185552 0.437570
 33.400000 2.749804 -0.233010 2.622415
 33.600000 2.756113 -0.208570 1.242217
 33.800000 2.764510 -0.160892 0.485506
 34.000000 2.798782 -0.153103 0.249185
 34.200000 2.752081 -0.152478 1.061126
 34.400000 2.806129 -0.178163 0.099104
 34.600000 2.823633 -0.193430 0.662342
 34.800000 2.814474 -0.186254 0.309526
 35.000000 2.847332 -0.172503 1.503846
 35.200000 2.840618 -0.158733 1.281224
 35.400000 2.824505 -0.152191 0.760883
 35.600000 2.915029 -0.282092 13.287788
 35.800000 2.933080 -0.201494 10.241077
 36.000000 2.816239 -0.295861 7.641404
 36.200000 2.858217 -0.256229 5.494759
 36.400000 2.838807 -0.286169 7.302226
 36.600000 2.924232 -0.176981 8.676178
 36.800000 2.881775 -0.210626 4.633981
 37.000000 2.875021 -0.248337 6.126200
 37.200000 2.883202 -0.269545 8.624604
 37.400000 2.803529 -0.093110 3.375413
 37.600000 2.842597 -0.175422 1.253920
 37.800000 2.869601 -0.156370 3.135134
 38.000000 2.707477 -0.235744 5.490152
 38.200000 2.818176 -0.139077 0.957490
 38.400000 2.889557 -0.154476 4.908560
 38.600000 2.762643 -0.188287 0.541107
 38.800000 2.819147 -0.189866 0.471872
 39.000000 2.883256 -0.136217 4.849981
 39.200000 2.857866 -0.253903 5.284391
 39.400000 2.745058 -0.216150 1.992613
 39.600000 2.793018 -0.223499 1.198960
 39.800000 2.800966 -0.314139 9.780522
 40.000000 2.773466 -0.292682 7.161234
 40.200000 2.870301 -0.154458 3.225878
 40.400000 2.810763 -0.173789 0.166565
 40.600000 2.798088 -0.310207 9.219243
 40.800000 2.857280 -0.291525 8.940053
 41.000000 2.814820 -0.216463 1.127579
 41.200000 2.790710 -0.162166 0.078124
 41.400000 2.782465 -0.201036 0.401829
 41.600000 2.817398 -0.215935 1.166372
 41.800000 2.814403 -0.136870 0.948554
 42.000000 2.876365 -0.193898 3.701930
 42.200000 2.872477 -0.214337 3.988199
 42.400000 2.803541 -0.285098 6.172976
 42.600000 2.896514 -0.212048 6.110401
 42.800000 2.870063 -0.200853 3.352310
 43.000000 2.860218 -0.115325 4.043865
 43.200000 2.733639 -0.125487 2.936653
 43.400000 2.853892 -0.194428 2.080756
 43.600000 2.851861 -0.218311 2.718504
 43.800000 2.842808 -0.180602 1.282494
 44.000000 2.826217 -0.119242 2.096038
 44.200000 2.890530 -0.148062 5.152695
 44.400000 2.860781 -0.236010 4.218997
 44.600000 2.788487 -0.205545 0.489044
 44.800000 2.735115 -0.183384 1.687230
 45.000000 2.896385 -0.138599 6.038926
 45.200000 2.830099 -0.249840 3.541425
 45.400000 2.895762 -0.144430 5.781857
 45.600000 2.832046 -0.198791 1.075112
 45.800000 2.874164 -0.165995 3.368790
 46.000000 2.883164 -0.230135 5.653374
 46.200000 2.803203 -0.210037 0.687251
 46.400000 2.910356 -0.083103 11.121580
 46.600000 2.723129 -0.143891 2.877482
 46.800000 2.903905 -0.169779 6.213819
 47.000000 2.810107 -0.126094 1.327684
 47.200000 2.836945 -0.202808 1.386215
 47.400000 2.762959 -0.160943 0.529484
 47.600000 2.757454 -0.208324 1.185978
 47.800000 2.827940 -0.080278 5.069020
 48.000000 2.776637 -0.163398 0.188240
 48.200000 2.853520 -0.188864 1.962775
 48.400000 2.896007 -0.167468 5.379034
 48.600000 2.838816 -0.165067 1.116143
 48.800000 2.906619 -0.206392 7.016028
 49.000000 2.747088 -0.235843 2.911834
 49.200000 2.924346 -0.220872 9.761852
 49.400000 2.737527 -0.219179 2.509085
 49.600000 2.789762 -0.190833 0.136672
 49.800000 2.794033 -0.247303 2.648883
 50.000000 2.854115 -0.208087 2.459521
 50.200000 2.914979 -0.198288 7.779459
 50.400000 2.841072 -0.213466 1.936219
 50.600000 2.969333 -0.281154 21.314193
 50.800000 2.837484 -0.205353 1.485512
 51.000000 2.810450 -0.212129 0.867351
 51.200000 2.903497 -0.190216 6.280130
 51.400000 2.848207 -0.246559 4.143995
 51.600000 2.923828 -0.167336 8.645861
 51.800000 2.795915 -0.165942 0.042639
 52.000000 2.841868 -0.167581 1.241441
 52.200000 2.930391 -0.228771 10.974107
 52.400000 2.865327 -0.209097 3.247260
 52.600000 2.826394 -0.169069 0.588426
 52.800000 2.954666 -0.184603 13.195232
 53.000000 2.806525 -0.222547 1.250627
 53.200000 2.886821 -0.170206 4.455079
 53.400000 2.857347 -0.223838 3.316352
 53.600000 2.827479 -0.265303 4.730429
 53.800000 2.855006 -0.230512 3.518702
 54.000000 2.772914 -0.227567 1.598618
 54.200000 2.772599 -0.148413 0.539697
 54.400000 2.910685 -0.260057 10.637815
 54.600000 2.839889 -0.236955 3.069879
 54.800000 2.768931 -0.192649 0.442476
 55.000000 2.901489 -0.118511 7.505574
 55.200000 2.733936 -0.265959 5.895795
 55.400000 2.755339 -0.212929 1.428604
 55.600000 2.819210 -0.173089 0.357039
 55.800000 2.741594 -0.124107 2.568479
 56.000000 2.869096 -0.266970 7.203720
 56.200000 2.753848 -0.128608 1.802591
 56.400000 2.768363 -0.162895 0.359671
 56.600000 2.815532 -0.152894 0.498735
 56.800000 2.801081 -0.324653 11.304567
 57.000000 2.834822 -0.118446 2.467327
 57.200000 2.755904 -0.264358 4.704846
 57.400000 2.846446 -0.178973 1.463514
 57.600000 2.796916 -0.257814 3.477537
 57.800000 2.790009 -0.207320 0.540664
 58.000000 2.896106 -0.242176 7.652118
 58.200000 2.850055 -0.187922 1.744414
 58.400000 2.827559 -0.166395 0.646757
 58.600000 2.751726 -0.233811 2.589312
 58.800000 2.801872 -0.179318 0.055116
 59.000000 2.898888 -0.192136 5.811326
 59.200000 2.764262 -0.199687 0.715804
 59.400000 2.913589 -0.188677 7.428001
 59.600000 2.792278 -0.189479 0.111722
 59.800000 2.813896 -0.209762 0.848850
 60.000000 2.956848 -0.166203 13.535384
 60.200000 2.746774 -0.187785 1.134453
 60.400000 2.966437 -0.124335 16.382259
 60.600000 2.809299 -0.248397 2.868580
 60.800000 2.876843 -0.169632 3.566582
 61.000000 2.815067 -0.142235 0.775595
 61.200000 2.764006 -0.096745 3.432236
 61.400000 2.916702 -0.180588 7.728024
 61.600000 2.843002 -0.158837 1.397055
 61.800000 2.873396 -0.173238 3.270721
 62.000000 2.824192 -0.161448 0.586948
 62.200000 2.898575 -0.210905 6.284589
 62.400000 2.845595 -0.169650 1.420036
 62.600000 2.801077 -0.219276 1.037501
 62.800000 2.816879 -0.129769 1.298431
 63.000000 2.804160 -0.156340 0.233152
 63.200000 2.869594 -0.163728 3.028029
 63.400000 2.841494 -0.150104 1.497298
 63.600000 2.840104 -0.273871 6.065844
 63.800000 2.838982 -0.179095 1.089426
 64.000000 2.858858 -0.279294 7.687324
 64.200000 2.842583 -0.163398 1.314817
 64.400000 2.785587 -0.321380 10.806076
 64.600000 2.925204 -0.216558 9.684689
 64.800000 2.840179 -0.245441 3.649329
 65.000000 2.898290 -0.170174 5.602427
 65.200000 2.858804 -0.220097 3.234367
 65.400000 2.862170 -0.144049 2.889729
 65.600000 2.858236 -0.097498 5.126022
 65.800000 2.830514 -0.196045 0.952912
 66.000000 2.854792 -0.246563 4.532635
 66.200000 2.903720 -0.156036 6.353026
 66.400000 2.836704 -0.232567 2.659755
 66.600000 2.954281 -0.164259 13.134926
 66.800000 2.758575 -0.255947 3.890451
 67.000000 2.904981 -0.150840 6.603626
 67.200000 2.844668 -0.258655 4.897563
 67.400000 2.828772 -0.134516 1.457550
 67.600000 2.841831 -0.204478 1.663778
 67.800000 2.813741 -0.196967 0.476667
 68.000000 2.902774 -0.216781 6.969656
 68.200000 2.819088 -0.184954 0.407047
 68.400000 2.864785 -0.220096 3.648644
 68.600000 2.850158 -0.226103 2.990417
 68.800000 2.746038 -0.286296 7.326105
 69.000000 2.906712 -0.167170 6.546293
 69.200000 2.751794 -0.183404 0.868924
 69.400000 2.880514 -0.144757 4.314178
 69.600000 2.771928 -0.260618 3.917455
 69.800000 2.781987 -0.226672 1.414786
 70.000000 2.835576 -0.200396 1.261079
 70.200000 2.826115 -0.226088 1.893059
 70.400000 2.840739 -0.227499 2.564921
 70.600000 2.799601 -0.184964 0.079421
 70.800000 2.811108 -0.208457 0.748069
 71.000000 2.773648 -0.218216 1.132310
 71.200000 2.851029 -0.215535 2.551829
 71.400000 2.765898 -0.240554 2.533920
 71.600000 2.766228 -0.190289 0.469953
 71.800000 2.817194 -0.159546 0.416541
 72.000000 2.837597 -0.232098 2.672512
 72.200000 2.842975 -0.334581 14.080259
 72.400000 2.828855 -0.204260 1.101719
 72.600000 2.784219 -0.223596 1.238083
 72.800000 2.801268 -0.163822 0.095567
 73.000000 2.795830 -0.124387 1.262746
 73.200000 2.827390 -0.127083 1.733472
 73.400000 2.750168 -0.203273 1.310126
 73.600000 2.910213 -0.204368 7.370116
 73.800000 2.765237 -0.177622 0.377129
 74.000000 2.785516 -0.200980 0.374285
 74.200000 2.808466 -0.282435 5.948436
 74.400000 2.884741 -0.225737 5.562652
 74.600000 2.831546 -0.177146 0.764679
 74.800000 2.917346 -0.144247 8.248520
 75.000000 2.870760 -0.245012 5.543849
 75.200000 2.893381 -0.206309 5.590664
 75.400000 2.869677 -0.239369 5.077957
 75.600000 2.857128 -0.206537 2.598756
 75.800000 2.836437 -0.217238 1.875921
 76.000000 2.883750 -0.154715 4.357239
 76.200000 2.791462 -0.209813 0.622894
 76.400000 2.806634 -0.255630 3.387868
 76.600000 2.860115 -0.198971 2.582691
 76.800000 2.819544 -0.129191 1.392892
 77.000000 2.892364 -0.193267 5.159178
 77.200000 2.874617 -0.261395 7.141926
 77.400000 2.778503 -0.321116 10.841650
 77.600000 2.925486 -0.155983 9.011069
 77.800000 2.815395 -0.177543 0.266017
 78.000000 2.795081 -0.193084 0.175334
 78.200000 2.815345 -0.179824 0.274343
 78.400000 2.809183 -0.162032 0.216850
 78.600000 2.870134 -0.182826 3.045795
 78.800000 2.899754 -0.168036 5.769913
 79.000000 2.866086 -0.230034 4.245668
 79.200000 2.817197 -0.228109 1.739485
 79.400000 2.788319 -0.210667 0.661704
 79.600000 2.838759 -0.217215 1.979625
 79.800000 2.792245 -0.229702 1.521834
 80.000000 2.893102 -0.222093 6.188696
 80.200000 2.894636 -0.193452 5.392069
 80.400000 2.917786 -0.165903 7.882174
 80.600000 2.878574 -0.176505 3.703976
 80.800000 2.834475 -0.183257 0.917872
 81.000000 2.911464 -0.169229 7.087095
 81.200000 2.772903 -0.127557 1.295911
 81.400000 2.793774 -0.236996 1.951611
 81.600000 2.867766 -0.309110 11.885966
 81.800000 2.847827 -0.246529 4.120794
 82.000000 2.844001 -0.176535 1.326776
 82.200000 2.824523 -0.177514 0.516335
 82.400000 2.891648 -0.247868 7.601566
 82.600000 2.795582 -0.233583 1.748123
 82.800000 2.871538 -0.147272 3.492973
 83.000000 2.768802 -0.135378 1.047993
 83.200000 2.809937 -0.161181 0.240706
 83.400000 2.790822 -0.156712 0.160244
 83.600000 2.725931 -0.150592 2.504074
 83.800000 2.768703 -0.163318 0.346676
 84.000000 2.860280 -0.091552 5.738156
 84.200000 2.735252 -0.144904 2.079131
 84.400000 2.871334 -0.181742 3.131279
 84.600000 2.866862 -0.157845 2.902094
 84.800000 2.805106 -0.200835 0.425022
 85.000000 2.956242 -0.183829 13.444556
 85.200000 2.809245 -0.266962 4.411297
 85.400000 2.850804 -0.155301 1.883057
 85.600000 2.782079 -0.211578 0.740764
 85.800000 2.819234 -0.213162 1.102737
 86.000000 2.877402 -0.236052 5.494209
 86.200000 2.846745 -0.240295 3.632134
 86.400000 2.894743 -0.227356 6.619213
 86.600000 2.852178 -0.211418 2.459406
 86.800000 2.779196 -0.208710 0.672908
 87.000000 2.858449 -0.156612 2.333440
 87.200000 2.797367 -0.149041 0.336629
 87.400000 2.793235 -0.165615 0.040013
 87.600000 2.799900 -0.208579 0.606736
 87.800000 2.779386 -0.169795 0.097563
 88.000000 2.866461 -0.189824 2.850048
 88.200000 2.827105 -0.167022 0.626013
 88.400000 2.829236 -0.215821 1.526113
 88.600000 2.811521 -0.221369 1.277176
 88.800000 2.844775 -0.168304 1.384321
 89.000000 2.786243 -0.249259 2.811707
 89.200000 2.842613 -0.232073 2.909786
 89.400000 2.882259 -0.211847 4.722097
 89.600000 2.897690 -0.113312 7.403638
 89.800000 2.898663 -0.272878 10.468269
 90.000000 2.835280 -0.274594 5.920056
 90.200000 2.879335 -0.178581 3.776028
 90.400000 2.760098 -0.212449 1.244612
 90.600000 2.867649 -0.173316 2.822407
 90.800000 2.856646 -0.251350 5.006044
 91.000000 2.847329 -0.252509 4.541772
 91.200000 2.892365 -0.142583 5.494214
 91.400000 2.801615 -0.140111 0.633726
 91.600000 2.823727 -0.099011 3.338512
 91.800000 2.824614 -0.201966 0.891090
 92.000000 2.868852 -0.154431 3.114807
 92.200000 2.883107 -0.145767 4.516174
 92.400000 2.778432 -0.200213 0.429067
 92.600000 2.867582 -0.228295 4.261797
 92.800000 2.842816 -0.225190 2.547594
 93.000000 2.809353 -0.189369 0.251622
 93.200000 2.816640 -0.226175 1.624196
 93.400000 2.880859 -0.203087 4.308915
 93.600000 2.852385 -0.140186 2.381329
 93.800000 2.812954 -0.122027 1.587097
 94.000000 2.862653 -0.218592 3.429426
 94.200000 2.794143 -0.225276 1.288742
 94.400000 2.822317 -0.242897 2.780559
 94.600000 2.792159 -0.219137 0.994841
 94.800000 2.901069 -0.194250 6.085086
 95.000000 2.878215 -0.198719 3.963692
 95.200000 2.842418 -0.156400 1.408949
 95.400000 2.922355 -0.151618 8.690218
 95.600000 2.708010 -0.215064 4.392911
 95.800000 2.879316 -0.204375 4.211472
 96.000000 2.726953 -0.174977 2.150059
 96.200000 2.873491 -0.148317 3.621241
 96.400000 2.837468 -0.132751 1.882733
 96.600000 2.802868 -0.123008 1.380882
 96.800000 2.823159 -0.210171 1.104219
 97.000000 2.835806 -0.324869 12.237075
 97.200000 2.854155 -0.277788 7.229798
 97.400000 2.861788 -0.148478 2.737977
 97.600000 2.859552 -0.204320 2.689797
 97.800000 2.888245 -0.214859 5.394129
 98.000000 2.887478 -0.227193 5.894385
 98.200000 2.811610 -0.271902 4.922419
 98.400000 2.844924 -0.217593 2.299807
 98.600000 2.798791 -0.271828 4.752814
 98.800000 2.861383 -0.173168 2.371486
 99.000000 2.762228 -0.239375 2.561269
 99.200000 2.876139 -0.141652 4.036086
 99.400000 2.799801 -0.180637 0.045084
 99.600000 2.820107 -0.194833 0.586386
 99.800000 2.721826 -0.287488 8.878738
 100.000000 2.874412 -0.214834 4.164671
 100.200000 2.800149 -0.157501 0.174092
 100.400000 2.782074 -0.133447 0.898640
 100.600000 2.794408 -0.165634 0.041367
 100.800000 2.879066 -0.213194 4.491808
 101.000000 2.826368 -0.225353 1.863962
 101.200000 2.814251 -0.226674 1.595305
 101.400000 2.824002 -0.186202 0.563416
 101.600000 2.882527 -0.285129 10.165802
 101.800000 2.883073 -0.212194 4.808535
 102.000000 2.855205 -0.255773 5.264225
 102.200000 2.877346 -0.199802 3.916409
 102.400000 2.852931 -0.221096 2.908388
 102.600000 2.929420 -0.145441 9.793017
 102.800000 2.785042 -0.220740 1.095553
 103.000000 2.909132 -0.140052 7.392911
 103.200000 2.768187 -0.198942 0.594107
 103.400000 2.852982 -0.184242 1.874563
 103.600000 2.759382 -0.202556 0.941936
 103.800000 2.810667 -0.190346 0.289564
 104.000000 2.883987 -0.193154 4.355885
 104.200000 2.792454 -0.125091 1.222271
 104.400000 2.864110 -0.192939 2.731459
 104.600000 2.844202 -0.192360 1.494057
 104.800000 2.883548 -0.186002 4.208171
 105.000000 2.864299 -0.144823 3.016979
 105.200000 2.849208 -0.245824 4.147571
 105.400000 2.873545 -0.185976 3.347419
 105.600000 2.900805 -0.133242 6.714579
 105.800000 2.803780 -0.191158 0.201506
 106.000000 2.869465 -0.240371 5.127026
 106.200000 2.827298 -0.206966 1.130460
 106.400000 2.891276 -0.206253 5.378786
 106.600000 2.753294 -0.230813 2.353336
 106.800000 2.919319 -0.122776 9.377466
 107.000000 2.903050 -0.202839 6.508251
 107.200000 2.971346 -0.145538 16.408478
 107.400000 2.800910 -0.238453 2.078045
 107.600000 2.833179 -0.223241 2.012507
 107.800000 2.826092 -0.214929 1.379204
 108.000000 2.769747 -0.178346 0.266730
 108.200000 2.779178 -0.180508 0.106941
 108.400000 2.827332 -0.093990 3.849289
 108.600000 2.844905 -0.162291 1.446678
 108.800000 2.806402 -0.083698 4.221781
 109.000000 2.830611 -0.263433 4.676841
 109.200000 2.864495 -0.218233 3.544564
 109.400000 2.842753 -0.272068 6.017916
 109.600000 2.850268 -0.192446 1.827451
 109.800000 2.787732 -0.291791 6.886167
 110.000000 2.885148 -0.223756 5.500746
 110.200000 2.807805 -0.225074 1.393924
 110.400000 2.765213 -0.162253 0.448433
 110.600000 2.780484 -0.286355 6.324548
 110.800000 2.835578 -0.215600 1.769978
 111.000000 2.850767 -0.133755 2.527369
 111.200000 2.764105 -0.198296 0.686232
 111.400000 2.851815 -0.173168 1.758465
 111.600000 2.856167 -0.180401 2.042228
 111.800000 2.750336 -0.109947 2.975725
 112.000000 2.843067 -0.098621 4.158427
 112.200000 2.786731 -0.156328 0.182511
 112.400000 2.877352 -0.162163 3.674144
 112.600000 2.740102 -0.116108 3.080909
 112.800000 2.832603 -0.134022 1.623615
 113.000000 2.869065 -0.176554 2.931059
 113.200000 2.790890 -0.243206 2.359360
 113.400000 2.856016 -0.154908 2.208024
 113.600000 2.827932 -0.204889 1.087500
 113.800000 2.843737 -0.232359 2.983155
 114.000000 2.813454 -0.177057 0.222166
 114.200000 2.754521 -0.179218 0.733206
 114.400000 2.760163 -0.122247 1.890586
 114.600000 2.805529 -0.100912 2.794571
 114.800000 2.924003 -0.178698 8.651716
 115.000000 2.887632 -0.210960 5.185991
 115.200000 2.821131 -0.274517 5.407546
 115.400000 2.885297 -0.151847 4.560453
 115.600000 2.839853 -0.171701 1.123883
 115.800000 2.913807 -0.165948 7.391242
 116.000000 2.753599 -0.308024 9.667555
 116.200000 2.947215 -0.164650 12.013127
 116.400000 2.854665 -0.157901 2.068897
 116.600000 2.909995 -0.089967 10.475112
 116.800000 2.840643 -0.188715 1.258167
 117.000000 2.867521 -0.165510 2.852782
 117.200000 2.892248 -0.142999 5.469320
 117.400000 2.805511 -0.158324 0.215650
 117.600000 2.873622 -0.203885 3.718984
 117.800000 2.808547 -0.206170 0.628787
 118.000000 2.815223 -0.177817 0.262951
 118.200000 2.815968 -0.177110 0.278062
 118.400000 2.834092 -0.287715 7.268963
 118.600000 2.831611 -0.266609 5.002804
 118.800000 2.869118 -0.198169 3.212467
 119.000000 2.846560 -0.211176 2.131126
 119.200000 2.800075 -0.205869 0.519465
 119.400000 2.863397 -0.271260 7.189366
 119.600000 2.889311 -0.173287 4.684396
 119.800000 2.845741 -0.234460 3.211532
 120.000000 2.821375 -0.213679 1.182328
 120.200000 2.851864 -0.243456 4.135672
 120.400000 2.799776 -0.224783 1.288807
 120.600000 2.822663 -0.298959 8.194979
 120.800000 2.875983 -0.180109 3.497979
 121.000000 2.826197 -0.239722 2.691616
 121.200000 2.826238 -0.148194 0.915106
 121.400000 2.870508 -0.106697 5.341414
 121.600000 2.876138 -0.168333 3.514623
 121.800000 2.848666 -0.217076 2.480767
 122.000000 2.826946 -0.266030 4.778180
 122.200000 2.875254 -0.212839 4.155608
 122.400000 2.867110 -0.250979 5.703398
 122.600000 2.834964 -0.143390 1.385381
 122.800000 2.789772 -0.202559 0.396523
 123.000000 2.832134 -0.175267 0.784640
 123.200000 2.727300 -0.193953 2.315833
 123.400000 2.791893 -0.209423 0.608852
 123.600000 2.802474 -0.226647 1.407420
 123.800000 2.862441 -0.216501 3.324649
 124.000000 2.797671 -0.261922 3.831675
 124.200000 2.810147 -0.260348 3.837375
 124.400000 2.840979 -0.237011 3.125519
 124.600000 2.936972 -0.217792 11.367960
 124.800000 2.876656 -0.226510 4.889657
 125.000000 2.817534 -0.257377 3.744246
 125.200000 2.806674 -0.310132 9.293673
 125.400000 2.841130 -0.198759 1.474606
 125.600000 2.794566 -0.141326 0.553427
 125.800000 2.864133 -0.157832 2.703164
 126.000000 2.871262 -0.146888 3.481703
 126.200000 2.890953 -0.121953 6.226203
 126.400000 2.883441 -0.146348 4.529925
 126.600000 2.876091 -0.259301 7.084259
 126.800000 2.835216 -0.259765 4.543414
 127.000000 2.847401 -0.224617 2.759749
 127.200000 2.804300 -0.148645 0.404396
 127.400000 2.817738 -0.218037 1.264084
 127.600000 2.776565 -0.240947 2.332805
 127.800000 2.930667 -0.184619 9.592157
 128.000000 2.807464 -0.234107 1.886075
 128.200000 2.899089 -0.226889 7.048263
 128.400000 2.814228 -0.280745 5.875998
 128.600000 2.864172 -0.255540 5.847557
 128.800000 2.857923 -0.209327 2.743665
 129.000000 2.791226 -0.222086 1.131475
 129.200000 2.919619 -0.230492 9.641955
 129.400000 2.847360 -0.186919 1.580048
 129.600000 2.887017 -0.167974 4.485667
 129.800000 2.896769 -0.241434 7.671043
 130.000000 2.845654 -0.212254 2.122677
 130.200000 2.886002 -0.079511 8.883306
 130.400000 2.752844 -0.162541 0.859273
 130.600000 2.856473 -0.165232 2.087826
 130.800000 2.706547 -0.205527 4.176570
 131.000000 2.883357 -0.122302 5.489085
 131.200000 2.903037 -0.116738 7.776444
 131.400000 2.701509 -0.121808 5.532080
 131.600000 2.781440 -0.118127 1.652261
 131.800000 2.849462 -0.095716 4.726879
 132.000000 2.747609 -0.131354 1.941043
 132.200000 2.784061 -0.121227 1.456569
 132.400000 2.764208 -0.178604 0.409253
 132.600000 2.824647 -0.097349 3.494530
 132.800000 2.786174 -0.177111 0.023499
 133.000000 2.840917 -0.133456 2.014465
 133.200000 2.816209 -0.143860 0.750826
 133.400000 2.837492 -0.107649 3.247630
 133.600000 2.830144 -0.121142 2.132800
 133.800000 2.796686 -0.223057 1.185954
 134.000000 2.852722 -0.264492 5.858071
 134.200000 2.835109 -0.173472 0.907188
 134.400000 2.882344 -0.201204 4.389232
 134.600000 2.820155 -0.217570 1.307769
 134.800000 2.857111 -0.269013 6.548795
 135.000000 2.962301 -0.196939 14.662575
 135.200000 2.882125 -0.171624 4.018116
 135.400000 2.885380 -0.154544 4.510592
 135.600000 2.863523 -0.213958 3.297415
 135.800000 2.880132 -0.239838 5.969678
 136.000000 2.901708 -0.180925 5.980749
 136.200000 2.869660 -0.154060 3.184329
 136.400000 2.855186 -0.150682 2.247510
 136.600000 2.829012 -0.215198 1.492425
 136.800000 2.813220 -0.167859 0.236379
 137.000000 2.922669 -0.153700 8.685551
 137.200000 2.862929 -0.154402 2.680850
 137.400000 2.839776 -0.186999 1.193929
 137.600000 2.824086 -0.253926 3.649610
 137.800000 2.929307 -0.138042 10.020289
 138.000000 2.807455 -0.201014 0.462042
 138.200000 2.827673 -0.183442 0.657309
 138.400000 2.823000 -0.219548 1.477467
 138.600000 2.757200 -0.181841 0.650685
 138.800000 2.878040 -0.166848 3.685759
 139.000000 2.881453 -0.176022 3.955006
 139.200000 2.837542 -0.214121 1.796778
 139.400000 2.799365 -0.176878 0.026128
 139.600000 2.868624 -0.263012 6.809633
 139.800000 2.827959 -0.244776 3.094753
 140.000000 2.847004 -0.221391 2.581747
 140.200000 2.835815 -0.197232 1.194546
 140.400000 2.811846 -0.284650 6.249445
 140.600000 2.918781 -0.204507 8.419293
 140.800000 2.825613 -0.191630 0.693503
 141.000000 2.861164 -0.120832 3.797416
 141.200000 2.856415 -0.174249 2.040914
 141.400000 2.782061 -0.184426 0.103707
 141.600000 2.903061 -0.132547 6.990270
 141.800000 2.797386 -0.126655 1.157973
 142.000000 2.846893 -0.189290 1.586752
 142.200000 2.814832 -0.161112 0.338818
 142.400000 2.822820 -0.104774 2.892029
 142.600000 2.910986 -0.121053 8.446391
 142.800000 2.770724 -0.197711 0.506295
 143.000000 2.842804 -0.122464 2.619478
 143.200000 2.825613 -0.129069 1.580863
 143.400000 2.869380 -0.119254 4.481064
 143.600000 2.876890 -0.179649 3.571653
 143.800000 2.874281 -0.177380 3.345895
 144.000000 2.859719 -0.141234 2.811819
 144.200000 2.887363 -0.177364 4.500961
 144.400000 2.812987 -0.259550 3.823227
 144.600000 2.848716 -0.224563 2.830138
 144.800000 2.751428 -0.215600 1.687787
 145.000000 2.882029 -0.207715 4.555846
 145.200000 2.851389 -0.210819 2.390729
 145.400000 2.856121 -0.301028 10.022620
 145.600000 2.892551 -0.204388 5.448116
 145.800000 2.833781 -0.311200 10.189905
 146.000000 2.797649 -0.163428 0.074778
 146.200000 2.770905 -0.279492 5.741908
 146.400000 2.783407 -0.153990 0.252590
 146.600000 2.739951 -0.201655 1.749923
 146.800000 2.785639 -0.115698 1.754492
 147.000000 2.811899 -0.173747 0.187950
 147.200000 2.818416 -0.096835 3.353617
 147.400000 2.908005 -0.132767 7.539728
 147.600000 2.834849 -0.154200 1.102301
 147.800000 2.866360 -0.250031 5.575715
 148.000000 2.835529 -0.206535 1.436658
 148.200000 2.743584 -0.193542 1.378343
 148.400000 2.762552 -0.159964 0.555379
 148.600000 2.862242 -0.236999 4.381114
 148.800000 2.825427 -0.242108 2.824406
 149.000000 2.807487 -0.275470 5.206042
 149.200000 2.846463 -0.152477 1.697773
 149.400000 2.981551 -0.220320 18.913194
 149.600000 2.827850 -0.334598 13.434222
 149.800000 2.909792 -0.235068 8.707819
 150.000000 2.861978 -0.173729 2.412048
 150.200000 2.737374 -0.238625 3.574857
 150.400000 2.934028 -0.183697 10.053232
 150.600000 2.765852 -0.265973 4.536402
 150.800000 2.933380 -0.176249 9.921252
 151.000000 2.821447 -0.211146 1.088440
 151.200000 2.914786 -0.220282 8.520169
 151.400000 2.868132 -0.199403 3.167334
 151.600000 2.848704 -0.278310 6.962741
 151.800000 2.852637 -0.192128 1.961422
 152.000000 2.863103 -0.243031 4.836461
 152.200000 2.784795 -0.101447 2.700687
 152.400000 2.825475 -0.207664 1.091620
 152.600000 2.796256 -0.178985 0.016863
 152.800000 2.916154 -0.184373 7.690232
 153.000000 2.787155 -0.077454 4.726554
 153.200000 2.888474 -0.189044 4.708169
 153.400000 2.870807 -0.160548 3.161693
 153.600000 2.885167 -0.245360 6.799368
 153.800000 2.815116 -0.219852 1.282061
 154.000000 2.778437 -0.232642 1.787565
 154.200000 2.904550 -0.172513 6.276621
 154.400000 2.781134 -0.203043 0.471308
 154.600000 2.800720 -0.155039 0.223570
 154.800000 2.831942 -0.282454 6.600302
 155.000000 2.878375 -0.184964 3.739334
 155.200000 2.819531 -0.238757 2.427015
 155.400000 2.893766 -0.175658 5.125344
 155.600000 2.776241 -0.182842 0.167139
 155.800000 2.783207 -0.278998 5.499916
 156.000000 2.796456 -0.187074 0.086366
 156.200000 2.853529 -0.163113 1.925872
 156.400000 2.778433 -0.160776 0.193938
 156.600000 2.896438 -0.165956 5.435506
 156.800000 2.843013 -0.176340 1.276055
 157.000000 2.726184 -0.234020 3.970057
 157.200000 2.841354 -0.129511 2.205522
 157.400000 2.828363 -0.202619 1.036519
 157.600000 2.904351 -0.208313 6.822883
 157.800000 2.787674 -0.320024 10.595535
 158.000000 2.840097 -0.153300 1.356860
 158.200000 2.787979 -0.271882 4.748807
 158.400000 2.837762 -0.201081 1.375513
 158.600000 2.836580 -0.240857 3.169775
 158.800000 2.778523 -0.105526 2.479036
 159.000000 2.894311 -0.159695 5.290049
 159.200000 2.802373 -0.168705 0.065456
 159.400000 2.841721 -0.218504 2.176728
 159.600000 2.855602 -0.212752 2.719600
 159.800000 2.875541 -0.224016 4.669980
 160.000000 2.800641 -0.177063 0.036123
 160.200000 2.803399 -0.182921 0.094279
 160.400000 2.898599 -0.195243 5.840150
 160.600000 2.833777 -0.176674 0.853072
 160.800000 2.869096 -0.094215 6.156946
 161.000000 2.812723 -0.166268 0.238100
 161.200000 2.873135 -0.068023 8.921038
 161.400000 2.748351 -0.258491 4.500232
 161.600000 2.776691 -0.183732 0.167703
 161.800000 2.864691 -0.225238 3.889329
 162.000000 2.803113 -0.249871 2.893913
 162.200000 2.833571 -0.222743 2.004428
 162.400000 2.857180 -0.213957 2.867151
 162.600000 2.887671 -0.194006 4.715785
 162.800000 2.812540 -0.245957 2.750975
 163.000000 2.792700 -0.243340 2.367225
 163.200000 2.942730 -0.227781 12.698224
 163.400000 2.899830 -0.170559 5.764852
 163.600000 2.899856 -0.210308 6.399730
 163.800000 2.787831 -0.099747 2.807469
 164.000000 2.791826 -0.197237 0.257987
 164.200000 2.776814 -0.162980 0.190179
 164.400000 2.815385 -0.178402 0.268724
 164.600000 2.729461 -0.233313 3.716160
 164.800000 2.826047 -0.173425 0.562426
 165.000000 2.816113 -0.197695 0.546413
 165.200000 2.702065 -0.206489 4.602285
 165.400000 2.898014 -0.158622 5.690321
 165.600000 2.819445 -0.164406 0.413576
 165.800000 2.872405 -0.182112 3.218979
 166.000000 2.846107 -0.098286 4.342211
 166.200000 2.794022 -0.215657 0.846732
 166.400000 2.916132 -0.103290 10.176920
 166.600000 2.844663 -0.229480 2.868686
 166.800000 2.924970 -0.293091 15.798664
 167.000000 2.875029 -0.273321 8.282878
 167.200000 2.844622 -0.184977 1.411507
 167.400000 2.909685 -0.122142 8.235444
 167.600000 2.918325 -0.199870 8.233519
 167.800000 2.915160 -0.187618 7.605043
 168.000000 2.882830 -0.145367 4.502681
 168.200000 2.761341 -0.200593 0.825832
 168.400000 2.764501 -0.228292 1.837755
 168.600000 2.856498 -0.188545 2.144299
 168.800000 2.778406 -0.156780 0.257289
 169.000000 2.872880 -0.137261 3.922917
 169.200000 2.815143 -0.153683 0.473107
 169.400000 2.769415 -0.130259 1.247157
 169.600000 2.842608 -0.112083 3.204072
 169.800000 2.788791 -0.232792 1.704023
 170.000000 2.866508 -0.290492 9.459851
 170.200000 2.826098 -0.257431 3.999591
 170.400000 2.839355 -0.244672 3.556156
 170.600000 2.894224 -0.208287 5.740814
 170.800000 2.827554 -0.202896 1.015696
 171.000000 2.844431 -0.255288 4.607691
 171.200000 2.924445 -0.257863 12.173165
 171.400000 2.881916 -0.204649 4.448699
 171.600000 2.918733 -0.218636 8.936574
 171.800000 2.819477 -0.300398 8.284177
 172.000000 2.937165 -0.134326 11.268411
 172.200000 2.857081 -0.139671 2.691294
 172.400000 2.797341 -0.113820 1.854634
 172.600000 2.756394 -0.245708 3.185755
 172.800000 2.870750 -0.163920 3.115790
 173.000000 2.821917 -0.120282 1.903469
 173.200000 2.816768 -0.167194 0.320762
 173.400000 2.925520 -0.167400 8.869001
 173.600000 2.743741 -0.246852 3.805102
 173.800000 2.812310 -0.263437 4.147620
 174.000000 2.783537 -0.234839 1.858796
 174.200000 2.842762 -0.164070 1.316504
 174.400000 2.824722 -0.165513 0.558950
 174.600000 2.845775 -0.226813 2.784268
 174.800000 2.888227 -0.219630 5.596083
 175.000000 2.803679 -0.211165 0.733154
 175.200000 2.815493 -0.234155 2.041114
 175.400000 2.871591 -0.248013 5.825248
 175.600000 2.853939 -0.218350 2.845730
 175.800000 2.773856 -0.168121 0.194855
 176.000000 2.802075 -0.138492 0.695067
 176.200000 2.868154 -0.114814 4.642958
 176.400000 2.777481 -0.202427 0.502226
 176.600000 2.793714 -0.225264 1.287529
 176.800000 2.818311 -0.166586 0.363996
 177.000000 2.826123 -0.290224 7.256621
 177.200000 2.829395 -0.230571 2.249772
 177.400000 2.859177 -0.217537 3.145816
 177.600000 2.843644 -0.151403 1.573982
 177.800000 2.895759 -0.267579 9.657219
 178.000000 2.846393 -0.261607 5.241734
 178.200000 2.922509 -0.206904 8.971657
 178.400000 2.936718 -0.090870 13.895256
 178.600000 2.941115 -0.207446 11.580795
 178.800000 2.834559 -0.262359 4.740044
 179.000000 2.858593 -0.238599 4.234604
 179.200000 2.798870 -0.179974 0.034922
 179.400000 2.848487 -0.199006 1.865234
 179.600000 2.850664 -0.209533 2.302478
 179.800000 2.824368 -0.137014 1.210796
 180.000000 2.820845 -0.189043 0.506243
 180.200000 2.785817 -0.172135 0.025389
 180.400000 2.868019 -0.227797 4.268051
 180.600000 2.800049 -0.182369 0.058995
 180.800000 2.850420 -0.260854 5.401508
 181.000000 2.869359 -0.239421 5.056857
 181.200000 2.858012 -0.267212 6.438859
 181.400000 2.847512 -0.102382 4.114585
 181.600000 2.792355 -0.245478 2.516648
 181.800000 2.879441 -0.202847 4.177862
 182.000000 2.888534 -0.236913 6.554324
 182.200000 2.807816 -0.143409 0.601219
 182.400000 2.887736 -0.292508 11.491485
 182.600000 2.931182 -0.195671 9.835992
 182.800000 2.732651 -0.263614 5.760340
 183.000000 2.853296 -0.168870 1.862480
 183.200000 2.772013 -0.291548 7.056671
 183.400000 2.909139 -0.170481 6.807382
 183.600000 2.880264 -0.192212 4.005167
 183.800000 2.942593 -0.167269 11.286291
 184.000000 2.889378 -0.216671 5.577885
 184.200000 2.887813 -0.135669 5.294977
 184.400000 2.880151 -0.162250 3.914457
 184.600000 2.894631 -0.214515 6.011911
 184.800000 2.841049 -0.263629 5.146231
 185.000000 2.845787 -0.144464 1.870418
 185.200000 2.805578 -0.163407 0.147057
 185.400000 2.804720 -0.193611 0.256322
 185.600000 2.839462 -0.143107 1.595235
 185.800000 2.839567 -0.159227 1.223530
 186.000000 2.836015 -0.168799 0.962059
 186.200000 2.812024 -0.193727 0.374279
 186.400000 2.878872 -0.172392 3.730046
 186.600000 2.773815 -0.190668 0.305228
 186.800000 2.774480 -0.184970 0.217306
 187.000000 2.771193 -0.220719 1.294156
 187.200000 2.850451 -0.178579 1.685812
 187.400000 2.809129 -0.191980 0.290015
 187.600000 2.912544 -0.237039 9.155622
 187.800000 2.929302 -0.259439 12.958276
 188.000000 2.821704 -0.281110 6.104988
 188.200000 2.903688 -0.286323 12.426934
 188.400000 2.926689 -0.320335 19.628859
 188.600000 2.826422 -0.329682 12.609967
 188.800000 2.848499 -0.315741 11.536233
 189.000000 2.902081 -0.278398 11.394959
 189.200000 2.909568 -0.224500 8.097669
 189.400000 2.797174 -0.176026 0.011911
 189.600000 2.904893 -0.170584 6.320875
 189.800000 2.886403 -0.146769 4.791790
 190.000000 2.857928 -0.208336 2.709974
 190.200000 2.886052 -0.132436 5.259541
 190.400000 2.803954 -0.182049 0.093536
 190.600000 2.825808 -0.139050 1.183328
 190.800000 2.862818 -0.111207 4.475481
 191.000000 2.757251 -0.170840 0.628999
 191.200000 2.842525 -0.193663 1.432903
 191.400000 2.780044 -0.170559 0.085809
 191.600000 2.817351 -0.145835 0.719903
 191.800000 2.775490 -0.138097 0.808895
 192.000000 2.837471 -0.194762 1.214609
 192.200000 2.852238 -0.148659 2.117447
 192.400000 2.868943 -0.257140 6.331663
 192.600000 2.916118 -0.249733 10.464971
 192.800000 2.891416 -0.211543 5.574453
 193.000000 2.794155 -0.160121 0.105184
 193.200000 2.838853 -0.255329 4.337038
 193.400000 2.925550 -0.251482 11.808123
 193.600000 2.936806 -0.259616 14.027732
 193.800000 2.835247 -0.238697 2.971010
 194.000000 2.863277 -0.257005 5.903600
 194.200000 2.938242 -0.236008 12.506122
 194.400000 2.868497 -0.191449 3.028831
 194.600000 2.838143 -0.087641 4.815547
 194.800000 2.872959 -0.127015 4.363620
 195.000000 2.865975 -0.171478 2.701999
 195.200000 2.845559 -0.195986 1.636353
 195.400000 2.842016 -0.101143 3.917618
 195.600000 2.819457 -0.188479 0.459868
 195.800000 2.884245 -0.101088 6.903208
 196.000000 2.880497 -0.193245 4.044458
 196.200000 2.872907 -0.113095 5.117791
 196.400000 2.851092 -0.212304 2.428286
 196.600000 2.862279 -0.253374 5.540662
 196.800000 2.897924 -0.154112 5.762761
 197.000000 2.796782 -0.171263 0.014402
 197.200000 2.834556 -0.221321 1.977776
 197.400000 2.927235 -0.248025 11.773702
 197.600000 2.810402 -0.197827 0.431081
 197.800000 2.808442 -0.162772 0.195818
 198.000000 2.790840 -0.289742 6.637952
 198.200000 2.873204 -0.262581 7.130654
 198.400000 2.760092 -0.319805 11.078011
 198.600000 2.816220 -0.283575 6.225785
 198.800000 2.826836 -0.240571 2.769084
 199.000000 2.800149 -0.259564 3.644199
 199.200000 2.840306 -0.209066 1.737710
 199.400000 2.838855 -0.234000 2.841318
 199.600000 2.826931 -0.179776 0.605569
 199.800000 2.845971 -0.266542 5.660994
 200.000000 2.850478 -0.219310 2.681635
