#! FIELDS time phi psi restraint.bias
#! SET min_phi -pi
#! SET max_phi pi
#! SET min_psi -pi
#! SET max_psi pi
 0.000000 1.439001 -3.106832 125.381759
 0.200000 1.800172 -3.083297 13.918398
 0.400000 1.751874 -3.065427 18.948117
 0.600000 1.833066 -2.944665 4.017564
 0.800000 1.927969 -3.012958 1.086187
 1.000000 1.874990 -3.036397 3.410564
 1.200000 1.906723 -2.964412 0.089817
 1.400000 1.856968 -2.931299 2.617268
 1.600000 1.837087 -3.014756 4.563275
 1.800000 1.936986 -2.891868 2.973550
 2.000000 1.884240 -2.982102 0.747611
 2.200000 1.974318 -2.909374 3.146590
 2.400000 1.850824 -2.955087 2.454792
 2.600000 1.938995 -2.981420 0.286145
 2.800000 1.955768 -2.943134 0.930837
 3.000000 1.950459 -2.861347 6.055627
 3.200000 1.860890 -3.028144 3.604510
 3.400000 1.949629 -2.947429 0.635717
 3.600000 1.913850 -2.940247 0.377523
 3.800000 1.839876 -2.961909 3.212168
 4.000000 1.847697 -2.999858 3.141811
 4.200000 1.870745 -2.995870 1.621245
 4.400000 1.935517 -2.920831 1.191094
 4.600000 1.884688 -3.032752 2.776367
 4.800000 1.916683 -3.066884 4.987494
 5.000000 1.805900 -3.045693 9.585304
 5.200000 1.862257 -2.992491 1.982579
 5.400000 1.903323 -2.922517 1.128804
 5.600000 1.959239 -2.938447 1.184619
 5.800000 1.829456 -3.005838 4.838565
 6.000000 1.769477 -2.964490 11.311217
 6.200000 1.936132 -2.951372 0.255401
 6.400000 1.902885 -2.955476 0.211214
 6.600000 1.873449 -3.035826 3.441506
 6.800000 1.892660 -3.075068 6.202900
 7.000000 1.899826 -2.994030 0.564434
 7.200000 1.851763 -2.883322 5.824731
 7.400000 1.845048 -2.916364 4.083619
 7.600000 1.980457 -2.905083 3.756471
 7.800000 1.882043 -2.922932 1.688777
 8.000000 1.885336 -2.913845 2.011948
 8.200000 1.888506 -2.963066 0.499577
 8.400000 1.865621 -2.931897 2.089247
 8.600000 1.852354 -3.005183 3.005332
 8.800000 1.925899 -3.025572 1.730091
 9.000000 1.988505 -2.943718 2.628306
 9.200000 1.851777 -2.947641 2.506349
 9.400000 1.849435 -2.901894 4.603251
 9.600000 1.939896 -2.891205 3.077650
 9.800000 1.812629 -2.948458 5.922513
 10.000000 1.824479 -2.885765 7.853442
 10.200000 1.845138 -3.018056 4.092177
 10.400000 1.888396 -3.051157 4.031205
 10.600000 1.818621 -2.975391 5.159580
 10.800000 1.840826 -2.952212 3.233563
 11.000000 1.936676 -2.882703 3.699386
 11.200000 1.851566 -2.948068 2.512527
 11.400000 1.938504 -2.945399 0.408344
 11.600000 1.925942 -2.987831 0.234207
 11.800000 1.861380 -3.000028 2.253528
 12.000000 1.847571 -2.929350 3.324014
 12.200000 1.959821 -2.968987 0.800200
 12.400000 1.945632 -2.971617 0.342416
 12.600000 1.903287 -2.952168 0.248253
 12.800000 1.904975 -2.978190 0.172760
 13.000000 1.961296 -2.989436 1.108715
 13.200000 1.883735 -2.954506 0.731391
 13.400000 1.915582 -2.896572 2.493439
 13.600000 1.900703 -2.960426 0.205530
 13.800000 1.872765 -3.040294 3.790682
 14.000000 1.919051 -2.974916 0.031188
 14.200000 1.946191 -2.983362 0.479501
 14.400000 1.794373 -3.029553 9.826555
 14.600000 1.813482 -2.961132 5.675966
 14.800000 1.843694 -2.886810 6.120867
 15.000000 1.926340 -2.969210 0.023290
 15.200000 1.858052 -2.941334 2.241177
 15.400000 1.817467 -2.906916 7.050968
 15.600000 1.948295 -2.966379 0.404456
 15.800000 1.976311 -2.929045 2.315790
 16.000000 1.915761 -2.951589 0.128079
 16.200000 1.776600 -2.902060 12.374520
 16.400000 1.856606 -2.903968 3.990939
 16.600000 1.889328 -2.927526 1.247621
 16.800000 1.913156 -3.014838 1.163859
 17.000000 1.854092 -3.043092 5.053306
 17.200000 1.965141 -2.913388 2.465427
 17.400000 2.030142 -2.881342 9.754492
 17.600000 1.946304 -3.003765 1.023240
 17.800000 1.885888 -2.923311 1.534115
 18.000000 1.871625 -2.829327 10.648593
 18.200000 1.901772 -2.951353 0.286972
 18.400000 1.815720 -2.994813 5.807914
 18.600000 1.904642 -2.945193 0.354901
 18.800000 1.772915 -2.894781 13.408847
 19.000000 1.886278 -2.917466 1.793729
 19.200000 1.909109 -2.981412 0.160820
 19.400000 1.980503 -2.873957 6.172704
 19.600000 1.946996 -2.889330 3.389031
 19.800000 1.914675 -2.902217 2.115760
 20.000000 1.891961 -2.900755 2.587405
 20.200000 1.837499 -2.933400 3.958333
 20.400000 1.913231 -3.024240 1.656792
 20.600000 1.895934 -2.932818 0.872530
 20.800000 1.903589 -3.008567 0.993813
 21.000000 1.838727 -3.007197 4.096934
 21.200000 1.891840 -3.013792 1.484568
 21.400000 1.739708 -2.963011 16.235950
 21.600000 1.818776 -3.042827 7.979497
 21.800000 1.794712 -3.016665 9.061602
 22.000000 1.856414 -2.927639 2.789836
 22.200000 1.862798 -3.015700 2.811088
 22.400000 1.886720 -3.041767 3.339766
 22.600000 1.854889 -2.984723 2.266726
 22.800000 1.825055 -2.930357 5.167735
 23.000000 1.941387 -2.989264 0.478174
 23.200000 1.880561 -3.004110 1.458625
 23.400000 1.935384 -2.973338 0.140164
 23.600000 1.969032 -2.992959 1.544213
 23.800000 1.879888 -2.961504 0.814422
 24.000000 1.913838 -2.963052 0.026176
 24.200000 1.970463 -3.004246 1.971616
 24.400000 1.937753 -2.934785 0.680864
 24.600000 1.990421 -2.969876 2.493218
 24.800000 1.895357 -2.969904 0.304286
 25.000000 1.865652 -2.994253 1.839139
 25.200000 1.822354 -2.928599 5.493503
 25.400000 1.856079 -2.979730 2.114433
 25.600000 1.848089 -3.112335 13.128088
 25.800000 1.812833 -3.097231 14.199861
 26.000000 1.827413 -2.949452 4.428412
 26.200000 1.837660 -3.002143 3.994064
 26.400000 1.854863 -3.094361 10.215270
 26.600000 1.861721 -2.946657 1.898360
 26.800000 1.919169 -2.986119 0.181859
 27.000000 1.864198 -2.965172 1.551008
 27.200000 1.851181 -2.973720 2.380764
 27.400000 1.879753 -2.941743 1.124846
 27.600000 1.909146 -2.956540 0.112756
 27.800000 1.917730 -2.991692 0.305639
 28.000000 1.873806 -2.918872 2.221588
 28.200000 1.912101 -2.911897 1.551589
 28.400000 1.895747 -2.974364 0.317449
 28.600000 1.922597 -2.955741 0.067796
 28.800000 1.928421 -2.937540 0.472332
 29.000000 1.943589 -3.009372 1.176661
 29.200000 1.900390 -2.932473 0.787698
 29.400000 1.884470 -2.936503 1.093136
 29.600000 1.897479 -2.939814 0.621664
 29.800000 1.855263 -2.959963 2.111719
 30.000000 1.872226 -2.969246 1.136977
 30.200000 1.834069 -2.932310 4.284052
 30.400000 1.889957 -2.989390 0.696474
 30.600000 1.800023 -3.009633 8.086908
 30.800000 1.815515 -3.035718 7.801135
 31.000000 1.850363 -2.952402 2.522468
 31.200000 1.897263 -3.035847 2.621197
 31.400000 1.788741 -2.971863 8.607951
 31.600000 1.835489 -2.970124 3.564079
 31.800000 1.955032 -2.974214 0.644049
 32.000000 1.873219 -2.963896 1.092812
 32.200000 1.866599 -3.008118 2.261395
 32.400000 1.839704 -2.948901 3.377540
 32.600000 1.879449 -2.959189 0.847586
 32.800000 1.876042 -2.856962 7.020870
 33.000000 1.871006 -2.970458 1.199253
 33.200000 1.907830 -3.015033 1.223093
 33.400000 1.920058 -2.908535 1.712617
 33.600000 1.884181 -2.916530 1.913185
 33.800000 1.810560 -2.919640 7.097797
 34.000000 1.834043 -2.893335 6.400159
 34.200000 1.882156 -2.961175 0.728202
 34.400000 1.987110 -2.923782 3.197632
 34.600000 1.841122 -2.934513 3.629663
 34.800000 1.832513 -3.008521 4.674499
 35.000000 1.795339 -2.996898 8.198145
 35.200000 1.909341 -2.955881 0.117826
 35.400000 1.829433 -2.971871 4.100297
 35.600000 1.873589 -2.980288 1.158100
 35.800000 1.919660 -2.980856 0.095184
 36.000000 1.926383 -2.946719 0.228141
 36.200000 1.889426 -2.960987 0.481622
 36.400000 1.763618 -2.938589 12.611341
 36.600000 1.880518 -2.961697 0.788351
 36.800000 1.920303 -2.998369 0.490232
 37.000000 1.916089 -2.878070 3.966721
 37.200000 1.940073 -2.938710 0.606082
 37.400000 1.828317 -2.896972 6.646408
 37.600000 1.853290 -2.910105 3.837847
 37.800000 1.878835 -3.004862 1.556113
 38.000000 1.821333 -2.939874 5.223541
 38.200000 1.896190 -2.943539 0.556803
 38.400000 1.881726 -2.955681 0.791910
 38.600000 1.874485 -2.925133 1.908464
 38.800000 1.760182 -2.971148 12.757313
 39.000000 1.904183 -2.940164 0.484606
 39.200000 1.933994 -3.030048 2.083614
 39.400000 1.871893 -2.921446 2.190854
 39.600000 1.877319 -2.971755 0.915995
 39.800000 1.854357 -2.966121 2.145895
 40.000000 1.839785 -2.907732 4.966058
 40.200000 1.899230 -2.940294 0.571035
 40.400000 1.878351 -2.962358 0.872659
 40.600000 1.987474 -3.019425 3.656747
 40.800000 1.884717 -2.976788 0.664905
 41.000000 1.905519 -2.969538 0.105935
 41.200000 1.967267 -2.991751 1.428419
 41.400000 1.876993 -2.942552 1.219212
 41.600000 1.922286 -2.932444 0.602074
 41.800000 1.903981 -2.979901 0.208553
 42.000000 2.023842 -2.981165 5.505381
 42.200000 1.866543 -2.978493 1.486833
 42.400000 1.961890 -2.947540 1.073664
 42.600000 1.895069 -3.068405 5.442816
 42.800000 1.886865 -2.971744 0.555387
 43.000000 1.920020 -2.925099 0.880385
 43.200000 1.958044 -2.962052 0.741458
 43.400000 1.881415 -2.932445 1.338174
 43.600000 2.005091 -2.949356 3.788720
 43.800000 1.819475 -2.919036 6.191951
 44.000000 1.824022 -2.970979 4.600385
 44.200000 1.814785 -2.957739 5.564043
 44.400000 1.898492 -3.028021 2.086508
 44.600000 1.864524 -3.044611 4.538250
 44.800000 1.843709 -3.020731 4.339967
 45.000000 1.888797 -3.013291 1.551155
 45.200000 1.835075 -3.053442 7.325408
 45.400000 1.854288 -2.958933 2.182989
 45.600000 1.987406 -2.973404 2.301222
 45.800000 1.929044 -2.893505 2.747321
 46.000000 1.995534 -2.954367 2.943670
 46.200000 1.865862 -2.988248 1.682498
 46.400000 1.888944 -2.964920 0.480266
 46.600000 1.907668 -2.930197 0.753770
 46.800000 1.883243 -3.003192 1.323234
 47.000000 1.850556 -2.942546 2.702100
 47.200000 1.860937 -2.850627 8.514417
 47.400000 1.930536 -2.828674 9.632275
 47.600000 1.900274 -2.934308 0.728175
 47.800000 2.021255 -2.923856 6.073481
 48.000000 1.956787 -2.955145 0.752711
 48.200000 1.993329 -2.982746 2.821724
 48.400000 1.788435 -2.975052 8.668498
 48.600000 1.922081 -2.971917 0.014259
 48.800000 1.871387 -2.900310 3.402695
 49.000000 1.863744 -2.862373 7.054294
 49.200000 1.833594 -3.026590 5.493010
 49.400000 1.899237 -3.020975 1.666127
 49.600000 1.931423 -2.978158 0.128407
 49.800000 1.964190 -3.091171 8.684253
 50.000000 1.798862 -3.008944 8.197626
 50.200000 1.925635 -2.943779 0.287653
 50.400000 1.930726 -2.996503 0.492477
 50.600000 2.028796 -2.905042 7.856402
 50.800000 1.924707 -2.884068 3.455565
 51.000000 1.868248 -3.008081 2.173400
 51.200000 1.974817 -3.024054 3.134170
 51.400000 1.928829 -2.904613 1.990028
 51.600000 1.917219 -3.021730 1.497889
 51.800000 1.898895 -3.027407 2.040676
 52.000000 1.837998 -2.966780 3.350905
 52.200000 1.842134 -2.943858 3.290023
 52.400000 1.890874 -2.982435 0.538352
 52.600000 1.838375 -3.006398 4.093855
 52.800000 1.862293 -3.029363 3.597992
 53.000000 1.891774 -3.079061 6.666604
 53.200000 1.902943 -3.023860 1.756254
 53.400000 1.878852 -3.050162 4.293965
 53.600000 1.827057 -3.029469 6.253825
 53.800000 1.877616 -2.969375 0.895035
 54.000000 1.915730 -3.040364 2.695315
 54.200000 1.849848 -3.067937 7.539109
 54.400000 1.830159 -2.860491 9.701716
 54.600000 1.847545 -2.972502 2.629666
 54.800000 1.883863 -2.996659 1.086007
 55.000000 1.873844 -2.940064 1.423245
 55.200000 1.846947 -3.014070 3.763330
 55.400000 1.904021 -2.895839 2.661688
 55.600000 1.870950 -2.926183 2.031649
 55.800000 1.921203 -2.949278 0.158996
 56.000000 1.881435 -2.931598 1.367108
 56.200000 1.848815 -2.874354 6.821048
 56.400000 1.863001 -2.946593 1.826037
 56.600000 1.855311 -2.985355 2.250746
 56.800000 1.919471 -2.891232 2.874992
 57.000000 1.885867 -2.850813 7.334452
 57.200000 1.857619 -2.972523 1.952042
 57.400000 1.919558 -2.928513 0.742970
 57.600000 1.893568 -2.816032 11.750344
 57.800000 1.807545 -2.872861 10.744198
 58.000000 1.895563 -2.948880 0.460485
 58.200000 1.809676 -2.943733 6.342528
 58.400000 1.910284 -2.884780 3.430817
 58.600000 1.832915 -2.948422 3.953596
 58.800000 1.881788 -2.931153 1.369481
 59.000000 1.901109 -2.956383 0.232839
 59.200000 1.882825 -2.988887 0.924111
 59.400000 1.996470 -2.915912 4.242402
 59.600000 1.948884 -2.931095 1.067883
 59.800000 1.871973 -2.956324 1.204296
 60.000000 1.840380 -2.961001 3.177041
 60.200000 1.899933 -2.928440 0.944345
 60.400000 1.935980 -3.028937 2.044304
 60.600000 1.926435 -3.036329 2.420683
 60.800000 1.825753 -3.002535 5.057559
 61.000000 1.918031 -3.017551 1.276353
 61.200000 1.904453 -3.033602 2.332631
 61.400000 1.809088 -3.044459 9.130827
 61.600000 1.862730 -3.032021 3.742023
 61.800000 1.800831 -2.992280 7.402200
 62.000000 1.776532 -2.981401 10.374551
 62.200000 1.825105 -2.922113 5.499532
 62.400000 2.086975 -3.007868 14.795989
 62.600000 2.001198 -2.863851 8.633775
 62.800000 1.839569 -2.974790 3.253353
 63.000000 1.892340 -2.998010 0.857686
 63.200000 1.959009 -2.909269 2.436103
 63.400000 1.968087 -2.870413 5.833160
 63.600000 1.841931 -2.961104 3.054346
 63.800000 1.852796 -2.916776 3.513198
 64.000000 1.931927 -2.871780 4.611940
 64.200000 1.923456 -2.928694 0.742427
 64.400000 1.974460 -2.920323 2.582660
 64.600000 1.918137 -2.921193 1.053348
 64.800000 1.871743 -2.946707 1.364844
 65.000000 1.845718 -2.857295 8.772901
 65.200000 1.884641 -2.925682 1.476338
 65.400000 1.879972 -2.944903 1.041049
 65.600000 1.861837 -2.922469 2.677617
 65.800000 1.922178 -2.952718 0.105527
 66.000000 2.012622 -2.930153 4.983247
 66.200000 1.902313 -2.979733 0.234286
 66.400000 1.867359 -2.959637 1.405855
 66.600000 1.909872 -3.006654 0.833758
 66.800000 1.873544 -2.965529 1.073851
 67.000000 1.843608 -2.873925 7.244393
 67.200000 1.829079 -2.935858 4.607597
 67.400000 1.938978 -2.988198 0.406118
 67.600000 1.853304 -2.962964 2.223406
 67.800000 1.899624 -2.973993 0.228816
 68.000000 1.919833 -2.968083 0.000524
 68.200000 1.897290 -2.976679 0.301009
 68.400000 1.938578 -2.945315 0.411552
 68.600000 1.844003 -2.980023 2.961347
 68.800000 1.899862 -2.956667 0.254009
 69.000000 1.831138 -2.914779 5.302628
 69.200000 1.915711 -2.940292 0.366876
 69.400000 1.897394 -3.010495 1.195708
 69.600000 1.926868 -3.024588 1.679310
 69.800000 1.909076 -3.009534 0.960190
 70.000000 1.853766 -2.994864 2.570909
 70.200000 1.903225 -2.953314 0.232873
 70.400000 1.872070 -2.968905 1.143771
 70.600000 1.868338 -3.001159 1.908730
 70.800000 1.842491 -3.004194 3.682637
 71.000000 1.804130 -2.972928 6.714133
 71.200000 1.839412 -2.932516 3.832790
 71.400000 1.869284 -2.926187 2.114387
 71.600000 1.874463 -2.957693 1.074404
 71.800000 1.908204 -2.945602 0.298167
 72.000000 1.917129 -2.962429 0.014458
 72.200000 1.921396 -2.847433 7.156400
 72.400000 1.849053 -2.855561 8.722974
 72.600000 1.841452 -2.913853 4.489500
 72.800000 1.842450 -2.978474 3.061458
 73.000000 1.920407 -2.916064 1.300408
 73.200000 1.830588 -2.957626 4.029420
 73.400000 1.848267 -2.966843 2.562990
 73.600000 1.855855 -2.917805 3.261451
 73.800000 1.834345 -2.988021 3.876297
 74.000000 1.879405 -3.016476 2.039377
 74.200000 1.837780 -2.951537 3.489230
 74.400000 1.853226 -2.924112 3.142429
 74.600000 1.884226 -2.931139 1.280123
 74.800000 1.887341 -2.965321 0.530331
 75.000000 1.998312 -2.847463 10.228829
 75.200000 1.938818 -2.953053 0.277764
 75.400000 1.838098 -3.010356 4.279930
 75.600000 1.880092 -2.860292 6.490457
 75.800000 1.834230 -2.858753 9.531650
 76.000000 1.982604 -3.052688 5.634422
 76.200000 1.896806 -2.958083 0.306092
 76.400000 1.859806 -2.904800 3.741494
 76.600000 1.929190 -3.029001 1.961895
 76.800000 1.911755 -3.070543 5.387278
 77.000000 1.827763 -2.898207 6.611496
 77.200000 1.870637 -2.902986 3.264242
 77.400000 1.902448 -2.984370 0.301456
 77.600000 1.929668 -2.936630 0.511056
 77.800000 1.908301 -3.018974 1.414394
 78.000000 2.005919 -3.011302 4.681535
 78.200000 1.892316 -3.010835 1.337531
 78.400000 1.874227 -2.985385 1.209179
 78.600000 1.909832 -3.029036 1.970838
 78.800000 1.882711 -2.968795 0.691619
 79.000000 1.866616 -2.961486 1.433113
 79.200000 1.836929 -2.966204 3.439316
 79.400000 1.939888 -2.887308 3.380720
 79.600000 1.876934 -2.925969 1.765661
 79.800000 1.854785 -2.934186 2.657848
 80.000000 1.803813 -2.907860 8.486054
 80.200000 1.856343 -3.005233 2.745961
 80.400000 1.922322 -2.975297 0.036953
 80.600000 1.807163 -2.930819 7.007293
 80.800000 1.842308 -2.997393 3.467406
 81.000000 1.942910 -2.978892 0.335601
 81.200000 1.814343 -2.980256 5.654233
 81.400000 1.822540 -2.823565 15.031172
 81.600000 1.839501 -2.929655 3.928516
 81.800000 1.894109 -2.993132 0.671508
 82.000000 1.874443 -2.852898 7.547856
 82.200000 1.837710 -3.035475 5.714811
 82.400000 1.931762 -2.988118 0.292530
 82.600000 1.850087 -2.972147 2.447242
 82.800000 1.784854 -2.933386 9.680536
 83.000000 1.877592 -2.955654 0.958427
 83.200000 1.945352 -2.963689 0.330553
 83.400000 1.898660 -2.967670 0.224956
 83.600000 1.886877 -3.009874 1.460535
 83.800000 1.819193 -3.000760 5.635016
 84.000000 1.902362 -2.985825 0.329187
 84.200000 1.883986 -3.068347 5.773129
 84.400000 1.931506 -2.963753 0.073255
 84.600000 1.868261 -2.950908 1.461756
 84.800000 1.831358 -2.965133 3.918326
 85.000000 1.955389 -2.922028 1.645007
 85.200000 1.814495 -2.980679 5.643874
 85.400000 1.913996 -2.921892 1.037251
 85.600000 1.935416 -3.098565 8.767769
 85.800000 1.948071 -3.004229 1.088639
 86.000000 1.868323 -2.960166 1.351923
 86.200000 1.852825 -2.930209 2.925988
 86.400000 1.906025 -2.825338 10.138199
 86.600000 1.943118 -3.016144 1.475052
 86.800000 1.844154 -2.986227 3.049555
 87.000000 1.859507 -2.942225 2.129759
 87.200000 1.831072 -2.931140 4.586916
 87.400000 1.873166 -3.043614 4.020599
 87.600000 1.808340 -3.083609 13.010464
 87.800000 1.775128 -2.934258 11.012029
 88.000000 1.799742 -2.923017 8.184280
 88.200000 1.884789 -2.946935 0.817568
 88.400000 1.917850 -2.913084 1.458711
 88.600000 1.854620 -2.968265 2.129009
 88.800000 1.821140 -2.871288 9.459108
 89.000000 1.887538 -3.006664 1.306697
 89.200000 1.913186 -2.967535 0.022399
 89.400000 1.836985 -2.948903 3.599161
 89.600000 1.920602 -2.990908 0.284652
 89.800000 1.933909 -2.927898 0.865489
 90.000000 1.848149 -2.974936 2.602421
 90.200000 1.868351 -2.924786 2.220256
 90.400000 1.922527 -2.954372 0.084043
 90.600000 1.924691 -2.921476 1.050621
 90.800000 1.901799 -2.979400 0.239277
 91.000000 1.897839 -2.974865 0.272962
 91.200000 1.952671 -2.927455 1.322497
 91.400000 1.860031 -2.877514 5.799096
 91.600000 1.882441 -2.956932 0.751443
 91.800000 1.806198 -2.992004 6.770838
 92.000000 1.888036 -2.993795 0.863835
 92.200000 1.837076 -2.975199 3.459914
 92.400000 1.845866 -3.032380 4.871064
 92.600000 1.825095 -2.961926 4.503610
 92.800000 1.861213 -3.051321 5.269833
 93.000000 1.805751 -2.958647 6.546091
 93.200000 1.731171 -2.880361 21.560453
 93.400000 1.861717 -2.967863 1.690758
 93.600000 1.933630 -3.022564 1.635160
 93.800000 1.908876 -2.898857 2.386135
 94.000000 1.930980 -2.930171 0.742199
 94.200000 1.943589 -3.011084 1.250542
 94.400000 1.930048 -2.860177 5.763836
 94.600000 1.874532 -2.870446 5.694467
 94.800000 1.876946 -2.945401 1.155472
 95.000000 1.855852 -2.996132 2.471240
 95.200000 1.861814 -2.927243 2.477461
 95.400000 1.836929 -3.016019 4.637412
 95.600000 1.945058 -3.022058 1.829837
 95.800000 1.823772 -2.989755 4.874198
 96.000000 1.935585 -2.997059 0.573588
 96.200000 1.830263 -3.008527 4.873770
 96.400000 1.813742 -2.987825 5.846338
 96.600000 1.859264 -3.078457 8.040781
 96.800000 1.887793 -2.976378 0.557644
 97.000000 1.856132 -2.947580 2.220516
 97.200000 1.811109 -2.966918 5.913615
 97.400000 1.914017 -3.006532 0.796097
 97.600000 1.800732 -3.090155 14.672285
 97.800000 1.843173 -2.978213 3.002780
 98.000000 1.939546 -3.025383 1.894500
 98.200000 1.942561 -3.007744 1.085202
 98.400000 1.846741 -2.985829 2.849480
 98.600000 1.930426 -2.988356 0.282566
 98.800000 1.846599 -3.005268 3.413703
 99.000000 1.846143 -2.973073 2.735334
 99.200000 1.883017 -3.038166 3.206815
 99.400000 1.919546 -3.085036 6.959289
 99.600000 1.918612 -2.977629 0.056638
 99.800000 1.952316 -2.956599 0.581349
 100.000000 1.920534 -3.044331 2.985677
 100.200000 1.873641 -2.933851 1.619608
 100.400000 1.907078 -2.969825 0.085544
 100.600000 1.911034 -3.025733 1.760222
 100.800000 1.841585 -3.021435 4.541969
 101.000000 1.947037 -3.005523 1.108949
 101.200000 1.947451 -3.038764 2.951310
 101.400000 1.795755 -2.989530 7.953797
 101.600000 1.852581 -2.924687 3.161077
 101.800000 1.857642 -2.963738 1.941211
 102.000000 1.830644 -2.943672 4.253462
 102.200000 1.940214 -2.994598 0.586292
 102.400000 1.863619 -2.991351 1.876713
 102.600000 1.864760 -2.939635 1.894175
 102.800000 1.821239 -3.005748 5.611662
 103.000000 1.920441 -2.965054 0.002178
 103.200000 1.788075 -2.874725 12.946808
 103.400000 1.823870 -2.934320 5.143193
 103.600000 1.878850 -2.971590 0.851250
 103.800000 1.790935 -2.911129 9.875259
 104.000000 1.868420 -2.905625 3.210302
 104.200000 1.875797 -3.036149 3.357538
 104.400000 1.833784 -2.978217 3.767004
 104.600000 1.896265 -2.969217 0.280744
 104.800000 1.860619 -2.979886 1.837128
 105.000000 1.892506 -2.924489 1.280342
 105.200000 1.905740 -2.894132 2.758909
 105.400000 1.949726 -2.934922 0.962316
 105.600000 1.909006 -2.944413 0.315367
 105.800000 1.937213 -2.869390 4.920242
 106.000000 1.887541 -2.926720 1.335977
 106.200000 1.896722 -2.925929 1.113591
 106.400000 1.839523 -2.966890 3.227241
 106.600000 1.885656 -3.017223 1.843224
 106.800000 1.860162 -2.965620 1.783096
 107.000000 1.832156 -3.040189 6.520181
 107.200000 1.841199 -3.027822 4.939992
 107.400000 1.822668 -2.961513 4.738777
 107.600000 1.770224 -2.974730 11.225164
 107.800000 1.830442 -3.066553 8.947486
 108.000000 1.889136 -3.047478 3.705583
 108.200000 1.795230 -3.009057 8.648453
 108.400000 1.894070 -3.025972 2.067972
 108.600000 1.954935 -2.920373 1.704904
 108.800000 1.861271 -2.934090 2.259981
 109.000000 1.828166 -2.982675 4.326025
 109.200000 1.856419 -2.933701 2.568916
 109.400000 1.930733 -2.991494 0.357601
 109.600000 1.945468 -2.948793 0.494663
 109.800000 1.933204 -2.975900 0.128081
 110.000000 1.910225 -2.949715 0.196855
 110.200000 1.920831 -2.935428 0.500743
 110.400000 1.920326 -2.997109 0.451588
 110.600000 1.919854 -2.856815 6.076934
 110.800000 1.871280 -2.943242 1.463788
 111.000000 1.885336 -2.961681 0.610506
 111.200000 1.827666 -2.947056 4.450126
 111.400000 1.930724 -2.927371 0.846591
 111.600000 1.877547 -2.948742 1.063070
 111.800000 1.893152 -2.945376 0.591807
 112.000000 1.851620 -2.941647 2.651376
 112.200000 1.884827 -2.974879 0.644316
 112.400000 1.864027 -2.959448 1.587758
 112.600000 1.868059 -2.964880 1.344177
 112.800000 1.853491 -2.999995 2.744942
 113.000000 1.891301 -2.948525 0.579647
 113.200000 1.853429 -2.963464 2.213170
 113.400000 1.899531 -2.935607 0.701297
 113.600000 1.836351 -2.973688 3.509019
 113.800000 1.925195 -3.013073 1.072810
 114.000000 1.929035 -2.985107 0.204930
 114.200000 1.845289 -2.941071 3.118253
 114.400000 1.909628 -2.866614 5.097020
 114.600000 1.824909 -2.946907 4.711121
 114.800000 1.898598 -2.942223 0.534513
 115.000000 1.917813 -2.956285 0.060147
 115.200000 1.983678 -2.892500 4.815846
 115.400000 1.907717 -2.908843 1.768375
 115.600000 1.805574 -2.910467 8.132215
 115.800000 1.897582 -2.852810 6.774746
 116.000000 1.966200 -2.981101 1.172203
 116.200000 1.862441 -2.880456 5.398741
 116.400000 1.961291 -2.901962 2.977024
 116.600000 1.861610 -2.970180 1.701514
 116.800000 1.889863 -2.880915 4.160432
 117.000000 1.872413 -2.981447 1.229228
 117.200000 1.919115 -2.986956 0.198219
 117.400000 1.838846 -2.935810 3.770071
 117.600000 1.870507 -3.013874 2.313763
 117.800000 1.820432 -2.951621 5.062329
 118.000000 1.798706 -3.035543 9.684348
 118.200000 1.872930 -2.943557 1.377499
 118.400000 1.872624 -2.921013 2.175849
 118.600000 1.857690 -2.963918 1.937652
 118.800000 1.852174 -2.976315 2.333649
 119.000000 1.859365 -2.956052 1.890529
 119.200000 1.860374 -2.934049 2.314303
 119.400000 1.795587 -2.938434 8.131837
 119.600000 1.862656 -2.983867 1.777535
 119.800000 1.875838 -2.892113 3.777604
 120.000000 1.887493 -2.965878 0.524582
 120.200000 1.899437 -2.976861 0.256622
 120.400000 1.872799 -2.850014 7.957335
 120.600000 1.917626 -2.963957 0.007314
 120.800000 1.914018 -2.936011 0.499102
 121.000000 1.983520 -2.902670 4.099173
 121.200000 1.918835 -2.931139 0.645677
 121.400000 1.913848 -2.835835 8.628094
 121.600000 1.861301 -2.855812 7.902730
 121.800000 1.843749 -2.894161 5.553751
 122.000000 1.865452 -2.947503 1.671470
 122.200000 1.883560 -3.000105 1.204904
 122.400000 1.961385 -2.936319 1.334548
 122.600000 1.752723 -2.956415 14.024345
 122.800000 1.864232 -2.893457 4.256003
 123.000000 1.854473 -2.949806 2.286731
 123.200000 1.931393 -2.950241 0.207905
 123.400000 1.944942 -2.932789 0.901753
 123.600000 1.868997 -2.959660 1.321034
 123.800000 1.945633 -2.892480 3.113174
 124.000000 1.848577 -2.892697 5.305708
 124.200000 1.868831 -2.907275 3.089154
 124.400000 1.865150 -2.905316 3.402820
 124.600000 1.915397 -2.968652 0.011238
 124.800000 1.872810 -2.969014 1.108868
 125.000000 1.815870 -2.906983 7.211765
 125.200000 1.958381 -2.940929 1.083262
 125.400000 1.903650 -3.033783 2.357418
 125.600000 1.956459 -2.938332 1.082312
 125.800000 1.876535 -2.982427 1.056705
 126.000000 1.844815 -2.956555 2.871243
 126.200000 1.899268 -3.038634 2.773531
 126.400000 1.916494 -2.997310 0.463209
 126.600000 1.892875 -3.007286 1.173233
 126.800000 1.781741 -3.003366 10.197742
 127.000000 1.874357 -2.991446 1.332715
 127.200000 1.951507 -3.007196 1.306128
 127.400000 1.861803 -3.002498 2.313392
 127.600000 1.850000 -2.967838 2.440643
 127.800000 1.896580 -3.029551 2.223609
 128.000000 1.918832 -2.959556 0.028686
 128.200000 1.919501 -2.996310 0.427846
 128.400000 1.921715 -3.013362 1.073661
 128.600000 2.002648 -3.013681 4.513502
 128.800000 1.903150 -2.954053 0.224231
 129.000000 1.949788 -2.950137 0.590975
 129.200000 1.847825 -2.956308 2.652473
 129.400000 1.919326 -2.937324 0.442245
 129.600000 1.850990 -2.954116 2.455447
 129.800000 1.998721 -2.983860 3.250457
 130.000000 1.888153 -3.053326 4.223702
 130.200000 1.853973 -2.977515 2.225344
 130.400000 1.911495 -3.020726 1.475047
 130.600000 1.883491 -3.027606 2.494375
 130.800000 1.927501 -2.996281 0.456104
 131.000000 1.798480 -2.937521 7.803106
 131.200000 1.947332 -2.972500 0.392085
 131.400000 1.871795 -2.959094 1.186958
 131.600000 1.852882 -2.991878 2.551126
 131.800000 1.873733 -2.906086 2.922802
 132.000000 1.900445 -3.011198 1.162597
 132.200000 1.901466 -3.010378 1.107442
 132.400000 1.836510 -2.962802 3.482875
 132.600000 1.896662 -3.003035 0.916222
 132.800000 1.872300 -2.941905 1.447469
 133.000000 1.843977 -3.001429 3.469915
 133.200000 1.898564 -2.951391 0.349558
 133.400000 1.961415 -2.861662 6.417638
 133.600000 1.825826 -2.935591 4.916556
 133.800000 1.907596 -2.963512 0.081522
 134.000000 1.893383 -2.933783 0.904250
 134.200000 1.890219 -2.986660 0.631454
 134.400000 1.877378 -2.998041 1.382378
 134.600000 1.838367 -2.983768 3.460289
 134.800000 1.994096 -2.964112 2.759699
 135.000000 1.877271 -2.966064 0.907519
 135.200000 1.829220 -2.942101 4.419451
 135.400000 1.805133 -2.982787 6.705029
 135.600000 1.880533 -2.958557 0.809538
 135.800000 1.950940 -2.927277 1.274256
 136.000000 1.927190 -3.013388 1.100003
 136.200000 1.895252 -3.014135 1.410873
 136.400000 1.931668 -2.975022 0.101389
 136.600000 1.818945 -2.999883 5.630808
 136.800000 1.908899 -2.951264 0.184851
 137.000000 1.834941 -2.933467 4.170048
 137.200000 1.879331 -2.958551 0.857600
 137.400000 1.942789 -2.994391 0.636324
 137.600000 1.870689 -2.998794 1.712554
 137.800000 1.934590 -2.985911 0.286142
 138.000000 1.933395 -3.022721 1.640652
 138.200000 1.907293 -2.941904 0.395402
 138.400000 1.902807 -3.002192 0.762566
 138.600000 1.889755 -3.022246 1.976001
 138.800000 1.921856 -3.027537 1.830747
 139.000000 1.811093 -3.040062 8.580053
 139.200000 1.781993 -2.990880 9.787639
 139.400000 1.916611 -3.022565 1.545709
 139.600000 1.827593 -3.044531 7.257643
 139.800000 1.864216 -3.002724 2.184179
 140.000000 1.796833 -2.975798 7.606309
 140.200000 2.012900 -3.004292 5.021120
 140.400000 2.025930 -3.030451 7.634392
 140.600000 1.983989 -3.032372 4.188968
 140.800000 2.001577 -2.995003 3.729074
 141.000000 1.922078 -2.961822 0.016174
 141.200000 1.928217 -2.951046 0.163123
 141.400000 1.954868 -2.981341 0.714664
 141.600000 1.877876 -2.914394 2.268288
 141.800000 1.928054 -2.977265 0.085626
 142.000000 1.900849 -2.948386 0.355094
 142.200000 1.934276 -2.979716 0.183966
 142.400000 1.913234 -3.028222 1.892372
 142.600000 1.868744 -3.056693 5.323530
 142.800000 1.941061 -2.990004 0.487927
 143.000000 1.960010 -2.986662 0.998026
 143.200000 1.861876 -3.061532 6.143710
 143.400000 1.860887 -3.034856 4.037229
 143.600000 1.903975 -3.048180 3.416463
 143.800000 1.945732 -3.039507 2.958928
 144.000000 1.843808 -2.931455 3.525973
 144.200000 1.806178 -2.901357 8.620483
 144.400000 1.849884 -2.943606 2.723488
 144.600000 1.931788 -2.970799 0.078101
 144.800000 1.925862 -2.916309 1.305841
 145.000000 1.828486 -3.048605 7.499645
 145.200000 1.839717 -2.991875 3.519497
 145.400000 1.881222 -2.952830 0.847788
 145.600000 1.975231 -2.954925 1.606483
 145.800000 1.961741 -2.931612 1.505181
 146.000000 1.869771 -2.952358 1.362625
 146.200000 1.986541 -2.955014 2.295578
 146.400000 1.922475 -2.857124 6.046301
 146.600000 1.936469 -2.974615 0.166432
 146.800000 1.809394 -2.980306 6.189359
 147.000000 1.799016 -2.985169 7.465834
 147.200000 1.851910 -2.979230 2.382781
 147.400000 1.913794 -3.022997 1.582898
 147.600000 1.912020 -2.991539 0.330368
 147.800000 1.856052 -2.986821 2.231150
 148.000000 1.856378 -2.915274 3.356019
 148.200000 1.766248 -2.915847 13.110009
 148.400000 1.837161 -2.941571 3.744556
 148.600000 1.917732 -2.882761 3.555390
 148.800000 1.920626 -3.010149 0.928656
 149.000000 1.928812 -3.030597 2.058571
 149.200000 1.918535 -3.068052 5.100583
 149.400000 1.843431 -2.911043 4.489792
 149.600000 1.882182 -2.863100 6.113738
 149.800000 1.943200 -3.029479 2.220424
 150.000000 1.892789 -2.951534 0.487006
 150.200000 1.968816 -2.956267 1.256475
 150.400000 1.870000 -2.961837 1.256743
 150.600000 1.945206 -2.892042 3.135003
 150.800000 1.827142 -2.959050 4.330572
 151.000000 1.940992 -3.064759 4.995822
 151.200000 1.907324 -3.042987 2.961093
 151.400000 1.911481 -3.022105 1.550113
 151.600000 1.954020 -2.990149 0.849927
 151.800000 1.819561 -2.928895 5.758450
 152.000000 1.878165 -2.933804 1.422290
 152.200000 1.896976 -2.990700 0.541316
 152.400000 1.853448 -2.951481 2.326749
 152.600000 1.932313 -2.929461 0.784341
 152.800000 1.927906 -2.989235 0.278232
 153.000000 1.969875 -3.015948 2.445660
 153.200000 1.936843 -3.042759 3.009384
 153.400000 1.950782 -2.894864 3.084149
 153.600000 1.968430 -2.924178 2.098866
 153.800000 1.791507 -2.902559 10.317667
 154.000000 1.937543 -2.949852 0.304342
 154.200000 1.873542 -2.972937 1.090038
 154.400000 1.865189 -2.930253 2.171965
 154.600000 1.894987 -3.015860 1.500113
 154.800000 1.905279 -3.026323 1.862385
 155.000000 1.924959 -3.045763 3.110080
 155.200000 1.928542 -2.978947 0.108321
 155.400000 1.968134 -2.885106 4.523316
 155.600000 1.984207 -2.994228 2.439191
 155.800000 1.934380 -3.030437 2.113728
 156.000000 1.881340 -2.944764 0.990540
 156.200000 1.962215 -2.875417 5.096047
 156.400000 1.851484 -3.078941 8.596516
 156.600000 1.869138 -3.034353 3.550624
 156.800000 1.874768 -2.894465 3.651688
 157.000000 1.915183 -3.048142 3.298084
 157.200000 1.871469 -3.044385 4.160536
 157.400000 1.914751 -2.968545 0.014165
 157.600000 1.888593 -2.916597 1.762129
 157.800000 1.906269 -2.975492 0.127937
 158.000000 1.970470 -3.013157 2.343081
 158.200000 1.881603 -2.975403 0.766691
 158.400000 1.922570 -2.964242 0.007636
 158.600000 1.962404 -2.974511 0.932649
 158.800000 1.882690 -2.838578 8.944675
 159.000000 1.882356 -2.920933 1.767197
 159.200000 1.898382 -2.948911 0.395385
 159.400000 1.867131 -2.960844 1.409582
 159.600000 1.928012 -3.025425 1.736465
 159.800000 1.894615 -3.020618 1.752924
 160.000000 2.049717 -2.971642 8.441584
 160.200000 1.868364 -2.974326 1.352450
 160.400000 1.850031 -2.953889 2.524964
 160.600000 1.901776 -2.934880 0.681327
 160.800000 1.916065 -2.966448 0.007397
 161.000000 1.922441 -2.949464 0.158134
 161.200000 1.861075 -3.032437 3.865078
 161.400000 1.867416 -3.034863 3.673969
 161.600000 1.927617 -2.960645 0.050642
 161.800000 1.842063 -2.953219 3.122131
 162.000000 1.895345 -2.946065 0.520937
 162.200000 1.842100 -2.928878 3.752381
 162.400000 1.883546 -2.856624 6.757507
 162.600000 1.859369 -2.978207 1.891825
 162.800000 1.855633 -2.990659 2.341126
 163.000000 1.941937 -2.930140 0.925172
 163.200000 1.943921 -2.942412 0.593160
 163.400000 1.891936 -2.918958 1.546818
 163.600000 1.866689 -2.891459 4.271426
 163.800000 1.801760 -2.958086 7.014349
 164.000000 1.913441 -2.981693 0.127684
 164.200000 1.837883 -2.972785 3.376672
 164.400000 1.796818 -3.012152 8.586553
 164.600000 1.858032 -3.026445 3.674789
 164.800000 1.920672 -3.004101 0.686346
 165.000000 1.880916 -2.916817 2.020576
 165.200000 1.752995 -2.961595 13.937256
 165.400000 1.818947 -2.989264 5.338474
 165.600000 1.915410 -2.941468 0.337383
 165.800000 1.843784 -2.938044 3.314932
 166.000000 1.871544 -3.079908 7.534689
 166.200000 1.872001 -3.099674 9.938602
 166.400000 1.877008 -2.942180 1.227727
 166.600000 1.863455 -2.977515 1.645520
 166.800000 1.891824 -2.986052 0.573410
 167.000000 1.915337 -2.893543 2.712601
 167.200000 1.910310 -2.860945 5.675840
 167.400000 1.915657 -3.022029 1.519624
 167.600000 2.006184 -2.924316 4.639239
 167.800000 1.952509 -2.941672 0.855172
 168.000000 1.956400 -3.033914 2.902232
 168.200000 1.975738 -2.901938 3.681510
 168.400000 1.931436 -2.942878 0.359363
 168.600000 1.864302 -2.948482 1.716023
 168.800000 1.836338 -3.002017 4.099188
 169.000000 1.854817 -3.009716 3.025236
 169.200000 1.887618 -3.023565 2.116287
 169.400000 1.844247 -3.134537 16.883106
 169.600000 1.875083 -3.068035 6.100606
 169.800000 1.830491 -3.030321 5.994659
 170.000000 1.817984 -3.051042 8.716094
 170.200000 1.873246 -2.976998 1.135923
 170.400000 1.903379 -3.044053 3.099799
 170.600000 1.814755 -2.993594 5.875767
 170.800000 1.858426 -3.018342 3.202133
 171.000000 1.928235 -2.969481 0.037983
 171.200000 1.842866 -3.020835 4.410129
 171.400000 1.875641 -2.939022 1.370789
 171.600000 1.914401 -2.951067 0.142788
 171.800000 1.950276 -3.034782 2.755680
 172.000000 1.967019 -2.882561 4.681873
 172.200000 1.879861 -2.911300 2.354640
 172.400000 1.903755 -2.983860 0.270850
 172.600000 1.927616 -2.932099 0.641186
 172.800000 1.967208 -2.891227 3.996118
 173.000000 1.922607 -2.944193 0.265207
 173.200000 1.909022 -2.992172 0.374065
 173.400000 2.038375 -2.957354 7.069726
 173.600000 1.952679 -2.899491 2.821238
 173.800000 1.938599 -2.956149 0.235063
 174.000000 1.916568 -2.911869 1.528456
 174.200000 1.920535 -2.894077 2.663493
 174.400000 1.818073 -2.948881 5.345733
 174.600000 1.900712 -3.002034 0.794981
 174.800000 1.941329 -3.038481 2.780949
 175.000000 1.840545 -3.038168 5.673799
 175.200000 1.836093 -3.034159 5.759791
 175.400000 1.822882 -3.006454 5.478490
 175.600000 1.868548 -3.026032 3.055455
 175.800000 1.843577 -2.928139 3.667140
 176.000000 1.827156 -2.952271 4.406594
 176.200000 1.930381 -2.965724 0.056213
 176.400000 1.951304 -3.063322 5.127461
 176.600000 1.910788 -2.947280 0.236794
 176.800000 1.958453 -2.950818 0.876529
 177.000000 1.927499 -3.049322 3.412694
 177.200000 1.926103 -2.854860 6.313871
 177.400000 1.910302 -2.946432 0.258456
 177.600000 1.835654 -2.937268 3.989276
 177.800000 1.926880 -2.986294 0.209601
 178.000000 1.935646 -2.992320 0.443612
 178.200000 1.938871 -2.966528 0.180813
 178.400000 1.861079 -3.019994 3.128799
 178.600000 1.834626 -3.044929 6.664423
 178.800000 1.955314 -3.033980 2.867584
 179.000000 1.939652 -3.029967 2.174472
 179.200000 1.841661 -3.014306 4.173871
 179.400000 1.770620 -3.068872 16.319472
 179.600000 1.831281 -3.011133 4.894524
 179.800000 1.934538 -2.994925 0.495920
 180.000000 1.880340 -3.090667 8.420366
 180.200000 1.901186 -3.022319 1.701187
 180.400000 1.791873 -2.984765 8.347381
 180.600000 1.899914 -2.983318 0.331123
 180.800000 1.922640 -2.969851 0.007754
 181.000000 1.909045 -2.873130 4.469918
 181.200000 1.943137 -2.976106 0.311768
 181.400000 1.892724 -2.996052 0.788523
 181.600000 1.997177 -2.947942 3.171542
 181.800000 1.938754 -2.938565 0.584435
 182.000000 1.910044 -2.941114 0.384777
 182.200000 1.882856 -2.971679 0.695393
 182.400000 1.874118 -2.901806 3.175331
 182.600000 1.893673 -3.038647 2.905272
 182.800000 1.830515 -2.995930 4.408169
 183.000000 1.911413 -2.943010 0.324891
 183.200000 1.948667 -2.963632 0.420723
 183.400000 1.870402 -3.049804 4.646489
 183.600000 1.794582 -3.011139 8.819057
 183.800000 1.854037 -2.978840 2.235865
 184.000000 1.795371 -3.054651 11.585170
 184.200000 1.828032 -2.974331 4.242825
 184.400000 1.837370 -2.873860 7.745540
 184.600000 1.808455 -2.976386 6.249258
 184.800000 1.784596 -3.017527 10.421937
 185.000000 1.882492 -3.018501 2.021329
 185.200000 1.994146 -2.962969 2.767444
 185.400000 1.939195 -2.974573 0.215093
 185.600000 1.896830 -2.928033 1.026780
 185.800000 1.917871 -2.927514 0.783902
 186.000000 1.928572 -2.910378 1.644325
 186.200000 1.907733 -2.926412 0.899656
 186.400000 1.915935 -2.992772 0.338276
 186.600000 1.930594 -2.887603 3.214272
 186.800000 1.884842 -2.955066 0.685134
 187.000000 1.868347 -3.104485 10.769694
 187.200000 1.891434 -3.016746 1.638431
 187.400000 1.931717 -2.916825 1.332054
 187.600000 1.927719 -2.965623 0.031893
 187.800000 1.885817 -3.022409 2.111279
 188.000000 1.891628 -3.079361 6.704366
 188.200000 1.877807 -3.053075 4.583601
 188.400000 1.908929 -2.945167 0.299403
 188.600000 1.906107 -2.999620 0.624683
 188.800000 1.766724 -2.990792 12.007236
 189.000000 1.801867 -3.063730 11.633937
 189.200000 1.908527 -3.010059 0.988716
 189.400000 1.882401 -2.987137 0.903218
 189.600000 1.771091 -2.966298 11.066709
 189.800000 1.858047 -3.024853 3.580555
 190.000000 1.905628 -2.951958 0.215338
 190.200000 1.970571 -2.980674 1.378367
 190.400000 1.927371 -3.023044 1.595285
 190.600000 1.875490 -2.935727 1.475339
 190.800000 1.911001 -2.951874 0.154570
 191.000000 1.898143 -2.944430 0.491914
 191.200000 1.942392 -2.949963 0.399948
 191.400000 1.839336 -2.985735 3.416579
 191.600000 1.947957 -2.984990 0.555419
 191.800000 1.947174 -3.020988 1.827085
 192.000000 1.951478 -2.964961 0.501993
 192.200000 1.846998 -3.005691 3.400822
 192.400000 1.758590 -3.023509 14.597608
 192.600000 1.948884 -2.972011 0.433387
 192.800000 1.916129 -2.997033 0.456172
 193.000000 1.853011 -2.988398 2.462173
 193.200000 1.737748 -3.024782 18.248638
 193.400000 1.946608 -3.030166 2.348890
 193.600000 1.897087 -3.069106 5.466097
 193.800000 1.851426 -3.054495 6.164196
 194.000000 1.808654 -2.992154 6.498464
 194.200000 1.865495 -2.958402 1.515354
 194.400000 1.922256 -3.031350 2.069483
 194.600000 1.804195 -2.990098 6.954783
 194.800000 1.841626 -2.929046 3.783001
 195.000000 1.841822 -2.976838 3.092967
 195.200000 1.919587 -2.988055 0.220437
 195.400000 1.929501 -2.975314 0.080521
 195.600000 1.876876 -2.961780 0.937827
 195.800000 1.883309 -3.024257 2.303854
 196.000000 1.832275 -2.974062 3.860300
 196.200000 1.837775 -2.948107 3.548769
 196.400000 1.821676 -2.959752 4.846924
 196.600000 1.950538 -2.969501 0.473474
 196.800000 1.826776 -2.937512 4.769045
 197.000000 1.840887 -2.945372 3.353730
 197.200000 1.798890 -2.994671 7.698269
 197.400000 1.921852 -2.998950 0.510477
 197.600000 1.856985 -2.928303 2.727823
 197.800000 1.779535 -2.918470 11.026408
 198.000000 1.821746 -2.977629 4.869242
 198.200000 1.824986 -2.932320 5.104193
 198.400000 1.815510 -2.962804 5.453724
 198.600000 1.853418 -3.034379 4.473336
 198.800000 1.867770 -2.938229 1.772397
 199.000000 1.911966 -2.964470 0.034531
 199.200000 1.833999 -2.923991 4.613696
 199.400000 1.830684 -2.937700 4.407413
 199.600000 1.907453 -2.994828 0.462543
 199.800000 1.971117 -2.972881 1.330454
 200.000000 1.939785 -2.984328 0.347565
