#! FIELDS time phi psi restraint.bias
#! SET min_phi -pi
#! SET max_phi pi
#! SET min_psi -pi
#! SET max_psi pi
 0.000000 -1.843556 -0.907222 122.492129
 0.200000 -2.094580 -1.409806 15.354853
 0.400000 -1.985027 -1.316754 5.284127
 0.600000 -1.953143 -1.351185 1.569839
 0.800000 -2.024687 -1.403812 5.522623
 1.000000 -1.867811 -1.244818 12.822526
 1.200000 -2.027171 -1.408799 5.836142
 1.400000 -1.836189 -1.419815 3.777959
 1.600000 -1.936788 -1.326421 2.582191
 1.800000 -1.994354 -1.448141 4.120191
 2.000000 -1.890118 -1.471252 3.253997
 2.200000 -1.894572 -1.421309 0.633452
 2.400000 -1.862557 -1.456748 3.471140
 2.600000 -1.908565 -1.440735 1.052663
 2.800000 -1.913085 -1.444370 1.180096
 3.000000 -1.933241 -1.459957 2.117913
 3.200000 -1.856824 -1.369478 2.345633
 3.400000 -1.900652 -1.267188 8.514726
 3.600000 -1.988634 -1.431844 2.997808
 3.800000 -1.995820 -1.295127 7.999133
 4.000000 -1.985073 -1.412852 2.263813
 4.200000 -1.901556 -1.365024 0.655509
 4.400000 -1.916332 -1.318354 3.041152
 4.600000 -2.027605 -1.366202 6.256156
 4.800000 -1.937705 -1.322659 2.867960
 5.000000 -1.959060 -1.321794 3.541063
 5.200000 -1.909549 -1.471609 2.891655
 5.400000 -1.921136 -1.363890 0.524836
 5.600000 -1.917532 -1.460062 2.037858
 5.800000 -1.956284 -1.449949 2.104349
 6.000000 -1.900072 -1.439601 1.134916
 6.200000 -1.881995 -1.420116 1.001430
 6.400000 -1.943737 -1.423614 0.659039
 6.600000 -1.868076 -1.359102 2.031428
 6.800000 -1.978085 -1.424953 2.106472
 7.000000 -1.917680 -1.386713 0.047988
 7.200000 -1.935229 -1.287474 6.035608
 7.400000 -1.979075 -1.395399 1.753455
 7.600000 -1.970938 -1.253100 11.552276
 7.800000 -1.974111 -1.332831 3.483326
 8.000000 -1.920014 -1.361729 0.596310
 8.200000 -1.948812 -1.374254 0.661240
 8.400000 -1.964885 -1.317770 4.094090
 8.600000 -2.014023 -1.424363 4.827964
 8.800000 -1.856347 -1.314200 5.384236
 9.000000 -1.946292 -1.468025 2.924127
 9.200000 -1.906837 -1.430784 0.680674
 9.400000 -1.906667 -1.454650 1.791550
 9.600000 -1.896822 -1.461567 2.397709
 9.800000 -1.817134 -1.376881 5.464425
 10.000000 -1.857326 -1.388897 1.982488
 10.200000 -1.909802 -1.389064 0.076516
 10.400000 -2.026275 -1.457090 7.511765
 10.600000 -1.942347 -1.371310 0.564131
 10.800000 -1.918019 -1.370398 0.336218
 11.000000 -1.945444 -1.371269 0.639589
 11.200000 -1.949978 -1.438934 1.363847
 11.400000 -1.967138 -1.279674 7.914059
 11.600000 -1.905762 -1.349955 1.171631
 11.800000 -1.987805 -1.378259 2.470204
 12.000000 -1.899946 -1.337044 1.951797
 12.200000 -1.986846 -1.392268 2.251413
 12.400000 -1.961117 -1.305401 4.978960
 12.600000 -1.959849 -1.437550 1.651774
 12.800000 -1.872441 -1.371683 1.426508
 13.000000 -1.913085 -1.428502 0.542626
 13.200000 -1.931459 -1.472180 2.948896
 13.400000 -1.837276 -1.485308 7.374726
 13.600000 -1.892239 -1.461889 2.534895
 13.800000 -1.913306 -1.495724 4.967672
 14.000000 -1.935487 -1.400216 0.129872
 14.200000 -1.985910 -1.395554 2.181434
 14.400000 -1.915540 -1.318529 3.030648
 14.600000 -1.974149 -1.346494 2.712016
 14.800000 -1.999540 -1.347852 4.346104
 15.000000 -1.930048 -1.264799 8.693295
 15.200000 -1.888015 -1.390208 0.525457
 15.400000 -1.932352 -1.407500 0.141128
 15.600000 -1.882383 -1.395234 0.702881
 15.800000 -1.895478 -1.458502 2.234144
 16.000000 -1.922168 -1.422113 0.336757
 16.200000 -1.965145 -1.398661 1.028135
 16.400000 -1.891345 -1.501882 5.984299
 16.600000 -1.903577 -1.460292 2.182440
 16.800000 -1.975490 -1.405822 1.592885
 17.000000 -1.959450 -1.401243 0.796009
 17.200000 -1.922868 -1.323726 2.635375
 17.400000 -1.983573 -1.298637 6.795062
 17.600000 -1.998368 -1.387081 3.123711
 17.800000 -1.939699 -1.307682 4.120084
 18.000000 -1.898930 -1.429745 0.779576
 18.200000 -2.011626 -1.302477 8.608183
 18.400000 -1.967028 -1.352720 2.060323
 18.600000 -1.918771 -1.389857 0.021115
 18.800000 -1.901239 -1.392576 0.180206
 19.000000 -1.894827 -1.393379 0.317545
 19.200000 -1.941719 -1.346951 1.454715
 19.400000 -1.950636 -1.443073 1.569104
 19.600000 -1.896014 -1.434876 1.029845
 19.800000 -1.879101 -1.486106 4.866532
 20.000000 -1.871230 -1.442170 2.236221
 20.200000 -1.873260 -1.425302 1.507485
 20.400000 -1.967195 -1.388096 1.153569
 20.600000 -2.007750 -1.394225 3.864235
 20.800000 -1.817368 -1.381540 5.360873
 21.000000 -1.966450 -1.255740 10.958587
 21.200000 -2.068155 -1.406831 11.051233
 21.400000 -1.851861 -1.334042 4.247822
 21.600000 -1.967183 -1.342711 2.553591
 21.800000 -1.951178 -1.330246 2.669520
 22.000000 -1.931455 -1.363818 0.593550
 22.200000 -1.884514 -1.443791 1.754163
 22.400000 -1.965608 -1.363626 1.578950
 22.600000 -1.940904 -1.393010 0.226676
 22.800000 -1.914875 -1.406069 0.060508
 23.000000 -1.840917 -1.423459 3.485991
 23.200000 -1.936539 -1.369074 0.508701
 23.400000 -1.927839 -1.459842 2.052950
 23.600000 -1.880939 -1.395569 0.757746
 23.800000 -1.963485 -1.413345 1.097349
 24.000000 -1.939460 -1.288727 5.974034
 24.200000 -1.931440 -1.375775 0.276911
 24.400000 -1.973680 -1.316985 4.590707
 24.600000 -2.022156 -1.292717 10.592986
 24.800000 -1.874774 -1.330011 3.211189
 25.000000 -1.977549 -1.420934 1.968190
 25.200000 -1.905923 -1.380522 0.221046
 25.400000 -1.937781 -1.354052 1.051423
 25.600000 -1.939033 -1.438865 1.091192
 25.800000 -1.890092 -1.339235 2.069251
 26.000000 -1.954874 -1.359817 1.277085
 26.200000 -1.919851 -1.419550 0.271142
 26.400000 -1.927554 -1.385307 0.089610
 26.600000 -1.997649 -1.427732 3.520539
 26.800000 -1.865644 -1.429137 2.010134
 27.000000 -1.870092 -1.432719 1.903027
 27.200000 -1.879052 -1.429576 1.387597
 27.400000 -1.925911 -1.389654 0.040137
 27.600000 -1.924584 -1.300038 4.640833
 27.800000 -1.957366 -1.388295 0.735000
 28.000000 -1.922044 -1.375144 0.225405
 28.200000 -1.970422 -1.335773 3.107679
 28.400000 -1.926648 -1.379505 0.163450
 28.600000 -1.924960 -1.374943 0.240275
 28.800000 -2.003084 -1.350849 4.494192
 29.000000 -1.906507 -1.357834 0.827610
 29.200000 -1.908218 -1.393387 0.071925
 29.400000 -1.918323 -1.367646 0.410658
 29.600000 -1.954003 -1.433737 1.284935
 29.800000 -1.910272 -1.414557 0.213325
 30.000000 -1.944758 -1.364269 0.821723
 30.200000 -1.940710 -1.462667 2.422017
 30.400000 -1.864701 -1.314855 4.835052
 30.600000 -1.883339 -1.394002 0.669542
 30.800000 -1.942237 -1.413304 0.395498
 31.000000 -2.009672 -1.366501 4.475831
 31.200000 -1.932877 -1.339780 1.679891
 31.400000 -1.864948 -1.309383 5.281884
 31.600000 -1.999331 -1.393565 3.161298
 31.800000 -1.922328 -1.325022 2.540690
 32.000000 -1.922912 -1.429375 0.552851
 32.200000 -1.998631 -1.375139 3.325384
 32.400000 -1.885367 -1.357874 1.331817
 32.600000 -1.928542 -1.437601 0.892086
 32.800000 -1.881717 -1.436182 1.524288
 33.000000 -1.864862 -1.451926 3.061671
 33.200000 -1.853572 -1.417824 2.429622
 33.400000 -2.003363 -1.369327 3.848935
 33.600000 -1.889853 -1.432894 1.121159
 33.800000 -1.964620 -1.326023 3.468437
 34.000000 -1.892572 -1.378995 0.521484
 34.200000 -1.929524 -1.332757 2.063225
 34.400000 -1.991148 -1.451129 4.045975
 34.600000 -1.879406 -1.347685 1.998264
 34.800000 -1.932772 -1.403869 0.112249
 35.000000 -1.915369 -1.399888 0.016665
 35.200000 -1.938619 -1.335166 2.042354
 35.400000 -1.931353 -1.314889 3.376942
 35.600000 -2.030811 -1.354278 7.036170
 35.800000 -1.960594 -1.284268 7.101070
 36.000000 -1.940400 -1.422886 0.565292
 36.200000 -1.925898 -1.415783 0.208718
 36.400000 -1.888648 -1.455871 2.263708
 36.600000 -1.970695 -1.427348 1.775107
 36.800000 -1.886466 -1.395116 0.558294
 37.000000 -1.940578 -1.375023 0.440143
 37.200000 -1.926940 -1.489653 4.385835
 37.400000 -1.938395 -1.270445 8.086862
 37.600000 -1.968138 -1.353543 2.077818
 37.800000 -1.960816 -1.432847 1.507795
 38.000000 -1.987890 -1.337606 4.034275
 38.200000 -1.850638 -1.382613 2.489132
 38.400000 -1.957386 -1.372207 0.993381
 38.600000 -1.905267 -1.401265 0.119024
 38.800000 -1.901706 -1.411977 0.288281
 39.000000 -2.001608 -1.436661 4.157172
 39.200000 -1.845806 -1.304026 6.996050
 39.400000 -2.007907 -1.300068 8.502778
 39.600000 -2.028517 -1.386089 5.954696
 39.800000 -1.951015 -1.363596 1.018810
 40.000000 -1.998126 -1.363075 3.613312
 40.200000 -1.873008 -1.438661 1.996433
 40.400000 -1.856317 -1.383890 2.095535
 40.600000 -1.935699 -1.377042 0.310143
 40.800000 -1.953531 -1.398216 0.568713
 41.000000 -1.917490 -1.405644 0.046813
 41.200000 -1.986619 -1.317073 5.363797
 41.400000 -1.959187 -1.353658 1.680815
 41.600000 -1.955886 -1.396087 0.648857
 41.800000 -1.953662 -1.364193 1.085474
 42.000000 -1.901374 -1.381060 0.286475
 42.200000 -1.979028 -1.433562 2.445907
 42.400000 -1.855299 -1.344433 3.427418
 42.600000 -1.974316 -1.350933 2.510059
 42.800000 -1.875255 -1.427903 1.495432
 43.000000 -1.917945 -1.297873 4.842157
 43.200000 -1.935726 -1.451435 1.647805
 43.400000 -1.895365 -1.430618 0.890169
 43.600000 -1.956536 -1.311093 4.299470
 43.800000 -1.962873 -1.410187 1.021912
 44.000000 -1.949966 -1.326005 2.921213
 44.200000 -1.950290 -1.371943 0.758667
 44.400000 -1.960440 -1.318491 3.847540
 44.600000 -1.998042 -1.368191 3.450099
 44.800000 -1.877147 -1.329683 3.128745
 45.000000 -1.929036 -1.362266 0.619999
 45.200000 -1.886696 -1.383673 0.629261
 45.400000 -1.960832 -1.339553 2.447303
 45.600000 -1.920492 -1.473905 3.014284
 45.800000 -1.896993 -1.363782 0.789022
 46.000000 -1.899260 -1.448677 1.585819
 46.200000 -1.842459 -1.458534 4.934404
 46.400000 -2.029196 -1.364895 6.468949
 46.600000 -1.923200 -1.415637 0.193232
 46.800000 -2.012262 -1.383934 4.344915
 47.000000 -1.897385 -1.305632 4.359631
 47.200000 -1.976722 -1.257413 11.256278
 47.400000 -1.943338 -1.487772 4.462449
 47.600000 -1.948321 -1.265885 8.904250
 47.800000 -1.841371 -1.448726 4.456616
 48.000000 -1.816732 -1.420910 5.621697
 48.200000 -1.996253 -1.462223 5.093117
 48.400000 -1.913475 -1.430509 0.606782
 48.600000 -1.990016 -1.492642 7.105213
 48.800000 -1.831881 -1.406931 3.927241
 49.000000 -1.947760 -1.367455 0.804107
 49.200000 -1.918846 -1.496288 5.003012
 49.400000 -1.970382 -1.275499 8.568110
 49.600000 -1.916469 -1.416316 0.206801
 49.800000 -1.848306 -1.421615 2.881498
 50.000000 -1.847907 -1.263208 11.440647
 50.200000 -1.949097 -1.432306 1.076882
 50.400000 -2.023081 -1.378426 5.486177
 50.600000 -1.969526 -1.376256 1.433405
 50.800000 -1.870299 -1.387042 1.270751
 51.000000 -1.907312 -1.392857 0.084555
 51.200000 -2.024236 -1.389099 5.472591
 51.400000 -1.887882 -1.419969 0.792331
 51.600000 -1.973312 -1.352225 2.398147
 51.800000 -1.977849 -1.350955 2.707625
 52.000000 -1.895549 -1.388011 0.329611
 52.200000 -1.933125 -1.377857 0.257342
 52.400000 -1.915009 -1.349731 1.094406
 52.600000 -1.948223 -1.410083 0.497655
 52.800000 -1.890738 -1.377290 0.604100
 53.000000 -1.925069 -1.302875 4.374249
 53.200000 -1.956806 -1.441266 1.695055
 53.400000 -1.928907 -1.293874 5.282659
 53.600000 -1.929426 -1.398591 0.048445
 53.800000 -1.943849 -1.407924 0.355664
 54.000000 -1.935335 -1.376989 0.305452
 54.200000 -1.992839 -1.390403 2.679999
 54.400000 -1.844469 -1.339766 4.438033
 54.600000 -1.995557 -1.445672 4.085491
 54.800000 -1.893052 -1.304585 4.561824
 55.000000 -1.888468 -1.405943 0.539628
 55.200000 -1.918220 -1.401967 0.017613
 55.400000 -1.897133 -1.441578 1.285001
 55.600000 -1.933975 -1.413140 0.241986
 55.800000 -1.836323 -1.363106 4.039068
 56.000000 -1.968443 -1.372257 1.468211
 56.200000 -2.045633 -1.328466 10.207381
 56.400000 -1.924710 -1.396581 0.011803
 56.600000 -1.922409 -1.363899 0.526976
 56.800000 -1.947042 -1.294217 5.576077
 57.000000 -1.874052 -1.343655 2.433095
 57.200000 -1.964648 -1.335452 2.851892
 57.400000 -1.972827 -1.396418 1.402654
 57.600000 -1.947497 -1.423831 0.761834
 57.800000 -1.908619 -1.447559 1.378846
 58.000000 -1.928982 -1.402523 0.061174
 58.200000 -1.840706 -1.412763 3.268959
 58.400000 -1.958799 -1.403916 0.787334
 58.600000 -2.015494 -1.443844 5.704681
 58.800000 -1.959770 -1.298182 5.606325
 59.000000 -1.944016 -1.393130 0.296615
 59.200000 -1.882501 -1.362539 1.266580
 59.400000 -1.950689 -1.384257 0.547211
 59.600000 -1.886747 -1.416065 0.744339
 59.800000 -2.010646 -1.353327 5.042593
 60.000000 -1.904164 -1.379336 0.266496
 60.200000 -1.915060 -1.380155 0.141270
 60.400000 -1.926648 -1.423964 0.406696
 60.600000 -1.906869 -1.318479 3.109606
 60.800000 -1.959440 -1.513026 7.599993
 61.000000 -1.863308 -1.383088 1.685962
 61.200000 -1.913981 -1.472342 2.911277
 61.400000 -1.840379 -1.503207 8.877330
 61.600000 -1.879497 -1.378611 0.970471
 61.800000 -1.943759 -1.430058 0.856582
 62.000000 -1.952554 -1.263199 9.387388
 62.200000 -1.964452 -1.393643 0.997539
 62.400000 -1.997389 -1.366379 3.451733
 62.600000 -1.904462 -1.315084 3.413613
 62.800000 -1.947827 -1.313129 3.846643
 63.000000 -1.929150 -1.388285 0.074958
 63.200000 -1.845506 -1.400751 2.774470
 63.400000 -1.961440 -1.382127 0.964286
 63.600000 -1.902628 -1.397331 0.149071
 63.800000 -1.925415 -1.463361 2.266440
 64.000000 -1.943225 -1.410562 0.375135
 64.200000 -1.857870 -1.408698 1.998815
 64.400000 -1.869872 -1.439595 2.188314
 64.600000 -1.950383 -1.406983 0.523214
 64.800000 -1.858649 -1.381900 1.976660
 65.000000 -1.891859 -1.372334 0.678382
 65.200000 -1.879871 -1.444818 1.978407
 65.400000 -1.957578 -1.390294 0.729050
 65.600000 -2.058530 -1.397411 9.615070
 65.800000 -1.850425 -1.282996 8.825541
 66.000000 -1.916609 -1.403324 0.030221
 66.200000 -1.994016 -1.371949 3.044973
 66.400000 -1.914489 -1.331920 2.084470
 66.600000 -1.964924 -1.378434 1.174228
 66.800000 -1.939464 -1.428944 0.726135
 67.000000 -1.844681 -1.440734 3.814905
 67.200000 -1.858050 -1.394041 1.912828
 67.400000 -1.889840 -1.480410 3.991024
 67.600000 -1.959331 -1.347317 1.976783
 67.800000 -1.886589 -1.358494 1.266835
 68.000000 -1.902635 -1.356284 0.947586
 68.200000 -1.915987 -1.347611 1.191057
 68.400000 -2.016382 -1.454788 6.370603
 68.600000 -1.907549 -1.371233 0.389052
 68.800000 -1.872294 -1.409596 1.220265
 69.000000 -1.990117 -1.373790 2.720366
 69.200000 -1.891812 -1.339667 1.995004
 69.400000 -1.985900 -1.390070 2.199688
 69.600000 -1.922975 -1.408298 0.077263
 69.800000 -1.985877 -1.344199 3.534353
 70.000000 -1.905673 -1.450249 1.557871
 70.200000 -1.845022 -1.348529 3.939826
 70.400000 -1.988638 -1.398626 2.367832
 70.600000 -1.998077 -1.382529 3.153119
 70.800000 -1.903505 -1.317384 3.244738
 71.000000 -1.938284 -1.392148 0.178142
 71.200000 -1.911499 -1.385770 0.090025
 71.400000 -1.875596 -1.376766 1.169811
 71.600000 -1.839573 -1.464731 5.567098
 71.800000 -1.874058 -1.444189 2.197422
 72.000000 -1.918600 -1.534364 9.536639
 72.200000 -1.790240 -1.401014 8.412191
 72.400000 -1.968675 -1.444738 2.366275
 72.600000 -2.013293 -1.445993 5.601219
 72.800000 -1.896676 -1.323304 2.930303
 73.000000 -1.927427 -1.316559 3.205039
 73.200000 -1.938429 -1.310464 3.853154
 73.400000 -2.019690 -1.462113 7.150869
 73.600000 -2.000425 -1.273507 10.779685
 73.800000 -1.907674 -1.435547 0.845868
 74.000000 -1.915400 -1.342544 1.452817
 74.200000 -1.889071 -1.396637 0.474123
 74.400000 -1.859848 -1.370458 2.133819
 74.600000 -1.965223 -1.433413 1.718872
 74.800000 -2.009114 -1.416224 4.182188
 75.000000 -1.899269 -1.375331 0.431127
 75.200000 -1.900682 -1.356354 0.980315
 75.400000 -1.860433 -1.374022 2.013250
 75.600000 -1.922638 -1.356622 0.789579
 75.800000 -1.956097 -1.358175 1.381843
 76.000000 -1.960614 -1.397649 0.831299
 76.200000 -1.844674 -1.356388 3.621678
 76.400000 -1.994031 -1.344614 4.084389
 76.600000 -1.930719 -1.414632 0.227649
 76.800000 -1.837192 -1.433807 4.121974
 77.000000 -1.911508 -1.401399 0.048078
 77.200000 -1.963830 -1.433331 1.653611
 77.400000 -1.937779 -1.348714 1.290966
 77.600000 -1.872106 -1.494417 5.957349
 77.800000 -1.888349 -1.344855 1.817934
 78.000000 -1.949352 -1.428946 0.968907
 78.200000 -1.958329 -1.379412 0.881821
 78.400000 -1.896435 -1.367222 0.696113
 78.600000 -1.919015 -1.281362 6.601545
 78.800000 -2.019296 -1.367241 5.364706
 79.000000 -1.852430 -1.355531 3.103113
 79.200000 -1.902743 -1.365174 0.629806
 79.400000 -2.076073 -1.417893 12.434888
 79.600000 -1.973995 -1.430590 2.054367
 79.800000 -1.859448 -1.406229 1.874570
 80.000000 -1.868016 -1.407496 1.407108
 80.200000 -1.935972 -1.420809 0.431016
 80.400000 -1.903772 -1.423096 0.489448
 80.600000 -1.954060 -1.381002 0.701186
 80.800000 -1.941150 -1.411154 0.337435
 81.000000 -1.855508 -1.347898 3.240328
 81.200000 -1.958819 -1.396302 0.758821
 81.400000 -1.877475 -1.335119 2.767664
 81.600000 -2.006542 -1.381613 3.864048
 81.800000 -1.948876 -1.406696 0.475310
 82.000000 -1.884724 -1.412275 0.745552
 82.200000 -1.903766 -1.402397 0.148345
 82.400000 -1.937952 -1.328511 2.458829
 82.600000 -1.882641 -1.414766 0.863874
 82.800000 -1.938946 -1.470235 2.917970
 83.000000 -1.921216 -1.304673 4.195322
 83.200000 -1.904656 -1.405691 0.160060
 83.400000 -1.934185 -1.403450 0.128399
 83.600000 -1.888310 -1.374597 0.732480
 83.800000 -1.971471 -1.377672 1.504559
 84.000000 -1.908522 -1.454849 1.780455
 84.200000 -1.925238 -1.513055 6.834547
 84.400000 -1.911841 -1.328690 2.315286
 84.600000 -1.911044 -1.368871 0.414041
 84.800000 -1.941490 -1.453178 1.853542
 85.000000 -1.946573 -1.317369 3.468895
 85.200000 -1.916295 -1.411596 0.123902
 85.400000 -1.876941 -1.391578 0.932107
 85.600000 -1.939027 -1.395184 0.184235
 85.800000 -1.887106 -1.351097 1.556482
 86.000000 -1.951963 -1.379340 0.658424
 86.200000 -1.951629 -1.367913 0.906446
 86.400000 -1.978880 -1.389375 1.765295
 86.600000 -1.913886 -1.270164 7.968388
 86.800000 -1.882079 -1.418319 0.956997
 87.000000 -1.975715 -1.394623 1.561136
 87.200000 -1.963439 -1.411329 1.062948
 87.400000 -1.870818 -1.473555 4.189706
 87.600000 -1.883051 -1.407248 0.737851
 87.800000 -1.974752 -1.443696 2.631385
 88.000000 -1.881276 -1.269313 8.802630
 88.200000 -1.905756 -1.385557 0.156810
 88.400000 -1.977613 -1.407481 1.730499
 88.600000 -1.961259 -1.385323 0.916697
 88.800000 -1.922230 -1.411530 0.119332
 89.000000 -1.934820 -1.406077 0.160029
 89.200000 -1.960741 -1.335233 2.697902
 89.400000 -1.883995 -1.381035 0.759174
 89.600000 -1.946315 -1.315963 3.573980
 89.800000 -2.061870 -1.359503 10.758739
 90.000000 -1.987300 -1.407778 2.340226
 90.200000 -1.848396 -1.326357 4.997149
 90.400000 -1.850404 -1.468268 5.004582
 90.600000 -1.960664 -1.444780 2.009356
 90.800000 -1.897973 -1.470575 3.000668
 91.000000 -1.795733 -1.438239 8.585056
 91.200000 -1.980818 -1.382147 1.957423
 91.400000 -1.972117 -1.404551 1.399633
 91.600000 -1.899800 -1.371223 0.514740
 91.800000 -1.932653 -1.384437 0.151731
 92.000000 -1.973449 -1.307206 5.401377
 92.200000 -1.969549 -1.390220 1.252662
 92.400000 -1.991618 -1.344130 3.933438
 92.600000 -1.945645 -1.356319 1.130160
 92.800000 -1.894917 -1.388716 0.339622
 93.000000 -1.946352 -1.352371 1.314124
 93.200000 -1.888554 -1.349471 1.584868
 93.400000 -1.958224 -1.331921 2.805774
 93.600000 -1.925020 -1.452807 1.611914
 93.800000 -1.837062 -1.424351 3.822366
 94.000000 -1.955363 -1.419143 0.891905
 94.200000 -1.876176 -1.444072 2.097052
 94.400000 -1.903934 -1.462236 2.303070
 94.600000 -2.027360 -1.341874 7.256946
 94.800000 -1.999121 -1.317194 6.266988
 95.000000 -1.967970 -1.381602 1.264655
 95.200000 -1.924856 -1.317579 3.108066
 95.400000 -1.844427 -1.369448 3.204742
 95.600000 -1.946460 -1.350722 1.390711
 95.800000 -1.947339 -1.380576 0.500538
 96.000000 -1.870522 -1.387644 1.254376
 96.200000 -1.958751 -1.349850 1.833254
 96.400000 -1.981460 -1.448640 3.268794
 96.600000 -1.899851 -1.399053 0.204110
 96.800000 -1.862238 -1.454691 3.367149
 97.000000 -2.012575 -1.393071 4.302892
 97.200000 -1.849626 -1.378940 2.616613
 97.400000 -1.945173 -1.426964 0.791575
 97.600000 -1.959928 -1.390238 0.820797
 97.800000 -1.936379 -1.377110 0.319826
 98.000000 -1.925868 -1.314030 3.399177
 98.200000 -1.872585 -1.307656 5.043243
 98.400000 -1.972061 -1.279383 8.192889
 98.600000 -1.951329 -1.479333 3.945407
 98.800000 -1.884670 -1.370519 0.950640
 99.000000 -1.934241 -1.382499 0.198105
 99.200000 -1.985166 -1.456576 3.951069
 99.400000 -1.914370 -1.387656 0.052131
 99.600000 -1.821607 -1.413621 4.977696
 99.800000 -1.898205 -1.339641 1.837592
 100.000000 -2.015205 -1.349478 5.639534
 100.200000 -1.943713 -1.391605 0.295270
 100.400000 -1.923280 -1.404745 0.041804
 100.600000 -1.958201 -1.367259 1.155576
 100.800000 -1.867533 -1.415856 1.561123
 101.000000 -1.890084 -1.385513 0.501155
 101.200000 -2.005056 -1.351664 4.623563
 101.400000 -1.942897 -1.347951 1.432337
 101.600000 -2.051439 -1.342663 10.092744
 101.800000 -1.900902 -1.354656 1.045304
 102.000000 -1.917854 -1.311884 3.561963
 102.200000 -1.960072 -1.438936 1.718898
 102.400000 -1.922094 -1.312864 3.480201
 102.600000 -1.953266 -1.332240 2.607401
 102.800000 -1.991053 -1.410234 2.631664
 103.000000 -1.929220 -1.413641 0.194777
 103.200000 -1.841036 -1.374031 3.353920
 103.400000 -1.955470 -1.493891 5.399498
 103.600000 -1.919700 -1.411884 0.122014
 103.800000 -1.910339 -1.443769 1.173732
 104.000000 -1.906493 -1.382490 0.184219
 104.200000 -1.879214 -1.320757 3.676723
 104.400000 -1.935376 -1.411070 0.229962
 104.600000 -1.987266 -1.347260 3.472320
 104.800000 -1.940930 -1.307037 4.202629
 105.000000 -1.936183 -1.369643 0.487496
 105.200000 -1.934767 -1.376153 0.313280
 105.400000 -1.856043 -1.404028 2.066601
 105.600000 -1.973356 -1.390966 1.444813
 105.800000 -1.951067 -1.390253 0.504944
 106.000000 -1.911982 -1.376091 0.234504
 106.200000 -1.960003 -1.312709 4.296325
 106.400000 -1.879208 -1.473916 3.841374
 106.600000 -1.859616 -1.439647 2.755897
 106.800000 -1.965405 -1.445355 2.242085
 107.000000 -1.888362 -1.386341 0.545345
 107.200000 -1.907157 -1.455324 1.824793
 107.400000 -1.915892 -1.360854 0.634780
 107.600000 -1.869022 -1.309363 5.068186
 107.800000 -2.008480 -1.413493 4.074946
 108.000000 -1.973807 -1.310222 5.156605
 108.200000 -1.908252 -1.327492 2.432151
 108.400000 -1.960296 -1.353224 1.743624
 108.600000 -1.827820 -1.332585 6.263364
 108.800000 -1.997221 -1.368146 3.387462
 109.000000 -2.010268 -1.378363 4.246819
 109.200000 -1.938525 -1.372638 0.453220
 109.400000 -1.861099 -1.385448 1.785052
 109.600000 -1.864633 -1.347525 2.712875
 109.800000 -2.015350 -1.433441 5.250088
 110.000000 -1.914466 -1.443321 1.121748
 110.200000 -1.864105 -1.414944 1.728913
 110.400000 -1.900707 -1.375640 0.396114
 110.600000 -1.985040 -1.424242 2.515468
 110.800000 -1.911313 -1.330420 2.204186
 111.000000 -1.902325 -1.400052 0.160949
 111.200000 -2.026316 -1.359381 6.346321
 111.400000 -1.929440 -1.381059 0.161445
 111.600000 -1.921175 -1.367930 0.402241
 111.800000 -1.904653 -1.324186 2.713216
 112.000000 -1.895804 -1.369072 0.659094
 112.200000 -1.901636 -1.402798 0.187445
 112.400000 -1.972501 -1.408737 1.463207
 112.600000 -1.946254 -1.421284 0.661279
 112.800000 -1.881811 -1.433510 1.417605
 113.000000 -1.846753 -1.386812 2.717168
 113.200000 -1.924020 -1.460206 2.052971
 113.400000 -1.938348 -1.439449 1.103361
 113.600000 -1.845362 -1.419573 3.046767
 113.800000 -1.912329 -1.318972 3.015322
 114.000000 -1.910679 -1.364573 0.544315
 114.200000 -2.059178 -1.377996 9.871376
 114.400000 -1.963749 -1.336032 2.776952
 114.600000 -1.894128 -1.363758 0.859427
 114.800000 -1.953265 -1.397725 0.558938
 115.000000 -1.922196 -1.363673 0.533786
 115.200000 -1.863158 -1.387998 1.641816
 115.400000 -1.997996 -1.427704 3.546729
 115.600000 -1.907453 -1.362995 0.630379
 115.800000 -1.914929 -1.454900 1.731307
 116.000000 -1.915109 -1.326887 2.417810
 116.200000 -1.956137 -1.375581 0.871809
 116.400000 -1.887504 -1.425790 0.959439
 116.600000 -1.870180 -1.407271 1.294764
 116.800000 -1.989098 -1.412906 2.535255
 117.000000 -1.901969 -1.425705 0.593476
 117.200000 -1.831175 -1.416239 4.132186
 117.400000 -1.873999 -1.378105 1.216580
 117.600000 -2.014653 -1.435238 5.252109
 117.800000 -2.003100 -1.319955 6.375742
 118.000000 -1.854701 -1.351829 3.110191
 118.200000 -1.980511 -1.362381 2.413122
 118.400000 -1.927616 -1.382415 0.125955
 118.600000 -1.941262 -1.382715 0.320745
 118.800000 -1.914675 -1.405144 0.052889
 119.000000 -1.937581 -1.358672 0.863528
 119.200000 -1.937562 -1.347880 1.327115
 119.400000 -1.979740 -1.444768 2.969040
 119.600000 -1.935047 -1.325066 2.649833
 119.800000 -1.924072 -1.352316 0.974529
 120.000000 -1.882812 -1.431405 1.303807
 120.200000 -1.948369 -1.430668 0.998164
 120.400000 -1.897770 -1.387984 0.278303
 120.600000 -1.824647 -1.387562 4.570806
 120.800000 -1.994421 -1.479330 6.229530
 121.000000 -1.872741 -1.406671 1.164379
 121.200000 -1.916190 -1.423148 0.368138
 121.400000 -1.930375 -1.413286 0.200149
 121.600000 -1.931789 -1.419854 0.349393
 121.800000 -1.952803 -1.310016 4.261817
 122.000000 -1.895778 -1.329730 2.503367
 122.200000 -1.944833 -1.365700 0.778833
 122.400000 -2.030604 -1.410964 6.239879
 122.600000 -1.944873 -1.352696 1.261832
 122.800000 -1.892224 -1.349068 1.495616
 123.000000 -1.917006 -1.364775 0.499832
 123.200000 -1.930654 -1.389380 0.081924
 123.400000 -1.986931 -1.345558 3.534660
 123.600000 -1.933568 -1.366416 0.539352
 123.800000 -1.945547 -1.424383 0.725201
 124.000000 -1.917248 -1.360119 0.656613
 124.200000 -1.921628 -1.373745 0.255105
 124.400000 -1.898354 -1.464190 2.538319
 124.600000 -1.955878 -1.454089 2.320480
 124.800000 -1.837826 -1.389505 3.387820
 125.000000 -1.809835 -1.389804 6.073896
 125.200000 -1.987387 -1.445035 3.469111
 125.400000 -1.906699 -1.384954 0.150589
 125.600000 -1.936712 -1.355705 0.964469
 125.800000 -1.989227 -1.369809 2.755629
 126.000000 -1.918627 -1.380158 0.130457
 126.200000 -1.940392 -1.389084 0.236514
 126.400000 -1.978679 -1.281360 8.331123
 126.600000 -1.960339 -1.439132 1.738045
 126.800000 -1.924111 -1.426690 0.471907
 127.000000 -1.932558 -1.360160 0.732326
 127.200000 -1.780686 -1.502626 15.341584
 127.400000 -1.944646 -1.432720 0.971638
 127.600000 -1.901472 -1.308324 4.035755
 127.800000 -1.880465 -1.380248 0.904303
 128.000000 -2.015354 -1.353829 5.459639
 128.200000 -1.921516 -1.281947 6.535525
 128.400000 -1.982931 -1.403948 2.018362
 128.600000 -2.019454 -1.316527 8.138265
 128.800000 -1.965889 -1.388882 1.086462
 129.000000 -1.950143 -1.404545 0.492751
 129.200000 -1.846440 -1.352876 3.636676
 129.400000 -1.931440 -1.403363 0.092219
 129.600000 -1.895538 -1.451765 1.836037
 129.800000 -1.861723 -1.347580 2.875102
 130.000000 -1.896876 -1.461340 2.381632
 130.200000 -1.938843 -1.333149 2.171872
 130.400000 -1.926114 -1.421696 0.342944
 130.600000 -1.943386 -1.478438 3.652999
 130.800000 -1.879108 -1.338015 2.526882
 131.000000 -1.938048 -1.430056 0.736345
 131.200000 -1.968429 -1.375380 1.397427
 131.400000 -1.920194 -1.398688 0.002993
 131.600000 -1.967824 -1.349616 2.238136
 131.800000 -1.915290 -1.435230 0.769630
 132.000000 -1.971253 -1.305363 5.451964
 132.200000 -1.970832 -1.475357 4.426857
 132.400000 -1.886562 -1.390197 0.572861
 132.600000 -1.898839 -1.382036 0.322192
 132.800000 -2.061509 -1.366464 10.475922
 133.000000 -1.818716 -1.311749 8.686631
 133.200000 -1.901160 -1.395069 0.175590
 133.400000 -2.076619 -1.303258 16.611341
 133.600000 -1.926877 -1.450018 1.469397
 133.800000 -1.881702 -1.373627 0.984302
 134.000000 -1.893496 -1.375002 0.573604
 134.200000 -2.000374 -1.439339 4.168806
 134.400000 -1.817830 -1.382777 5.296193
 134.600000 -1.988797 -1.411366 2.490039
 134.800000 -1.972653 -1.315305 4.670587
 135.000000 -1.925204 -1.451808 1.556894
 135.200000 -1.845550 -1.311434 6.359170
 135.400000 -1.949241 -1.357559 1.180587
 135.600000 -2.056330 -1.379533 9.451698
 135.800000 -1.896081 -1.319881 3.199908
 136.000000 -1.911919 -1.302867 4.393022
 136.200000 -1.925292 -1.455385 1.762447
 136.400000 -1.932510 -1.338730 1.735000
 136.600000 -1.836684 -1.425512 3.887092
 136.800000 -1.969700 -1.398852 1.245233
 137.000000 -1.956931 -1.409366 0.772884
 137.200000 -1.895955 -1.380767 0.405846
 137.400000 -1.925451 -1.383946 0.091478
 137.600000 -1.886332 -1.367177 0.985134
 137.800000 -2.017505 -1.453395 6.399051
 138.000000 -1.860876 -1.454131 3.413994
 138.200000 -1.885877 -1.342878 2.002511
 138.400000 -1.894862 -1.502549 5.960869
 138.600000 -1.943852 -1.384873 0.352628
 138.800000 -1.887954 -1.289646 6.192756
 139.000000 -1.922217 -1.374239 0.245308
 139.200000 -1.984470 -1.291248 7.601181
 139.400000 -1.927881 -1.426757 0.497081
 139.600000 -2.008789 -1.275516 11.243953
 139.800000 -1.908133 -1.403585 0.095584
 140.000000 -1.933294 -1.401691 0.104931
 140.200000 -1.945000 -1.278001 7.308994
 140.400000 -1.921514 -1.311994 3.552068
 140.600000 -1.902971 -1.411126 0.253098
 140.800000 -1.980421 -1.394749 1.834828
 141.000000 -1.910886 -1.419594 0.312440
 141.200000 -1.842432 -1.427937 3.499322
 141.400000 -1.927156 -1.501282 5.541024
 141.600000 -1.827686 -1.404117 4.279049
 141.800000 -1.927566 -1.459838 2.050510
 142.000000 -1.939540 -1.383780 0.271524
 142.200000 -1.882403 -1.403082 0.724861
 142.400000 -1.973736 -1.362764 2.012315
 142.600000 -1.869695 -1.339319 2.879723
 142.800000 -1.982879 -1.299855 6.632873
 143.000000 -1.930349 -1.320795 2.902749
 143.200000 -1.948262 -1.361822 0.996366
 143.400000 -1.854672 -1.337204 3.868860
 143.600000 -1.892655 -1.391884 0.379695
 143.800000 -1.963305 -1.401063 0.955176
 144.000000 -1.955808 -1.360782 1.275488
 144.200000 -1.923322 -1.467070 2.512795
 144.400000 -1.953586 -1.371934 0.864601
 144.600000 -1.908071 -1.386544 0.116747
 144.800000 -1.875090 -1.465391 3.391575
 145.000000 -1.927757 -1.382221 0.129766
 145.200000 -1.967830 -1.420318 1.439757
 145.400000 -1.881073 -1.368608 1.134698
 145.600000 -1.913001 -1.356906 0.798062
 145.800000 -1.997047 -1.273887 10.466730
 146.000000 -1.900861 -1.371006 0.499487
 146.200000 -1.934056 -1.362725 0.663147
 146.400000 -1.968067 -1.402787 1.183137
 146.600000 -1.912624 -1.332026 2.089416
 146.800000 -1.873476 -1.449165 2.475137
 147.000000 -1.916589 -1.399688 0.011220
 147.200000 -1.873576 -1.389967 1.091027
 147.400000 -1.822273 -1.500286 10.172148
 147.600000 -1.882551 -1.405936 0.742833
 147.800000 -1.967761 -1.391967 1.156381
 148.000000 -1.915440 -1.475550 3.152938
 148.200000 -1.941213 -1.329812 2.435805
 148.400000 -1.926183 -1.409088 0.102211
 148.600000 -1.864839 -1.422886 1.868142
 148.800000 -1.910997 -1.413952 0.195741
 149.000000 -1.972860 -1.315953 4.629298
 149.200000 -1.933990 -1.358282 0.821091
 149.400000 -1.913820 -1.399403 0.023183
 149.600000 -1.939369 -1.338687 1.847763
 149.800000 -1.965444 -1.289502 6.737800
 150.000000 -1.973257 -1.472567 4.336605
 150.200000 -1.978740 -1.450413 3.199349
 150.400000 -1.866984 -1.338268 3.079759
 150.600000 -1.829992 -1.455080 5.768020
 150.800000 -1.867977 -1.439116 2.264230
 151.000000 -1.984000 -1.423523 2.428400
 151.200000 -1.777257 -1.462765 12.379366
 151.400000 -1.940274 -1.385943 0.261584
 151.600000 -1.862629 -1.412978 1.777484
 151.800000 -2.015652 -1.399767 4.594023
 152.000000 -1.956030 -1.339673 2.255254
 152.200000 -1.912561 -1.449494 1.443388
 152.400000 -1.942671 -1.410885 0.367015
 152.600000 -1.844296 -1.289810 8.521283
 152.800000 -1.928096 -1.381337 0.145300
 153.000000 -2.005361 -1.435293 4.416694
 153.200000 -1.915041 -1.305255 4.152914
 153.400000 -1.991707 -1.390159 2.599479
 153.600000 -2.016870 -1.338681 6.363088
 153.800000 -1.914196 -1.312518 3.522707
 154.000000 -1.961957 -1.347205 2.089377
 154.200000 -1.945336 -1.370377 0.659507
 154.400000 -1.967193 -1.330563 3.278378
 154.600000 -1.875113 -1.389690 1.022833
 154.800000 -1.877104 -1.404156 0.945280
 155.000000 -1.994590 -1.443943 3.928787
 155.200000 -1.877679 -1.422333 1.229529
 155.400000 -1.877284 -1.433949 1.616546
 155.600000 -1.899605 -1.383771 0.283194
 155.800000 -2.000053 -1.410248 3.313057
 156.000000 -1.940932 -1.494447 5.041953
 156.200000 -1.862334 -1.290823 7.213554
 156.400000 -1.941102 -1.437771 1.087011
 156.600000 -1.902855 -1.401721 0.159516
 156.800000 -2.009743 -1.351495 5.041392
 157.000000 -1.910624 -1.412511 0.174664
 157.200000 -1.960251 -1.389524 0.838356
 157.400000 -1.880680 -1.287611 6.670241
 157.600000 -1.933902 -1.325779 2.582567
 157.800000 -2.002454 -1.389770 3.431756
 158.000000 -1.978715 -1.417862 1.965097
 158.200000 -1.934135 -1.354563 0.971306
 158.400000 -1.852817 -1.391534 2.258741
 158.600000 -1.934799 -1.396744 0.111665
 158.800000 -1.938806 -1.419367 0.446331
 159.000000 -1.892147 -1.326196 2.838816
 159.200000 -1.984207 -1.333696 4.027477
 159.400000 -1.959312 -1.345918 2.045473
 159.600000 -2.013150 -1.388972 4.377930
 159.800000 -1.874946 -1.323879 3.628474
 160.000000 -1.974427 -1.322235 4.228765
 160.200000 -1.943002 -1.442122 1.319231
 160.400000 -1.939425 -1.432921 0.863228
 160.600000 -1.905305 -1.339086 1.740603
 160.800000 -1.902332 -1.439760 1.099616
 161.000000 -1.873913 -1.494221 5.853440
 161.200000 -1.888546 -1.341819 1.972433
 161.400000 -2.016136 -1.414058 4.792605
 161.600000 -1.881094 -1.412240 0.879126
 161.800000 -1.924721 -1.357391 0.767351
 162.000000 -1.994114 -1.322198 5.499489
 162.200000 -1.988973 -1.370225 2.727131
 162.400000 -1.917685 -1.387550 0.040333
 162.600000 -1.862075 -1.343838 3.043911
 162.800000 -1.926194 -1.409947 0.113665
 163.000000 -1.888243 -1.453423 2.133503
 163.200000 -1.909387 -1.383890 0.131422
 163.400000 -1.978197 -1.477001 4.960730
 163.600000 -1.903563 -1.324149 2.733097
 163.800000 -1.887399 -1.472994 3.470700
 164.000000 -1.910414 -1.454792 1.757458
 164.200000 -1.932948 -1.316859 3.238110
 164.400000 -1.930800 -1.450689 1.540892
 164.600000 -1.971428 -1.412790 1.466089
 164.800000 -1.969423 -1.302531 5.621009
 165.000000 -1.929129 -1.313342 3.480960
 165.200000 -1.951768 -1.381774 0.613969
 165.400000 -1.969471 -1.384431 1.300528
 165.600000 -1.937862 -1.344899 1.481154
 165.800000 -1.877210 -1.378180 1.073121
 166.000000 -1.976365 -1.360335 2.241689
 166.200000 -1.917594 -1.412315 0.131404
 166.400000 -1.888869 -1.391457 0.491828
 166.600000 -1.941047 -1.444232 1.374922
 166.800000 -1.892763 -1.478048 3.711546
 167.000000 -1.892844 -1.431337 0.980069
 167.200000 -1.904311 -1.406721 0.175602
 167.400000 -1.929452 -1.450021 1.490933
 167.600000 -1.986424 -1.313472 5.642429
 167.800000 -1.917270 -1.311331 3.610155
 168.000000 -2.035973 -1.350987 7.765855
 168.200000 -1.995326 -1.339334 4.467894
 168.400000 -1.894244 -1.317929 3.396306
 168.600000 -1.826381 -1.381754 4.474623
 168.800000 -1.988868 -1.437093 3.214450
 169.000000 -1.952841 -1.383209 0.629008
 169.200000 -1.883011 -1.437489 1.528807
 169.400000 -1.889034 -1.418308 0.718164
 169.600000 -1.961061 -1.482183 4.539759
 169.800000 -1.947152 -1.404520 0.406440
 170.000000 -1.835888 -1.333700 5.482920
 170.200000 -1.889159 -1.419369 0.738297
 170.400000 -2.050291 -1.408502 8.580770
 170.600000 -1.898072 -1.368397 0.625684
 170.800000 -1.898656 -1.346953 1.440588
 171.000000 -1.902006 -1.423205 0.522354
 171.200000 -1.978177 -1.272598 9.346943
 171.400000 -1.921958 -1.331962 2.069562
 171.600000 -1.998156 -1.323291 5.727498
 171.800000 -1.987030 -1.465031 4.620273
 172.000000 -1.961291 -1.361842 1.450592
 172.200000 -1.874282 -1.387671 1.075694
 172.400000 -1.843286 -1.445310 4.134698
 172.600000 -2.011962 -1.473568 7.229237
 172.800000 -1.937878 -1.398044 0.163864
 173.000000 -1.883788 -1.398480 0.653114
 173.200000 -1.885377 -1.390226 0.612853
 173.400000 -1.989196 -1.321968 5.163515
 173.600000 -1.938339 -1.421900 0.499312
 173.800000 -1.939392 -1.307323 4.145939
 174.000000 -2.017349 -1.400706 4.761728
 174.200000 -1.976233 -1.364361 2.097708
 174.400000 -1.936502 -1.269900 8.122336
 174.600000 -1.991858 -1.398211 2.593625
 174.800000 -1.954939 -1.284858 6.820789
 175.000000 -2.058883 -1.413441 9.810952
 175.200000 -1.847435 -1.339002 4.262273
 175.400000 -1.986209 -1.335052 4.074349
 175.600000 -1.960687 -1.430665 1.425070
 175.800000 -1.794786 -1.378243 7.984432
 176.000000 -1.944949 -1.405239 0.354942
 176.200000 -1.908930 -1.434861 0.804644
 176.400000 -1.863077 -1.402372 1.630927
 176.600000 -1.887539 -1.351542 1.522406
 176.800000 -1.934612 -1.431041 0.713501
 177.000000 -1.986167 -1.441847 3.237098
 177.200000 -1.924046 -1.417251 0.228993
 177.400000 -1.963481 -1.333340 2.930960
 177.600000 -1.894294 -1.267873 8.568990
 177.800000 -1.953060 -1.380039 0.682655
 178.000000 -2.048771 -1.365081 8.794964
 178.200000 -1.913989 -1.250795 10.597792
 178.400000 -1.885342 -1.376072 0.799656
 178.600000 -2.043753 -1.365994 8.132652
 178.800000 -1.860311 -1.334377 3.688132
 179.000000 -1.971339 -1.400341 1.333266
 179.200000 -1.917228 -1.437312 0.845956
 179.400000 -1.872700 -1.412301 1.240719
 179.600000 -1.867198 -1.318796 4.387343
 179.800000 -2.014304 -1.472642 7.376531
 180.000000 -1.919627 -1.342453 1.447795
 180.200000 -1.977672 -1.359584 2.343678
 180.400000 -1.790691 -1.416392 8.545155
 180.600000 -1.884171 -1.408761 0.715040
 180.800000 -1.959236 -1.416230 0.974491
 181.000000 -1.908648 -1.286832 6.050458
 181.200000 -1.932285 -1.455286 1.819015
 181.400000 -1.954404 -1.378548 0.753493
 181.600000 -1.892184 -1.368808 0.759928
 181.800000 -1.854325 -1.456459 3.959320
 182.000000 -2.034461 -1.382295 6.663969
 182.200000 -1.954664 -1.416635 0.813065
 182.400000 -1.869833 -1.397410 1.252124
 182.600000 -1.878112 -1.334875 2.755788
 182.800000 -1.922106 -1.311923 3.559187
 183.000000 -1.942096 -1.436020 1.037457
 183.200000 -1.939265 -1.323168 2.859686
 183.400000 -1.958903 -1.353322 1.684063
 183.600000 -1.957948 -1.468410 3.327845
 183.800000 -1.871056 -1.344376 2.537182
 184.000000 -2.021588 -1.317512 8.274998
 184.200000 -1.940706 -1.365912 0.677829
 184.400000 -1.973758 -1.311383 5.054729
 184.600000 -1.946335 -1.418557 0.598904
 184.800000 -1.920199 -1.403977 0.029810
 185.000000 -1.889361 -1.350688 1.503708
 185.200000 -1.934962 -1.543960 11.021134
 185.400000 -1.876044 -1.382816 1.050444
 185.600000 -1.923335 -1.426707 0.469432
 185.800000 -1.966164 -1.430085 1.643886
 186.000000 -1.976926 -1.340236 3.197655
 186.200000 -1.915344 -1.385191 0.071504
 186.400000 -1.875692 -1.353768 1.878426
 186.600000 -1.870305 -1.329022 3.488663
 186.800000 -1.903923 -1.461569 2.259429
 187.000000 -2.032729 -1.341945 7.844648
 187.200000 -1.896804 -1.364767 0.761865
 187.400000 -1.908628 -1.397774 0.064246
 187.600000 -2.000860 -1.329782 5.490253
 187.800000 -1.917077 -1.354675 0.868685
 188.000000 -2.004350 -1.441504 4.592502
 188.200000 -1.842203 -1.375940 3.221970
 188.400000 -1.931972 -1.387379 0.112796
 188.600000 -1.833921 -1.410282 3.791216
 188.800000 -1.967479 -1.389805 1.154545
 189.000000 -1.879163 -1.425418 1.253210
 189.200000 -1.951141 -1.439521 1.424796
 189.400000 -1.918572 -1.404311 0.033217
 189.600000 -1.928783 -1.426643 0.501260
 189.800000 -1.975686 -1.424583 1.959182
 190.000000 -1.947255 -1.325294 2.893536
 190.200000 -1.943614 -1.360332 0.927588
 190.400000 -1.877506 -1.324279 3.487882
 190.600000 -1.995268 -1.287239 8.786223
 190.800000 -1.992310 -1.378613 2.780113
 191.000000 -1.846527 -1.377396 2.867037
 191.200000 -1.982536 -1.380096 2.094691
 191.400000 -1.906389 -1.427643 0.583091
 191.600000 -1.830410 -1.410405 4.100809
 191.800000 -1.917023 -1.444655 1.174922
 192.000000 -1.924348 -1.453793 1.664894
 192.200000 -1.809475 -1.445732 7.316241
 192.400000 -1.929392 -1.362094 0.629195
 192.600000 -1.838883 -1.464706 5.621010
 192.800000 -1.931671 -1.378624 0.225287
 193.000000 -1.885965 -1.404626 0.609465
 193.200000 -1.952975 -1.372370 0.833682
 193.400000 -1.970761 -1.389252 1.319932
 193.600000 -2.049417 -1.395749 8.392397
 193.800000 -1.822686 -1.302215 9.144135
 194.000000 -1.986536 -1.277176 9.313678
 194.200000 -2.043877 -1.352133 8.663614
 194.400000 -1.886056 -1.417608 0.799233
 194.600000 -1.924484 -1.294084 5.231047
 194.800000 -1.900139 -1.385957 0.247612
 195.000000 -1.899603 -1.390124 0.224069
 195.200000 -1.957917 -1.449511 2.141730
 195.400000 -1.962166 -1.380983 1.011566
 195.600000 -1.853028 -1.456267 4.033667
 195.800000 -1.883086 -1.526844 9.201929
 196.000000 -1.830681 -1.424355 4.371178
 196.200000 -1.904230 -1.412838 0.259548
 196.400000 -1.904204 -1.427108 0.598274
 196.600000 -1.911238 -1.375545 0.251818
 196.800000 -2.020816 -1.366862 5.528118
 197.000000 -1.963003 -1.284809 7.141648
 197.200000 -1.923868 -1.376267 0.207956
 197.400000 -1.907621 -1.375520 0.290069
 197.600000 -1.925876 -1.332580 2.045894
 197.800000 -1.950932 -1.385666 0.538813
 198.000000 -1.912328 -1.467097 2.537071
 198.200000 -1.918710 -1.399835 0.007044
 198.400000 -1.924526 -1.340495 1.565938
 198.600000 -1.936016 -1.382303 0.227925
 198.800000 -1.922427 -1.380804 0.122782
 199.000000 -2.056745 -1.394390 9.370152
 199.200000 -1.888467 -1.442593 1.566055
 199.400000 -1.908340 -1.387866 0.101647
 199.600000 -1.936833 -1.391530 0.155209
 199.800000 -1.928342 -1.431306 0.649940
 200.000000 -1.893199 -1.425362 0.778836
