#! FIELDS time phi psi restraint.bias
#! SET min_phi -pi
#! SET max_phi pi
#! SET min_psi -pi
#! SET max_psi pi
 0.000000 -2.300971 -0.342832 14.675601
 0.200000 -2.174842 -0.159467 4.539614
 0.400000 -2.184984 -0.165556 3.563589
 0.600000 -2.332362 -0.233217 3.733827
 0.800000 -2.363440 -0.184969 4.520755
 1.000000 -2.160772 -0.102726 8.426936
 1.200000 -2.201112 -0.100801 5.017701
 1.400000 -2.254848 -0.246711 2.703984
 1.600000 -2.194135 -0.196991 3.049155
 1.800000 -2.287371 -0.221028 1.250975
 2.000000 -2.289028 -0.221153 1.288707
 2.200000 -2.254251 -0.246704 2.712018
 2.400000 -2.256970 -0.193738 0.255919
 2.600000 -2.237664 -0.231834 2.130436
 2.800000 -2.296749 -0.197134 0.642397
 3.000000 -2.259009 -0.093288 3.349576
 3.200000 -2.228256 -0.124405 2.083509
 3.400000 -2.271071 -0.216361 0.877108
 3.600000 -2.300603 -0.174698 0.501651
 3.800000 -2.204697 -0.181230 2.085226
 4.000000 -2.226943 -0.178469 0.889115
 4.200000 -2.158603 -0.161546 6.170090
 4.400000 -2.301553 -0.186558 0.604509
 4.600000 -2.307362 -0.093496 4.022076
 4.800000 -2.212310 -0.209744 2.222677
 5.000000 -2.240472 -0.215702 1.252309
 5.200000 -2.182399 -0.196868 3.993076
 5.400000 -2.239399 -0.120575 1.891715
 5.600000 -2.302281 -0.143102 1.050145
 5.800000 -2.316389 -0.068822 6.713656
 6.000000 -2.194454 -0.236390 4.686295
 6.200000 -2.257897 -0.204991 0.524689
 6.400000 -2.249688 -0.226878 1.555083
 6.600000 -2.269141 -0.110949 2.021450
 6.800000 -2.321478 -0.235053 3.212050
 7.000000 -2.280227 -0.246581 2.659273
 7.200000 -2.239359 -0.119522 1.950250
 7.400000 -2.244877 -0.060069 6.840193
 7.600000 -2.309694 -0.083119 5.009219
 7.800000 -2.265645 -0.141965 0.535729
 8.000000 -2.280149 -0.135816 0.812449
 8.200000 -2.217460 -0.166830 1.354164
 8.400000 -2.257913 -0.124488 1.312897
 8.600000 -2.222164 -0.081111 5.457319
 8.800000 -2.240296 -0.160777 0.504506
 9.000000 -2.253415 -0.175263 0.120594
 9.200000 -2.346410 -0.155687 3.179319
 9.400000 -2.273590 -0.174287 0.010895
 9.600000 -2.226168 -0.175689 0.914873
 9.800000 -2.276000 -0.192669 0.189464
 10.000000 -2.287007 -0.112676 2.076545
 10.200000 -2.301343 -0.149265 0.844583
 10.400000 -2.189613 -0.055577 10.220643
 10.600000 -2.347648 -0.191845 3.248284
 10.800000 -2.241948 -0.215471 1.201926
 11.000000 -2.177936 -0.193681 4.323144
 11.200000 -2.296661 -0.161257 0.472693
 11.400000 -2.144654 -0.182907 7.757118
 11.600000 -2.346627 -0.131020 3.965270
 11.800000 -2.274589 -0.147490 0.381696
 12.000000 -2.234745 -0.092365 3.960010
 12.200000 -2.267076 -0.238955 2.076806
 12.400000 -2.242102 -0.158664 0.485731
 12.600000 -2.239364 -0.146137 0.840195
 12.800000 -2.214009 -0.110744 3.542600
 13.000000 -2.343813 -0.208441 3.378765
 13.200000 -2.210541 -0.161269 1.792463
 13.400000 -2.294703 -0.106816 2.624981
 13.600000 -2.336697 -0.205880 2.787624
 13.800000 -2.180197 -0.118428 5.510511
 14.000000 -2.326676 -0.149938 1.969839
 14.200000 -2.271574 -0.194423 0.201315
 14.400000 -2.124551 -0.256637 13.792826
 14.600000 -2.250158 -0.177609 0.180881
 14.800000 -2.205410 -0.114659 3.809719
 15.000000 -2.342247 -0.147432 3.055104
 15.200000 -2.246195 -0.249102 3.038665
 15.400000 -2.241153 -0.189824 0.502649
 15.600000 -2.282430 -0.160152 0.194558
 15.800000 -2.154440 -0.194544 6.753927
 16.000000 -2.271988 -0.201617 0.371457
 16.200000 -2.261422 -0.121736 1.421921
 16.400000 -2.290065 -0.099467 3.040854
 16.600000 -2.365516 -0.191863 4.814786
 16.800000 -2.263352 -0.196410 0.254851
 17.000000 -2.169064 -0.162154 5.063062
 17.200000 -2.349419 -0.192172 3.394987
 17.400000 -2.195224 -0.213350 3.469477
 17.600000 -2.306857 -0.128058 1.799291
 17.800000 -2.251208 -0.156602 0.317756
 18.000000 -2.350490 -0.099902 6.111057
 18.200000 -2.204211 -0.183937 2.138364
 18.400000 -2.273864 -0.182748 0.045926
 18.600000 -2.325457 -0.151721 1.857942
 18.800000 -2.229786 -0.178682 0.774664
 19.000000 -2.267864 -0.185136 0.056780
 19.200000 -2.224995 -0.115906 2.683640
 19.400000 -2.264269 -0.172339 0.013261
 19.600000 -2.220446 -0.189379 1.285438
 19.800000 -2.286333 -0.105091 2.562549
 20.000000 -2.268447 -0.202181 0.382324
 20.200000 -2.284190 -0.290519 6.842826
 20.400000 -2.210964 -0.165375 1.721818
 20.600000 -2.292647 -0.140979 0.844248
 20.800000 -2.286261 -0.240946 2.355539
 21.000000 -2.216391 -0.121184 2.803102
 21.200000 -2.303422 -0.217465 1.516502
 21.400000 -2.272541 -0.116958 1.663956
 21.600000 -2.308443 -0.089065 4.433039
 21.800000 -2.297870 -0.126262 1.583836
 22.000000 -2.205991 -0.140884 2.546658
 22.200000 -2.280265 -0.256289 3.406266
 22.400000 -2.157621 -0.211921 6.893506
 22.600000 -2.235032 -0.117908 2.177680
 22.800000 -2.279525 -0.175927 0.057117
 23.000000 -2.312067 -0.182958 0.965971
 23.200000 -2.248307 -0.169243 0.226611
 23.400000 -2.256111 -0.207519 0.626168
 23.600000 -2.331559 -0.170611 1.969005
 23.800000 -2.181462 -0.070644 9.221679
 24.000000 -2.216626 -0.113850 3.208973
 24.200000 -2.294681 -0.239461 2.439417
 24.400000 -2.376604 -0.151642 6.059102
 24.600000 -2.223375 -0.077404 5.754528
 24.800000 -2.293871 -0.175931 0.312043
 25.000000 -2.314545 -0.186780 1.115427
 25.200000 -2.210373 -0.172233 1.716973
 25.400000 -2.253814 -0.122774 1.453686
 25.600000 -2.278866 -0.191728 0.197223
 25.800000 -2.272812 -0.229188 1.501104
 26.000000 -2.116511 -0.284193 17.628126
 26.200000 -2.184075 -0.127104 4.724763
 26.400000 -2.326026 -0.248044 4.332032
 26.600000 -2.231996 -0.197195 0.938772
 26.800000 -2.189725 -0.205570 3.618231
 27.000000 -2.307813 -0.225475 2.053545
 27.200000 -2.205780 -0.264477 6.038833
 27.400000 -2.247679 -0.211028 0.891698
 27.600000 -2.228297 -0.121837 2.213900
 27.800000 -2.202839 -0.224868 3.450712
 28.000000 -2.226063 -0.195075 1.129677
 28.200000 -2.283678 -0.173335 0.109494
 28.400000 -2.179723 -0.225008 5.252645
 28.600000 -2.256534 -0.205278 0.549449
 28.800000 -2.268920 -0.136817 0.711242
 29.000000 -2.273605 -0.205159 0.479926
 29.200000 -2.256946 -0.216507 0.952693
 29.400000 -2.213024 -0.203770 1.990031
 29.600000 -2.286940 -0.222403 1.308011
 29.800000 -2.215286 -0.150703 1.722649
 30.000000 -2.273862 -0.202566 0.405098
 30.200000 -2.116630 -0.176483 11.599192
 30.400000 -2.252465 -0.217016 1.037937
 30.600000 -2.258777 -0.182662 0.084558
 30.800000 -2.194122 -0.155664 2.975989
 31.000000 -2.301820 -0.266112 4.734350
 31.200000 -2.277783 -0.131268 0.975122
 31.400000 -2.222462 -0.212079 1.784410
 31.600000 -2.204646 -0.242142 4.351550
 31.800000 -2.233782 -0.211502 1.300963
 32.000000 -2.195284 -0.210782 3.368728
 32.200000 -2.307914 -0.229166 2.252338
 32.400000 -2.307298 -0.143317 1.223357
 32.600000 -2.232171 -0.185867 0.739771
 32.800000 -2.216484 -0.219703 2.395360
 33.000000 -2.176127 -0.140532 4.884016
 33.200000 -2.288748 -0.195748 0.421471
 33.400000 -2.157469 -0.186356 6.281459
 33.600000 -2.329648 -0.281671 7.582729
 33.800000 -2.166122 -0.310851 14.575798
 34.000000 -2.197474 -0.130915 3.504104
 34.200000 -2.296618 -0.189104 0.489524
 34.400000 -2.253105 -0.171029 0.131324
 34.600000 -2.290825 -0.193066 0.411473
 34.800000 -2.293797 -0.156115 0.478843
 35.000000 -2.247549 -0.154424 0.430717
 35.200000 -2.314552 -0.204389 1.486467
 35.400000 -2.225586 -0.241115 3.155898
 35.600000 -2.239818 -0.112363 2.356238
 35.800000 -2.248472 -0.177713 0.214281
 36.000000 -2.209287 -0.219683 2.797801
 36.200000 -2.228775 -0.191198 0.944978
 36.400000 -2.296076 -0.212576 1.092155
 36.600000 -2.275638 -0.150561 0.309830
 36.800000 -2.224785 -0.229501 2.485063
 37.000000 -2.213781 -0.193328 1.697249
 37.200000 -2.188004 -0.165894 3.311621
 37.400000 -2.301087 -0.145882 0.927554
 37.600000 -2.217150 -0.278971 6.794164
 37.800000 -2.229002 -0.175694 0.797698
 38.000000 -2.252207 -0.131475 1.066802
 38.200000 -2.226551 -0.180057 0.913166
 38.400000 -2.233832 -0.150534 0.903841
 38.600000 -2.236578 -0.101008 3.226242
 38.800000 -2.224933 -0.169832 0.978818
 39.000000 -2.261548 -0.203699 0.452554
 39.200000 -2.308660 -0.144508 1.240072
 39.400000 -2.259666 -0.158526 0.171008
 39.600000 -2.245480 -0.093737 3.538891
 39.800000 -2.233149 -0.291221 7.448107
 40.000000 -2.140086 -0.204596 8.752002
 40.200000 -2.334531 -0.223589 3.355090
 40.400000 -2.234135 -0.215000 1.424092
 40.600000 -2.269742 -0.189563 0.113282
 40.800000 -2.197650 -0.152128 2.791251
 41.000000 -2.224956 -0.175889 0.967687
 41.200000 -2.324154 -0.231666 3.157029
 41.400000 -2.161153 -0.151771 6.066816
 41.600000 -2.314868 -0.169313 1.068880
 41.800000 -2.270739 -0.131656 0.920856
 42.000000 -2.230828 -0.249117 3.507152
 42.200000 -2.187699 -0.139674 3.906665
 42.400000 -2.180391 -0.163882 3.976117
 42.600000 -2.287336 -0.200078 0.495698
 42.800000 -2.247764 -0.233672 1.972697
 43.000000 -2.196883 -0.147326 2.965375
 43.200000 -2.258268 -0.176013 0.057917
 43.400000 -2.333764 -0.192039 2.255071
 43.600000 -2.230172 -0.159889 0.858238
 43.800000 -2.217191 -0.139337 1.957737
 44.000000 -2.298056 -0.224019 1.648643
 44.200000 -2.227627 -0.215666 1.698866
 44.400000 -2.151816 -0.141768 7.394405
 44.600000 -2.250888 -0.168543 0.180662
 44.800000 -2.351831 -0.230102 4.980400
 45.000000 -2.252383 -0.114572 1.934510
 45.200000 -2.290020 -0.205864 0.713266
 45.400000 -2.202831 -0.206292 2.688724
 45.600000 -2.190876 -0.199066 3.347022
 45.800000 -2.327544 -0.128464 2.779081
 46.000000 -2.210215 -0.201966 2.099877
 46.200000 -2.273127 -0.259430 3.612587
 46.400000 -2.235042 -0.140637 1.148583
 46.600000 -2.269588 -0.162882 0.068086
 46.800000 -2.257253 -0.119801 1.565951
 47.000000 -2.231635 -0.043111 9.331318
 47.200000 -2.292106 -0.168508 0.286754
 47.400000 -2.381624 -0.184768 6.402602
 47.600000 -2.210891 -0.109899 3.772895
 47.800000 -2.186548 -0.208399 3.966726
 48.000000 -2.299344 -0.197137 0.718059
 48.200000 -2.296447 -0.122876 1.712871
 48.400000 -2.263697 -0.220753 1.081833
 48.600000 -2.362999 -0.193488 4.604335
 48.800000 -2.255045 -0.096935 3.107100
 49.000000 -2.196464 -0.142229 3.147264
 49.200000 -2.255408 -0.201113 0.444630
 49.400000 -2.298930 -0.163050 0.515992
 49.600000 -2.348784 -0.168656 3.205765
 49.800000 -2.244208 -0.132148 1.203798
 50.000000 -2.245014 -0.108969 2.435223
 50.200000 -2.236811 -0.107953 2.732162
 50.400000 -2.230712 -0.203823 1.159188
 50.600000 -2.261081 -0.177235 0.034436
 50.800000 -2.369745 -0.186459 5.153158
 51.000000 -2.237795 -0.172076 0.487662
 51.200000 -2.257958 -0.134058 0.879277
 51.400000 -2.302492 -0.072097 5.809870
 51.600000 -2.207541 -0.112477 3.809627
 51.800000 -2.327348 -0.169312 1.720068
 52.000000 -2.245940 -0.166194 0.298984
 52.200000 -2.309583 -0.059842 7.403404
 52.400000 -2.251683 -0.149212 0.469260
 52.600000 -2.187365 -0.222267 4.465580
 52.800000 -2.199555 -0.219182 3.403047
 53.000000 -2.286109 -0.151362 0.416047
 53.200000 -2.379020 -0.160201 6.162768
 53.400000 -2.210842 -0.178016 1.693058
 53.600000 -2.088058 -0.266897 20.622554
 53.800000 -2.349398 -0.148141 3.586015
 54.000000 -2.353149 -0.043372 12.148147
 54.200000 -2.220366 -0.234129 2.955002
 54.400000 -2.171656 -0.170935 4.737392
 54.600000 -2.253486 -0.117680 1.735356
 54.800000 -2.284669 -0.113412 1.991796
 55.000000 -2.262908 -0.139378 0.636041
 55.200000 -2.279612 -0.184096 0.102792
 55.400000 -2.216365 -0.152728 1.619156
 55.600000 -2.270432 -0.211825 0.696481
 55.800000 -2.252295 -0.092665 3.489511
 56.000000 -2.264392 -0.115118 1.775337
 56.200000 -2.294536 -0.174909 0.327956
 56.400000 -2.260164 -0.194361 0.234981
 56.600000 -2.216335 -0.246470 3.970476
 56.800000 -2.180277 -0.167085 3.957213
 57.000000 -2.248098 -0.126558 1.367757
 57.200000 -2.253219 -0.225881 1.441695
 57.400000 -2.263386 -0.237992 2.028900
 57.600000 -2.220561 -0.060023 7.725961
 57.800000 -2.300838 -0.178162 0.515718
 58.000000 -2.231822 -0.222095 1.819482
 58.200000 -2.167887 -0.184236 5.151692
 58.400000 -2.269821 -0.127327 1.114600
 58.600000 -2.297817 -0.209724 1.036495
 58.800000 -2.331238 -0.110475 3.992919
 59.000000 -2.259928 -0.095387 3.172502
 59.200000 -2.260054 -0.209666 0.656540
 59.400000 -2.211167 -0.185565 1.729050
 59.600000 -2.262101 -0.196960 0.274789
 59.800000 -2.234616 -0.062573 6.856135
 60.000000 -2.383072 -0.203114 6.922895
 60.200000 -2.259728 -0.155732 0.219063
 60.400000 -2.288586 -0.080358 4.627673
 60.600000 -2.295524 -0.200486 0.690445
 60.800000 -2.218179 -0.222920 2.458426
 61.000000 -2.220533 -0.067568 6.891810
 61.200000 -2.258382 -0.094689 3.243141
 61.400000 -2.311612 -0.119226 2.440394
 61.600000 -2.333568 -0.160305 2.190348
 61.800000 -2.296288 -0.202545 0.766629
 62.000000 -2.283632 -0.115394 1.856796
 62.200000 -2.168759 -0.181777 5.043160
 62.400000 -2.298297 -0.102090 3.055228
 62.600000 -2.290666 -0.192483 0.397382
 62.800000 -2.315855 -0.177201 1.104620
 63.000000 -2.230576 -0.183668 0.777186
 63.200000 -2.251146 -0.190781 0.290098
 63.400000 -2.174179 -0.157759 4.629420
 63.600000 -2.263279 -0.182952 0.051396
 63.800000 -2.350408 -0.168127 3.339981
 64.000000 -2.283659 -0.116183 1.810838
 64.200000 -2.254169 -0.205916 0.601376
 64.400000 -2.256560 -0.174259 0.076522
 64.600000 -2.248906 -0.124453 1.454452
 64.800000 -2.234378 -0.183945 0.641163
 65.000000 -2.287287 -0.149085 0.492338
 65.200000 -2.292478 -0.140185 0.867203
 65.400000 -2.295132 -0.136472 1.067636
 65.600000 -2.209620 -0.138042 2.424503
 65.800000 -2.290805 -0.160022 0.344582
 66.000000 -2.266722 -0.096953 3.011773
 66.200000 -2.219000 -0.260271 4.921864
 66.400000 -2.266794 -0.151010 0.278952
 66.600000 -2.349321 -0.186326 3.301045
 66.800000 -2.270002 -0.228361 1.449317
 67.000000 -2.211559 -0.222582 2.799946
 67.200000 -2.197834 -0.102909 5.092213
 67.400000 -2.313339 -0.117776 2.596862
 67.600000 -2.231206 -0.160519 0.809657
 67.800000 -2.267922 -0.248213 2.714875
 68.000000 -2.305397 -0.147600 1.027697
 68.200000 -2.269378 -0.118379 1.576746
 68.400000 -2.172432 -0.215987 5.514981
 68.600000 -2.201616 -0.214169 3.050984
 68.800000 -2.354063 -0.250816 6.533466
 69.000000 -2.285175 -0.143409 0.616328
 69.200000 -2.286125 -0.130074 1.136187
 69.400000 -2.218230 -0.109200 3.419350
 69.600000 -2.227745 -0.161028 0.939229
 69.800000 -2.306083 -0.192881 0.858563
 70.000000 -2.288196 -0.148663 0.520236
 70.200000 -2.259388 -0.142873 0.546686
 70.400000 -2.210278 -0.147462 2.086330
 70.600000 -2.316638 -0.096773 4.161467
 70.800000 -2.304728 -0.065156 6.622534
 71.000000 -2.260604 -0.123323 1.345883
 71.200000 -2.393245 -0.233993 9.495178
 71.400000 -2.286517 -0.101480 2.823045
 71.600000 -2.177301 -0.161292 4.285396
 71.800000 -2.193232 -0.218763 3.843097
 72.000000 -2.335899 -0.216743 3.133378
 72.200000 -2.289610 -0.187173 0.293746
 72.400000 -2.259580 -0.172371 0.046027
 72.600000 -2.341675 -0.197577 2.911555
 72.800000 -2.205626 -0.079946 6.476914
 73.000000 -2.244377 -0.171900 0.304841
 73.200000 -2.272011 -0.200231 0.334958
 73.400000 -2.235374 -0.223359 1.754946
 73.600000 -2.266459 -0.209871 0.627421
 73.800000 -2.186113 -0.119387 4.949702
 74.000000 -2.287313 -0.124976 1.396960
 74.200000 -2.295697 -0.135656 1.113993
 74.400000 -2.238024 -0.109306 2.604789
 74.600000 -2.302115 -0.186937 0.627635
 74.800000 -2.272768 -0.109542 2.119269
 75.000000 -2.197154 -0.162930 2.643060
 75.200000 -2.209180 -0.166605 1.816337
 75.400000 -2.278558 -0.149189 0.367510
 75.600000 -2.308306 -0.148617 1.111137
 75.800000 -2.189540 -0.138430 3.802971
 76.000000 -2.344579 -0.170000 2.871807
 76.200000 -2.238513 -0.223953 1.683718
 76.400000 -2.197740 -0.213232 3.282647
 76.600000 -2.203763 -0.135651 2.879139
 76.800000 -2.358279 -0.101758 6.639878
 77.000000 -2.247866 -0.066065 6.104483
 77.200000 -2.214478 -0.104251 3.952194
 77.400000 -2.325193 -0.134888 2.368691
 77.600000 -2.266150 -0.109961 2.088629
 77.800000 -2.288189 -0.239645 2.305308
 78.000000 -2.238133 -0.139299 1.094877
 78.200000 -2.246849 -0.089127 3.890853
 78.400000 -2.327385 -0.138033 2.374732
 78.600000 -2.190318 -0.186945 3.166810
 78.800000 -2.275296 -0.130476 0.990776
 79.000000 -2.290210 -0.164691 0.274903
 79.200000 -2.203402 -0.105842 4.506026
 79.400000 -2.231636 -0.176447 0.697191
 79.600000 -2.297073 -0.212372 1.111978
 79.800000 -2.198938 -0.057976 9.241998
 80.000000 -2.264474 -0.145765 0.423724
 80.200000 -2.267973 -0.207754 0.552268
 80.400000 -2.230557 -0.209413 1.344495
 80.600000 -2.238275 -0.120578 1.925396
 80.800000 -2.310817 -0.220538 1.935571
 81.000000 -2.217670 -0.256730 4.691882
 81.200000 -2.285395 -0.233684 1.885018
 81.400000 -2.237681 -0.126262 1.653248
 81.600000 -2.290116 -0.196861 0.473730
 81.800000 -2.194752 -0.171293 2.756314
 82.000000 -2.260835 -0.121502 1.438865
 82.200000 -2.262044 -0.163804 0.081248
 82.400000 -2.305900 -0.180521 0.701395
 82.600000 -2.149672 -0.134824 7.899433
 82.800000 -2.196122 -0.242151 4.936483
 83.000000 -2.282086 -0.125965 1.265970
 83.200000 -2.276698 -0.208499 0.607030
 83.400000 -2.296394 -0.183000 0.413050
 83.600000 -2.258108 -0.189061 0.164073
 83.800000 -2.275105 -0.127238 1.137483
 84.000000 -2.217854 -0.134563 2.103079
 84.200000 -2.268717 -0.204134 0.438140
 84.400000 -2.227769 -0.206868 1.369807
 84.600000 -2.291923 -0.188954 0.368370
 84.800000 -2.307152 -0.187831 0.818961
 85.000000 -2.197512 -0.163485 2.611187
 85.200000 -2.248731 -0.128445 1.266011
 85.400000 -2.244915 -0.129179 1.316799
 85.600000 -2.334910 -0.176136 2.178108
 85.800000 -2.278359 -0.128392 1.108941
 86.000000 -2.287038 -0.184854 0.217247
 86.200000 -2.218354 -0.177554 1.283453
 86.400000 -2.235458 -0.181451 0.584058
 86.600000 -2.272682 -0.150828 0.287999
 86.800000 -2.297370 -0.203482 0.823472
 87.000000 -2.306878 -0.152232 0.968771
 87.200000 -2.213382 -0.180554 1.560782
 87.400000 -2.271806 -0.198053 0.280728
 87.600000 -2.227777 -0.107578 3.088175
 87.800000 -2.219494 -0.137688 1.900649
 88.000000 -2.289863 -0.180884 0.239300
 88.200000 -2.289235 -0.209464 0.816275
 88.400000 -2.290332 -0.123278 1.542589
 88.600000 -2.216555 -0.108251 3.568121
 88.800000 -2.264527 -0.083165 4.183707
 89.000000 -2.258969 -0.161928 0.129041
 89.200000 -2.247986 -0.166275 0.253376
 89.400000 -2.299399 -0.177901 0.469897
 89.600000 -2.314041 -0.209812 1.639902
 89.800000 -2.226435 -0.171795 0.906560
 90.000000 -2.185630 -0.171012 3.475456
 90.200000 -2.368545 -0.113994 6.794277
 90.400000 -2.268112 -0.194831 0.206340
 90.600000 -2.196831 -0.186152 2.666497
 90.800000 -2.293788 -0.180201 0.325079
 91.000000 -2.326421 -0.177126 1.656078
 91.200000 -2.197662 -0.132556 3.420478
 91.400000 -2.206400 -0.196258 2.190846
 91.600000 -2.231463 -0.172835 0.703269
 91.800000 -2.267628 -0.181084 0.022305
 92.000000 -2.225092 -0.145189 1.391320
 92.200000 -2.249176 -0.289870 6.846391
 92.400000 -2.271437 -0.205683 0.488316
 92.600000 -2.197239 -0.152732 2.807323
 92.800000 -2.261920 -0.129716 1.028847
 93.000000 -2.307153 -0.189988 0.850014
 93.200000 -2.276924 -0.121312 1.448178
 93.400000 -2.138740 -0.152527 8.716601
 93.600000 -2.273897 -0.207122 0.543359
 93.800000 -2.289104 -0.114623 1.998152
 94.000000 -2.247819 -0.144626 0.670029
 94.200000 -2.211955 -0.171012 1.629186
 94.400000 -2.249009 -0.175518 0.198865
 94.600000 -2.268451 -0.071006 5.358995
 94.800000 -2.238049 -0.218706 1.452405
 95.000000 -2.236830 -0.204285 0.957711
 95.200000 -2.290623 -0.159575 0.347209
 95.400000 -2.183828 -0.133066 4.480782
 95.600000 -2.282627 -0.235710 1.965133
 95.800000 -2.294204 -0.140532 0.897475
 96.000000 -2.258745 -0.137566 0.735112
 96.200000 -2.180276 -0.221862 5.049596
 96.400000 -2.290579 -0.266736 4.485106
 96.600000 -2.282555 -0.170147 0.102463
 96.800000 -2.204470 -0.134454 2.880553
 97.000000 -2.258838 -0.273680 4.966015
 97.200000 -2.285869 -0.230078 1.686139
 97.400000 -2.132786 -0.123539 10.567550
 97.600000 -2.204464 -0.227306 3.470294
 97.800000 -2.348802 -0.238992 5.267419
 98.000000 -2.196997 -0.192267 2.744311
 98.200000 -2.258650 -0.258822 3.605109
 98.400000 -2.218077 -0.249281 4.086522
 98.600000 -2.222962 -0.205983 1.550984
 98.800000 -2.306922 -0.164103 0.776152
 99.000000 -2.130885 -0.222697 10.687787
 99.200000 -2.346110 -0.290669 9.722261
 99.400000 -2.240792 -0.156296 0.562114
 99.600000 -2.189452 -0.242379 5.459818
 99.800000 -2.332632 -0.266235 6.233775
 100.000000 -2.265568 -0.156595 0.166527
 100.200000 -2.221502 -0.147148 1.499600
 100.400000 -2.256501 -0.291196 6.882390
 100.600000 -2.289262 -0.222153 1.340546
 100.800000 -2.135040 -0.138594 9.608806
 101.000000 -2.333041 -0.288137 8.508157
 101.200000 -2.217659 -0.200606 1.654154
 101.400000 -2.207571 -0.264939 5.968988
 101.600000 -2.260845 -0.193787 0.218016
 101.800000 -2.313752 -0.203038 1.410842
 102.000000 -2.177465 -0.197755 4.452355
 102.200000 -2.215099 -0.169833 1.459802
 102.400000 -2.327704 -0.234705 3.537662
 102.600000 -2.264839 -0.212765 0.739193
 102.800000 -2.246104 -0.184705 0.312213
 103.000000 -2.285340 -0.151029 0.410891
 103.200000 -2.280258 -0.069686 5.560668
 103.400000 -2.230772 -0.181066 0.749269
 103.600000 -2.230357 -0.190808 0.876317
 103.800000 -2.246364 -0.145274 0.682615
 104.000000 -2.323727 -0.105931 3.854560
 104.200000 -2.165097 -0.141849 5.924585
 104.400000 -2.249122 -0.202709 0.593088
 104.600000 -2.260567 -0.126922 1.168342
 104.800000 -2.271323 -0.148724 0.335922
 105.000000 -2.219655 -0.195362 1.430832
 105.200000 -2.260429 -0.225131 1.316189
 105.400000 -2.275366 -0.118334 1.599907
 105.600000 -2.282323 -0.140730 0.661038
 105.800000 -2.242282 -0.142604 0.864736
 106.000000 -2.289126 -0.067680 5.912705
 106.200000 -2.315141 -0.154099 1.276579
 106.400000 -2.243225 -0.115618 2.065826
 106.600000 -2.344620 -0.223213 4.049499
 106.800000 -2.293046 -0.079815 4.776629
 107.000000 -2.255296 -0.112033 2.046007
 107.200000 -2.384587 -0.198462 6.974800
 107.400000 -2.160108 -0.224673 7.177951
 107.600000 -2.337103 -0.173002 2.325114
 107.800000 -2.285927 -0.171674 0.148566
 108.000000 -2.255122 -0.128208 1.168301
 108.200000 -2.293154 -0.077541 4.997157
 108.400000 -2.295475 -0.157436 0.498539
 108.600000 -2.278263 -0.189575 0.156698
 108.800000 -2.239984 -0.148084 0.768640
 109.000000 -2.155777 -0.188930 6.505223
 109.200000 -2.362891 -0.195736 4.639335
 109.400000 -2.389456 -0.233126 8.980058
 109.600000 -2.226655 -0.095792 3.993595
 109.800000 -2.286335 -0.224009 1.375441
 110.000000 -2.264694 -0.273552 4.911331
 110.200000 -2.139707 -0.165219 8.392453
 110.400000 -2.253911 -0.139979 0.709733
 110.600000 -2.316514 -0.250929 4.050423
 110.800000 -2.209843 -0.127003 2.875077
 111.000000 -2.181067 -0.158773 3.983959
 111.200000 -2.267761 -0.205586 0.482829
 111.400000 -2.266188 -0.223081 1.182188
 111.600000 -2.164469 -0.102851 8.024980
 111.800000 -2.213077 -0.149832 1.864730
 112.000000 -2.295540 -0.228854 1.829479
 112.200000 -2.157628 -0.120244 7.667450
 112.400000 -2.220790 -0.073781 6.234047
 112.600000 -2.319653 -0.207352 1.825080
 112.800000 -2.288030 -0.203482 0.601459
 113.000000 -2.161247 -0.150116 6.095735
 113.200000 -2.190950 -0.265536 7.181049
 113.400000 -2.335235 -0.233459 3.934433
 113.600000 -2.231003 -0.090177 4.277128
 113.800000 -2.230005 -0.166850 0.787031
 114.000000 -2.227605 -0.245009 3.337270
 114.200000 -2.227852 -0.201934 1.219039
 114.400000 -2.206827 -0.112922 3.826228
 114.600000 -2.208255 -0.167043 1.868646
 114.800000 -2.240748 -0.246413 2.980462
 115.000000 -2.308361 -0.197880 1.050023
 115.200000 -2.171947 -0.157216 4.852574
 115.400000 -2.251089 -0.168005 0.180419
 115.600000 -2.301413 -0.241022 2.738082
 115.800000 -2.278453 -0.125985 1.223834
 116.000000 -2.238296 -0.168790 0.485635
 116.200000 -2.312224 -0.234875 2.757861
 116.400000 -2.199562 -0.250847 5.317700
 116.600000 -2.259892 -0.133196 0.895216
 116.800000 -2.301355 -0.167144 0.553046
 117.000000 -2.201598 -0.203604 2.689223
 117.200000 -2.260313 -0.234035 1.807384
 117.400000 -2.198004 -0.173390 2.515752
 117.600000 -2.285182 -0.159470 0.245544
 117.800000 -2.213443 -0.233556 3.281155
 118.000000 -2.258994 -0.166025 0.085531
 118.200000 -2.349158 -0.143431 3.702099
 118.400000 -2.228904 -0.189089 0.906896
 118.600000 -2.271926 -0.225012 1.278553
 118.800000 -2.247530 -0.187188 0.309025
 119.000000 -2.255667 -0.180711 0.107019
 119.200000 -2.253022 -0.163209 0.190614
 119.400000 -2.277138 -0.184166 0.080100
 119.600000 -2.181127 -0.235729 5.727033
 119.800000 -2.251279 -0.139700 0.762424
 120.000000 -2.360398 -0.188560 4.281749
 120.200000 -2.183113 -0.104057 6.165552
 120.400000 -2.273094 -0.171362 0.013705
 120.600000 -2.274535 -0.115902 1.734520
 120.800000 -2.343890 -0.201983 3.186368
 121.000000 -2.171018 -0.180191 4.809148
 121.200000 -2.283214 -0.179753 0.115674
 121.400000 -2.200872 -0.203110 2.724119
 121.600000 -2.276428 -0.162825 0.096659
 121.800000 -2.292187 -0.166736 0.300880
 122.000000 -2.282874 -0.074885 5.062086
 122.200000 -2.306106 -0.170814 0.697998
 122.400000 -2.187271 -0.253813 6.476621
 122.600000 -2.237366 -0.200782 0.842591
 122.800000 -2.283717 -0.094736 3.293155
 123.000000 -2.232850 -0.097983 3.580731
 123.200000 -2.297100 -0.141619 0.938509
 123.400000 -2.253466 -0.168024 0.140722
 123.600000 -2.204886 -0.184410 2.099485
 123.800000 -2.336752 -0.192379 2.459280
 124.000000 -2.236463 -0.054399 7.743091
 124.200000 -2.294796 -0.085530 4.295386
 124.400000 -2.262581 -0.119819 1.516930
 124.600000 -2.322325 -0.174029 1.425771
 124.800000 -2.242161 -0.134936 1.142194
 125.000000 -2.282429 -0.163766 0.149101
 125.200000 -2.248951 -0.097311 3.181174
 125.400000 -2.225353 -0.073716 6.031387
 125.600000 -2.283313 -0.158533 0.231455
 125.800000 -2.271006 -0.051270 7.599012
 126.000000 -2.292298 -0.041474 9.125380
 126.200000 -2.308008 -0.127652 1.862519
 126.400000 -2.256497 -0.159238 0.194234
 126.600000 -2.286600 -0.126372 1.315883
 126.800000 -2.280253 -0.195519 0.284338
 127.000000 -2.285340 -0.201510 0.498566
 127.200000 -2.262968 -0.109208 2.151427
 127.400000 -2.285172 -0.052903 7.528878
 127.600000 -2.290165 -0.166158 0.260574
 127.800000 -2.236837 -0.127024 1.643465
 128.000000 -2.275624 -0.152075 0.274592
 128.200000 -2.338004 -0.151313 2.655322
 128.400000 -2.234757 -0.154827 0.777992
 128.600000 -2.270404 -0.103117 2.551234
 128.800000 -2.309360 -0.064392 6.882855
 129.000000 -2.293567 -0.112381 2.234950
 129.200000 -2.241745 -0.121132 1.795265
 129.400000 -2.261099 -0.184165 0.077040
 129.600000 -2.276712 -0.168338 0.049484
 129.800000 -2.329221 -0.118656 3.378727
 130.000000 -2.293069 -0.089915 3.871539
 130.200000 -2.304382 -0.199650 0.943930
 130.400000 -2.314184 -0.146652 1.412747
 130.600000 -2.228339 -0.155621 1.002557
 130.800000 -2.356781 -0.138787 4.497945
 131.000000 -2.323744 -0.072180 6.740473
 131.200000 -2.292059 -0.116051 1.977575
 131.400000 -2.242369 -0.098942 3.209719
 131.600000 -2.240430 -0.120413 1.870576
 131.800000 -2.312304 -0.179593 0.953556
 132.000000 -2.238117 -0.152635 0.714418
 132.200000 -2.255347 -0.155444 0.274412
 132.400000 -2.260565 -0.214497 0.833528
 132.600000 -2.297362 -0.103310 2.940632
 132.800000 -2.229827 -0.141347 1.315081
 133.000000 -2.326919 -0.200915 2.029520
 133.200000 -2.262603 -0.240593 2.201964
 133.400000 -2.243676 -0.121305 1.735435
 133.600000 -2.350071 -0.197490 3.555573
 133.800000 -2.318650 -0.109744 3.334962
 134.000000 -2.282146 -0.086639 3.950030
 134.200000 -2.269247 -0.149601 0.310847
 134.400000 -2.286908 -0.183546 0.202247
 134.600000 -2.279984 -0.089463 3.679549
 134.800000 -2.244390 -0.112937 2.198064
 135.000000 -2.312645 -0.140171 1.545954
 135.200000 -2.281575 -0.096922 3.091675
 135.400000 -2.326015 -0.077842 6.304026
 135.600000 -2.281737 -0.110372 2.140343
 135.800000 -2.305982 -0.152964 0.919086
 136.000000 -2.253129 -0.152914 0.358489
 136.200000 -2.259447 -0.100932 2.753494
 136.400000 -2.326152 -0.131869 2.547365
 136.600000 -2.227818 -0.157535 0.989492
 136.800000 -2.298797 -0.115205 2.205958
 137.000000 -2.305278 -0.090792 4.166891
 137.200000 -2.247067 -0.163959 0.294864
 137.400000 -2.303816 -0.165805 0.646667
 137.600000 -2.236242 -0.072324 5.757467
 137.800000 -2.270967 -0.117267 1.641754
 138.000000 -2.299909 -0.167539 0.504369
 138.200000 -2.236643 -0.134145 1.336759
 138.400000 -2.286999 -0.124085 1.435766
 138.600000 -2.312821 -0.167517 0.987923
 138.800000 -2.254250 -0.166002 0.144109
 139.000000 -2.228780 -0.210543 1.454279
 139.200000 -2.245031 -0.191161 0.423778
 139.400000 -2.265244 -0.085314 3.986754
 139.600000 -2.362365 -0.180103 4.380792
 139.800000 -2.192345 -0.137329 3.624576
 140.000000 -2.258502 -0.105087 2.465705
 140.200000 -2.323934 -0.113368 3.383409
 140.400000 -2.258413 -0.172270 0.057843
 140.600000 -2.252002 -0.188836 0.245540
 140.800000 -2.219344 -0.124298 2.491068
 141.000000 -2.337484 -0.159806 2.458398
 141.200000 -2.271448 -0.142831 0.505670
 141.400000 -2.255690 -0.151510 0.352645
 141.600000 -2.243547 -0.101236 3.008312
 141.800000 -2.293579 -0.168970 0.319316
 142.000000 -2.320786 -0.158576 1.471948
 142.200000 -2.284469 -0.124143 1.390345
 142.400000 -2.284116 -0.170039 0.125433
 142.600000 -2.281115 -0.154439 0.276134
 142.800000 -2.271913 -0.061177 6.429270
 143.000000 -2.357088 -0.078444 8.502645
 143.200000 -2.294566 -0.148044 0.679484
 143.400000 -2.289066 -0.178303 0.209883
 143.600000 -2.314233 -0.164750 1.074138
 143.800000 -2.240434 -0.121240 1.826016
 144.000000 -2.217262 -0.146703 1.721960
 144.200000 -2.300746 -0.093158 3.817164
 144.400000 -2.362603 -0.091011 7.875392
 144.600000 -2.305411 -0.197934 0.939303
 144.800000 -2.310657 -0.142703 1.377244
 145.000000 -2.217966 -0.192637 1.462463
 145.200000 -2.177721 -0.095389 7.291222
 145.400000 -2.303647 -0.187305 0.684277
 145.600000 -2.264566 -0.166735 0.039914
 145.800000 -2.246316 -0.197193 0.512400
 146.000000 -2.304610 -0.195534 0.857108
 146.200000 -2.247889 -0.193597 0.403043
 146.400000 -2.276071 -0.111870 1.988821
 146.600000 -2.217175 -0.150395 1.630528
 146.800000 -2.318895 -0.135398 2.014121
 147.000000 -2.262488 -0.107768 2.249509
 147.200000 -2.308926 -0.206601 1.314074
 147.400000 -2.215504 -0.120010 2.913416
 147.600000 -2.219671 -0.093908 4.463293
 147.800000 -2.258619 -0.117998 1.651213
 148.000000 -2.271764 -0.147224 0.376911
 148.200000 -2.300679 -0.177017 0.507149
 148.400000 -2.266693 -0.220214 1.045866
 148.600000 -2.309601 -0.220433 1.880546
 148.800000 -2.206190 -0.107820 4.193297
 149.000000 -2.216802 -0.135145 2.134242
 149.200000 -2.362297 -0.156904 4.514231
 149.400000 -2.289119 -0.117396 1.836163
 149.600000 -2.296381 -0.130598 1.341944
 149.800000 -2.287131 -0.205200 0.635909
 150.000000 -2.268421 -0.175925 0.001098
 150.200000 -2.259831 -0.173883 0.041593
 150.400000 -2.257722 -0.091291 3.527362
 150.600000 -2.338337 -0.232739 4.102750
 150.800000 -2.259272 -0.136014 0.788482
 151.000000 -2.282222 -0.198920 0.385733
 151.200000 -2.154108 -0.056052 13.610617
 151.400000 -2.357254 -0.154019 4.111171
 151.600000 -2.224772 -0.141946 1.505829
 151.800000 -2.179946 -0.210344 4.600157
 152.000000 -2.248115 -0.157764 0.357191
 152.200000 -2.346662 -0.188814 3.123287
 152.400000 -2.343453 -0.144483 3.228461
 152.600000 -2.115969 -0.156510 11.860629
 152.800000 -2.299104 -0.177262 0.459019
 153.000000 -2.285048 -0.185229 0.187132
 153.200000 -2.296890 -0.126293 1.554466
 153.400000 -2.270814 -0.136639 0.719755
 153.600000 -2.265565 -0.093290 3.305835
 153.800000 -2.285044 -0.209707 0.748466
 154.000000 -2.241161 -0.210458 1.030809
 154.200000 -2.202066 -0.212498 2.955936
 154.400000 -2.187213 -0.122423 4.696400
 154.600000 -2.329718 -0.122656 3.193323
 154.800000 -2.202489 -0.155046 2.396973
 155.000000 -2.260976 -0.158268 0.163881
 155.200000 -2.291335 -0.155205 0.437820
 155.400000 -2.256637 -0.044910 8.476539
 155.600000 -2.222665 -0.251605 4.040163
 155.800000 -2.280220 -0.178253 0.070678
 156.000000 -2.342332 -0.061831 9.044959
 156.200000 -2.263811 -0.122639 1.359559
 156.400000 -2.267012 -0.124260 1.265510
 156.600000 -2.284776 -0.086177 4.029004
 156.800000 -2.259961 -0.145186 0.470819
 157.000000 -2.270937 -0.180933 0.022500
 157.200000 -2.194898 -0.168752 2.756960
 157.400000 -2.258510 -0.126819 1.192585
 157.600000 -2.294906 -0.134713 1.130254
 157.800000 -2.243202 -0.050442 8.030227
 158.000000 -2.259362 -0.256771 3.427276
 158.200000 -2.193618 -0.171845 2.839385
 158.400000 -2.316627 -0.165897 1.174892
 158.600000 -2.296857 -0.126383 1.549217
 158.800000 -2.268309 -0.067839 5.691983
 159.000000 -2.224727 -0.059243 7.622701
 159.200000 -2.273988 -0.229279 1.511379
 159.400000 -2.301422 -0.255266 3.786808
 159.600000 -2.279386 -0.134360 0.861606
 159.800000 -2.271173 -0.091748 3.429213
 160.000000 -2.286861 -0.174437 0.160802
 160.200000 -2.302914 -0.145410 1.001599
 160.400000 -2.206608 -0.241397 4.177265
 160.600000 -2.297180 -0.196043 0.630429
 160.800000 -2.227380 -0.173175 0.864031
 161.000000 -2.295566 -0.065307 6.319940
 161.200000 -2.306445 -0.143771 1.176908
 161.400000 -2.267918 -0.161908 0.080202
 161.600000 -2.238920 -0.093415 3.740294
 161.800000 -2.298244 -0.124672 1.672777
 162.000000 -2.273144 -0.134600 0.806219
 162.200000 -2.307755 -0.144233 1.212801
 162.400000 -2.242379 -0.130981 1.300800
 162.600000 -2.285507 -0.103458 2.663241
 162.800000 -2.289072 -0.142941 0.701930
 163.000000 -2.268754 -0.158223 0.133024
 163.200000 -2.233170 -0.185635 0.700931
 163.400000 -2.280202 -0.074873 5.029645
 163.600000 -2.285922 -0.158328 0.275705
 163.800000 -2.216397 -0.118022 2.976495
 164.000000 -2.261043 -0.101952 2.665114
 164.200000 -2.338860 -0.069380 7.973852
 164.400000 -2.298207 -0.117506 2.054674
 164.600000 -2.297663 -0.093007 3.736085
 164.800000 -2.306887 -0.111962 2.678025
 165.000000 -2.306967 -0.152993 0.955444
 165.200000 -2.232184 -0.147657 1.036206
 165.400000 -2.247717 -0.125720 1.416298
 165.600000 -2.313720 -0.081452 5.335148
 165.800000 -2.315297 -0.149567 1.386697
 166.000000 -2.311826 -0.127466 2.027737
 166.200000 -2.211581 -0.075759 6.522440
 166.400000 -2.333333 -0.110175 4.144965
 166.600000 -2.258744 -0.029412 10.581916
 166.800000 -2.342509 -0.082806 6.914031
 167.000000 -2.351632 -0.047597 11.476375
 167.200000 -2.218160 -0.074669 6.275136
 167.400000 -2.251891 -0.101086 2.842330
 167.600000 -2.346478 -0.074247 8.035623
 167.800000 -2.341983 -0.104748 5.103502
 168.000000 -2.255306 -0.114178 1.914156
 168.200000 -2.328363 -0.062664 8.023593
 168.400000 -2.276917 -0.085649 3.982113
 168.600000 -2.269665 -0.070890 5.371185
 168.800000 -2.214445 -0.118606 3.048070
 169.000000 -2.351873 -0.129580 4.450280
 169.200000 -2.311147 -0.065232 6.864594
 169.400000 -2.260048 -0.083568 4.176714
 169.600000 -2.196150 -0.134743 3.439910
 169.800000 -2.274755 0.000147 15.273525
 170.000000 -2.332745 -0.091363 5.494933
 170.200000 -2.296901 -0.171900 0.394721
 170.400000 -2.338403 -0.119950 3.903013
 170.600000 -2.283041 -0.106337 2.424947
 170.800000 -2.332893 -0.062537 8.317327
 171.000000 -2.203000 -0.069457 7.693735
 171.200000 -2.202221 -0.121277 3.642995
 171.400000 -2.365617 -0.162757 4.743749
 171.600000 -2.262404 -0.083951 4.123813
 171.800000 -2.268301 -0.109289 2.128565
 172.000000 -2.249253 -0.107591 2.434153
 172.200000 -2.223043 -0.152999 1.284602
 172.400000 -2.230212 -0.159739 0.858905
 172.600000 -2.314872 -0.169971 1.065848
 172.800000 -2.301611 -0.091966 3.942694
 173.000000 -2.297858 -0.173363 0.419157
 173.200000 -2.268663 -0.177550 0.004587
 173.400000 -2.161581 -0.164560 5.811441
 173.600000 -2.304547 -0.138658 1.277846
 173.800000 -2.341846 -0.128023 3.740113
 174.000000 -2.250280 -0.098576 3.058630
 174.200000 -2.238917 -0.150834 0.731137
 174.400000 -2.296646 -0.177808 0.389503
 174.600000 -2.171972 -0.133589 5.538447
 174.800000 -2.233061 -0.103443 3.170113
 175.000000 -2.379440 -0.219805 7.131243
 175.200000 -2.325974 -0.164517 1.677297
 175.400000 -2.267055 0.008333 16.721785
 175.600000 -2.354328 -0.146933 4.027467
 175.800000 -2.311569 -0.140201 1.498460
 176.000000 -2.229096 -0.179321 0.804744
 176.200000 -2.360761 -0.142030 4.744858
 176.400000 -2.319652 -0.117986 2.885244
 176.600000 -2.232028 -0.055306 7.788300
 176.800000 -2.213418 -0.109284 3.669352
 177.000000 -2.305731 -0.136820 1.388347
 177.200000 -2.194496 -0.162767 2.839242
 177.400000 -2.292648 -0.171556 0.285749
 177.600000 -2.289285 -0.146222 0.607949
 177.800000 -2.345651 -0.102914 5.507880
 178.000000 -2.236670 -0.175525 0.520789
 178.200000 -2.263782 -0.156575 0.174495
 178.400000 -2.254976 -0.220285 1.143941
 178.600000 -2.265527 -0.157140 0.157049
 178.800000 -2.300093 -0.113538 2.345801
 179.000000 -2.246728 -0.025830 11.302683
 179.200000 -2.351354 -0.134495 4.198531
 179.400000 -2.276704 -0.142534 0.542209
 179.600000 -2.305226 -0.086007 4.577208
 179.800000 -2.296302 -0.127870 1.463371
 180.000000 -2.344707 -0.233830 4.629295
 180.200000 -2.179263 -0.066186 9.889417
 180.400000 -2.305840 -0.128934 1.720887
 180.600000 -2.329792 -0.160239 1.954374
 180.800000 -2.235724 -0.141050 1.111801
 181.000000 -2.311663 -0.192797 1.079938
 181.200000 -2.205321 -0.213702 2.790061
 181.400000 -2.234195 -0.198250 0.884422
 181.600000 -2.187600 -0.188071 3.398785
 181.800000 -2.267990 -0.178128 0.006904
 182.000000 -2.254693 -0.202822 0.501453
 182.200000 -2.236527 -0.177527 0.529408
 182.400000 -2.344393 -0.181866 2.874400
 182.600000 -2.122311 -0.235800 12.625130
 182.800000 -2.294131 -0.209816 0.940056
 183.000000 -2.239414 -0.159232 0.552586
 183.200000 -2.269029 -0.157768 0.140535
 183.400000 -2.282852 -0.200126 0.424435
 183.600000 -2.149600 -0.124810 8.355769
 183.800000 -2.363915 -0.223023 5.686900
 184.000000 -2.244419 -0.144339 0.756198
 184.200000 -2.245273 -0.173487 0.280331
 184.400000 -2.257242 -0.112783 1.974817
 184.600000 -2.319353 -0.091517 4.717134
 184.800000 -2.276784 -0.141648 0.571581
 185.000000 -2.248271 -0.120244 1.687006
 185.200000 -2.225070 -0.140159 1.552558
 185.400000 -2.248035 -0.193908 0.405956
 185.600000 -2.338915 -0.186015 2.514992
 185.800000 -2.283619 -0.273699 5.024837
 186.000000 -2.248998 -0.132893 1.065544
 186.200000 -2.211082 -0.231682 3.306102
 186.400000 -2.263267 -0.184483 0.065522
 186.600000 -2.339523 -0.200705 2.834286
 186.800000 -2.276885 -0.157804 0.171582
 187.000000 -2.248192 -0.180530 0.232969
 187.200000 -2.238052 -0.167626 0.500506
 187.400000 -2.284173 -0.153182 0.344136
 187.600000 -2.235371 -0.146999 0.942080
 187.800000 -2.224053 -0.154857 1.200445
 188.000000 -2.253986 -0.227368 1.507423
 188.200000 -2.229322 -0.144203 1.244275
 188.400000 -2.190939 -0.212911 3.777549
 188.600000 -2.320729 -0.164523 1.391760
 188.800000 -2.328986 -0.165819 1.841437
 189.000000 -2.189090 -0.136024 3.928483
 189.200000 -2.267646 -0.172452 0.002987
 189.400000 -2.286194 -0.288226 6.612059
 189.600000 -2.167478 -0.112930 7.043524
 189.800000 -2.297425 -0.194563 0.606650
 190.000000 -2.196152 -0.190184 2.770669
 190.200000 -2.280237 -0.137112 0.764097
 190.400000 -2.181153 -0.139227 4.475481
 190.600000 -2.196872 -0.195624 2.818426
 190.800000 -2.314257 -0.235176 2.866143
 191.000000 -2.227902 -0.129388 1.860577
 191.200000 -2.367123 -0.326486 16.366048
 191.400000 -2.289021 -0.230078 1.744488
 191.600000 -2.182207 -0.149834 4.065331
 191.800000 -2.181095 -0.165894 3.894648
 192.000000 -2.260571 -0.208681 0.617951
 192.200000 -2.236578 -0.167186 0.550256
 192.400000 -2.274496 -0.079335 4.546860
 192.600000 -2.260133 -0.244878 2.512878
 192.800000 -2.204808 -0.206419 2.564056
 193.000000 -2.274870 -0.145938 0.426477
 193.200000 -2.242334 -0.217574 1.279860
 193.400000 -2.258198 -0.324132 11.247473
 193.600000 -2.221285 -0.170854 1.141687
 193.800000 -2.211826 -0.183982 1.674963
 194.000000 -2.278564 -0.243992 2.458718
 194.200000 -2.216071 -0.188609 1.496000
 194.400000 -2.253628 -0.222685 1.276362
 194.600000 -2.200379 -0.207480 2.892272
 194.800000 -2.289044 -0.295083 7.468512
 195.000000 -2.222527 -0.112596 2.994571
 195.200000 -2.256763 -0.145264 0.502317
 195.400000 -2.268295 -0.199775 0.318783
 195.600000 -2.203690 -0.121742 3.521468
 195.800000 -2.379890 -0.184856 6.209558
 196.000000 -2.229165 -0.125848 1.975636
 196.200000 -2.350938 -0.238906 5.434764
 196.400000 -2.179832 -0.079898 8.446953
 196.600000 -2.233220 -0.142829 1.140130
 196.800000 -2.311715 -0.236208 2.817260
 197.000000 -2.219552 -0.132573 2.099329
 197.200000 -2.200280 -0.255216 5.611187
 197.400000 -2.287543 -0.275356 5.255961
 197.600000 -2.212531 -0.193450 1.769259
 197.800000 -2.202005 -0.114950 4.014400
 198.000000 -2.295138 -0.200470 0.679864
 198.200000 -2.280826 -0.186462 0.141927
 198.400000 -2.225533 -0.107117 3.213994
 198.600000 -2.213693 -0.142429 2.040766
 198.800000 -2.310906 -0.130013 1.872115
 199.000000 -2.317329 -0.184101 1.217082
 199.200000 -2.281623 -0.067025 5.859507
 199.400000 -2.327180 -0.138441 2.347989
 199.600000 -2.323587 -0.136237 2.227058
 199.800000 -2.265884 -0.093969 3.249938
 200.000000 -2.313580 -0.104160 3.473054
