#! FIELDS time phi psi restraint.bias
#! SET min_phi -pi
#! SET max_phi pi
#! SET min_psi -pi
#! SET max_psi pi
 0.000000 -2.547830 2.851659 130.101574
 0.200000 -2.189938 2.623239 4.577935
 0.400000 -2.100852 2.536495 3.341916
 0.600000 -2.036743 2.588103 2.108589
 0.800000 -2.092313 2.622964 0.014520
 1.000000 -2.075173 2.648795 0.659107
 1.200000 -2.133105 2.706529 4.668490
 1.400000 -2.121327 2.605236 0.444044
 1.600000 -2.122605 2.748958 8.973695
 1.800000 -2.185260 2.695063 7.098041
 2.000000 -2.136830 2.636701 1.075319
 2.200000 -2.145727 2.550496 3.595464
 2.400000 -2.038494 2.492012 9.498178
 2.600000 -2.116558 2.575557 1.146036
 2.800000 -2.197974 2.656175 6.093228
 3.000000 -2.108783 2.637305 0.289970
 3.200000 -2.059707 2.651167 1.151864
 3.400000 -2.179604 2.653558 4.262645
 3.600000 -2.144846 2.606552 1.338098
 3.800000 -1.950041 2.564318 11.859518
 4.000000 -2.026521 2.651989 2.881266
 4.200000 -2.178673 2.622115 3.559893
 4.400000 -2.140648 2.655347 1.767289
 4.600000 -2.046091 2.598944 1.348084
 4.800000 -2.113219 2.643148 0.493540
 5.000000 -2.141361 2.597276 1.317495
 5.200000 -2.122908 2.564120 1.857722
 5.400000 -2.171567 2.566540 4.301456
 5.600000 -2.097754 2.647975 0.455063
 5.800000 -2.053644 2.640002 1.072498
 6.000000 -2.081044 2.575194 1.005036
 6.200000 -2.114121 2.568127 1.437896
 6.400000 -2.056893 2.555078 2.682367
 6.600000 -2.026136 2.727668 8.343823
 6.800000 -2.025155 2.584103 2.971423
 7.000000 -2.113616 2.665438 1.310188
 7.200000 -2.033217 2.663520 2.907695
 7.400000 -2.026032 2.545938 4.932810
 7.600000 -2.063142 2.559969 2.171831
 7.800000 -2.185435 2.610962 4.168884
 8.000000 -2.103582 2.713121 4.566833
 8.200000 -2.113758 2.667666 1.421123
 8.400000 -2.101026 2.662022 0.991219
 8.600000 -2.092434 2.603468 0.107422
 8.800000 -2.105348 2.583290 0.662185
 9.000000 -2.109491 2.606554 0.179389
 9.200000 -2.181853 2.524196 8.223422
 9.400000 -2.184524 2.546178 6.640402
 9.600000 -2.124780 2.717987 5.460968
 9.800000 -2.092667 2.614928 0.006194
 10.000000 -2.198865 2.531248 9.219406
 10.200000 -2.140028 2.610739 1.067513
 10.400000 -2.036984 2.630038 1.720549
 10.600000 -2.043656 2.625496 1.315350
 10.800000 -2.122196 2.566694 1.702292
 11.000000 -2.097254 2.613841 0.012709
 11.200000 -2.096116 2.654877 0.681681
 11.400000 -2.167326 2.647213 3.086375
 11.600000 -2.138202 2.554889 2.950680
 11.800000 -2.106901 2.549848 2.400156
 12.000000 -2.125289 2.637129 0.660291
 12.200000 -2.095775 2.610593 0.028340
 12.400000 -2.062147 2.648605 0.988483
 12.600000 -2.107963 2.679245 1.967922
 12.800000 -2.137600 2.581134 1.612679
 13.000000 -1.991330 2.639429 5.540970
 13.200000 -1.999867 2.634335 4.601261
 13.400000 -2.135906 2.642200 1.154545
 13.600000 -2.081448 2.612196 0.100625
 13.800000 -2.078025 2.643282 0.453731
 14.000000 -2.133188 2.572157 1.802933
 14.200000 -2.146674 2.570478 2.495394
 14.400000 -2.111680 2.577533 0.967937
 14.600000 -2.137234 2.668348 2.185381
 14.800000 -2.105869 2.588621 0.497197
 15.000000 -2.093748 2.619256 0.001006
 15.200000 -2.119786 2.642037 0.611390
 15.400000 -2.050284 2.651022 1.518321
 15.600000 -2.121305 2.601028 0.505995
 15.800000 -2.129714 2.652275 1.211323
 16.000000 -2.164118 2.660782 3.346083
 16.200000 -2.008988 2.557643 5.468256
 16.400000 -2.110283 2.593438 0.427714
 16.600000 -2.235099 2.651716 10.467353
 16.800000 -2.166504 2.643738 2.931258
 17.000000 -2.044296 2.579627 1.990972
 17.200000 -2.062896 2.600339 0.651940
 17.400000 -2.053193 2.614006 0.856753
 17.600000 -2.107240 2.638080 0.284211
 17.800000 -2.134139 2.609734 0.823896
 18.000000 -2.150551 2.617198 1.577061
 18.200000 -2.073786 2.613297 0.223398
 18.400000 -2.007770 2.639303 3.979042
 18.600000 -2.076369 2.597406 0.374400
 18.800000 -2.145846 2.634315 1.456794
 19.000000 -2.067875 2.620108 0.353892
 19.200000 -2.043061 2.575756 2.209637
 19.400000 -2.078837 2.602034 0.248375
 19.600000 -2.125821 2.725140 6.233904
 19.800000 -2.119190 2.651365 0.864222
 20.000000 -2.161520 2.626713 2.290870
 20.200000 -2.139422 2.556272 2.918524
 20.400000 -2.139425 2.709619 5.211402
 20.600000 -2.007141 2.659114 4.652095
 20.800000 -2.070348 2.553674 2.357632
 21.000000 -2.170418 2.561902 4.462873
 21.200000 -2.233433 2.627739 9.713276
 21.400000 -2.132444 2.660403 1.623136
 21.600000 -2.100942 2.656259 0.753549
 21.800000 -2.086034 2.457647 12.890476
 22.000000 -2.111261 2.579961 0.865490
 22.200000 -2.046738 2.696820 4.242359
 22.400000 -2.075960 2.655280 0.865055
 22.600000 -2.018104 2.579939 3.634234
 22.800000 -2.053687 2.642225 1.122159
 23.000000 -2.116742 2.628465 0.304509
 23.200000 -2.079549 2.626779 0.148791
 23.400000 -2.099961 2.596115 0.254827
 23.600000 -2.140195 2.660401 1.947967
 23.800000 -2.107488 2.593146 0.394429
 24.000000 -2.071117 2.598591 0.459185
 24.200000 -2.206221 2.673197 7.776218
 24.400000 -2.164765 2.611952 2.494201
 24.600000 -2.127947 2.581329 1.235020
 24.800000 -2.180965 2.625626 3.776328
 25.000000 -2.110338 2.575208 1.042375
 25.200000 -2.136281 2.605307 0.957704
 25.400000 -2.159244 2.691739 4.821845
 25.600000 -2.125434 2.581931 1.131961
 25.800000 -2.060505 2.616759 0.575046
 26.000000 -2.195175 2.701120 8.533305
 26.200000 -2.068472 2.697449 3.492581
 26.400000 -1.962939 2.513504 14.099470
 26.600000 -2.069853 2.622468 0.311157
 26.800000 -2.113946 2.640922 0.453972
 27.000000 -2.082798 2.604386 0.159835
 27.200000 -2.090533 2.624316 0.027445
 27.400000 -2.078257 2.706158 4.016643
 27.600000 -2.142576 2.601624 1.294705
 27.800000 -2.131558 2.613063 0.702708
 28.000000 -2.138477 2.568622 2.190425
 28.200000 -2.139202 2.546467 3.561852
 28.400000 -2.125366 2.537718 3.701689
 28.600000 -2.133505 2.571215 1.858942
 28.800000 -2.145445 2.580424 2.008753
 29.000000 -2.193304 2.656997 5.652093
 29.200000 -2.164511 2.661168 3.390076
 29.400000 -2.031121 2.669542 3.330427
 29.600000 -2.056179 2.579331 1.477658
 29.800000 -2.193411 2.662548 5.894634
 30.000000 -2.089551 2.646212 0.409853
 30.200000 -1.960697 2.627321 8.981121
 30.400000 -2.041817 2.623648 1.398233
 30.600000 -2.183045 2.638981 4.149587
 30.800000 -2.138435 2.595182 1.229935
 31.000000 -2.105336 2.667946 1.307468
 31.200000 -2.061312 2.561734 2.129816
 31.400000 -2.027447 2.581531 2.905765
 31.600000 -2.008288 2.508368 9.716129
 31.800000 -2.168781 2.638814 2.983388
 32.000000 -2.140206 2.645303 1.422235
 32.200000 -2.123664 2.573156 1.433542
 32.400000 -2.095511 2.608705 0.043765
 32.600000 -2.057905 2.618738 0.666050
 32.800000 -2.165855 2.612775 2.566847
 33.000000 -2.132030 2.577685 1.520621
 33.200000 -2.085414 2.656175 0.769239
 33.400000 -2.095112 2.617042 0.000710
 33.600000 -2.098380 2.687968 2.456115
 33.800000 -2.099241 2.609858 0.044836
 34.000000 -2.076645 2.603022 0.269603
 34.200000 -2.130054 2.619294 0.636633
 34.400000 -2.171423 2.632449 3.071138
 34.600000 -2.018755 2.639656 3.095383
 34.800000 -2.043170 2.645651 1.694447
 35.000000 -2.171290 2.615145 2.960506
 35.200000 -2.136815 2.661079 1.827892
 35.400000 -2.053787 2.591261 1.181837
 35.600000 -2.076114 2.589325 0.578046
 35.800000 -2.079447 2.570709 1.229665
 36.000000 -2.126658 2.636874 0.698690
 36.200000 -2.136635 2.645543 1.271591
 36.400000 -2.104566 2.574999 0.976013
 36.600000 -2.140662 2.564898 2.479935
 36.800000 -2.086306 2.575675 0.928146
 37.000000 -1.978211 2.620815 6.753386
 37.200000 -2.117482 2.638357 0.473818
 37.400000 -2.136460 2.686569 3.235997
 37.600000 -2.123066 2.621229 0.416233
 37.800000 -2.100723 2.656938 0.778362
 38.000000 -2.145039 2.637714 1.476842
 38.200000 -2.130424 2.624893 0.672828
 38.400000 -2.129203 2.625394 0.633173
 38.600000 -2.057139 2.583277 1.296663
 38.800000 -2.091778 2.635070 0.149231
 39.000000 -2.053337 2.588969 1.264101
 39.200000 -2.116073 2.562724 1.762374
 39.400000 -2.123619 2.597318 0.640775
 39.600000 -2.113274 2.648597 0.646466
 39.800000 -2.058764 2.560829 2.268697
 40.000000 -2.117544 2.651364 0.824703
 40.200000 -2.126598 2.647514 0.954250
 40.400000 -2.086414 2.632462 0.136521
 40.600000 -2.081526 2.602521 0.202508
 40.800000 -2.058915 2.607291 0.686706
 41.000000 -1.942393 2.599974 11.714643
 41.200000 -2.071090 2.588276 0.713130
 41.400000 -2.103660 2.691960 2.778403
 41.600000 -2.092604 2.634868 0.143967
 41.800000 -2.063701 2.642805 0.778885
 42.000000 -2.031910 2.575387 2.859896
 42.200000 -2.055920 2.617374 0.740356
 42.400000 -2.039617 2.600780 1.648472
 42.600000 -2.121934 2.561148 1.994954
 42.800000 -2.088974 2.531581 3.748310
 43.000000 -2.124224 2.618651 0.445088
 43.200000 -2.145015 2.571230 2.374607
 43.400000 -2.165811 2.663740 3.596497
 43.600000 -2.122057 2.613561 0.392422
 43.800000 -2.052289 2.756801 10.520123
 44.000000 -2.122241 2.562048 1.952666
 44.200000 -2.104550 2.678941 1.908839
 44.400000 -2.177614 2.589463 3.869719
 44.600000 -2.112801 2.686182 2.494162
 44.800000 -2.022146 2.603924 2.708940
 45.000000 -2.104839 2.533094 3.658504
 45.200000 -2.161516 2.568485 3.478141
 45.400000 -2.140191 2.559132 2.780947
 45.600000 -2.108584 2.592424 0.427563
 45.800000 -2.138455 2.598109 1.168353
 46.000000 -2.105450 2.617984 0.061107
 46.200000 -2.060557 2.612783 0.586090
 46.400000 -2.066620 2.680254 2.323890
 46.600000 -2.120289 2.668912 1.631551
 46.800000 -2.052490 2.636419 1.047760
 47.000000 -2.089636 2.632804 0.120992
 47.200000 -2.030619 2.633510 2.154045
 47.400000 -2.084922 2.632492 0.149969
 47.600000 -2.067263 2.636244 0.534614
 47.800000 -2.007028 2.646796 4.231245
 48.000000 -2.041096 2.605663 1.496402
 48.200000 -2.038029 2.570032 2.738748
 48.400000 -2.118116 2.670064 1.636962
 48.600000 -2.085723 2.622007 0.045659
 48.800000 -2.034874 2.633520 1.891928
 49.000000 -2.038716 2.675082 3.179652
 49.200000 -2.054309 2.576561 1.661776
 49.400000 -1.972251 2.635877 7.619528
 49.600000 -2.041168 2.640472 1.669189
 49.800000 -2.097739 2.617854 0.005601
 50.000000 -2.090355 2.588652 0.438627
 50.200000 -2.049950 2.664127 2.051852
 50.400000 -1.985045 2.692582 8.760381
 50.600000 -2.038745 2.640192 1.794849
 50.800000 -2.081298 2.626066 0.118347
 51.000000 -2.021895 2.651675 3.195364
 51.200000 -2.047478 2.685900 3.406227
 51.400000 -2.111937 2.582777 0.773980
 51.600000 -2.110751 2.603310 0.241576
 51.800000 -2.133380 2.584531 1.319809
 52.000000 -2.064691 2.604457 0.532792
 52.200000 -2.165008 2.583523 3.087246
 52.400000 -2.156321 2.495425 9.429000
 52.600000 -2.061649 2.590328 0.918877
 52.800000 -2.027501 2.620640 2.240894
 53.000000 -2.103843 2.593750 0.338510
 53.200000 -2.141752 2.629831 1.191414
 53.400000 -2.132920 2.639028 0.963315
 53.600000 -2.148120 2.726878 7.371121
 53.800000 -2.159074 2.623657 2.107749
 54.000000 -2.133186 2.584627 1.309031
 54.200000 -2.061125 2.624918 0.577408
 54.400000 -2.108648 2.518326 5.068386
 54.600000 -2.121883 2.694130 3.276121
 54.800000 -2.225356 2.749756 17.256022
 55.000000 -2.049840 2.636584 1.165360
 55.200000 -2.014582 2.549017 5.564038
 55.400000 -1.998159 2.627859 4.679369
 55.600000 -2.014376 2.643931 3.537860
 55.800000 -2.043400 2.517354 6.364468
 56.000000 -2.069792 2.630045 0.375279
 56.200000 -2.145839 2.576954 2.165411
 56.400000 -2.115699 2.625073 0.251984
 56.600000 -2.110025 2.733888 6.837890
 56.800000 -2.072890 2.606183 0.300990
 57.000000 -2.148763 2.575982 2.360420
 57.200000 -2.148930 2.506085 7.748814
 57.400000 -2.087507 2.570764 1.139044
 57.600000 -2.114082 2.617336 0.194008
 57.800000 -2.192205 2.643368 5.105361
 58.000000 -2.172958 2.702311 6.640758
 58.200000 -2.210572 2.617645 6.748572
 58.400000 -2.244719 2.584607 11.856045
 58.600000 -2.177077 2.645756 3.803555
 58.800000 -2.037538 2.581097 2.297026
 59.000000 -2.153300 2.590978 2.099793
 59.200000 -2.160180 2.595133 2.425117
 59.400000 -2.111091 2.691917 2.871652
 59.600000 -2.024147 2.761572 12.774754
 59.800000 -2.056662 2.702149 4.252877
 60.000000 -2.051170 2.609134 0.973471
 60.200000 -2.063041 2.571310 1.581236
 60.400000 -2.021159 2.656956 3.440811
 60.600000 -2.140610 2.682480 3.147138
 60.800000 -2.199591 2.565595 6.905927
 61.000000 -2.150776 2.523616 6.043023
 61.200000 -2.108538 2.630408 0.177062
 61.400000 -2.062808 2.578170 1.291834
 61.600000 -2.166514 2.614797 2.605709
 61.800000 -2.143109 2.553343 3.276422
 62.000000 -2.083796 2.567746 1.318593
 62.200000 -2.059632 2.650753 1.140825
 62.400000 -2.115993 2.632447 0.337683
 62.600000 -2.100320 2.641173 0.286186
 62.800000 -2.128834 2.635640 0.748719
 63.000000 -2.218441 2.708000 11.744259
 63.200000 -2.147727 2.637513 1.612661
 63.400000 -2.015733 2.617290 3.094150
 63.600000 -2.055454 2.608140 0.806756
 63.800000 -2.174584 2.568867 4.421815
 64.000000 -2.138128 2.617665 0.956350
 64.200000 -2.113899 2.697147 3.322775
 64.400000 -2.141909 2.614089 1.136432
 64.600000 -2.146913 2.508717 7.349724
 64.800000 -2.081559 2.559715 1.780619
 65.000000 -2.131942 2.569830 1.864760
 65.200000 -2.174640 2.555910 5.146802
 65.400000 -2.149845 2.568664 2.754047
 65.600000 -2.167506 2.650653 3.205872
 65.800000 -2.107922 2.690964 2.753830
 66.000000 -2.057617 2.643095 0.991357
 66.200000 -2.081651 2.613539 0.091128
 66.400000 -2.165212 2.644956 2.871005
 66.600000 -2.113003 2.671025 1.579282
 66.800000 -2.172791 2.670125 4.431815
 67.000000 -2.139860 2.604428 1.125552
 67.200000 -2.098106 2.595189 0.266914
 67.400000 -2.021736 2.634701 2.779218
 67.600000 -2.139195 2.736611 8.038540
 67.800000 -2.099710 2.595004 0.278398
 68.000000 -2.115766 2.544643 2.918538
 68.200000 -2.086873 2.576836 0.875276
 68.400000 -2.115081 2.596849 0.437497
 68.600000 -2.109973 2.538490 3.281803
 68.800000 -2.112087 2.583731 0.743466
 69.000000 -2.187764 2.589379 4.768313
 69.200000 -2.120523 2.604060 0.438414
 69.400000 -2.091961 2.631920 0.099938
 69.600000 -2.053943 2.653276 1.440591
 69.800000 -2.035728 2.619786 1.722509
 70.000000 -2.010459 2.655861 4.239569
 70.200000 -2.125498 2.695665 3.500105
 70.400000 -2.119219 2.640871 0.569777
 70.600000 -2.167723 2.564516 4.118415
 70.800000 -2.133951 2.656544 1.525412
 71.000000 -2.041189 2.643943 1.752093
 71.200000 -2.064850 2.666615 1.618430
 71.400000 -2.258644 2.685975 15.799554
 71.600000 -2.125125 2.585844 0.988967
 71.800000 -2.000328 2.586659 4.915272
 72.000000 -2.102891 2.593184 0.343859
 72.200000 -2.183892 2.622691 4.015920
 72.400000 -2.165799 2.625007 2.573879
 72.600000 -2.054461 2.575092 1.717660
 72.800000 -2.068775 2.606088 0.399075
 73.000000 -2.139780 2.559601 2.734736
 73.200000 -2.174414 2.532162 6.885074
 73.400000 -2.105097 2.611692 0.077119
 73.600000 -2.015977 2.597897 3.276667
 73.800000 -2.091544 2.648461 0.468195
 74.000000 -2.041770 2.594977 1.649587
 74.200000 -2.072576 2.621227 0.243265
 74.400000 -2.153090 2.700872 5.156915
 74.600000 -2.162626 2.703897 6.017440
 74.800000 -2.066760 2.629542 0.448518
 75.000000 -2.039829 2.645493 1.866827
 75.200000 -2.079181 2.650725 0.651393
 75.400000 -2.037586 2.718897 6.704408
 75.600000 -2.100958 2.645860 0.409807
 75.800000 -2.208054 2.614121 6.466663
 76.000000 -2.138000 2.528614 4.945067
 76.200000 -2.126305 2.624012 0.527230
 76.400000 -2.118599 2.668652 1.576051
 76.600000 -2.003770 2.550417 6.389778
 76.800000 -2.023904 2.534092 6.004311
 77.000000 -2.111893 2.566071 1.501083
 77.200000 -2.118398 2.647797 0.732171
 77.400000 -2.114395 2.598850 0.383244
 77.600000 -2.090691 2.657176 0.774486
 77.800000 -2.128557 2.559291 2.306532
 78.000000 -2.097136 2.657086 0.767855
 78.200000 -2.097349 2.682580 2.090016
 78.400000 -2.101837 2.641601 0.306336
 78.600000 -2.093465 2.563162 1.503712
 78.800000 -2.058989 2.613960 0.634931
 79.000000 -2.130304 2.636389 0.813906
 79.200000 -2.203482 2.564699 7.370147
 79.400000 -2.170296 2.595952 3.123390
 79.600000 -2.146845 2.610021 1.407267
 79.800000 -2.068527 2.693545 3.188533
 80.000000 -2.132176 2.597921 0.915156
 80.200000 -2.077374 2.479390 9.750342
 80.400000 -2.108017 2.560011 1.773761
 80.600000 -2.196387 2.656608 5.946740
 80.800000 -2.117911 2.705618 4.115515
 81.000000 -2.039564 2.620200 1.505638
 81.200000 -2.096395 2.674813 1.616228
 81.400000 -2.159832 2.668518 3.417310
 81.600000 -2.062207 2.649758 1.022518
 81.800000 -2.061923 2.620528 0.530421
 82.000000 -2.134207 2.629441 0.858014
 82.200000 -2.167855 2.604844 2.784664
 82.400000 -2.069116 2.680937 2.300475
 82.600000 -2.155464 2.620148 1.866995
 82.800000 -2.110797 2.616522 0.135592
 83.000000 -2.201836 2.515362 11.038336
 83.200000 -2.134513 2.598216 1.000292
 83.400000 -2.086221 2.585277 0.568601
 83.600000 -2.132248 2.547183 3.223482
 83.800000 -2.082251 2.677265 1.830255
 84.000000 -2.094075 2.648267 0.458293
 84.200000 -2.089746 2.617619 0.010879
 84.400000 -2.045360 2.702523 4.774821
 84.600000 -2.057400 2.671198 2.099640
 84.800000 -2.029990 2.687981 4.523102
 85.000000 -2.060215 2.653531 1.215595
 85.200000 -2.177116 2.602744 3.537617
 85.400000 -2.087861 2.707906 4.063468
 85.600000 -2.106347 2.678236 1.885999
 85.800000 -2.117817 2.548952 2.657683
 86.000000 -2.082635 2.540753 3.052209
 86.200000 -2.087615 2.574216 0.981226
 86.400000 -2.050967 2.576578 1.800626
 86.600000 -2.125326 2.636347 0.646802
 86.800000 -2.099216 2.622801 0.023173
 87.000000 -1.953090 2.668304 11.249036
 87.200000 -2.130388 2.573116 1.654751
 87.400000 -2.161099 2.613326 2.235625
 87.600000 -2.123929 2.613395 0.446696
 87.800000 -2.117068 2.647290 0.686164
 88.000000 -2.128411 2.564348 2.017503
 88.200000 -2.088543 2.572162 1.067379
 88.400000 -2.066415 2.651631 0.957175
 88.600000 -2.145778 2.685841 3.621739
 88.800000 -2.111452 2.604260 0.239775
 89.000000 -2.153089 2.593597 2.020100
 89.200000 -2.087151 2.700449 3.425700
 89.400000 -2.004105 2.589238 4.489603
 89.600000 -2.044236 2.666355 2.427403
 89.800000 -2.175505 2.637652 3.482644
 90.000000 -2.065725 2.601152 0.552820
 90.200000 -1.978321 2.551852 8.924051
 90.400000 -2.113845 2.562333 1.738194
 90.600000 -2.143190 2.658969 2.029946
 90.800000 -2.153160 2.658885 2.562720
 91.000000 -2.139766 2.662344 2.012723
 91.200000 -2.135399 2.591356 1.195416
 91.400000 -2.081143 2.593694 0.383053
 91.600000 -2.063589 2.535885 3.845472
 91.800000 -2.165613 2.609817 2.569398
 92.000000 -2.045706 2.691350 3.875860
 92.200000 -2.109448 2.684422 2.319610
 92.400000 -2.064441 2.550672 2.714759
 92.600000 -2.096517 2.592009 0.339858
 92.800000 -2.130382 2.598723 0.833211
 93.000000 -2.093817 2.655988 0.721931
 93.200000 -2.103514 2.650699 0.576387
 93.400000 -2.201634 2.580086 6.468580
 93.600000 -2.175598 2.562583 4.832106
 93.800000 -2.097731 2.538744 3.145851
 94.000000 -2.042858 2.525817 5.576341
 94.200000 -2.127677 2.631295 0.642288
 94.400000 -2.128640 2.596295 0.821793
 94.600000 -2.094329 2.606704 0.063731
 94.800000 -2.196074 2.589289 5.581233
 95.000000 -2.175421 2.720197 8.505362
 95.200000 -2.111478 2.608491 0.191069
 95.400000 -2.086688 2.512919 5.550025
 95.600000 -2.123448 2.657842 1.215958
 95.800000 -2.222964 2.684194 10.456137
 96.000000 -2.145246 2.684062 3.475419
 96.200000 -2.218949 2.732270 14.286319
 96.400000 -2.092084 2.622285 0.011877
 96.600000 -2.112599 2.640873 0.427403
 96.800000 -2.050621 2.592673 1.278670
 97.000000 -2.132339 2.630825 0.802183
 97.200000 -2.135664 2.618066 0.851544
 97.400000 -2.123113 2.658690 1.240440
 97.600000 -2.172135 2.689203 5.557137
 97.800000 -2.169064 2.603299 2.895683
 98.000000 -2.139906 2.624615 1.057549
 98.200000 -2.090779 2.567704 1.271076
 98.400000 -2.176367 2.541695 6.270511
 98.600000 -2.176560 2.541135 6.329178
 98.800000 -2.106749 2.544671 2.764467
 99.000000 -2.119318 2.647165 0.736048
 99.200000 -2.052832 2.606052 0.935054
 99.400000 -2.020605 2.637166 2.906267
 99.600000 -2.153076 2.620297 1.724363
 99.800000 -2.096900 2.670995 1.407672
 100.000000 -2.112450 2.545968 2.756828
 100.200000 -2.032815 2.642732 2.202043
 100.400000 -2.004232 2.652140 4.647680
 100.600000 -2.064444 2.559753 2.144553
 100.800000 -2.039245 2.679427 3.407803
 101.000000 -2.172784 2.664986 4.176563
 101.200000 -2.097828 2.612098 0.023273
 101.400000 -2.135169 2.637462 1.020761
 101.600000 -2.103364 2.618503 0.040351
 101.800000 -2.209892 2.506095 12.930401
 102.000000 -2.106550 2.625080 0.098972
 102.200000 -2.183828 2.645383 4.374183
 102.400000 -2.203571 2.544525 8.658552
 102.600000 -2.106990 2.672371 1.557762
 102.800000 -2.149536 2.644436 1.869862
 103.000000 -2.135948 2.576410 1.727933
 103.200000 -2.127842 2.586977 1.040361
 103.400000 -2.158109 2.522453 6.593758
 103.600000 -2.099798 2.601001 0.158978
 103.800000 -2.055223 2.653771 1.407224
 104.000000 -2.065772 2.575123 1.328608
 104.200000 -2.038941 2.659345 2.392524
 104.400000 -2.036609 2.747122 10.006622
 104.600000 -2.089357 2.717360 4.949490
 104.800000 -2.123135 2.588538 0.846804
 105.000000 -2.075450 2.659951 1.059666
 105.200000 -2.027726 2.625272 2.248894
 105.400000 -2.079711 2.606324 0.175894
 105.600000 -2.128724 2.558907 2.334872
 105.800000 -2.155185 2.669857 3.192589
 106.000000 -2.100123 2.652993 0.628873
 106.200000 -2.146833 2.605204 1.456646
 106.400000 -2.066487 2.566645 1.707796
 106.600000 -2.082573 2.615587 0.072777
 106.800000 -2.044098 2.552175 3.430937
 107.000000 -2.063174 2.628940 0.547296
 107.200000 -2.078373 2.651473 0.688769
 107.400000 -2.038963 2.623077 1.549288
 107.600000 -2.047841 2.676164 2.775506
 107.800000 -2.105019 2.614410 0.062860
 108.000000 -2.068943 2.672074 1.786207
 108.200000 -2.071677 2.660597 1.165592
 108.400000 -2.086331 2.598570 0.221157
 108.600000 -2.053105 2.616617 0.853396
 108.800000 -2.080921 2.625749 0.120846
 109.000000 -2.114821 2.631256 0.296554
 109.200000 -2.126189 2.653757 1.144902
 109.400000 -2.182855 2.521277 8.589703
 109.600000 -2.147120 2.537099 4.661915
 109.800000 -2.079054 2.593911 0.407666
 110.000000 -2.188085 2.534252 7.895236
 110.200000 -2.175457 2.557185 5.134431
 110.400000 -2.126563 2.616013 0.519352
 110.600000 -2.088005 2.614514 0.026474
 110.800000 -2.224841 2.636532 8.679891
 111.000000 -2.153732 2.584586 2.318465
 111.200000 -2.092449 2.700480 3.403853
 111.400000 -2.023762 2.529826 6.381341
 111.600000 -2.069195 2.643111 0.632938
 111.800000 -2.111563 2.623012 0.159953
 112.000000 -2.147158 2.687965 3.839927
 112.200000 -2.114086 2.628294 0.246914
 112.400000 -2.241124 2.597006 10.984910
 112.600000 -2.250721 2.623067 12.231699
 112.800000 -2.128894 2.616944 0.595648
 113.000000 -2.086953 2.527831 4.092358
 113.200000 -2.150206 2.569103 2.752595
 113.400000 -2.199027 2.580266 6.185590
 113.600000 -2.100375 2.704726 3.779134
 113.800000 -2.042860 2.617250 1.328210
 114.000000 -2.066166 2.588981 0.819301
 114.200000 -2.119008 2.713185 4.833535
 114.400000 -2.116053 2.702635 3.816600
 114.600000 -2.152830 2.614345 1.713966
 114.800000 -2.128151 2.617021 0.570196
 115.000000 -2.114374 2.606684 0.263524
 115.200000 -2.125078 2.635807 0.629377
 115.400000 -2.195659 2.644927 5.489884
 115.600000 -2.123087 2.616277 0.413080
 115.800000 -2.062650 2.564295 1.945663
 116.000000 -2.100285 2.577442 0.839570
 116.200000 -2.088065 2.608391 0.066140
 116.400000 -2.103773 2.553505 2.123389
 116.600000 -2.121922 2.583907 0.959834
 116.800000 -2.162279 2.578642 3.078355
 117.000000 -2.083952 2.572570 1.086188
 117.200000 -2.063778 2.673906 2.031781
 117.400000 -2.093416 2.670948 1.402569
 117.600000 -2.071910 2.589407 0.661398
 117.800000 -2.041457 2.621471 1.407262
 118.000000 -2.083730 2.741036 7.626526
 118.200000 -2.075324 2.670472 1.558827
 118.400000 -2.078152 2.616079 0.133758
 118.600000 -2.079204 2.582512 0.744868
 118.800000 -2.078325 2.580422 0.834935
 119.000000 -2.093325 2.627916 0.049797
 119.200000 -2.088539 2.670788 1.410739
 119.400000 -2.063328 2.607741 0.535148
 119.600000 -2.116939 2.553628 2.325603
 119.800000 -2.101832 2.593064 0.338399
 120.000000 -2.092442 2.677825 1.791779
 120.200000 -2.085681 2.566621 1.357577
 120.400000 -2.137274 2.536782 4.216958
 120.600000 -2.119039 2.581799 0.958694
 120.800000 -2.053724 2.721747 6.209438
 121.000000 -2.135865 2.658168 1.666836
 121.200000 -2.155252 2.671872 3.303211
 121.400000 -2.096322 2.547040 2.519057
 121.600000 -2.121689 2.549268 2.734123
 121.800000 -2.190222 2.589114 5.008361
 122.000000 -2.089425 2.636045 0.175275
 122.200000 -2.055113 2.606943 0.832596
 122.400000 -2.108327 2.553418 2.182095
 122.600000 -2.145557 2.652126 1.891301
 122.800000 -2.150923 2.597513 1.807439
 123.000000 -2.088940 2.637042 0.196295
 123.200000 -2.106307 2.623641 0.086890
 123.400000 -2.081645 2.609957 0.113579
 123.600000 -2.027335 2.605147 2.331064
 123.800000 -2.067648 2.701640 3.856058
 124.000000 -2.162104 2.598095 2.490203
 124.200000 -2.041169 2.596730 1.642608
 124.400000 -2.064722 2.596857 0.663641
 124.600000 -2.139298 2.659785 1.881380
 124.800000 -2.192197 2.590566 5.158769
 125.000000 -2.193394 2.604430 4.992397
 125.200000 -2.196898 2.663237 6.276887
 125.400000 -2.208993 2.550180 8.865750
 125.600000 -2.133767 2.585770 1.294255
 125.800000 -2.141778 2.662845 2.128399
 126.000000 -2.073829 2.594525 0.486874
 126.200000 -2.169568 2.573892 3.797947
 126.400000 -2.170962 2.534945 6.379794
 126.600000 -2.167321 2.646758 3.072768
 126.800000 -2.087069 2.591331 0.382290
 127.000000 -2.093405 2.628568 0.056400
 127.200000 -2.088560 2.623614 0.032815
 127.400000 -2.064089 2.624656 0.481418
 127.600000 -2.001087 2.585734 4.873528
 127.800000 -2.073812 2.659809 1.086102
 128.000000 -2.094141 2.672210 1.469744
 128.200000 -2.080790 2.631682 0.186228
 128.400000 -2.117045 2.623377 0.270995
 128.600000 -2.081810 2.676492 1.790210
 128.800000 -2.098831 2.565253 1.400646
 129.000000 -2.116324 2.646920 0.658785
 129.200000 -2.088789 2.653193 0.635221
 129.400000 -2.006593 2.587835 4.309387
 129.600000 -2.010831 2.640515 3.745075
 129.800000 -2.075677 2.642519 0.475931
 130.000000 -2.074185 2.596583 0.433444
 130.200000 -2.025716 2.688461 4.841244
 130.400000 -2.108742 2.634983 0.247236
 130.600000 -2.076539 2.572463 1.195939
 130.800000 -2.060851 2.561276 2.171051
 131.000000 -2.114033 2.567875 1.448760
 131.200000 -2.120968 2.605950 0.425588
 131.400000 -2.154877 2.583870 2.411264
 131.600000 -2.196932 2.642799 5.564554
 131.800000 -2.155351 2.626952 1.897929
 132.000000 -2.093793 2.670144 1.360017
 132.200000 -2.065121 2.652077 1.009320
 132.400000 -2.060284 2.607312 0.638841
 132.600000 -2.035951 2.674925 3.328428
 132.800000 -2.135332 2.712486 5.302252
 133.000000 -2.211126 2.714696 11.488668
 133.200000 -2.146018 2.664831 2.429295
 133.400000 -2.116677 2.570148 1.392851
 133.600000 -2.147571 2.598982 1.594576
 133.800000 -2.146431 2.598517 1.543523
 134.000000 -2.139163 2.552754 3.130219
 134.200000 -2.092697 2.572833 1.021198
 134.400000 -2.129516 2.631627 0.709669
 134.600000 -2.005239 2.649667 4.475988
 134.800000 -1.995076 2.644558 5.284943
 135.000000 -2.075090 2.592312 0.516125
 135.200000 -2.102001 2.583236 0.632971
 135.400000 -2.006442 2.588690 4.297188
 135.600000 -2.042840 2.578393 2.113094
 135.800000 -2.092634 2.712294 4.447853
 136.000000 -2.114727 2.562933 1.722531
 136.200000 -2.134498 2.557868 2.611686
 136.400000 -2.087465 2.656969 0.783543
 136.600000 -2.163539 2.599923 2.553678
 136.800000 -2.142325 2.651778 1.719354
 137.000000 -2.136158 2.652882 1.480676
 137.200000 -2.068462 2.622926 0.348425
 137.400000 -2.054668 2.688699 3.288779
 137.600000 -2.227911 2.609978 8.945433
 137.800000 -2.172291 2.614622 3.039603
 138.000000 -2.070265 2.586991 0.771738
 138.200000 -2.064773 2.627378 0.482769
 138.400000 -2.105574 2.645594 0.443359
 138.600000 -2.077842 2.523727 4.580090
 138.800000 -1.988049 2.575778 6.545873
 139.000000 -2.159635 2.674593 3.729878
 139.200000 -2.142189 2.572276 2.187218
 139.400000 -2.110031 2.508989 6.063292
 139.600000 -2.083122 2.670883 1.462173
 139.800000 -2.011791 2.618481 3.411799
 140.000000 -2.085952 2.633599 0.157410
 140.200000 -2.160906 2.642975 2.523892
 140.400000 -2.152186 2.672876 3.175931
 140.600000 -2.018270 2.573481 3.888187
 140.800000 -2.133439 2.672308 2.237190
 141.000000 -2.195569 2.618295 5.118079
 141.200000 -2.102405 2.614709 0.037477
 141.400000 -1.956211 2.627609 9.593645
 141.600000 -2.108599 2.616655 0.101769
 141.800000 -2.151840 2.604915 1.735493
 142.000000 -2.124050 2.621023 0.444303
 142.200000 -2.143983 2.639304 1.456538
 142.400000 -2.162556 2.580853 3.012660
 142.600000 -2.117902 2.640050 0.519523
 142.800000 -2.091145 2.470770 10.842729
 143.000000 -2.087054 2.641976 0.314512
 143.200000 -2.116285 2.650330 0.762402
 143.400000 -2.126160 2.633150 0.619368
 143.600000 -2.076019 2.631639 0.261929
 143.800000 -2.115966 2.718215 5.254733
 144.000000 -2.045232 2.606793 1.271251
 144.200000 -2.062455 2.600849 0.657077
 144.400000 -2.135096 2.655757 1.541320
 144.600000 -2.072897 2.719829 5.416323
 144.800000 -2.025837 2.714246 6.982421
 145.000000 -2.102761 2.662997 1.047652
 145.200000 -2.093934 2.604209 0.095122
 145.400000 -2.062846 2.568287 1.733083
 145.600000 -2.112549 2.597432 0.376163
 145.800000 -2.232732 2.630806 9.650561
 146.000000 -2.134253 2.581852 1.447464
 146.200000 -2.029544 2.595409 2.357869
 146.400000 -2.083655 2.611260 0.080344
 146.600000 -2.098172 2.587450 0.473588
 146.800000 -2.095036 2.577426 0.823074
 147.000000 -2.107866 2.626668 0.128356
 147.200000 -2.096620 2.641325 0.274635
 147.400000 -2.153661 2.590898 2.123344
 147.600000 -2.111431 2.610200 0.175485
 147.800000 -2.009738 2.659159 4.430731
 148.000000 -1.966225 2.652280 8.801535
 148.200000 -2.179348 2.655316 4.304940
 148.400000 -2.135133 2.646842 1.245887
 148.600000 -2.057588 2.619656 0.678768
 148.800000 -2.036525 2.660857 2.593126
 149.000000 -2.087699 2.679233 1.897559
 149.200000 -2.033173 2.604474 1.965452
 149.400000 -2.065464 2.618337 0.418574
 149.600000 -2.236792 2.681992 12.186373
 149.800000 -2.163734 2.621474 2.409964
 150.000000 -2.045962 2.557049 3.030026
 150.200000 -2.089799 2.558684 1.769417
 150.400000 -2.200545 2.649104 6.117775
 150.600000 -2.111374 2.553095 2.250090
 150.800000 -2.122169 2.548063 2.830857
 151.000000 -2.144124 2.651687 1.804123
 151.200000 -2.149964 2.604706 1.632252
 151.400000 -2.150838 2.630841 1.675417
 151.600000 -2.077889 2.713113 4.660034
 151.800000 -2.055567 2.593613 1.051047
 152.000000 -2.095556 2.656795 0.753454
 152.200000 -2.214228 2.634241 7.311912
 152.400000 -2.160289 2.656899 2.927831
 152.600000 -2.105874 2.658753 0.896516
 152.800000 -2.104674 2.654112 0.705102
 153.000000 -2.105923 2.604794 0.153568
 153.200000 -2.076359 2.599510 0.333472
 153.400000 -2.159832 2.630547 2.219792
 153.600000 -2.224535 2.611518 8.489128
 153.800000 -2.169255 2.539950 5.847454
 154.000000 -2.072932 2.533201 3.825266
 154.200000 -2.138041 2.586519 1.447827
 154.400000 -2.200563 2.630458 5.713527
 154.600000 -2.161830 2.577625 3.088546
 154.800000 -2.086174 2.628910 0.093371
 155.000000 -2.131231 2.524639 5.036006
 155.200000 -2.105675 2.639909 0.303743
 155.400000 -2.117631 2.669219 1.581940
 155.600000 -2.125938 2.695903 3.532440
 155.800000 -2.144519 2.642000 1.544327
 156.000000 -2.113280 2.651528 0.740599
 156.200000 -2.017902 2.597794 3.129644
 156.400000 -1.994259 2.709689 9.217575
 156.600000 -2.071493 2.683069 2.379649
 156.800000 -2.178615 2.618462 3.546601
 157.000000 -2.137790 2.584301 1.509149
 157.200000 -2.133092 2.519746 5.575067
 157.400000 -2.080541 2.592607 0.418220
 157.600000 -2.059453 2.564997 2.014774
 157.800000 -2.129348 2.578627 1.385749
 158.000000 -2.189124 2.579532 5.226398
 158.200000 -2.138180 2.648545 1.425228
 158.400000 -2.125387 2.572154 1.530911
 158.600000 -2.026439 2.521624 6.952556
 158.800000 -2.115257 2.625233 0.243821
 159.000000 -2.084917 2.611825 0.063949
 159.200000 -2.016754 2.672021 4.473488
 159.400000 -2.109510 2.630159 0.188223
 159.600000 -2.121446 2.685649 2.654498
 159.800000 -2.089620 2.624655 0.033588
 160.000000 -2.159664 2.706916 6.083533
 160.200000 -2.146816 2.626768 1.412454
 160.400000 -2.038761 2.541902 4.442557
 160.600000 -2.040995 2.622140 1.434380
 160.800000 -2.147817 2.599259 1.602449
 161.000000 -2.133491 2.618693 0.764506
 161.200000 -2.115193 2.682123 2.272528
 161.400000 -2.186756 2.621175 4.270282
 161.600000 -2.198387 2.588539 5.840918
 161.800000 -2.033628 2.533392 5.425060
 162.000000 -2.055213 2.576589 1.624831
 162.200000 -2.118543 2.524286 4.682115
 162.400000 -2.154822 2.675258 3.465301
 162.600000 -2.119901 2.653689 0.962339
 162.800000 -2.151130 2.699954 4.968199
 163.000000 -2.087619 2.575049 0.945091
 163.200000 -2.097689 2.649918 0.515008
 163.400000 -2.124846 2.690721 3.108275
 163.600000 -2.102947 2.603179 0.146301
 163.800000 -2.063364 2.621609 0.488008
 164.000000 -2.140120 2.628548 1.101079
 164.200000 -2.178064 2.690930 6.160060
 164.400000 -2.167715 2.566012 4.038943
 164.600000 -2.120140 2.584960 0.877026
 164.800000 -2.089503 2.536747 3.312487
 165.000000 -2.074119 2.512241 5.797432
 165.200000 -2.146697 2.573559 2.354967
 165.400000 -2.166188 2.564221 4.022861
 165.600000 -2.070070 2.682160 2.354509
 165.800000 -2.049697 2.653415 1.626284
 166.000000 -2.116584 2.704328 3.972936
 166.200000 -2.068370 2.654560 1.007185
 166.400000 -2.125872 2.638537 0.706403
 166.600000 -2.166574 2.654677 3.277683
 166.800000 -2.083641 2.625877 0.088897
 167.000000 -2.102640 2.617086 0.034400
 167.200000 -2.089371 2.688518 2.499476
 167.400000 -2.127152 2.635102 0.682847
 167.600000 -2.018010 2.593452 3.218497
 167.800000 -2.077985 2.627673 0.181482
 168.000000 -2.074350 2.584364 0.766403
 168.200000 -2.078327 2.558773 1.882628
 168.400000 -2.088732 2.544700 2.702052
 168.600000 -2.172004 2.625556 3.040155
 168.800000 -2.126345 2.558027 2.308375
 169.000000 -2.113548 2.670917 1.583859
 169.200000 -2.108813 2.655243 0.797672
 169.400000 -2.094947 2.622431 0.009997
 169.600000 -2.097950 2.650169 0.523923
 169.800000 -2.022021 2.646908 3.036987
 170.000000 -2.089680 2.541136 2.964644
 170.200000 -2.148584 2.624455 1.489077
 170.400000 -2.086549 2.655611 0.738313
 170.600000 -2.064205 2.590644 0.829743
 170.800000 -2.031195 2.669496 3.323313
 171.000000 -2.010963 2.614180 3.487769
 171.200000 -2.081596 2.663045 1.096715
 171.400000 -2.103458 2.626495 0.077204
 171.600000 -2.067716 2.541020 3.318364
 171.800000 -2.019619 2.539341 5.888867
 172.000000 -2.142836 2.598550 1.362297
 172.200000 -2.186679 2.585714 4.779130
 172.400000 -2.094238 2.606087 0.070903
 172.600000 -2.136019 2.671002 2.271214
 172.800000 -2.094991 2.687633 2.425012
 173.000000 -2.128566 2.508366 6.592980
 173.200000 -2.127547 2.649595 1.048851
 173.400000 -2.193074 2.618842 4.869103
 173.600000 -2.143084 2.641822 1.469208
 173.800000 -2.112131 2.729607 6.386037
 174.000000 -2.077018 2.625909 0.182298
 174.200000 -2.060126 2.604412 0.679431
 174.400000 -2.142071 2.683840 3.304399
 174.600000 -2.202486 2.695788 8.867823
 174.800000 -2.159609 2.619500 2.127532
 175.000000 -2.068281 2.507644 6.429547
 175.200000 -2.150854 2.644949 1.957076
 175.400000 -2.057793 2.505241 7.026466
 175.600000 -2.050998 2.557402 2.777352
 175.800000 -2.141961 2.525100 5.445915
 176.000000 -2.161807 2.588564 2.705207
 176.200000 -2.024661 2.608757 2.474090
 176.400000 -2.055437 2.564649 2.181709
 176.600000 -2.194066 2.690152 7.570543
 176.800000 -2.205572 2.648956 6.659503
 177.000000 -2.096467 2.626310 0.036725
 177.200000 -2.121854 2.680745 2.345864
 177.400000 -2.050032 2.676208 2.678496
 177.600000 -2.018561 2.634143 3.005836
 177.800000 -1.975843 2.652317 7.616330
 178.000000 -2.089327 2.656364 0.748959
 178.200000 -2.144261 2.649214 1.730647
 178.400000 -2.095679 2.584226 0.570958
 178.600000 -2.129728 2.596885 0.846982
 178.800000 -2.066848 2.604459 0.471036
 179.000000 -2.149135 2.534165 5.011814
 179.200000 -2.200691 2.598246 5.844365
 179.400000 -2.100942 2.587440 0.488213
 179.600000 -2.101186 2.609340 0.060504
 179.800000 -2.170155 2.571530 3.949203
 180.000000 -2.187851 2.657414 5.144004
 180.200000 -2.141424 2.627088 1.147211
 180.400000 -1.985803 2.587526 6.360252
 180.600000 -2.015151 2.612865 3.152991
 180.800000 -2.093337 2.629946 0.071981
 181.000000 -2.065351 2.646275 0.821713
 181.200000 -2.122504 2.656023 1.118152
 181.400000 -2.096087 2.626799 0.040199
 181.600000 -1.991901 2.641664 5.532637
 181.800000 -2.140230 2.668328 2.317158
 182.000000 -2.096426 2.713251 4.539045
 182.200000 -2.166113 2.639207 2.796716
 182.400000 -2.110423 2.583465 0.724566
 182.600000 -2.102536 2.565766 1.397030
 182.800000 -2.125564 2.648234 0.942968
 183.000000 -2.176864 2.596543 3.630646
 183.200000 -2.155741 2.597210 2.097639
 183.400000 -2.107121 2.647055 0.503247
 183.600000 -2.074919 2.649014 0.670763
 183.800000 -2.081270 2.617376 0.086319
 184.000000 -2.095988 2.561887 1.575277
 184.200000 -2.080747 2.574894 1.021954
 184.400000 -2.107785 2.511233 5.788564
 184.600000 -2.133993 2.641216 1.053646
 184.800000 -2.092834 2.633366 0.119372
 185.000000 -2.124812 2.599225 0.638728
 185.200000 -2.098019 2.581815 0.661008
 185.400000 -2.090501 2.676083 1.694728
 185.600000 -2.032036 2.656002 2.666668
 185.800000 -2.029217 2.671610 3.561430
 186.000000 -2.107918 2.544530 2.789907
 186.200000 -2.097929 2.649365 0.498333
 186.400000 -2.170541 2.617860 2.899078
 186.600000 -2.103149 2.651267 0.591860
 186.800000 -2.182847 2.543664 6.674362
 187.000000 -2.102584 2.645030 0.398992
 187.200000 -2.022453 2.644037 2.926969
 187.400000 -2.157719 2.634777 2.145805
 187.600000 -2.192867 2.601763 4.980092
 187.800000 -2.103544 2.570368 1.175958
 188.000000 -2.049101 2.538034 4.222557
 188.200000 -2.097929 2.578280 0.794821
 188.400000 -2.158269 2.636870 2.218114
 188.600000 -2.109119 2.638603 0.320761
 188.800000 -2.090177 2.616688 0.009750
 189.000000 -2.101625 2.682726 2.121285
 189.200000 -2.110949 2.573022 1.148262
 189.400000 -2.016247 2.574268 4.009544
 189.600000 -2.118480 2.548499 2.704776
 189.800000 -2.117523 2.682014 2.316757
 190.000000 -2.080141 2.696299 3.167454
 190.200000 -2.054873 2.621394 0.786769
 190.400000 -2.114791 2.581359 0.879065
 190.600000 -2.039657 2.555235 3.467460
 190.800000 -2.062597 2.663437 1.538108
 191.000000 -2.134846 2.592973 1.131174
 191.200000 -2.183633 2.602184 4.106688
 191.400000 -2.107168 2.541428 3.012764
 191.600000 -2.078933 2.572343 1.161516
 191.800000 -2.134980 2.622086 0.831958
 192.000000 -2.153753 2.647433 2.194978
 192.200000 -2.153256 2.563543 3.214735
 192.400000 -2.108965 2.567959 1.357877
 192.600000 -2.102216 2.634677 0.169746
 192.800000 -2.121416 2.677575 2.140048
 193.000000 -2.100212 2.756147 9.560118
 193.200000 -2.057166 2.553307 2.785186
 193.400000 -2.097290 2.657884 0.799787
 193.600000 -2.090495 2.641586 0.285894
 193.800000 -2.047075 2.580618 1.818070
 194.000000 -2.147996 2.576588 2.293732
 194.200000 -2.228196 2.561770 10.531897
 194.400000 -2.197946 2.586387 5.860873
 194.600000 -2.114457 2.588459 0.637385
 194.800000 -2.093607 2.635519 0.153877
 195.000000 -2.159436 2.661479 3.060662
 195.200000 -2.149969 2.613135 1.556042
 195.400000 -2.107253 2.600426 0.236978
 195.600000 -2.072014 2.551244 2.478224
 195.800000 -2.194923 2.692593 7.835470
 196.000000 -2.147423 2.634899 1.548861
 196.200000 -2.068722 2.585813 0.847375
 196.400000 -2.140010 2.696894 4.152926
 196.600000 -2.132947 2.631102 0.829023
 196.800000 -2.139484 2.574177 1.976494
 197.000000 -2.113356 2.515466 5.435748
 197.200000 -2.128473 2.626803 0.619461
 197.400000 -2.100689 2.619245 0.020591
 197.600000 -2.037195 2.625655 1.665279
 197.800000 -2.094075 2.672565 1.489053
 198.000000 -2.110344 2.645451 0.504138
 198.200000 -2.139059 2.626112 1.030385
 198.400000 -2.082449 2.604952 0.156406
 198.600000 -2.094638 2.535567 3.397120
 198.800000 -2.095671 2.504606 6.429246
 199.000000 -2.102679 2.653969 0.681435
 199.200000 -2.210464 2.689281 9.276875
 199.400000 -2.117286 2.563254 1.760191
 199.600000 -2.085247 2.576987 0.882604
 199.800000 -2.144218 2.624349 1.261378
 200.000000 -2.019416 2.581218 3.487149
