#! FIELDS time phi psi restraint.bias
#! SET min_phi -pi
#! SET max_phi pi
#! SET min_psi -pi
#! SET max_psi pi
 0.000000 -2.804218 0.356742 428.910897
 0.200000 2.743112 0.412278 48.683449
 0.400000 2.794004 0.730522 16.014284
 0.600000 2.636339 0.678654 0.357957
 0.800000 2.583750 0.833865 9.798045
 1.000000 2.692807 0.839197 12.748177
 1.200000 2.629169 0.710065 0.133638
 1.400000 2.745158 0.659257 8.840932
 1.600000 2.651860 0.572754 8.433211
 1.800000 2.803324 0.742940 18.177429
 2.000000 2.591475 0.647789 1.618782
 2.200000 2.686170 0.833273 11.455591
 2.400000 2.548738 0.712762 2.505231
 2.600000 2.740061 0.743494 8.479018
 2.800000 2.697530 0.724653 3.514712
 3.000000 2.720378 0.624345 7.963451
 3.200000 2.655353 0.679320 0.874789
 3.400000 2.690745 0.625740 5.266629
 3.600000 2.697145 0.635234 5.110474
 3.800000 2.644577 0.659504 1.099385
 4.000000 2.703271 0.650165 4.786460
 4.200000 2.632994 0.678739 0.300549
 4.400000 2.639359 0.727288 0.653277
 4.600000 2.680851 0.759280 3.845053
 4.800000 2.707415 0.730871 4.534036
 5.000000 2.681406 0.792460 6.459478
 5.200000 2.640495 0.749807 1.588305
 5.400000 2.717069 0.693359 4.919289
 5.600000 2.687463 0.694892 2.418226
 5.800000 2.746132 0.685650 8.287625
 6.000000 2.670722 0.720482 1.639875
 6.200000 2.695201 0.667615 3.446103
 6.400000 2.680601 0.712476 2.062703
 6.600000 2.693919 0.695661 2.885328
 6.800000 2.611849 0.661310 0.696786
 7.000000 2.610294 0.701923 0.036829
 7.200000 2.725880 0.726953 6.235080
 7.400000 2.554790 0.731572 2.556491
 7.600000 2.751780 0.703036 8.961329
 7.800000 2.666250 0.726741 1.573561
 8.000000 2.716564 0.771598 7.556731
 8.200000 2.623105 0.688790 0.056697
 8.400000 2.677396 0.658232 2.560275
 8.600000 2.723559 0.654255 6.534540
 8.800000 2.680697 0.702277 1.974447
 9.000000 2.738071 0.660867 7.903578
 9.200000 2.673585 0.749481 2.863572
 9.400000 2.642400 0.712705 0.404024
 9.600000 2.659429 0.797310 5.776609
 9.800000 2.590201 0.751717 1.821887
 10.000000 2.686935 0.767649 4.792813
 10.200000 2.608868 0.695311 0.045623
 10.400000 2.734604 0.692831 6.813009
 10.600000 2.699165 0.626007 5.895317
 10.800000 2.746725 0.651432 9.376256
 11.000000 2.629189 0.629596 2.411209
 11.200000 2.703138 0.729335 4.111574
 11.400000 2.728751 0.785041 9.910208
 11.600000 2.647434 0.742437 1.414835
 11.800000 2.722874 0.676124 5.742076
 12.000000 2.689704 0.626520 5.135279
 12.200000 2.717226 0.630530 7.208507
 12.400000 2.739896 0.668252 7.876434
 12.600000 2.697575 0.654499 4.118450
 12.800000 2.717769 0.766763 7.332587
 13.000000 2.557763 0.685487 1.893801
 13.200000 2.678630 0.781068 5.277555
 13.400000 2.701622 0.737226 4.261012
 13.600000 2.672918 0.707477 1.551996
 13.800000 2.659726 0.659305 1.624509
 14.000000 2.693351 0.605139 7.163199
 14.200000 2.743187 0.646061 9.192376
 14.400000 2.771780 0.625122 14.490205
 14.600000 2.664782 0.713810 1.217487
 14.800000 2.647572 0.731915 1.008110
 15.000000 2.581767 0.733166 1.269901
 15.200000 2.650222 0.754254 2.094193
 15.400000 2.630943 0.710634 0.161996
 15.600000 2.702405 0.692748 3.577129
 15.800000 2.681438 0.701936 2.019832
 16.000000 2.652228 0.670470 0.968569
 16.200000 2.616889 0.709113 0.060904
 16.400000 2.696703 0.671274 3.458252
 16.600000 2.759772 0.754627 11.646395
 16.800000 2.707160 0.671137 4.339616
 17.000000 2.686834 0.732491 2.959716
 17.200000 2.603691 0.750298 1.462959
 17.400000 2.726044 0.759058 7.693396
 17.600000 2.671644 0.657520 2.263800
 17.800000 2.625402 0.664115 0.606010
 18.000000 2.740792 0.661888 8.196475
 18.200000 2.593249 0.649299 1.498468
 18.400000 2.690967 0.658660 3.441515
 18.600000 2.684180 0.716215 2.353803
 18.800000 2.652883 0.751765 2.046851
 19.000000 2.733024 0.714958 6.757501
 19.200000 2.569418 0.719100 1.399659
 19.400000 2.725326 0.759764 7.659361
 19.600000 2.684089 0.690619 2.212497
 19.800000 2.662211 0.641755 2.566751
 20.000000 2.659054 0.678659 1.032543
 20.200000 2.664401 0.632891 3.205024
 20.400000 2.655440 0.694666 0.707115
 20.600000 2.643420 0.627172 2.840882
 20.800000 2.700289 0.675088 3.651778
 21.000000 2.622084 0.727629 0.443409
 21.200000 2.688471 0.780950 5.912954
 21.400000 2.644471 0.826570 8.598718
 21.600000 2.692583 0.766797 5.139243
 21.800000 2.626879 0.711035 0.122724
 22.000000 2.707739 0.692580 4.042482
 22.200000 2.642399 0.675701 0.549382
 22.400000 2.660773 0.673528 1.217708
 22.600000 2.737473 0.654414 8.093266
 22.800000 2.714654 0.696074 4.673753
 23.000000 2.654136 0.644310 2.101532
 23.200000 2.620839 0.672286 0.338038
 23.400000 2.654216 0.727059 1.074425
 23.600000 2.728135 0.685640 6.143555
 23.800000 2.764382 0.676827 10.941620
 24.000000 2.640603 0.660163 0.976389
 24.200000 2.697679 0.699471 3.175783
 24.400000 2.629769 0.729364 0.557054
 24.600000 2.730458 0.723314 6.641166
 24.800000 2.586738 0.772296 3.238616
 25.000000 2.744816 0.751173 9.448598
 25.200000 2.556504 0.727341 2.317128
 25.400000 2.742390 0.701206 7.741881
 25.600000 2.619701 0.727718 0.439127
 25.800000 2.765547 0.698651 10.886169
 26.000000 2.617363 0.701806 0.006949
 26.200000 2.816594 0.659914 20.451261
 26.400000 2.661764 0.648410 2.194025
 26.600000 2.711553 0.702686 4.387027
 26.800000 2.611758 0.686904 0.082477
 27.000000 2.677305 0.710605 1.836718
 27.200000 2.618115 0.734277 0.653250
 27.400000 2.671197 0.794440 6.052882
 27.600000 2.615431 0.768879 2.505861
 27.800000 2.663985 0.654226 2.021470
 28.000000 2.624649 0.762387 2.086507
 28.200000 2.716782 0.734727 5.549195
 28.400000 2.641520 0.687365 0.334709
 28.600000 2.697353 0.725664 3.527980
 28.800000 2.632680 0.704615 0.128866
 29.000000 2.692461 0.775622 5.775097
 29.200000 2.601900 0.769126 2.649570
 29.400000 2.682815 0.779059 5.375491
 29.600000 2.773099 0.772749 14.812634
 29.800000 2.708842 0.690900 4.152825
 30.000000 2.738723 0.748056 8.534046
 30.200000 2.652521 0.683189 0.707693
 30.400000 2.670788 0.734780 2.065151
 30.600000 2.642863 0.706403 0.343447
 30.800000 2.763257 0.699880 10.552286
 31.000000 2.600913 0.727110 0.565740
 31.200000 2.758308 0.650308 10.987540
 31.400000 2.640449 0.742732 1.246726
 31.600000 2.725911 0.647779 7.090706
 31.800000 2.717652 0.648181 6.213431
 32.000000 2.663219 0.698589 1.022764
 32.200000 2.735265 0.704890 6.899097
 32.400000 2.614719 0.667629 0.470557
 32.600000 2.692582 0.738577 3.599617
 32.800000 2.693066 0.707323 2.860113
 33.000000 2.628061 0.736255 0.777367
 33.200000 2.662572 0.741248 1.923092
 33.400000 2.577754 0.727558 1.242574
 33.600000 2.678595 0.672819 2.156580
 33.800000 2.738518 0.681341 7.403970
 34.000000 2.685475 0.670339 2.663078
 34.200000 2.706731 0.696708 3.938132
 34.400000 2.650972 0.721569 0.818413
 34.600000 2.715519 0.800198 9.964393
 34.800000 2.645918 0.796427 5.220891
 35.000000 2.611718 0.765670 2.300426
 35.200000 2.727555 0.782978 9.601221
 35.400000 2.605893 0.697223 0.073630
 35.600000 2.737491 0.809543 13.346088
 35.800000 2.624048 0.650240 1.165137
 36.000000 2.765635 0.641767 12.487411
 36.200000 2.723598 0.693005 5.589271
 36.400000 2.706404 0.637158 5.767064
 36.600000 2.667779 0.720967 1.500021
 36.800000 2.692448 0.739390 3.622852
 37.000000 2.687832 0.868707 16.986609
 37.200000 2.718176 0.703678 5.033589
 37.400000 2.614237 0.712639 0.112283
 37.600000 2.687087 0.702386 2.395966
 37.800000 2.659761 0.588288 6.905049
 38.000000 2.728497 0.635847 8.045126
 38.200000 2.599892 0.600889 4.891929
 38.400000 2.688661 0.683604 2.602461
 38.600000 2.675388 0.719404 1.873295
 38.800000 2.648379 0.749844 1.798681
 39.000000 2.617926 0.778420 3.223092
 39.200000 2.758237 0.781066 13.273144
 39.400000 2.725658 0.773589 8.642681
 39.600000 2.648749 0.641551 2.073667
 39.800000 2.676061 0.645979 3.045890
 40.000000 2.645774 0.676377 0.622511
 40.200000 2.682307 0.726231 2.462869
 40.400000 2.611199 0.681471 0.161871
 40.600000 2.698310 0.788112 7.273601
 40.800000 2.687975 0.655377 3.362630
 41.000000 2.672185 0.753802 3.017925
 41.200000 2.695895 0.733742 3.668306
 41.400000 2.681375 0.722815 2.313203
 41.600000 2.628437 0.779606 3.373527
 41.800000 2.669485 0.679786 1.493928
 42.000000 2.664383 0.688382 1.123529
 42.200000 2.728712 0.639183 7.866787
 42.400000 2.661220 0.658226 1.730485
 42.600000 2.715020 0.645949 6.068606
 42.800000 2.634736 0.740871 1.053469
 43.000000 2.698839 0.753939 4.825200
 43.200000 2.690507 0.755825 4.293276
 43.400000 2.637781 0.812925 6.784516
 43.600000 2.744047 0.808932 14.083055
 43.800000 2.658653 0.670699 1.202867
 44.000000 2.700453 0.701117 3.404215
 44.200000 2.742184 0.696240 7.713323
 44.400000 2.646980 0.686909 0.483086
 44.600000 2.692549 0.776839 5.876624
 44.800000 2.645006 0.726894 0.778465
 45.000000 2.726645 0.722736 6.205165
 45.200000 2.731605 0.739327 7.302243
 45.400000 2.650548 0.686482 0.597734
 45.600000 2.716789 0.704611 4.901240
 45.800000 2.672876 0.619689 4.582693
 46.000000 2.745899 0.644777 9.603177
 46.200000 2.743292 0.746456 9.017408
 46.400000 2.618475 0.705573 0.027802
 46.600000 2.674254 0.773365 4.412652
 46.800000 2.660990 0.625370 3.571471
 47.000000 2.620647 0.720085 0.244483
 47.200000 2.775124 0.744824 13.434930
 47.400000 2.663973 0.734566 1.720741
 47.600000 2.753223 0.742544 10.129761
 47.800000 2.657813 0.700291 0.795130
 48.000000 2.683780 0.700530 2.166787
 48.200000 2.702852 0.705209 3.625532
 48.400000 2.646109 0.725513 0.770086
 48.600000 2.682864 0.691474 2.126224
 48.800000 2.666043 0.725572 1.530842
 49.000000 2.706524 0.713663 4.039358
 49.200000 2.701570 0.801489 8.833794
 49.400000 2.573095 0.715185 1.153373
 49.600000 2.743760 0.781470 11.381206
 49.800000 2.683118 0.797925 7.099884
 50.000000 2.702462 0.653036 4.584225
 50.200000 2.716468 0.709731 4.915831
 50.400000 2.724836 0.714280 5.838029
 50.600000 2.724225 0.694073 5.650793
 50.800000 2.702302 0.698729 3.554084
 51.000000 2.651700 0.664650 1.128561
 51.200000 2.734760 0.718600 7.026661
 51.400000 2.620398 0.672424 0.333345
 51.600000 2.712193 0.691441 4.459109
 51.800000 2.632843 0.657157 0.949701
 52.000000 2.616427 0.639867 1.698640
 52.200000 2.676678 0.625698 4.345246
 52.400000 2.768314 0.612152 14.994421
 52.600000 2.766122 0.700350 10.973406
 52.800000 2.668952 0.744994 2.396413
 53.000000 2.545185 0.710378 2.725522
 53.200000 2.616345 0.799762 5.165716
 53.400000 2.648932 0.802424 5.917048
 53.600000 2.681049 0.754358 3.568666
 53.800000 2.724810 0.736324 6.434182
 54.000000 2.604195 0.650597 1.224980
 54.200000 2.653646 0.696255 0.637310
 54.400000 2.645033 0.625093 3.032864
 54.600000 2.783914 0.697864 13.764768
 54.800000 2.715620 0.640300 6.437641
 55.000000 2.697429 0.672475 3.484126
 55.200000 2.619331 0.589804 5.868384
 55.400000 2.716117 0.694229 4.821699
 55.600000 2.576215 0.674371 1.155036
 55.800000 2.777063 0.764935 14.882893
 56.000000 2.668548 0.719629 1.508956
 56.200000 2.697796 0.701067 3.188509
 56.400000 2.669509 0.690181 1.358526
 56.600000 2.674545 0.629853 3.930001
 56.800000 2.649965 0.737785 1.297251
 57.000000 2.679287 0.727118 2.298549
 57.200000 2.730971 0.738307 7.188981
 57.400000 2.618583 0.713637 0.120384
 57.600000 2.639201 0.715771 0.380447
 57.800000 2.667521 0.822826 9.000838
 58.000000 2.593271 0.678966 0.489266
 58.200000 2.705368 0.768837 6.316727
 58.400000 2.705751 0.649388 5.038661
 58.600000 2.652307 0.633410 2.683159
 58.800000 2.742916 0.716773 7.976479
 59.000000 2.612788 0.708373 0.065998
 59.200000 2.784183 0.747271 15.016677
 59.400000 2.756507 0.726463 9.994289
 59.600000 2.641470 0.688975 0.317500
 59.800000 2.674120 0.661774 2.235995
 60.000000 2.527776 0.678215 4.268006
 60.200000 2.723625 0.732578 6.172185
 60.400000 2.668674 0.699225 1.284835
 60.600000 2.664819 0.713514 1.214613
 60.800000 2.673884 0.727100 1.981456
 61.000000 2.696923 0.772803 5.902849
 61.200000 2.664921 0.671638 1.452014
 61.400000 2.752674 0.692772 9.083719
 61.600000 2.733440 0.725515 7.038794
 61.800000 2.716372 0.666180 5.349578
 62.000000 2.581407 0.722882 0.975592
 62.200000 2.686920 0.729298 2.861097
 62.400000 2.661453 0.644323 2.392040
 62.600000 2.660344 0.727265 1.321160
 62.800000 2.700916 0.699666 3.439187
 63.000000 2.702139 0.710257 3.613696
 63.200000 2.684029 0.753899 3.735308
 63.400000 2.716576 0.641644 6.454606
 63.600000 2.688316 0.716615 2.643380
 63.800000 2.671390 0.622863 4.258261
 64.000000 2.573864 0.724999 1.334616
 64.200000 2.711810 0.765115 6.644083
 64.400000 2.655319 0.718937 0.912990
 64.600000 2.727282 0.694427 5.978806
 64.800000 2.660907 0.716167 1.083407
 65.000000 2.643067 0.782639 3.885034
 65.200000 2.743243 0.686536 7.910849
 65.400000 2.635581 0.698798 0.154881
 65.600000 2.682523 0.640717 3.730196
 65.800000 2.588453 0.695524 0.439727
 66.000000 2.642387 0.655159 1.220830
 66.200000 2.696093 0.714901 3.190321
 66.400000 2.724648 0.788383 9.760281
 66.600000 2.639713 0.666310 0.742181
 66.800000 2.712517 0.809339 10.650855
 67.000000 2.596945 0.695286 0.225573
 67.200000 2.731010 0.708238 6.437399
 67.400000 2.654622 0.718197 0.872104
 67.600000 2.641561 0.544519 12.076176
 67.800000 2.715186 0.709550 4.788345
 68.000000 2.701890 0.594774 8.860663
 68.200000 2.694249 0.694240 2.915007
 68.400000 2.669352 0.703187 1.331592
 68.600000 2.611362 0.704691 0.043503
 68.800000 2.768377 0.713530 11.426043
 69.000000 2.568963 0.691277 1.225490
 69.200000 2.732086 0.742355 7.486373
 69.400000 2.658368 0.692590 0.830386
 69.600000 2.643087 0.709033 0.374243
 69.800000 2.679079 0.662436 2.502759
 70.000000 2.606853 0.725805 0.444961
 70.200000 2.701544 0.714482 3.624014
 70.400000 2.707868 0.766286 6.361213
 70.600000 2.685747 0.761236 4.286304
 70.800000 2.695699 0.738694 3.841694
 71.000000 2.672705 0.777153 4.618833
 71.200000 2.683049 0.705819 2.145630
 71.400000 2.688933 0.686026 2.589465
 71.600000 2.652595 0.722362 0.892177
 71.800000 2.680653 0.698954 1.963449
 72.000000 2.657149 0.671960 1.109011
 72.200000 2.671801 0.675142 1.711857
 72.400000 2.701572 0.695519 3.496096
 72.600000 2.715914 0.762863 6.889294
 72.800000 2.680153 0.736190 2.656095
 73.000000 2.647654 0.726621 0.845697
 73.200000 2.665845 0.695928 1.147300
 73.400000 2.738710 0.698790 7.286426
 73.600000 2.647463 0.772890 3.228635
 73.800000 2.662749 0.669026 1.425109
 74.000000 2.684011 0.740007 3.055864
 74.200000 2.685070 0.660539 2.956204
 74.400000 2.609376 0.636133 1.959075
 74.600000 2.718986 0.712726 5.206222
 74.800000 2.770344 0.656009 12.492395
 75.000000 2.671777 0.708024 1.495242
 75.200000 2.740167 0.648756 8.682135
 75.400000 2.606985 0.731864 0.629538
 75.600000 2.706371 0.707210 3.946435
 75.800000 2.670325 0.694095 1.377434
 76.000000 2.659757 0.690662 0.899986
 76.200000 2.707225 0.769723 6.543727
 76.400000 2.579818 0.713767 0.850950
 76.600000 2.699545 0.730876 3.861365
 76.800000 2.651821 0.657203 1.409731
 77.000000 2.670322 0.663106 1.982513
 77.200000 2.714418 0.698135 4.648783
 77.400000 2.742430 0.699505 7.743159
 77.600000 2.718024 0.681246 5.145619
 77.800000 2.671793 0.682840 1.564100
 78.000000 2.670294 0.690489 1.396833
 78.200000 2.739770 0.714635 7.550931
 78.400000 2.685949 0.739552 3.166756
 78.600000 2.708168 0.745487 5.186906
 78.800000 2.656624 0.734889 1.421682
 79.000000 2.620310 0.676958 0.226838
 79.200000 2.706759 0.690795 3.966513
 79.400000 2.747959 0.697217 8.445927
 79.600000 2.708214 0.606939 8.227885
 79.800000 2.713553 0.729298 5.051488
 80.000000 2.640160 0.642848 1.773817
 80.200000 2.647829 0.712612 0.549909
 80.400000 2.664248 0.711570 1.160003
 80.600000 2.696282 0.710984 3.147128
 80.800000 2.722499 0.695626 5.463796
 81.000000 2.640180 0.715736 0.401058
 81.200000 2.684917 0.718271 2.442168
 81.400000 2.725544 0.694484 5.790116
 81.600000 2.638685 0.790580 4.487360
 81.800000 2.692269 0.742660 3.749789
 82.000000 2.624838 0.697890 0.023449
 82.200000 2.731745 0.734839 7.143373
 82.400000 2.647807 0.632759 2.581194
 82.600000 2.656639 0.736919 1.498959
 82.800000 2.801784 0.727896 17.332303
 83.000000 2.670717 0.689156 1.430147
 83.200000 2.796305 0.679067 16.079194
 83.400000 2.587174 0.729016 0.951845
 83.600000 2.714126 0.737237 5.385319
 83.800000 2.608541 0.691868 0.064296
 84.000000 2.695175 0.758240 4.784981
 84.200000 2.731266 0.753869 7.968621
 84.400000 2.605893 0.730891 0.609799
 84.600000 2.673758 0.721095 1.818446
 84.800000 2.706277 0.742888 4.898470
 85.000000 2.665330 0.735429 1.815916
 85.200000 2.726800 0.700026 5.921142
 85.400000 2.602200 0.736710 0.868856
 85.600000 2.671978 0.693557 1.467617
 85.800000 2.617591 0.666877 0.488510
 86.000000 2.670118 0.686631 1.424591
 86.200000 2.736385 0.768546 9.487317
 86.400000 2.665165 0.706687 1.149145
 86.600000 2.669602 0.680361 1.489586
 86.800000 2.616131 0.672096 0.340650
 87.000000 2.690057 0.650845 3.714590
 87.200000 2.690685 0.764968 4.875548
 87.400000 2.566996 0.680935 1.448237
 87.600000 2.826668 0.719615 22.003289
 87.800000 2.647319 0.694848 0.435379
 88.000000 2.696266 0.688851 3.106320
 88.200000 2.711920 0.795972 9.197446
 88.400000 2.589250 0.825695 8.549278
 88.600000 2.697595 0.673702 3.466561
 88.800000 2.724140 0.711790 5.726757
 89.000000 2.633468 0.634631 2.135876
 89.200000 2.706891 0.657671 4.769867
 89.400000 2.656353 0.671582 1.088145
 89.600000 2.741855 0.626193 10.258310
 89.800000 2.761209 0.724969 10.615375
 90.000000 2.649618 0.651711 1.577513
 90.200000 2.738637 0.561995 16.544058
 90.400000 2.675006 0.650173 2.775181
 90.600000 2.744008 0.627704 10.419831
 90.800000 2.682601 0.720515 2.337546
 91.000000 2.550632 0.616297 5.617320
 91.200000 2.755357 0.688468 9.481054
 91.400000 2.734340 0.646024 8.125792
 91.600000 2.651554 0.587126 6.724277
 91.800000 2.668508 0.769290 3.807595
 92.000000 2.628605 0.619959 3.111748
 92.200000 2.677642 0.753875 3.332638
 92.400000 2.725402 0.682663 5.887836
 92.600000 2.685179 0.657470 3.083590
 92.800000 2.789998 0.704259 14.811491
 93.000000 2.585588 0.675720 0.776199
 93.200000 2.768322 0.776720 14.387265
 93.400000 2.681055 0.741647 2.935108
 93.600000 2.682090 0.654219 3.018297
 93.800000 2.705759 0.693078 3.864109
 94.000000 2.701857 0.692525 3.532231
 94.200000 2.564447 0.652623 2.469152
 94.400000 2.664640 0.717475 1.274994
 94.600000 2.641003 0.704412 0.284443
 94.800000 2.731221 0.740005 7.286859
 95.000000 2.688385 0.729054 2.955507
 95.200000 2.658045 0.749011 2.096429
 95.400000 2.715679 0.728448 5.230681
 95.600000 2.582189 0.614980 4.098077
 95.800000 2.704205 0.726717 4.124699
 96.000000 2.714558 0.681423 4.801951
 96.200000 2.671699 0.712961 1.552060
 96.400000 2.735371 0.617184 10.164921
 96.600000 2.699183 0.561145 12.678446
 96.800000 2.733175 0.722701 6.935232
 97.000000 2.638617 0.697875 0.212685
 97.200000 2.670465 0.707669 1.422066
 97.400000 2.705015 0.696686 3.787390
 97.600000 2.602661 0.772966 2.917648
 97.800000 2.762984 0.747624 11.735807
 98.000000 2.655851 0.673247 1.026201
 98.200000 2.672324 0.668171 1.924698
 98.400000 2.654335 0.740677 1.565398
 98.600000 2.562176 0.802813 7.036888
 98.800000 2.650157 0.795764 5.283254
 99.000000 2.714689 0.786964 8.620554
 99.200000 2.708799 0.758252 5.929958
 99.400000 2.681119 0.644016 3.456618
 99.600000 2.692485 0.598381 7.749530
 99.800000 2.719672 0.692612 5.184474
 100.000000 2.667226 0.560301 10.710565
 100.200000 2.715840 0.708613 4.841881
 100.400000 2.709956 0.662603 4.859635
 100.600000 2.626805 0.672720 0.361707
 100.800000 2.624141 0.720177 0.261889
 101.000000 2.639251 0.641727 1.816678
 101.200000 2.725694 0.737090 6.558509
 101.400000 2.673648 0.628532 3.970739
 101.600000 2.694290 0.684936 2.997636
 101.800000 2.786391 0.760002 16.092669
 102.000000 2.603865 0.672495 0.428432
 102.200000 2.640470 0.763786 2.407865
 102.400000 2.686738 0.718394 2.568188
 102.600000 2.623579 0.723959 0.349125
 102.800000 2.705916 0.742728 4.859595
 103.000000 2.642843 0.673410 0.614330
 103.200000 2.735410 0.732180 7.472957
 103.400000 2.658333 0.727526 1.245644
 103.600000 2.665086 0.712924 1.218248
 103.800000 2.728296 0.810415 12.387042
 104.000000 2.703970 0.729416 4.185290
 104.200000 2.576762 0.734382 1.507053
 104.400000 2.752921 0.757769 10.880987
 104.600000 2.614996 0.668761 0.435827
 104.800000 2.719154 0.698013 5.116688
 105.000000 2.717660 0.600154 9.766503
 105.200000 2.697964 0.615614 6.602242
 105.400000 2.720804 0.714964 5.426579
 105.600000 2.600798 0.624671 2.846108
 105.800000 2.659170 0.664361 1.417967
 106.000000 2.613240 0.742562 0.998324
 106.200000 2.693938 0.743082 3.894012
 106.400000 2.668047 0.744860 2.344444
 106.600000 2.583549 0.691935 0.612406
 106.800000 2.706202 0.768223 6.346699
 107.000000 2.708814 0.630026 6.443334
 107.200000 2.674190 0.643103 3.093073
 107.400000 2.798915 0.694338 16.373342
 107.600000 2.576609 0.664361 1.426570
 107.800000 2.711011 0.720651 4.579674
 108.000000 2.714364 0.681018 4.790020
 108.200000 2.668989 0.702136 1.308276
 108.400000 2.742048 0.650700 8.819545
 108.600000 2.591711 0.665276 0.885138
 108.800000 2.664029 0.692431 1.075862
 109.000000 2.701582 0.624164 6.229068
 109.200000 2.661159 0.720738 1.187148
 109.400000 2.747449 0.683907 8.480470
 109.600000 2.631393 0.776836 3.186958
 109.800000 2.665443 0.768757 3.619697
 110.000000 2.693472 0.703852 2.864852
 110.200000 2.687119 0.681503 2.527433
 110.400000 2.746028 0.711276 8.282762
 110.600000 2.734317 0.614540 10.259352
 110.800000 2.660682 0.625079 3.579475
 111.000000 2.778136 0.603972 17.255763
 111.200000 2.637226 0.692612 0.200174
 111.400000 2.727177 0.693643 5.970508
 111.600000 2.655280 0.790637 4.973750
 111.800000 2.621123 0.730359 0.524191
 112.000000 2.701782 0.744840 4.601062
 112.200000 2.592504 0.703677 0.340231
 112.400000 2.645260 0.672942 0.688968
 112.600000 2.673691 0.782212 5.085800
 112.800000 2.627621 0.720736 0.301812
 113.000000 2.730593 0.669434 6.751044
 113.200000 2.700680 0.661051 4.105967
 113.400000 2.686786 0.697966 2.366222
 113.600000 2.616186 0.679260 0.179697
 113.800000 2.694403 0.757607 4.687824
 114.000000 2.638622 0.731044 0.754373
 114.200000 2.623466 0.719736 0.248351
 114.400000 2.683247 0.733163 2.742551
 114.600000 2.664350 0.718631 1.284565
 114.800000 2.664816 0.728459 1.556016
 115.000000 2.705777 0.659828 4.586553
 115.200000 2.608056 0.661099 0.735105
 115.400000 2.744146 0.675398 8.215542
 115.600000 2.739057 0.728703 7.795385
 115.800000 2.680255 0.724046 2.273971
 116.000000 2.643810 0.738003 1.128094
 116.200000 2.593969 0.718256 0.491091
 116.400000 2.612659 0.728230 0.467193
 116.600000 2.767577 0.753168 12.702129
 116.800000 2.703835 0.740098 4.564950
 117.000000 2.717256 0.745953 6.069886
 117.200000 2.702086 0.648282 4.778244
 117.400000 2.709280 0.717548 4.355077
 117.600000 2.598523 0.707316 0.231735
 117.800000 2.688133 0.709599 2.525509
 118.000000 2.701479 0.617922 6.701632
 118.200000 2.610545 0.644302 1.476577
 118.400000 2.749547 0.686989 8.715142
 118.600000 2.561519 0.781498 5.069720
 118.800000 2.722949 0.755547 7.156034
 119.000000 2.574650 0.727364 1.366629
 119.200000 2.674973 0.644593 3.056542
 119.400000 2.699855 0.670777 3.724778
 119.600000 2.614374 0.700064 0.008417
 119.800000 2.737254 0.679449 7.286022
 120.000000 2.675330 0.670208 2.033556
 120.200000 2.665848 0.700006 1.146784
 120.400000 2.636638 0.725900 0.559346
 120.600000 2.586160 0.711698 0.598735
 120.800000 2.677239 0.729800 2.256428
 121.000000 2.689121 0.788123 6.578764
 121.200000 2.652869 0.797068 5.502379
 121.400000 2.742231 0.742323 8.693832
 121.600000 2.657006 0.820730 8.276204
 121.800000 2.671407 0.721273 1.694237
 122.000000 2.678279 0.810822 8.166716
 122.200000 2.700703 0.650252 4.566650
 122.400000 2.780672 0.681704 13.367098
 122.600000 2.663041 0.700111 1.016584
 122.800000 2.693247 0.593106 8.346784
 123.000000 2.692903 0.708764 2.862248
 123.200000 2.687218 0.683525 2.502654
 123.400000 2.723631 0.711421 5.667950
 123.600000 2.608496 0.645701 1.419598
 123.800000 2.702688 0.769043 6.100747
 124.000000 2.565270 0.673328 1.697533
 124.200000 2.678181 0.703962 1.828244
 124.400000 2.663126 0.668116 1.468921
 124.600000 2.727205 0.703392 5.977361
 124.800000 2.785336 0.592318 19.599892
 125.000000 2.658251 0.643365 2.310029
 125.200000 2.698415 0.587360 9.368981
 125.400000 2.725072 0.634140 7.780313
 125.600000 2.714410 0.694896 4.653302
 125.800000 2.732404 0.625800 9.160780
 126.000000 2.695973 0.770525 5.660788
 126.200000 2.655134 0.703738 0.705402
 126.400000 2.650660 0.797707 5.491177
 126.600000 2.661666 0.622551 3.809839
 126.800000 2.766623 0.630814 13.311071
 127.000000 2.696180 0.624832 5.742951
 127.200000 2.636306 0.607629 4.263014
 127.400000 2.679791 0.728496 2.370433
 127.600000 2.542582 0.734659 3.510576
 127.800000 2.750279 0.815136 15.594748
 128.000000 2.636241 0.708148 0.216642
 128.200000 2.714487 0.643258 6.161034
 128.400000 2.716890 0.686237 4.960983
 128.600000 2.602192 0.599643 4.974847
 128.800000 2.728554 0.711071 6.195504
 129.000000 2.656634 0.710211 0.819495
 129.200000 2.687559 0.752755 3.911490
 129.400000 2.734414 0.755825 8.441106
 129.600000 2.676741 0.716710 1.898185
 129.800000 2.694508 0.651122 4.032144
 130.000000 2.686966 0.667178 2.857627
 130.200000 2.693876 0.700728 2.882450
 130.400000 2.668410 0.679823 1.438487
 130.600000 2.701465 0.665769 4.007394
 130.800000 2.678983 0.654314 2.819807
 131.000000 2.634293 0.615450 3.550975
 131.200000 2.645543 0.663180 0.990301
 131.400000 2.659918 0.724954 1.238554
 131.600000 2.733320 0.707275 6.691841
 131.800000 2.669124 0.755769 2.968198
 132.000000 2.773636 0.666124 12.624446
 132.200000 2.680952 0.723209 2.296279
 132.400000 2.605807 0.704431 0.094105
 132.600000 2.717166 0.737063 5.675400
 132.800000 2.701524 0.691000 3.514037
 133.000000 2.734570 0.642787 8.326547
 133.200000 2.701327 0.610138 7.343593
 133.400000 2.690124 0.663588 3.198028
 133.600000 2.670027 0.693496 1.364458
 133.800000 2.690552 0.795771 7.399046
 134.000000 2.682831 0.713237 2.215990
 134.200000 2.627057 0.779169 3.324622
 134.400000 2.701592 0.754618 5.089653
 134.600000 2.710276 0.666786 4.749246
 134.800000 2.744932 0.707787 8.103278
 135.000000 2.638914 0.662699 0.846568
 135.200000 2.751990 0.681877 9.109531
 135.400000 2.715440 0.634640 6.763516
 135.600000 2.768068 0.703949 11.278038
 135.800000 2.723488 0.706216 5.597224
 136.000000 2.579048 0.668535 1.196368
 136.200000 2.739056 0.805441 13.085686
 136.400000 2.588729 0.781673 3.917774
 136.600000 2.709429 0.732022 4.754449
 136.800000 2.603641 0.659419 0.852335
 137.000000 2.698161 0.722165 3.502199
 137.200000 2.759763 0.775987 13.079921
 137.400000 2.634243 0.712125 0.229924
 137.600000 2.759411 0.746738 11.180761
 137.800000 2.627466 0.676811 0.272148
 138.000000 2.697842 0.671448 3.543914
 138.200000 2.643039 0.664675 0.873316
 138.400000 2.657200 0.616826 4.073914
 138.600000 2.730126 0.806822 12.193613
 138.800000 2.646636 0.706541 0.445547
 139.000000 2.686192 0.753755 3.872434
 139.200000 2.688638 0.677043 2.717663
 139.400000 2.691865 0.646594 4.056528
 139.600000 2.696592 0.675267 3.350238
 139.800000 2.715463 0.669409 5.162614
 140.000000 2.651969 0.717987 0.774256
 140.200000 2.640716 0.715855 0.415202
 140.400000 2.572021 0.735102 1.740134
 140.600000 2.753720 0.758832 11.053053
 140.800000 2.711681 0.725645 4.767077
 141.000000 2.676015 0.722297 1.975176
 141.200000 2.747270 0.758141 10.156711
 141.400000 2.606422 0.690889 0.093181
 141.600000 2.703742 0.660366 4.389514
 141.800000 2.687387 0.641373 4.018439
 142.000000 2.693223 0.636823 4.709148
 142.200000 2.741374 0.669943 8.008575
 142.400000 2.628483 0.620534 3.065713
 142.600000 2.701851 0.746160 4.669351
 142.800000 2.669771 0.675337 1.600224
 143.000000 2.657667 0.704558 0.807640
 143.200000 2.706465 0.754788 5.518529
 143.400000 2.611185 0.745405 1.140556
 143.600000 2.661923 0.730734 1.496336
 143.800000 2.656702 0.735822 1.459439
 144.000000 2.671307 0.749553 2.743215
 144.200000 2.733913 0.690723 6.746069
 144.400000 2.757443 0.699587 9.724098
 144.600000 2.720462 0.633432 7.342861
 144.800000 2.600274 0.755032 1.775847
 145.000000 2.699471 0.625988 5.921570
 145.200000 2.718438 0.738094 5.843035
 145.400000 2.590301 0.742532 1.369165
 145.600000 2.732662 0.776656 9.657406
 145.800000 2.598061 0.729488 0.690283
 146.000000 2.671758 0.684120 1.543453
 146.200000 2.654387 0.697354 0.662548
 146.400000 2.699627 0.619372 6.433486
 146.600000 2.755017 0.647888 10.649881
 146.800000 2.727873 0.631837 8.234133
 147.000000 2.666948 0.675789 1.447850
 147.200000 2.719100 0.737846 5.899880
 147.400000 2.701623 0.677789 3.703795
 147.600000 2.646948 0.736810 1.167184
 147.800000 2.684332 0.809941 8.450968
 148.000000 2.605321 0.704457 0.100306
 148.200000 2.648096 0.756499 2.156433
 148.400000 2.670286 0.777191 4.492404
 148.600000 2.619809 0.711355 0.089075
 148.800000 2.734444 0.751823 8.221623
 149.000000 2.719176 0.628754 7.525560
 149.200000 2.745245 0.684736 8.186108
 149.400000 2.678098 0.614624 5.293059
 149.600000 2.753486 0.657674 9.997468
 149.800000 2.645465 0.682281 0.502954
 150.000000 2.680318 0.755740 3.601505
 150.200000 2.671794 0.746761 2.629671
 150.400000 2.673143 0.746051 2.668878
 150.600000 2.600633 0.719192 0.372470
 150.800000 2.653644 0.661229 1.316383
 151.000000 2.671760 0.766393 3.775204
 151.200000 2.688167 0.627457 4.959555
 151.400000 2.722374 0.737584 6.225896
 151.600000 2.702822 0.645508 4.982531
 151.800000 2.810163 0.719495 18.692773
 152.000000 2.701736 0.643451 5.001354
 152.200000 2.733647 0.678828 6.874140
 152.400000 2.675632 0.756620 3.371530
 152.600000 2.654028 0.691961 0.668259
 152.800000 2.664590 0.830906 9.900177
 153.000000 2.648177 0.728560 0.918474
 153.200000 2.732630 0.751069 7.971905
 153.400000 2.704977 0.678998 3.966110
 153.600000 2.830986 0.630446 24.973447
 153.800000 2.670089 0.636676 3.245330
 154.000000 2.699758 0.645048 4.751641
 154.200000 2.753543 0.772042 11.918231
 154.400000 2.666172 0.702743 1.171219
 154.600000 2.714067 0.800503 9.854997
 154.800000 2.641852 0.668069 0.736484
 155.000000 2.625900 0.712296 0.131574
 155.200000 2.763783 0.676983 10.850834
 155.400000 2.721742 0.675496 5.638032
 155.600000 2.673293 0.689232 1.568594
 155.800000 2.654885 0.714634 0.816642
 156.000000 2.762292 0.733312 11.029807
 156.200000 2.613950 0.656506 0.874538
 156.400000 2.752684 0.780027 12.424089
 156.600000 2.603159 0.615591 3.516555
 156.800000 2.781570 0.745924 14.520555
 157.000000 2.643429 0.736340 1.053426
 157.200000 2.576350 0.732535 1.458886
 157.400000 2.695569 0.788519 7.093853
 157.600000 2.755953 0.600792 14.253834
 157.800000 2.687945 0.570318 10.614726
 158.000000 2.694998 0.696212 2.966678
 158.200000 2.610686 0.654897 0.961303
 158.400000 2.776118 0.796694 17.358891
 158.600000 2.595719 0.717160 0.429138
 158.800000 2.722696 0.771657 8.184244
 159.000000 2.706964 0.729885 4.461977
 159.200000 2.642193 0.605372 4.594973
 159.400000 2.725239 0.653829 6.732135
 159.600000 2.640481 0.674715 0.526993
 159.800000 2.674176 0.708754 1.634637
 160.000000 2.731214 0.705754 6.438432
 160.200000 2.634592 0.580478 7.059007
 160.400000 2.699007 0.665891 3.801285
 160.600000 2.705177 0.720758 4.056433
 160.800000 2.663966 0.656402 1.927424
 161.000000 2.765032 0.744807 11.899448
 161.200000 2.638690 0.700903 0.217997
 161.400000 2.683207 0.741410 3.062887
 161.600000 2.635857 0.723707 0.486592
 161.800000 2.750821 0.774595 11.744874
 162.000000 2.657535 0.760491 2.726099
 162.200000 2.743285 0.690103 7.881177
 162.400000 2.654695 0.682676 0.792940
 162.600000 2.604676 0.717315 0.272683
 162.800000 2.695904 0.751580 4.463335
 163.000000 2.732248 0.676629 6.758141
 163.200000 2.673976 0.708862 1.624579
 163.400000 2.789940 0.682528 14.904426
 163.600000 2.571270 0.677543 1.303495
 163.800000 2.697151 0.729207 3.615733
 164.000000 2.643533 0.629063 2.711342
 164.200000 2.742681 0.682222 7.899968
 164.400000 2.682885 0.625221 4.763438
 164.600000 2.647958 0.635082 2.436576
 164.800000 2.801127 0.833007 25.864493
 165.000000 2.547192 0.694667 2.512440
 165.200000 2.735207 0.793066 11.375778
 165.400000 2.713967 0.642510 6.152363
 165.600000 2.688410 0.644567 3.913839
 165.800000 2.665179 0.702360 1.122137
 166.000000 2.684106 0.624436 4.900922
 166.200000 2.656201 0.618370 3.910871
 166.400000 2.821555 0.679354 20.894836
 166.600000 2.571573 0.706219 1.110134
 166.800000 2.696842 0.688318 3.156643
 167.000000 2.677228 0.712476 1.857234
 167.200000 2.737032 0.706380 7.119002
 167.400000 2.716287 0.645839 6.198038
 167.600000 2.641035 0.751254 1.676447
 167.800000 2.700512 0.764382 5.599203
 168.000000 2.669925 0.777305 4.482671
 168.200000 2.638513 0.746274 1.369340
 168.400000 2.759945 0.704006 10.092369
 168.600000 2.707940 0.749104 5.344273
 168.800000 2.747839 0.601998 13.050768
 169.000000 2.688748 0.691820 2.522989
 169.200000 2.779881 0.695638 13.106780
 169.400000 2.725041 0.687643 5.784590
 169.600000 2.700110 0.789402 7.536704
 169.800000 2.627926 0.755994 1.723366
 170.000000 2.646087 0.733577 1.022809
 170.200000 2.681983 0.739437 2.900377
 170.400000 2.702087 0.700907 3.539706
 170.600000 2.660843 0.773475 3.756351
 170.800000 2.643952 0.701724 0.343357
 171.000000 2.677792 0.681186 1.931488
 171.200000 2.649724 0.657976 1.309628
 171.400000 2.693785 0.711427 2.960528
 171.600000 2.625607 0.714764 0.167294
 171.800000 2.728840 0.729742 6.643074
 172.000000 2.731213 0.774124 9.296709
 172.200000 2.733283 0.697582 6.645959
 172.400000 2.681596 0.683617 2.127981
 172.600000 2.681508 0.655694 2.917473
 172.800000 2.608221 0.661020 0.736407
 173.000000 2.599855 0.662559 0.797225
 173.200000 2.755003 0.733479 10.010405
 173.400000 2.646775 0.693589 0.424490
 173.600000 2.721224 0.735421 6.023458
 173.800000 2.693675 0.654053 3.835274
 174.000000 2.674363 0.612587 5.247637
 174.200000 2.755093 0.754560 10.990162
 174.400000 2.577324 0.671996 1.168533
 174.600000 2.737416 0.765914 9.428032
 174.800000 2.716889 0.701003 4.894230
 175.000000 2.648794 0.684996 0.560583
 175.200000 2.643996 0.716411 0.505114
 175.400000 2.724010 0.672970 5.936228
 175.600000 2.662459 0.777018 4.100102
 175.800000 2.753513 0.686100 9.255166
 176.000000 2.666152 0.613436 4.746261
 176.200000 2.765693 0.731473 11.463261
 176.400000 2.662413 0.637415 2.829758
 176.600000 2.722076 0.691074 5.441436
 176.800000 2.683684 0.676684 2.387582
 177.000000 2.623431 0.589321 5.934622
 177.200000 2.711372 0.755165 5.986155
 177.400000 2.684713 0.700023 2.227503
 177.600000 2.726108 0.813613 12.512252
 177.800000 2.679935 0.685053 2.003868
 178.000000 2.703186 0.691611 3.650152
 178.200000 2.673828 0.729966 2.065417
 178.400000 2.593928 0.629768 2.626395
 178.600000 2.728067 0.746142 7.210603
 178.800000 2.694117 0.624770 5.588315
 179.000000 2.738312 0.658317 8.030872
 179.200000 2.719940 0.622293 8.072282
 179.400000 2.627784 0.621179 3.008806
 179.600000 2.605361 0.753651 1.620987
 179.800000 2.635302 0.717003 0.327845
 180.000000 2.762219 0.825881 18.560436
 180.200000 2.596780 0.677912 0.429428
 180.400000 2.715834 0.719540 5.015485
 180.600000 2.615724 0.712447 0.105038
 180.800000 2.717295 0.635080 6.918104
 181.000000 2.644033 0.735040 1.020118
 181.200000 2.738622 0.664961 7.825721
 181.400000 2.661189 0.709936 1.002581
 181.600000 2.657022 0.724395 1.106463
 181.800000 2.692496 0.712389 2.876936
 182.000000 2.656645 0.720948 1.007240
 182.200000 2.672269 0.700347 1.475345
 182.400000 2.743365 0.724371 8.203171
 182.600000 2.616850 0.724877 0.358298
 182.800000 2.701791 0.569276 11.812847
 183.000000 2.691445 0.720464 2.946927
 183.200000 2.684061 0.686436 2.250825
 183.400000 2.749779 0.713968 8.809082
 183.600000 2.699365 0.765862 5.604302
 183.800000 2.671107 0.671696 1.759940
 184.000000 2.698805 0.732528 3.856816
 184.200000 2.709295 0.662727 4.794734
 184.400000 2.743518 0.677341 8.094289
 184.600000 2.714213 0.694332 4.636301
 184.800000 2.614224 0.730602 0.534257
 185.000000 2.711680 0.772228 7.133654
 185.200000 2.603280 0.733074 0.718744
 185.400000 2.715320 0.770633 7.364353
 185.600000 2.690907 0.738890 3.488757
 185.800000 2.748490 0.768586 10.996486
 186.000000 2.659008 0.746706 2.020818
 186.200000 2.737765 0.726417 7.572595
 186.400000 2.640408 0.727512 0.682812
 186.600000 2.611547 0.695847 0.023391
 186.800000 2.762707 0.665588 11.000529
 187.000000 2.735253 0.752126 8.332547
 187.200000 2.657081 0.682912 0.879735
 187.400000 2.703888 0.708437 3.741962
 187.600000 2.659668 0.718578 1.077399
 187.800000 2.642887 0.705210 0.334893
 188.000000 2.648748 0.677917 0.677229
 188.200000 2.775522 0.744090 13.463613
 188.400000 2.629494 0.700361 0.068610
 188.600000 2.656352 0.777474 3.883254
 188.800000 2.603851 0.707443 0.143350
 189.000000 2.704890 0.651273 4.873399
 189.200000 2.702543 0.735446 4.270484
 189.400000 2.635604 0.649620 1.331741
 189.600000 2.719489 0.759717 7.047008
 189.800000 2.669416 0.699290 1.322784
 190.000000 2.637283 0.692805 0.200224
 190.200000 2.670328 0.767303 3.761780
 190.400000 2.646451 0.640695 2.054384
 190.600000 2.742526 0.822723 15.515633
 190.800000 2.699316 0.720825 3.564156
 191.000000 2.713482 0.696773 4.559877
 191.200000 2.713929 0.716171 4.764492
 191.400000 2.671534 0.719205 1.655301
 191.600000 2.727039 0.735353 6.638110
 191.800000 2.635018 0.632359 2.307963
 192.000000 2.751828 0.748689 10.233735
 192.200000 2.703085 0.655435 4.531777
 192.400000 2.675546 0.706010 1.687149
 192.600000 2.719127 0.666523 5.613472
 192.800000 2.670292 0.675049 1.633937
 193.000000 2.711894 0.727071 4.827338
 193.200000 2.718158 0.612160 8.712047
 193.400000 2.628716 0.709711 0.124521
 193.600000 2.713136 0.664620 5.087561
 193.800000 2.654553 0.642762 2.201194
 194.000000 2.702222 0.781584 7.029321
 194.200000 2.659643 0.755882 2.534834
 194.400000 2.671605 0.822247 9.139440
 194.600000 2.720497 0.715667 5.407175
 194.800000 2.633740 0.724198 0.463679
 195.000000 2.694684 0.713701 3.061927
 195.200000 2.721045 0.677949 5.513481
 195.400000 2.688090 0.730036 2.965695
 195.600000 2.773339 0.645628 13.444353
 195.800000 2.690118 0.759143 4.462110
 196.000000 2.700599 0.686356 3.481133
 196.200000 2.623686 0.730405 0.536981
 196.400000 2.640049 0.719703 0.475886
 196.600000 2.755016 0.721663 9.664432
 196.800000 2.696118 0.785781 6.892851
 197.000000 2.667469 0.664933 1.774968
 197.200000 2.662218 0.741051 1.898897
 197.400000 2.651666 0.680080 0.729843
 197.600000 2.684008 0.724288 2.521020
 197.800000 2.705670 0.645701 5.218024
 198.000000 2.747154 0.692848 8.355148
 198.200000 2.645439 0.715852 0.533612
 198.400000 2.686679 0.603961 6.792938
 198.600000 2.673010 0.688203 1.562705
 198.800000 2.726965 0.657132 6.777864
 199.000000 2.649735 0.776180 3.549531
 199.200000 2.559705 0.658307 2.491796
 199.400000 2.687784 0.705084 2.459503
 199.600000 2.662590 0.672218 1.330155
 199.800000 2.700527 0.658071 4.208321
 200.000000 2.662807 0.710591 1.081730
