#! FIELDS time phi psi restraint.bias
#! SET min_phi -pi
#! SET max_phi pi
#! SET min_psi -pi
#! SET max_psi pi
 0.000000 1.061231 1.873176 90.389471
 0.200000 0.711727 2.017586 3.042248
 0.400000 0.492748 1.899410 40.100924
 0.600000 0.782161 2.087107 3.557010
 0.800000 0.805278 2.040254 7.205754
 1.000000 0.656652 1.985735 6.763801
 1.200000 0.642692 2.012354 4.902181
 1.400000 0.807920 2.143970 7.255568
 1.600000 0.757892 2.191183 6.469613
 1.800000 0.691629 2.080394 0.119158
 2.000000 0.669382 2.201386 6.136751
 2.200000 0.735382 2.195175 5.772038
 2.400000 0.729424 2.097142 0.493360
 2.600000 0.714383 2.027047 2.399921
 2.800000 0.718506 2.077584 0.348859
 3.000000 0.615321 2.056291 4.154745
 3.200000 0.704944 1.976682 6.951337
 3.400000 0.791003 1.975851 11.338889
 3.600000 0.627474 2.059965 3.088955
 3.800000 0.677468 1.993093 5.344548
 4.000000 0.794431 2.034969 6.402556
 4.200000 0.758387 2.214085 8.978218
 4.400000 0.681441 2.048785 1.179424
 4.600000 0.795688 2.136184 5.631787
 4.800000 0.800433 2.223107 13.516144
 5.000000 0.672165 2.049655 1.337955
 5.200000 0.650264 2.080907 1.236625
 5.400000 0.813398 2.082839 6.709891
 5.600000 0.747553 2.043417 2.520596
 5.800000 0.653408 2.065914 1.405689
 6.000000 0.711833 2.120167 0.425970
 6.200000 0.696178 2.050222 0.977520
 6.400000 0.627476 2.063616 2.969762
 6.600000 0.730218 2.133846 1.292972
 6.800000 0.714786 2.077317 0.284515
 7.000000 0.709948 1.997872 4.728196
 7.200000 0.778272 2.155318 5.067009
 7.400000 0.762325 2.147921 3.492914
 7.600000 0.645156 2.087001 1.430568
 7.800000 0.652597 2.092851 1.037916
 8.000000 0.831268 2.078163 8.994328
 8.200000 0.767130 2.037656 3.990072
 8.400000 0.711418 2.000806 4.467701
 8.600000 0.689297 2.072104 0.287484
 8.800000 0.696871 2.054549 0.794661
 9.000000 0.687399 2.027089 2.322671
 9.200000 0.710718 1.968981 7.943600
 9.400000 0.691907 2.084732 0.066060
 9.600000 0.637817 2.038391 3.387164
 9.800000 0.763411 2.044260 3.387444
 10.000000 0.814355 2.085983 6.789330
 10.200000 0.698734 2.130661 0.657790
 10.400000 0.689848 2.108726 0.136997
 10.600000 0.740781 2.168781 3.676113
 10.800000 0.755700 2.103655 1.699948
 11.000000 0.665540 2.074200 0.735018
 11.200000 0.747887 2.100701 1.257659
 11.400000 0.715050 2.028777 2.295997
 11.600000 0.655212 2.068275 1.262179
 11.800000 0.633389 2.054215 2.903025
 12.000000 0.759842 2.005575 5.848614
 12.200000 0.781210 2.091060 3.456564
 12.400000 0.748781 2.083954 1.337192
 12.600000 0.736519 2.087446 0.760937
 12.800000 0.771793 2.108488 2.812299
 13.000000 0.746119 2.080202 1.252112
 13.200000 0.706545 2.071730 0.292246
 13.400000 0.683687 2.056509 0.821992
 13.600000 0.708241 2.091494 0.055305
 13.800000 0.713143 2.108567 0.213099
 14.000000 0.694746 2.061322 0.552650
 14.200000 0.702780 2.026311 2.328516
 14.400000 0.792631 2.030426 6.511074
 14.600000 0.772592 2.083695 2.829379
 14.800000 0.679521 2.110631 0.304982
 15.000000 0.757605 2.108676 1.870492
 15.200000 0.708016 2.059694 0.650944
 15.400000 0.737172 2.116114 0.997926
 15.600000 0.639691 2.049470 2.716811
 15.800000 0.696939 2.071396 0.265192
 16.000000 0.788763 2.127364 4.650529
 16.200000 0.692441 2.025146 2.413932
 16.400000 0.659346 2.010547 4.267369
 16.600000 0.724863 2.159413 2.470966
 16.800000 0.611491 2.013833 6.998487
 17.000000 0.744217 2.066617 1.447761
 17.200000 0.724036 2.162177 2.632717
 17.400000 0.656911 2.099633 0.863272
 17.600000 0.750327 2.057459 2.044307
 17.800000 0.783825 2.109902 3.791943
 18.000000 0.664070 2.165943 3.139661
 18.200000 0.733873 2.043813 1.917990
 18.400000 0.767654 2.089727 2.427546
 18.600000 0.680562 2.109025 0.261371
 18.800000 0.602422 2.085483 4.619862
 19.000000 0.720705 2.061807 0.785758
 19.200000 0.751321 2.022631 3.989623
 19.400000 0.650667 2.061849 1.656077
 19.600000 0.724582 2.075735 0.523915
 19.800000 0.757851 2.127145 2.319459
 20.000000 0.635121 2.034683 3.767913
 20.200000 0.688543 2.039077 1.576035
 20.400000 0.796317 2.127141 5.356327
 20.600000 0.709918 2.121261 0.430338
 20.800000 0.617443 2.077884 3.391675
 21.000000 0.755238 2.138891 2.620503
 21.200000 0.737800 2.047804 1.872142
 21.400000 0.713840 2.039075 1.653513
 21.600000 0.732435 2.089650 0.599611
 21.800000 0.711871 2.065998 0.497584
 22.000000 0.621944 2.057733 3.574372
 22.200000 0.779890 2.090037 3.351707
 22.400000 0.706541 2.039310 1.552517
 22.600000 0.606021 2.131696 4.937865
 22.800000 0.719816 2.076553 0.394274
 23.000000 0.744488 2.105963 1.141369
 23.200000 0.786967 2.186498 8.187331
 23.400000 0.650232 2.145178 2.436618
 23.600000 0.684509 2.041654 1.483628
 23.800000 0.783931 2.101547 3.706300
 24.000000 0.723264 2.036047 2.018036
 24.200000 0.610827 1.974319 11.020117
 24.400000 0.813700 2.072427 6.919278
 24.600000 0.745988 2.043931 2.418428
 24.800000 0.682630 1.997928 4.773076
 25.000000 0.741120 2.130545 1.577432
 25.200000 0.719360 2.105925 0.291789
 25.400000 0.696335 2.041203 1.416340
 25.600000 0.699145 2.120501 0.341278
 25.800000 0.715812 2.215585 7.499793
 26.000000 0.646283 2.035933 3.053072
 26.200000 0.752292 2.117333 1.729741
 26.400000 0.727532 2.106119 0.500898
 26.600000 0.712930 1.997610 4.793199
 26.800000 0.724315 2.088380 0.360871
 27.000000 0.770675 2.050952 3.574886
 27.200000 0.651107 2.007752 4.859143
 27.400000 0.697939 2.090796 0.006495
 27.600000 0.787215 2.123436 4.389567
 27.800000 0.717012 2.044904 1.402926
 28.000000 0.638195 2.119401 2.108827
 28.200000 0.774025 2.078379 3.008166
 28.400000 0.779123 2.102426 3.312011
 28.600000 0.676056 2.058529 0.886845
 28.800000 0.761428 2.180983 5.751944
 29.000000 0.783823 2.018984 6.514926
 29.200000 0.643417 2.112211 1.655560
 29.400000 0.713248 2.134625 0.923461
 29.600000 0.776085 2.040131 4.510657
 29.800000 0.670122 2.127872 0.952624
 30.000000 0.692609 2.104092 0.062265
 30.200000 0.705622 2.071581 0.288295
 30.400000 0.766612 2.111143 2.485044
 30.600000 0.670395 2.143945 1.612280
 30.800000 0.673464 2.089528 0.316093
 31.000000 0.793749 2.108405 4.669435
 31.200000 0.722111 2.160354 2.462791
 31.400000 0.662002 2.130465 1.303184
 31.600000 0.676892 2.189345 4.733324
 31.800000 0.768841 2.116750 2.749784
 32.000000 0.819550 2.024195 9.835223
 32.200000 0.648319 2.196996 6.504084
 32.400000 0.543556 2.189241 16.444725
 32.600000 0.786752 2.112480 4.090314
 32.800000 0.825520 1.995423 13.011601
 33.000000 0.708778 2.102469 0.089268
 33.200000 0.618446 2.060071 3.763961
 33.400000 0.745430 2.142790 2.289609
 33.600000 0.761848 2.072434 2.271066
 33.800000 0.669988 2.147888 1.826763
 34.000000 0.747161 2.111141 1.342133
 34.200000 0.778634 2.015699 6.336905
 34.400000 0.766030 2.112279 2.465047
 34.600000 0.674498 2.064330 0.731232
 34.800000 0.722314 2.039029 1.825111
 35.000000 0.742225 2.024772 3.395815
 35.200000 0.765963 1.986776 8.091446
 35.400000 0.763387 2.014268 5.339341
 35.600000 0.648640 2.007992 4.957462
 35.800000 0.687222 2.059084 0.682943
 36.000000 0.806167 2.067158 6.206774
 36.200000 0.752278 2.078495 1.592286
 36.400000 0.684005 2.062561 0.606477
 36.600000 0.736395 2.116970 0.986866
 36.800000 0.669920 2.180796 4.130469
 37.000000 0.769236 2.127294 3.069041
 37.200000 0.771528 2.158196 4.728799
 37.400000 0.691285 2.135741 0.878199
 37.600000 0.715506 2.032476 2.067939
 37.800000 0.797850 2.117168 5.231129
 38.000000 0.732910 2.054595 1.396798
 38.200000 0.648255 1.980796 7.696148
 38.400000 0.736550 2.114699 0.944096
 38.600000 0.723766 2.070251 0.620012
 38.800000 0.701328 1.995624 4.882927
 39.000000 0.776853 2.083283 3.160291
 39.200000 0.651363 2.147526 2.505117
 39.400000 0.606988 2.086650 4.183623
 39.600000 0.765027 2.226711 10.991281
 39.800000 0.727941 2.148288 1.896512
 40.000000 0.764760 2.030180 4.281464
 40.200000 0.837215 2.208653 16.199486
 40.400000 0.665613 2.117768 0.801897
 40.600000 0.678616 2.013817 3.436857
 40.800000 0.776955 2.167915 5.809136
 41.000000 0.692381 2.054009 0.832049
 41.200000 0.701849 1.943903 11.330852
 41.400000 0.774121 2.085901 2.923296
 41.600000 0.685662 2.016115 3.141616
 41.800000 0.652534 2.065914 1.445153
 42.000000 0.740947 2.135965 1.780595
 42.200000 0.690046 2.033398 1.893038
 42.400000 0.676648 2.024982 2.639874
 42.600000 0.679220 2.180198 3.859870
 42.800000 0.711850 2.125542 0.579161
 43.000000 0.805558 1.976561 12.712558
 43.200000 0.817050 2.140592 8.137919
 43.400000 0.639314 2.153624 3.483836
 43.600000 0.667791 2.054137 1.270649
 43.800000 0.814045 2.160688 8.915303
 44.000000 0.713037 2.070506 0.396419
 44.200000 0.640188 2.052909 2.539281
 44.400000 0.764395 2.093006 2.196403
 44.600000 0.730003 2.111365 0.651862
 44.800000 0.701676 2.064147 0.463766
 45.000000 0.724084 2.107008 0.416299
 45.200000 0.751679 1.929971 14.951199
 45.400000 0.759517 2.074488 2.082229
 45.600000 0.667346 2.138253 1.435622
 45.800000 0.640797 2.043284 2.949811
 46.000000 0.795778 2.050720 5.721131
 46.200000 0.732478 2.145475 1.894434
 46.400000 0.719320 2.036908 1.876836
 46.600000 0.743383 2.142194 2.166222
 46.800000 0.706818 2.102651 0.071807
 47.000000 0.712199 2.051280 1.028379
 47.200000 0.745502 2.077670 1.261806
 47.400000 0.724345 2.172328 3.380326
 47.600000 0.634885 2.049868 2.991396
 47.800000 0.725829 2.090229 0.392255
 48.000000 0.748685 2.090540 1.285261
 48.200000 0.687975 1.971664 7.583013
 48.400000 0.741791 2.095169 0.953361
 48.600000 0.728166 2.114264 0.648422
 48.800000 0.648863 2.051192 2.146955
 49.000000 0.765666 2.061679 2.815659
 49.200000 0.727183 2.106382 0.493824
 49.400000 0.596339 2.082975 5.246134
 49.600000 0.650553 2.193108 6.003962
 49.800000 0.761820 2.200697 7.678195
 50.000000 0.697014 2.073260 0.223964
 50.200000 0.699378 2.057321 0.688007
 50.400000 0.692370 2.133236 0.770898
 50.600000 0.651506 2.085965 1.122521
 50.800000 0.700639 2.026244 2.325414
 51.000000 0.799778 2.150920 6.763523
 51.200000 0.741883 2.015741 4.050334
 51.400000 0.671241 1.982711 6.598187
 51.600000 0.794491 2.162352 6.951621
 51.800000 0.638529 2.062478 2.285581
 52.000000 0.678097 2.056753 0.909179
 52.200000 0.843165 2.192234 15.303558
 52.400000 0.695993 2.065228 0.427647
 52.600000 0.714149 2.032608 2.037067
 52.800000 0.764324 2.132732 2.925568
 53.000000 0.691062 2.025986 2.364865
 53.200000 0.679363 2.006262 4.059842
 53.400000 0.766967 2.079218 2.484289
 53.600000 0.729822 1.985671 6.412632
 53.800000 0.683538 2.065990 0.509915
 54.000000 0.643249 2.099171 1.517484
 54.200000 0.731505 2.082837 0.623693
 54.400000 0.821227 2.001250 11.914176
 54.600000 0.641076 2.125655 2.116281
 54.800000 0.710323 2.149045 1.567631
 55.000000 0.702242 2.116593 0.254822
 55.200000 0.676762 2.091676 0.232034
 55.400000 0.758628 2.072389 2.072054
 55.600000 0.718285 2.081186 0.290330
 55.800000 0.627988 2.044849 3.687442
 56.000000 0.677425 2.122321 0.604317
 56.200000 0.754226 2.084775 1.619570
 56.400000 0.668817 2.016842 3.436907
 56.600000 0.744614 2.094303 1.080294
 56.800000 0.715598 2.079287 0.266671
 57.000000 0.663113 2.078212 0.744083
 57.200000 0.763058 2.069124 2.427014
 57.400000 0.751526 2.043991 2.695779
 57.600000 0.689103 2.174810 3.274020
 57.800000 0.674175 2.137003 1.194707
 58.000000 0.700748 2.045603 1.193759
 58.200000 0.732290 2.108868 0.688131
 58.400000 0.709297 2.014913 3.221059
 58.600000 0.727488 2.000699 4.820345
 58.800000 0.601202 2.104923 4.753125
 59.000000 0.658266 2.068165 1.138629
 59.200000 0.780987 2.023306 5.959309
 59.400000 0.753633 2.068562 1.873863
 59.600000 0.714636 2.053476 0.973372
 59.800000 0.728869 2.071066 0.744514
 60.000000 0.790466 2.137414 5.188118
 60.200000 0.737698 2.113039 0.956556
 60.400000 0.639133 2.124656 2.198277
 60.600000 0.727029 2.153688 2.175321
 60.800000 0.757006 2.032773 3.631708
 61.000000 0.679024 2.081408 0.266878
 61.200000 0.668385 2.111871 0.595153
 61.400000 0.748883 2.102659 1.322016
 61.600000 0.697188 2.009113 3.636946
 61.800000 0.700068 2.074799 0.193874
 62.000000 0.731881 2.093374 0.570042
 62.200000 0.715520 2.035997 1.856324
 62.400000 0.634818 2.065408 2.424466
 62.600000 0.789194 2.067534 4.506892
 62.800000 0.687974 2.130668 0.709436
 63.000000 0.663123 2.086884 0.641001
 63.200000 0.725969 2.091922 0.390518
 63.400000 0.763603 2.058605 2.783713
 63.600000 0.704897 2.013575 3.288862
 63.800000 0.751123 2.056629 2.117199
 64.000000 0.693876 2.123753 0.439991
 64.200000 0.695554 2.031374 1.989155
 64.400000 0.715597 2.112401 0.314625
 64.600000 0.843209 2.052681 11.393691
 64.800000 0.681342 2.058948 0.769208
 65.000000 0.620155 2.016117 6.103920
 65.200000 0.735685 2.103128 0.743251
 65.400000 0.780889 2.041965 4.798855
 65.600000 0.684433 1.950274 10.479241
 65.800000 0.729789 2.133614 1.270130
 66.000000 0.689288 2.121511 0.406742
 66.200000 0.667807 2.014311 3.666554
 66.400000 0.780151 2.162269 5.667078
 66.600000 0.834382 2.050419 10.249050
 66.800000 0.671534 2.022256 2.955749
 67.000000 0.669794 2.176441 3.767317
 67.200000 0.721718 2.104159 0.325828
 67.400000 0.684216 2.021311 2.767495
 67.600000 0.750450 2.110119 1.492219
 67.800000 0.701476 2.012062 3.394961
 68.000000 0.686622 2.030449 2.110782
 68.200000 0.730902 2.053820 1.360116
 68.400000 0.708642 2.060492 0.629925
 68.600000 0.752917 2.071564 1.761341
 68.800000 0.714746 2.097531 0.142943
 69.000000 0.750439 2.091549 1.372094
 69.200000 0.797298 2.050196 5.893801
 69.400000 0.763820 2.142750 3.326572
 69.600000 0.592731 2.056641 6.267301
 69.800000 0.650206 2.052480 2.026903
 70.000000 0.743863 2.152447 2.730694
 70.200000 0.694552 2.078812 0.127828
 70.400000 0.730045 2.050960 1.452510
 70.600000 0.736080 2.141993 1.852788
 70.800000 0.668760 2.123638 0.858937
 71.000000 0.671137 2.117744 0.636944
 71.200000 0.746381 2.212826 8.177003
 71.400000 0.726819 2.113143 0.587217
 71.600000 0.734678 2.155990 2.564817
 71.800000 0.728403 2.170569 3.359405
 72.000000 0.780980 2.134409 4.232455
 72.200000 0.641009 2.066500 2.020555
 72.400000 0.682437 2.079228 0.238175
 72.600000 0.757099 2.115819 1.968085
 72.800000 0.680955 2.075945 0.317718
 73.000000 0.692880 2.138767 0.998227
 73.200000 0.742822 2.052430 1.879152
 73.400000 0.720354 2.029689 2.340379
 73.600000 0.701427 2.045590 1.196387
 73.800000 0.693347 2.136363 0.892094
 74.000000 0.773639 2.067631 3.208801
 74.200000 0.637756 2.068339 2.162079
 74.400000 0.777508 2.081163 3.237827
 74.600000 0.815879 2.106477 7.005246
 74.800000 0.703257 2.051416 0.936733
 75.000000 0.630230 2.142157 3.445918
 75.200000 0.693654 2.099114 0.021161
 75.400000 0.695842 2.088414 0.020505
 75.600000 0.733884 2.048923 1.672961
 75.800000 0.752809 2.015425 4.612936
 76.000000 0.670549 2.102866 0.416273
 76.200000 0.624047 2.072072 2.993468
 76.400000 0.807961 1.976493 12.981760
 76.600000 0.875240 2.076593 15.842194
 76.800000 0.701045 2.103745 0.047956
 77.000000 0.679022 2.070341 0.471885
 77.200000 0.734219 2.101211 0.674358
 77.400000 0.774025 2.152875 4.589890
 77.600000 0.680772 2.093261 0.151331
 77.800000 0.675403 2.111301 0.401220
 78.000000 0.674315 2.181181 4.049539
 78.200000 0.674844 2.030972 2.282421
 78.400000 0.698047 2.068269 0.341280
 78.600000 0.736319 2.113500 0.911627
 78.800000 0.694460 2.026359 2.321205
 79.000000 0.729752 2.019589 3.297910
 79.200000 0.757088 2.114525 1.940513
 79.400000 0.717520 2.028020 2.390760
 79.600000 0.722558 2.028998 2.436732
 79.800000 0.788744 2.128324 4.680889
 80.000000 0.774027 2.016217 5.936001
 80.200000 0.692298 2.022712 2.586218
 80.400000 0.754576 2.116264 1.832129
 80.600000 0.686993 2.126736 0.585008
 80.800000 0.617621 2.045106 4.455685
 81.000000 0.794948 2.050504 5.649918
 81.200000 0.844966 2.015356 13.903743
 81.400000 0.709874 2.042934 1.393057
 81.600000 0.737106 2.071435 1.023077
 81.800000 0.759858 2.143319 3.101878
 82.000000 0.631705 2.074182 2.410537
 82.200000 0.660313 2.106228 0.785139
 82.400000 0.790119 2.075089 4.417186
 82.600000 0.713065 2.055405 0.871614
 82.800000 0.649950 2.074788 1.352979
 83.000000 0.735250 2.170191 3.561398
 83.200000 0.780555 2.024611 5.831725
 83.400000 0.687578 2.089005 0.070212
 83.600000 0.806165 2.139903 6.871039
 83.800000 0.698769 2.051029 0.940519
 84.000000 0.680438 2.063023 0.648622
 84.200000 0.781547 2.108983 3.585444
 84.400000 0.688002 2.056039 0.786921
 84.600000 0.699434 2.031154 2.000546
 84.800000 0.735837 2.130734 1.371122
 85.000000 0.725094 2.070216 0.655793
 85.200000 0.713783 2.038993 1.657176
 85.400000 0.678294 2.037977 1.788286
 85.600000 0.764572 2.097450 2.211797
 85.800000 0.736450 2.068322 1.074039
 86.000000 0.666038 2.108593 0.615802
 86.200000 0.738471 2.039965 2.294957
 86.400000 0.694775 2.055395 0.766131
 86.600000 0.704404 2.072803 0.252788
 86.800000 0.707567 2.043518 1.338735
 87.000000 0.817825 1.979184 13.800099
 87.200000 0.735998 2.069417 1.028883
 87.400000 0.701432 2.092231 0.007789
 87.600000 0.639225 2.053183 2.584196
 87.800000 0.771038 2.047120 3.775090
 88.000000 0.773609 2.103712 2.891794
 88.200000 0.661171 1.995840 5.539652
 88.400000 0.665286 2.119965 0.866316
 88.600000 0.793049 2.082740 4.572532
 88.800000 0.667508 2.002017 4.735810
 89.000000 0.712641 2.061875 0.634028
 89.200000 0.618242 2.108304 3.287929
 89.400000 0.706641 2.022882 2.593286
 89.600000 0.755128 2.104902 1.679467
 89.800000 0.766204 2.063032 2.808768
 90.000000 0.676806 2.064738 0.667178
 90.200000 0.701612 2.141275 1.104943
 90.400000 0.720356 2.093179 0.247705
 90.600000 0.752434 2.057141 2.168293
 90.800000 0.825766 2.062848 8.642845
 91.000000 0.709066 2.128162 0.629873
 91.200000 0.745019 2.087708 1.121577
 91.400000 0.718561 2.080112 0.310692
 91.600000 0.788294 2.109902 4.184836
 91.800000 0.729635 2.057127 1.190698
 92.000000 0.768840 2.035348 4.243135
 92.200000 0.771556 2.138457 3.666339
 92.400000 0.712887 2.101398 0.133381
 92.600000 0.552296 2.074455 10.832901
 92.800000 0.717524 2.229629 9.332091
 93.000000 0.807504 2.117751 6.253916
 93.200000 0.699560 2.010285 3.538308
 93.400000 0.653772 2.133145 1.734685
 93.600000 0.695302 2.138742 0.987318
 93.800000 0.763346 2.018940 4.973241
 94.000000 0.789329 2.105188 4.216733
 94.200000 0.760260 2.143303 3.125979
 94.400000 0.649760 1.985239 7.127472
 94.600000 0.770777 2.078436 2.766005
 94.800000 0.705502 2.164947 2.515953
 95.000000 0.727035 2.081823 0.496728
 95.200000 0.741258 2.077385 1.074610
 95.400000 0.758358 2.183077 5.745849
 95.600000 0.649249 2.078238 1.325291
 95.800000 0.738232 2.137338 1.726027
 96.000000 0.751497 2.104827 1.478328
 96.200000 0.602561 2.078145 4.698947
 96.400000 0.742492 2.082817 1.050933
 96.600000 0.774883 2.106681 3.020855
 96.800000 0.720663 2.075385 0.434529
 97.000000 0.659915 2.179344 4.338419
 97.200000 0.641822 2.093707 1.585627
 97.400000 0.811331 1.989486 11.910056
 97.600000 0.733924 2.042093 2.008337
 97.800000 0.661162 2.107474 0.768921
 98.000000 0.678025 2.013982 3.435244
 98.200000 0.750906 2.072502 1.632217
 98.400000 0.723395 2.110333 0.446117
 98.600000 0.708021 2.087545 0.072355
 98.800000 0.781784 2.150319 5.062599
 99.000000 0.716414 2.117409 0.431937
 99.200000 0.727939 2.117657 0.714796
 99.400000 0.710474 2.169311 2.882338
 99.600000 0.732636 2.093706 0.595507
 99.800000 0.644400 2.007614 5.209079
 100.000000 0.713143 2.057510 0.792921
 100.200000 0.785416 2.047689 4.900051
 100.400000 0.717019 1.933788 13.075708
 100.600000 0.755715 2.033608 3.505498
 100.800000 0.790818 2.136125 5.166036
 101.000000 0.696155 2.030154 2.065399
 101.200000 0.744505 2.055129 1.846181
 101.400000 0.739290 2.226117 9.522295
 101.600000 0.679024 2.028106 2.379700
 101.800000 0.712928 2.088962 0.124230
 102.000000 0.739290 2.166184 3.423836
 102.200000 0.626219 1.990182 8.015953
 102.400000 0.751915 2.056574 2.161538
 102.600000 0.821953 2.079226 7.780934
 102.800000 0.657292 1.983758 6.954189
 103.000000 0.708977 2.062594 0.564460
 103.200000 0.753191 2.088890 1.530901
 103.400000 0.726484 2.047656 1.494193
 103.600000 0.625179 2.092988 2.662012
 103.800000 0.724070 2.101778 0.363651
 104.000000 0.747982 2.038963 2.778921
 104.200000 0.712433 2.040646 1.546744
 104.400000 0.758027 2.131255 2.473017
 104.600000 0.647571 2.108921 1.383695
 104.800000 0.687323 2.061665 0.594025
 105.000000 0.733642 2.109336 0.742119
 105.200000 0.785852 2.088735 3.863436
 105.400000 0.632100 2.079255 2.294684
 105.600000 0.659562 2.092805 0.745092
 105.800000 0.764471 2.008500 5.889428
 106.000000 0.700225 2.066799 0.382970
 106.200000 0.675094 2.092257 0.267653
 106.400000 0.780555 2.052076 4.292267
 106.600000 0.758842 2.057119 2.537650
 106.800000 0.647909 2.113941 1.452209
 107.000000 0.708223 2.034084 1.869622
 107.200000 0.736181 2.067985 1.072648
 107.400000 0.688824 2.099194 0.054835
 107.600000 0.707283 2.059479 0.651438
 107.800000 0.721669 2.106842 0.354467
 108.000000 0.741586 2.097207 0.948088
 108.200000 0.736041 1.992957 5.863353
 108.400000 0.696829 2.118375 0.288359
 108.600000 0.624198 2.195864 7.881120
 108.800000 0.738935 2.034247 2.641330
 109.000000 0.730826 2.119100 0.839630
 109.200000 0.706716 2.158375 2.083583
 109.400000 0.736598 2.059780 1.338937
 109.600000 0.755332 2.056302 2.361482
 109.800000 0.699163 2.117488 0.267180
 110.000000 0.665768 2.099706 0.537798
 110.200000 0.741080 2.063657 1.394712
 110.400000 0.812752 2.010994 10.046765
 110.600000 0.766695 2.063985 2.812863
 110.800000 0.648222 2.094408 1.245511
 111.000000 0.666040 2.119361 0.826599
 111.200000 0.735776 2.063383 1.189433
 111.400000 0.733168 2.071342 0.879491
 111.600000 0.671017 2.102877 0.403580
 111.800000 0.722459 2.130460 0.946224
 112.000000 0.771703 2.093030 2.707301
 112.200000 0.730700 2.087251 0.555865
 112.400000 0.682928 2.154028 1.893616
 112.600000 0.696713 2.098887 0.011094
 112.800000 0.738948 2.015029 3.982468
 113.000000 0.792934 2.083755 4.550295
 113.200000 0.669791 2.037319 2.030448
 113.400000 0.674382 2.021306 2.953034
 113.600000 0.771735 2.053310 3.552703
 113.800000 0.715840 2.091970 0.159736
 114.000000 0.713643 2.067820 0.473412
 114.200000 0.826706 2.079188 8.381250
 114.400000 0.711208 2.041598 1.479270
 114.600000 0.698532 2.104776 0.053962
 114.800000 0.772738 2.140474 3.844650
 115.000000 0.732154 2.025471 2.954048
 115.200000 0.754615 2.109523 1.709608
 115.400000 0.732324 2.083787 0.640839
 115.600000 0.630590 2.002279 6.523576
 115.800000 0.736519 2.049287 1.754159
 116.000000 0.683952 2.090756 0.107146
 116.200000 0.661429 2.061489 1.214956
 116.400000 0.712667 2.048943 1.138582
 116.600000 0.794861 2.027453 6.918915
 116.800000 0.740338 2.108157 0.985385
 117.000000 0.609643 2.162074 6.205360
 117.200000 0.701026 2.094491 0.004192
 117.400000 0.777868 2.094623 3.178999
 117.600000 0.702148 2.084068 0.061388
 117.800000 0.689433 2.128755 0.628141
 118.000000 0.686788 2.113370 0.244356
 118.200000 0.789375 2.007732 7.917939
 118.400000 0.722043 2.102962 0.322557
 118.600000 0.667593 2.043510 1.760972
 118.800000 0.708714 2.057990 0.718678
 119.000000 0.727737 2.071325 0.704358
 119.200000 0.746022 2.010444 4.670635
 119.400000 0.678031 2.072042 0.451853
 119.600000 0.797014 2.084535 4.937430
 119.800000 0.819076 2.082263 7.387328
 120.000000 0.830094 2.152986 10.423475
 120.200000 0.681464 2.121987 0.519546
 120.400000 0.718372 2.100153 0.221419
 120.600000 0.730676 2.130266 1.172939
 120.800000 0.691409 2.068026 0.370273
 121.000000 0.723778 2.072006 0.579487
 121.200000 0.794340 2.104585 4.679956
 121.400000 0.706228 2.015217 3.167324
 121.600000 0.791424 2.011103 7.820532
 121.800000 0.741658 2.042263 2.306108
 122.000000 0.665181 2.063527 1.019301
 122.200000 0.709113 2.062936 0.555131
 122.400000 0.723395 2.077516 0.461556
 122.600000 0.663304 2.068278 0.947516
 122.800000 0.727357 2.097408 0.431588
 123.000000 0.806629 2.115014 6.098375
 123.200000 0.761059 2.130821 2.643323
 123.400000 0.779791 2.097302 3.338383
 123.600000 0.803440 2.159529 7.666104
 123.800000 0.755496 2.164051 4.071311
 124.000000 0.752082 2.084427 1.505009
 124.200000 0.707229 2.069673 0.346977
 124.400000 0.695446 2.056606 0.717610
 124.600000 0.660437 2.027090 2.975439
 124.800000 0.679880 2.069707 0.471297
 125.000000 0.678371 2.083371 0.256009
 125.200000 0.676842 2.011690 3.646715
 125.400000 0.758999 2.037541 3.468603
 125.600000 0.678761 2.177087 3.606584
 125.800000 0.693308 2.080907 0.102597
 126.000000 0.733423 2.083710 0.679825
 126.200000 0.723445 2.213764 7.444857
 126.400000 0.705943 2.100512 0.049211
 126.600000 0.726367 2.046229 1.558578
 126.800000 0.826412 2.112696 8.395359
 127.000000 0.640395 2.102277 1.697807
 127.200000 0.685059 2.010883 3.572595
 127.400000 0.743357 2.068200 1.365778
 127.600000 0.731499 2.030385 2.605316
 127.800000 0.638539 1.897318 21.195414
 128.000000 0.736959 2.120037 1.082523
 128.200000 0.667328 2.181938 4.306330
 128.400000 0.618622 2.002877 7.348642
 128.600000 0.768775 2.107440 2.580311
 128.800000 0.722738 2.133515 1.067941
 129.000000 0.795751 2.002377 8.998488
 129.200000 0.748544 2.168144 3.990149
 129.400000 0.727452 2.073793 0.642082
 129.600000 0.705532 2.011397 3.471705
 129.800000 0.791100 2.092922 4.322615
 130.000000 0.745537 2.118932 1.424664
 130.200000 0.623885 2.028716 4.913140
 130.400000 0.710245 2.060606 0.644221
 130.600000 0.709954 2.084202 0.121827
 130.800000 0.783546 2.029278 5.767964
 131.000000 0.682362 2.118130 0.406001
 131.200000 0.597394 2.072574 5.312089
 131.400000 0.686026 2.007202 3.874622
 131.600000 0.773468 1.985180 8.801765
 131.800000 0.717500 2.086972 0.215119
 132.000000 0.717692 2.075014 0.379117
 132.200000 0.757224 2.015354 4.869697
 132.400000 0.791773 2.107887 4.475382
 132.600000 0.746567 2.103328 1.212878
 132.800000 0.699406 2.099840 0.015636
 133.000000 0.774545 2.163817 5.329259
 133.200000 0.771571 2.090224 2.705332
 133.400000 0.628330 2.061991 2.961151
 133.600000 0.707447 2.093935 0.043495
 133.800000 0.751065 2.045978 2.573031
 134.000000 0.691058 2.031371 2.011056
 134.200000 0.740326 2.070827 1.167901
 134.400000 0.582758 1.968914 14.528242
 134.600000 0.681659 2.057919 0.800920
 134.800000 0.736654 2.144068 1.975678
 135.000000 0.748709 2.066008 1.681958
 135.200000 0.663333 2.135729 1.459703
 135.400000 0.711699 2.091409 0.096489
 135.600000 0.702046 2.049689 1.006998
 135.800000 0.706672 2.154655 1.852108
 136.000000 0.681536 2.088323 0.156144
 136.200000 0.663611 1.982260 6.882927
 136.400000 0.747870 2.067263 1.605041
 136.600000 0.726067 2.082415 0.461951
 136.800000 0.664189 1.993401 5.675951
 137.000000 0.723637 2.073350 0.546707
 137.200000 0.737540 2.118544 1.068097
 137.400000 0.710968 1.996078 4.915498
 137.600000 0.721334 2.058290 0.920951
 137.800000 0.719034 2.059240 0.836404
 138.000000 0.623836 2.076012 2.928880
 138.200000 0.646331 2.055051 2.115639
 138.400000 0.752682 2.027021 3.757500
 138.600000 0.779181 2.029959 5.360500
 138.800000 0.720976 2.044293 1.516041
 139.000000 0.693740 2.041991 1.382744
 139.200000 0.716795 2.056657 0.886255
 139.400000 0.720610 2.027399 2.496889
 139.600000 0.634871 2.035673 3.725063
 139.800000 0.694803 2.029695 2.098599
 140.000000 0.774075 2.091634 2.887491
 140.200000 0.761674 2.090593 2.026015
 140.400000 0.653161 2.087218 1.036935
 140.600000 0.649147 2.156154 3.106820
 140.800000 0.776430 2.122789 3.468383
 141.000000 0.746938 1.998034 5.833743
 141.200000 0.741403 2.064977 1.368914
 141.400000 0.726249 2.138344 1.361038
 141.600000 0.604638 1.930554 17.792508
 141.800000 0.720205 2.046799 1.376326
 142.000000 0.773545 2.195605 7.965316
 142.200000 0.687594 2.014903 3.215018
 142.400000 0.651009 2.022747 3.676954
 142.600000 0.828721 2.164198 10.962958
 142.800000 0.684597 2.035704 1.813898
 143.000000 0.640182 2.144306 2.924619
 143.200000 0.789993 2.152617 5.914130
 143.400000 0.755822 2.097483 1.668880
 143.600000 0.633555 2.087918 2.106073
 143.800000 0.750169 2.211615 8.224157
 144.000000 0.770289 1.998170 7.232976
 144.200000 0.755746 2.054972 2.436789
 144.400000 0.638030 2.097505 1.810954
 144.600000 0.729118 2.044194 1.740155
 144.800000 0.713201 2.080787 0.206143
 145.000000 0.646960 1.996969 6.055161
 145.200000 0.687262 2.059552 0.666077
 145.400000 0.754496 2.059413 2.200344
 145.600000 0.715804 2.055993 0.893527
 145.800000 0.728898 2.084115 0.526112
 146.000000 0.710504 2.121398 0.441116
 146.200000 0.796730 2.171434 7.828320
 146.400000 0.761025 2.091700 1.981424
 146.600000 0.722027 2.074503 0.483337
 146.800000 0.805364 2.145179 7.038876
 147.000000 0.709820 2.094282 0.068315
 147.200000 0.707467 2.111177 0.184390
 147.400000 0.682907 2.123787 0.547825
 147.600000 0.789609 2.139668 5.208885
 147.800000 0.660305 2.070760 0.994738
 148.000000 0.709213 2.042521 1.406859
 148.200000 0.714606 2.183125 4.072231
 148.400000 0.699067 2.065237 0.425535
 148.600000 0.786855 2.039300 5.453635
 148.800000 0.794718 2.099162 4.675825
 149.000000 0.644151 2.098532 1.465505
 149.200000 0.724418 2.067877 0.697071
 149.400000 0.802821 2.137504 6.409084
 149.600000 0.675773 2.048636 1.296903
 149.800000 0.698897 2.065824 0.408450
 150.000000 0.859393 2.100693 13.022410
 150.200000 0.753635 2.048612 2.588362
 150.400000 0.645902 2.062016 1.888173
 150.600000 0.709405 2.158038 2.088758
 150.800000 0.693853 2.100502 0.027802
 151.000000 0.767643 2.108901 2.521156
 151.200000 0.715991 2.038997 1.693954
 151.400000 0.691006 2.021407 2.689047
 151.600000 0.721395 2.092163 0.273080
 151.800000 0.694183 2.148885 1.492346
 152.000000 0.734985 2.073709 0.893018
 152.200000 0.702092 2.026808 2.291833
 152.400000 0.624750 2.040891 4.123745
 152.600000 0.681052 2.070305 0.436025
 152.800000 0.717692 2.054573 0.984195
 153.000000 0.729510 2.054444 1.290348
 153.200000 0.633003 2.139307 3.129397
 153.400000 0.782537 2.095516 3.562762
 153.600000 0.737892 2.014087 4.015170
 153.800000 0.746049 2.039534 2.652898
 154.000000 0.671500 2.114598 0.558706
 154.200000 0.690929 2.091975 0.028864
 154.400000 0.779628 2.013334 6.606260
 154.600000 0.715035 2.099090 0.153883
 154.800000 0.631782 2.094632 2.201151
 155.000000 0.636348 2.023251 4.439311
 155.200000 0.760501 1.979271 8.571777
 155.400000 0.763524 2.060394 2.716130
 155.600000 0.637661 2.022933 4.381775
 155.800000 0.712107 2.117331 0.360686
 156.000000 0.733023 2.119912 0.934269
 156.200000 0.734256 2.041342 2.059799
 156.400000 0.757474 2.073609 1.976803
 156.600000 0.744666 2.147881 2.513106
 156.800000 0.769741 2.132043 3.272585
 157.000000 0.745091 2.037160 2.740512
 157.200000 0.702745 2.079806 0.117059
 157.400000 0.690229 2.104888 0.086280
 157.600000 0.665448 2.034861 2.306278
 157.800000 0.661593 1.999037 5.214149
 158.000000 0.803824 2.094463 5.585383
 158.200000 0.692547 2.045448 1.213504
 158.400000 0.646883 1.953211 11.279622
 158.600000 0.712295 2.055962 0.838873
 158.800000 0.723146 2.112491 0.476579
 159.000000 0.711464 1.989276 5.613899
 159.200000 0.678546 2.117597 0.460976
 159.400000 0.679967 2.223159 8.455052
 159.600000 0.722949 2.019723 3.095895
 159.800000 0.790679 2.089408 4.294966
 160.000000 0.678666 2.156514 2.118805
 160.200000 0.579553 2.025951 9.372702
 160.400000 0.826238 2.056857 8.910112
 160.600000 0.817911 2.077101 7.323054
 160.800000 0.620638 1.978005 9.775947
 161.000000 0.590074 2.187480 10.170564
 161.200000 0.661174 2.172067 3.699408
 161.400000 0.754906 1.957182 11.025337
 161.600000 0.779416 2.153991 5.079360
 161.800000 0.716705 2.123547 0.597410
 162.000000 0.735885 2.022811 3.274817
 162.200000 0.803533 2.096930 5.557879
 162.400000 0.664937 2.092500 0.552744
 162.600000 0.638699 1.961493 10.597603
 162.800000 0.777549 2.053537 3.988275
 163.000000 0.761701 2.056117 2.753150
 163.200000 0.718452 1.985106 6.178502
 163.400000 0.689062 2.148009 1.478349
 163.600000 0.697331 2.107078 0.080748
 163.800000 0.678695 2.085411 0.229245
 164.000000 0.801995 2.221454 13.465812
 164.200000 0.731086 2.026648 2.837825
 164.400000 0.679333 2.091812 0.180032
 164.600000 0.757325 2.190706 6.389825
 164.800000 0.630291 2.116155 2.537938
 165.000000 0.644442 2.066030 1.843561
 165.200000 0.839734 2.149784 11.559519
 165.400000 0.644881 2.089559 1.429520
 165.600000 0.630444 2.041304 3.700165
 165.800000 0.755924 2.198261 7.063965
 166.000000 0.793557 2.134656 5.363490
 166.200000 0.714359 2.113049 0.305643
 166.400000 0.781201 2.231295 12.821103
 166.600000 0.692807 2.116037 0.248373
 166.800000 0.699867 2.047011 1.124128
 167.000000 0.757485 2.150579 3.339721
 167.200000 0.703503 2.039908 1.498852
 167.400000 0.744318 1.933115 14.072187
 167.600000 0.743292 2.080790 1.112296
 167.800000 0.715219 2.069443 0.457303
 168.000000 0.624173 2.007302 6.527593
 168.200000 0.726658 2.123927 0.842933
 168.400000 0.713226 2.094365 0.113914
 168.600000 0.748510 2.009585 4.865384
 168.800000 0.797656 2.080082 5.054972
 169.000000 0.728930 2.075438 0.653955
 169.200000 0.634991 2.032419 3.913888
 169.400000 0.750077 2.091591 1.353090
 169.600000 0.770949 2.018563 5.526432
 169.800000 0.673002 1.992749 5.481757
 170.000000 0.659885 2.142542 1.890460
 170.200000 0.647409 2.041716 2.673953
 170.400000 0.626876 2.054516 3.333838
 170.600000 0.804149 2.204687 11.702047
 170.800000 0.692874 2.064910 0.448514
 171.000000 0.706297 2.061322 0.580254
 171.200000 0.811665 2.132821 7.183217
 171.400000 0.730833 2.088721 0.550779
 171.600000 0.698024 2.101171 0.022963
 171.800000 0.742663 2.213214 8.050503
 172.000000 0.684629 2.062068 0.613679
 172.200000 0.762249 2.078439 2.182805
 172.400000 0.735857 2.192445 5.518520
 172.600000 0.645872 2.008592 5.046622
 172.800000 0.770522 2.173013 5.710601
 173.000000 0.754448 2.149435 3.100457
 173.200000 0.707852 1.973421 7.364652
 173.400000 0.734428 2.121786 1.033841
 173.600000 0.746568 2.133854 1.951532
 173.800000 0.693064 2.038694 1.564120
 174.000000 0.670246 2.078272 0.518771
 174.200000 0.752938 2.115947 1.734124
 174.400000 0.682402 2.075027 0.311276
 174.600000 0.757669 2.177828 5.252862
 174.800000 0.785030 2.084181 3.827845
 175.000000 0.676935 1.976154 7.215079
 175.200000 0.692378 2.140966 1.100954
 175.400000 0.733666 2.147528 2.042907
 175.600000 0.730949 1.984612 6.564684
 175.800000 0.731399 2.058118 1.211377
 176.000000 0.777287 2.112228 3.291772
 176.200000 0.664090 2.077089 0.729149
 176.400000 0.688202 2.047523 1.147775
 176.600000 0.798371 2.163711 7.426326
 176.800000 0.615620 2.004665 7.429804
 177.000000 0.671276 2.039325 1.876987
 177.200000 0.796172 2.077660 4.946032
 177.400000 0.642550 2.084492 1.593697
 177.600000 0.678479 2.123021 0.602828
 177.800000 0.745730 2.162969 3.483989
 178.000000 0.761599 2.094209 2.014082
 178.200000 0.642159 2.106940 1.645171
 178.400000 0.737437 2.158935 2.855190
 178.600000 0.746542 2.110270 1.297771
 178.800000 0.682841 2.058940 0.745451
 179.000000 0.736703 2.093959 0.743969
 179.200000 0.755343 2.024021 4.112828
 179.400000 0.680816 2.007313 3.941588
 179.600000 0.726913 2.042452 1.763222
 179.800000 0.740366 1.954547 10.670590
 180.000000 0.738300 2.000433 5.221227
 180.200000 0.706245 2.044979 1.253869
 180.400000 0.714165 2.022153 2.737997
 180.600000 0.734777 2.006751 4.512192
 180.800000 0.749863 2.139436 2.352389
 181.000000 0.779610 2.047560 4.416093
 181.200000 0.712799 2.084367 0.157839
 181.400000 0.633923 2.205886 8.276419
 181.600000 0.712515 2.042682 1.440551
 181.800000 0.737792 2.074741 0.979616
 182.000000 0.735748 2.052768 1.573895
 182.200000 0.800153 2.066304 5.598758
 182.400000 0.667671 2.070850 0.741110
 182.600000 0.729160 2.044413 1.730478
 182.800000 0.687008 2.146859 1.438088
 183.000000 0.620398 2.065322 3.443870
 183.200000 0.748606 2.126488 1.788794
 183.400000 0.686150 2.115762 0.300040
 183.600000 0.722846 2.027733 2.527311
 183.800000 0.749029 2.044873 2.521488
 184.000000 0.725911 2.092778 0.387147
 184.200000 0.699817 2.009539 3.601667
 184.400000 0.626613 2.117403 2.822148
 184.600000 0.691532 2.085609 0.060369
 184.800000 0.728513 2.046267 1.619669
 185.000000 0.745269 2.065999 1.514121
 185.200000 0.669167 2.097066 0.423055
 185.400000 0.693673 2.140733 1.083536
 185.600000 0.818597 2.092438 7.257911
 185.800000 0.767377 2.083076 2.461541
 186.000000 0.696496 2.026446 2.309909
 186.200000 0.700066 2.085810 0.038726
 186.400000 0.647282 2.137294 2.212979
 186.600000 0.640218 2.085866 1.713343
 186.800000 0.740273 2.055069 1.661197
 187.000000 0.840972 2.094908 10.201805
 187.200000 0.779734 2.081537 3.412145
 187.400000 0.611876 2.118509 4.010790
 187.600000 0.744690 2.199053 6.560481
 187.800000 0.740176 2.090755 0.890483
 188.000000 0.767899 2.091140 2.439062
 188.200000 0.698573 2.061222 0.550322
 188.400000 0.689093 2.083272 0.102709
 188.600000 0.746138 2.053629 1.983252
 188.800000 0.723348 2.051685 1.230002
 189.000000 0.641737 2.108172 1.685068
 189.200000 0.705337 1.997033 4.765663
 189.400000 0.757251 1.997597 6.432523
 189.600000 0.707901 2.153884 1.817212
 189.800000 0.720322 2.085547 0.285357
 190.000000 0.631969 2.090498 2.196327
 190.200000 0.714614 2.146899 1.514175
 190.400000 0.764653 2.093202 2.213275
 190.600000 0.678177 2.138005 1.150008
 190.800000 0.737887 2.085848 0.826757
 191.000000 0.731389 2.055258 1.318873
 191.200000 0.695413 2.075848 0.175698
 191.400000 0.734150 2.124161 1.091654
 191.600000 0.686373 2.132535 0.796459
 191.800000 0.689071 2.043211 1.350979
 192.000000 0.692770 2.030806 2.036180
 192.200000 0.768054 1.956717 11.922226
 192.400000 0.746032 1.964793 9.545607
 192.600000 0.722239 2.045103 1.505420
 192.800000 0.597261 2.021926 7.713324
 193.000000 0.697376 2.023368 2.522735
 193.200000 0.807074 2.132095 6.644887
 193.400000 0.726313 2.090187 0.405943
 193.600000 0.684371 2.062201 0.612906
 193.800000 0.715892 2.165574 2.690964
 194.000000 0.797316 2.133495 5.683156
 194.200000 0.730977 2.087296 0.564613
 194.400000 0.675601 2.111466 0.399517
 194.600000 0.689897 2.193722 4.966795
 194.800000 0.762848 2.102254 2.124954
 195.000000 0.720277 2.036271 1.934426
 195.200000 0.720708 2.052324 1.139833
 195.400000 0.692435 1.989737 5.492851
 195.600000 0.722183 2.086571 0.319853
 195.800000 0.758356 2.055108 2.585235
 196.000000 0.673718 2.002314 4.537473
 196.200000 0.708104 2.086622 0.079935
 196.400000 0.746281 2.067610 1.517871
 196.600000 0.741368 2.051063 1.873536
 196.800000 0.717665 2.113702 0.377166
 197.000000 0.738829 2.127101 1.362953
 197.200000 0.755287 2.107270 1.716250
 197.400000 0.712688 2.131049 0.777693
 197.600000 0.746409 2.127471 1.712334
 197.800000 0.693593 2.038469 1.574188
 198.000000 0.740478 2.131418 1.581957
 198.200000 0.792475 2.110900 4.586509
 198.400000 0.723339 1.988262 5.949821
 198.600000 0.686021 2.105181 0.131504
 198.800000 0.762548 2.137017 2.983042
 199.000000 0.700371 1.984813 6.006669
 199.200000 0.712421 2.029543 2.205005
 199.400000 0.700166 2.014537 3.190760
 199.600000 0.717334 2.041913 1.561545
 199.800000 0.679795 2.107054 0.248230
 200.000000 0.773224 2.081940 2.896966
