#! FIELDS time phi psi restraint.bias
#! SET min_phi -pi
#! SET max_phi pi
#! SET min_psi -pi
#! SET max_psi pi
 0.000000 -0.971663 0.872124 139.647486
 0.200000 -1.028280 0.444342 4.717677
 0.400000 -1.105533 0.419036 4.149456
 0.600000 -1.071024 0.401336 1.649934
 0.800000 -1.050942 0.345136 0.014732
 1.000000 -1.102657 0.437041 5.407646
 1.200000 -1.050222 0.417948 2.376964
 1.400000 -1.090615 0.395289 2.010832
 1.600000 -1.059975 0.344452 0.092270
 1.800000 -1.078249 0.377750 0.893486
 2.000000 -1.116539 0.370195 2.627326
 2.200000 -1.121260 0.331030 2.905293
 2.400000 -1.036342 0.352132 0.063623
 2.600000 -1.158972 0.315073 6.824531
 2.800000 -1.119212 0.252997 7.207717
 3.000000 -1.061737 0.330644 0.275368
 3.200000 -1.114208 0.342658 2.265752
 3.400000 -1.112977 0.327788 2.389857
 3.600000 -1.053597 0.315758 0.575181
 3.800000 -1.085329 0.283078 2.904219
 4.000000 -1.090251 0.309093 1.725742
 4.200000 -1.091092 0.343698 0.977768
 4.400000 -1.144113 0.297309 6.035667
 4.600000 -1.092804 0.290319 2.765519
 4.800000 -1.123433 0.341893 2.931670
 5.000000 -1.122298 0.271869 5.799751
 5.200000 -1.002556 0.327227 1.234895
 5.400000 -1.110209 0.429816 5.245505
 5.600000 -1.042914 0.348909 0.009186
 5.800000 -1.046204 0.240013 5.946800
 6.000000 -1.044154 0.390175 0.849625
 6.200000 -1.047325 0.403146 1.462350
 6.400000 -1.133327 0.327876 3.933663
 6.600000 -1.028896 0.389645 0.990820
 6.800000 -1.096890 0.409532 3.062744
 7.000000 -1.061448 0.315575 0.662343
 7.200000 -1.062685 0.444476 4.671472
 7.400000 -1.006928 0.485220 10.079768
 7.600000 -0.995899 0.446319 6.044822
 7.800000 -1.021586 0.406229 1.961797
 8.000000 -1.055374 0.357369 0.067894
 8.200000 -1.102529 0.308239 2.364215
 8.400000 -1.101159 0.384075 2.068718
 8.600000 -1.068196 0.341444 0.249517
 8.800000 -1.165129 0.416602 9.234539
 9.000000 -1.031526 0.287841 1.997017
 9.200000 -0.984942 0.342609 1.958693
 9.400000 -1.079607 0.293271 2.081747
 9.600000 -1.020537 0.392069 1.280028
 9.800000 -1.082226 0.289105 2.411132
 10.000000 -1.106163 0.280952 4.058206
 10.200000 -1.075035 0.209998 10.057413
 10.400000 -1.059499 0.306121 0.997774
 10.600000 -1.064115 0.290514 1.857257
 10.800000 -1.009068 0.323055 1.065209
 11.000000 -1.133045 0.306870 4.575133
 11.200000 -1.164583 0.252198 11.581308
 11.400000 -1.021699 0.361778 0.405897
 11.600000 -1.051029 0.354369 0.021403
 11.800000 -1.118056 0.310349 3.259971
 12.000000 -1.086855 0.340643 0.821816
 12.200000 -1.136652 0.270676 7.073524
 12.400000 -1.103487 0.308315 2.414561
 12.600000 -1.068492 0.486870 9.721789
 12.800000 -1.080213 0.368473 0.733322
 13.000000 -1.180777 0.480830 17.602641
 13.200000 -0.972982 0.394983 3.808186
 13.400000 -1.074665 0.318308 0.850244
 13.600000 -1.128755 0.432964 6.845213
 13.800000 -1.034953 0.369016 0.273961
 14.000000 -1.068709 0.340861 0.265036
 14.200000 -1.109268 0.328266 2.142664
 14.400000 -1.061668 0.362050 0.188999
 14.600000 -1.079641 0.453795 6.010430
 14.800000 -1.021297 0.337283 0.404830
 15.000000 -1.156904 0.323307 6.349476
 15.200000 -0.975291 0.307158 3.463411
 15.400000 -1.034292 0.312472 0.752828
 15.600000 -1.125356 0.379155 3.507043
 15.800000 -1.018544 0.352772 0.417384
 16.000000 -1.036201 0.338272 0.118716
 16.200000 -1.158060 0.262429 9.898160
 16.400000 -0.945153 0.299568 6.431569
 16.600000 -1.016110 0.336621 0.560662
 16.800000 -1.184408 0.324676 9.710804
 17.000000 -1.072494 0.316235 0.858894
 17.200000 -1.009864 0.295087 2.153778
 17.400000 -1.114163 0.309672 3.018129
 17.600000 -1.085207 0.317859 1.209316
 17.800000 -0.944901 0.346368 5.235983
 18.000000 -1.107458 0.316383 2.349717
 18.200000 -1.066327 0.354585 0.198189
 18.400000 -1.043197 0.303510 1.045668
 18.600000 -1.124414 0.365060 3.109116
 18.800000 -1.051976 0.382441 0.568362
 19.000000 -1.082537 0.358730 0.671125
 19.200000 -1.149673 0.357308 5.284575
 19.400000 -1.000878 0.318944 1.526397
 19.600000 -1.058716 0.368035 0.246249
 19.800000 -1.064357 0.353231 0.155900
 20.000000 -1.062951 0.386805 0.836207
 20.200000 -1.045903 0.319356 0.442169
 20.400000 -1.083938 0.440768 4.879528
 20.600000 -1.042531 0.344477 0.021417
 20.800000 -1.089252 0.393263 1.860980
 21.000000 -1.142056 0.393983 5.507868
 21.200000 -1.037476 0.393429 1.031299
 21.400000 -1.027873 0.290875 1.879805
 21.600000 -1.103907 0.387635 2.351753
 21.800000 -1.028932 0.483616 9.218723
 22.000000 -1.113911 0.440590 6.413622
 22.200000 -1.063284 0.319157 0.576663
 22.400000 -1.056896 0.386766 0.757696
 22.600000 -1.140597 0.325074 4.649542
 22.800000 -1.088589 0.363008 0.953842
 23.000000 -1.024329 0.373115 0.550680
 23.200000 -1.100982 0.330269 1.623033
 23.400000 -1.130965 0.325716 3.781094
 23.600000 -1.041057 0.269530 3.181807
 23.800000 -1.132548 0.358566 3.687506
 24.000000 -1.027326 0.412325 2.198325
 24.200000 -1.042713 0.326679 0.260643
 24.400000 -1.120980 0.246825 7.948470
 24.600000 -1.093117 0.328295 1.269999
 24.800000 -1.134584 0.382136 4.365026
 25.000000 -1.169737 0.387874 8.261021
 25.200000 -1.078266 0.415147 2.666027
 25.400000 -0.964652 0.365529 3.542414
 25.600000 -1.080657 0.403014 2.014962
 25.800000 -1.092783 0.353081 1.047088
 26.000000 -0.981069 0.370546 2.417196
 26.200000 -1.107132 0.369283 2.000406
 26.400000 -1.119925 0.326161 2.906983
 26.600000 -1.033892 0.278360 2.588210
 26.800000 -1.091786 0.307967 1.838608
 27.000000 -1.145105 0.422773 7.509332
 27.200000 -1.044200 0.365931 0.146703
 27.400000 -1.116073 0.425994 5.330871
 27.600000 -1.104056 0.358500 1.660965
 27.800000 -0.981084 0.352573 2.191679
 28.000000 -1.094314 0.419520 3.591870
 28.200000 -1.151970 0.357465 5.523889
 28.400000 -1.065115 0.344902 0.169194
 28.600000 -1.093754 0.381476 1.608949
 28.800000 -1.045751 0.329201 0.198348
 29.000000 -1.044786 0.303129 1.058000
 29.200000 -1.046080 0.437020 3.868563
 29.400000 -0.998221 0.349157 1.199361
 29.600000 -1.125034 0.330752 3.196966
 29.800000 -1.017927 0.355837 0.451302
 30.000000 -1.016177 0.304810 1.460414
 30.200000 -1.111037 0.346581 2.040802
 30.400000 -1.031974 0.371563 0.368941
 30.600000 -1.052576 0.363695 0.121470
 30.800000 -1.163022 0.400431 8.026832
 31.000000 -1.070946 0.235621 6.716818
 31.200000 -1.035632 0.331374 0.223374
 31.400000 -1.096084 0.430249 4.490308
 31.600000 -1.060494 0.326801 0.336248
 31.800000 -1.122399 0.369787 3.042349
 32.000000 -1.123995 0.383623 3.546027
 32.200000 -1.058569 0.324494 0.366535
 32.400000 -1.029982 0.430418 3.457291
 32.600000 -1.003763 0.441157 5.183712
 32.800000 -1.116334 0.388914 3.183846
 33.000000 -1.014077 0.342061 0.573015
 33.200000 -1.077989 0.347732 0.474937
 33.400000 -1.127405 0.269132 6.411341
 33.600000 -1.075996 0.313547 1.045470
 33.800000 -1.113671 0.359523 2.263999
 34.000000 -1.103439 0.382752 2.148896
 34.200000 -1.089963 0.299745 2.130747
 34.400000 -1.128275 0.395616 4.370283
 34.600000 -1.068838 0.417959 2.607258
 34.800000 -1.078725 0.457685 6.396039
 35.000000 -1.139726 0.402654 5.716660
 35.200000 -1.107463 0.325675 2.089544
 35.400000 -1.076473 0.301933 1.539291
 35.600000 -1.036677 0.452875 5.443507
 35.800000 -1.025687 0.402470 1.657329
 36.000000 -1.002383 0.353252 1.012939
 36.200000 -0.993516 0.369568 1.651056
 36.400000 -1.020193 0.243091 5.979932
 36.600000 -1.107937 0.365554 1.980567
 36.800000 -1.075482 0.356273 0.425967
 37.000000 -1.097356 0.301013 2.412483
 37.200000 -1.124142 0.401315 4.325221
 37.400000 -1.090824 0.286127 2.932293
 37.600000 -1.012051 0.273561 3.468158
 37.800000 -1.045777 0.414767 2.159329
 38.000000 -1.096314 0.316472 1.737414
 38.200000 -1.011751 0.220856 8.847150
 38.400000 -1.066929 0.351463 0.197532
 38.600000 -1.107408 0.274144 4.619259
 38.800000 -0.998428 0.292192 2.806534
 39.000000 -1.028326 0.291874 1.813544
 39.200000 -1.100465 0.417596 3.766895
 39.400000 -1.068327 0.300802 1.387943
 39.600000 -1.077268 0.361022 0.523590
 39.800000 -1.084961 0.351407 0.715789
 40.000000 -1.161377 0.363752 6.626318
 40.200000 -1.022425 0.397242 1.467296
 40.400000 -1.060354 0.290249 1.816235
 40.600000 -1.071026 0.303611 1.316953
 40.800000 -1.071382 0.468515 7.426534
 41.000000 -1.047329 0.306330 0.913179
 41.200000 -1.169160 0.273040 10.327448
 41.400000 -1.076549 0.373237 0.722868
 41.600000 -1.040797 0.349516 0.020582
 41.800000 -1.119099 0.402553 4.015323
 42.000000 -1.039962 0.426838 3.050406
 42.200000 -1.131089 0.359437 3.572643
 42.400000 -1.120331 0.333496 2.795428
 42.600000 -0.995468 0.363129 1.436842
 42.800000 -1.092525 0.397596 2.204914
 43.000000 -1.069443 0.398173 1.453168
 43.200000 -0.915409 0.339504 8.729815
 43.400000 -1.058926 0.357819 0.107081
 43.600000 -1.150786 0.334688 5.468608
 43.800000 -1.071764 0.349146 0.301760
 44.000000 -1.051902 0.386934 0.728051
 44.200000 -1.091093 0.350855 0.965024
 44.400000 -1.075920 0.323719 0.733723
 44.600000 -1.077418 0.303181 1.509349
 44.800000 -1.090150 0.320236 1.338014
 45.000000 -1.053738 0.331775 0.170872
 45.200000 -1.072465 0.350659 0.320503
 45.400000 -1.055883 0.304736 1.020303
 45.600000 -1.068127 0.320440 0.628746
 45.800000 -1.070313 0.349891 0.267509
 46.000000 -1.072770 0.402345 1.746323
 46.200000 -1.156303 0.434073 9.565122
 46.400000 -1.051786 0.406706 1.671706
 46.600000 -1.094281 0.343788 1.122343
 46.800000 -1.132764 0.338433 3.717299
 47.000000 -1.079294 0.323532 0.841053
 47.200000 -1.066447 0.402535 1.614758
 47.400000 -1.075201 0.411588 2.346618
 47.600000 -1.028605 0.414332 2.302643
 47.800000 -1.087294 0.299570 2.028778
 48.000000 -1.095628 0.367197 1.337110
 48.200000 -1.046418 0.452306 5.329602
 48.400000 -1.032820 0.335826 0.191005
 48.600000 -1.109285 0.413096 3.977380
 48.800000 -1.023441 0.344593 0.292188
 49.000000 -1.076868 0.243134 6.050933
 49.200000 -1.081817 0.329538 0.789926
 49.400000 -1.073677 0.364279 0.466304
 49.600000 -1.027911 0.288123 2.043015
 49.800000 -1.101713 0.311923 2.175747
 50.000000 -1.143579 0.315774 5.198832
 50.200000 -1.060497 0.296058 1.493332
 50.400000 -1.031824 0.321938 0.486126
 50.600000 -1.080110 0.376600 0.920672
 50.800000 -1.130225 0.337289 3.516149
 51.000000 -1.023999 0.349907 0.269436
 51.200000 -1.108255 0.409693 3.701838
 51.400000 -0.989039 0.347081 1.693150
 51.600000 -1.002493 0.425694 3.935219
 51.800000 -1.164338 0.421850 9.509704
 52.000000 -1.053277 0.300100 1.217307
 52.200000 -1.064028 0.389861 0.973763
 52.400000 -0.992776 0.426518 4.480291
 52.600000 -1.057449 0.408776 1.835216
 52.800000 -1.079155 0.366045 0.654783
 53.000000 -1.062212 0.344168 0.124710
 53.200000 -1.047837 0.373677 0.303057
 53.400000 -1.116482 0.417643 4.751617
 53.600000 -1.022488 0.373018 0.592113
 53.800000 -1.065275 0.369784 0.378023
 54.000000 -1.109370 0.344428 1.943438
 54.200000 -1.018109 0.286994 2.349556
 54.400000 -1.052095 0.264314 3.603457
 54.600000 -1.175891 0.319045 8.731618
 54.800000 -1.040254 0.269786 3.166772
 55.000000 -1.075775 0.295724 1.830974
 55.200000 -1.100155 0.279813 3.800194
 55.400000 -1.017773 0.291505 2.089526
 55.600000 -1.032349 0.288675 1.933777
 55.800000 -1.014184 0.333445 0.666974
 56.000000 -1.062419 0.299913 1.323870
 56.200000 -1.074682 0.338130 0.437494
 56.400000 -1.010590 0.328593 0.879619
 56.600000 -1.126954 0.344186 3.192442
 56.800000 -1.035527 0.325918 0.336018
 57.000000 -1.103283 0.392516 2.516777
 57.200000 -1.132942 0.433596 7.248661
 57.400000 -0.975202 0.355334 2.611310
 57.600000 -1.063029 0.363221 0.225510
 57.800000 -1.127294 0.323337 3.538685
 58.000000 -1.064786 0.393153 1.126528
 58.200000 -1.126488 0.418618 5.562264
 58.400000 -1.055871 0.389346 0.848858
 58.600000 -1.060403 0.377359 0.487452
 58.800000 -1.058478 0.416528 2.339195
 59.000000 -1.034366 0.304733 1.065028
 59.200000 -1.089269 0.372131 1.151006
 59.400000 -1.109903 0.411505 3.915288
 59.600000 -1.069222 0.347873 0.243259
 59.800000 -1.041391 0.242491 5.696000
 60.000000 -1.088918 0.376382 1.243391
 60.200000 -1.090893 0.375908 1.314867
 60.400000 -1.052987 0.314760 0.605196
 60.600000 -1.138231 0.373810 4.449689
 60.800000 -1.156828 0.340615 6.045097
 61.000000 -1.075505 0.289537 2.172500
 61.200000 -1.120888 0.288633 4.541219
 61.400000 -1.117431 0.421556 5.093771
 61.600000 -1.064278 0.322288 0.504413
 61.800000 -1.107663 0.275836 4.509333
 62.000000 -1.100619 0.355248 1.446048
 62.200000 -1.081474 0.335333 0.681720
 62.400000 -1.049576 0.384051 0.614803
 62.600000 -1.028783 0.364130 0.283007
 62.800000 -1.063352 0.286941 2.060234
 63.000000 -1.108863 0.349159 1.901339
 63.200000 -1.058413 0.324095 0.374678
 63.400000 -1.037822 0.324451 0.346895
 63.600000 -1.023643 0.342714 0.297580
 63.800000 -1.037792 0.409688 1.881759
 64.000000 -1.043570 0.335973 0.092295
 64.200000 -1.108587 0.397432 3.053986
 64.400000 -0.953336 0.431387 7.793304
 64.600000 -1.055136 0.413014 2.076192
 64.800000 -0.996295 0.294857 2.764866
 65.000000 -1.084495 0.343782 0.709513
 65.200000 -1.097448 0.339342 1.309841
 65.400000 -1.074520 0.372756 0.653869
 65.600000 -1.032997 0.358378 0.144182
 65.800000 -1.120518 0.382946 3.261863
 66.000000 -1.044009 0.353727 0.015950
 66.200000 -1.139616 0.363725 4.378012
 66.400000 -1.101213 0.361307 1.533753
 66.600000 -1.134717 0.426089 6.796062
 66.800000 -1.093999 0.388026 1.854134
 67.000000 -1.004642 0.347586 0.906589
 67.200000 -1.077893 0.301460 1.604291
 67.400000 -1.169723 0.379200 7.960265
 67.600000 -1.070237 0.408758 2.046975
 67.800000 -1.074005 0.293709 1.891523
 68.000000 -1.142338 0.367808 4.701526
 68.200000 -1.000915 0.343689 1.085512
 68.400000 -1.047360 0.308127 0.837994
 68.600000 -1.112424 0.425214 5.026521
 68.800000 -1.072135 0.366385 0.460912
 69.000000 -1.029459 0.302812 1.227026
 69.200000 -1.107357 0.375084 2.148055
 69.400000 -1.112406 0.364538 2.245745
 69.600000 -1.040149 0.373943 0.334288
 69.800000 -1.108067 0.395173 2.915451
 70.000000 -1.149647 0.371965 5.510075
 70.200000 -1.097388 0.364652 1.380991
 70.400000 -1.008404 0.315355 1.320694
 70.600000 -1.096125 0.363989 1.308314
 70.800000 -1.089360 0.324137 1.199560
 71.000000 -1.044470 0.298224 1.296158
 71.200000 -1.148842 0.359116 5.216326
 71.400000 -1.095571 0.346515 1.173263
 71.600000 -0.992947 0.363877 1.581240
 71.800000 -1.104443 0.402440 3.062927
 72.000000 -1.108551 0.317628 2.376283
 72.200000 -1.035763 0.360733 0.133430
 72.400000 -1.114607 0.390245 3.119880
 72.600000 -1.073777 0.384119 0.967605
 72.800000 -0.996564 0.394627 2.319815
 73.000000 -1.074886 0.354006 0.395523
 73.200000 -1.058745 0.273103 2.951826
 73.400000 -1.044016 0.275140 2.737569
 73.600000 -1.119052 0.343485 2.597089
 73.800000 -0.963687 0.331043 3.649420
 74.000000 -1.040544 0.367894 0.199389
 74.200000 -1.060230 0.320431 0.494919
 74.400000 -1.015571 0.286457 2.460030
 74.600000 -1.141371 0.354460 4.448889
 74.800000 -1.024392 0.364182 0.374301
 75.000000 -1.086098 0.341616 0.784373
 75.200000 -1.079761 0.208566 10.400269
 75.400000 -1.021628 0.321521 0.706261
 75.600000 -1.108200 0.385172 2.512469
 75.800000 -1.030136 0.343215 0.162664
 76.000000 -1.055344 0.331332 0.190421
 76.200000 -1.119500 0.391211 3.501941
 76.400000 -1.018320 0.301551 1.545777
 76.600000 -1.083035 0.344886 0.650906
 76.800000 -1.125444 0.425589 5.989162
 77.000000 -1.026888 0.380819 0.710349
 77.200000 -1.125313 0.356891 3.081631
 77.400000 -1.093365 0.279353 3.495620
 77.600000 -1.062677 0.369226 0.323033
 77.800000 -1.045031 0.338622 0.056879
 78.000000 -1.002383 0.299307 2.242159
 78.200000 -0.962905 0.368985 3.750999
 78.400000 -1.098070 0.353656 1.304563
 78.600000 -1.049601 0.328230 0.219958
 78.800000 -1.067873 0.337429 0.281454
 79.000000 -1.177088 0.397161 9.592314
 79.200000 -0.951826 0.369149 4.749525
 79.400000 -1.032283 0.335132 0.208296
 79.600000 -1.216941 0.411357 16.346459
 79.800000 -0.997793 0.337241 1.290302
 80.000000 -1.021012 0.407020 2.022191
 80.200000 -1.089040 0.391818 1.789256
 80.400000 -1.074239 0.322705 0.713062
 80.600000 -1.055391 0.351031 0.035493
 80.800000 -1.204198 0.473321 20.044273
 81.000000 -1.018332 0.325383 0.697046
 81.200000 -1.039221 0.447301 4.856873
 81.400000 -1.155430 0.384522 6.485707
 81.600000 -1.097722 0.250246 6.159022
 81.800000 -1.100250 0.411617 3.363622
 82.000000 -1.050559 0.419606 2.493627
 82.200000 -1.025859 0.313348 0.865532
 82.400000 -1.089981 0.446330 5.645425
 82.600000 -1.118912 0.321385 2.954585
 82.800000 -1.090949 0.314763 1.545435
 83.000000 -1.073416 0.343836 0.357394
 83.200000 -1.051396 0.307750 0.862330
 83.400000 -1.048095 0.355058 0.018358
 83.600000 -1.014341 0.339227 0.588198
 83.800000 -0.985995 0.315326 2.442049
 84.000000 -1.164085 0.340932 6.864361
 84.200000 -1.099820 0.294796 2.857218
 84.400000 -0.984518 0.329849 2.148993
 84.600000 -1.062856 0.332362 0.262106
 84.800000 -0.996996 0.324398 1.564349
 85.000000 -1.032259 0.300186 1.306212
 85.200000 -1.120044 0.300399 3.837543
 85.400000 -1.040839 0.330394 0.194539
 85.600000 -1.057392 0.356706 0.081147
 85.800000 -1.066766 0.373630 0.493164
 86.000000 -1.022049 0.346708 0.319017
 86.200000 -1.048359 0.328643 0.209226
 86.400000 -1.088972 0.401766 2.261168
 86.600000 -1.075774 0.424190 3.230110
 86.800000 -1.001774 0.349037 1.031656
 87.000000 -1.051496 0.367007 0.170189
 87.200000 -1.116922 0.335080 2.528525
 87.400000 -1.109547 0.412464 3.953404
 87.600000 -1.092572 0.340872 1.062994
 87.800000 -1.074270 0.471502 7.861729
 88.000000 -1.082242 0.403205 2.079593
 88.200000 -1.075767 0.316012 0.954382
 88.400000 -1.095970 0.422583 3.891787
 88.600000 -1.094544 0.446486 5.866157
 88.800000 -1.117782 0.386514 3.192248
 89.000000 -1.041898 0.404043 1.525302
 89.200000 -1.111352 0.468945 9.243450
 89.400000 -1.047458 0.319660 0.432372
 89.600000 -1.088740 0.405213 2.439121
 89.800000 -1.067030 0.420675 2.760624
 90.000000 -1.060776 0.324642 0.390455
 90.200000 -1.070647 0.385222 0.928566
 90.400000 -1.021308 0.308755 1.147615
 90.600000 -1.132715 0.300172 4.851910
 90.800000 -1.012665 0.283239 2.762801
 91.000000 -1.020776 0.319553 0.784563
 91.200000 -1.079275 0.354036 0.526821
 91.400000 -1.107626 0.267189 5.177708
 91.600000 -1.107986 0.209632 11.568491
 91.800000 -1.059312 0.318578 0.538151
 92.000000 -1.084846 0.336429 0.788534
 92.200000 -1.057399 0.353007 0.059807
 92.400000 -0.953921 0.332088 4.494418
 92.600000 -1.187055 0.434254 13.408497
 92.800000 -1.056685 0.270906 3.099468
 93.000000 -1.041680 0.349433 0.015290
 93.200000 -1.058824 0.420776 2.638767
 93.400000 -1.069658 0.385895 0.930433
 93.600000 -0.979541 0.288823 4.103288
 93.800000 -1.086128 0.344781 0.766984
 94.000000 -1.059854 0.387787 0.829742
 94.200000 -1.029035 0.329522 0.355920
 94.400000 -1.078747 0.386182 1.186500
 94.600000 -1.026158 0.397521 1.395315
 94.800000 -1.039107 0.330120 0.212194
 95.000000 -1.137467 0.300755 5.241304
 95.200000 -1.057913 0.292387 1.663667
 95.400000 -0.959556 0.400505 5.163458
 95.600000 -1.036305 0.283548 2.205633
 95.800000 -1.092322 0.367147 1.181597
 96.000000 -1.073798 0.328373 0.567891
 96.200000 -1.113349 0.311326 2.900134
 96.400000 -1.053912 0.377552 0.428260
 96.600000 -1.044163 0.420574 2.561305
 96.800000 -1.037920 0.374853 0.375525
 97.000000 -1.020144 0.352861 0.373155
 97.200000 -1.124170 0.362804 3.056781
 97.400000 -1.103530 0.435138 5.290842
 97.600000 -1.008401 0.370388 0.979895
 97.800000 -1.108670 0.422663 4.597761
 98.000000 -1.078148 0.353197 0.487498
 98.200000 -1.023904 0.272013 3.239879
 98.400000 -1.113409 0.267723 5.500319
 98.600000 -1.158379 0.407301 7.876306
 98.800000 -1.067979 0.387508 0.954828
 99.000000 -1.027259 0.326429 0.454990
 99.200000 -1.065222 0.339226 0.210841
 99.400000 -1.095083 0.391376 2.041564
 99.600000 -1.045025 0.284483 2.087833
 99.800000 -1.134615 0.397328 4.985506
 100.000000 -1.111112 0.377996 2.461021
 100.200000 -1.004180 0.281223 3.226604
 100.400000 -1.133232 0.361129 3.773743
 100.600000 -1.077715 0.426935 3.497440
 100.800000 -1.083857 0.394062 1.684298
 101.000000 -1.081337 0.371348 0.831021
 101.200000 -1.025251 0.316946 0.756674
 101.400000 -1.111320 0.273911 4.879994
 101.600000 -1.103722 0.297536 2.925191
 101.800000 -1.056576 0.347110 0.045892
 102.000000 -1.059884 0.336522 0.159145
 102.200000 -1.110799 0.367763 2.197371
 102.400000 -0.959867 0.308012 4.656015
 102.600000 -1.078758 0.452371 5.833955
 102.800000 -1.091250 0.399567 2.245493
 103.000000 -1.007828 0.406256 2.410373
 103.200000 -1.052443 0.379800 0.486062
 103.400000 -1.054312 0.291611 1.675830
 103.600000 -1.100021 0.357913 1.434316
 103.800000 -1.056377 0.335722 0.131163
 104.000000 -1.065559 0.385283 0.824430
 104.200000 -1.033388 0.439847 4.215952
 104.400000 -0.998723 0.367990 1.353957
 104.600000 -1.086768 0.344191 0.794809
 104.800000 -1.134171 0.376351 4.154460
 105.000000 -1.098996 0.372315 1.611821
 105.200000 -1.039656 0.367407 0.196643
 105.400000 -1.055844 0.315378 0.604809
 105.600000 -1.111050 0.264766 5.591781
 105.800000 -0.991739 0.399217 2.795381
 106.000000 -0.972830 0.304257 3.769188
 106.200000 -1.063635 0.345471 0.141554
 106.400000 -1.054703 0.377462 0.431330
 106.600000 -1.148852 0.303922 6.185746
 106.800000 -1.060757 0.278226 2.601076
 107.000000 -1.062009 0.312852 0.765418
 107.200000 -1.094138 0.315757 1.656437
 107.400000 -0.992743 0.283881 3.607205
 107.600000 -1.021916 0.348841 0.319614
 107.800000 -1.093189 0.286341 3.024851
 108.000000 -1.015253 0.270862 3.568167
 108.200000 -1.041274 0.383033 0.594428
 108.400000 -1.116482 0.371290 2.647106
 108.600000 -1.055773 0.272106 2.998155
 108.800000 -1.054094 0.462670 6.476697
 109.000000 -1.068351 0.419838 2.728125
 109.200000 -1.117915 0.431901 5.931304
 109.400000 -1.044308 0.444667 4.573962
 109.600000 -1.018111 0.360181 0.484789
 109.800000 -1.118359 0.460346 8.723634
 110.000000 -1.051143 0.378127 0.430057
 110.200000 -1.127553 0.330439 3.401943
 110.400000 -1.121222 0.470872 10.158183
 110.600000 -1.024155 0.343462 0.281178
 110.800000 -1.153857 0.475624 13.696578
 111.000000 -0.986442 0.340005 1.886691
 111.200000 -1.065731 0.363879 0.281458
 111.400000 -1.039222 0.452984 5.431287
 111.600000 -1.009602 0.377913 1.122793
 111.800000 -1.169484 0.283460 9.629072
 112.000000 -1.041012 0.342413 0.041260
 112.200000 -1.027215 0.307225 1.075002
 112.400000 -1.114024 0.350111 2.233429
 112.600000 -0.998112 0.295873 2.619461
 112.800000 -1.056042 0.327829 0.264620
 113.000000 -1.051843 0.265178 3.529374
 113.200000 -1.012728 0.325966 0.860884
 113.400000 -1.021296 0.373366 0.630677
 113.600000 -1.024729 0.363955 0.363267
 113.800000 -0.984840 0.338862 1.996275
 114.000000 -1.044761 0.245684 5.346833
 114.200000 -1.145668 0.315512 5.411114
 114.400000 -0.984052 0.320344 2.406169
 114.600000 -1.032490 0.347195 0.109899
 114.800000 -1.064914 0.373066 0.444930
 115.000000 -1.023861 0.273753 3.108328
 115.200000 -1.135024 0.350713 3.858059
 115.400000 -1.094756 0.392393 2.069518
 115.600000 -1.063797 0.393195 1.111437
 115.800000 -1.007791 0.394834 1.823812
 116.000000 -1.063270 0.374946 0.464040
 116.200000 -1.108588 0.286841 3.820364
 116.400000 -0.975337 0.348477 2.582131
 116.600000 -1.116611 0.453464 7.858628
 116.800000 -1.134786 0.401944 5.233906
 117.000000 -1.044889 0.365511 0.137893
 117.200000 -1.075413 0.443035 4.813160
 117.400000 -1.116786 0.346379 2.424903
 117.600000 -1.092918 0.410639 2.940823
 117.800000 -1.084833 0.437433 4.612608
 118.000000 -1.148027 0.413126 7.135144
 118.200000 -1.105292 0.339403 1.734140
 118.400000 -0.979730 0.337830 2.339086
 118.600000 -1.073722 0.396650 1.483906
 118.800000 -1.080869 0.398689 1.798088
 119.000000 -0.986746 0.417856 4.193230
 119.200000 -1.095095 0.306855 2.037963
 119.400000 -1.130002 0.309173 4.223952
 119.600000 -1.049978 0.320484 0.412326
 119.800000 -1.166018 0.299159 8.304501
 120.000000 -1.018676 0.331474 0.561478
 120.200000 -1.017644 0.301768 1.555259
 120.400000 -1.122359 0.354065 2.837086
 120.600000 -1.076772 0.369639 0.648966
 120.800000 -0.975437 0.401710 3.960508
 121.000000 -1.077812 0.343383 0.484767
 121.200000 -1.079353 0.266118 3.957155
 121.400000 -1.097954 0.335293 1.382958
 121.600000 -1.163672 0.322572 7.134096
 121.800000 -1.096839 0.326364 1.489803
 122.000000 -1.002226 0.413521 3.088427
 122.200000 -1.061130 0.377199 0.492794
 122.400000 -0.990146 0.330863 1.793127
 122.600000 -1.075707 0.441796 4.705840
 122.800000 -1.062865 0.385700 0.793771
 123.000000 -1.075413 0.331795 0.547205
 123.200000 -1.090365 0.403417 2.408727
 123.400000 -1.126601 0.338388 3.209444
 123.600000 -1.061256 0.363075 0.196961
 123.800000 -1.087910 0.376243 1.198068
 124.000000 -1.064646 0.326659 0.403238
 124.200000 -1.107935 0.351664 1.847894
 124.400000 -1.072160 0.420707 2.877786
 124.600000 -0.993885 0.362728 1.514447
 124.800000 -1.027679 0.276382 2.831953
 125.000000 -1.145759 0.267833 8.156527
 125.200000 -1.075853 0.337451 0.478011
 125.400000 -1.006382 0.378667 1.271048
 125.600000 -0.953647 0.332734 4.509184
 125.800000 -1.023694 0.347459 0.277497
 126.000000 -1.169586 0.353833 7.500826
 126.200000 -1.135200 0.395722 4.960619
 126.400000 -1.001163 0.372479 1.333683
 126.600000 -1.014858 0.288954 2.329607
 126.800000 -1.051764 0.351906 0.014460
 127.000000 -1.065552 0.317854 0.655537
 127.200000 -1.058060 0.327913 0.282725
 127.400000 -1.091978 0.457038 6.831583
 127.600000 -1.103950 0.391902 2.527888
 127.800000 -1.011970 0.352917 0.627890
 128.000000 -1.032353 0.343607 0.125075
 128.200000 -1.122105 0.362151 2.891198
 128.400000 -1.085878 0.388265 1.516383
 128.600000 -1.006456 0.393537 1.818783
 128.800000 -1.110183 0.376332 2.355293
 129.000000 -1.063851 0.438459 4.134251
 129.200000 -1.079071 0.445026 5.112150
 129.400000 -1.023188 0.398591 1.514588
 129.600000 -1.102503 0.394847 2.577277
 129.800000 -1.041207 0.373462 0.315541
 130.000000 -1.020356 0.386178 1.048889
 130.200000 -1.046671 0.375566 0.351260
 130.400000 -1.066766 0.478694 8.593202
 130.600000 -1.056164 0.357481 0.075598
 130.800000 -1.111852 0.205056 12.459515
 131.000000 -1.102999 0.374954 1.891994
 131.200000 -1.029555 0.366406 0.305971
 131.400000 -1.032817 0.387756 0.851873
 131.600000 -1.032310 0.411694 2.071969
 131.800000 -1.071086 0.279283 2.720111
 132.000000 -1.073998 0.280538 2.707193
 132.200000 -1.085149 0.364398 0.837707
 132.400000 -1.134984 0.345773 3.858693
 132.600000 -1.084579 0.314248 1.304835
 132.800000 -0.985206 0.346496 1.924764
 133.000000 -1.082735 0.297379 1.967234
 133.200000 -1.134677 0.364078 3.938989
 133.400000 -0.966117 0.395616 4.370489
 133.600000 -1.085533 0.387836 1.486391
 133.800000 -1.088662 0.327808 1.085584
 134.000000 -1.097524 0.422152 3.937222
 134.200000 -1.043754 0.443631 4.477173
 134.400000 -1.091778 0.472046 8.555717
 134.600000 -1.099387 0.401364 2.729422
 134.800000 -1.107240 0.294654 3.282874
 135.000000 -1.061714 0.408840 1.891838
 135.200000 -1.047500 0.408154 1.745763
 135.400000 -1.066363 0.475785 8.212539
 135.600000 -1.084150 0.400421 2.001385
 135.800000 -1.066558 0.297096 1.537852
 136.000000 -1.093754 0.329795 1.269434
 136.200000 -1.097448 0.465493 8.040160
 136.400000 -1.097699 0.339900 1.317184
 136.600000 -1.153255 0.364868 5.748978
 136.800000 -1.077490 0.292874 2.037547
 137.000000 -1.032192 0.265349 3.616870
 137.200000 -1.003944 0.361647 1.014579
 137.400000 -1.064805 0.408511 1.921910
 137.600000 -1.116099 0.258863 6.441952
 137.800000 -1.068022 0.238725 6.304359
 138.000000 -1.102240 0.246648 6.759469
 138.200000 -1.122466 0.374686 3.160867
 138.400000 -1.082574 0.386565 1.328850
 138.600000 -1.093040 0.276425 3.689085
 138.800000 -1.113924 0.278779 4.696339
 139.000000 -1.087812 0.292254 2.438579
 139.200000 -1.002031 0.354481 1.034669
 139.400000 -0.994806 0.396359 2.490745
 139.600000 -1.046023 0.375576 0.352097
 139.800000 -1.114146 0.339509 2.286712
 140.000000 -1.039734 0.301122 1.177154
 140.200000 -1.138721 0.411977 6.167176
 140.400000 -1.043804 0.320042 0.426953
 140.600000 -1.063283 0.445696 4.798031
 140.800000 -1.033293 0.371251 0.342744
 141.000000 -1.061237 0.332170 0.241287
 141.200000 -1.090803 0.373901 1.259113
 141.400000 -1.068901 0.327957 0.458299
 141.600000 -1.063136 0.332763 0.259908
 141.800000 -0.984456 0.351691 1.971704
 142.000000 -1.056663 0.326414 0.301350
 142.200000 -1.151367 0.380275 5.912677
 142.400000 -1.015402 0.353926 0.517285
 142.600000 -1.086575 0.393994 1.784533
 142.800000 -1.108600 0.418949 4.326938
 143.000000 -1.027801 0.231382 7.112870
 143.200000 -1.070380 0.347664 0.269687
 143.400000 -1.160823 0.333167 6.581716
 143.600000 -1.076161 0.341613 0.447205
 143.800000 -1.090676 0.336356 1.025946
 144.000000 -1.084506 0.319639 1.128945
 144.200000 -1.137129 0.281275 6.341583
 144.400000 -1.027832 0.347926 0.188165
 144.600000 -1.100438 0.298608 2.690267
 144.800000 -1.135562 0.339025 3.954519
 145.000000 -1.056743 0.405358 1.629935
 145.200000 -1.130206 0.371335 3.693155
 145.400000 -1.087232 0.368360 0.987510
 145.600000 -1.090923 0.372803 1.237672
 145.800000 -1.099026 0.375260 1.686139
 146.000000 -1.095544 0.425196 4.066636
 146.200000 -1.067422 0.352133 0.209221
 146.400000 -1.058801 0.316404 0.600712
 146.600000 -1.109822 0.386014 2.643463
 146.800000 -1.074147 0.363448 0.466554
 147.000000 -1.050264 0.326651 0.255903
 147.200000 -1.163424 0.452552 12.108912
 147.400000 -1.058448 0.439755 4.175579
 147.600000 -1.009590 0.384615 1.339015
 147.800000 -1.077540 0.364944 0.586399
 148.000000 -1.096021 0.366879 1.350522
 148.200000 -1.025198 0.446926 5.030310
 148.400000 -0.996609 0.319995 1.702142
 148.600000 -1.095062 0.332353 1.285154
 148.800000 -0.957510 0.286432 5.983448
 149.000000 -1.039353 0.327734 0.258293
 149.200000 -1.115486 0.301102 3.481925
 149.400000 -0.946480 0.344383 5.083025
 149.600000 -1.158249 0.376891 6.553304
 149.800000 -0.996369 0.291197 2.966174
 150.000000 -1.020290 0.351921 0.366095
 150.200000 -1.172656 0.306075 8.794086
 150.400000 -1.011517 0.293800 2.163702
 150.600000 -0.973254 0.245942 8.051070
 150.800000 -1.152163 0.260330 9.445937
 151.000000 -1.047458 0.360618 0.066757
 151.200000 -1.093063 0.249453 6.013217
 151.400000 -1.183589 0.358492 9.345745
 151.600000 -0.935031 0.387186 7.017235
 151.800000 -0.983275 0.336817 2.118088
 152.000000 -1.153369 0.376498 6.012456
 152.200000 -1.063494 0.347292 0.134364
 152.400000 -1.080398 0.358375 0.594474
 152.600000 -1.224659 0.346888 15.748567
 152.800000 -1.128836 0.407122 5.017682
 153.000000 -1.099049 0.430042 4.622826
 153.200000 -1.084871 0.294456 2.200725
 153.400000 -1.091646 0.437776 4.922600
 153.600000 -1.086114 0.442047 5.080016
 153.800000 -1.069340 0.256954 4.487418
 154.000000 -1.037622 0.448531 4.992519
 154.200000 -1.139888 0.305326 5.252348
 154.400000 -1.054400 0.294454 1.517158
 154.600000 -0.993561 0.369286 1.642873
 154.800000 -1.057395 0.383307 0.638225
 155.000000 -1.042076 0.372079 0.277916
 155.200000 -0.959340 0.341743 3.886319
 155.400000 -1.095660 0.303943 2.192361
 155.600000 -1.086568 0.349763 0.775254
 155.800000 -1.042487 0.315885 0.561576
 156.000000 -1.082389 0.356935 0.650185
 156.200000 -1.056990 0.394618 1.085427
 156.400000 -1.027818 0.309192 0.982755
 156.600000 -1.077556 0.326102 0.724470
 156.800000 -1.081534 0.291298 2.258076
 157.000000 -1.069911 0.386494 0.958402
 157.200000 -1.066277 0.339348 0.229236
 157.400000 -1.054100 0.303566 1.058949
 157.600000 -1.053444 0.351945 0.023655
 157.800000 -1.043938 0.324234 0.313620
 158.000000 -1.035693 0.310207 0.821169
 158.200000 -1.089160 0.388450 1.655981
 158.400000 -1.048425 0.378993 0.448581
 158.600000 -1.020905 0.252484 5.009698
 158.800000 -1.064230 0.300059 1.345899
 159.000000 -1.120464 0.403124 4.145145
 159.200000 -1.053578 0.406650 1.678347
 159.400000 -1.077460 0.312643 1.121202
 159.600000 -1.093704 0.360142 1.142751
 159.800000 -1.073757 0.278143 2.867770
 160.000000 -0.986831 0.319326 2.264258
 160.200000 -1.071323 0.413404 2.360716
 160.400000 -1.097075 0.347195 1.245654
 160.600000 -1.070413 0.280408 2.626412
 160.800000 -1.068362 0.320501 0.631925
 161.000000 -1.085041 0.362321 0.803921
 161.200000 -1.004013 0.386295 1.625450
 161.400000 -1.099319 0.413880 3.458801
 161.600000 -1.068587 0.285098 2.274698
 161.800000 -1.103783 0.286043 3.586893
 162.000000 -1.040986 0.371666 0.274674
 162.200000 -1.047135 0.342888 0.019085
 162.400000 -1.093893 0.352493 1.096092
 162.600000 -1.041943 0.275835 2.695203
 162.800000 -1.002374 0.308936 1.809780
 163.000000 -1.085852 0.315668 1.304803
 163.200000 -1.051189 0.330398 0.182205
 163.400000 -1.072178 0.317849 0.799245
 163.600000 -1.106053 0.326974 1.976028
 163.800000 -1.085903 0.256620 5.022202
 164.000000 -1.051232 0.258308 4.126619
 164.200000 -1.064578 0.357171 0.183887
 164.400000 -1.009576 0.371181 0.952208
 164.600000 -0.996830 0.302666 2.344915
 164.800000 -1.104920 0.358526 1.710667
 165.000000 -1.073230 0.306403 1.248924
 165.200000 -0.987354 0.251218 6.577704
 165.400000 -1.092240 0.353207 1.022985
 165.600000 -1.076807 0.369146 0.639978
 165.800000 -1.124633 0.360616 3.064802
 166.000000 -1.040184 0.419888 2.532497
 166.200000 -1.086768 0.444042 5.293113
 166.400000 -1.047833 0.465861 6.820773
 166.600000 -1.065940 0.408093 1.917721
 166.800000 -1.065869 0.352702 0.180928
 167.000000 -1.066601 0.321154 0.577791
 167.200000 -1.113467 0.367413 2.364106
 167.400000 -1.078993 0.348277 0.505783
 167.600000 -1.016200 0.338884 0.532255
 167.800000 -1.023216 0.389968 1.124033
 168.000000 -1.012921 0.295658 2.013610
 168.200000 -1.094959 0.361340 1.215902
 168.400000 -1.068664 0.369195 0.433005
 168.600000 -1.068288 0.327937 0.445604
 168.800000 -1.125802 0.382160 3.636946
 169.000000 -1.021847 0.342042 0.346004
 169.200000 -1.044081 0.309283 0.796193
 169.400000 -1.089993 0.368997 1.114354
 169.600000 -0.988601 0.344785 1.725951
 169.800000 -1.113190 0.319254 2.621915
 170.000000 -1.080748 0.322670 0.911185
 170.200000 -1.017716 0.317250 0.940680
 170.400000 -1.102863 0.344562 1.559456
 170.600000 -1.019491 0.403611 1.871407
 170.800000 -1.062981 0.310446 0.870310
 171.000000 -1.210614 0.348428 13.352655
 171.200000 -1.032013 0.421873 2.765756
 171.400000 -1.058411 0.350276 0.063600
 171.600000 -1.090638 0.350668 0.944838
 171.800000 -1.009072 0.388410 1.500759
 172.000000 -1.149000 0.273141 8.064192
 172.200000 -1.024200 0.341265 0.294882
 172.400000 -1.095471 0.343861 1.178689
 172.600000 -1.159591 0.291624 7.965926
 172.800000 -0.956545 0.342361 4.131438
 173.000000 -1.061206 0.304730 1.080965
 173.200000 -1.096631 0.353105 1.229994
 173.400000 -0.991677 0.403023 2.996976
 173.600000 -1.055472 0.374691 0.362551
 173.800000 -1.029650 0.391528 1.055462
 174.000000 -1.016181 0.361906 0.563437
 174.200000 -1.031915 0.259167 4.157672
 174.400000 -1.078564 0.349196 0.491937
 174.600000 -1.072119 0.321730 0.684174
 174.800000 -1.103973 0.345314 1.618784
 175.000000 -1.020047 0.314231 0.975314
 175.200000 -1.007676 0.397247 1.941676
 175.400000 -1.027502 0.340385 0.231628
 175.600000 -1.111123 0.377374 2.443917
 175.800000 -1.096356 0.354752 1.224423
 176.000000 -1.086770 0.321464 1.163908
 176.200000 -1.049674 0.330816 0.169588
 176.400000 -1.027899 0.299373 1.420906
 176.600000 -1.131591 0.310781 4.293953
 176.800000 -1.101377 0.309398 2.254473
 177.000000 -1.043756 0.354500 0.020688
 177.200000 -1.077135 0.380039 0.927798
 177.400000 -1.076487 0.351866 0.432847
 177.600000 -1.027640 0.320499 0.599266
 177.800000 -1.159748 0.299317 7.571301
 178.000000 -1.167284 0.391965 8.130577
 178.200000 -1.029772 0.395946 1.250699
 178.400000 -1.094380 0.334763 1.215391
 178.600000 -1.092034 0.337419 1.072971
 178.800000 -1.008393 0.362410 0.841948
 179.000000 -1.046532 0.330245 0.177339
 179.200000 -1.135417 0.377472 4.294758
 179.400000 -1.047037 0.346752 0.002690
 179.600000 -1.069206 0.376532 0.619395
 179.800000 -0.985294 0.365127 2.044998
 180.000000 -1.015426 0.349455 0.504778
 180.200000 -1.079361 0.422061 3.181432
 180.400000 -1.036075 0.348989 0.061863
 180.600000 -1.147770 0.352156 5.062203
 180.800000 -0.969661 0.375219 3.347966
 181.000000 -1.075301 0.360750 0.463177
 181.200000 -0.928296 0.347840 7.069533
 181.400000 -0.985472 0.461902 8.271008
 181.600000 -1.016542 0.394795 1.515458
 181.800000 -1.092713 0.378651 1.473470
 182.000000 -1.100327 0.377151 1.805761
 182.200000 -1.034978 0.368553 0.264541
 182.400000 -1.055603 0.356818 0.065370
 182.600000 -1.071111 0.361065 0.357911
 182.800000 -1.030096 0.337138 0.217354
 183.000000 -1.077124 0.286970 2.375727
 183.200000 -1.152115 0.338085 5.564128
 183.400000 -1.091823 0.312363 1.669286
 183.600000 -1.072619 0.312330 0.997890
 183.800000 -1.081618 0.271358 3.611657
 184.000000 -1.080758 0.322866 0.906380
 184.200000 -1.099361 0.292223 2.976066
 184.400000 -1.103125 0.222476 9.576463
 184.600000 -1.040007 0.243724 5.574257
 184.800000 -1.100352 0.262230 5.182973
 185.000000 -1.084447 0.270941 3.745527
 185.200000 -1.099137 0.305150 2.313153
 185.400000 -1.074315 0.281014 2.683194
 185.600000 -1.025379 0.281980 2.488256
 185.800000 -1.080364 0.276801 3.161124
 186.000000 -1.091137 0.352945 0.972880
 186.200000 -1.071893 0.360262 0.367608
 186.400000 -0.965646 0.331316 3.482850
 186.600000 -1.038625 0.365596 0.173368
 186.800000 -1.016142 0.293184 2.043607
 187.000000 -1.065515 0.348815 0.167794
 187.200000 -1.073738 0.313878 0.971294
 187.400000 -1.044627 0.288434 1.841418
 187.600000 -1.000963 0.387730 1.816267
 187.800000 -1.072951 0.304824 1.310277
 188.000000 -1.032038 0.414505 2.256028
 188.200000 -0.966866 0.385620 3.894676
 188.400000 -1.085996 0.389509 1.570472
 188.600000 -1.179174 0.278983 11.164716
 188.800000 -1.056947 0.377225 0.443990
 189.000000 -1.053184 0.313241 0.659643
 189.200000 -1.047777 0.317521 0.497692
 189.400000 -1.056834 0.391948 0.965877
 189.600000 -1.110883 0.236514 8.361893
 189.800000 -1.062262 0.340185 0.152908
 190.000000 -1.088810 0.375103 1.204776
 190.200000 -1.150116 0.284828 7.359311
 190.400000 -1.031849 0.410899 2.029477
 190.600000 -1.032183 0.297064 1.464828
 190.800000 -1.022937 0.295671 1.719793
 191.000000 -1.096669 0.258060 5.364698
 191.200000 -1.108263 0.322538 2.216366
 191.400000 -1.126156 0.279712 5.522223
 191.600000 -1.042537 0.308816 0.820880
 191.800000 -1.050137 0.348299 0.004615
 192.000000 -1.106035 0.280075 4.110754
 192.200000 -0.996525 0.346181 1.288000
 192.400000 -1.140726 0.336206 4.456506
 192.600000 -1.107970 0.254842 6.285680
 192.800000 -1.024820 0.285842 2.248977
 193.000000 -1.172278 0.333882 7.937825
 193.200000 -1.090506 0.357153 0.970493
 193.400000 -0.939733 0.294692 7.252551
 193.600000 -1.113665 0.382002 2.751333
 193.800000 -1.065164 0.347653 0.162402
 194.000000 -1.064812 0.336216 0.237684
 194.200000 -1.219094 0.391908 15.691988
 194.400000 -1.101972 0.356934 1.531059
 194.600000 -0.999973 0.460864 7.364493
 194.800000 -1.073094 0.415238 2.524651
 195.000000 -1.020429 0.403986 1.866380
 195.200000 -0.978101 0.402282 3.803171
 195.400000 -1.138241 0.417889 6.512707
 195.600000 -1.126551 0.433366 6.701732
 195.800000 -1.018191 0.465412 7.188876
 196.000000 -1.073782 0.443849 4.845265
 196.200000 -1.078011 0.415071 2.653076
 196.400000 -1.098490 0.410824 3.222531
 196.600000 -0.999785 0.308814 1.934078
 196.800000 -1.123841 0.415352 5.133984
 197.000000 -1.008875 0.409208 2.542850
 197.200000 -1.017617 0.331941 0.584139
 197.400000 -1.121519 0.365003 2.888810
 197.600000 -1.045191 0.307297 0.874341
 197.800000 -1.023332 0.212365 9.628289
 198.000000 -1.167591 0.327982 7.469596
 198.200000 -1.155007 0.294705 7.288949
 198.400000 -1.137793 0.290731 5.805272
 198.600000 -1.113829 0.288935 4.027723
 198.800000 -1.147306 0.290625 6.718486
 199.000000 -1.079117 0.302422 1.597245
 199.200000 -1.042506 0.274115 2.819839
 199.400000 -1.169633 0.298597 8.768782
 199.600000 -1.113916 0.410323 4.101856
 199.800000 -1.143321 0.310757 5.353648
 200.000000 -1.026156 0.326933 0.466300
