#! FIELDS time phi psi restraint.bias
#! SET min_phi -pi
#! SET max_phi pi
#! SET min_psi -pi
#! SET max_psi pi
 0.000000 1.526914 2.988055 24.073082
 0.200000 1.665263 2.971541 3.215351
 0.400000 1.750645 2.849635 6.908393
 0.600000 1.693681 2.985674 1.507022
 0.800000 1.717300 3.009481 1.292608
 1.000000 1.792231 2.994322 1.471496
 1.200000 1.646510 2.961319 4.899147
 1.400000 1.677043 2.970972 2.339172
 1.600000 1.697791 2.912982 2.592120
 1.800000 1.698925 3.018797 2.415044
 2.000000 1.699158 3.035670 3.419623
 2.200000 1.733172 2.903067 2.121455
 2.400000 1.722434 2.947838 0.446833
 2.600000 1.634499 2.971832 6.153067
 2.800000 1.663826 2.960248 3.344585
 3.000000 1.703432 2.933469 1.441835
 3.200000 1.624109 2.922054 8.359927
 3.400000 1.718346 3.024732 2.027065
 3.600000 1.712863 2.963420 0.533654
 3.800000 1.808078 3.027690 3.806726
 4.000000 1.701475 2.954075 1.045911
 4.200000 1.679325 3.028183 4.046282
 4.400000 1.715984 3.038296 2.967877
 4.600000 1.744952 2.993921 0.360826
 4.800000 1.611729 3.049249 12.302064
 5.000000 1.704591 2.968368 0.830661
 5.200000 1.730556 2.987814 0.324504
 5.400000 1.619376 3.076114 13.878620
 5.600000 1.746701 2.944868 0.247172
 5.800000 1.714211 2.981957 0.595122
 6.000000 1.643424 3.074480 10.961937
 6.200000 1.652432 3.064456 9.057977
 6.400000 1.715982 2.972094 0.443306
 6.600000 1.710542 2.973597 0.626459
 6.800000 1.634355 3.039216 8.760920
 7.000000 1.696240 3.074987 7.029023
 7.200000 1.786067 2.961347 0.846120
 7.400000 1.695924 2.927637 1.997523
 7.600000 1.760352 2.986515 0.302100
 7.800000 1.696260 3.049884 4.633819
 8.000000 1.714249 3.084628 7.394180
 8.200000 1.751384 3.002710 0.653804
 8.400000 1.735344 3.010564 0.996180
 8.600000 1.716107 2.973016 0.444720
 8.800000 1.608475 2.933321 9.933726
 9.000000 1.708449 2.982865 0.804985
 9.200000 1.717922 2.870139 5.072449
 9.400000 1.673362 2.948265 2.766272
 9.600000 1.733447 3.024217 1.704046
 9.800000 1.703600 2.979443 0.947331
 10.000000 1.632844 3.024788 7.992690
 10.200000 1.650250 2.994349 4.892417
 10.400000 1.603868 2.977835 10.063738
 10.600000 1.734469 2.891842 2.887797
 10.800000 1.721644 2.908871 1.973436
 11.000000 1.745795 2.992234 0.316986
 11.200000 1.691014 2.981131 1.574065
 11.400000 1.709251 2.914526 2.030754
 11.600000 1.757635 3.016973 1.321369
 11.800000 1.705607 3.018993 2.137455
 12.000000 1.704115 2.908681 2.553300
 12.200000 1.706677 2.946909 0.950041
 12.400000 1.695962 2.977218 1.270181
 12.600000 1.722532 2.972703 0.275779
 12.800000 1.739080 2.962535 0.029765
 13.000000 1.716834 2.944504 0.660379
 13.200000 1.668196 2.985077 3.137073
 13.400000 1.756121 2.995958 0.475795
 13.600000 1.652852 2.910779 5.859778
 13.800000 1.694446 2.909053 2.976901
 14.000000 1.768488 3.010404 1.207504
 14.200000 1.680378 2.944988 2.352945
 14.400000 1.747049 2.991235 0.293710
 14.600000 1.726465 2.989105 0.420921
 14.800000 1.673719 2.873637 6.927985
 15.000000 1.701483 2.969641 0.964570
 15.200000 1.630503 2.970066 6.597002
 15.400000 1.686531 2.889908 4.704757
 15.600000 1.707204 3.025192 2.416458
 15.800000 1.725063 2.967075 0.205370
 16.000000 1.772951 2.924341 1.293943
 16.200000 1.713528 2.980859 0.600870
 16.400000 1.652286 2.916972 5.582902
 16.600000 1.781780 2.986440 0.852120
 16.800000 1.625378 2.949787 7.343346
 17.000000 1.736033 3.021196 1.508553
 17.200000 1.735044 3.020565 1.484278
 17.400000 1.682151 2.963629 2.001613
 17.600000 1.688531 2.834435 10.407698
 17.800000 1.669345 2.918775 4.052478
 18.000000 1.686592 2.976079 1.765691
 18.200000 1.681348 2.977399 2.100257
 18.400000 1.753646 2.934810 0.554591
 18.600000 1.782382 3.027142 2.491387
 18.800000 1.830822 3.095800 11.941599
 19.000000 1.767827 3.017423 1.521283
 19.200000 1.618933 2.932130 8.598030
 19.400000 1.670582 2.906192 4.646029
 19.600000 1.676797 2.918667 3.519296
 19.800000 1.717803 3.031454 2.452181
 20.000000 1.698275 2.926028 1.948863
 20.200000 1.675658 2.980177 2.513071
 20.400000 1.725295 2.988896 0.439109
 20.600000 1.705111 3.018924 2.153679
 20.800000 1.632507 3.004167 7.052865
 21.000000 1.700674 2.931800 1.618679
 21.200000 1.700130 2.988115 1.243152
 21.400000 1.628311 3.008389 7.700705
 21.600000 1.619159 2.998480 8.453150
 21.800000 1.670216 2.962565 2.831131
 22.000000 1.712593 3.033315 2.730703
 22.200000 1.697084 3.041959 3.968707
 22.400000 1.721581 3.083249 7.031967
 22.600000 1.744498 2.925075 0.881698
 22.800000 1.749916 2.965065 0.012509
 23.000000 1.784873 2.998159 1.265406
 23.200000 1.619229 3.001430 8.541303
 23.400000 1.773057 2.972789 0.400840
 23.600000 1.722862 3.032316 2.381575
 23.800000 1.659279 3.059440 7.969446
 24.000000 1.658022 2.910432 5.414573
 24.200000 1.719087 2.906370 2.185953
 24.400000 1.703015 2.971092 0.903380
 24.600000 1.623969 2.996315 7.792055
 24.800000 1.722814 2.962881 0.262193
 25.000000 1.746414 2.868212 4.886031
 25.200000 1.761618 2.966678 0.132741
 25.400000 1.653139 2.971428 4.259087
 25.600000 1.676831 2.953510 2.437825
 25.800000 1.757012 2.950973 0.197628
 26.000000 1.701343 2.981532 1.072097
 26.200000 1.670928 2.930062 3.452199
 26.400000 1.683146 2.915975 3.238226
 26.600000 1.697949 2.946303 1.337875
 26.800000 1.639009 2.949648 5.803599
 27.000000 1.624950 2.991379 7.541312
 27.200000 1.723020 3.040813 2.968660
 27.400000 1.747212 2.922345 1.001474
 27.600000 1.766547 2.916608 1.497783
 27.800000 1.776165 2.909249 2.146445
 28.000000 1.751703 3.001912 0.627650
 28.200000 1.754642 2.909381 1.706766
 28.400000 1.609650 2.946411 9.417657
 28.600000 1.629630 3.015578 7.870133
 28.800000 1.751565 2.964978 0.021607
 29.000000 1.683263 2.952898 2.026389
 29.200000 1.644909 2.917338 6.278281
 29.400000 1.658512 3.062851 8.356675
 29.600000 1.738627 2.945971 0.244822
 29.800000 1.690139 2.966835 1.523031
 30.000000 1.704184 2.991962 1.156532
 30.200000 1.820149 3.076411 8.777872
 30.400000 1.633712 2.994621 6.609031
 30.600000 1.662471 2.962029 3.445387
 30.800000 1.754689 3.016354 1.258782
 31.000000 1.784885 3.035158 3.100982
 31.200000 1.795451 2.986610 1.447184
 31.400000 1.600405 3.026024 12.239912
 31.600000 1.790691 3.063248 5.654950
 31.800000 1.751214 2.992561 0.342484
 32.000000 1.604040 3.008821 10.853382
 32.200000 1.683900 3.052333 5.522567
 32.400000 1.736783 3.064167 4.751473
 32.600000 1.761207 2.958767 0.160442
 32.800000 1.660424 2.977544 3.659383
 33.000000 1.660467 3.024471 5.248815
 33.200000 1.599239 3.009546 11.573723
 33.400000 1.655708 3.007072 4.816480
 33.600000 1.722675 3.051371 3.810756
 33.800000 1.703216 3.027118 2.690268
 34.000000 1.730768 3.058588 4.294771
 34.200000 1.711762 2.999412 1.086718
 34.400000 1.699850 3.036829 3.468061
 34.600000 1.673514 3.042197 5.401477
 34.800000 1.736800 3.026878 1.825513
 35.000000 1.735175 2.969516 0.054568
 35.200000 1.746948 3.025410 1.703666
 35.400000 1.707425 2.993574 1.069870
 35.600000 1.663983 2.975664 3.345605
 35.800000 1.710836 3.105515 10.179874
 36.000000 1.675848 3.023537 4.008692
 36.200000 1.813775 2.912195 3.847476
 36.400000 1.692383 3.010783 2.357498
 36.600000 1.647365 3.064973 9.591925
 36.800000 1.702757 2.993262 1.249468
 37.000000 1.651701 2.958479 4.419967
 37.200000 1.679887 2.939038 2.533948
 37.400000 1.674106 2.975716 2.573847
 37.600000 1.627185 3.095602 15.240531
 37.800000 1.677119 2.980045 2.410623
 38.000000 1.732355 2.976357 0.127377
 38.200000 1.751624 2.992086 0.332961
 38.400000 1.688811 3.069339 6.827657
 38.600000 1.726418 3.069982 5.475302
 38.800000 1.776216 2.905087 2.397320
 39.000000 1.723721 2.954119 0.317201
 39.200000 1.752335 3.036208 2.415252
 39.400000 1.790612 3.043085 3.915149
 39.600000 1.679954 3.019330 3.503056
 39.800000 1.688277 2.946986 1.828954
 40.000000 1.732023 2.953121 0.185662
 40.200000 1.671999 3.027298 4.502976
 40.400000 1.658556 2.961410 3.780769
 40.600000 1.656027 2.955017 4.059946
 40.800000 1.712634 3.001699 1.134434
 41.000000 1.662723 2.962290 3.423295
 41.200000 1.684739 2.997679 2.304327
 41.400000 1.683533 2.951849 2.025064
 41.600000 1.747493 3.036725 2.428938
 41.800000 1.697936 2.948238 1.300166
 42.000000 1.727752 2.950250 0.295779
 42.200000 1.774859 2.902677 2.508546
 42.400000 1.744714 2.905607 1.888437
 42.600000 1.682101 2.915207 3.343242
 42.800000 1.659193 2.927865 4.477822
 43.000000 1.726243 2.969764 0.185792
 43.200000 1.702024 2.996816 1.380381
 43.400000 1.687662 2.951064 1.790680
 43.600000 1.719490 2.894036 3.000046
 43.800000 1.652795 2.928100 5.040223
 44.000000 1.638631 2.961120 5.709876
 44.200000 1.749398 2.992902 0.342184
 44.400000 1.714400 2.858518 6.369002
 44.600000 1.700256 2.964215 1.019842
 44.800000 1.666178 2.929682 3.830988
 45.000000 1.647963 2.944733 4.989306
 45.200000 1.712329 3.000116 1.090870
 45.400000 1.734875 2.934902 0.571701
 45.600000 1.661740 2.920291 4.587269
 45.800000 1.656585 2.903913 5.931526
 46.000000 1.738080 2.867546 4.977777
 46.200000 1.734385 2.978979 0.130922
 46.400000 1.695800 2.922568 2.216347
 46.600000 1.728008 3.000914 0.723083
 46.800000 1.582586 3.019796 14.633195
 47.000000 1.705272 3.009701 1.711447
 47.200000 1.762702 2.900252 2.382576
 47.400000 1.748819 2.912109 1.515857
 47.600000 1.672928 3.012424 3.649956
 47.800000 1.689705 2.969601 1.550272
 48.000000 1.747398 2.935126 0.512015
 48.200000 1.751839 2.986147 0.203359
 48.400000 1.615124 2.879922 12.273277
 48.600000 1.681188 2.975827 2.095464
 48.800000 1.704683 2.994525 1.203224
 49.000000 1.702904 2.962499 0.910347
 49.200000 1.623112 2.974796 7.498425
 49.400000 1.759262 2.930259 0.774202
 49.600000 1.717304 3.025446 2.097213
 49.800000 1.628011 3.038350 9.422930
 50.000000 1.703892 2.950599 0.994019
 50.200000 1.816323 2.991869 2.827784
 50.400000 1.788896 3.023803 2.558889
 50.600000 1.699524 3.039593 3.679618
 50.800000 1.688580 3.017056 2.860008
 51.000000 1.703158 3.003026 1.535967
 51.200000 1.708570 3.074285 6.424270
 51.400000 1.686303 2.982784 1.865644
 51.600000 1.668649 3.005289 3.670678
 51.800000 1.702297 3.032854 3.090314
 52.000000 1.646866 3.018857 6.188967
 52.200000 1.716667 2.941322 0.741976
 52.400000 1.621024 2.921099 8.782052
 52.600000 1.623409 3.049875 10.861381
 52.800000 1.732426 3.026880 1.872454
 53.000000 1.729473 2.911080 1.692550
 53.200000 1.692114 2.986838 1.611531
 53.400000 1.670547 3.036696 5.220780
 53.600000 1.674366 3.040372 5.205257
 53.800000 1.659521 2.996693 4.120604
 54.000000 1.751211 2.988401 0.245016
 54.200000 1.699938 2.987074 1.230480
 54.400000 1.603055 2.953280 10.215907
 54.600000 1.806799 2.928261 2.641918
 54.800000 1.754697 3.025461 1.749207
 55.000000 1.733783 2.977244 0.118519
 55.200000 1.626553 2.939429 7.435620
 55.400000 1.616114 2.988103 8.569698
 55.600000 1.663710 3.004087 4.016377
 55.800000 1.749608 2.908022 1.751901
 56.000000 1.654817 2.890182 7.051370
 56.200000 1.669806 3.028261 4.724699
 56.400000 1.697438 3.010141 2.074773
 56.600000 1.644176 2.904001 7.104161
 56.800000 1.701377 2.944810 1.213433
 57.000000 1.721925 2.999381 0.796211
 57.200000 1.712275 2.952528 0.651871
 57.400000 1.796530 2.900274 3.540937
 57.600000 1.657754 3.033930 6.070581
 57.800000 1.674482 2.908887 4.201688
 58.000000 1.730037 2.888070 3.236568
 58.200000 1.643084 3.008816 6.098845
 58.400000 1.630734 3.028255 8.438471
 58.600000 1.666083 2.967990 3.140421
 58.800000 1.790448 2.997183 1.471540
 59.000000 1.636590 2.953205 6.008082
 59.200000 1.663301 3.040320 6.047858
 59.400000 1.783805 2.909384 2.403482
 59.600000 1.700046 2.932888 1.609162
 59.800000 1.691071 2.922144 2.480718
 60.000000 1.710218 2.873211 5.020219
 60.200000 1.637083 2.971789 5.869788
 60.400000 1.641887 3.030187 7.342670
 60.600000 1.722467 2.942592 0.560668
 60.800000 1.710356 2.855156 6.872792
 61.000000 1.728620 3.006526 0.918410
 61.200000 1.667680 3.029788 4.982067
 61.400000 1.670254 2.916244 4.109219
 61.600000 1.734186 2.814164 11.750594
 61.800000 1.669900 2.957856 2.887139
 62.000000 1.732986 3.084281 6.946549
 62.200000 1.762080 3.046478 3.293919
 62.400000 1.675313 2.937666 2.883098
 62.600000 1.650014 2.943302 4.824761
 62.800000 1.681783 2.926985 2.822040
 63.000000 1.658031 2.962588 3.820496
 63.200000 1.606672 3.018169 10.918977
 63.400000 1.760841 3.012226 1.140282
 63.600000 1.794530 2.965409 1.211715
 63.800000 1.681485 2.964531 2.041267
 64.000000 1.730574 2.988150 0.331260
 64.200000 1.669712 3.037263 5.323206
 64.400000 1.704148 2.942073 1.160095
 64.600000 1.766106 2.893580 2.915494
 64.800000 1.593110 2.948259 11.762079
 65.000000 1.682758 2.985700 2.131333
 65.200000 1.720870 2.948616 0.469212
 65.400000 1.718550 3.012238 1.379080
 65.600000 1.807063 3.007065 2.705782
 65.800000 1.701167 2.968685 0.976479
 66.000000 1.664474 2.951208 3.394405
 66.200000 1.665752 2.926615 3.984151
 66.400000 1.631870 2.907286 8.223020
 66.600000 1.696490 2.906036 3.054588
 66.800000 1.641441 2.965975 5.396990
 67.000000 1.688362 3.032737 3.779351
 67.200000 1.736416 2.988402 0.267478
 67.400000 1.660069 2.923500 4.583387
 67.600000 1.702628 2.949376 1.068044
 67.800000 1.709176 2.977581 0.708867
 68.000000 1.692348 2.883485 4.895852
 68.200000 1.747783 2.991645 0.305240
 68.400000 1.663987 2.971047 3.316254
 68.600000 1.677750 2.968618 2.284723
 68.800000 1.712369 2.918171 1.738274
 69.000000 1.675123 2.986434 2.652139
 69.200000 1.611973 2.948178 9.070211
 69.400000 1.736894 2.896097 2.553464
 69.600000 1.737590 3.003034 0.677038
 69.800000 1.630627 2.996150 7.001436
 70.000000 1.769082 2.946807 0.487186
 70.200000 1.695358 2.960336 1.271165
 70.400000 1.658255 3.099939 12.619422
 70.600000 1.721076 2.944163 0.556230
 70.800000 1.706168 2.882343 4.355234
 71.000000 1.587302 3.043485 15.406758
 71.200000 1.738304 3.038958 2.609364
 71.400000 1.814504 2.984768 2.549395
 71.600000 1.710286 3.088530 7.991513
 71.800000 1.750445 3.033049 2.190359
 72.000000 1.723861 2.980009 0.314285
 72.200000 1.654876 3.017044 5.340108
 72.400000 1.647879 3.089243 12.212626
 72.600000 1.733570 3.034979 2.375642
 72.800000 1.795074 2.964600 1.240305
 73.000000 1.730619 3.052369 3.747042
 73.200000 1.618500 3.024526 9.693978
 73.400000 1.681397 3.032525 4.186550
 73.600000 1.738708 3.015910 1.215114
 73.800000 1.674436 3.054558 6.340910
 74.000000 1.728118 3.082510 6.812431
 74.200000 1.697000 2.984208 1.314881
 74.400000 1.779053 3.018912 1.912979
 74.600000 1.723353 2.967411 0.241543
 74.800000 1.696232 2.964601 1.208315
 75.000000 1.703556 3.082746 7.564209
 75.200000 1.678957 3.034594 4.483108
 75.400000 1.671488 2.987143 2.927925
 75.600000 1.645596 2.948109 5.152914
 75.800000 1.643126 3.002162 5.838790
 76.000000 1.704866 2.956766 0.871599
 76.200000 1.704140 2.929763 1.543799
 76.400000 1.730163 2.984356 0.264590
 76.600000 1.644502 3.009485 5.982975
 76.800000 1.668641 2.982108 3.053794
 77.000000 1.683469 2.923553 2.859781
 77.200000 1.748351 2.998736 0.506252
 77.400000 1.734422 3.009263 0.950061
 77.600000 1.775633 2.900053 2.704107
 77.800000 1.627431 2.944784 7.198146
 78.000000 1.707103 3.055168 4.612151
 78.200000 1.735583 2.870360 4.722924
 78.400000 1.738251 2.914892 1.385808
 78.600000 1.690068 2.976901 1.575336
 78.800000 1.673004 2.909786 4.255625
 79.000000 1.672968 2.918615 3.791537
 79.200000 1.775360 2.975474 0.486331
 79.400000 1.724166 3.033844 2.454005
 79.600000 1.844151 2.938656 5.286262
 79.800000 1.726104 2.903900 2.179391
 80.000000 1.656165 2.959163 4.006351
 80.200000 1.675225 2.890053 5.422263
 80.400000 1.700421 2.982823 1.132623
 80.600000 1.740203 3.004944 0.730765
 80.800000 1.732223 3.060505 4.451855
 81.000000 1.710001 2.955816 0.687235
 81.200000 1.733144 2.998148 0.557490
 81.400000 1.664074 2.914634 4.675466
 81.600000 1.724709 2.947642 0.401114
 81.800000 1.686745 2.956084 1.776304
 82.000000 1.690586 3.061600 5.967357
 82.200000 1.688170 3.053433 5.363727
 82.400000 1.757947 3.025628 1.794716
 82.600000 1.752726 2.925889 0.874860
 82.800000 1.630964 3.065876 11.422066
 83.000000 1.606812 2.995998 10.012293
 83.200000 1.846933 2.944703 5.411517
 83.400000 1.798030 2.949449 1.543761
 83.600000 1.643949 3.005793 5.889114
 83.800000 1.683480 3.074847 7.721739
 84.000000 1.712157 2.951141 0.676910
 84.200000 1.787342 3.003105 1.532165
 84.400000 1.723749 3.005903 0.987259
 84.600000 1.660540 2.916817 4.856750
 84.800000 1.619740 2.974285 7.912406
 85.000000 1.680576 2.961485 2.112062
 85.200000 1.731950 2.987479 0.297962
 85.400000 1.813804 3.050405 5.817641
 85.600000 1.639625 2.924438 6.495041
 85.800000 1.682890 3.058312 6.112871
 86.000000 1.673042 2.966178 2.613129
 86.200000 1.683191 3.000382 2.485771
 86.400000 1.610215 2.926646 9.944604
 86.600000 1.766612 3.000822 0.796411
 86.800000 1.759244 2.978274 0.159690
 87.000000 1.702723 2.970124 0.912337
 87.200000 1.777393 2.996345 0.942846
 87.400000 1.725835 2.979383 0.265953
 87.600000 1.721698 2.996630 0.716436
 87.800000 1.642443 3.050567 8.779559
 88.000000 1.640280 2.944493 5.772255
 88.200000 1.675932 3.005851 3.160338
 88.400000 1.749464 3.021930 1.513930
 88.600000 1.769997 3.005213 1.032067
 88.800000 1.672551 3.048467 5.961947
 89.000000 1.699883 2.939769 1.405088
 89.200000 1.715024 3.013023 1.515513
 89.400000 1.652501 3.048443 7.620165
 89.600000 1.640923 2.995239 5.847353
 89.800000 1.680449 2.951150 2.231282
 90.000000 1.652491 3.011266 5.286617
 90.200000 1.713692 3.035121 2.816647
 90.400000 1.692611 2.967280 1.389614
 90.600000 1.719722 3.064923 5.116455
 90.800000 1.664245 3.066077 8.189575
 91.000000 1.690417 3.032797 3.668399
 91.200000 1.713612 3.078221 6.681388
 91.400000 1.675339 2.973991 2.473375
 91.600000 1.769491 3.057622 4.392644
 91.800000 1.652636 3.036253 6.689885
 92.000000 1.710281 2.995894 1.029901
 92.200000 1.725493 3.068926 5.385102
 92.400000 1.621601 2.971030 7.662203
 92.600000 1.721841 3.049368 3.663172
 92.800000 1.651095 2.948807 4.606660
 93.000000 1.679194 3.030549 4.202394
 93.200000 1.718588 2.990362 0.629044
 93.400000 1.789785 2.961149 1.005623
 93.600000 1.742043 3.020014 1.407498
 93.800000 1.716067 3.068363 5.559268
 94.000000 1.708821 2.943225 0.950499
 94.200000 1.634454 2.946550 6.356942
 94.400000 1.683087 3.001020 2.513676
 94.600000 1.688384 2.956243 1.679869
 94.800000 1.650669 3.019402 5.850188
 95.000000 1.693806 3.020564 2.758648
 95.200000 1.734093 2.982376 0.180420
 95.400000 1.673853 3.005828 3.305932
 95.600000 1.758164 3.047846 3.345538
 95.800000 1.675045 2.959930 2.495332
 96.000000 1.705308 2.913074 2.258062
 96.200000 1.711958 2.990051 0.821123
 96.400000 1.701313 2.963320 0.975715
 96.600000 1.704432 2.935838 1.323708
 96.800000 1.739168 2.898845 2.345626
 97.000000 1.726353 2.945458 0.413377
 97.200000 1.722683 2.975547 0.292443
 97.400000 1.673012 2.953258 2.710158
 97.600000 1.691241 2.901702 3.598598
 97.800000 1.623666 2.872646 11.857950
 98.000000 1.637567 2.912955 7.269986
 98.200000 1.774427 3.089839 7.960766
 98.400000 1.793658 2.915386 2.502905
 98.600000 1.761347 2.822825 10.530071
 98.800000 1.662734 2.959343 3.440769
 99.000000 1.654619 3.048080 7.396360
 99.200000 1.671309 2.952921 2.839461
 99.400000 1.671748 2.855625 8.915908
 99.600000 1.631820 2.887291 9.623720
 99.800000 1.761779 2.977877 0.193798
 100.000000 1.738464 2.953347 0.117583
 100.200000 1.743462 2.884978 3.370433
 100.400000 1.732559 2.913224 1.530695
 100.600000 1.708238 3.026389 2.447887
 100.800000 1.687887 2.994515 2.026674
 101.000000 1.681286 2.911105 3.616272
 101.200000 1.652003 2.898163 6.728248
 101.400000 1.696913 2.987199 1.374880
 101.600000 1.648441 2.908612 6.401737
 101.800000 1.724080 2.939164 0.614847
 102.000000 1.678161 3.051532 5.823558
 102.200000 1.677147 2.959671 2.351739
 102.400000 1.627103 2.956745 7.041939
 102.600000 1.612244 2.993572 9.207292
 102.800000 1.608756 3.003946 10.006401
 103.000000 1.680525 2.983001 2.226873
 103.200000 1.842465 2.858910 10.565925
 103.400000 1.726864 3.067709 5.235618
 103.600000 1.722622 3.018459 1.578762
 103.800000 1.796751 2.973181 1.340846
 104.000000 1.790238 2.983242 1.139335
 104.200000 1.709972 2.996032 1.044770
 104.400000 1.716603 3.054022 4.193826
 104.600000 1.804129 2.917584 2.952625
 104.800000 1.668525 2.965648 2.950452
 105.000000 1.660315 3.011791 4.614152
 105.200000 1.627316 2.889051 10.006283
 105.400000 1.716236 2.951618 0.542425
 105.600000 1.684136 3.034214 4.127163
 105.800000 1.713264 3.045088 3.558311
 106.000000 1.690981 2.965469 1.478131
 106.200000 1.734273 2.984677 0.216300
 106.400000 1.732040 2.989381 0.337408
 106.600000 1.705330 2.956291 0.857963
 106.800000 1.652146 3.051889 7.939509
 107.000000 1.674121 3.027315 4.350615
 107.200000 1.765640 3.023744 1.812811
 107.400000 1.717496 2.964815 0.389856
 107.600000 1.803412 3.079559 8.014801
 107.800000 1.660150 3.066837 8.605504
 108.000000 1.782768 2.976116 0.741850
 108.200000 1.728095 2.963859 0.153639
 108.400000 1.574084 2.975591 14.698944
 108.600000 1.641611 2.991542 5.678416
 108.800000 1.714958 2.915524 1.789156
 109.000000 1.747244 3.004289 0.694849
 109.200000 1.688643 3.013399 2.680332
 109.400000 1.749195 2.924338 0.920025
 109.600000 1.767337 2.871947 4.765385
 109.800000 1.606358 2.959715 9.683506
 110.000000 1.632534 2.978538 6.427210
 110.200000 1.712143 2.857831 6.516111
 110.400000 1.701342 2.910811 2.549396
 110.600000 1.723528 2.946267 0.453809
 110.800000 1.809388 2.931494 2.684215
 111.000000 1.789124 2.897465 3.380689
 111.200000 1.614517 2.992052 8.868222
 111.400000 1.603792 2.894492 12.649405
 111.600000 1.666765 2.965560 3.087318
 111.800000 1.753290 2.900204 2.266533
 112.000000 1.730764 2.909359 1.770747
 112.200000 1.775695 2.864232 5.747762
 112.400000 1.772325 2.928074 1.124331
 112.600000 1.610568 2.974065 9.104856
 112.800000 1.687522 2.914130 3.071637
 113.000000 1.733101 2.936229 0.550034
 113.200000 1.630030 2.995924 7.063512
 113.400000 1.720207 2.940627 0.664921
 113.600000 1.764964 2.837998 8.521271
 113.800000 1.740776 2.991805 0.316544
 114.000000 1.694453 2.989346 1.542536
 114.200000 1.648001 2.929815 5.429992
 114.400000 1.688524 2.919715 2.734167
 114.600000 1.746314 2.933769 0.554628
 114.800000 1.724782 2.899663 2.482238
 115.000000 1.770998 2.934587 0.856693
 115.200000 1.733598 2.978230 0.131201
 115.400000 1.758155 2.917973 1.287008
 115.600000 1.605959 2.933237 10.283984
 115.800000 1.639325 2.972651 5.634045
 116.000000 1.736118 2.899507 2.324103
 116.200000 1.753442 2.864576 5.284336
 116.400000 1.671129 3.011629 3.746081
 116.600000 1.627599 3.018754 8.266403
 116.800000 1.746837 2.969987 0.005421
 117.000000 1.686773 2.851336 8.410390
 117.200000 1.681842 2.974659 2.044202
 117.400000 1.780932 3.042612 3.487880
 117.600000 1.714555 2.942376 0.778164
 117.800000 1.754330 2.954299 0.121922
 118.000000 1.757368 2.975220 0.105766
 118.200000 1.754540 2.977432 0.096209
 118.400000 1.646870 2.959573 4.875131
 118.600000 1.616575 2.944139 8.551548
 118.800000 1.723491 2.972874 0.255367
 119.000000 1.704708 2.919536 1.954325
 119.200000 1.760175 3.037603 2.598395
 119.400000 1.654705 3.015686 5.288587
 119.600000 1.658963 2.961390 3.745630
 119.800000 1.774559 2.910919 2.003096
 120.000000 1.682413 3.019427 3.350416
 120.200000 1.741915 3.071704 5.481084
 120.400000 1.740589 2.937492 0.448364
 120.600000 1.740007 3.000475 0.572463
 120.800000 1.780883 2.972054 0.644519
 121.000000 1.702870 3.000395 1.457011
 121.200000 1.701129 2.985085 1.139291
 121.400000 1.678431 3.043246 5.139863
 121.600000 1.669114 2.873149 7.313991
 121.800000 1.747055 2.940253 0.360793
 122.000000 1.694128 3.007015 2.108987
 122.200000 1.651864 3.112194 14.899871
 122.400000 1.740325 3.034950 2.317035
 122.600000 1.708843 2.853176 7.150334
 122.800000 1.698588 3.010148 2.020684
 123.000000 1.645269 3.011924 6.012464
 123.200000 1.703454 2.993436 1.224637
 123.400000 1.741123 3.011896 1.014002
 123.600000 1.651017 2.966890 4.447381
 123.800000 1.709746 2.964887 0.635461
 124.000000 1.786153 2.898150 3.207577
 124.200000 1.710594 2.960530 0.624573
 124.400000 1.722982 2.968844 0.251283
 124.600000 1.752835 2.969239 0.030543
 124.800000 1.700079 2.943975 1.290249
 125.000000 1.739765 3.009179 0.902512
 125.200000 1.693372 3.013419 2.424345
 125.400000 1.733710 2.977933 0.126618
 125.600000 1.670660 2.972647 2.803384
 125.800000 1.648287 2.915068 6.060179
 126.000000 1.657994 2.914631 5.188094
 126.200000 1.585629 2.926609 13.570273
 126.400000 1.641564 2.908491 7.098808
 126.600000 1.738672 2.933073 0.599721
 126.800000 1.723107 2.956873 0.298792
 127.000000 1.689196 3.035516 3.918600
 127.200000 1.684180 3.014468 2.993408
 127.400000 1.699746 2.984700 1.194493
 127.600000 1.718237 2.989280 0.613859
 127.800000 1.668594 3.022837 4.499726
 128.000000 1.693424 2.995468 1.750589
 128.200000 1.813244 2.947576 2.496027
 128.400000 1.689497 3.116634 12.744866
 128.600000 1.674822 2.958705 2.520510
 128.800000 1.754502 2.945050 0.284274
 129.000000 1.704616 2.956912 0.880259
 129.200000 1.697560 3.083738 7.947851
 129.400000 1.736618 2.983438 0.172062
 129.600000 1.731938 3.000388 0.645052
 129.800000 1.600030 2.955511 10.622683
 130.000000 1.717227 2.977380 0.448138
 130.200000 1.843460 2.912207 6.319242
 130.400000 1.720197 3.002575 0.946483
 130.600000 1.654704 2.978964 4.177308
 130.800000 1.700293 2.987444 1.221889
 131.000000 1.713937 3.054370 4.304252
 131.200000 1.713609 2.977995 0.562883
 131.400000 1.671146 2.926563 3.571577
 131.600000 1.785565 2.930087 1.492974
 131.800000 1.658230 3.042004 6.601409
 132.000000 1.677241 2.987574 2.528437
 132.200000 1.743567 2.893535 2.704489
 132.400000 1.720835 2.923838 1.234042
 132.600000 1.582113 3.017039 14.568722
 132.800000 1.684754 2.971808 1.845934
 133.000000 1.686567 2.905640 3.612722
 133.200000 1.756320 2.922219 1.065726
 133.400000 1.767550 2.979686 0.326599
 133.600000 1.737009 3.048243 3.329979
 133.800000 1.661406 2.990632 3.799380
 134.000000 1.720792 2.964347 0.304726
 134.200000 1.785575 2.896678 3.286632
 134.400000 1.670041 2.969941 2.838301
 134.600000 1.645962 2.965062 4.938970
 134.800000 1.722656 3.015280 1.419609
 135.000000 1.702541 2.989135 1.159075
 135.200000 1.715991 2.995507 0.834968
 135.400000 1.688706 2.890752 4.514571
 135.600000 1.741998 2.871321 4.588493
 135.800000 1.749358 2.909262 1.678432
 136.000000 1.751400 2.975635 0.055193
 136.200000 1.701262 2.879253 4.826022
 136.400000 1.628786 2.926662 7.607173
 136.600000 1.580126 3.008708 14.513290
 136.800000 1.723491 2.971058 0.246450
 137.000000 1.761032 2.908673 1.827821
 137.200000 1.771048 2.940606 0.680625
 137.400000 1.694446 2.985682 1.467964
 137.600000 1.650891 2.997227 4.914339
 137.800000 1.708695 2.882379 4.256428
 138.000000 1.680912 2.960009 2.099674
 138.200000 1.604732 2.988846 10.121069
 138.400000 1.663535 2.902895 5.403739
 138.600000 1.776580 2.959038 0.520471
 138.800000 1.697680 2.947032 1.335804
 139.000000 1.667512 2.919608 4.153549
 139.200000 1.750305 2.917426 1.244143
 139.400000 1.627090 2.946642 7.198681
 139.600000 1.648207 2.994605 5.095740
 139.800000 1.757737 2.915487 1.406841
 140.000000 1.756312 2.930321 0.735191
 140.200000 1.721214 2.932339 0.893543
 140.400000 1.793637 3.008267 2.015825
 140.600000 1.725115 2.993958 0.566070
 140.800000 1.752658 2.983468 0.161474
 141.000000 1.620935 3.022055 9.249214
 141.200000 1.702828 3.000613 1.466063
 141.400000 1.752692 2.945950 0.249925
 141.600000 1.662045 3.001578 4.063916
 141.800000 1.650601 2.968989 4.488540
 142.000000 1.828387 3.010231 4.381159
 142.200000 1.806253 3.064336 6.587164
 142.400000 1.724957 2.978982 0.278580
 142.600000 1.656081 2.931511 4.614455
 142.800000 1.680111 2.981755 2.234677
 143.000000 1.676728 3.000695 2.918736
 143.200000 1.722842 2.952924 0.352741
 143.400000 1.698508 2.944868 1.342377
 143.600000 1.731096 3.063916 4.791906
 143.800000 1.712326 3.034717 2.833358
 144.000000 1.729613 2.916767 1.388183
 144.200000 1.768323 2.923226 1.225057
 144.400000 1.655528 3.018241 5.341857
 144.600000 1.655252 2.986497 4.245853
 144.800000 1.740218 2.902890 2.071959
 145.000000 1.698229 2.958002 1.150217
 145.200000 1.711363 2.992122 0.890901
 145.400000 1.756000 2.917565 1.281808
 145.600000 1.708329 2.947312 0.879494
 145.800000 1.604651 2.909688 11.541025
 146.000000 1.686951 2.975952 1.743560
 146.200000 1.726588 2.990707 0.455215
 146.400000 1.764306 2.931317 0.818835
 146.600000 1.715179 3.052072 4.068064
 146.800000 1.788455 2.994232 1.299064
 147.000000 1.755082 2.895423 2.613449
 147.200000 1.683836 2.945070 2.132517
 147.400000 1.672320 2.917138 3.911289
 147.600000 1.711884 2.942421 0.862821
 147.800000 1.650010 3.014046 5.646721
 148.000000 1.763402 3.000344 0.717221
 148.200000 1.789037 2.920885 2.021224
 148.400000 1.647157 2.911101 6.384574
 148.600000 1.687071 2.960988 1.715449
 148.800000 1.663649 2.889594 6.336299
 149.000000 1.744294 2.880510 3.745959
 149.200000 1.566466 2.909868 17.631470
 149.400000 1.714677 2.966049 0.470294
 149.600000 1.772569 2.987878 0.587720
 149.800000 1.766634 2.918011 1.429855
 150.000000 1.694033 2.932032 1.929122
 150.200000 1.746669 2.876110 4.136830
 150.400000 1.741357 2.911030 1.577561
 150.600000 1.622175 2.987908 7.800868
 150.800000 1.729032 2.976741 0.179653
 151.000000 1.719980 2.897444 2.744495
 151.200000 1.704771 2.968112 0.823059
 151.400000 1.708009 3.036719 3.122639
 151.600000 1.748378 2.965775 0.005472
 151.800000 1.726499 2.896742 2.649569
 152.000000 1.628350 2.904961 8.770174
 152.200000 1.728729 2.976039 0.178105
 152.400000 1.760706 2.948916 0.282806
 152.600000 1.740468 2.914351 1.400899
 152.800000 1.694625 2.909902 2.918936
 153.000000 1.743242 2.932334 0.605108
 153.200000 1.690847 2.881408 5.152290
 153.400000 1.666171 2.925256 4.006816
 153.600000 1.592509 2.944983 11.920789
 153.800000 1.729634 2.879366 3.968299
 154.000000 1.799537 2.946406 1.682546
 154.200000 1.710151 2.916501 1.896870
 154.400000 1.742847 2.968443 0.004039
 154.600000 1.700703 2.859610 6.768468
 154.800000 1.633107 2.913497 7.731412
 155.000000 1.632712 2.963738 6.346852
 155.200000 1.636100 2.983343 6.098059
 155.400000 1.744048 2.949370 0.157291
 155.600000 1.770688 2.853083 6.816904
 155.800000 1.698369 2.935972 1.585833
 156.000000 1.729452 2.944068 0.390357
 156.200000 1.743297 2.909935 1.633706
 156.400000 1.742184 2.875517 4.195014
 156.600000 1.669624 2.961208 2.882755
 156.800000 1.708525 2.897882 3.070076
 157.000000 1.656435 2.881608 7.602095
 157.200000 1.610825 2.947851 9.230151
 157.400000 1.669108 2.943971 3.171367
 157.600000 1.665581 2.969019 3.181828
 157.800000 1.724854 2.949285 0.367589
 158.000000 1.730747 3.012000 1.116117
 158.200000 1.730433 2.975715 0.148412
 158.400000 1.735051 2.997374 0.512295
 158.600000 1.667734 2.944638 3.261911
 158.800000 1.639461 2.985044 5.765791
 159.000000 1.627769 2.942046 7.223034
 159.200000 1.665396 2.854967 9.477126
 159.400000 1.728338 2.945736 0.371701
 159.600000 1.639775 3.008750 6.439944
 159.800000 1.698045 2.951701 1.235862
 160.000000 1.743106 2.928508 0.745571
 160.200000 1.668162 2.937846 3.404142
 160.400000 1.694959 2.984810 1.426115
 160.600000 1.709214 2.931584 1.281410
 160.800000 1.755515 3.035847 2.417733
 161.000000 1.688427 2.954679 1.695594
 161.200000 1.695246 2.984157 1.400301
 161.400000 1.760901 3.052749 3.792529
 161.600000 1.705082 2.956626 0.864347
 161.800000 1.635138 3.083633 12.865709
 162.000000 1.721396 3.023495 1.878868
 162.200000 1.775060 3.013907 1.539264
 162.400000 1.713755 3.013645 1.583549
 162.600000 1.586000 3.007497 13.510541
 162.800000 1.715881 2.982536 0.553348
 163.000000 1.745700 2.989370 0.248944
 163.200000 1.665450 3.030965 5.232326
 163.400000 1.748074 2.906818 1.818275
 163.600000 1.779858 2.957722 0.639705
 163.800000 1.648543 3.018808 6.022697
 164.000000 1.648502 3.053582 8.430849
 164.200000 1.683193 2.978885 2.000365
 164.400000 1.726991 2.959006 0.200578
 164.600000 1.731188 3.044420 3.092294
 164.800000 1.759023 3.052318 3.728291
 165.000000 1.790810 2.966992 1.034265
 165.200000 1.699466 2.968922 1.053470
 165.400000 1.666134 2.954629 3.213169
 165.600000 1.584957 2.962037 12.872227
 165.800000 1.556834 2.910321 19.374934
 166.000000 1.607124 3.061372 13.997766
 166.200000 1.742896 2.871316 4.586395
 166.400000 1.789795 2.943282 1.271262
 166.600000 1.685418 2.939788 2.166576
 166.800000 1.679663 3.036933 4.597142
 167.000000 1.726288 2.905825 2.056164
 167.200000 1.670862 2.885288 6.115989
 167.400000 1.675807 2.961822 2.430393
 167.600000 1.713518 2.993388 0.852567
 167.800000 1.729315 2.937461 0.566278
 168.000000 1.660661 2.942073 3.896490
 168.200000 1.711476 3.044510 3.572303
 168.400000 1.705357 2.957961 0.840274
 168.600000 1.681804 2.898850 4.344018
 168.800000 1.735913 2.941181 0.379195
 169.000000 1.721985 2.937639 0.705272
 169.200000 1.805245 2.982503 1.914221
 169.400000 1.687599 2.970495 1.672278
 169.600000 1.645891 2.942399 5.248076
 169.800000 1.731374 3.012613 1.134946
 170.000000 1.670683 2.897669 5.193556
 170.200000 1.731104 2.986139 0.283192
 170.400000 1.725551 3.004666 0.902711
 170.600000 1.740971 2.996034 0.429252
 170.800000 1.763666 2.958227 0.207136
 171.000000 1.663508 2.987832 3.563090
 171.200000 1.778362 2.998446 1.038126
 171.400000 1.710272 3.004632 1.320353
 171.600000 1.691408 3.016941 2.697792
 171.800000 1.635756 3.036432 8.409339
 172.000000 1.719413 2.956432 0.392294
 172.200000 1.709314 3.014453 1.771607
 172.400000 1.617723 3.005031 8.862580
 172.600000 1.676176 3.029315 4.328959
 172.800000 1.636916 2.953445 5.969385
 173.000000 1.713456 3.036033 2.886597
 173.200000 1.733874 3.047170 3.274460
 173.400000 1.696894 3.022755 2.723993
 173.600000 1.788040 3.076346 6.883900
 173.800000 1.768811 2.984591 0.429374
 174.000000 1.636198 2.954032 6.039639
 174.200000 1.698955 2.990065 1.339908
 174.400000 1.722331 2.917000 1.517458
 174.600000 1.650607 3.033210 6.674106
 174.800000 1.676847 2.939315 2.729761
 175.000000 1.789807 3.034058 3.233524
 175.200000 1.765991 3.026769 1.996024
 175.400000 1.715468 3.021895 1.949320
 175.600000 1.729581 3.076374 6.098866
 175.800000 1.726892 2.954764 0.245557
 176.000000 1.681555 2.966582 2.033701
 176.200000 1.663302 3.010689 4.315993
 176.400000 1.640315 3.003198 6.166944
 176.600000 1.682506 3.018779 3.310807
 176.800000 1.726221 2.951531 0.303147
 177.000000 1.792792 3.084081 7.973375
 177.200000 1.645304 3.031967 7.109066
 177.400000 1.648240 3.039725 7.353304
 177.600000 1.736576 3.026173 1.785496
 177.800000 1.699288 3.021607 2.547612
 178.000000 1.630202 2.975237 6.660528
 178.200000 1.708723 2.993484 1.019142
 178.400000 1.779025 3.082467 7.227147
 178.600000 1.629818 2.995362 7.071957
 178.800000 1.709174 2.956936 0.704836
 179.000000 1.732814 3.018567 1.404833
 179.200000 1.684957 3.030195 3.815471
 179.400000 1.727687 2.959694 0.182747
 179.600000 1.670797 3.004658 3.484300
 179.800000 1.766943 2.999963 0.774905
 180.000000 1.635827 2.996228 6.420822
 180.200000 1.572653 2.984913 15.067865
 180.400000 1.788672 2.993524 1.289502
 180.600000 1.723211 2.987085 0.445098
 180.800000 1.640882 2.919913 6.566018
 181.000000 1.692590 2.986742 1.584405
 181.200000 1.650039 3.046108 7.664421
 181.400000 1.683102 2.993666 2.290081
 181.600000 1.705720 2.918235 1.976346
 181.800000 1.623837 2.962909 7.388797
 182.000000 1.739706 3.035984 2.391096
 182.200000 1.736778 2.928629 0.775018
 182.400000 1.694801 2.980128 1.361939
 182.600000 1.741890 2.985908 0.183537
 182.800000 1.664333 3.010628 4.229281
 183.000000 1.604555 2.876580 14.002042
 183.200000 1.708498 2.905599 2.566979
 183.400000 1.663379 3.044557 6.360818
 183.600000 1.665084 2.952053 3.332250
 183.800000 1.816334 2.915556 3.847185
 184.000000 1.657164 2.943555 4.162764
 184.200000 1.736233 3.032595 2.188797
 184.400000 1.722970 2.974951 0.281114
 184.600000 1.628934 2.965006 6.776030
 184.800000 1.668374 2.940411 3.316136
 185.000000 1.685757 2.833286 10.722080
 185.200000 1.683325 2.990949 2.207626
 185.400000 1.677381 2.992669 2.636420
 185.600000 1.794138 3.067875 6.273032
 185.800000 1.765369 2.946748 0.407069
 186.000000 1.629279 3.026935 8.526373
 186.200000 1.671302 3.058806 6.948687
 186.400000 1.633049 2.861068 11.920533
 186.600000 1.581992 2.970630 13.345978
 186.800000 1.701889 2.979305 1.018505
 187.000000 1.789471 3.023331 2.557484
 187.200000 1.690713 3.021466 2.971526
 187.400000 1.724466 3.060202 4.555401
 187.600000 1.773157 3.092835 8.296905
 187.800000 1.703424 3.028465 2.763305
 188.000000 1.771734 2.975471 0.383996
 188.200000 1.745191 3.005522 0.739679
 188.400000 1.670961 3.041662 5.548035
 188.600000 1.652673 2.980512 4.383102
 188.800000 1.785184 2.874846 5.045870
 189.000000 1.727951 3.092762 8.051507
 189.200000 1.608078 2.984502 9.571040
 189.400000 1.790950 2.999358 1.562213
 189.600000 1.739841 3.020912 1.465080
 189.800000 1.634956 2.976405 6.134774
 190.000000 1.634214 3.075446 12.047082
 190.200000 1.774168 2.898478 2.767583
 190.400000 1.721554 3.071986 5.787396
 190.600000 1.675823 2.989227 2.661277
 190.800000 1.701179 2.985171 1.138617
 191.000000 1.699849 3.052758 4.706322
 191.200000 1.689109 3.040944 4.309784
 191.400000 1.625105 2.981817 7.335792
 191.600000 1.754631 3.030330 2.044800
 191.800000 1.704685 3.066704 5.790524
 192.000000 1.754939 3.097799 8.592520
 192.200000 1.710726 2.931669 1.224960
 192.400000 1.748340 3.045482 3.079544
 192.600000 1.707415 3.013324 1.788960
 192.800000 1.633394 3.019829 7.657075
 193.000000 1.796296 2.948760 1.466258
 193.200000 1.744125 2.970279 0.005907
 193.400000 1.662475 3.044696 6.446044
 193.600000 1.683022 2.950685 2.075160
 193.800000 1.732017 2.936052 0.569357
 194.000000 1.756960 3.125195 12.571098
 194.200000 1.636671 2.961930 5.916451
 194.400000 1.733116 2.986757 0.268569
 194.600000 1.710781 2.990234 0.865321
 194.800000 1.645532 3.026696 6.758013
 195.000000 1.695159 2.951867 1.373928
 195.200000 1.701522 2.953367 1.053296
 195.400000 1.686801 3.044031 4.675058
 195.600000 1.666632 2.884545 6.501035
 195.800000 1.687727 2.933314 2.228395
 196.000000 1.729827 3.051750 3.706411
 196.200000 1.742217 2.979215 0.078716
 196.400000 1.725272 2.950742 0.334276
 196.600000 1.722730 2.932810 0.841889
 196.800000 1.672296 3.008174 3.512089
 197.000000 1.682996 2.970334 1.948104
 197.200000 1.684942 2.988332 2.049536
 197.400000 1.684739 2.965879 1.836262
 197.600000 1.748454 3.007183 0.809834
 197.800000 1.714225 2.982960 0.610141
 198.000000 1.656361 3.008365 4.810747
 198.200000 1.802057 2.943409 1.888720
 198.400000 1.728130 2.935273 0.653112
 198.600000 1.680444 2.977010 2.154550
 198.800000 1.726755 2.984621 0.326708
 199.000000 1.704393 2.992570 1.163303
 199.200000 1.815551 2.962963 2.473968
 199.400000 1.767905 2.962820 0.263818
 199.600000 1.657237 2.934613 4.406501
 199.800000 1.673072 2.994332 2.982422
 200.000000 1.717097 2.954428 0.478300
