#! FIELDS time phi psi restraint.bias
#! SET min_phi -pi
#! SET max_phi pi
#! SET min_psi -pi
#! SET max_psi pi
 0.000000 -1.101473 -0.034259 81.928907
 0.200000 -0.666204 -0.019387 0.697605
 0.400000 -0.805643 0.070686 8.277600
 0.600000 -0.644876 -0.055232 2.943332
 0.800000 -0.709002 0.004521 0.069301
 1.000000 -0.700649 0.065033 2.117821
 1.200000 -0.744216 -0.007710 1.091623
 1.400000 -0.718578 0.053890 1.661080
 1.600000 -0.828305 -0.072831 11.124697
 1.800000 -0.798361 0.017848 5.182205
 2.000000 -0.696145 0.084782 3.595985
 2.200000 -0.579455 0.026039 7.381145
 2.400000 -0.760856 0.032243 2.486968
 2.600000 -0.769499 0.021712 2.782322
 2.800000 -0.795026 0.100031 9.697357
 3.000000 -0.755117 0.035661 2.259533
 3.200000 -0.695407 -0.022736 0.262180
 3.400000 -0.725469 0.033947 0.949865
 3.600000 -0.684520 -0.042072 0.977660
 3.800000 -0.770851 0.010093 2.695004
 4.000000 -0.705548 0.016774 0.168182
 4.200000 -0.745389 -0.009164 1.158616
 4.400000 -0.795542 -0.022625 5.000283
 4.600000 -0.666461 0.022851 0.762577
 4.800000 -0.734723 0.102192 5.891115
 5.000000 -0.661849 -0.066322 2.857497
 5.200000 -0.738845 0.043791 1.787631
 5.400000 -0.767583 0.069531 4.829002
 5.600000 -0.773985 0.034439 3.469869
 5.800000 -0.737156 -0.002915 0.765701
 6.000000 -0.730017 -0.035184 1.127276
 6.200000 -0.762289 0.038374 2.794388
 6.400000 -0.662849 -0.007824 0.653022
 6.600000 -0.860617 0.076878 16.155790
 6.800000 -0.703372 0.003968 0.021602
 7.000000 -0.823835 0.009806 7.948743
 7.200000 -0.700400 -0.035636 0.637551
 7.400000 -0.687410 0.105996 5.675086
 7.600000 -0.686607 0.003525 0.072616
 7.800000 -0.637686 0.009906 1.875917
 8.000000 -0.816774 -0.017527 7.191565
 8.200000 -0.784407 -0.031454 4.216428
 8.400000 -0.745402 0.054567 2.606017
 8.600000 -0.733226 0.054681 2.110839
 8.800000 -0.751664 -0.023881 1.717985
 9.000000 -0.748685 -0.023845 1.562089
 9.200000 -0.595141 -0.005813 5.320455
 9.400000 -0.816839 0.082095 10.415498
 9.600000 -0.770462 -0.070287 5.085953
 9.800000 -0.684762 0.066710 2.314489
 10.000000 -0.798907 0.015673 5.200686
 10.200000 -0.687911 0.077699 3.070822
 10.400000 -0.626933 0.123414 10.150168
 10.600000 -0.740025 -0.018843 1.055043
 10.800000 -0.748300 0.068601 3.611470
 11.000000 -0.675201 0.009189 0.305131
 11.200000 -0.734816 0.047973 1.823603
 11.400000 -0.707249 0.052952 1.443504
 11.600000 -0.756789 -0.062359 3.664651
 11.800000 -0.712918 -0.049671 1.342922
 12.000000 -0.775704 0.037727 3.720402
 12.200000 -0.687470 0.044458 1.045076
 12.400000 -0.735796 -0.021967 0.950592
 12.600000 -0.781795 0.001796 3.501421
 12.800000 -0.707542 0.045128 1.062532
 13.000000 -0.723376 0.038773 1.070321
 13.200000 -0.634686 -0.075865 4.890445
 13.400000 -0.810097 0.040645 7.094167
 13.600000 -0.682818 -0.123850 7.786657
 13.800000 -0.807225 0.021434 6.180351
 14.000000 -0.722512 -0.047722 1.435883
 14.200000 -0.715641 0.009325 0.196765
 14.400000 -0.809020 -0.087073 9.938922
 14.600000 -0.640817 -0.070278 4.111929
 14.800000 -0.841918 0.041868 11.213703
 15.000000 -0.693263 -0.141037 9.957560
 15.200000 -0.772511 0.043335 3.705120
 15.400000 -0.699589 -0.107550 5.784548
 15.600000 -0.782848 -0.013220 3.675792
 15.800000 -0.733152 -0.012793 0.695043
 16.000000 -0.784434 -0.065619 5.876940
 16.200000 -0.689588 -0.059791 1.823957
 16.400000 -0.729118 -0.018591 0.652885
 16.600000 -0.769820 -0.038749 3.320312
 16.800000 -0.692622 0.003713 0.022067
 17.000000 -0.822298 -0.002998 7.713082
 17.200000 -0.738793 -0.069289 3.227168
 17.400000 -0.793051 0.043467 5.449545
 17.600000 -0.758218 -0.064935 3.913480
 17.800000 -0.703970 0.004760 0.028375
 18.000000 -0.751320 0.008507 1.450669
 18.200000 -0.699121 -0.046091 1.062681
 18.400000 -0.784791 0.030794 4.229060
 18.600000 -0.705445 -0.034706 0.628983
 18.800000 -0.756358 -0.027064 2.061392
 19.000000 -0.644455 0.043881 2.403362
 19.200000 -0.697746 0.000025 0.000075
 19.400000 -0.778880 -0.080463 6.497262
 19.600000 -0.707429 0.061328 1.923762
 19.800000 -0.705951 0.002937 0.034882
 20.000000 -0.726896 -0.011618 0.481192
 20.200000 -0.711551 -0.023077 0.356298
 20.400000 -0.710067 -0.056709 1.679173
 20.600000 -0.767303 0.027377 2.767079
 20.800000 -0.689290 0.035820 0.680643
 21.000000 -0.793085 -0.053855 5.958237
 21.200000 -0.793793 -0.025977 4.912980
 21.400000 -0.775786 0.081268 6.317337
 21.600000 -0.657450 0.080385 4.058353
 21.800000 -0.737251 0.021633 0.999148
 22.000000 -0.778606 0.044991 4.250100
 22.200000 -0.632361 0.006226 2.182298
 22.400000 -0.704697 0.060884 1.875009
 22.600000 -0.728260 0.015396 0.572358
 22.800000 -0.724428 -0.045569 1.384034
 23.000000 -0.758063 0.038105 2.521834
 23.200000 -0.671672 0.014563 0.456105
 23.400000 -0.710160 0.032514 0.600903
 23.600000 -0.795750 -0.032987 5.308728
 23.800000 -0.685040 -0.003768 0.092788
 24.000000 -0.766082 -0.014858 2.419017
 24.200000 -0.745410 -0.030772 1.591065
 24.400000 -0.831739 0.028465 9.330583
 24.600000 -0.700962 -0.047564 1.135176
 24.800000 -0.757894 -0.016897 1.928546
 25.000000 -0.757725 -0.024018 2.064116
 25.200000 -0.727344 -0.023439 0.701371
 25.400000 -0.759203 0.007637 1.893990
 25.600000 -0.715328 0.005609 0.163591
 25.800000 -0.721460 0.066475 2.481566
 26.000000 -0.707954 -0.009917 0.097411
 26.200000 -0.741818 0.025608 1.282126
 26.400000 -0.674299 0.005641 0.299896
 26.600000 -0.798750 0.004228 5.071002
 26.800000 -0.717601 -0.035070 0.804469
 27.000000 -0.729166 0.021226 0.706840
 27.200000 -0.684471 -0.031021 0.574451
 27.400000 -0.794786 0.023984 4.958643
 27.600000 -0.709601 -0.040846 0.899980
 27.800000 -0.648165 0.050629 2.529968
 28.000000 -0.740595 0.048679 2.086393
 28.200000 -0.663170 -0.027090 0.978113
 28.400000 -0.780134 0.107069 9.094046
 28.600000 -0.726959 0.010150 0.467026
 28.800000 -0.691394 0.038653 0.769707
 29.000000 -0.768858 0.070064 4.955571
 29.200000 -0.742399 0.064679 3.071488
 29.400000 -0.694534 -0.003399 0.012246
 29.600000 -0.770041 -0.022951 2.848831
 29.800000 -0.725954 0.039519 1.167915
 30.000000 -0.730812 -0.012565 0.612945
 30.200000 -0.807692 0.017706 6.158510
 30.400000 -0.721767 -0.041748 1.150746
 30.600000 -0.682011 0.011474 0.195772
 30.800000 -0.649625 0.001929 1.178308
 31.000000 -0.744598 0.060987 2.939288
 31.200000 -0.718835 -0.007997 0.246284
 31.400000 -0.814201 0.029308 7.165478
 31.600000 -0.720878 0.013606 0.351270
 31.800000 -0.704123 -0.062547 1.973978
 32.000000 -0.731757 0.006037 0.583540
 32.200000 -0.733302 -0.063567 2.638836
 32.400000 -0.691495 -0.064418 2.096859
 32.600000 -0.790134 -0.009026 4.272986
 32.800000 -0.722527 -0.020785 0.513561
 33.000000 -0.701805 0.017149 0.153790
 33.200000 -0.734432 -0.041715 1.528924
 33.400000 -0.770226 0.049245 3.811291
 33.600000 -0.723069 0.025127 0.626632
 33.800000 -0.787139 0.005115 3.974192
 34.000000 -0.698664 -0.031567 0.498375
 34.200000 -0.721793 0.021127 0.503102
 34.400000 -0.661131 -0.016853 0.826540
 34.600000 -0.699331 0.051772 1.340907
 34.800000 -0.816757 -0.063449 9.048891
 35.000000 -0.724888 -0.037478 1.060248
 35.200000 -0.729649 0.013079 0.582206
 35.400000 -0.765925 -0.009501 2.343072
 35.600000 -0.778933 0.004522 3.274651
 35.800000 -0.695780 0.001823 0.004427
 36.000000 -0.746343 0.026328 1.508762
 36.200000 -0.713017 0.012496 0.188861
 36.400000 -0.788019 0.103027 9.347124
 36.600000 -0.746238 -0.078604 4.246404
 36.800000 -0.740343 0.097727 5.666189
 37.000000 -0.678398 -0.018456 0.365005
 37.200000 -0.778616 -0.011833 3.308866
 37.400000 -0.775000 0.068426 5.295406
 37.600000 -0.709894 -0.053727 1.512479
 37.800000 -0.754089 0.029314 1.995260
 38.000000 -0.629558 -0.021610 2.584631
 38.200000 -0.783581 0.115168 10.282637
 38.400000 -0.736706 -0.048397 1.915118
 38.600000 -0.687338 0.003287 0.063653
 38.800000 -0.748510 0.045700 2.313199
 39.000000 -0.721685 -0.033076 0.824371
 39.200000 -0.764164 0.085041 5.796076
 39.400000 -0.670054 -0.021512 0.625576
 39.600000 -0.756237 -0.060074 3.492579
 39.800000 -0.817018 0.088823 11.011698
 40.000000 -0.690494 -0.031315 0.519495
 40.200000 -0.890348 0.073232 21.155127
 40.400000 -0.614523 0.011579 3.562248
 40.600000 -0.739542 0.113177 7.261865
 40.800000 -0.705212 -0.056415 1.616385
 41.000000 -0.703461 0.047741 1.153816
 41.200000 -0.761857 0.038436 2.769133
 41.400000 -0.678691 -0.067428 2.462206
 41.600000 -0.808033 0.098569 10.897079
 41.800000 -0.627898 -0.054187 3.934450
 42.000000 -0.822403 0.048673 8.906143
 42.200000 -0.638241 0.002590 1.796780
 42.400000 -0.793941 -0.048191 5.750880
 42.600000 -0.770503 -0.010167 2.670464
 42.800000 -0.689514 0.025136 0.353038
 43.000000 -0.725157 0.033677 0.932261
 43.200000 -0.741305 -0.062205 2.866731
 43.400000 -0.704623 0.038185 0.750120
 43.600000 -0.739916 0.014943 0.984607
 43.800000 -0.676288 -0.012765 0.320042
 44.000000 -0.787397 0.056025 5.553615
 44.200000 -0.724873 -0.055300 1.886593
 44.400000 -0.724381 -0.040709 1.173141
 44.600000 -0.783042 0.003365 3.610553
 44.800000 -0.753817 -0.053011 2.955484
 45.000000 -0.836240 -0.053173 10.950595
 45.200000 -0.665065 -0.066330 2.746496
 45.400000 -0.739361 -0.031093 1.333299
 45.600000 -0.727685 -0.073645 3.148529
 45.800000 -0.741345 -0.010518 0.989028
 46.000000 -0.744074 0.022242 1.302698
 46.200000 -0.702892 0.019085 0.193448
 46.400000 -0.708198 -0.000455 0.050766
 46.600000 -0.753695 0.011508 1.609841
 46.800000 -0.710584 0.006448 0.098319
 47.000000 -0.714158 -0.009735 0.175807
 47.200000 -0.711380 -0.079851 3.275816
 47.400000 -0.778536 -0.005059 3.245246
 47.600000 -0.737058 -0.027628 1.139286
 47.800000 -0.778471 0.004852 3.238935
 48.000000 -0.756537 -0.065362 3.841668
 48.200000 -0.723976 -0.044786 1.336881
 48.400000 -0.720580 -0.018463 0.422395
 48.600000 -0.683659 -0.069721 2.535232
 48.800000 -0.739181 -0.009266 0.885458
 49.000000 -0.696533 -0.061457 1.889738
 49.200000 -0.705126 -0.041395 0.881242
 49.400000 -0.767942 -0.007399 2.464109
 49.600000 -0.732277 0.006891 0.606699
 49.800000 -0.762681 0.006267 2.102958
 50.000000 -0.727119 0.019121 0.602938
 50.200000 -0.738753 0.002735 0.828770
 50.400000 -0.756391 0.028124 2.092565
 50.600000 -0.759388 0.006582 1.897814
 50.800000 -0.725663 0.045813 1.428394
 51.000000 -0.743329 -0.001990 1.023395
 51.200000 -0.684313 0.009495 0.140552
 51.400000 -0.678950 0.025651 0.512961
 51.600000 -0.779950 0.014652 3.454479
 51.800000 -0.702163 0.010756 0.065973
 52.000000 -0.807671 -0.000483 5.999584
 52.200000 -0.844447 0.015133 10.818515
 52.400000 -0.684309 0.015644 0.217901
 52.600000 -0.737353 -0.000632 0.769339
 52.800000 -0.705931 0.006039 0.048648
 53.000000 -0.675719 0.018979 0.431271
 53.200000 -0.799339 -0.023923 5.407616
 53.400000 -0.710713 0.023582 0.357190
 53.600000 -0.799581 0.039813 5.938516
 53.800000 -0.776320 -0.002182 3.059060
 54.000000 -0.670193 0.041180 1.238164
 54.200000 -0.720462 -0.032326 0.771807
 54.400000 -0.729068 0.002591 0.481892
 54.600000 -0.780436 0.028653 3.797497
 54.800000 -0.765944 -0.015924 2.426010
 55.000000 -0.774084 0.033237 3.436702
 55.200000 -0.725512 0.063609 2.397900
 55.400000 -0.727314 0.022819 0.686155
 55.600000 -0.645634 -0.039529 2.159308
 55.800000 -0.708090 0.038167 0.777961
 56.000000 -0.736019 -0.014202 0.818562
 56.200000 -0.733498 -0.005956 0.643120
 56.400000 -0.790095 0.014340 4.331405
 56.600000 -0.675256 -0.028321 0.662679
 56.800000 -0.798926 0.001063 5.080350
 57.000000 -0.658178 -0.008220 0.831915
 57.200000 -0.742038 -0.000214 0.963920
 57.400000 -0.720853 -0.038902 1.014816
 57.600000 -0.796762 0.034484 5.458546
 57.800000 -0.782868 0.015753 3.714159
 58.000000 -0.718325 0.028104 0.598807
 58.200000 -0.599401 0.010798 4.932147
 58.400000 -0.795347 -0.064293 6.792257
 58.600000 -0.681937 0.000218 0.131163
 58.800000 -0.698722 0.035866 0.643370
 59.000000 -0.879016 -0.129480 24.742077
 59.200000 -0.684942 -0.029150 0.511841
 59.400000 -0.735492 -0.081271 4.000332
 59.600000 -0.735397 -0.008740 0.732559
 59.800000 -0.717059 0.010318 0.232346
 60.000000 -0.713603 -0.037806 0.834305
 60.200000 -0.656561 -0.036057 1.514117
 60.400000 -0.744735 0.016253 1.218024
 60.600000 -0.774354 0.002583 2.908250
 60.800000 -0.731063 0.046504 1.623532
 61.000000 -0.633419 -0.063356 4.100880
 61.200000 -0.857113 -0.051876 13.983126
 61.400000 -0.699036 0.027831 0.387687
 61.600000 -0.760042 -0.050690 3.201145
 61.800000 -0.811995 -0.004351 6.491852
 62.000000 -0.736474 -0.067091 2.985665
 62.200000 -0.797367 -0.004690 4.934805
 62.400000 -0.666737 -0.042214 1.383826
 62.600000 -0.691122 0.036140 0.677610
 62.800000 -0.779122 -0.050828 4.571449
 63.000000 -0.698736 -0.039431 0.777587
 63.200000 -0.756008 -0.007391 1.702124
 63.400000 -0.783580 -0.037009 4.335527
 63.600000 -0.757609 -0.036654 2.440543
 63.800000 -0.733630 -0.019161 0.813620
 64.000000 -0.736538 -0.055329 2.268180
 64.200000 -0.825504 -0.018969 8.291757
 64.400000 -0.721635 -0.007238 0.302386
 64.600000 -0.757741 -0.016161 1.907196
 64.800000 -0.774775 -0.013716 3.031128
 65.000000 -0.730799 0.003226 0.538767
 65.200000 -0.738593 -0.026213 1.162130
 65.400000 -0.725122 0.012846 0.446746
 65.600000 -0.685290 -0.099432 5.025781
 65.800000 -0.755367 -0.012096 1.711082
 66.000000 -0.674166 -0.077325 3.276740
 66.200000 -0.809559 0.013821 6.303496
 66.400000 -0.696749 -0.078041 3.046132
 66.600000 -0.775466 -0.022942 3.253475
 66.800000 -0.761624 -0.047060 3.123000
 67.000000 -0.746897 -0.034177 1.773058
 67.200000 -0.796244 -0.027354 5.187182
 67.400000 -0.731576 -0.048353 1.728302
 67.600000 -0.731506 -0.069553 2.975713
 67.800000 -0.785650 -0.045858 4.881187
 68.000000 -0.765509 -0.026059 2.609424
 68.200000 -0.677160 -0.058343 1.921851
 68.400000 -0.815339 0.048065 8.023870
 68.600000 -0.795176 -0.100701 9.779161
 68.800000 -0.817567 0.046530 8.214865
 69.000000 -0.681180 -0.035994 0.791470
 69.200000 -0.801076 0.019765 5.494109
 69.400000 -0.696198 -0.024199 0.294669
 69.600000 -0.728516 -0.024498 0.761693
 69.800000 -0.823249 -0.071734 10.399963
 70.000000 -0.706578 -0.022769 0.294884
 70.200000 -0.710191 -0.101578 5.231747
 70.400000 -0.804072 -0.006264 5.631320
 70.600000 -0.707754 -0.042098 0.932409
 70.800000 -0.784404 -0.054894 5.228117
 71.000000 -0.771673 -0.048560 3.883225
 71.200000 -0.770231 0.029776 3.042459
 71.400000 -0.725894 -0.022616 0.641096
 71.600000 -0.639862 -0.097806 6.480698
 71.800000 -0.777728 0.010660 3.224593
 72.000000 -0.733126 -0.077945 3.649990
 72.200000 -0.751822 -0.017671 1.597484
 72.400000 -0.790489 -0.069355 6.669943
 72.600000 -0.767855 -0.072551 5.062485
 72.800000 -0.782988 -0.104238 9.033157
 73.000000 -0.743215 0.023831 1.300215
 73.200000 -0.721489 -0.039915 1.069413
 73.400000 -0.796021 -0.017533 4.944819
 73.600000 -0.746621 -0.022942 1.438791
 73.800000 -0.796692 -0.022075 5.100697
 74.000000 -0.729622 0.012633 0.575612
 74.200000 -0.697513 -0.028892 0.417557
 74.400000 -0.821011 -0.013376 7.639178
 74.600000 -0.696045 -0.093761 4.397743
 74.800000 -0.824418 -0.008622 8.011265
 75.000000 -0.689369 -0.097616 4.802802
 75.200000 -0.761686 0.003877 2.027081
 75.400000 -0.697740 -0.094012 4.419196
 75.600000 -0.805025 0.042332 6.609078
 75.800000 -0.683430 -0.028168 0.504799
 76.000000 -0.767616 0.026165 2.756356
 76.200000 -0.690863 -0.074564 2.806333
 76.400000 -0.839486 -0.032992 10.534819
 76.600000 -0.770623 0.007881 2.658570
 76.800000 -0.802524 0.035253 6.070288
 77.000000 -0.752565 0.016652 1.620140
 77.200000 -0.754244 -0.033460 2.134042
 77.400000 -0.703023 -0.002637 0.015438
 77.600000 -0.758448 0.045564 2.857070
 77.800000 -0.857751 0.018720 12.914306
 78.000000 -0.660135 -0.047351 1.842944
 78.200000 -0.773561 -0.013067 2.930181
 78.400000 -0.732073 -0.010524 0.631374
 78.600000 -0.726568 -0.032786 0.941796
 78.800000 -0.771781 -0.031554 3.209914
 79.000000 -0.780681 -0.091869 7.627177
 79.200000 -0.688396 -0.010129 0.098692
 79.400000 -0.759152 0.012753 1.943075
 79.600000 -0.734749 -0.015855 0.796097
 79.800000 -0.774211 -0.105902 8.501656
 80.000000 -0.758027 -0.040083 2.597037
 80.200000 -0.694628 -0.069337 2.409916
 80.400000 -0.887605 0.073516 20.652426
 80.600000 -0.733550 -0.117941 7.582307
 80.800000 -0.852648 -0.004441 11.947503
 81.000000 -0.745429 -0.092632 5.408875
 81.200000 -0.697914 -0.024981 0.312046
 81.400000 -0.666762 0.025854 0.826255
 81.600000 -0.810140 -0.056298 7.857705
 81.800000 -0.788607 -0.052231 5.456953
 82.000000 -0.698374 -0.011637 0.067735
 82.200000 -0.779644 0.047545 4.452434
 82.400000 -0.723146 -0.094281 4.757353
 82.600000 -0.761561 0.062800 3.983587
 82.800000 -0.745928 -0.043947 2.107929
 83.000000 -0.703973 0.086757 3.780450
 83.200000 -0.692367 0.026098 0.357162
 83.400000 -0.718411 -0.031349 0.697007
 83.600000 -0.807625 -0.018074 6.157754
 83.800000 -0.647882 -0.042112 2.149260
 84.000000 -0.748059 0.053258 2.664553
 84.200000 -0.814986 -0.058743 8.552873
 84.400000 -0.715554 -0.000437 0.151857
 84.600000 -0.642357 0.011008 1.616017
 84.800000 -0.778052 0.043624 4.145182
 85.000000 -0.726140 0.004113 0.400684
 85.200000 -0.737382 0.059062 2.514490
 85.400000 -0.676089 0.014308 0.345312
 85.600000 -0.766983 -0.001013 2.370765
 85.800000 -0.732479 0.093820 4.990994
 86.000000 -0.675894 0.070406 2.725739
 86.200000 -0.827076 0.036542 8.980956
 86.400000 -0.672840 -0.078856 3.428943
 86.600000 -0.760923 0.081273 5.274045
 86.800000 -0.761154 -0.032757 2.522436
 87.000000 -0.683097 -0.046265 1.183255
 87.200000 -0.728572 0.111576 6.687892
 87.400000 -0.664309 -0.038783 1.324032
 87.600000 -0.776148 0.019101 3.225731
 87.800000 -0.708689 0.051523 1.383022
 88.000000 -0.788177 -0.024372 4.351104
 88.200000 -0.751104 0.028374 1.805562
 88.400000 -0.712450 -0.000811 0.102830
 88.600000 -0.832810 0.006284 9.088827
 88.800000 -0.744481 0.109263 7.043291
 89.000000 -0.694276 0.025080 0.321935
 89.200000 -0.784637 -0.021672 3.976412
 89.400000 -0.742677 -0.004001 1.000143
 89.600000 -0.640382 -0.009010 1.708127
 89.800000 -0.831928 0.047943 10.100021
 90.000000 -0.703369 0.038861 0.768816
 90.200000 -0.782679 0.003635 3.580759
 90.400000 -0.779708 0.010114 3.378518
 90.600000 -0.626682 -0.033031 3.098065
 90.800000 -0.779117 0.096447 7.930300
 91.000000 -0.623861 -0.015737 2.881865
 91.200000 -0.690468 0.040206 0.837625
 91.400000 -0.640608 0.033761 2.224360
 91.600000 -0.745273 0.004561 1.121539
 91.800000 -0.829580 0.068152 10.961676
 92.000000 -0.641690 0.015113 1.707063
 92.200000 -0.783588 0.090949 7.787305
 92.400000 -0.654445 0.023042 1.219717
 92.600000 -0.695189 0.047552 1.134936
 92.800000 -0.781310 0.040780 4.290829
 93.000000 -0.705689 -0.018891 0.206990
 93.200000 -0.730163 0.108699 6.420773
 93.400000 -0.713393 0.029029 0.537792
 93.600000 -0.696419 -0.031529 0.498514
 93.800000 -0.781120 0.056716 5.051829
 94.000000 -0.711501 0.046644 1.177229
 94.200000 -0.783439 -0.002494 3.641773
 94.400000 -0.620260 0.037572 3.737812
 94.600000 -0.684882 0.042589 0.994677
 94.800000 -0.744425 0.002522 1.074731
 95.000000 -0.703867 0.051841 1.360197
 95.200000 -0.731212 0.105242 6.085113
 95.400000 -0.749243 -0.000970 1.306646
 95.600000 -0.760653 -0.020210 2.158643
 95.800000 -0.676105 0.069908 2.686181
 96.000000 -0.751924 -0.004585 1.457303
 96.200000 -0.721648 0.023434 0.551082
 96.400000 -0.740141 0.065382 3.019821
 96.600000 -0.742450 -0.022507 1.235350
 96.800000 -0.758684 0.052378 3.205005
 97.000000 -0.707732 0.023401 0.319890
 97.200000 -0.750252 -0.118478 8.376797
 97.400000 -0.702783 0.003391 0.016567
 97.600000 -0.659069 0.009874 0.811690
 97.800000 -0.738949 0.038980 1.592743
 98.000000 -0.721881 0.044958 1.292599
 98.200000 -0.732019 0.013178 0.661008
 98.400000 -0.690726 -0.048387 1.198063
 98.600000 -0.771767 0.035932 3.356669
 98.800000 -0.632477 -0.031461 2.650150
 99.000000 -0.810424 0.017747 6.462203
 99.200000 -0.728942 -0.122731 8.006119
 99.400000 -0.786632 0.044989 4.928115
 99.600000 -0.683297 -0.041707 0.979776
 99.800000 -0.714070 0.018504 0.298225
 100.000000 -0.727950 -0.031864 0.952218
 100.200000 -0.761298 -0.086309 5.719596
 100.400000 -0.751910 0.019753 1.641119
 100.600000 -0.727955 -0.013744 0.539171
 100.800000 -0.733756 -0.047618 1.768292
 101.000000 -0.730013 -0.039326 1.281462
 101.200000 -0.738243 0.012347 0.880690
 101.400000 -0.697440 0.006702 0.022695
 101.600000 -0.742680 -0.039947 1.790158
 101.800000 -0.793087 0.101186 9.627631
 102.000000 -0.770266 -0.087714 6.448579
 102.200000 -0.803510 -0.087473 9.378084
 102.400000 -0.681666 0.070054 2.589319
 102.600000 -0.711751 -0.082559 3.500753
 102.800000 -0.767991 0.020329 2.646790
 103.000000 -0.718642 -0.074451 2.981812
 103.200000 -0.791547 -0.002850 4.367256
 103.400000 -0.761314 -0.039310 2.768636
 103.600000 -0.730575 -0.074352 3.290416
 103.800000 -0.780065 -0.022390 3.607198
 104.000000 -0.687275 -0.031885 0.567251
 104.200000 -0.823309 -0.013371 7.924055
 104.400000 -0.683817 -0.009423 0.146855
 104.600000 -0.709461 0.019448 0.253295
 104.800000 -0.716343 -0.024026 0.454463
 105.000000 -0.750721 -0.040294 2.194643
 105.200000 -0.785543 -0.050719 5.106596
 105.400000 -0.774478 -0.044679 3.912485
 105.600000 -0.731819 -0.025300 0.887469
 105.800000 -0.683859 -0.112237 6.400411
 106.000000 -0.816417 -0.086232 10.713671
 106.200000 -0.755425 -0.067580 3.924791
 106.400000 -0.811114 -0.019738 6.577338
 106.600000 -0.768685 -0.047783 3.630507
 106.800000 -0.749747 0.015865 1.457906
 107.000000 -0.695663 -0.080205 3.219477
 107.200000 -0.741539 -0.014843 1.052264
 107.400000 -0.717583 -0.038419 0.927190
 107.600000 -0.805288 -0.033308 6.295957
 107.800000 -0.726509 -0.062270 2.341408
 108.000000 -0.796773 -0.023563 5.142708
 108.200000 -0.726363 -0.080248 3.618389
 108.400000 -0.718510 -0.069353 2.612561
 108.600000 -0.772537 0.009955 2.817664
 108.800000 -0.801247 -0.029758 5.759165
 109.000000 -0.719520 -0.004992 0.241196
 109.200000 -0.711699 -0.016073 0.221213
 109.400000 -0.745017 -0.016587 1.236663
 109.600000 -0.699955 -0.020755 0.217052
 109.800000 -0.759335 -0.019701 2.066963
 110.000000 -0.673860 -0.036765 0.970372
 110.200000 -0.738375 -0.027917 1.199455
 110.400000 -0.701506 0.020804 0.222092
 110.600000 -0.753277 -0.000809 1.520822
 110.800000 -0.744743 -0.032872 1.626558
 111.000000 -0.726485 -0.016257 0.534104
 111.200000 -0.762780 0.008356 2.124612
 111.400000 -0.748244 0.020329 1.462269
 111.600000 -0.798954 -0.032721 5.617867
 111.800000 -0.756471 -0.055641 3.249677
 112.000000 -0.729470 0.039899 1.286986
 112.200000 -0.760222 0.036520 2.594493
 112.400000 -0.686137 -0.040893 0.908069
 112.600000 -0.734176 0.081386 3.961398
 112.800000 -0.754797 -0.047654 2.740945
 113.000000 -0.793156 0.061536 6.408200
 113.200000 -0.628215 0.017280 2.593488
 113.400000 -0.811249 -0.016724 6.537587
 113.600000 -0.610814 0.121121 11.147347
 113.800000 -0.698474 0.004613 0.010697
 114.000000 -0.885084 -0.006234 17.495061
 114.200000 -0.653934 0.027683 1.359894
 114.400000 -0.754582 -0.004706 1.604369
 114.600000 -0.712684 0.003087 0.110649
 114.800000 -0.676061 0.037538 0.948121
 115.000000 -0.848825 -0.005654 11.370157
 115.200000 -0.761000 0.061204 3.849180
 115.400000 -0.721379 0.035723 0.908262
 115.600000 -0.792404 -0.019716 4.637955
 115.800000 -0.669775 0.122703 7.930101
 116.000000 -0.700091 -0.037636 0.710145
 116.200000 -0.723325 0.001101 0.317958
 116.400000 -0.703939 0.066653 2.238189
 116.600000 -0.785487 0.016705 3.954994
 116.800000 -0.679955 0.027217 0.535575
 117.000000 -0.710960 0.036408 0.745049
 117.200000 -0.762536 0.004864 2.085795
 117.400000 -0.658751 0.070046 3.228635
 117.600000 -0.765432 0.000303 2.264723
 117.800000 -0.806839 0.035657 6.544317
 118.000000 -0.662328 0.040272 1.451857
 118.200000 -0.752178 0.020550 1.671671
 118.400000 -0.738238 -0.005522 0.819487
 118.600000 -0.692371 0.051917 1.364259
 118.800000 -0.719379 0.030333 0.685768
 119.000000 -0.700247 -0.040791 0.834201
 119.200000 -0.758778 0.073537 4.542887
 119.400000 -0.692795 -0.049726 1.250556
 119.600000 -0.765847 0.051582 3.623015
 119.800000 -0.758470 0.023890 2.105707
 120.000000 -0.774939 -0.063723 4.979932
 120.200000 -0.722461 0.079103 3.424618
 120.400000 -0.734086 0.005739 0.662809
 120.600000 -0.696794 0.022227 0.247906
 120.800000 -0.742199 0.059414 2.736007
 121.000000 -0.717127 0.045719 1.225535
 121.200000 -0.730465 -0.025312 0.843075
 121.400000 -0.708152 0.060249 1.865157
 121.600000 -0.651854 -0.020139 1.273604
 121.800000 -0.781971 -0.008498 3.550665
 122.000000 -0.761821 0.050802 3.318563
 122.200000 -0.710389 0.028638 0.485197
 122.400000 -0.736157 0.041554 1.586327
 122.600000 -0.695452 0.072385 2.623367
 122.800000 -0.717272 -0.037739 0.895278
 123.000000 -0.701867 0.052881 1.405156
 123.200000 -0.699543 0.049910 1.246524
 123.400000 -0.707392 0.028363 0.445100
 123.600000 -0.748106 0.022955 1.512182
 123.800000 -0.729866 -0.031804 1.009278
 124.000000 -0.720254 0.066052 2.426120
 124.200000 -0.730685 0.019935 0.728571
 124.400000 -0.772266 0.009010 2.788552
 124.600000 -0.669309 0.038856 1.170257
 124.800000 -0.806004 0.000760 5.818454
 125.000000 -0.679800 -0.044829 1.172863
 125.200000 -0.755964 0.091300 5.840163
 125.400000 -0.743152 -0.003356 1.019037
 125.600000 -0.651655 0.016386 1.214310
 125.800000 -0.743525 -0.022578 1.285168
 126.000000 -0.837217 -0.024902 9.982492
 126.200000 -0.650203 0.055379 2.681987
 126.400000 -0.776521 -0.058492 4.783057
 126.600000 -0.658386 0.009423 0.834242
 126.800000 -0.721195 -0.000848 0.266312
 127.000000 -0.769928 -0.016480 2.713144
 127.200000 -0.753309 -0.000233 1.522315
 127.400000 -0.715654 0.047877 1.299606
 127.600000 -0.682725 -0.073564 2.824532
 127.800000 -0.787731 0.081389 7.326100
 128.000000 -0.674249 -0.030250 0.742725
 128.200000 -0.826321 0.079118 11.346113
 128.400000 -0.722525 0.029620 0.736178
 128.600000 -0.765012 0.012497 2.314609
 128.800000 -0.703648 0.033472 0.575391
 129.000000 -0.639219 0.083239 5.199698
 129.200000 -0.752646 -0.061647 3.386106
 129.400000 -0.690799 0.013908 0.123595
 129.600000 -0.853180 0.041599 12.885167
 129.800000 -0.743016 -0.034772 1.611836
 130.000000 -0.700841 0.031804 0.509413
 130.200000 -0.704033 -0.054769 1.517226
 130.400000 -0.749295 -0.000583 1.309019
 130.600000 -0.756102 -0.047872 2.826119
 130.800000 -0.784043 -0.030837 4.165851
 131.000000 -0.708909 -0.034912 0.667506
 131.200000 -0.801508 -0.021550 5.575580
 131.400000 -0.656441 -0.101736 6.044110
 131.600000 -0.702059 -0.038474 0.747844
 131.800000 -0.799753 -0.020387 5.371244
 132.000000 -0.749831 -0.019809 1.532626
 132.200000 -0.817588 -0.037422 7.835088
 132.400000 -0.698981 -0.039199 0.768630
 132.600000 -0.793377 -0.032207 5.054444
 132.800000 -0.772370 -0.055239 4.281345
 133.000000 -0.649185 -0.048479 2.373006
 133.200000 -0.866776 -0.038102 14.946270
 133.400000 -0.711322 -0.045385 1.116881
 133.600000 -0.768077 -0.044979 3.457761
 133.800000 -0.712685 -0.082980 3.548700
 134.000000 -0.695120 0.013876 0.100807
 134.200000 -0.775202 -0.069960 5.417113
 134.400000 -0.740430 -0.074409 3.662881
 134.600000 -0.790711 -0.054667 5.779686
 134.800000 -0.740732 -0.131055 9.495061
 135.000000 -0.820243 0.014434 7.559777
 135.200000 -0.668092 -0.036203 1.106511
 135.400000 -0.708983 -0.059479 1.827734
 135.600000 -0.785053 -0.008022 3.809787
 135.800000 -0.788786 -0.104318 9.550172
 136.000000 -0.766695 -0.012314 2.426285
 136.200000 -0.711726 -0.015354 0.210285
 136.400000 -0.750783 -0.041619 2.252125
 136.600000 -0.766046 -0.024598 2.608716
 136.800000 -0.757689 0.004070 1.781827
 137.000000 -0.722811 0.001065 0.305110
 137.200000 -0.771553 -0.021521 2.926947
 137.400000 -0.629792 -0.072158 4.938539
 137.600000 -0.714279 0.050693 1.415252
 137.800000 -0.788760 -0.068482 6.451612
 138.000000 -0.808476 0.072222 8.696012
 138.200000 -0.676223 0.001526 0.241165
 138.400000 -0.839912 -0.033607 10.615551
 138.600000 -0.682222 -0.034289 0.714427
 138.800000 -0.758300 0.018885 1.988441
 139.000000 -0.713434 -0.026803 0.476294
 139.200000 -0.685165 0.018547 0.256063
 139.400000 -0.801660 -0.042046 6.243006
 139.600000 -0.738294 -0.050312 2.072166
 139.800000 -0.669907 -0.009751 0.445844
 140.000000 -0.787682 -0.026566 4.362465
 140.200000 -0.725863 -0.043184 1.316945
 140.400000 -0.825389 -0.003434 8.103133
 140.600000 -0.741896 -0.053233 2.374560
 140.800000 -0.734618 -0.031061 1.148027
 141.000000 -0.782975 0.010733 3.656757
 141.200000 -0.745572 -0.023903 1.410949
 141.400000 -0.789861 -0.035361 4.832347
 141.600000 -0.733278 0.018385 0.786625
 141.800000 -0.648086 0.050088 2.506680
 142.000000 -0.686093 -0.017981 0.234125
 142.200000 -0.733561 0.018282 0.794729
 142.400000 -0.737293 -0.002916 0.771039
 142.600000 -0.734187 0.048607 1.831319
 142.800000 -0.692901 -0.001881 0.015450
 143.000000 -0.805117 -0.020485 5.932743
 143.200000 -0.726789 -0.022721 0.668753
 143.400000 -0.734302 0.031592 1.153178
 143.600000 -0.747472 -0.001939 1.219099
 143.800000 -0.719993 0.012295 0.314544
 144.000000 -0.684089 -0.045902 1.152071
 144.200000 -0.730217 0.061015 2.376171
 144.400000 -0.740737 -0.013482 0.998482
 144.600000 -0.826169 -0.006752 8.219600
 144.800000 -0.697975 0.014225 0.101192
 145.000000 -0.686604 -0.005766 0.083066
 145.200000 -0.801769 0.054616 6.861809
 145.400000 -0.750344 -0.044939 2.372817
 145.600000 -0.704144 0.095050 4.535314
 145.800000 -0.753925 -0.020772 1.772199
 146.000000 -0.723851 0.066675 2.553519
 146.200000 -0.726357 0.036179 1.052784
 146.400000 -0.673584 -0.076784 3.249164
 146.600000 -0.789097 0.109294 10.109938
 146.800000 -0.658723 0.007621 0.805550
 147.000000 -0.757251 0.076190 4.650000
 147.200000 -0.759373 -0.068721 4.236554
 147.400000 -0.705630 0.021989 0.269861
 147.600000 -0.728008 -0.010281 0.499149
 147.800000 -0.720972 0.045793 1.309314
 148.000000 -0.729281 0.020990 0.705421
 148.200000 -0.721784 -0.000488 0.279828
 148.400000 -0.787554 0.085842 7.682621
 148.600000 -0.709841 0.089901 4.109628
 148.800000 -0.836603 0.059070 11.331808
 149.000000 -0.683158 -0.063072 2.101159
 149.200000 -0.820760 -0.040190 8.326467
 149.400000 -0.708020 -0.010711 0.106249
 149.600000 -0.773335 0.082891 6.263233
 149.800000 -0.740742 -0.040382 1.723168
 150.000000 -0.731883 0.000730 0.569844
 150.200000 -0.745094 0.002807 1.106654
 150.400000 -0.737403 -0.024353 1.067630
 150.600000 -0.770008 0.131437 11.220870
 150.800000 -0.655562 -0.071307 3.448429
 151.000000 -0.761434 0.064730 4.098531
 151.200000 -0.661320 -0.058263 2.374863
 151.400000 -0.726902 0.058749 2.139588
 151.600000 -0.748751 0.023254 1.551511
 151.800000 -0.749638 -0.021375 1.554910
 152.000000 -0.798975 0.040487 5.904283
 152.200000 -0.595154 0.032869 5.842422
 152.400000 -0.725507 0.100875 5.462572
 152.600000 -0.767639 0.005259 2.429463
 152.800000 -0.735939 -0.003185 0.719757
 153.000000 -0.731286 0.069898 2.992463
 153.200000 -0.719691 0.026618 0.586662
 153.400000 -0.707256 0.056877 1.659141
 153.600000 -0.706734 0.009951 0.086510
 153.800000 -0.763471 -0.034878 2.742836
 154.000000 -0.720630 0.045108 1.270451
 154.200000 -0.755357 0.065672 3.793765
 154.400000 -0.769307 0.026227 2.876871
 154.600000 -0.723238 -0.063155 2.309445
 154.800000 -0.706632 0.053497 1.467073
 155.000000 -0.716780 0.060713 2.016894
 155.200000 -0.656440 0.026465 1.219285
 155.400000 -0.807606 -0.030901 6.469730
 155.600000 -0.694678 -0.025375 0.327899
 155.800000 -0.734102 0.029059 1.069115
 156.000000 -0.740822 0.003015 0.915768
 156.200000 -0.778304 -0.000605 3.214009
 156.400000 -0.752011 -0.049962 2.699590
 156.600000 -0.787939 0.044388 5.017812
 156.800000 -0.683008 0.008059 0.146836
 157.000000 -0.787883 -0.033913 4.602693
 157.200000 -0.713506 0.023438 0.392862
 157.400000 -0.803818 -0.000900 5.585175
 157.600000 -0.721069 0.003139 0.267987
 157.800000 -0.731002 -0.030290 0.998948
 158.000000 -0.838847 -0.004953 9.912624
 158.200000 -0.726217 -0.095984 5.000819
 158.400000 -0.774003 0.085246 6.511679
 158.600000 -0.740129 -0.066923 3.121232
 158.800000 -0.782255 -0.102660 8.807946
 159.000000 -0.689258 -0.068785 2.405076
 159.200000 -0.800427 -0.005630 5.248059
 159.400000 -0.736320 -0.006574 0.750778
 159.600000 -0.796237 -0.026316 5.158602
 159.800000 -0.732751 -0.104399 6.048849
 160.000000 -0.752236 0.038566 2.207301
 160.200000 -0.750611 -0.025805 1.709973
 160.400000 -0.787124 0.013279 4.047978
 160.600000 -0.762735 -0.088134 5.970560
 160.800000 -0.718405 -0.071300 2.747335
 161.000000 -0.752874 0.013899 1.594963
 161.200000 -0.755497 -0.035590 2.278701
 161.400000 -0.721492 0.022268 0.520768
 161.600000 -0.703036 -0.099840 4.996061
 161.800000 -0.800005 -0.007300 5.215728
 162.000000 -0.743019 -0.069341 3.411496
 162.200000 -0.774674 0.008944 2.969350
 162.400000 -0.727206 -0.025628 0.751058
 162.600000 -0.766546 -0.059053 4.083866
 162.800000 -0.774096 -0.072943 5.545650
 163.000000 -0.620986 -0.024986 3.287902
 163.200000 -0.825469 0.044684 9.105694
 163.400000 -0.750635 -0.143373 11.656237
 163.600000 -0.726740 0.030864 0.885514
 163.800000 -0.813047 -0.036227 7.258943
 164.000000 -0.780173 0.024059 3.654837
 164.200000 -0.708545 0.062028 1.977955
 164.400000 -0.747229 -0.104906 6.707960
 164.600000 -0.819210 0.014892 7.440831
 164.800000 -0.705390 0.016234 0.158102
 165.000000 -0.711768 0.027630 0.474693
 165.200000 -0.712198 -0.147599 10.991719
 165.400000 -0.742076 -0.038853 1.720318
 165.600000 -0.752059 -0.075854 4.330976
 165.800000 -0.773076 0.008276 2.842572
 166.000000 -0.744610 -0.063475 3.094649
 166.200000 -0.791722 -0.023422 4.653839
 166.400000 -0.727194 -0.013326 0.511110
 166.600000 -0.735115 -0.023920 0.969966
 166.800000 -0.720825 -0.016884 0.400027
 167.000000 -0.756142 -0.027152 2.051204
 167.200000 -0.697301 -0.037461 0.701995
 167.400000 -0.689681 -0.031047 0.517663
 167.600000 -0.717382 0.003413 0.191117
 167.800000 -0.724762 -0.036836 1.033027
 168.000000 -0.756075 -0.045464 2.712237
 168.200000 -0.738350 -0.011999 0.880751
 168.400000 -0.741991 0.019033 1.142948
 168.600000 -0.703117 -0.077174 2.990304
 168.800000 -0.777816 0.022234 3.421983
 169.000000 -0.737083 -0.172971 15.718063
 169.200000 -0.743757 -0.059889 2.834189
 169.400000 -0.708330 -0.001614 0.053309
 169.600000 -0.731847 0.001567 0.569573
 169.800000 -0.630976 -0.086770 6.019483
 170.000000 -0.747714 -0.029606 1.667476
 170.200000 -0.692103 0.017378 0.169172
 170.400000 -0.705534 -0.000439 0.027493
 170.600000 -0.804440 -0.023357 5.923474
 170.800000 -0.698995 0.029259 0.428417
 171.000000 -0.811923 0.027584 6.854711
 171.200000 -0.668216 0.041772 1.319927
 171.400000 -0.760448 0.029141 2.366256
 171.600000 -0.741149 -0.070627 3.419308
 171.800000 -0.762184 -0.074899 4.856260
 172.000000 -0.825618 0.054930 9.634978
 172.200000 -0.695323 0.001066 0.004512
 172.400000 -0.763820 0.039668 2.944280
 172.600000 -0.658050 -0.053838 2.252506
 172.800000 -0.701877 0.080846 3.275065
 173.000000 -0.784902 -0.018686 3.939085
 173.200000 -0.734399 -0.022719 0.915724
 173.400000 -0.702315 -0.001792 0.010357
 173.600000 -0.758620 -0.109940 7.872828
 173.800000 -0.791204 0.032869 4.871441
 174.000000 -0.698160 -0.031834 0.506715
 174.200000 -0.739634 0.037681 1.571163
 174.400000 -0.713081 -0.006531 0.133076
 174.600000 -0.782034 -0.017883 3.679677
 174.800000 -0.780282 0.008519 3.410607
 175.000000 -0.742029 0.017440 1.115577
 175.200000 -0.747091 0.037505 1.901813
 175.400000 -0.704512 -0.095613 4.591252
 175.600000 -0.754923 0.005810 1.629501
 175.800000 -0.745088 0.011604 1.169780
 176.000000 -0.746077 -0.046407 2.226190
 176.200000 -0.836445 -0.016068 9.694352
 176.400000 -0.621911 -0.119330 10.024577
 176.600000 -0.790192 0.100532 9.290924
 176.800000 -0.640079 0.018241 1.851408
 177.000000 -0.725690 0.024203 0.672629
 177.200000 -0.764434 0.052131 3.556851
 177.400000 -0.727037 0.002257 0.420294
 177.600000 -0.687305 0.054855 1.563140
 177.800000 -0.782919 0.037203 4.286472
 178.000000 -0.735734 0.025930 1.043168
 178.200000 -0.697205 0.128756 8.289453
 178.400000 -0.698811 -0.023381 0.273560
 178.600000 -0.704321 0.049865 1.262391
 178.800000 -0.764551 0.004803 2.217267
 179.000000 -0.792377 0.013746 4.535545
 179.200000 -0.791693 -0.049772 5.615489
 179.400000 -0.724324 0.013149 0.429469
 179.600000 -0.748200 0.020127 1.455980
 179.800000 -0.712401 -0.018252 0.268378
 180.000000 -0.710800 -0.008921 0.120035
 180.200000 -0.776009 -0.005559 3.047901
 180.400000 -0.678764 -0.007669 0.216970
 180.600000 -0.750576 0.113035 7.763655
 180.800000 -0.746147 -0.051741 2.491279
 181.000000 -0.785757 0.084549 7.413401
 181.200000 -0.682793 -0.032882 0.658247
 181.400000 -0.736295 0.055316 2.258108
 181.600000 -0.674130 -0.023462 0.563278
 181.800000 -0.803838 -0.002384 5.589702
 182.000000 -0.791103 -0.004418 4.331626
 182.200000 -0.797994 -0.016291 5.118973
 182.400000 -0.722595 0.035336 0.923528
 182.600000 -0.667961 0.017227 0.603540
 182.800000 -0.815376 0.083223 10.336125
 183.000000 -0.635260 -0.022845 2.237395
 183.200000 -0.864231 0.000015 13.794514
 183.400000 -0.783175 -0.014771 3.725275
 183.600000 -0.671015 0.006473 0.388598
 183.800000 -0.760221 0.072612 4.563803
 184.000000 -0.649152 -0.049858 2.442419
 184.200000 -0.798515 0.053708 6.480653
 184.400000 -0.750153 0.012883 1.436095
 184.600000 -0.797961 0.045613 6.023194
 184.800000 -0.718126 -0.029417 0.632563
 185.000000 -0.770160 0.006653 2.616179
 185.200000 -0.659637 0.061321 2.621035
 185.400000 -0.707102 0.099979 5.038135
 185.600000 -0.781969 0.021257 3.740310
 185.800000 -0.732445 0.026632 0.943343
 186.000000 -0.743095 0.079776 4.192953
 186.200000 -0.814544 -0.016432 6.910896
 186.400000 -0.741741 0.017036 1.096004
 186.600000 -0.744280 -0.039002 1.825396
 186.800000 -0.785601 -0.008063 3.857911
 187.000000 -0.672039 0.041181 1.188343
 187.200000 -0.760020 0.081870 5.266461
 187.400000 -0.705478 0.016253 0.159058
 187.600000 -0.696592 0.008477 0.037114
 187.800000 -0.772250 -0.007514 2.774976
 188.000000 -0.686362 0.072881 2.725088
 188.200000 -0.711523 0.020577 0.301367
 188.400000 -0.801153 -0.038101 6.032533
 188.600000 -0.760526 0.032189 2.464574
 188.800000 -0.704766 -0.042558 0.927616
 189.000000 -0.779603 0.015540 3.439499
 189.200000 -0.731404 -0.000828 0.553881
 189.400000 -0.739657 -0.018503 1.033345
 189.600000 -0.731889 0.017427 0.721637
 189.800000 -0.740362 0.029705 1.332885
 190.000000 -0.729602 0.024198 0.787953
 190.200000 -0.690481 -0.024806 0.336948
 190.400000 -0.734674 0.056717 2.276077
 190.600000 -0.734060 0.023285 0.916539
 190.800000 -0.748741 0.002468 1.283713
 191.000000 -0.657853 -0.001412 0.812184
 191.200000 -0.739970 0.035088 1.490798
 191.400000 -0.777248 -0.037273 3.824331
 191.600000 -0.688270 0.050846 1.341276
 191.800000 -0.745214 0.057592 2.766762
 192.000000 -0.786337 -0.002839 3.894084
 192.200000 -0.733130 0.067029 2.858880
 192.400000 -0.711986 -0.012389 0.172716
 192.600000 -0.765427 0.043397 3.205971
 192.800000 -0.689750 0.051670 1.370012
 193.000000 -0.703342 -0.006147 0.032463
 193.200000 -0.811622 0.070918 8.954721
 193.400000 -0.729670 0.021197 0.721987
 193.600000 -0.788543 -0.000629 4.087338
 193.800000 -0.657136 0.007204 0.866258
 194.000000 -0.699022 0.019939 0.199186
 194.200000 -0.715636 0.043741 1.109844
 194.400000 -0.751865 0.046643 2.531416
 194.600000 -0.752249 -0.014863 1.574785
 194.800000 -0.713864 0.011760 0.192899
 195.000000 -0.714691 0.053471 1.566686
 195.200000 -0.687367 0.025442 0.381583
 195.400000 -0.803664 -0.003743 5.575589
 195.600000 -0.784728 -0.007851 3.780293
 195.800000 -0.756976 0.034927 2.341255
 196.000000 -0.793459 -0.009638 4.590103
 196.200000 -0.691072 -0.016622 0.163068
 196.400000 -0.745915 0.023088 1.408149
 196.600000 -0.787987 -0.025995 4.374879
 196.800000 -0.764978 0.006881 2.257871
 197.000000 -0.686334 -0.046633 1.156933
 197.200000 -0.744435 0.008157 1.105284
 197.400000 -0.736190 -0.035943 1.370134
 197.600000 -0.729812 -0.037608 1.209008
 197.800000 -0.730994 -0.032102 1.055233
 198.000000 -0.759006 -0.028370 2.255273
 198.200000 -0.728336 -0.010815 0.514643
 198.400000 -0.740989 -0.061622 2.817003
 198.600000 -0.769230 -0.029127 2.951668
 198.800000 -0.663571 -0.078309 3.663360
 199.000000 -0.780241 -0.022779 3.630426
 199.200000 -0.708109 -0.103114 5.366008
 199.400000 -0.778085 -0.007310 3.222985
 199.600000 -0.655045 -0.038124 1.654975
 199.800000 -0.783871 -0.014482 3.780463
 200.000000 -0.763608 0.041898 3.021315
