#! FIELDS time phi psi restraint.bias
#! SET min_phi -pi
#! SET max_phi pi
#! SET min_psi -pi
#! SET max_psi pi
 0.000000 -0.378669 1.449200 160.408819
 0.200000 0.111578 1.441422 10.350498
 0.400000 0.200339 1.581663 0.392006
 0.600000 0.202957 1.496762 3.144486
 0.800000 0.206379 1.579223 0.542581
 1.000000 0.180320 1.587392 0.154446
 1.200000 0.224099 1.568682 1.230622
 1.400000 0.227503 1.554525 1.535326
 1.600000 0.215654 1.656668 4.532452
 1.800000 0.196118 1.615499 1.232120
 2.000000 0.037659 1.577799 9.391789
 2.200000 0.151801 1.553010 0.416553
 2.400000 0.218605 1.521176 2.202235
 2.600000 0.118207 1.480542 5.659283
 2.800000 0.154028 1.461641 6.167665
 3.000000 0.128634 1.451904 8.121015
 3.200000 0.251034 1.531326 3.705147
 3.400000 0.251470 1.540710 3.412253
 3.600000 0.156295 1.554127 0.305246
 3.800000 0.183602 1.640127 2.444496
 4.000000 0.134112 1.612917 1.704039
 4.200000 0.166493 1.678761 5.860554
 4.400000 0.240216 1.599761 2.576632
 4.600000 0.021598 1.557560 11.782110
 4.800000 0.176616 1.547075 0.283518
 5.000000 0.283342 1.593602 6.179737
 5.200000 0.084177 1.512050 5.807655
 5.400000 0.152302 1.447680 7.825938
 5.600000 0.173325 1.524899 1.053994
 5.800000 0.140514 1.454957 7.288034
 6.000000 0.148559 1.564825 0.355158
 6.200000 0.142819 1.480038 4.621409
 6.400000 0.167007 1.644699 2.759139
 6.600000 0.159595 1.508760 2.035809
 6.800000 0.143202 1.587605 0.632074
 7.000000 0.224222 1.549051 1.470904
 7.200000 0.050877 1.595602 7.953078
 7.400000 0.148198 1.547739 0.612571
 7.600000 0.200860 1.564665 0.365341
 7.800000 0.181844 1.545153 0.355524
 8.000000 0.186021 1.584584 0.161039
 8.200000 0.036423 1.470758 14.540989
 8.400000 0.150392 1.564569 0.310776
 8.600000 0.135485 1.583222 0.839573
 8.800000 0.171030 1.464187 5.688957
 9.000000 0.190770 1.612291 0.992711
 9.200000 0.167931 1.554643 0.152262
 9.400000 0.204437 1.541475 0.876999
 9.600000 0.162317 1.566193 0.085213
 9.800000 0.145386 1.603119 0.947147
 10.000000 0.190555 1.572604 0.129991
 10.200000 0.150980 1.584902 0.376847
 10.400000 0.171424 1.595696 0.314828
 10.600000 0.184102 1.530937 0.840165
 10.800000 0.133419 1.532173 1.591047
 11.000000 0.152086 1.501885 2.626284
 11.200000 0.106609 1.549492 2.533766
 11.400000 0.103876 1.532980 3.211235
 11.600000 0.192331 1.509990 2.007107
 11.800000 0.164728 1.546250 0.349330
 12.000000 0.104172 1.581623 2.533932
 12.200000 0.084178 1.612269 4.941974
 12.400000 0.153490 1.606030 0.842097
 12.600000 0.264447 1.525939 5.048383
 12.800000 0.199213 1.583817 0.389308
 13.000000 0.168854 1.520557 1.278133
 13.200000 0.200285 1.575388 0.342115
 13.400000 0.135631 1.567414 0.762383
 13.600000 0.145811 1.504910 2.582952
 13.800000 0.163841 1.561823 0.097427
 14.000000 0.105896 1.576673 2.372772
 14.200000 0.213665 1.537970 1.304455
 14.400000 0.203171 1.569257 0.411268
 14.600000 0.109026 1.528174 3.053869
 14.800000 0.142377 1.523161 1.651565
 15.000000 0.125372 1.598574 1.594209
 15.200000 0.126915 1.504433 3.335764
 15.400000 0.230479 1.539691 2.048723
 15.600000 0.230504 1.590035 1.751462
 15.800000 0.159189 1.462015 6.034424
 16.000000 0.107280 1.536883 2.836566
 16.200000 0.219398 1.654773 4.532510
 16.400000 0.159141 1.580385 0.164429
 16.600000 0.134109 1.596775 1.154511
 16.800000 0.186965 1.593142 0.326949
 17.000000 0.111494 1.550455 2.193838
 17.200000 0.180222 1.591763 0.235982
 17.400000 0.229274 1.514720 3.070600
 17.600000 0.083518 1.466664 9.563651
 17.800000 0.131220 1.534151 1.609431
 18.000000 0.190365 1.521174 1.356503
 18.200000 0.141058 1.558023 0.641857
 18.400000 0.127426 1.478974 5.325224
 18.600000 0.204826 1.519422 1.778471
 18.800000 0.243841 1.593500 2.659565
 19.000000 0.086172 1.574534 3.910771
 19.200000 0.184378 1.623745 1.450242
 19.400000 0.234297 1.605731 2.396093
 19.600000 0.146903 1.510448 2.202690
 19.800000 0.209338 1.638914 2.925663
 20.000000 0.227669 1.546657 1.703072
 20.200000 0.100576 1.514983 4.292379
 20.400000 0.204701 1.508947 2.367723
 20.600000 0.189858 1.499050 2.691161
 20.800000 0.081269 1.555903 4.460021
 21.000000 0.233853 1.492213 4.847068
 21.200000 0.153039 1.513602 1.866606
 21.400000 0.182077 1.507223 2.049224
 21.600000 0.226716 1.529652 2.207966
 21.800000 0.164789 1.463946 5.755925
 22.000000 0.178650 1.581432 0.065033
 22.200000 0.201332 1.573459 0.362650
 22.400000 0.137956 1.640701 3.112246
 22.600000 0.186576 1.607668 0.752266
 22.800000 0.135769 1.572645 0.753033
 23.000000 0.172026 1.549372 0.232647
 23.200000 0.213143 1.513223 2.402741
 23.400000 0.175789 1.551809 0.181047
 23.600000 0.129172 1.459970 7.170068
 23.800000 0.156345 1.503392 2.437082
 24.000000 0.104165 1.550809 2.675579
 24.200000 0.191471 1.530438 0.957866
 24.400000 0.138101 1.549588 0.888537
 24.600000 0.128814 1.586032 1.161158
 24.800000 0.149504 1.562136 0.350719
 25.000000 0.126661 1.571283 1.146000
 25.200000 0.172656 1.611005 0.810122
 25.400000 0.154864 1.533493 0.889204
 25.600000 0.156566 1.573111 0.164078
 25.800000 0.227245 1.591095 1.595294
 26.000000 0.164572 1.594220 0.323945
 26.200000 0.137886 1.556686 0.771056
 26.400000 0.201437 1.510411 2.185124
 26.600000 0.124998 1.592645 1.465520
 26.800000 0.149034 1.582127 0.389286
 27.000000 0.120207 1.519919 2.769953
 27.200000 0.133943 1.565719 0.836670
 27.400000 0.159992 1.585122 0.208338
 27.600000 0.204827 1.537781 1.003890
 27.800000 0.126716 1.559018 1.212579
 28.000000 0.135227 1.445102 8.672063
 28.200000 0.130272 1.566774 0.987587
 28.400000 0.205530 1.625405 1.971461
 28.600000 0.092849 1.563991 3.359251
 28.800000 0.081709 1.662173 8.482928
 29.000000 0.128913 1.570296 1.040704
 29.200000 0.212190 1.548135 0.965797
 29.400000 0.159827 1.586245 0.227465
 29.600000 0.184452 1.531231 0.831916
 29.800000 0.156521 1.530531 0.972848
 30.000000 0.219791 1.548238 1.278600
 30.200000 0.220447 1.532508 1.787020
 30.400000 0.138183 1.585095 0.762889
 30.600000 0.097350 1.552732 3.141755
 30.800000 0.120751 1.513707 3.075835
 31.000000 0.231968 1.520972 2.890622
 31.200000 0.166722 1.530550 0.840387
 31.400000 0.215651 1.518703 2.202223
 31.600000 0.142435 1.563325 0.543055
 31.800000 0.156450 1.558766 0.235862
 32.000000 0.222238 1.589368 1.310330
 32.200000 0.092884 1.594039 3.603419
 32.400000 0.126577 1.566800 1.157891
 32.600000 0.172083 1.545838 0.314472
 32.800000 0.151739 1.491341 3.416336
 33.000000 0.135857 1.529868 1.585508
 33.200000 0.098859 1.585278 2.968150
 33.400000 0.135864 1.533867 1.429538
 33.600000 0.148422 1.602225 0.834756
 33.800000 0.132369 1.593138 1.138477
 34.000000 0.191320 1.543157 0.522856
 34.200000 0.171702 1.605359 0.601288
 34.400000 0.190441 1.553923 0.268891
 34.600000 0.183947 1.462487 5.909745
 34.800000 0.167982 1.617801 1.126158
 35.000000 0.234433 1.563498 1.820636
 35.200000 0.155543 1.514925 1.741112
 35.400000 0.173827 1.515453 1.531679
 35.600000 0.246185 1.520280 3.842942
 35.800000 0.146793 1.491726 3.510770
 36.000000 0.166172 1.429358 10.037299
 36.200000 0.259176 1.591390 3.794309
 36.400000 0.037883 1.652359 12.662766
 36.600000 0.133180 1.544481 1.201287
 36.800000 0.058483 1.628752 8.413243
 37.000000 0.058575 1.601516 7.194934
 37.200000 0.225578 1.562130 1.340348
 37.400000 0.084411 1.557085 4.155021
 37.600000 0.252197 1.512924 4.690459
 37.800000 0.200739 1.594246 0.618308
 38.000000 0.212650 1.585147 0.829434
 38.200000 0.235892 1.502122 4.240511
 38.400000 0.103934 1.536094 3.094208
 38.600000 0.161352 1.572738 0.088755
 38.800000 0.257405 1.510401 5.257628
 39.000000 0.172259 1.566850 0.010371
 39.200000 0.200124 1.454223 7.122080
 39.400000 0.107636 1.521478 3.453731
 39.600000 0.011841 1.567034 13.241381
 39.800000 0.251405 1.566500 2.963916
 40.000000 0.167609 1.551277 0.214467
 40.200000 0.121320 1.555005 1.540474
 40.400000 0.157344 1.650530 3.326494
 40.600000 0.157323 1.593806 0.412810
 40.800000 0.177130 1.552310 0.174239
 41.000000 0.213490 1.503351 3.033269
 41.200000 0.155263 1.585295 0.290763
 41.400000 0.161987 1.474122 4.751618
 41.600000 0.201841 1.585695 0.483849
 41.800000 0.187393 1.593527 0.341041
 42.000000 0.093388 1.597783 3.656419
 42.200000 0.160015 1.514335 1.699317
 42.400000 0.160875 1.515492 1.622564
 42.600000 0.200498 1.510382 2.162072
 42.800000 0.268743 1.476993 8.837278
 43.000000 0.170940 1.579526 0.044554
 43.200000 0.080717 1.497220 7.107524
 43.400000 0.173929 1.580676 0.048982
 43.600000 0.167186 1.624574 1.472991
 43.800000 0.126187 1.569298 1.169767
 44.000000 0.144853 1.603490 0.974873
 44.200000 0.125237 1.534606 1.869932
 44.400000 0.246095 1.506860 4.604545
 44.600000 0.163799 1.597140 0.404601
 44.800000 0.102940 1.528719 3.448054
 45.000000 0.170715 1.536895 0.581926
 45.200000 0.151689 1.544132 0.616404
 45.400000 0.231415 1.549750 1.839271
 45.600000 0.075094 1.574566 4.951185
 45.800000 0.076052 1.478892 9.072519
 46.000000 0.222296 1.541551 1.568319
 46.200000 0.157097 1.611940 0.998391
 46.400000 0.188681 1.512891 1.776603
 46.600000 0.113290 1.589411 2.048598
 46.800000 0.089183 1.595609 3.950169
 47.000000 0.236306 1.551151 2.100905
 47.200000 0.152559 1.570052 0.241698
 47.400000 0.176400 1.530750 0.803584
 47.600000 0.136797 1.551692 0.894492
 47.800000 0.058869 1.676802 12.307751
 48.000000 0.239705 1.499798 4.644090
 48.200000 0.167821 1.437856 8.859159
 48.400000 0.122349 1.453628 8.225812
 48.600000 0.179325 1.473190 4.775006
 48.800000 0.081971 1.519684 5.590150
 49.000000 0.161477 1.566906 0.092788
 49.200000 0.280348 1.509742 7.462213
 49.400000 0.130863 1.627089 2.537958
 49.600000 0.187468 1.650809 3.284680
 49.800000 0.154540 1.518067 1.590047
 50.000000 0.142725 1.606272 1.135154
 50.200000 0.242147 1.635001 4.347009
 50.400000 0.123115 1.544423 1.669692
 50.600000 0.093938 1.562056 3.285974
 50.800000 0.273485 1.553232 5.050034
 51.000000 0.276089 1.591121 5.363341
 51.200000 0.035716 1.621790 10.935203
 51.400000 0.146713 1.577690 0.410729
 51.600000 0.242501 1.650347 5.474035
 51.800000 0.109749 1.491150 5.270239
 52.000000 0.222396 1.501436 3.550862
 52.200000 0.127785 1.408966 14.187301
 52.400000 0.174889 1.516497 1.474294
 52.600000 0.136444 1.465428 6.276662
 52.800000 0.028475 1.567808 10.670991
 53.000000 0.248853 1.579634 2.800816
 53.200000 0.218756 1.678459 6.773484
 53.400000 0.144185 1.553156 0.616098
 53.600000 0.112530 1.549925 2.140011
 53.800000 0.114080 1.600805 2.277512
 54.000000 0.196521 1.524000 1.336680
 54.200000 0.175816 1.652108 3.306635
 54.400000 0.195601 1.560719 0.272703
 54.600000 0.134881 1.537450 1.342136
 54.800000 0.089763 1.568339 3.595973
 55.000000 0.174895 1.534911 0.643944
 55.200000 0.173905 1.556571 0.101372
 55.400000 0.059127 1.566466 6.668584
 55.600000 0.138499 1.509667 2.517620
 55.800000 0.215468 1.604827 1.416895
 56.000000 0.194835 1.604600 0.777423
 56.200000 0.160493 1.485592 3.728461
 56.400000 0.155123 1.553795 0.332889
 56.600000 0.203336 1.607160 1.075966
 56.800000 0.205473 1.467045 5.860770
 57.000000 0.202357 1.666469 4.963749
 57.200000 0.264763 1.586423 4.192823
 57.400000 0.074842 1.538440 5.492610
 57.600000 0.158997 1.644298 2.821931
 57.800000 0.186818 1.490774 3.277256
 58.000000 0.108723 1.510768 3.967155
 58.200000 0.176327 1.511863 1.738172
 58.400000 0.159901 1.529048 0.978527
 58.600000 0.142335 1.580310 0.563595
 58.800000 0.130888 1.512890 2.629008
 59.000000 0.050327 1.556512 7.815527
 59.200000 0.161688 1.584288 0.173507
 59.400000 0.152415 1.503976 2.477098
 59.600000 0.108502 1.499060 4.753107
 59.800000 0.219817 1.560452 1.078822
 60.000000 0.189512 1.476140 4.592055
 60.200000 0.140101 1.581159 0.646484
 60.400000 0.240772 1.558161 2.273638
 60.600000 0.074977 1.587812 5.100426
 60.800000 0.169733 1.603109 0.533568
 61.000000 0.214530 1.602828 1.312890
 61.200000 0.075563 1.577735 4.921554
 61.400000 0.261862 1.571645 3.813506
 61.600000 0.161673 1.639507 2.443295
 61.800000 0.188933 1.485153 3.771051
 62.000000 0.205148 1.509334 2.357445
 62.200000 0.092725 1.575254 3.356221
 62.400000 0.170037 1.440450 8.505249
 62.600000 0.178853 1.568945 0.011046
 62.800000 0.169045 1.475315 4.573400
 63.000000 0.171401 1.424599 10.691691
 63.200000 0.047054 1.531952 8.879836
 63.400000 0.189636 1.513296 1.767174
 63.600000 0.197398 1.592288 0.492357
 63.800000 0.075507 1.635063 6.968206
 64.000000 0.195560 1.562902 0.252230
 64.200000 0.216145 1.683929 7.265298
 64.400000 0.130813 1.599221 1.359678
 64.600000 0.221065 1.591438 1.295670
 64.800000 0.141728 1.535716 1.153403
 65.000000 0.183515 1.531618 0.807805
 65.200000 0.258889 1.569383 3.558978
 65.400000 0.127240 1.567917 1.122434
 65.600000 0.136712 1.447016 8.376000
 65.800000 0.192497 1.503089 2.453499
 66.000000 0.186338 1.512276 1.782018
 66.200000 0.182002 1.449626 7.369028
 66.400000 0.189315 1.535345 0.737657
 66.600000 0.258921 1.572589 3.562263
 66.800000 0.244036 1.532242 3.158520
 67.000000 0.096240 1.636480 5.222090
 67.200000 0.196784 1.597742 0.610567
 67.400000 0.191148 1.611256 0.956501
 67.600000 0.125249 1.559894 1.273869
 67.800000 0.167537 1.484164 3.777031
 68.000000 0.169869 1.557153 0.103950
 68.200000 0.197374 1.534625 0.915049
 68.400000 0.146344 1.516226 1.886272
 68.600000 0.147832 1.507791 2.341306
 68.800000 0.162394 1.545177 0.401840
 69.000000 0.190254 1.569215 0.124826
 69.200000 0.233283 1.590492 1.919713
 69.400000 0.118281 1.505810 3.693742
 69.600000 0.158071 1.595374 0.437542
 69.800000 0.258143 1.566223 3.505762
 70.000000 0.182265 1.519146 1.363779
 70.200000 0.167180 1.591528 0.241929
 70.400000 0.166548 1.558070 0.112854
 70.600000 0.161732 1.449215 7.472930
 70.800000 0.169326 1.553110 0.169968
 71.000000 0.090221 1.560507 3.607158
 71.200000 0.162978 1.513660 1.699017
 71.400000 0.153089 1.587095 0.362750
 71.600000 0.123270 1.493961 4.265733
 71.800000 0.288844 1.526523 7.513560
 72.000000 0.126772 1.627618 2.754865
 72.200000 0.223412 1.466727 6.609723
 72.400000 0.195341 1.530887 1.012880
 72.600000 0.114203 1.609377 2.564121
 72.800000 0.246526 1.600214 3.024224
 73.000000 0.229029 1.612688 2.362333
 73.200000 0.138741 1.613440 1.549759
 73.400000 0.243141 1.551578 2.538228
 73.600000 0.118145 1.526898 2.553326
 73.800000 0.190352 1.598188 0.500284
 74.000000 0.166335 1.458616 6.325835
 74.200000 0.112278 1.504732 4.120099
 74.400000 0.208329 1.574096 0.576519
 74.600000 0.124382 1.479172 5.455045
 74.800000 0.146020 1.505755 2.521681
 75.000000 0.184706 1.431378 9.770485
 75.200000 0.156455 1.519818 1.462798
 75.400000 0.200266 1.590811 0.531379
 75.600000 0.138406 1.568616 0.654936
 75.800000 0.152558 1.634347 2.260790
 76.000000 0.163575 1.592501 0.295594
 76.200000 0.187225 1.592190 0.309391
 76.400000 0.195173 1.570667 0.213018
 76.600000 0.129605 1.491735 4.134591
 76.800000 0.127063 1.520371 2.398067
 77.000000 0.224809 1.548128 1.520785
 77.200000 0.222669 1.428739 11.248621
 77.400000 0.124605 1.628188 2.893290
 77.600000 0.069549 1.493025 8.534963
 77.800000 0.120967 1.493756 4.402268
 78.000000 0.195473 1.649790 3.339212
 78.200000 0.157363 1.501850 2.524204
 78.400000 0.071747 1.490234 8.527597
 78.600000 0.231288 1.499614 4.144076
 78.800000 0.237559 1.558747 2.058752
 79.000000 0.183736 1.634484 2.070391
 79.200000 0.203412 1.526080 1.416770
 79.400000 0.107617 1.609595 2.991528
 79.600000 0.159776 1.579601 0.147646
 79.800000 0.209264 1.569669 0.603763
 80.000000 0.129167 1.552278 1.200514
 80.200000 0.114305 1.550525 2.019176
 80.400000 0.147731 1.525610 1.380071
 80.600000 0.147538 1.522781 1.517092
 80.800000 0.182142 1.548487 0.277799
 81.000000 0.114823 1.552641 1.947443
 81.200000 0.106009 1.516801 3.805514
 81.400000 0.155070 1.601985 0.675771
 81.600000 0.184060 1.624277 1.475463
 81.800000 0.123124 1.579440 1.358780
 82.000000 0.101482 1.585251 2.772702
 82.200000 0.248247 1.532773 3.439777
 82.400000 0.235665 1.528808 2.750037
 82.600000 0.141510 1.563819 0.569587
 82.800000 0.131813 1.646626 3.787581
 83.000000 0.118929 1.595935 1.861900
 83.200000 0.181415 1.504414 2.227012
 83.400000 0.203244 1.551749 0.593575
 83.600000 0.155572 1.529555 1.030164
 83.800000 0.078147 1.536457 5.234715
 84.000000 0.160753 1.562933 0.125867
 84.200000 0.231064 1.467387 6.944610
 84.400000 0.087568 1.519951 5.074063
 84.600000 0.145136 1.587103 0.565049
 84.800000 0.183512 1.512203 1.756906
 85.000000 0.186833 1.570827 0.075652
 85.200000 0.215783 1.521955 2.043552
 85.400000 0.185705 1.571677 0.062796
 85.600000 0.210777 1.612009 1.506047
 85.800000 0.098811 1.590505 3.061133
 86.000000 0.167634 1.613704 0.944336
 86.200000 0.254972 1.567734 3.239912
 86.400000 0.071221 1.551650 5.519990
 86.600000 0.037332 1.507673 11.404306
 86.800000 0.175604 1.522240 1.179430
 87.000000 0.193409 1.554101 0.317516
 87.200000 0.213641 1.611041 1.574518
 87.400000 0.141029 1.524689 1.624227
 87.600000 0.125236 1.545934 1.524156
 87.800000 0.254931 1.512706 4.919201
 88.000000 0.252083 1.550382 3.215375
 88.200000 0.140306 1.534625 1.239921
 88.400000 0.078595 1.557122 4.695494
 88.600000 0.179207 1.556026 0.120006
 88.800000 0.230571 1.577624 1.593423
 89.000000 0.163902 1.532991 0.771125
 89.200000 0.151171 1.570396 0.272980
 89.400000 0.194886 1.591719 0.425993
 89.600000 0.181447 1.539828 0.503432
 89.800000 0.185275 1.551722 0.239609
 90.000000 0.140624 1.589239 0.744989
 90.200000 0.125446 1.582588 1.274296
 90.400000 0.084755 1.540471 4.489818
 90.600000 0.206958 1.569992 0.526016
 90.800000 0.196986 1.634797 2.300142
 91.000000 0.027570 1.500523 13.268242
 91.200000 0.151775 1.522333 1.433281
 91.400000 0.165199 1.577596 0.066682
 91.600000 0.123584 1.523293 2.426150
 91.800000 0.169093 1.547068 0.296312
 92.000000 0.125354 1.593297 1.462441
 92.200000 0.212377 1.540370 1.178957
 92.400000 0.236048 1.634535 3.923335
 92.600000 0.175923 1.550266 0.211707
 92.800000 0.180359 1.476271 4.484534
 93.000000 0.183037 1.542149 0.446505
 93.200000 0.222412 1.580621 1.194447
 93.400000 0.193209 1.551874 0.353420
 93.600000 0.031978 1.521351 11.383384
 93.800000 0.172902 1.545174 0.329588
 94.000000 0.242985 1.506707 4.396622
 94.200000 0.124545 1.455738 7.868543
 94.400000 0.155454 1.580568 0.229747
 94.600000 0.215261 1.523225 1.960936
 94.800000 0.090372 1.543692 3.908866
 95.000000 0.203552 1.548663 0.665991
 95.200000 0.179960 1.583567 0.096268
 95.400000 0.199144 1.579494 0.340686
 95.600000 0.175251 1.584531 0.094575
 95.800000 0.119891 1.568206 1.496214
 96.000000 0.265259 1.602456 4.616755
 96.200000 0.228794 1.530137 2.298745
 96.400000 0.153206 1.573200 0.230301
 96.600000 0.152908 1.577322 0.255108
 96.800000 0.078370 1.498597 7.230070
 97.000000 0.217617 1.561134 0.974794
 97.200000 0.219636 1.489005 4.362054
 97.400000 0.136265 1.463676 6.469581
 97.600000 0.207186 1.531205 1.316838
 97.800000 0.162145 1.484727 3.780654
 98.000000 0.150509 1.573286 0.291667
 98.200000 0.115652 1.524979 2.783087
 98.400000 0.184149 1.595082 0.341141
 98.600000 0.168487 1.732156 13.036697
 98.800000 0.055362 1.553230 7.255097
 99.000000 0.109731 1.574903 2.108105
 99.200000 0.192860 1.597505 0.524621
 99.400000 0.235820 1.440883 10.316856
 99.600000 0.122870 1.528726 2.219466
 99.800000 0.195852 1.583831 0.312207
 100.000000 0.242782 1.551409 2.516912
 100.200000 0.046916 1.541939 8.559473
 100.400000 0.181949 1.482334 3.940308
 100.600000 0.229259 1.572883 1.499629
 100.800000 0.103033 1.518368 3.930459
 101.000000 0.209944 1.569105 0.628389
 101.200000 0.213706 1.635201 2.841265
 101.400000 0.141161 1.505374 2.696845
 101.600000 0.147787 1.603247 0.884190
 101.800000 0.163187 1.579515 0.102379
 102.000000 0.194964 1.542336 0.613696
 102.200000 0.120450 1.627812 3.087892
 102.400000 0.141399 1.552084 0.723995
 102.600000 0.178515 1.612848 0.892121
 102.800000 0.179313 1.536580 0.596806
 103.000000 0.195487 1.392498 16.114635
 103.200000 0.134590 1.526644 1.772426
 103.400000 0.194896 1.541481 0.637019
 103.600000 0.225751 1.566982 1.318912
 103.800000 0.049440 1.604979 8.408333
 104.000000 0.262864 1.557639 3.987719
 104.200000 0.254760 1.577513 3.240716
 104.400000 0.060864 1.575863 6.473119
 104.600000 0.240911 1.538786 2.715332
 104.800000 0.170701 1.601643 0.483114
 105.000000 0.140782 1.579541 0.607781
 105.200000 0.211453 1.562545 0.715570
 105.400000 0.045425 1.580859 8.385086
 105.600000 0.148537 1.535367 0.965495
 105.800000 0.176926 1.476141 4.482691
 106.000000 0.054731 1.599642 7.592312
 106.200000 0.175187 1.552828 0.161644
 106.400000 0.088613 1.592584 3.928461
 106.600000 0.208439 1.560974 0.623067
 106.800000 0.236431 1.549056 2.152027
 107.000000 0.128307 1.595267 1.367829
 107.200000 0.152516 1.666120 4.785659
 107.400000 0.179441 1.533292 0.715332
 107.600000 0.140061 1.602731 1.104072
 107.800000 0.154316 1.587156 0.338181
 108.000000 0.115631 1.485006 5.414706
 108.200000 0.074963 1.546870 5.243324
 108.400000 0.179468 1.480173 4.118436
 108.600000 0.146716 1.535987 0.992738
 108.800000 0.095492 1.594657 3.408401
 109.000000 0.168086 1.493904 2.977015
 109.200000 0.142673 1.589785 0.687796
 109.400000 0.240468 1.628164 3.819257
 109.600000 0.212579 1.586771 0.851348
 109.800000 0.099111 1.662450 7.044440
 110.000000 0.172770 1.549983 0.218152
 110.200000 0.256949 1.548778 3.638602
 110.400000 0.154118 1.648653 3.239200
 110.600000 0.150716 1.504818 2.460197
 110.800000 0.149888 1.551307 0.493598
 111.000000 0.084801 1.502136 6.382996
 111.200000 0.224157 1.467550 6.561169
 111.400000 0.160693 1.584443 0.188886
 111.600000 0.157263 1.483829 3.930762
 111.800000 0.248297 1.479012 6.932774
 112.000000 0.229025 1.543866 1.847313
 112.200000 0.153057 1.489993 3.495173
 112.400000 0.120544 1.643773 4.120234
 112.600000 0.088722 1.563947 3.705196
 112.800000 0.230630 1.514493 3.158460
 113.000000 0.195078 1.587827 0.356071
 113.200000 0.166870 1.516554 1.500477
 113.400000 0.147639 1.513624 1.995975
 113.600000 0.094187 1.597325 3.579574
 113.800000 0.168194 1.578236 0.047763
 114.000000 0.183790 1.607761 0.726047
 114.200000 0.120988 1.608635 2.149408
 114.400000 0.147445 1.506184 2.454255
 114.600000 0.109308 1.660191 6.122867
 114.800000 0.202904 1.484896 4.091880
 115.000000 0.152261 1.543865 0.610671
 115.200000 0.159030 1.477492 4.472994
 115.400000 0.151300 1.405250 13.972646
 115.600000 0.195010 1.589783 0.389902
 115.800000 0.174075 1.536515 0.587720
 116.000000 0.080928 1.471557 9.305149
 116.200000 0.091527 1.614307 4.391587
 116.400000 0.185304 1.622967 1.418878
 116.600000 0.172621 1.605792 0.614193
 116.800000 0.134068 1.614815 1.787506
 117.000000 0.188079 1.503781 2.337282
 117.200000 0.098099 1.578476 2.950575
 117.400000 0.169897 1.509998 1.858967
 117.600000 0.106281 1.619324 3.506651
 117.800000 0.112296 1.578894 1.969529
 118.000000 0.196492 1.498645 2.843978
 118.200000 0.069422 1.534229 6.192700
 118.400000 0.221861 1.556482 1.222405
 118.600000 0.199175 1.606925 0.956273
 118.800000 0.178986 1.580130 0.053477
 119.000000 0.143462 1.521020 1.721543
 119.200000 0.118642 1.614231 2.505156
 119.400000 0.142571 1.568654 0.513090
 119.600000 0.198008 1.596921 0.616800
 119.800000 0.130844 1.638459 3.243448
 120.000000 0.171149 1.474999 4.594276
 120.200000 0.169245 1.594699 0.299650
 120.400000 0.128637 1.552054 1.228849
 120.600000 0.184277 1.465402 5.601501
 120.800000 0.094406 1.604853 3.790088
 121.000000 0.097831 1.473639 7.661340
 121.200000 0.224175 1.525060 2.278055
 121.400000 0.196393 1.524510 1.310163
 121.600000 0.160795 1.543736 0.460492
 121.800000 0.145069 1.657358 4.180569
 122.000000 0.079298 1.627066 6.118016
 122.200000 0.239147 1.579020 2.121285
 122.400000 0.220792 1.556380 1.173863
 122.600000 0.162985 1.478355 4.339377
 122.800000 0.261486 1.493356 6.778910
 123.000000 0.131320 1.582767 1.005311
 123.200000 0.226800 1.520759 2.617822
 123.400000 0.110617 1.573370 2.045918
 123.600000 0.076004 1.584992 4.954698
 123.800000 0.098232 1.552876 3.071473
 124.000000 0.133331 1.469458 5.983504
 124.200000 0.224779 1.557053 1.356748
 124.400000 0.184941 1.523494 1.172899
 124.600000 0.071232 1.523802 6.439800
 124.800000 0.160791 1.627642 1.710138
 125.000000 0.137358 1.626132 2.221981
 125.200000 0.241288 1.580514 2.275372
 125.400000 0.171986 1.599986 0.429263
 125.600000 0.178694 1.533617 0.699813
 125.800000 0.224750 1.566449 1.270324
 126.000000 0.133275 1.530926 1.645924
 126.200000 0.219409 1.594980 1.299384
 126.400000 0.200236 1.473933 5.021562
 126.600000 0.043323 1.499946 11.117907
 126.800000 0.131868 1.540835 1.358976
 127.000000 0.152540 1.519752 1.544611
 127.200000 0.204619 1.539677 0.936803
 127.400000 0.191882 1.598827 0.543348
 127.600000 0.097677 1.515476 4.483568
 127.800000 0.105230 1.565829 2.413780
 128.000000 0.132336 1.513872 2.510440
 128.200000 0.188680 1.552845 0.261194
 128.400000 0.236589 1.629964 3.675867
 128.600000 0.096643 1.583404 3.112880
 128.800000 0.137362 1.605742 1.301432
 129.000000 0.193639 1.489809 3.461968
 129.200000 0.182058 1.551253 0.219290
 129.400000 0.228607 1.621677 2.756402
 129.600000 0.016367 1.541362 12.941394
 129.800000 0.194749 1.574457 0.211048
 130.000000 0.256734 1.497903 6.035280
 130.200000 0.125597 1.478182 5.486017
 130.400000 0.249834 1.549599 3.059795
 130.600000 0.129275 1.598358 1.403957
 130.800000 0.099584 1.529432 3.664202
 131.000000 0.162145 1.579414 0.113868
 131.200000 0.109431 1.639460 4.476514
 131.400000 0.108987 1.611073 2.959244
 131.600000 0.183268 1.473239 4.796830
 131.800000 0.164002 1.551777 0.236323
 132.000000 0.265810 1.550535 4.371016
 132.200000 0.189895 1.506602 2.178483
 132.400000 0.105772 1.590052 2.549405
 132.600000 0.246230 1.452312 9.589546
 132.800000 0.087073 1.560684 3.875762
 133.000000 0.140111 1.563419 0.619636
 133.200000 0.065299 1.590605 6.162220
 133.400000 0.116693 1.530360 2.490308
 133.600000 0.231002 1.560507 1.647330
 133.800000 0.213885 1.624183 2.199370
 134.000000 0.185974 1.513512 1.706205
 134.200000 0.198175 1.491400 3.431325
 134.400000 0.224277 1.625054 2.709151
 134.600000 0.188324 1.536206 0.693348
 134.800000 0.194569 1.554737 0.329670
 135.000000 0.104429 1.614025 3.391655
 135.200000 0.128242 1.488760 4.436392
 135.400000 0.142094 1.635379 2.611630
 135.600000 0.130866 1.560937 1.002001
 135.800000 0.151993 1.548423 0.504304
 136.000000 0.168024 1.558281 0.099501
 136.200000 0.153525 1.507422 2.228825
 136.400000 0.213831 1.581686 0.831445
 136.600000 0.196982 1.491572 3.390263
 136.800000 0.087536 1.525926 4.790871
 137.000000 0.105024 1.570329 2.415841
 137.200000 0.154231 1.580521 0.253363
 137.400000 0.148130 1.596054 0.667529
 137.600000 0.139541 1.620463 1.845600
 137.800000 0.188435 1.528722 0.981740
 138.000000 0.158704 1.578049 0.151569
 138.200000 0.200283 1.542472 0.732668
 138.400000 0.150208 1.588336 0.449682
 138.600000 0.113819 1.609152 2.578702
 138.800000 0.076719 1.517859 6.185017
 139.000000 0.174764 1.604253 0.559709
 139.200000 0.210605 1.490716 3.856986
 139.400000 0.120179 1.497398 4.170883
 139.600000 0.184334 1.538790 0.560243
 139.800000 0.219561 1.495814 3.824942
 140.000000 0.195437 1.583136 0.294637
 140.200000 0.157753 1.529897 0.977155
 140.400000 0.156729 1.622712 1.506128
 140.600000 0.171310 1.581630 0.063882
 140.800000 0.228429 1.563020 1.482633
 141.000000 0.072623 1.633185 7.138940
 141.200000 0.188426 1.513331 1.747617
 141.400000 0.190100 1.596841 0.460317
 141.600000 0.170347 1.505776 2.122593
 141.800000 0.190120 1.423147 11.021631
 142.000000 0.082328 1.538531 4.771360
 142.200000 0.148242 1.517474 1.767225
 142.400000 0.191381 1.570781 0.141931
 142.600000 0.230044 1.640495 3.969693
 142.800000 0.166398 1.461561 5.999226
 143.000000 0.164663 1.556055 0.157363
 143.200000 0.240063 1.563000 2.177498
 143.400000 0.175140 1.526627 0.975653
 143.600000 0.155856 1.572254 0.175484
 143.800000 0.271610 1.566948 4.719385
 144.000000 0.160083 1.623473 1.491805
 144.200000 0.217212 1.554880 1.037437
 144.400000 0.237121 1.514707 3.531621
 144.600000 0.069230 1.556149 5.651656
 144.800000 0.112518 1.500479 4.395182
 145.000000 0.108392 1.493341 5.187010
 145.200000 0.205750 1.576859 0.505628
 145.400000 0.203845 1.530838 1.227922
 145.600000 0.157966 1.499931 2.648211
 145.800000 0.172193 1.499624 2.535483
 146.000000 0.172462 1.472958 4.788363
 146.200000 0.145314 1.619579 1.616741
 146.400000 0.203712 1.556437 0.528818
 146.600000 0.162004 1.649549 3.179447
 146.800000 0.174935 1.582985 0.074366
 147.000000 0.205241 1.570121 0.471723
 147.200000 0.188526 1.598943 0.494033
 147.400000 0.183653 1.545185 0.369553
 147.600000 0.125115 1.541123 1.661288
 147.800000 0.105664 1.535414 2.997393
 148.000000 0.168679 1.519983 1.308148
 148.200000 0.191292 1.521871 1.337296
 148.400000 0.091361 1.519032 4.798541
 148.600000 0.131040 1.550556 1.150643
 148.800000 0.213277 1.589199 0.919876
 149.000000 0.178436 1.609193 0.744779
 149.200000 0.113767 1.554340 1.981643
 149.400000 0.169303 1.597992 0.383479
 149.600000 0.129709 1.578078 1.031099
 149.800000 0.147545 1.487395 3.842078
 150.000000 0.220853 1.502744 3.388344
 150.200000 0.144055 1.545537 0.783473
 150.400000 0.217400 1.498599 3.525016
 150.600000 0.236302 1.445606 9.744058
 150.800000 0.129854 1.545680 1.313547
 151.000000 0.219557 1.524766 2.072956
 151.200000 0.152727 1.582562 0.306954
 151.400000 0.153417 1.592745 0.463816
 151.600000 0.186170 1.560774 0.117931
 151.800000 0.115638 1.684487 8.197057
 152.000000 0.188589 1.598246 0.475519
 152.200000 0.127396 1.530685 1.915387
 152.400000 0.149396 1.595894 0.630882
 152.600000 0.208573 1.560739 0.629941
 152.800000 0.103904 1.577972 2.519988
 153.000000 0.157430 1.581692 0.205618
 153.200000 0.129020 1.546592 1.328645
 153.400000 0.102130 1.538961 3.127825
 153.600000 0.244145 1.504196 4.640700
 153.800000 0.162254 1.522822 1.226156
 154.000000 0.181702 1.507730 2.014406
 154.200000 0.218519 1.545915 1.276909
 154.400000 0.241271 1.525389 3.257904
 154.600000 0.179506 1.601744 0.491232
 154.800000 0.139701 1.560309 0.661640
 155.000000 0.139722 1.669736 5.500449
 155.200000 0.148635 1.557350 0.425750
 155.400000 0.138719 1.544326 0.991677
 155.600000 0.128494 1.630488 2.841373
 155.800000 0.134439 1.490956 3.991001
 156.000000 0.115939 1.514703 3.289852
 156.200000 0.125679 1.488921 4.545169
 156.400000 0.149236 1.464341 5.986384
 156.600000 0.138912 1.513428 2.279991
 156.800000 0.166633 1.577853 0.056105
 157.000000 0.174907 1.541858 0.418777
 157.200000 0.163953 1.572139 0.056868
 157.400000 0.213668 1.509223 2.661444
 157.600000 0.164219 1.548528 0.301128
 157.800000 0.163045 1.615941 1.085005
 158.000000 0.123639 1.523790 2.399886
 158.200000 0.211226 1.637333 2.886792
 158.400000 0.237192 1.560876 2.012264
 158.600000 0.088132 1.576965 3.751559
 158.800000 0.215804 1.546612 1.144091
 159.000000 0.112591 1.448461 9.401367
 159.200000 0.128950 1.500233 3.528517
 159.400000 0.086976 1.511825 5.571927
 159.600000 0.079958 1.464430 10.129158
 159.800000 0.135737 1.623014 2.115899
 160.000000 0.158458 1.503804 2.373163
 160.200000 0.204308 1.525188 1.483303
 160.400000 0.181571 1.650231 3.179729
 160.600000 0.206998 1.573415 0.530413
 160.800000 0.096526 1.625966 4.564441
 161.000000 0.148675 1.569326 0.335399
 161.200000 0.184815 1.644015 2.733314
 161.400000 0.107600 1.566257 2.250297
 161.600000 0.115915 1.502412 4.056204
 161.800000 0.157228 1.451728 7.238314
 162.000000 0.208884 1.490718 3.796273
 162.200000 0.189969 1.520464 1.385840
 162.400000 0.087434 1.571467 3.793324
 162.600000 0.108419 1.528452 3.082074
 162.800000 0.297986 1.550881 7.818683
 163.000000 0.235829 1.676444 7.459383
 163.200000 0.118636 1.545681 1.877635
 163.400000 0.045929 1.590585 8.465237
 163.600000 0.191271 1.654470 3.640764
 163.800000 0.224671 1.576478 1.273040
 164.000000 0.217687 1.593072 1.179231
 164.200000 0.116549 1.405518 15.339489
 164.400000 0.162398 1.506545 2.137779
 164.600000 0.213726 1.561187 0.814204
 164.800000 0.234608 1.483194 5.641620
 165.000000 0.196936 1.561051 0.298432
 165.200000 0.106834 1.537055 2.860804
 165.400000 0.153613 1.541975 0.634161
 165.600000 0.199147 1.649045 3.364383
 165.800000 0.158675 1.576821 0.143886
 166.000000 0.035008 1.583837 9.818630
 166.200000 0.208198 1.626597 2.123560
 166.400000 0.262323 1.533433 4.551521
 166.600000 0.206855 1.541074 0.964072
 166.800000 0.161219 1.503408 2.359205
 167.000000 0.182062 1.500392 2.506697
 167.200000 0.170690 1.511043 1.792630
 167.400000 0.250074 1.643550 5.499786
 167.600000 0.220137 1.484407 4.771448
 167.800000 0.041961 1.615334 9.779426
 168.000000 0.181266 1.543751 0.388384
 168.200000 0.163061 1.575395 0.076373
 168.400000 0.224732 1.589250 1.430246
 168.600000 0.195592 1.473045 4.999381
 168.800000 0.136409 1.516669 2.191592
 169.000000 0.124124 1.652247 4.587580
 169.200000 0.143689 1.638944 2.797758
 169.400000 0.150768 1.602528 0.785812
 169.600000 0.189590 1.412498 12.642524
 169.800000 0.180112 1.531541 0.786057
 170.000000 0.212003 1.573782 0.706467
 170.200000 0.126169 1.556868 1.266526
 170.400000 0.070736 1.599320 5.793738
 170.600000 0.198194 1.567597 0.285049
 170.800000 0.198182 1.481672 4.251170
 171.000000 0.167022 1.568291 0.031341
 171.200000 0.207197 1.494732 3.426403
 171.400000 0.113073 1.605496 2.490736
 171.600000 0.162750 1.555429 0.187501
 171.800000 0.141488 1.553739 0.691468
 172.000000 0.164562 1.556985 0.145093
 172.200000 0.149089 1.566468 0.333067
 172.400000 0.186555 1.494054 3.016984
 172.600000 0.168023 1.506614 2.080880
 172.800000 0.160724 1.538831 0.606251
 173.000000 0.202139 1.579357 0.417695
 173.200000 0.200768 1.589182 0.513169
 173.400000 0.148321 1.527686 1.272781
 173.600000 0.245361 1.520201 3.788224
 173.800000 0.153294 1.594018 0.495162
 174.000000 0.267546 1.556244 4.431607
 174.200000 0.109343 1.679935 8.080497
 174.400000 0.154267 1.568834 0.207278
 174.600000 0.198694 1.597100 0.637827
 174.800000 0.107362 1.560544 2.308525
 175.000000 0.189833 1.464436 5.773261
 175.200000 0.174224 1.462779 5.833898
 175.400000 0.198932 1.491223 3.463565
 175.600000 0.163803 1.455034 6.758005
 175.800000 0.126693 1.624154 2.567844
 176.000000 0.176377 1.573079 0.004306
 176.200000 0.071289 1.546857 5.616203
 176.400000 0.129382 1.659454 4.949438
 176.600000 0.261354 1.528563 4.660770
 176.800000 0.167203 1.617360 1.110944
 177.000000 0.217327 1.518106 2.303808
 177.200000 0.178007 1.572287 0.007147
 177.400000 0.141290 1.543333 0.929660
 177.600000 0.254404 1.495255 6.042968
 177.800000 0.136745 1.462130 6.618193
 178.000000 0.129681 1.544247 1.358277
 178.200000 0.210546 1.472534 5.476211
 178.400000 0.142067 1.579054 0.561097
 178.600000 0.176202 1.546260 0.302409
 178.800000 0.155999 1.505194 2.323598
 179.000000 0.122927 1.646964 4.232316
 179.200000 0.208161 1.563327 0.593308
 179.400000 0.093380 1.639718 5.667973
 179.600000 0.202999 1.628392 2.063806
 179.800000 0.198576 1.540655 0.743302
 180.000000 0.043252 1.633995 10.614411
 180.200000 0.252430 1.501730 5.419085
 180.400000 0.169728 1.464917 5.616739
 180.600000 0.169265 1.510481 1.832859
 180.800000 0.129709 1.402753 15.123912
 181.000000 0.064908 1.551497 6.195001
 181.200000 0.191621 1.466277 5.608100
 181.400000 0.093959 1.513747 4.873408
 181.600000 0.074074 1.602014 5.533323
 181.800000 0.239211 1.537058 2.660748
 182.000000 0.155845 1.589860 0.356347
 182.200000 0.103681 1.616636 3.560598
 182.400000 0.218683 1.616846 2.034880
 182.600000 0.169677 1.661129 4.091756
 182.800000 0.181823 1.545086 0.357073
 183.000000 0.177087 1.550213 0.215091
 183.200000 0.101275 1.445748 10.501865
 183.400000 0.239970 1.468563 7.366819
 183.600000 0.195416 1.468828 5.416863
 183.800000 0.193620 1.455764 6.798346
 184.000000 0.074772 1.511031 6.762037
 184.200000 0.119600 1.586152 1.626716
 184.400000 0.104428 1.650526 5.635793
 184.600000 0.195703 1.630586 2.011499
 184.800000 0.179726 1.655712 3.618796
 185.000000 0.215292 1.540042 1.303553
 185.200000 0.143542 1.571014 0.480228
 185.400000 0.088517 1.601748 4.178332
 185.600000 0.233793 1.530021 2.587174
 185.800000 0.067426 1.523108 6.873011
 186.000000 0.159332 1.485784 3.729047
 186.200000 0.156609 1.517571 1.577084
 186.400000 0.175542 1.525730 1.015990
 186.600000 0.262909 1.554903 4.031474
 186.800000 0.116129 1.527897 2.625687
 187.000000 0.149679 1.536009 0.913950
 187.200000 0.283393 1.639008 8.251679
 187.400000 0.122412 1.692981 8.822815
 187.600000 0.171678 1.598583 0.390129
 187.800000 0.152915 1.555667 0.348123
 188.000000 0.134528 1.562939 0.831076
 188.200000 0.181041 1.514987 1.578518
 188.400000 0.083392 1.513809 5.777115
 188.600000 0.172968 1.525035 1.048264
 188.800000 0.141879 1.441506 8.891146
 189.000000 0.086428 1.542645 4.277450
 189.200000 0.223219 1.532671 1.911959
 189.400000 0.114611 1.586459 1.917972
 189.600000 0.136539 1.582399 0.789071
 189.800000 0.242156 1.575511 2.297577
 190.000000 0.136848 1.683097 7.015760
 190.200000 0.191199 1.576347 0.154281
 190.400000 0.065074 1.515044 7.544752
 190.600000 0.094427 1.601304 3.673883
 190.800000 0.230006 1.554801 1.666566
 191.000000 0.104000 1.512498 4.186824
 191.200000 0.213696 1.434229 10.092141
 191.400000 0.178423 1.382376 17.758689
 191.600000 0.060547 1.470768 11.499215
 191.800000 0.181112 1.494439 2.936842
 192.000000 0.107336 1.611708 3.094561
 192.200000 0.058494 1.590123 6.919269
 192.400000 0.168716 1.548130 0.273796
 192.600000 0.179065 1.645734 2.818090
 192.800000 0.230309 1.590307 1.745819
 193.000000 0.107851 1.535074 2.861281
 193.200000 0.122820 1.585253 1.441596
 193.400000 0.235809 1.553614 2.024991
 193.600000 0.177655 1.589777 0.185001
 193.800000 0.154403 1.482416 4.108176
 194.000000 0.173359 1.537284 0.562223
 194.200000 0.083543 1.558730 4.212363
 194.400000 0.185805 1.502978 2.363181
 194.600000 0.121569 1.539479 1.892964
 194.800000 0.097624 1.512649 4.648039
 195.000000 0.191585 1.586155 0.263324
 195.200000 0.185617 1.597556 0.419466
 195.400000 0.174168 1.602919 0.516011
 195.600000 0.143568 1.603555 1.015993
 195.800000 0.111967 1.567806 1.961709
 196.000000 0.190409 1.540516 0.584461
 196.200000 0.255943 1.607525 3.988334
 196.400000 0.181632 1.552283 0.196579
 196.600000 0.048978 1.489583 11.179762
 196.800000 0.131144 1.536953 1.514014
 197.000000 0.206725 1.483759 4.305878
 197.200000 0.183108 1.498516 2.648971
 197.400000 0.200269 1.555198 0.452821
 197.600000 0.144744 1.505165 2.597443
 197.800000 0.090519 1.505370 5.669501
 198.000000 0.232648 1.585219 1.792674
 198.200000 0.187525 1.618398 1.217366
 198.400000 0.143580 1.680847 6.534571
 198.600000 0.119806 1.522209 2.677900
 198.800000 0.107109 1.531490 3.045518
 199.000000 0.127881 1.558079 1.169077
 199.200000 0.150726 1.520544 1.546013
 199.400000 0.170704 1.565434 0.021704
 199.600000 0.173475 1.457933 6.369618
 199.800000 0.181429 1.521202 1.253558
 200.000000 0.200538 1.592202 0.567229
