#! FIELDS time phi psi restraint.bias
#! SET min_phi -pi
#! SET max_phi pi
#! SET min_psi -pi
#! SET max_psi pi
 0.000000 -2.276419 1.152213 63.851006
 0.200000 -2.625569 1.000448 1.121460
 0.400000 -2.674945 0.977716 4.035568
 0.600000 -2.518478 1.050256 4.956390
 0.800000 -2.559297 1.032902 1.824846
 1.000000 -2.599657 0.999104 1.324589
 1.200000 -2.574259 1.023399 1.239570
 1.400000 -2.586786 1.022852 0.783320
 1.600000 -2.604081 0.962956 3.645100
 1.800000 -2.650925 0.992853 2.018893
 2.000000 -2.597367 1.009579 0.920322
 2.200000 -2.580066 1.024434 0.978378
 2.400000 -2.699700 1.040015 3.363717
 2.600000 -2.556210 1.071264 2.198204
 2.800000 -2.575706 0.998091 2.099821
 3.000000 -2.571833 1.088203 1.906133
 3.200000 -2.590916 1.048625 0.367624
 3.400000 -2.537082 1.064694 3.426395
 3.600000 -2.654754 0.946883 5.707219
 3.800000 -2.553886 1.084821 2.762622
 4.000000 -2.669399 0.993552 2.760176
 4.200000 -2.553830 1.008471 2.808397
 4.400000 -2.592072 1.151952 5.822721
 4.600000 -2.706097 1.003251 4.846702
 4.800000 -2.524233 1.034639 4.474424
 5.000000 -2.579640 1.079233 1.248634
 5.200000 -2.587169 1.050058 0.479179
 5.400000 -2.600058 1.062152 0.272664
 5.600000 -2.569396 1.119586 3.800937
 5.800000 -2.528127 1.034730 4.115712
 6.000000 -2.560832 1.122074 4.436999
 6.200000 -2.595983 1.028754 0.412313
 6.400000 -2.493755 0.971062 10.616036
 6.600000 -2.652056 1.105890 2.302523
 6.800000 -2.662140 1.009784 1.674364
 7.000000 -2.625663 0.925079 7.485825
 7.200000 -2.600148 1.099744 1.539809
 7.400000 -2.640117 1.091892 1.243509
 7.600000 -2.565008 1.043812 1.409496
 7.800000 -2.608236 1.100751 1.481585
 8.000000 -2.690430 1.073777 2.976745
 8.200000 -2.551319 1.155707 8.109968
 8.400000 -2.605674 1.118953 2.650323
 8.600000 -2.625991 1.084325 0.721204
 8.800000 -2.590087 1.061411 0.490396
 9.000000 -2.563285 1.094576 2.618863
 9.200000 -2.597124 1.021360 0.551575
 9.400000 -2.638570 1.047867 0.211920
 9.600000 -2.699332 1.078794 3.807131
 9.800000 -2.593219 1.000312 1.406021
 10.000000 -2.704242 1.016932 4.177393
 10.200000 -2.667258 1.070733 1.490434
 10.400000 -2.506150 1.089058 7.130730
 10.600000 -2.648390 1.095704 1.638386
 10.800000 -2.612181 1.085060 0.733692
 11.000000 -2.574783 0.948919 5.762954
 11.200000 -2.572293 1.078548 1.535688
 11.400000 -2.644414 1.028530 0.523255
 11.600000 -2.561994 1.017003 2.023814
 11.800000 -2.658061 1.086251 1.565284
 12.000000 -2.593340 0.938757 6.183571
 12.200000 -2.627388 0.970806 2.961948
 12.400000 -2.529305 1.026009 4.157380
 12.600000 -2.597978 0.989582 1.860105
 12.800000 -2.594143 1.054263 0.309395
 13.000000 -2.577421 1.014582 1.354978
 13.200000 -2.651246 1.010911 1.211196
 13.400000 -2.567892 1.088519 2.108824
 13.600000 -2.577796 1.053630 0.828629
 13.800000 -2.577377 1.081409 1.410074
 14.000000 -2.661218 1.080880 1.501402
 14.200000 -2.689238 0.989165 4.221778
 14.400000 -2.584571 1.026915 0.764223
 14.600000 -2.523567 1.050067 4.462286
 14.800000 -2.656180 1.003385 1.688858
 15.000000 -2.489309 1.034704 8.357897
 15.200000 -2.560831 1.078750 2.131556
 15.400000 -2.630257 1.101736 1.562400
 15.600000 -2.559947 1.093056 2.736254
 15.800000 -2.563371 1.035441 1.560921
 16.000000 -2.675509 0.955685 5.841253
 16.200000 -2.510872 1.006060 6.583650
 16.400000 -2.536886 0.962231 6.898942
 16.600000 -2.665579 1.005387 2.006247
 16.800000 -2.581003 1.037329 0.732857
 17.000000 -2.606653 1.025759 0.294110
 17.200000 -2.597424 1.018303 0.629024
 17.400000 -2.591881 0.925685 7.723639
 17.600000 -2.493940 1.020098 8.061849
 17.800000 -2.557933 1.037447 1.851211
 18.000000 -2.639660 0.915474 8.910282
 18.200000 -2.547940 1.075331 2.849550
 18.400000 -2.548794 0.997893 3.609779
 18.600000 -2.654306 0.963488 4.162899
 18.800000 -2.596731 1.076300 0.649539
 19.000000 -2.466381 1.140661 15.860861
 19.200000 -2.569134 1.106079 2.927135
 19.400000 -2.612899 1.049370 0.015341
 19.600000 -2.545392 1.092230 3.649474
 19.800000 -2.593802 0.984695 2.245899
 20.000000 -2.596642 0.968723 3.307079
 20.200000 -2.507548 0.945540 11.266245
 20.400000 -2.505218 0.957850 10.350678
 20.600000 -2.658846 0.986585 2.671377
 20.800000 -2.610055 1.085693 0.772455
 21.000000 -2.435275 1.000962 17.761939
 21.200000 -2.575844 1.039351 0.919103
 21.400000 -2.576001 0.998189 2.082602
 21.600000 -2.537475 1.032450 3.350358
 21.800000 -2.587846 1.069664 0.706833
 22.000000 -2.603079 1.034130 0.196611
 22.200000 -2.494112 1.043852 7.679000
 22.400000 -2.626178 1.030192 0.178090
 22.600000 -2.671799 0.951675 6.009812
 22.800000 -2.567209 1.063876 1.428630
 23.000000 -2.624530 1.021678 0.346995
 23.200000 -2.621520 0.998073 1.212829
 23.400000 -2.501655 1.007714 7.546787
 23.600000 -2.626722 0.994299 1.437217
 23.800000 -2.640885 0.977444 2.694781
 24.000000 -2.534811 1.042349 3.471413
 24.200000 -2.662336 1.078656 1.477941
 24.400000 -2.669340 0.996599 2.598277
 24.600000 -2.536150 1.079624 3.874918
 24.800000 -2.597837 1.079728 0.732264
 25.000000 -2.609160 1.020452 0.396678
 25.200000 -2.627879 1.027593 0.241017
 25.400000 -2.545242 1.044399 2.650312
 25.600000 -2.566682 1.012810 1.907666
 25.800000 -2.632866 1.063656 0.246028
 26.000000 -2.529891 1.159592 10.197305
 26.200000 -2.679527 0.994536 3.279770
 26.400000 -2.640031 1.023342 0.527374
 26.600000 -2.564721 1.043385 1.426242
 26.800000 -2.588166 1.071986 0.752087
 27.000000 -2.639270 1.043762 0.232247
 27.200000 -2.601535 1.080486 0.689512
 27.400000 -2.598804 1.111137 2.228216
 27.600000 -2.640360 1.081878 0.851488
 27.800000 -2.641167 1.069263 0.511945
 28.000000 -2.575060 1.039634 0.950252
 28.200000 -2.590964 1.038378 0.404191
 28.400000 -2.620089 1.010754 0.666246
 28.600000 -2.632110 1.099073 1.445151
 28.800000 -2.619081 1.002769 0.987546
 29.000000 -2.580869 1.009605 1.395743
 29.200000 -2.646180 0.997176 1.648326
 29.400000 -2.611227 0.970766 2.943752
 29.600000 -2.586567 1.046825 0.493897
 29.800000 -2.607182 1.056752 0.104094
 30.000000 -2.544143 1.008717 3.467364
 30.200000 -2.644045 1.071293 0.629610
 30.400000 -2.647275 1.070792 0.707049
 30.600000 -2.605935 1.138583 4.248321
 30.800000 -2.655812 1.102747 2.257998
 31.000000 -2.573097 1.068116 1.226637
 31.200000 -2.562305 1.051878 1.561582
 31.400000 -2.641796 0.964695 3.686645
 31.600000 -2.625189 1.130909 3.529715
 31.800000 -2.672673 1.076060 1.911440
 32.000000 -2.640995 1.100565 1.688577
 32.200000 -2.650553 1.081558 1.120371
 32.400000 -2.631885 1.151440 5.529703
 32.600000 -2.565587 1.140096 5.688308
 32.800000 -2.595636 1.133996 4.016898
 33.000000 -2.596855 1.093484 1.294642
 33.200000 -2.613983 1.111699 2.088271
 33.400000 -2.594663 1.107205 2.072647
 33.600000 -2.632529 1.144589 4.848163
 33.800000 -2.564851 1.139818 5.701380
 34.000000 -2.675903 1.048474 1.677522
 34.200000 -2.700870 1.000323 4.532833
 34.400000 -2.625699 1.015920 0.518840
 34.600000 -2.616341 1.019334 0.389564
 34.800000 -2.648134 1.035922 0.517777
 35.000000 -2.640639 1.032337 0.366806
 35.200000 -2.570301 1.023057 1.428657
 35.400000 -2.548352 1.098163 3.723732
 35.600000 -2.671901 1.136565 5.446307
 35.800000 -2.597641 1.060927 0.301370
 36.000000 -2.637956 1.075704 0.605556
 36.200000 -2.648154 1.021984 0.772677
 36.400000 -2.537184 1.016879 3.724724
 36.600000 -2.613544 1.012696 0.605086
 36.800000 -2.573474 1.020634 1.343807
 37.000000 -2.661055 1.014831 1.450932
 37.200000 -2.596063 0.979398 2.538897
 37.400000 -2.532855 0.949332 8.413180
 37.600000 -2.651846 1.033134 0.671867
 37.800000 -2.570295 1.080259 1.684115
 38.000000 -2.540069 1.148288 8.145804
 38.200000 -2.638419 1.075109 0.598132
 38.400000 -2.539061 1.079339 3.631695
 38.600000 -2.587559 1.032022 0.578294
 38.800000 -2.571029 1.030321 1.245244
 39.000000 -2.601429 1.006363 0.970935
 39.200000 -2.589575 1.025557 0.637968
 39.400000 -2.533481 1.061773 3.677472
 39.600000 -2.627355 1.025428 0.280774
 39.800000 -2.698703 1.066996 3.452998
 40.000000 -2.475082 1.005926 11.063563
 40.200000 -2.577234 1.118269 3.356252
 40.400000 -2.634622 1.082529 0.762381
 40.600000 -2.670296 1.021487 1.698253
 40.800000 -2.589684 1.069329 0.645629
 41.000000 -2.484992 1.014363 9.383767
 41.200000 -2.578705 1.013256 1.347830
 41.400000 -2.597649 1.013937 0.760102
 41.600000 -2.594511 1.051777 0.286207
 41.800000 -2.599827 1.041735 0.179927
 42.000000 -2.550494 1.037130 2.328765
 42.200000 -2.620791 1.081731 0.600194
 42.400000 -2.582893 1.057853 0.672818
 42.600000 -2.571499 1.042444 1.092180
 42.800000 -2.610042 0.954816 4.298808
 43.000000 -2.529380 1.065604 4.095625
 43.200000 -2.561343 1.003136 2.575383
 43.400000 -2.597481 0.983724 2.224828
 43.600000 -2.592960 1.113125 2.486596
 43.800000 -2.634609 1.025931 0.364181
 44.000000 -2.640796 1.040952 0.279480
 44.200000 -2.517585 1.127466 8.262531
 44.400000 -2.572049 1.012324 1.663571
 44.600000 -2.606431 0.981783 2.206399
 44.800000 -2.585099 0.987449 2.325995
 45.000000 -2.547737 1.059620 2.545140
 45.200000 -2.623388 0.887802 12.717980
 45.400000 -2.596312 1.043553 0.241697
 45.600000 -2.572256 0.976368 3.554360
 45.800000 -2.555021 0.969261 5.019822
 46.000000 -2.603516 1.036144 0.165906
 46.200000 -2.592616 0.955769 4.501622
 46.400000 -2.510858 1.040422 5.761960
 46.600000 -2.602131 1.023317 0.410953
 46.800000 -2.619454 1.048171 0.001540
 47.000000 -2.476805 1.134742 13.799097
 47.200000 -2.647114 1.022085 0.739318
 47.400000 -2.694432 1.010596 3.591194
 47.600000 -2.485430 1.054865 8.816033
 47.800000 -2.546209 1.038184 2.617147
 48.000000 -2.658994 1.016435 1.313676
 48.200000 -2.632505 1.021986 0.423093
 48.400000 -2.526150 1.029598 4.372496
 48.600000 -2.637051 0.988812 1.886016
 48.800000 -2.609811 0.967749 3.189532
 49.000000 -2.507696 1.035946 6.146135
 49.200000 -2.659677 0.971122 3.762466
 49.400000 -2.629588 1.103722 1.664727
 49.600000 -2.561350 1.091870 2.602062
 49.800000 -2.631563 1.118713 2.649324
 50.000000 -2.614133 1.122787 2.864339
 50.200000 -2.596225 1.101650 1.719443
 50.400000 -2.635260 1.063883 0.288258
 50.600000 -2.641027 1.048093 0.265674
 50.800000 -2.559866 1.007362 2.482907
 51.000000 -2.628699 0.978996 2.383052
 51.200000 -2.620732 0.986024 1.874829
 51.400000 -2.593754 1.024838 0.543781
 51.600000 -2.612702 1.065254 0.177025
 51.800000 -2.594315 1.025416 0.517561
 52.000000 -2.596756 0.954371 4.533901
 52.200000 -2.564317 1.108840 3.340539
 52.400000 -2.581966 1.085962 1.400355
 52.600000 -2.593935 1.077506 0.748712
 52.800000 -2.658596 1.133218 4.524032
 53.000000 -2.648684 1.076272 0.893614
 53.200000 -2.575534 1.035580 0.968893
 53.400000 -2.538574 1.086427 3.923228
 53.600000 -2.615004 1.062448 0.120755
 53.800000 -2.648230 1.010531 1.129332
 54.000000 -2.625444 1.103009 1.585211
 54.200000 -2.642063 1.035013 0.363879
 54.400000 -2.546108 1.064470 2.732947
 54.600000 -2.584349 1.054910 0.595736
 54.800000 -2.580045 0.967364 3.906793
 55.000000 -2.594019 1.128924 3.627031
 55.200000 -2.654609 1.118110 3.184603
 55.400000 -2.543374 1.111593 4.857473
 55.600000 -2.599234 1.129105 3.530337
 55.800000 -2.624880 0.970181 2.989521
 56.000000 -2.519438 1.092932 5.902427
 56.200000 -2.628247 1.062520 0.169957
 56.400000 -2.631883 0.935299 6.357079
 56.600000 -2.528988 0.933849 10.384933
 56.800000 -2.504467 1.107620 8.269542
 57.000000 -2.615904 0.937710 5.995930
 57.200000 -2.751890 0.945762 14.108712
 57.400000 -2.492607 1.059375 7.935129
 57.600000 -2.566590 0.981941 3.450373
 57.800000 -2.598009 0.983859 2.205602
 58.000000 -2.528543 1.072743 4.327017
 58.200000 -2.576688 0.980180 3.098779
 58.400000 -2.667342 1.063642 1.352848
 58.600000 -2.556278 1.123939 4.849070
 58.800000 -2.562126 1.050339 1.565571
 59.000000 -2.571260 1.100330 2.503536
 59.200000 -2.575395 0.962176 4.521680
 59.400000 -2.572433 1.048953 1.039426
 59.600000 -2.602152 1.058326 0.187404
 59.800000 -2.561561 0.958377 5.536889
 60.000000 -2.551901 1.044377 2.188080
 60.200000 -2.558828 1.042608 1.760845
 60.400000 -2.589105 1.082168 1.028766
 60.600000 -2.637985 1.142051 4.698417
 60.800000 -2.641679 1.042041 0.293777
 61.000000 -2.631218 1.041070 0.106215
 61.200000 -2.523373 1.093789 5.561967
 61.400000 -2.582326 0.996195 1.936735
 61.600000 -2.569314 1.016659 1.651150
 61.800000 -2.596260 1.127490 3.459640
 62.000000 -2.579400 0.930175 7.591858
 62.200000 -2.566033 1.037063 1.401309
 62.400000 -2.610794 1.044150 0.030561
 62.600000 -2.647087 0.996328 1.717082
 62.800000 -2.562854 1.053415 1.539556
 63.000000 -2.583953 1.020337 0.940118
 63.200000 -2.593858 1.108574 2.174828
 63.400000 -2.556932 1.063861 2.003132
 63.600000 -2.586730 1.088972 1.361280
 63.800000 -2.608549 1.089891 0.955970
 64.000000 -2.630322 1.013058 0.658747
 64.200000 -2.551261 1.093006 3.275818
 64.400000 -2.505027 1.104687 8.033305
 64.600000 -2.574393 0.968461 4.050249
 64.800000 -2.613154 1.046885 0.011762
 65.000000 -2.503558 1.001560 7.589133
 65.200000 -2.623111 0.950276 4.710010
 65.400000 -2.599303 1.044205 0.179157
 65.600000 -2.630674 1.087548 0.894453
 65.800000 -2.731407 1.032366 6.541219
 66.000000 -2.570328 1.067684 1.345852
 66.200000 -2.589980 1.037752 0.436991
 66.400000 -2.595781 1.030763 0.381745
 66.600000 -2.576566 1.079666 1.385247
 66.800000 -2.590014 0.985186 2.314172
 67.000000 -2.540660 1.129952 6.414422
 67.200000 -2.624686 1.044328 0.026507
 67.400000 -2.719472 1.045620 5.150162
 67.600000 -2.594356 1.078558 0.771098
 67.800000 -2.616633 1.095309 1.158296
 68.000000 -2.665598 1.135983 5.074502
 68.200000 -2.588383 1.056501 0.481680
 68.400000 -2.656163 1.115801 3.081682
 68.600000 -2.602963 1.114157 2.354763
 68.800000 -2.590808 1.116955 2.802597
 69.000000 -2.726123 1.103458 7.428592
 69.200000 -2.448288 1.124322 17.374191
 69.400000 -2.643492 1.055443 0.359077
 69.600000 -2.695301 1.116366 5.380342
 69.800000 -2.563841 1.028086 1.648891
 70.000000 -2.674373 1.194083 12.377027
 70.200000 -2.671763 1.066026 1.622823
 70.400000 -2.567415 1.014489 1.814001
 70.600000 -2.613443 1.050857 0.017049
 70.800000 -2.567910 0.963133 4.787594
 71.000000 -2.653717 1.101175 2.094857
 71.200000 -2.653690 1.091938 1.637947
 71.400000 -2.604013 1.022519 0.402253
 71.600000 -2.668622 1.130165 4.723410
 71.800000 -2.637398 1.139780 4.474003
 72.000000 -2.632913 1.058290 0.172810
 72.200000 -2.697948 1.123924 6.139796
 72.400000 -2.634961 1.057481 0.196814
 72.600000 -2.582686 1.049105 0.625159
 72.800000 -2.625650 1.053022 0.046271
 73.000000 -2.552500 1.068682 2.375492
 73.200000 -2.577093 1.057678 0.891359
 73.400000 -2.653658 1.102170 2.146965
 73.600000 -2.668253 1.031340 1.388710
 73.800000 -2.572365 1.098190 2.341108
 74.000000 -2.632793 1.037241 0.159074
 74.200000 -2.591628 1.008311 1.103654
 74.400000 -2.593623 1.002721 1.286053
 74.600000 -2.708151 1.010145 4.750575
 74.800000 -2.608702 1.011548 0.678618
 75.000000 -2.590431 1.044673 0.383056
 75.200000 -2.666544 1.008547 1.925471
 75.400000 -2.665049 0.956148 5.252044
 75.600000 -2.584459 1.074377 0.931661
 75.800000 -2.638936 1.045822 0.220230
 76.000000 -2.583073 1.010416 1.286166
 76.200000 -2.592455 1.092745 1.363401
 76.400000 -2.610146 1.158546 6.230032
 76.600000 -2.684846 1.063993 2.375624
 76.800000 -2.660481 1.128475 4.205616
 77.000000 -2.612906 1.074379 0.382351
 77.200000 -2.551981 1.069461 2.426680
 77.400000 -2.689114 1.047179 2.529060
 77.600000 -2.618226 1.034773 0.077206
 77.800000 -2.564534 1.050425 1.434162
 78.000000 -2.667713 1.035618 1.303038
 78.200000 -2.633429 1.030725 0.254794
 78.400000 -2.571918 1.122879 3.925332
 78.600000 -2.645814 1.159174 6.656364
 78.800000 -2.694460 1.034015 3.010435
 79.000000 -2.648482 1.109633 2.413843
 79.200000 -2.600038 1.019063 0.556990
 79.400000 -2.701457 1.023737 3.758201
 79.600000 -2.659533 1.078798 1.362055
 79.800000 -2.507498 1.118310 8.633228
 80.000000 -2.734367 1.080083 7.312117
 80.200000 -2.663712 1.073610 1.393851
 80.400000 -2.550725 1.118366 4.795014
 80.600000 -2.714001 1.132260 8.226549
 80.800000 -2.610045 1.088878 0.900245
 81.000000 -2.601865 1.111415 2.192024
 81.200000 -2.674389 1.158171 7.747752
 81.400000 -2.657470 1.017673 1.215054
 81.600000 -2.649403 1.052129 0.505421
 81.800000 -2.583313 1.085807 1.346721
 82.000000 -2.636852 1.042995 0.186639
 82.200000 -2.726874 1.064366 6.074787
 82.400000 -2.616778 1.043188 0.008778
 82.600000 -2.600874 1.100879 1.587366
 82.800000 -2.620625 1.107591 1.827128
 83.000000 -2.648350 1.138330 4.613336
 83.200000 -2.598656 1.064004 0.328197
 83.400000 -2.593017 1.108504 2.191160
 83.600000 -2.655494 1.062844 0.825520
 83.800000 -2.621076 1.067959 0.220270
 84.000000 -2.589476 1.074236 0.772197
 84.200000 -2.686916 1.014905 2.896552
 84.400000 -2.580509 1.075526 1.103818
 84.600000 -2.559780 0.992585 3.185663
 84.800000 -2.670631 1.054921 1.415178
 85.000000 -2.623285 1.023211 0.301687
 85.200000 -2.605553 0.997862 1.294390
 85.400000 -2.674729 1.014284 2.151123
 85.600000 -2.564574 1.036971 1.479122
 85.800000 -2.621225 1.060860 0.098550
 86.000000 -2.658257 1.100976 2.256609
 86.200000 -2.573793 1.111806 3.063949
 86.400000 -2.627044 1.039748 0.068700
 86.600000 -2.646356 1.125749 3.487355
 86.800000 -2.629370 0.986303 1.918757
 87.000000 -2.641662 1.090267 1.207597
 87.200000 -2.650416 1.018777 0.929462
 87.400000 -2.612122 1.073831 0.371915
 87.600000 -2.691923 1.034114 2.818319
 87.800000 -2.569626 1.107519 2.989068
 88.000000 -2.612751 1.106698 1.783913
 88.200000 -2.633999 1.060471 0.216176
 88.400000 -2.642439 1.103862 1.904179
 88.600000 -2.561269 1.216148 15.880997
 88.800000 -2.613227 1.044640 0.014632
 89.000000 -2.725512 1.024581 6.035811
 89.200000 -2.577391 1.084399 1.516256
 89.400000 -2.618980 1.053153 0.018222
 89.600000 -2.598366 1.062894 0.315806
 89.800000 -2.679232 1.060473 1.963155
 90.000000 -2.602942 1.062440 0.229445
 90.200000 -2.624597 1.068205 0.242449
 90.400000 -2.624010 1.105557 1.721008
 90.600000 -2.566680 1.037965 1.359185
 90.800000 -2.662205 1.134413 4.780620
 91.000000 -2.614059 1.060260 0.093051
 91.200000 -2.600003 1.115482 2.493245
 91.400000 -2.598116 1.080621 0.756139
 91.600000 -2.674105 1.013907 2.128331
 91.800000 -2.591404 1.067455 0.558702
 92.000000 -2.553060 1.026329 2.325964
 92.200000 -2.675186 1.084736 2.340056
 92.400000 -2.687576 1.012536 3.021568
 92.600000 -2.564649 1.065571 1.591604
 92.800000 -2.657958 1.123011 3.672385
 93.000000 -2.610898 1.030591 0.163071
 93.200000 -2.529015 1.123552 6.873577
 93.400000 -2.708304 1.070466 4.348654
 93.600000 -2.602484 1.017233 0.569223
 93.800000 -2.493123 1.139892 12.092502
 94.000000 -2.679660 1.057702 1.956518
 94.200000 -2.604950 0.993033 1.551952
 94.400000 -2.581986 1.048233 0.648811
 94.600000 -2.674939 0.991369 3.179784
 94.800000 -2.666660 1.003696 2.130376
 95.000000 -2.532782 1.042158 3.643225
 95.200000 -2.637072 1.029595 0.336925
 95.400000 -2.598652 1.076579 0.618678
 95.600000 -2.552717 1.045847 2.131480
 95.800000 -2.558898 1.098795 3.077313
 96.000000 -2.659680 1.006596 1.693089
 96.200000 -2.556648 1.073022 2.215130
 96.400000 -2.619646 1.094221 1.106946
 96.600000 -2.596880 1.024806 0.473592
 96.800000 -2.651913 1.040866 0.595309
 97.000000 -2.512018 1.071649 5.914363
 97.200000 -2.629793 0.946912 5.098173
 97.400000 -2.684808 1.027330 2.429419
 97.600000 -2.526605 1.042926 4.185130
 97.800000 -2.503296 1.012725 7.172028
 98.000000 -2.611085 1.022244 0.335204
 98.200000 -2.656425 1.001744 1.771526
 98.400000 -2.556786 1.027175 2.073682
 98.600000 -2.644227 1.033674 0.435524
 98.800000 -2.560972 1.110129 3.605901
 99.000000 -2.623462 1.071884 0.319652
 99.200000 -2.626372 1.009299 0.753256
 99.400000 -2.636584 1.062266 0.286332
 99.600000 -2.507391 0.992080 7.635404
 99.800000 -2.558379 0.993270 3.231056
 100.000000 -2.549054 1.097397 3.636350
 100.200000 -2.656730 1.029640 0.904361
 100.400000 -2.686708 1.051581 2.370421
 100.600000 -2.565591 1.095392 2.534382
 100.800000 -2.570977 1.039137 1.137801
 101.000000 -2.597625 1.074316 0.575167
 101.200000 -2.639358 1.005013 1.117974
 101.400000 -2.572253 1.052281 1.059017
 101.600000 -2.665387 1.018335 1.539588
 101.800000 -2.611259 0.926005 7.366519
 102.000000 -2.579334 0.991041 2.324044
 102.200000 -2.580330 0.989746 2.359608
 102.400000 -2.621255 1.046542 0.005532
 102.600000 -2.552172 1.156599 8.150557
 102.800000 -2.629511 1.091787 1.060429
 103.000000 -2.614421 1.017062 0.460448
 103.200000 -2.571888 1.055305 1.095751
 103.400000 -2.544398 1.084497 3.403794
 103.600000 -2.581726 0.992380 2.160133
 103.800000 -2.578780 1.018191 1.189578
 104.000000 -2.571076 0.923299 8.776120
 104.200000 -2.649856 1.003901 1.444880
 104.400000 -2.507896 1.014205 6.605012
 104.600000 -2.673441 1.040590 1.559044
 104.800000 -2.628358 1.087386 0.861268
 105.000000 -2.551680 0.992418 3.699136
 105.200000 -2.566877 1.076398 1.732796
 105.400000 -2.630431 1.058431 0.140442
 105.600000 -2.535348 1.025378 3.653205
 105.800000 -2.642283 1.129624 3.692015
 106.000000 -2.614276 1.059903 0.087620
 106.200000 -2.538526 1.057153 3.207158
 106.400000 -2.627036 1.059564 0.117345
 106.600000 -2.546168 1.079338 3.095964
 106.800000 -2.627021 0.947014 5.059084
 107.000000 -2.658738 0.966202 4.110152
 107.200000 -2.518477 0.972895 7.712163
 107.400000 -2.607190 0.985539 1.959239
 107.600000 -2.608164 1.041867 0.062526
 107.800000 -2.645733 1.105909 2.108252
 108.000000 -2.662065 0.965554 4.303955
 108.200000 -2.540764 0.964150 6.430731
 108.400000 -2.491225 0.994663 9.415122
 108.600000 -2.637681 0.975867 2.737817
 108.800000 -2.627427 1.028215 0.224659
 109.000000 -2.538378 1.078774 3.667901
 109.200000 -2.643059 0.967028 3.527719
 109.400000 -2.560654 1.056126 1.683771
 109.600000 -2.574068 1.070847 1.244389
 109.800000 -2.702867 0.986863 5.421849
 110.000000 -2.603864 1.115754 2.449841
 110.200000 -2.515373 0.981979 7.392228
 110.400000 -2.551149 1.009963 2.927291
 110.600000 -2.650776 1.017813 0.969053
 110.800000 -2.618605 1.031908 0.117079
 111.000000 -2.564157 1.049911 1.452878
 111.200000 -2.590899 1.084806 1.074275
 111.400000 -2.663259 1.039198 1.056447
 111.600000 -2.546080 1.042740 2.595757
 111.800000 -2.556926 0.956448 5.982359
 112.000000 -2.637301 1.064925 0.343509
 112.200000 -2.594325 1.012565 0.879834
 112.400000 -2.650090 1.004691 1.418477
 112.600000 -2.666698 1.087170 1.984964
 112.800000 -2.483389 0.947203 14.058737
 113.000000 -2.614287 1.068103 0.225383
 113.200000 -2.613232 0.987523 1.791854
 113.400000 -2.492248 0.986324 9.758779
 113.600000 -2.675547 1.141733 6.124644
 113.800000 -2.618274 1.085232 0.723348
 114.000000 -2.636184 1.102530 1.696298
 114.200000 -2.619976 1.163698 6.788095
 114.400000 -2.565376 1.073134 1.720684
 114.600000 -2.551075 1.030066 2.385800
 114.800000 -2.595873 1.134165 4.026296
 115.000000 -2.658934 1.000648 1.921504
 115.200000 -2.624450 1.084515 0.717122
 115.400000 -2.596971 1.161956 6.805705
 115.600000 -2.595411 1.035580 0.322468
 115.800000 -2.643785 1.025910 0.559180
 116.000000 -2.561431 1.072631 1.923125
 116.200000 -2.630181 1.048742 0.075450
 116.400000 -2.541911 1.065617 3.063966
 116.600000 -2.628489 1.029065 0.219462
 116.800000 -2.627612 1.025536 0.280857
 117.000000 -2.569492 1.045248 1.178118
 117.200000 -2.615016 1.081206 0.582732
 117.400000 -2.647297 1.027981 0.613979
 117.600000 -2.608321 1.013952 0.599413
 117.800000 -2.534591 1.077664 3.942152
 118.000000 -2.610230 1.014004 0.581044
 118.200000 -2.627609 0.945733 5.193746
 118.400000 -2.557267 1.050899 1.850712
 118.600000 -2.586756 1.010679 1.154727
 118.800000 -2.654483 1.035713 0.731681
 119.000000 -2.553015 1.102543 3.642705
 119.200000 -2.677154 1.009725 2.452084
 119.400000 -2.566947 1.034436 1.384314
 119.600000 -2.517509 1.073308 5.389428
 119.800000 -2.662048 0.976623 3.460752
 120.000000 -2.604129 1.022741 0.395171
 120.200000 -2.655754 0.987263 2.508990
 120.400000 -2.565935 0.919247 9.540794
 120.600000 -2.544919 1.058466 2.733464
 120.800000 -2.638259 1.074621 0.581369
 121.000000 -2.585345 0.898497 11.588937
 121.200000 -2.654159 1.106848 2.433027
 121.400000 -2.585514 0.984418 2.498101
 121.600000 -2.620730 1.000638 1.087625
 121.800000 -2.574934 1.066654 1.116335
 122.000000 -2.567965 1.090295 2.180121
 122.200000 -2.665808 1.068622 1.372619
 122.400000 -2.651233 1.026677 0.762958
 122.600000 -2.526720 1.103541 5.752757
 122.800000 -2.610625 1.034443 0.108486
 123.000000 -2.599775 1.108761 2.061028
 123.200000 -2.605791 0.975882 2.617439
 123.400000 -2.665219 1.020460 1.472568
 123.600000 -2.549843 1.056560 2.366093
 123.800000 -2.618837 1.026403 0.216555
 124.000000 -2.643691 1.049058 0.331896
 124.200000 -2.597757 1.105487 1.903572
 124.400000 -2.678779 1.018893 2.247990
 124.600000 -2.604057 1.029044 0.261892
 124.800000 -2.623565 1.112940 2.176586
 125.000000 -2.542230 1.040199 2.894539
 125.200000 -2.600254 1.040933 0.176970
 125.400000 -2.687173 1.105869 4.114048
 125.600000 -2.550360 1.020299 2.648945
 125.800000 -2.582404 1.064068 0.775625
 126.000000 -2.682349 1.007579 2.855604
 126.200000 -2.548436 1.020818 2.767130
 126.400000 -2.609931 1.003305 0.995760
 126.600000 -2.644664 0.938482 6.265191
 126.800000 -2.553370 1.087097 2.884080
 127.000000 -2.527834 0.998144 5.267522
 127.200000 -2.626863 1.041853 0.053619
 127.400000 -2.579496 1.067979 0.956964
 127.600000 -2.616812 1.057660 0.055425
 127.800000 -2.599769 1.107133 1.962188
 128.000000 -2.518762 1.075794 5.332317
 128.200000 -2.646486 1.100119 1.806245
 128.400000 -2.582351 1.107210 2.435922
 128.600000 -2.631277 1.016173 0.569464
 128.800000 -2.620993 1.082314 0.621075
 129.000000 -2.592970 1.076360 0.738338
 129.200000 -2.599941 1.070087 0.424915
 129.400000 -2.516086 1.044878 5.195329
 129.600000 -2.564384 1.082854 2.072694
 129.800000 -2.739090 1.076865 7.772281
 130.000000 -2.537509 1.081356 3.822344
 130.200000 -2.577083 1.091517 1.818947
 130.400000 -2.656493 1.073701 1.092300
 130.600000 -2.593510 1.075543 0.701466
 130.800000 -2.644952 1.058635 0.428789
 131.000000 -2.582737 1.017824 1.052904
 131.200000 -2.632733 1.041920 0.122541
 131.400000 -2.610288 1.007030 0.836392
 131.600000 -2.574308 0.989617 2.611999
 131.800000 -2.719361 1.109216 7.060766
 132.000000 -2.524299 1.054353 4.414960
 132.200000 -2.585815 1.112692 2.662522
 132.400000 -2.571896 1.094383 2.175734
 132.600000 -2.563078 1.022075 1.823448
 132.800000 -2.528104 1.076562 4.471191
 133.000000 -2.603414 1.077259 0.558128
 133.200000 -2.543610 0.999358 3.910777
 133.400000 -2.516635 1.013141 5.716727
 133.600000 -2.641120 0.967861 3.414588
 133.800000 -2.609711 0.971857 2.872439
 134.000000 -2.515004 1.068162 5.523181
 134.200000 -2.630423 1.028862 0.245336
 134.400000 -2.567003 1.038058 1.341827
 134.600000 -2.615900 1.103911 1.610392
 134.800000 -2.566923 1.040143 1.328996
 135.000000 -2.675811 1.094046 2.768804
 135.200000 -2.585655 1.126997 3.706867
 135.400000 -2.606075 1.023070 0.362095
 135.600000 -2.580215 1.118444 3.251633
 135.800000 -2.643320 1.020943 0.665364
 136.000000 -2.528661 1.037434 4.037881
 136.200000 -2.630833 0.985677 1.974814
 136.400000 -2.589672 1.046103 0.401665
 136.600000 -2.617627 0.995151 1.354484
 136.800000 -2.652227 1.081839 1.185957
 137.000000 -2.561134 1.048581 1.617493
 137.200000 -2.578543 1.179776 9.566663
 137.400000 -2.662233 1.118268 3.504057
 137.600000 -2.531209 1.052202 3.778286
 137.800000 -2.675933 1.058197 1.738958
 138.000000 -2.634881 0.975920 2.682833
 138.200000 -2.528515 1.008913 4.736089
 138.400000 -2.629257 0.977416 2.498187
 138.600000 -2.591759 0.913696 9.255421
 138.800000 -2.508804 0.991331 7.521797
 139.000000 -2.569976 1.025334 1.391883
 139.200000 -2.640050 0.945285 5.436296
 139.400000 -2.588305 1.095348 1.599938
 139.600000 -2.658424 1.126778 3.983787
 139.800000 -2.614541 1.097869 1.289748
 140.000000 -2.572990 1.104792 2.671224
 140.200000 -2.533107 1.158254 9.769615
 140.400000 -2.586082 0.999083 1.666667
 140.600000 -2.578351 1.088054 1.620401
 140.800000 -2.596737 0.997910 1.440568
 141.000000 -2.564588 0.919788 9.542707
 141.200000 -2.613359 1.037613 0.056674
 141.400000 -2.657748 0.984218 2.773373
 141.600000 -2.549144 0.996531 3.653712
 141.800000 -2.581399 1.069024 0.907769
 142.000000 -2.615921 0.963877 3.473329
 142.200000 -2.598219 1.009492 0.906363
 142.400000 -2.597091 1.097608 1.489048
 142.600000 -2.573950 1.009656 1.674612
 142.800000 -2.583411 1.109376 2.531109
 143.000000 -2.639045 1.086535 0.995282
 143.200000 -2.656552 0.998783 1.915333
 143.400000 -2.531143 1.063065 3.897417
 143.600000 -2.576627 1.003512 1.809822
 143.800000 -2.627134 0.982028 2.165312
 144.000000 -2.586031 1.071287 0.800976
 144.200000 -2.703670 0.946462 8.744095
 144.400000 -2.591887 1.117093 2.783471
 144.600000 -2.575753 1.023621 1.170068
 144.800000 -2.620109 1.093279 1.063986
 145.000000 -2.600830 1.060656 0.237860
 145.200000 -2.663061 1.086418 1.784645
 145.400000 -2.515165 1.069788 5.542036
 145.600000 -2.575383 1.079284 1.422645
 145.800000 -2.601016 1.001387 1.193409
 146.000000 -2.578274 1.058300 0.850458
 146.200000 -2.634220 1.068388 0.356158
 146.400000 -2.680964 0.914560 10.778994
 146.600000 -2.580611 1.099534 2.068263
 146.800000 -2.580337 0.974700 3.336966
 147.000000 -2.593252 0.986858 2.126492
 147.200000 -2.599279 1.086168 0.934462
 147.400000 -2.544475 0.998171 3.904269
 147.600000 -2.619984 1.143211 4.611301
 147.800000 -2.577079 1.101506 2.311685
 148.000000 -2.557144 0.949926 6.582248
 148.200000 -2.602443 1.051662 0.130881
 148.400000 -2.579021 1.052978 0.776161
 148.600000 -2.549160 1.079824 2.901278
 148.800000 -2.583591 1.067087 0.789597
 149.000000 -2.601897 0.959542 3.971306
 149.200000 -2.558345 1.009763 2.479681
 149.400000 -2.601220 0.965896 3.445674
 149.600000 -2.630806 0.920975 8.048093
 149.800000 -2.588068 0.997198 1.697766
 150.000000 -2.491860 1.019164 8.347879
 150.200000 -2.603502 0.979421 2.401825
 150.400000 -2.632462 1.053878 0.126981
 150.600000 -2.489451 1.067703 8.471873
 150.800000 -2.568802 1.056934 1.257307
 151.000000 -2.662852 1.082193 1.618460
 151.200000 -2.521797 1.010964 5.283318
 151.400000 -2.535572 0.985521 5.298683
 151.600000 -2.604914 0.920125 8.159226
 151.800000 -2.505935 1.027133 6.479924
 152.000000 -2.676500 1.006805 2.527280
 152.200000 -2.620718 1.032100 0.117671
 152.400000 -2.543255 1.108588 4.677359
 152.600000 -2.627232 0.907761 9.763985
 152.800000 -2.521846 1.022281 4.932597
 153.000000 -2.573418 1.066402 1.177913
 153.200000 -2.652009 1.038723 0.614422
 153.400000 -2.604843 1.058947 0.155498
 153.600000 -2.544454 1.164682 9.605358
 153.800000 -2.549261 1.070925 2.643583
 154.000000 -2.678487 1.009746 2.530989
 154.200000 -2.640692 1.111002 2.293120
 154.400000 -2.548577 1.084841 3.117825
 154.600000 -2.657810 1.020784 1.141477
 154.800000 -2.640728 1.112492 2.390124
 155.000000 -2.562793 1.026302 1.741853
 155.200000 -2.624454 1.084313 0.709631
 155.400000 -2.674737 1.071118 1.896023
 155.600000 -2.633655 1.093399 1.189947
 155.800000 -2.616266 1.150462 5.333261
 156.000000 -2.632805 1.073535 0.456521
 156.200000 -2.695745 1.075329 3.418287
 156.400000 -2.509803 1.147819 10.914976
 156.600000 -2.600739 1.041739 0.163770
 156.800000 -2.691717 0.958315 6.667585
 157.000000 -2.601414 1.064798 0.292343
 157.200000 -2.577474 0.953234 5.235506
 157.400000 -2.601082 0.970934 3.051076
 157.600000 -2.607433 1.129878 3.473787
 157.800000 -2.613494 0.984612 1.968606
 158.000000 -2.579753 1.123100 3.611778
 158.200000 -2.597507 1.083329 0.862616
 158.400000 -2.689555 1.123907 5.502700
 158.600000 -2.542074 1.165327 9.859228
 158.800000 -2.641110 1.006305 1.103277
 159.000000 -2.588804 1.116460 2.824636
 159.200000 -2.584011 1.023837 0.850276
 159.400000 -2.584825 0.975602 3.113076
 159.600000 -2.534127 0.977402 5.952552
 159.800000 -2.662258 0.996679 2.255693
 160.000000 -2.644687 1.021265 0.692510
 160.200000 -2.578060 1.008447 1.548163
 160.400000 -2.562137 1.084889 2.270292
 160.600000 -2.571584 1.049003 1.078573
 160.800000 -2.626114 1.179852 8.831517
 161.000000 -2.656824 1.090866 1.707352
 161.200000 -2.562697 0.910948 10.810813
 161.400000 -2.579306 1.048694 0.749486
 161.600000 -2.516675 1.001309 6.185653
 161.800000 -2.530324 1.036689 3.898214
 162.000000 -2.650487 1.019216 0.919369
 162.200000 -2.604771 0.997399 1.327392
 162.400000 -2.602453 1.020925 0.465886
 162.600000 -2.628611 1.061077 0.152676
 162.800000 -2.624175 1.020960 0.363308
 163.000000 -2.606693 1.033374 0.159397
 163.200000 -2.589824 1.097039 1.638872
 163.400000 -2.613075 0.965004 3.390008
 163.600000 -2.632488 1.040667 0.126372
 163.800000 -2.593174 1.068418 0.533164
 164.000000 -2.494646 0.997975 8.818794
 164.200000 -2.620400 1.045332 0.004636
 164.400000 -2.618035 1.099025 1.343041
 164.600000 -2.623014 0.977210 2.461703
 164.800000 -2.558128 1.099174 3.142730
 165.000000 -2.595960 1.128797 3.572013
 165.200000 -2.651879 0.975119 3.171788
 165.400000 -2.546198 1.054443 2.603581
 165.600000 -2.584307 1.141905 5.052103
 165.800000 -2.657994 1.026474 1.014731
 166.000000 -2.597482 1.075131 0.600495
 166.200000 -2.523841 1.125222 7.476308
 166.400000 -2.666573 0.976117 3.706156
 166.600000 -2.580302 1.038854 0.745160
 166.800000 -2.506354 0.971855 9.069945
 167.000000 -2.551599 1.022804 2.501661
 167.200000 -2.655376 1.013845 1.254910
 167.400000 -2.535778 1.117449 5.847342
 167.600000 -2.588166 1.149371 5.664594
 167.800000 -2.571597 1.050573 1.082012
 168.000000 -2.566266 1.134632 5.160283
 168.200000 -2.553604 1.017994 2.499426
 168.400000 -2.597701 1.050397 0.211010
 168.600000 -2.614214 1.020994 0.350458
 168.800000 -2.580784 1.065626 0.862097
 169.000000 -2.586197 0.961018 4.218978
 169.200000 -2.623576 0.986823 1.838137
 169.400000 -2.665111 1.076211 1.530896
 169.600000 -2.492258 1.136652 11.905797
 169.800000 -2.652961 1.044804 0.614224
 170.000000 -2.655704 1.089477 1.604836
 170.200000 -2.511895 1.059603 5.705437
 170.400000 -2.607016 1.119736 2.691191
 170.600000 -2.650464 1.012155 1.141135
 170.800000 -2.540950 1.072380 3.284960
 171.000000 -2.601481 1.031160 0.264936
 171.200000 -2.591551 0.938902 6.213619
 171.400000 -2.589600 1.014464 0.938835
 171.600000 -2.620457 1.041658 0.018375
 171.800000 -2.581052 0.984576 2.643107
 172.000000 -2.581392 1.016891 1.129088
 172.200000 -2.628111 1.049798 0.054561
 172.400000 -2.564139 1.056755 1.495826
 172.600000 -2.590582 1.109522 2.317889
 172.800000 -2.604362 1.061837 0.200072
 173.000000 -2.519518 1.072951 5.180354
 173.200000 -2.639490 1.115405 2.557167
 173.400000 -2.627413 1.052787 0.059980
 173.600000 -2.636316 1.093804 1.253931
 173.800000 -2.620967 1.108671 1.893929
 174.000000 -2.579880 1.055085 0.757430
 174.200000 -2.535262 1.074678 3.799852
 174.400000 -2.653309 1.031121 0.752816
 174.600000 -2.602482 1.020896 0.466191
 174.800000 -2.533784 1.110077 5.522507
 175.000000 -2.584210 0.989680 2.224847
 175.200000 -2.589959 0.925366 7.814396
 175.400000 -2.514426 1.081559 5.953485
 175.600000 -2.612750 1.059564 0.090216
 175.800000 -2.642540 1.058999 0.370887
 176.000000 -2.570939 1.132952 4.784019
 176.200000 -2.628561 1.025169 0.298469
 176.400000 -2.664632 1.097688 2.362179
 176.600000 -2.502103 1.052488 6.729312
 176.800000 -2.659805 1.062117 0.985403
 177.000000 -2.645131 1.068366 0.592255
 177.200000 -2.570185 1.035484 1.211441
 177.400000 -2.632066 1.092690 1.133776
 177.600000 -2.629742 1.015953 0.557113
 177.800000 -2.608027 0.989841 1.694535
 178.000000 -2.595989 1.136188 4.201776
 178.200000 -2.540756 0.988480 4.706766
 178.400000 -2.680604 1.008995 2.689707
 178.600000 -2.646131 1.031098 0.525441
 178.800000 -2.599208 1.053265 0.194868
 179.000000 -2.617202 1.054638 0.027997
 179.200000 -2.662719 1.077757 1.467137
 179.400000 -2.614759 1.019645 0.384799
 179.600000 -2.682596 1.105981 3.814502
 179.800000 -2.555134 1.037281 2.024882
 180.000000 -2.587452 1.087694 1.286386
 180.200000 -2.586772 1.102668 2.025897
 180.400000 -2.647550 1.025105 0.680839
 180.600000 -2.693045 1.093102 3.869936
 180.800000 -2.601577 1.073685 0.485536
 181.000000 -2.587579 1.068523 0.689906
 181.200000 -2.612068 1.120094 2.674474
 181.400000 -2.594907 1.048902 0.267947
 181.600000 -2.696782 1.124762 6.111908
 181.800000 -2.653139 1.193344 11.296948
 182.000000 -2.615370 1.105551 1.706024
 182.200000 -2.624635 1.174615 8.139703
 182.400000 -2.569658 1.141093 5.576341
 182.600000 -2.646745 1.079006 0.919201
 182.800000 -2.652965 1.033140 0.710287
 183.000000 -2.526373 1.048991 4.198808
 183.200000 -2.692013 0.984653 4.695349
 183.400000 -2.620025 1.035150 0.074640
 183.600000 -2.621127 1.074735 0.384060
 183.800000 -2.639898 0.992252 1.749395
 184.000000 -2.614017 1.061450 0.109474
 184.200000 -2.697840 1.138065 7.316116
 184.400000 -2.584084 1.073331 0.916402
 184.600000 -2.635668 1.147064 5.142865
 184.800000 -2.681824 1.120218 4.703158
 185.000000 -2.579899 1.042975 0.734528
 185.200000 -2.605196 1.107878 1.922959
 185.400000 -2.665133 1.004142 2.037921
 185.600000 -2.581760 1.055130 0.687905
 185.800000 -2.660753 1.111033 2.951645
 186.000000 -2.629684 1.063687 0.204279
 186.200000 -2.568677 1.210984 14.629134
 186.400000 -2.598357 1.108636 2.080138
 186.600000 -2.671418 1.028188 1.607726
 186.800000 -2.637019 1.121306 2.926989
 187.000000 -2.594710 1.054256 0.295987
 187.200000 -2.642333 1.019234 0.687178
 187.400000 -2.664397 1.092677 2.110795
 187.600000 -2.576538 1.071464 1.153730
 187.800000 -2.654289 1.118388 3.192692
 188.000000 -2.655092 1.072048 0.996902
 188.200000 -2.525911 1.127336 7.450776
 188.400000 -2.636175 1.056468 0.208245
 188.600000 -2.664444 1.070234 1.344157
 188.800000 -2.619752 1.073336 0.343143
 189.000000 -2.655011 1.038213 0.725488
 189.200000 -2.627295 1.175611 8.288224
 189.400000 -2.596404 1.089696 1.136138
 189.600000 -2.678426 1.047896 1.826267
 189.800000 -2.627633 1.132220 3.660832
 190.000000 -2.529065 1.081918 4.556900
 190.200000 -2.609780 1.065710 0.205095
 190.400000 -2.666883 1.079130 1.704926
 190.600000 -2.559401 1.091084 2.679542
 190.800000 -2.682085 1.047182 2.053850
 191.000000 -2.647963 1.039018 0.482527
 191.200000 -2.596421 1.051931 0.243895
 191.400000 -2.559245 1.043438 1.732787
 191.600000 -2.572863 1.018900 1.418785
 191.800000 -2.576715 1.104191 2.476104
 192.000000 -2.582659 1.112189 2.736245
 192.200000 -2.553555 1.039321 2.107237
 192.400000 -2.611486 1.043638 0.027512
 192.600000 -2.597854 1.025840 0.430879
 192.800000 -2.512614 0.951241 10.156361
 193.000000 -2.592474 1.019213 0.717202
 193.200000 -2.602051 0.977772 2.537022
 193.400000 -2.642813 1.050289 0.312773
 193.600000 -2.579853 1.138813 4.924072
 193.800000 -2.592726 0.971060 3.217702
 194.000000 -2.608882 1.025098 0.285700
 194.200000 -2.531123 1.032032 3.888232
 194.400000 -2.577469 0.959229 4.690376
 194.600000 -2.616995 1.081532 0.589919
 194.800000 -2.588782 1.145442 5.252671
 195.000000 -2.617667 1.057511 0.053239
 195.200000 -2.649571 1.021498 0.828791
 195.400000 -2.579822 0.926495 8.013085
 195.600000 -2.573794 0.948262 5.870982
 195.800000 -2.581056 1.019941 1.053657
 196.000000 -2.665197 0.929065 8.091680
 196.200000 -2.573956 1.000438 2.062874
 196.400000 -2.536419 0.974277 5.985882
 196.600000 -2.620642 0.979119 2.320819
 196.800000 -2.621304 0.984652 1.961450
 197.000000 -2.571963 1.036501 1.116644
 197.200000 -2.590408 1.085014 1.095507
 197.400000 -2.540440 1.104291 4.637138
 197.600000 -2.578764 1.125441 3.830537
 197.800000 -2.549687 1.162162 8.941282
 198.000000 -2.605425 1.074621 0.455002
 198.200000 -2.630278 1.028056 0.258644
 198.400000 -2.552135 1.050718 2.174874
 198.600000 -2.583480 1.014510 1.129847
 198.800000 -2.621311 0.949656 4.762639
 199.000000 -2.563920 1.036131 1.523231
 199.200000 -2.560397 1.003584 2.609803
 199.400000 -2.579171 1.053797 0.775378
 199.600000 -2.554347 1.007130 2.828177
 199.800000 -2.609999 1.059469 0.107253
 200.000000 -2.584135 1.138206 4.714478
