#! FIELDS time phi psi restraint.bias
#! SET min_phi -pi
#! SET max_phi pi
#! SET min_psi -pi
#! SET max_psi pi
 0.000000 -2.917483 2.621857 25.120114
 0.200000 -3.082239 2.621985 1.769407
 0.400000 -3.114079 2.717302 5.309528
 0.600000 -3.076870 2.681905 4.136867
 0.800000 3.136348 2.542282 2.879873
 1.000000 3.125664 2.652971 0.738541
 1.200000 3.131939 2.721890 5.443845
 1.400000 -3.076357 2.652246 2.714418
 1.600000 -3.068282 2.583486 3.282633
 1.800000 -3.100453 2.503749 7.372126
 2.000000 -3.128355 2.647074 0.510442
 2.200000 -3.040459 2.625351 5.141078
 2.400000 -3.073469 2.631895 2.417072
 2.600000 -3.008246 2.654647 9.562341
 2.800000 -3.106352 2.615436 0.624227
 3.000000 3.119771 2.599791 0.403764
 3.200000 -3.051391 2.761990 14.435558
 3.400000 -3.052947 2.692317 6.691024
 3.600000 -3.136398 2.609164 0.052471
 3.800000 -3.067921 2.557043 4.571244
 4.000000 -3.077659 2.583282 2.646223
 4.200000 -3.069458 2.582374 3.236096
 4.400000 -3.079520 2.670307 3.294814
 4.600000 -3.102747 2.636682 0.929123
 4.800000 -3.098832 2.590711 1.286414
 5.000000 -3.071465 2.582432 3.091277
 5.200000 -3.124173 2.687257 2.550445
 5.400000 -3.121812 2.650328 0.718380
 5.600000 -3.126904 2.610987 0.132423
 5.800000 -3.117326 2.673996 1.862520
 6.000000 -3.103284 2.580697 1.429319
 6.200000 -3.079435 2.642902 2.241978
 6.400000 -3.104353 2.689094 3.220968
 6.600000 -3.134921 2.584443 0.585100
 6.800000 -3.059858 2.595766 3.587309
 7.000000 -3.060730 2.645206 3.639682
 7.200000 -3.038669 2.583991 5.874772
 7.400000 -3.103916 2.547753 3.176644
 7.600000 3.115908 2.672597 1.820598
 7.800000 -3.076924 2.692172 4.842269
 8.000000 -3.127141 2.633824 0.229717
 8.200000 -3.071061 2.669396 3.808495
 8.400000 -3.093318 2.667062 2.369037
 8.600000 -3.084093 2.653658 2.289099
 8.800000 -3.058211 2.671322 4.898187
 9.000000 -3.107469 2.587070 1.060375
 9.200000 -3.121832 2.563514 1.679246
 9.400000 -3.098831 2.584361 1.479855
 9.600000 -3.040043 2.653890 5.800411
 9.800000 -3.044944 2.629886 4.741208
 10.000000 -3.071248 2.616731 2.475015
 10.200000 -3.112457 2.671970 1.881128
 10.400000 3.139252 2.675314 1.645517
 10.600000 3.096338 2.595443 1.278241
 10.800000 -3.084786 2.663635 2.655086
 11.000000 -3.113343 2.648869 0.875664
 11.200000 -3.116238 2.624706 0.343965
 11.400000 -3.066589 2.629323 2.876942
 11.600000 -3.060421 2.643392 3.616941
 11.800000 3.141335 2.556523 1.889393
 12.000000 -3.110178 2.619101 0.494067
 12.200000 -3.085825 2.675853 3.228819
 12.400000 -3.128211 2.580252 0.801765
 12.600000 -3.105853 2.592447 0.964988
 12.800000 3.138124 2.597898 0.207940
 13.000000 -3.134606 2.690816 2.675959
 13.200000 3.082466 2.673088 3.265692
 13.400000 -3.106656 2.636665 0.784603
 13.600000 -3.051889 2.628221 4.075693
 13.800000 -3.026366 2.564896 8.048257
 14.000000 -3.067367 2.622713 2.765860
 14.200000 -3.033404 2.692490 8.627241
 14.400000 -3.040345 2.644343 5.472655
 14.600000 -3.067681 2.538560 5.886358
 14.800000 -3.080144 2.575175 2.804664
 15.000000 -3.132505 2.595419 0.296098
 15.200000 -3.104149 2.714647 5.371939
 15.400000 -3.122777 2.714222 4.806917
 15.600000 -3.123661 2.588992 0.581315
 15.800000 -3.134366 2.602456 0.146823
 16.000000 -3.033543 2.661395 6.779150
 16.200000 -3.098450 2.564616 2.355267
 16.400000 -3.029792 2.660456 7.151158
 16.600000 -3.095800 2.692723 3.840737
 16.800000 -3.064137 2.651605 3.564504
 17.000000 -3.107565 2.547211 3.084068
 17.200000 3.140370 2.617747 0.000778
 17.400000 -3.133825 2.693902 2.911172
 17.600000 -3.111018 2.636330 0.635495
 17.800000 -3.125467 2.532127 3.816561
 18.000000 -3.078477 2.569600 3.162786
 18.200000 -3.138404 2.677430 1.771429
 18.400000 3.089978 2.620572 1.335364
 18.600000 -3.104029 2.645955 1.096402
 18.800000 -3.001553 2.625684 9.835102
 19.000000 -3.077518 2.539464 5.136262
 19.200000 -3.128794 2.676283 1.780746
 19.400000 -3.120446 2.692239 2.979726
 19.600000 -3.137334 2.641929 0.295504
 19.800000 -3.011199 2.585609 9.025601
 20.000000 -3.118371 2.603509 0.374520
 20.200000 3.127045 2.605424 0.184818
 20.400000 -3.098956 2.724804 6.613094
 20.600000 -3.094161 2.629187 1.187512
 20.800000 -3.069320 2.588183 3.056050
 21.000000 -2.980200 2.580229 13.736944
 21.200000 -3.038593 2.630920 5.388016
 21.400000 -3.134587 2.629059 0.085755
 21.600000 -3.128908 2.702155 3.622033
 21.800000 -3.062025 2.630201 3.239986
 22.000000 -3.139093 2.614584 0.008937
 22.200000 -3.132156 2.654273 0.702596
 22.400000 3.125191 2.653947 0.780833
 22.600000 -3.078728 2.627103 2.017458
 22.800000 3.127995 2.598227 0.287814
 23.000000 3.137611 2.569432 1.187051
 23.200000 -3.050091 2.587470 4.652079
 23.400000 -3.118709 2.621014 0.266394
 23.600000 -3.136748 2.608853 0.053513
 23.800000 -3.074771 2.654396 2.895134
 24.000000 -3.057808 2.608039 3.559511
 24.200000 -3.086825 2.557144 3.351117
 24.400000 -3.060063 2.616259 3.325015
 24.600000 -3.122569 2.702769 3.774369
 24.800000 -3.118335 2.611240 0.293266
 25.000000 -3.127418 2.645528 0.479510
 25.200000 -3.064414 2.589665 3.379567
 25.400000 -3.107145 2.548577 3.002679
 25.600000 -3.070759 2.613719 2.517841
 25.800000 3.122774 2.630488 0.255127
 26.000000 -3.110228 2.615593 0.494757
 26.200000 3.125530 2.624227 0.148433
 26.400000 -3.047454 2.641011 4.695980
 26.600000 -3.049589 2.601083 4.375334
 26.800000 -3.136085 2.626050 0.047622
 27.000000 3.059119 2.708162 7.466089
 27.200000 -3.093174 2.594780 1.441628
 27.400000 -3.136912 2.624350 0.031157
 27.600000 -3.004240 2.600652 9.583282
 27.800000 -3.092274 2.523477 5.682901
 28.000000 -3.089963 2.632139 1.432847
 28.200000 -3.100419 2.673622 2.394879
 28.400000 -3.056267 2.665398 4.763838
 28.600000 -3.084872 2.577289 2.437050
 28.800000 -3.064636 2.590402 3.341840
 29.000000 -3.053135 2.655266 4.607031
 29.200000 -3.071509 2.678401 4.280328
 29.400000 -3.096698 2.673519 2.549256
 29.600000 3.133011 2.616108 0.038605
 29.800000 -3.058532 2.585096 3.990702
 30.000000 -3.109468 2.600570 0.667794
 30.200000 3.041272 2.610718 5.058562
 30.400000 -3.092270 2.706132 5.100532
 30.600000 -3.082654 2.640389 1.987680
 30.800000 -3.101752 2.536050 4.151068
 31.000000 -3.039676 2.605324 5.273753
 31.200000 -3.041102 2.676053 6.734642
 31.400000 -3.114760 2.592263 0.691050
 31.600000 -3.104583 2.622364 0.694413
 31.800000 -3.091069 2.645861 1.664620
 32.000000 -3.048689 2.609578 4.351006
 32.200000 -3.026932 2.645976 6.965032
 32.400000 -3.111057 2.655536 1.170915
 32.600000 3.116255 2.575080 1.241813
 32.800000 -3.060981 2.640279 3.497413
 33.000000 -3.007345 2.615539 9.014271
 33.200000 -3.115628 2.598429 0.528482
 33.400000 -3.094903 2.607903 1.140880
 33.600000 3.113487 2.643146 0.711288
 33.800000 -3.108331 2.687913 2.997492
 34.000000 -3.132723 2.634597 0.177157
 34.200000 -3.041099 2.654021 5.698439
 34.400000 -3.049589 2.649541 4.729903
 34.600000 -3.109687 2.680848 2.484309
 34.800000 -3.097911 2.712390 5.409369
 35.000000 -3.086832 2.604506 1.590317
 35.200000 -3.096634 2.518020 6.008000
 35.400000 -3.039188 2.591510 5.594095
 35.600000 -3.055737 2.664013 4.744535
 35.800000 3.108598 2.583009 1.156288
 36.000000 -3.134095 2.578749 0.798183
 36.200000 -3.033938 2.596119 6.034033
 36.400000 -3.124232 2.625491 0.178800
 36.600000 -3.118608 2.658257 1.074694
 36.800000 -3.128870 2.665962 1.231417
 37.000000 3.105020 2.649464 1.163993
 37.200000 3.114078 2.584048 0.954699
 37.400000 -3.076002 2.625354 2.178131
 37.600000 -3.049712 2.629487 4.287069
 37.800000 -3.092287 2.656160 1.943867
 38.000000 -3.091612 2.685251 3.510762
 38.200000 -3.047213 2.602684 4.570968
 38.400000 3.139044 2.563147 1.507335
 38.600000 3.138167 2.619415 0.006878
 38.800000 3.131545 2.608478 0.095755
 39.000000 -3.101619 2.628329 0.852349
 39.200000 3.122596 2.694223 3.085842
 39.400000 -3.111729 2.602380 0.567816
 39.600000 -3.067548 2.558608 4.504640
 39.800000 -3.115448 2.599915 0.505200
 40.000000 -3.070851 2.671540 3.935804
 40.200000 -3.076404 2.601412 2.262260
 40.400000 -3.066434 2.586226 3.329049
 40.600000 -3.118301 2.587696 0.730211
 40.800000 -3.106432 2.606534 0.683785
 41.000000 -3.108598 2.685991 2.856105
 41.200000 -3.130426 2.618933 0.062788
 41.400000 -3.140739 2.645773 0.386213
 41.600000 -3.094445 2.598805 1.295543
 41.800000 -3.082571 2.597348 1.954908
 42.000000 -3.012936 2.641104 8.543275
 42.200000 -3.140156 2.628515 0.056382
 42.400000 -3.122866 2.626741 0.213605
 42.600000 -3.058261 2.631478 3.563031
 42.800000 -3.126855 2.622620 0.119305
 43.000000 -3.117583 2.662187 1.264755
 43.200000 -3.062196 2.611275 3.174515
 43.400000 -3.106066 2.635237 0.779712
 43.600000 -3.078951 2.654753 2.637567
 43.800000 -3.089920 2.630223 1.409826
 44.000000 3.120736 2.574296 1.172253
 44.200000 -3.127894 2.609507 0.129839
 44.400000 -3.117341 2.702019 3.824153
 44.600000 3.128276 2.660386 0.987207
 44.800000 -3.060845 2.645137 3.628451
 45.000000 -3.016474 2.671449 9.256032
 45.200000 -3.082435 2.629339 1.814150
 45.400000 3.132933 2.627194 0.079812
 45.600000 3.108930 2.642682 0.838186
 45.800000 -3.084011 2.572004 2.715345
 46.000000 -3.057862 2.526547 7.686724
 46.200000 -3.088254 2.649067 1.905299
 46.400000 -3.131035 2.673036 1.570574
 46.600000 -3.093586 2.567846 2.409709
 46.800000 -3.132659 2.584354 0.605717
 47.000000 -3.057216 2.614385 3.566195
 47.200000 -3.116580 2.605174 0.395004
 47.400000 -3.070338 2.664046 3.598995
 47.600000 -3.063561 2.723988 8.661874
 47.800000 -3.043372 2.682249 6.888019
 48.000000 -3.086072 2.556737 3.417458
 48.200000 3.131656 2.568254 1.286401
 48.400000 3.121503 2.627709 0.248984
 48.600000 -3.077431 2.615676 2.061020
 48.800000 -3.097769 2.638541 1.171347
 49.000000 -3.055357 2.610921 3.743300
 49.200000 -3.134579 2.594553 0.299337
 49.400000 3.115120 2.593793 0.643260
 49.600000 3.140665 2.661288 0.937605
 49.800000 -3.075216 2.632206 2.303902
 50.000000 -3.048454 2.598830 4.520991
 50.200000 -2.989565 2.622028 11.564388
 50.400000 -3.111654 2.661659 1.401487
 50.600000 3.115937 2.620854 0.333207
 50.800000 -3.062229 2.619321 3.150154
 51.000000 -3.029380 2.664489 7.376782
 51.200000 -3.043506 2.631512 4.901885
 51.400000 -3.136018 2.577937 0.817816
 51.600000 3.111245 2.634361 0.594434
 51.800000 3.059116 2.654010 4.049776
 52.000000 3.123610 2.593916 0.451548
 52.200000 -3.006731 2.596811 9.318120
 52.400000 -2.986344 2.600971 12.195922
 52.600000 3.118420 2.633439 0.387758
 52.800000 3.072467 2.650641 2.922104
 53.000000 -3.078847 2.678874 3.821701
 53.200000 -3.089247 2.593060 1.680879
 53.400000 -3.072421 2.669735 3.730918
 53.600000 -2.996849 2.786568 24.684000
 53.800000 -3.058909 2.620012 3.420354
 54.000000 3.141530 2.602949 0.113176
 54.200000 -3.012493 2.565762 9.697502
 54.400000 -3.140332 2.575277 0.913175
 54.600000 3.106351 2.680114 2.550418
 54.800000 -3.127046 2.652296 0.694136
 55.000000 -2.995113 2.543158 13.528293
 55.200000 -3.037286 2.531720 9.161564
 55.400000 -3.045689 2.667572 5.827710
 55.600000 -3.119333 2.698158 3.460929
 55.800000 -3.064578 2.557613 4.788500
 56.000000 -3.013707 2.564961 9.583579
 56.200000 -3.055118 2.642923 4.049646
 56.400000 -3.122583 2.684466 2.389936
 56.600000 -3.097553 2.640481 1.222595
 56.800000 3.071940 2.617587 2.425822
 57.000000 -3.140946 2.643461 0.324502
 57.200000 -3.065984 2.635164 3.005741
 57.400000 -3.090019 2.612627 1.344301
 57.600000 -3.114217 2.695917 3.410722
 57.800000 -3.090723 2.607639 1.347465
 58.000000 -3.091521 2.558056 3.049866
 58.200000 -3.093863 2.590329 1.521722
 58.400000 -3.111289 2.691914 3.191241
 58.600000 -3.133421 2.610296 0.063021
 58.800000 -3.124222 2.558508 1.920141
 59.000000 -2.928503 2.578367 23.488693
 59.200000 -3.014202 2.639065 8.336202
 59.400000 -3.102295 2.683545 2.920642
 59.600000 -3.106464 2.725406 6.385710
 59.800000 -3.133199 2.561040 1.657087
 60.000000 -3.078258 2.546293 4.576140
 60.200000 -3.012399 2.640653 8.602251
 60.400000 -3.119910 2.727770 6.260494
 60.600000 3.123954 2.695467 3.156601
 60.800000 -3.099599 2.601639 1.015481
 61.000000 -3.111814 2.557303 2.285049
 61.200000 -3.047129 2.570555 5.586938
 61.400000 -3.077546 2.640456 2.303249
 61.600000 -3.091084 2.695511 4.280045
 61.800000 -3.105124 2.621550 0.671295
 62.000000 -3.129255 2.539929 3.123149
 62.200000 -3.089983 2.592693 1.651859
 62.400000 -3.083273 2.601047 1.844188
 62.600000 -3.139890 2.659183 0.849710
 62.800000 -3.105824 2.679756 2.546948
 63.000000 -3.133661 2.639065 0.253458
 63.200000 3.132463 2.567407 1.321215
 63.400000 -3.073423 2.663742 3.370012
 63.600000 -3.056945 2.714482 8.237560
 63.800000 -3.112247 2.657702 1.218956
 64.000000 -3.092720 2.613293 1.205327
 64.200000 -3.053968 2.604421 3.931169
 64.400000 -3.048894 2.637173 4.480403
 64.600000 -3.060120 2.637861 3.516250
 64.800000 3.099037 2.685813 3.205258
 65.000000 3.127227 2.597233 0.318703
 65.200000 -3.068269 2.588312 3.128709
 65.400000 -3.050122 2.582290 4.820861
 65.600000 -3.042066 2.663107 5.970414
 65.800000 -3.088845 2.642052 1.680579
 66.000000 3.044263 2.609678 4.771135
 66.200000 -3.078138 2.613429 2.023679
 66.400000 -2.976442 2.693621 16.497020
 66.600000 -3.074930 2.574913 3.149918
 66.800000 -3.062152 2.573782 4.132704
 67.000000 -3.077917 2.674763 3.638647
 67.200000 -3.134989 2.596038 0.262832
 67.400000 3.139128 2.561349 1.607335
 67.600000 -3.078072 2.704925 5.795888
 67.800000 -3.100613 2.653161 1.458065
 68.000000 -3.055517 2.637986 3.904337
 68.200000 -3.107186 2.601762 0.723627
 68.400000 3.126986 2.623565 0.122201
 68.600000 -3.116013 2.608230 0.374830
 68.800000 -3.126513 2.656638 0.860388
 69.000000 -3.132769 2.638807 0.255512
 69.200000 3.134735 2.552746 2.152135
 69.400000 -3.055984 2.611652 3.684496
 69.600000 -3.134975 2.603768 0.123091
 69.800000 3.131804 2.619665 0.049300
 70.000000 -3.071014 2.708326 6.570629
 70.200000 -3.010889 2.701282 12.010196
 70.400000 -3.136855 2.602251 0.135138
 70.600000 -3.132428 2.676078 1.728854
 70.800000 3.140555 2.644975 0.364533
 71.000000 -3.032169 2.622436 5.996614
 71.200000 -3.050538 2.633722 4.269153
 71.400000 -3.095663 2.573743 2.033878
 71.600000 3.092501 2.601829 1.335657
 71.800000 -3.098983 2.680199 2.842526
 72.000000 -3.030290 2.654487 6.859952
 72.200000 -3.079077 2.572589 2.984899
 72.400000 -3.043227 2.631036 4.922975
 72.600000 -3.105710 2.611682 0.663699
 72.800000 -3.130330 2.694445 2.985799
 73.000000 -3.128844 2.635569 0.235714
 73.200000 -3.122603 2.530937 3.969784
 73.400000 -3.064643 2.622729 2.971806
 73.600000 -3.077680 2.695815 5.070472
 73.800000 -3.121307 2.598464 0.396465
 74.000000 -3.049311 2.603932 4.356773
 74.200000 -3.021459 2.601524 7.351678
 74.400000 -3.117015 2.590448 0.681416
 74.600000 -3.075467 2.635185 2.334052
 74.800000 -3.122227 2.655330 0.884483
 75.000000 -3.090299 2.599594 1.484793
 75.200000 -3.098362 2.594342 1.214160
 75.400000 -3.111557 2.663477 1.485441
 75.600000 -3.100750 2.683450 2.976347
 75.800000 -3.088498 2.665676 2.546295
 76.000000 3.132359 2.661403 0.984804
 76.200000 -2.970091 2.701517 18.194450
 76.400000 3.108255 2.598775 0.740382
 76.600000 -3.060219 2.568657 4.527882
 76.800000 -3.028807 2.637930 6.559028
 77.000000 -3.100049 2.617103 0.863332
 77.200000 -3.137372 2.640425 0.260492
 77.400000 -3.049696 2.612306 4.238639
 77.600000 -3.129678 2.617277 0.071240
 77.800000 -3.123528 2.572532 1.196553
 78.000000 -3.115173 2.645439 0.725621
 78.200000 -3.112017 2.613686 0.446643
 78.400000 -3.070283 2.639200 2.767417
 78.600000 -3.079700 2.598524 2.104925
 78.800000 3.096966 2.542768 3.825227
 79.000000 -3.047358 2.517725 9.467042
 79.200000 -3.096229 2.708618 5.135256
 79.400000 -3.084203 2.656060 2.371320
 79.600000 3.141360 2.587591 0.462210
 79.800000 -3.059883 2.641514 3.614823
 80.000000 -3.074167 2.721334 7.612708
 80.200000 -3.118629 2.638095 0.465698
 80.400000 -3.137407 2.677020 1.750783
 80.600000 -3.067671 2.678785 4.579974
 80.800000 -3.138882 2.535742 3.386391
 81.000000 -3.111815 2.603844 0.543455
 81.200000 3.127223 2.607135 0.162201
 81.400000 -3.130166 2.579315 0.813313
 81.600000 -3.137408 2.651626 0.574322
 81.800000 -3.062777 2.589939 3.499459
 82.000000 -3.138985 2.574216 0.961668
 82.200000 3.098012 2.619484 0.950735
 82.400000 3.134314 2.607008 0.086834
 82.600000 -3.082073 2.603957 1.869780
 82.800000 -3.129096 2.632853 0.188486
 83.000000 -3.120716 2.600211 0.376020
 83.200000 -3.019060 2.609242 7.545436
 83.400000 -3.096175 2.640866 1.292962
 83.600000 -3.077446 2.707530 6.065716
 83.800000 -3.034436 2.626052 5.773719
 84.000000 -3.013365 2.650645 8.754151
 84.200000 -3.043029 2.608804 4.899653
 84.400000 -3.021747 2.688792 9.687700
 84.600000 -3.109737 2.642615 0.810490
 84.800000 3.086372 2.678526 3.356704
 85.000000 3.133060 2.582336 0.672151
 85.200000 -3.035943 2.597236 5.796352
 85.400000 -3.044457 2.624997 4.742206
 85.600000 -3.132374 2.661893 1.006074
 85.800000 -3.037312 2.647527 5.873316
 86.000000 -3.124663 2.640070 0.386990
 86.200000 -3.101442 2.535286 4.226363
 86.400000 -3.062305 2.596701 3.369951
 86.600000 -3.072513 2.677723 4.169759
 86.800000 -3.095723 2.693432 3.897469
 87.000000 -3.115551 2.642185 0.631680
 87.200000 -3.067166 2.622747 2.780954
 87.400000 -3.062828 2.627216 3.144452
 87.600000 -3.099216 2.555803 2.831709
 87.800000 3.129934 2.623530 0.083289
 88.000000 -3.087692 2.725675 7.250279
 88.200000 -3.079276 2.662844 2.947434
 88.400000 -3.135303 2.507196 6.157865
 88.600000 -3.082915 2.598864 1.904516
 88.800000 -3.011628 2.638011 8.645742
 89.000000 -3.091656 2.638112 1.449228
 89.200000 -3.050251 2.672533 5.658946
 89.400000 -3.133084 2.642701 0.341432
 89.600000 -3.031156 2.673146 7.619077
 89.800000 3.131832 2.592980 0.360484
 90.000000 -3.100487 2.612425 0.860348
 90.200000 -3.101781 2.679376 2.676323
 90.400000 -3.060155 2.688408 5.795089
 90.600000 3.103209 2.612526 0.751605
 90.800000 -3.064057 2.604732 3.093830
 91.000000 -3.035364 2.640264 5.890232
 91.200000 -3.075297 2.599263 2.373014
 91.400000 -3.095590 2.616111 1.059896
 91.600000 3.116479 2.652306 0.904003
 91.800000 -3.050047 2.645275 4.562385
 92.000000 -3.101375 2.517171 5.891353
 92.200000 -2.961018 2.703877 19.991625
 92.400000 -3.108700 2.644881 0.902405
 92.600000 -3.134195 2.652684 0.629079
 92.800000 -3.075702 2.664331 3.244340
 93.000000 -3.079696 2.592740 2.234502
 93.200000 -3.089370 2.587146 1.839406
 93.400000 -3.103979 2.617093 0.707799
 93.600000 -3.108892 2.673200 2.058496
 93.800000 -3.071702 2.612954 2.455035
 94.000000 -3.026102 2.556287 8.572925
 94.200000 3.140294 2.572907 1.017272
 94.400000 3.131414 2.643567 0.378797
 94.600000 -3.104527 2.710842 4.997348
 94.800000 -3.052477 2.647769 4.414109
 95.000000 -3.081493 2.577381 2.630664
 95.200000 -3.123570 2.655684 0.872668
 95.400000 -3.128212 2.662695 1.088601
 95.600000 3.128434 2.601913 0.215863
 95.800000 -3.114942 2.633344 0.472940
 96.000000 -2.996146 2.662602 11.572294
 96.200000 -3.076269 2.552452 4.281476
 96.400000 -3.033272 2.609323 5.904305
 96.600000 -3.025552 2.656782 7.484942
 96.800000 -3.121176 2.672737 1.706830
 97.000000 -3.072964 2.598032 2.554157
 97.200000 -2.986923 2.633440 12.080692
 97.400000 -3.135329 2.648082 0.472253
 97.600000 -3.071914 2.641419 2.701900
 97.800000 -3.057707 2.669844 4.862647
 98.000000 -3.119948 2.663637 1.275881
 98.200000 -3.048445 2.611396 4.359992
 98.400000 -3.037138 2.537143 8.723862
 98.600000 -3.114551 2.611144 0.389090
 98.800000 3.050153 2.640071 4.424325
 99.000000 3.140683 2.669743 1.339384
 99.200000 -3.077080 2.580863 2.770273
 99.400000 -3.040593 2.558163 6.890363
 99.600000 -3.115724 2.686713 2.695755
 99.800000 3.116035 2.701599 3.821547
 100.000000 3.092819 2.620227 1.191914
 100.200000 -3.095665 2.513198 6.545745
 100.400000 3.120588 2.583540 0.814132
 100.600000 3.133985 2.637195 0.213289
 100.800000 -3.105383 2.625528 0.683956
 101.000000 -3.131138 2.651946 0.631019
 101.200000 -2.993327 2.597439 11.202617
 101.400000 -3.033499 2.551943 8.023441
 101.600000 3.104325 2.638654 0.907844
 101.800000 -3.118075 2.663223 1.299376
 102.000000 -3.118806 2.589220 0.673585
 102.200000 -3.104883 2.646193 1.071384
 102.400000 -3.051605 2.693102 6.869546
 102.600000 -3.036323 2.620005 5.542858
 102.800000 -3.117163 2.667404 1.519054
 103.000000 3.137285 2.600338 0.165142
 103.200000 -3.124265 2.617584 0.150202
 103.400000 -3.019195 2.694940 10.450975
 103.600000 3.123354 2.736640 7.204762
 103.800000 -3.027127 2.638401 6.759412
 104.000000 -3.035091 2.610838 5.696950
 104.200000 -3.067434 2.614089 2.757358
 104.400000 3.086672 2.648646 1.977898
 104.600000 -3.103833 2.672725 2.210672
 104.800000 3.112635 2.586122 0.927192
 105.000000 -3.004310 2.694535 12.352476
 105.200000 -3.006064 2.620275 9.186634
 105.400000 -3.125138 2.588011 0.584881
 105.600000 -3.120242 2.679068 2.092972
 105.800000 -3.107052 2.613186 0.608081
 106.000000 -3.048211 2.536168 7.707813
 106.200000 -3.048107 2.621921 4.377542
 106.400000 -2.967547 2.668412 16.416951
 106.600000 -3.082719 2.594866 2.000519
 106.800000 -3.124948 2.640442 0.390492
 107.000000 -3.115776 2.673670 1.883172
 107.200000 -3.119549 2.647136 0.667602
 107.400000 -3.044073 2.649481 5.250771
 107.600000 -3.089053 2.646320 1.781363
 107.800000 -3.095894 2.644319 1.390681
 108.000000 -3.067696 2.658808 3.563201
 108.200000 -3.097184 2.525833 5.232873
 108.400000 -3.076670 2.628385 2.161494
 108.600000 -3.113956 2.570645 1.502870
 108.800000 -3.091640 2.588626 1.678854
 109.000000 -3.035582 2.648676 6.089775
 109.200000 -3.084228 2.641375 1.918664
 109.400000 -3.115973 2.655044 1.014557
 109.600000 -3.096838 2.650162 1.518871
 109.800000 -3.086315 2.738861 8.832255
 110.000000 -3.073982 2.649614 2.785533
 110.200000 -3.134694 2.605070 0.107307
 110.400000 -3.100983 2.587611 1.286109
 110.600000 -3.036438 2.666451 6.702804
 110.800000 -2.987822 2.635367 11.973692
 111.000000 -3.133171 2.536900 3.323589
 111.200000 -3.037651 2.628194 5.453923
 111.400000 -3.096890 2.667900 2.244451
 111.600000 -3.123920 2.620000 0.158178
 111.800000 -3.093493 2.631646 1.249984
 112.000000 -3.018619 2.632056 7.660125
 112.200000 -3.126094 2.714685 4.794713
 112.400000 3.125653 2.608924 0.168165
 112.600000 3.062309 2.619968 3.144874
 112.800000 -3.071818 2.670107 3.792192
 113.000000 -3.077904 2.683611 4.180937
 113.200000 -3.105738 2.567836 1.900655
 113.400000 -3.101883 2.580437 1.493696
 113.600000 -2.988833 2.636013 11.830116
 113.800000 3.095818 2.641863 1.332521
 114.000000 -3.051346 2.682538 6.155137
 114.200000 -3.099384 2.627228 0.933415
 114.400000 -3.139554 2.530733 3.809324
 114.600000 -3.085793 2.675121 3.188563
 114.800000 -3.098975 2.626850 0.947333
 115.000000 -3.126611 2.681852 2.151189
 115.200000 -3.064457 2.675038 4.602014
 115.400000 -3.100460 2.641272 1.116871
 115.600000 -3.122925 2.601946 0.303015
 115.800000 -3.085782 2.679664 3.459020
 116.000000 -3.127701 2.639819 0.334659
 116.200000 -3.072591 2.614685 2.386059
 116.400000 -3.058486 2.637264 3.639038
 116.600000 -3.122706 2.585430 0.708566
 116.800000 -3.114705 2.619978 0.363448
 117.000000 3.140654 2.674376 1.589890
 117.200000 -3.090629 2.640176 1.544662
 117.400000 -3.088295 2.606068 1.491444
 117.600000 -3.131241 2.647392 0.485697
 117.800000 3.079209 2.631692 2.039662
 118.000000 -3.086531 2.737844 8.697966
 118.200000 -3.122819 2.619202 0.176963
 118.400000 -3.080266 2.550788 4.138810
 118.600000 -3.070478 2.548836 4.920101
 118.800000 -3.043192 2.641756 5.123638
 119.000000 -3.100365 2.627115 0.891456
 119.200000 -3.088834 2.650005 1.904105
 119.400000 -3.081275 2.695102 4.791954
 119.600000 -3.106730 2.606864 0.669647
 119.800000 -3.033886 2.615572 5.803251
 120.000000 -3.073471 2.705205 6.123195
 120.200000 -3.125217 2.673646 1.682652
 120.400000 3.117287 2.634189 0.426528
 120.600000 -3.007339 2.587829 9.466924
 120.800000 -3.091553 2.559675 2.952499
 121.000000 -3.094157 2.624890 1.148846
 121.200000 -3.083541 2.677176 3.436253
 121.400000 -3.138310 2.599703 0.172662
 121.600000 -3.103856 2.650611 1.243961
 121.800000 -3.035817 2.668319 6.860620
 122.000000 -3.052977 2.564043 5.381709
 122.200000 -3.090285 2.576770 2.165907
 122.400000 -3.049826 2.739963 11.648849
 122.600000 3.112890 2.642052 0.701308
 122.800000 3.103293 2.614950 0.738059
 123.000000 -3.085672 2.590609 1.938537
 123.200000 -3.058219 2.624305 3.495470
 123.400000 -3.055433 2.614475 3.717960
 123.600000 -3.084492 2.750163 10.364653
 123.800000 3.126772 2.612591 0.124422
 124.000000 -3.061411 2.567395 4.494630
 124.200000 -3.036249 2.546423 8.109837
 124.400000 -3.103241 2.604448 0.827186
 124.600000 -3.089894 2.669569 2.666370
 124.800000 -3.061489 2.681418 5.219636
 125.000000 -3.071124 2.581198 3.159890
 125.200000 -3.077162 2.556405 3.972191
 125.400000 -3.139840 2.572645 1.029780
 125.600000 -3.121860 2.714365 4.838413
 125.800000 3.121014 2.718792 5.291887
 126.000000 -3.083743 2.624434 1.694011
 126.200000 -2.980575 2.508344 18.974796
 126.400000 -3.056701 2.596778 3.828305
 126.600000 -3.045617 2.659538 5.468560
 126.800000 -3.127952 2.643244 0.411821
 127.000000 -3.112336 2.592046 0.764630
 127.200000 -3.076908 2.665704 3.230206
 127.400000 -3.110492 2.681472 2.498353
 127.600000 -3.120736 2.594427 0.495200
 127.800000 -3.084030 2.593888 1.947283
 128.000000 3.127596 2.663323 1.125329
 128.200000 3.135943 2.655133 0.705597
 128.400000 -3.097485 2.608657 1.016344
 128.600000 -3.101381 2.612585 0.823101
 128.800000 -3.061116 2.571870 4.301938
 129.000000 -3.056818 2.597690 3.799529
 129.200000 -3.054657 2.635705 3.935746
 129.400000 -3.089673 2.634256 1.480044
 129.600000 -3.050535 2.627261 4.188639
 129.800000 3.131646 2.605900 0.122601
 130.000000 -3.104269 2.664799 1.791878
 130.200000 -3.011171 2.653263 9.126869
 130.400000 -3.067047 2.602560 2.897633
 130.600000 3.125349 2.639695 0.367384
 130.800000 3.072054 2.613703 2.426999
 131.000000 -3.100074 2.599141 1.039608
 131.200000 -3.069308 2.640667 2.869579
 131.400000 -3.069452 2.704144 6.313011
 131.600000 -3.039460 2.615183 5.219530
 131.800000 -3.105083 2.574826 1.598227
 132.000000 -3.131882 2.657664 0.834006
 132.200000 -3.134750 2.656507 0.765022
 132.400000 -3.024444 2.596001 7.103775
 132.600000 -3.041603 2.626214 5.032785
 132.800000 -3.057084 2.720012 8.774717
 133.000000 -3.044614 2.620574 4.705764
 133.200000 -3.118220 2.616281 0.274600
 133.400000 -3.035666 2.659871 6.487102
 133.600000 -3.085378 2.605697 1.655644
 133.800000 -3.058557 2.706658 7.378109
 134.000000 -3.040651 2.695779 8.119911
 134.200000 -3.049418 2.615499 4.251167
 134.400000 -3.098440 2.582964 1.544615
 134.600000 3.138144 2.612190 0.022791
 134.800000 3.129098 2.698460 3.315463
 135.000000 -2.973613 2.638579 14.320439
 135.200000 -3.098632 2.525826 5.170300
 135.400000 -3.118795 2.588196 0.703811
 135.600000 -3.071850 2.602593 2.550643
 135.800000 -3.071897 2.653035 3.042687
 136.000000 3.125410 2.616232 0.132495
 136.200000 -3.047732 2.687439 6.816277
 136.400000 -3.112024 2.604719 0.525271
 136.600000 3.097935 2.578974 1.714263
 136.800000 3.074257 2.601532 2.402507
 137.000000 -3.082759 2.629889 1.801455
 137.200000 -3.091554 2.662494 2.242068
 137.400000 -3.065488 2.619431 2.897006
 137.600000 -3.123454 2.618637 0.164709
 137.800000 3.130257 2.571183 1.159868
 138.000000 3.099158 2.590336 1.282838
 138.200000 -3.052009 2.682434 6.088943
 138.400000 -3.094253 2.689886 3.704738
 138.600000 -3.083390 2.553771 3.756025
 138.800000 3.130553 2.563291 1.557136
 139.000000 -3.128579 2.645084 0.451623
 139.200000 3.115288 2.628193 0.397965
 139.400000 -3.032247 2.642757 6.284889
 139.600000 -3.099367 2.595965 1.134163
 139.800000 -3.072772 2.522537 6.924140
 140.000000 -3.132367 2.631968 0.140189
 140.200000 -3.127872 2.631524 0.185665
 140.400000 -3.065759 2.660205 3.766290
 140.600000 -3.108855 2.564351 1.974639
 140.800000 -3.096960 2.584510 1.556627
 141.000000 -3.078211 2.581968 2.657553
 141.200000 -3.113155 2.662888 1.412074
 141.400000 -3.107683 2.669076 1.879627
 141.600000 3.104061 2.574101 1.667597
 141.800000 3.124782 2.601440 0.278306
 142.000000 -3.137750 2.657141 0.773637
 142.200000 3.124238 2.610508 0.178613
 142.400000 -3.015438 2.633964 8.085073
 142.600000 -3.036615 2.618489 5.510289
 142.800000 -3.129706 2.576481 0.932298
 143.000000 -3.049720 2.674395 5.810815
 143.200000 -3.110698 2.713016 4.991809
 143.400000 -3.086565 2.618578 1.514205
 143.600000 -3.050509 2.595955 4.390991
 143.800000 -3.109817 2.521854 5.126282
 144.000000 -3.100453 2.554210 2.880426
 144.200000 -3.068505 2.697446 5.827231
 144.400000 -3.040761 2.701014 8.529742
 144.600000 -3.111686 2.596626 0.675514
 144.800000 -3.130242 2.561033 1.686668
 145.000000 3.107624 2.622019 0.585037
 145.200000 -3.016316 2.655297 8.542868
 145.400000 -3.067994 2.639749 2.945029
 145.600000 -3.098918 2.602866 1.025001
 145.800000 -3.118038 2.651162 0.827477
 146.000000 -3.106431 2.589893 1.013004
 146.200000 3.125475 2.674855 1.746497
 146.400000 -3.098996 2.689238 3.445101
 146.600000 -3.112632 2.605063 0.502945
 146.800000 -3.094101 2.584987 1.672477
 147.000000 -3.138403 2.633637 0.127441
 147.200000 -3.115660 2.672618 1.828160
 147.400000 -3.100789 2.631549 0.924331
 147.600000 -3.066309 2.566193 4.175436
 147.800000 -3.115187 2.616896 0.349227
 148.000000 -3.025373 2.596876 6.976473
 148.200000 -3.087145 2.528410 5.494872
 148.400000 -3.079112 2.597467 2.162584
 148.600000 -3.105512 2.610108 0.681986
 148.800000 -3.109252 2.607202 0.581191
 149.000000 -3.114408 2.619717 0.370982
 149.200000 -3.121839 2.607081 0.254655
 149.400000 -3.071646 2.652255 3.033158
 149.600000 3.127364 2.651972 0.678494
 149.800000 3.049797 2.671186 5.627904
 150.000000 -3.072579 2.576288 3.251097
 150.200000 -3.029891 2.618524 6.238726
 150.400000 -3.070033 2.578585 3.336912
 150.600000 3.120346 2.590068 0.615648
 150.800000 -3.063385 2.703942 6.751714
 151.000000 -3.030891 2.678936 7.984439
 151.200000 -3.075249 2.467015 13.597983
 151.400000 -3.067598 2.545996 5.329475
 151.600000 -3.044903 2.657091 5.438782
 151.800000 3.089670 2.652032 1.927270
 152.000000 3.072865 2.757858 12.142684
 152.200000 3.124148 2.587492 0.617348
 152.400000 -3.079533 2.547773 4.391224
 152.600000 -3.101713 2.555766 2.731332
 152.800000 -3.117422 2.615288 0.295773
 153.000000 -3.065993 2.719811 8.040993
 153.200000 -3.043012 2.667439 6.081457
 153.400000 -3.073557 2.561206 3.926869
 153.600000 -3.124018 2.591155 0.514599
 153.800000 -3.065200 2.701082 6.369787
 154.000000 3.125552 2.637539 0.319648
 154.200000 -3.049600 2.706858 8.179694
 154.400000 -3.076135 2.621552 2.148711
 154.600000 -3.078055 2.615548 2.021536
 154.800000 -3.079121 2.615427 1.954661
 155.000000 -3.074398 2.680574 4.215689
 155.200000 -3.102839 2.580734 1.445099
 155.400000 3.140588 2.560227 1.669010
 155.600000 3.084772 2.623751 1.630874
 155.800000 -3.048147 2.661009 5.291189
 156.000000 -3.101317 2.550789 3.069312
 156.200000 -3.093269 2.626578 1.204415
 156.400000 -3.104980 2.652285 1.258209
 156.600000 -3.116420 2.608758 0.359499
 156.800000 3.108313 2.638152 0.756963
 157.000000 -3.040976 2.669657 6.396386
 157.200000 -3.018739 2.634733 7.686565
 157.400000 -3.021859 2.649160 7.653699
 157.600000 -3.093289 2.637969 1.366131
 157.800000 -3.100639 2.578279 1.627247
 158.000000 -3.136469 2.657760 0.803804
 158.200000 -3.082416 2.596994 1.971442
 158.400000 -3.048579 2.665331 5.446112
 158.600000 -3.045859 2.605893 4.655647
 158.800000 3.138737 2.569985 1.156490
 159.000000 3.132144 2.608309 0.091538
 159.200000 3.112028 2.647127 0.861421
 159.400000 3.126283 2.705968 3.986921
 159.600000 3.137935 2.688131 2.466319
 159.800000 -3.086308 2.588479 1.963766
 160.000000 -3.107677 2.567292 1.860460
 160.200000 3.133350 2.575111 0.953435
 160.400000 -3.118972 2.655433 0.956683
 160.600000 -3.063972 2.614429 3.018840
 160.800000 -3.079871 2.559448 3.618622
 161.000000 -3.067908 2.597769 2.919265
 161.200000 -3.106611 2.644845 0.972348
 161.400000 -3.106195 2.645253 0.998021
 161.600000 3.139715 2.723894 5.609178
 161.800000 3.115690 2.653695 0.972752
 162.000000 -3.123052 2.584283 0.740097
 162.200000 3.127094 2.589537 0.509991
 162.400000 3.108395 2.643327 0.871920
 162.600000 -3.114797 2.642270 0.653666
 162.800000 3.118180 2.596586 0.503222
 163.000000 -3.084876 2.632877 1.719164
 163.200000 -3.091992 2.610834 1.255732
 163.400000 -3.053234 2.636238 4.070006
 163.600000 -3.078454 2.652432 2.586235
 163.800000 3.125836 2.659717 0.994533
 164.000000 -3.137411 2.673611 1.555383
 164.200000 -3.066387 2.662633 3.824291
 164.400000 -2.968811 2.624954 14.951022
 164.600000 3.123857 2.609107 0.196774
 164.800000 -3.121662 2.635449 0.350957
 165.000000 -3.033425 2.576967 6.691772
 165.200000 -3.023153 2.601319 7.152976
 165.400000 3.129413 2.662154 1.049241
 165.600000 3.060786 2.603907 3.364050
 165.800000 -3.120850 2.549683 2.548312
 166.000000 -3.028008 2.549482 8.797665
 166.200000 -3.072503 2.629478 2.452666
 166.400000 3.103794 2.592666 1.035124
 166.600000 -3.117005 2.618159 0.302281
 166.800000 -3.137071 2.632482 0.115181
 167.000000 -3.103998 2.588023 1.155813
 167.200000 -3.046564 2.634937 4.658730
 167.400000 3.124823 2.682896 2.246778
 167.600000 -3.131450 2.630325 0.127468
 167.800000 -3.020695 2.626034 7.340439
 168.000000 -3.046763 2.596904 4.718701
 168.200000 -3.065076 2.602229 3.051640
 168.400000 -3.138642 2.647311 0.434095
 168.600000 -3.081496 2.684326 4.005781
 168.800000 -3.100402 2.660143 1.736582
 169.000000 -3.094135 2.594373 1.405084
 169.200000 -3.070716 2.559648 4.213809
 169.400000 -3.009355 2.592013 9.080877
 169.600000 3.124174 2.685576 2.435397
 169.800000 -3.099897 2.684187 3.060032
 170.000000 -3.061271 2.681684 5.253948
 170.200000 -3.098727 2.576609 1.775104
 170.400000 -3.088175 2.518021 6.424041
 170.600000 -3.079624 2.584787 2.471418
 170.800000 -3.054132 2.629716 3.893389
 171.000000 -3.092719 2.613257 1.205548
 171.200000 -3.116480 2.715274 5.047075
 171.400000 -3.040428 2.710900 9.432915
 171.600000 -3.115795 2.644227 0.676853
 171.800000 3.087287 2.555848 3.405647
 172.000000 3.112993 2.640149 0.654384
 172.200000 -3.129496 2.597174 0.289885
 172.400000 -3.031893 2.732256 12.544892
 172.600000 -3.068943 2.659704 3.508893
 172.800000 -3.046802 2.531984 8.191484
 173.000000 -3.070342 2.705116 6.333415
 173.200000 3.117834 2.663260 1.306735
 173.400000 -3.134682 2.631654 0.117173
 173.600000 -3.057453 2.664874 4.638630
 173.800000 -3.096309 2.723551 6.596436
 174.000000 -3.093322 2.568114 2.408998
 174.200000 -3.074934 2.685426 4.495207
 174.400000 -3.034216 2.684708 7.990254
 174.600000 -3.102126 2.587080 1.256656
 174.800000 -2.996915 2.608557 10.510290
 175.000000 -3.080703 2.598933 2.035415
 175.200000 -3.075748 2.555362 4.129155
 175.400000 3.104320 2.645849 1.082604
 175.600000 -3.132823 2.642958 0.350056
 175.800000 -3.044359 2.641734 5.009025
 176.000000 -3.041316 2.657313 5.800667
 176.200000 -3.139576 2.738799 7.298950
 176.400000 -3.087950 2.655984 2.160391
 176.600000 -3.002333 2.606761 9.759766
 176.800000 -2.992298 2.579639 11.879967
 177.000000 -3.092256 2.591557 1.566487
 177.200000 -3.101378 2.686022 3.122551
 177.400000 -3.043276 2.640519 5.086739
 177.600000 3.111091 2.617382 0.465370
 177.800000 -3.122483 2.653111 0.799219
 178.000000 -3.056080 2.582932 4.270896
 178.200000 -3.077390 2.661632 3.013168
 178.400000 -3.037632 2.787466 19.764369
 178.600000 -3.095793 2.656543 1.791794
 178.800000 -3.138288 2.498046 7.199261
 179.000000 -2.978206 2.611921 13.366026
 179.200000 -3.100653 2.669964 2.188457
 179.400000 -3.088875 2.656437 2.128490
 179.600000 -3.110179 2.696584 3.581575
 179.800000 -3.111161 2.557327 2.303261
 180.000000 -3.063224 2.616172 3.072510
 180.200000 -2.994493 2.646050 11.212773
 180.400000 -3.120284 2.667998 1.477258
 180.600000 -3.141152 2.635836 0.159272
 180.800000 -3.141335 2.610544 0.027784
 181.000000 -3.079478 2.598293 2.123166
 181.200000 -2.991105 2.702991 14.935609
 181.400000 -3.100830 2.647758 1.273754
 181.600000 -3.128999 2.590153 0.466871
 181.800000 -3.062169 2.640437 3.405920
 182.000000 -3.093192 2.594692 1.442781
 182.200000 -3.026102 2.518056 11.662846
 182.400000 -3.058255 2.610138 3.503422
 182.600000 -3.080984 2.678187 3.648342
 182.800000 -3.111438 2.603134 0.565079
 183.000000 -3.057800 2.573042 4.520918
 183.200000 -3.035581 2.635092 5.765372
 183.400000 -3.074078 2.681303 4.283146
 183.600000 3.104508 2.662180 1.663861
 183.800000 3.095693 2.633994 1.181395
 184.000000 -3.116615 2.614405 0.318381
 184.200000 -3.071350 2.663164 3.487209
 184.400000 -3.082844 2.571361 2.813055
 184.600000 -3.075594 2.630082 2.250997
 184.800000 -3.094556 2.667043 2.309151
 185.000000 -3.114798 2.581629 1.020165
 185.200000 -3.051562 2.585141 4.592371
 185.400000 3.126481 2.567871 1.370345
 185.600000 -3.113228 2.639173 0.626550
 185.800000 -3.091946 2.662500 2.222774
 186.000000 -3.092667 2.673799 2.753965
 186.200000 -3.139374 2.550518 2.278960
 186.400000 -3.103567 2.622942 0.735227
 186.600000 3.137821 2.687535 2.425106
 186.800000 3.121434 2.617095 0.203593
 187.000000 -3.080963 2.642667 2.142330
 187.200000 -3.096959 2.676882 2.729981
 187.400000 3.140809 2.598038 0.199421
 187.600000 -3.084101 2.576401 2.517605
 187.800000 -3.051734 2.593547 4.336078
 188.000000 -3.128033 2.666398 1.263425
 188.200000 -3.061428 2.705501 7.041874
 188.400000 -3.127648 2.560596 1.744497
 188.600000 -3.101998 2.554291 2.812930
 188.800000 -3.119592 2.641673 0.522363
 189.000000 -3.014432 2.711771 12.481998
 189.200000 -3.096122 2.666676 2.218754
 189.400000 -3.049675 2.632311 4.326923
 189.600000 -3.039186 2.656458 5.983352
 189.800000 -3.067794 2.623774 2.739792
 190.000000 -3.129119 2.781800 13.493993
 190.200000 -3.046396 2.674141 6.107439
 190.400000 -3.104655 2.520330 5.451359
 190.600000 -3.104637 2.554719 2.684718
 190.800000 -3.033238 2.711555 10.247139
 191.000000 -3.090777 2.696988 4.411140
 191.200000 -3.071416 2.615106 2.466546
 191.400000 -3.090671 2.613283 1.307583
 191.600000 -3.102141 2.629877 0.848810
 191.800000 -3.028162 2.606731 6.496653
 192.000000 -3.109713 2.680029 2.432314
 192.200000 3.120575 2.657834 1.014501
 192.400000 -3.091848 2.583282 1.839731
 192.600000 -3.081971 2.628401 1.831519
 192.800000 -3.101383 2.682948 2.917948
 193.000000 -3.087408 2.735902 8.419199
 193.200000 -3.140631 2.579387 0.745694
 193.400000 -3.107329 2.607811 0.638851
 193.600000 -3.042887 2.634850 5.013462
 193.800000 -3.013455 2.596366 8.443509
 194.000000 -3.090597 2.604828 1.386972
 194.200000 -3.098069 2.623785 0.963904
 194.400000 -3.098606 2.591568 1.273105
 194.600000 -3.092305 2.682960 3.324912
 194.800000 -3.030377 2.672082 7.647227
 195.000000 -3.020002 2.615094 7.396367
 195.200000 3.076139 2.624289 2.161910
 195.400000 -3.138717 2.657629 0.789600
 195.600000 -3.134032 2.698794 3.292906
 195.800000 -3.131257 2.631370 0.142873
 196.000000 -2.976297 2.634844 13.803239
 196.200000 -2.970405 2.561471 16.250046
 196.400000 -3.133215 2.600584 0.186655
 196.600000 -3.137232 2.575012 0.933218
 196.800000 -3.066863 2.657129 3.558074
 197.000000 -3.132193 2.574304 0.998564
 197.200000 -3.108259 2.634593 0.693318
 197.400000 -3.068536 2.614155 2.675980
 197.600000 -3.117758 2.628528 0.339526
 197.800000 -3.101692 2.713419 5.349018
 198.000000 -3.101076 2.573942 1.791071
 198.200000 3.099945 2.555600 2.813730
 198.400000 3.108960 2.621228 0.537663
 198.600000 -3.099596 2.698512 4.123420
 198.800000 -3.101906 2.599600 0.956672
 199.000000 -3.114475 2.581847 1.021007
 199.200000 -3.055229 2.658974 4.569033
 199.400000 -3.033226 2.627220 5.914239
 199.600000 -3.111980 2.596216 0.675607
 199.800000 3.122516 2.655671 0.891725
 200.000000 -3.057770 2.623021 3.525755
