#! FIELDS time phi psi restraint.bias
#! SET min_phi -pi
#! SET max_phi pi
#! SET min_psi -pi
#! SET max_psi pi
 0.000000 3.044301 2.158395 31.432039
 0.200000 2.997836 1.873664 1.540713
 0.400000 3.077456 1.964606 7.094655
 0.600000 2.905062 1.934412 2.027688
 0.800000 2.984273 1.856850 2.133413
 1.000000 3.094954 1.853862 10.356515
 1.200000 3.035629 1.865538 3.826452
 1.400000 3.007513 1.931441 0.885252
 1.600000 3.063608 1.966849 5.764667
 1.800000 2.971419 1.909335 0.064912
 2.000000 3.036681 2.058886 12.087446
 2.200000 2.941334 1.954504 0.930928
 2.400000 2.988640 2.051608 8.911348
 2.600000 2.975747 1.944100 0.331483
 2.800000 3.040406 2.028438 8.584167
 3.000000 3.052247 1.898348 3.859817
 3.200000 -3.099472 1.947578 23.853396
 3.400000 3.022008 1.979851 3.308989
 3.600000 3.023700 1.968041 2.764677
 3.800000 3.027177 1.900972 1.985479
 4.000000 3.045044 1.996338 5.965080
 4.200000 3.013689 1.923884 1.095218
 4.400000 2.969792 1.960554 0.831655
 4.600000 2.973341 1.914174 0.035907
 4.800000 3.073932 1.982395 7.666046
 5.000000 3.055030 1.975007 5.389870
 5.200000 3.061442 1.919063 4.454332
 5.400000 3.046304 1.881573 3.872855
 5.600000 3.036904 1.940372 2.649454
 5.800000 2.987255 1.916510 0.209537
 6.000000 3.051997 1.934959 3.721113
 6.200000 3.030224 1.969624 3.233018
 6.400000 2.981380 1.967482 1.236369
 6.600000 2.983550 1.998737 3.246582
 6.800000 3.089973 2.024815 13.061431
 7.000000 2.991586 1.915325 0.311059
 7.200000 3.039566 1.986915 4.876632
 7.400000 3.046481 1.937710 3.313169
 7.600000 3.098292 1.930898 8.671784
 7.800000 3.050564 1.837053 6.915163
 8.000000 3.025054 1.908513 1.746065
 8.200000 3.013369 1.944929 1.386440
 8.400000 3.046883 1.919334 3.186003
 8.600000 2.944536 1.943313 0.528631
 8.800000 2.979808 1.991763 2.666111
 9.000000 3.056668 1.867335 5.394363
 9.200000 2.987097 2.030710 6.344409
 9.400000 3.034444 1.921484 2.271668
 9.600000 3.018909 1.858408 3.232499
 9.800000 3.001569 1.917139 0.599157
 10.000000 3.054024 1.943756 4.066836
 10.200000 3.001313 1.896270 0.864934
 10.400000 2.964504 1.928282 0.038716
 10.600000 3.073714 2.002583 9.108971
 10.800000 3.112867 1.993192 13.318511
 11.000000 3.057497 1.988287 6.430458
 11.200000 3.039512 1.946546 2.980638
 11.400000 2.911420 2.049888 10.001295
 11.600000 2.998571 1.996058 3.399337
 11.800000 3.031609 1.887639 2.602477
 12.000000 3.109648 1.913162 10.188207
 12.200000 3.129748 1.878302 14.097289
 12.400000 3.101851 1.940768 9.302805
 12.600000 2.970212 1.900430 0.193764
 12.800000 3.022414 1.926768 1.555902
 13.000000 3.003610 1.966553 1.757994
 13.200000 3.037746 1.971120 3.811980
 13.400000 2.954715 1.907014 0.158741
 13.600000 3.002397 2.014724 5.123743
 13.800000 3.044176 1.973856 4.431111
 14.000000 2.994200 1.928415 0.404877
 14.200000 3.038235 1.973471 3.969960
 14.400000 3.060734 1.874540 5.414445
 14.600000 2.994366 1.960558 1.200886
 14.800000 3.049592 1.935052 3.521189
 15.000000 2.995238 1.872836 1.502732
 15.200000 3.034638 1.951544 2.785286
 15.400000 3.011660 1.889436 1.457483
 15.600000 3.014304 1.975996 2.691482
 15.800000 3.010952 1.916796 0.967972
 16.000000 3.005082 1.855205 2.813111
 16.200000 2.973556 1.978297 1.728390
 16.400000 2.996376 1.985608 2.590996
 16.600000 3.093445 1.966349 9.067171
 16.800000 3.103108 2.002412 12.661856
 17.000000 3.106109 1.932729 9.750129
 17.200000 3.066258 2.006226 8.649502
 17.400000 2.975752 1.984316 2.114912
 17.600000 3.004771 1.917982 0.712846
 17.800000 3.048006 1.991938 5.873665
 18.000000 2.983743 1.910508 0.182919
 18.200000 3.066994 1.918673 4.994132
 18.400000 3.020970 1.942412 1.707382
 18.600000 3.111476 2.007021 14.226400
 18.800000 -3.136500 1.922221 16.135372
 19.000000 3.029519 1.913767 1.969176
 19.200000 3.026495 1.970309 3.038693
 19.400000 3.039823 1.959232 3.422283
 19.600000 2.973247 1.969594 1.255776
 19.800000 2.986245 1.914933 0.196193
 20.000000 2.979358 1.864748 1.594425
 20.200000 3.059842 1.983646 6.338434
 20.400000 3.033844 1.933888 2.328444
 20.600000 3.071982 1.911545 5.538926
 20.800000 3.008623 1.900500 1.051192
 21.000000 3.038812 1.905158 2.682266
 21.200000 3.048691 1.961653 4.205050
 21.400000 2.973125 1.962140 0.912102
 21.600000 3.012660 1.947553 1.423083
 21.800000 3.050858 2.023298 8.860556
 22.000000 3.042713 2.001684 6.209136
 22.200000 3.048599 1.908328 3.390837
 22.400000 3.061088 1.908139 4.489341
 22.600000 3.089251 1.965018 8.484856
 22.800000 2.979524 1.929438 0.123520
 23.000000 2.993878 1.981169 2.238877
 23.200000 2.949747 1.879053 0.982541
 23.400000 3.056652 1.930519 4.070168
 23.600000 3.003904 1.952388 1.207725
 23.800000 2.976172 1.940730 0.259237
 24.000000 2.969897 1.947057 0.373792
 24.200000 3.054448 1.921234 3.819297
 24.400000 3.051588 1.898798 3.794365
 24.600000 3.106910 1.970543 11.063249
 24.800000 3.054290 1.853417 6.012033
 25.000000 2.957342 1.872726 1.158125
 25.200000 3.057348 1.983038 6.071559
 25.400000 3.063724 1.921478 4.673317
 25.600000 2.980258 1.865994 1.538005
 25.800000 3.005770 2.013204 5.105598
 26.000000 3.000414 1.958911 1.318653
 26.200000 3.118667 1.978057 13.185654
 26.400000 3.017426 1.911948 1.299711
 26.600000 2.988457 1.895202 0.532973
 26.800000 3.042230 1.934750 2.936113
 27.000000 3.123797 1.995869 15.171831
 27.200000 2.929323 1.886052 1.283581
 27.400000 2.988745 1.962492 1.143769
 27.600000 2.974296 1.905924 0.123317
 27.800000 3.030195 2.031094 8.179365
 28.000000 3.033719 1.903969 2.348031
 28.200000 3.058695 1.894204 4.527683
 28.400000 -3.133525 1.971473 18.003312
 28.600000 3.047720 1.932754 3.336101
 28.800000 3.051045 1.863205 5.131786
 29.000000 3.016840 2.018242 6.078292
 29.200000 2.978765 1.890806 0.490643
 29.400000 3.077054 1.989217 8.454441
 29.600000 2.984346 1.953206 0.705331
 29.800000 2.980314 1.876456 1.029892
 30.000000 3.044635 2.009385 7.016095
 30.200000 2.984980 1.957476 0.867974
 30.400000 3.027821 1.906304 1.937896
 30.600000 3.034869 1.914949 2.311143
 30.800000 2.968517 1.853913 2.175724
 31.000000 3.012107 1.963680 1.974625
 31.200000 2.941677 1.944021 0.613955
 31.400000 3.032524 1.940507 2.355877
 31.600000 3.069594 1.930614 5.314463
 31.800000 3.038147 1.977542 4.190206
 32.000000 2.983305 1.872317 1.262223
 32.200000 3.072473 1.952149 6.077209
 32.400000 2.970692 1.998327 3.084930
 32.600000 3.088734 1.965006 8.421256
 32.800000 3.004380 1.826065 5.095399
 33.000000 3.015810 1.956327 1.853147
 33.200000 3.114247 1.970613 12.119875
 33.400000 3.104062 1.961757 10.262403
 33.600000 3.048267 2.050257 11.798740
 33.800000 2.928085 1.815170 6.239746
 34.000000 2.999119 1.981227 2.396749
 34.200000 3.030876 1.906912 2.120084
 34.400000 3.040777 1.947198 3.090727
 34.600000 2.998788 1.903407 0.638737
 34.800000 3.070253 1.892205 5.706892
 35.000000 3.122858 1.940418 12.347769
 35.200000 3.066479 1.924782 4.954220
 35.400000 2.954492 1.920480 0.079166
 35.600000 2.952698 2.009997 4.165303
 35.800000 2.976563 1.891281 0.453596
 36.000000 2.982424 1.921748 0.119803
 36.200000 2.991688 1.901254 0.476412
 36.400000 3.037838 1.844073 5.376745
 36.600000 2.985528 1.980682 2.020083
 36.800000 2.991858 1.936898 0.452581
 37.000000 2.935488 1.829702 4.562851
 37.200000 3.023059 1.949018 1.992983
 37.400000 3.033846 1.943523 2.510101
 37.600000 3.071194 1.928928 5.463108
 37.800000 3.041146 1.950588 3.216388
 38.000000 3.047186 1.909992 3.258855
 38.200000 2.981344 1.943326 0.377292
 38.400000 3.047402 2.022231 8.467154
 38.600000 3.040277 1.984805 4.789146
 38.800000 2.988853 1.980801 2.094229
 39.000000 2.985023 1.953387 0.723302
 39.200000 3.097179 1.997096 11.448069
 39.400000 3.017884 1.857466 3.238187
 39.600000 3.071415 2.009653 9.476206
 39.800000 3.000951 1.939209 0.761474
 40.000000 3.047960 1.947931 3.666332
 40.200000 3.064125 1.988751 7.083679
 40.400000 3.052079 1.882345 4.317896
 40.600000 3.039768 1.866546 4.064576
 40.800000 3.007551 1.990470 3.312508
 41.000000 2.988523 1.983081 2.228621
 41.200000 3.007984 1.920867 0.837904
 41.400000 2.963051 1.929144 0.051111
 41.600000 3.035014 1.988066 4.634780
 41.800000 3.040771 1.893029 3.076718
 42.000000 3.006816 1.873962 1.843695
 42.200000 3.025391 2.001577 5.039889
 42.400000 3.000288 1.874688 1.572415
 42.600000 3.004670 1.948814 1.126342
 42.800000 3.006095 1.986207 2.962700
 43.000000 3.039092 1.910350 2.639584
 43.200000 3.009409 2.036500 7.698940
 43.400000 3.057092 2.000974 7.342451
 43.600000 3.008841 1.922915 0.877488
 43.800000 2.990331 1.954543 0.872163
 44.000000 3.063903 1.932757 4.772427
 44.200000 3.072306 1.939617 5.733498
 44.400000 3.115824 1.887978 11.573674
 44.600000 3.049668 1.889527 3.872174
 44.800000 3.057150 1.920313 4.058259
 45.000000 3.050017 1.914418 3.455768
 45.200000 3.043491 1.976984 4.552317
 45.400000 3.038985 1.986200 4.786948
 45.600000 3.070354 1.955299 5.962795
 45.800000 2.976639 1.952671 0.584098
 46.000000 3.005611 1.964351 1.732711
 46.200000 3.028112 1.946325 2.213829
 46.400000 3.034592 1.943234 2.553450
 46.600000 3.086788 1.893529 7.514194
 46.800000 3.051457 1.927064 3.587398
 47.000000 3.040953 1.900376 2.919931
 47.200000 3.071595 1.952185 5.986186
 47.400000 2.981849 1.972117 1.474640
 47.600000 2.959266 1.963660 0.989502
 47.800000 2.980212 2.008510 4.015712
 48.000000 3.079917 1.976408 7.967069
 48.200000 3.054744 1.941100 4.069739
 48.400000 3.001762 1.937515 0.757941
 48.600000 2.963815 1.877942 0.883929
 48.800000 3.069440 1.997450 8.250734
 49.000000 2.989118 1.885732 0.825741
 49.200000 3.038223 1.983828 4.577926
 49.400000 3.049079 1.919479 3.363624
 49.600000 3.059143 1.968078 5.402088
 49.800000 3.097798 2.056527 17.884934
 50.000000 2.993559 1.925113 0.364892
 50.200000 3.063720 1.966422 5.755518
 50.400000 3.037461 1.880451 3.254811
 50.600000 3.122695 1.892226 12.493037
 50.800000 3.085473 1.914047 7.027779
 51.000000 3.013252 1.843280 3.999255
 51.200000 2.958392 2.008586 3.973552
 51.400000 3.014108 2.016488 5.775096
 51.600000 2.970346 1.983462 2.027873
 51.800000 2.956812 2.034630 6.638379
 52.000000 3.030336 1.926635 2.024878
 52.200000 3.045669 1.986886 5.335821
 52.400000 3.013786 1.979556 2.873314
 52.600000 3.108911 1.789630 18.541052
 52.800000 3.098167 2.006574 12.354047
 53.000000 3.012390 1.941777 1.267552
 53.200000 3.084144 1.897162 7.112015
 53.400000 2.996193 2.043348 8.048732
 53.600000 3.055312 1.992622 6.541195
 53.800000 2.936534 1.955542 1.102453
 54.000000 2.992461 1.941848 0.564312
 54.200000 3.086709 1.839537 10.384023
 54.400000 3.044363 1.940719 3.205433
 54.600000 2.992897 1.939647 0.529499
 54.800000 3.001463 1.868559 1.907809
 55.000000 3.001511 1.900607 0.778817
 55.200000 3.056938 2.014586 8.525357
 55.400000 3.035885 1.927093 2.394586
 55.600000 2.947113 1.971763 1.545785
 55.800000 3.006877 1.916701 0.797687
 56.000000 3.043392 1.970541 4.197499
 56.200000 3.026460 2.052163 10.516024
 56.400000 3.095272 1.971585 9.556879
 56.600000 3.054187 1.911562 3.830026
 56.800000 3.073601 1.998422 8.761296
 57.000000 3.043911 1.894313 3.279457
 57.200000 3.046522 1.978987 4.905024
 57.400000 2.929814 1.996201 3.607420
 57.600000 2.946699 1.962574 1.119416
 57.800000 3.122544 2.014716 16.586243
 58.000000 3.098323 1.985437 10.765053
 58.200000 3.083820 1.939935 7.017929
 58.400000 3.095159 1.932691 8.287044
 58.600000 3.011138 1.912058 1.001907
 58.800000 3.053056 1.965387 4.733963
 59.000000 3.020970 1.853409 3.661194
 59.200000 3.057446 2.050829 12.661067
 59.400000 2.993586 1.904209 0.474351
 59.600000 3.013816 1.989897 3.545537
 59.800000 2.983552 2.029772 6.176103
 60.000000 2.941227 1.997613 3.356240
 60.200000 3.000743 1.947769 0.956653
 60.400000 3.022986 1.937573 1.720689
 60.600000 3.069737 1.938245 5.440270
 60.800000 3.049733 1.884455 4.044251
 61.000000 3.007734 1.892796 1.193482
 61.200000 3.000612 1.885147 1.165456
 61.400000 3.080928 1.895017 6.791657
 61.600000 3.084764 1.944717 7.236014
 61.800000 3.024970 1.945290 2.000091
 62.000000 2.997747 1.906857 0.555428
 62.200000 2.970464 2.079686 12.777668
 62.400000 2.916620 1.986251 3.475774
 62.600000 2.995121 1.957712 1.110035
 62.800000 2.992587 2.018056 5.146825
 63.000000 3.030292 1.957142 2.694024
 63.200000 3.076249 1.852308 8.242910
 63.400000 3.037264 1.891860 2.856369
 63.600000 3.026802 1.983839 3.831108
 63.800000 3.028288 1.862951 3.493852
 64.000000 3.010813 1.854955 3.063663
 64.200000 3.059190 1.956146 4.902238
 64.400000 2.975884 1.870335 1.265408
 64.600000 3.033497 1.987139 4.470023
 64.800000 2.964340 1.956833 0.687116
 65.000000 2.985324 1.940621 0.382257
 65.200000 3.071771 1.991270 8.031739
 65.400000 3.013583 1.877536 1.977946
 65.600000 3.047283 1.903167 3.357280
 65.800000 3.030473 1.952247 2.535043
 66.000000 2.961947 1.912717 0.038592
 66.200000 2.985538 2.033239 6.597855
 66.400000 2.918543 1.905688 1.277381
 66.600000 2.919449 1.942911 1.398985
 66.800000 3.043220 2.022726 8.190745
 67.000000 3.035725 1.921639 2.359028
 67.200000 3.034105 1.971487 3.580107
 67.400000 3.060480 1.962183 5.259167
 67.600000 3.035372 1.877658 3.223905
 67.800000 2.991547 1.989502 2.724631
 68.000000 3.075298 1.871802 7.012673
 68.200000 3.053583 1.811607 9.602820
 68.400000 2.962558 1.930123 0.062771
 68.600000 3.065982 1.921839 4.894761
 68.800000 3.042133 2.010542 6.929395
 69.000000 2.909011 1.912892 1.709120
 69.200000 3.041011 1.940002 2.937202
 69.400000 3.053182 1.963971 4.681314
 69.600000 3.003916 1.982853 2.663124
 69.800000 -3.140214 1.887180 16.006539
 70.000000 3.091517 1.920564 7.744999
 70.200000 3.026497 2.042755 9.317718
 70.400000 3.057732 1.990874 6.632057
 70.600000 3.040241 1.944771 2.987973
 70.800000 3.057526 1.997041 7.070288
 71.000000 3.028499 1.921286 1.888413
 71.200000 3.067590 1.913886 5.071075
 71.400000 3.051773 1.852079 5.885475
 71.600000 2.975793 1.839957 3.230530
 71.800000 2.993094 1.980526 2.178933
 72.000000 2.944807 1.875482 1.232397
 72.200000 2.903640 1.959000 2.776943
 72.400000 2.905299 1.952366 2.435461
 72.600000 3.026770 1.829279 5.885314
 72.800000 3.086149 1.900349 7.281536
 73.000000 3.010697 1.863867 2.519838
 73.200000 3.039998 1.910503 2.703779
 73.400000 3.106231 1.930594 9.741954
 73.600000 3.050405 1.873525 4.546759
 73.800000 3.055698 1.974033 5.395611
 74.000000 3.049543 1.951822 3.912420
 74.200000 3.064606 1.959919 5.559849
 74.400000 2.989425 2.039099 7.358845
 74.600000 2.990642 1.977281 1.926520
 74.800000 3.098103 1.987289 10.859388
 75.000000 2.969719 1.933384 0.094958
 75.200000 3.053609 1.952671 4.283629
 75.400000 3.069356 1.942601 5.490744
 75.600000 3.023497 1.990805 4.109023
 75.800000 3.026011 1.881911 2.457739
 76.000000 3.036582 1.959077 3.185562
 76.200000 3.016398 2.037700 8.159957
 76.400000 3.008822 1.932431 0.951025
 76.600000 3.071221 1.965203 6.452667
 76.800000 3.083674 2.043473 14.439184
 77.000000 3.007757 1.876095 1.785921
 77.200000 2.974431 1.918309 0.028375
 77.400000 2.971297 1.897495 0.259133
 77.600000 3.049824 1.929157 3.468140
 77.800000 3.054378 1.915977 3.819794
 78.000000 3.062557 1.957456 5.266470
 78.200000 2.965309 1.958143 0.734244
 78.400000 3.007364 2.052961 9.669886
 78.600000 2.994084 1.861600 2.062419
 78.800000 3.050586 2.067329 14.361495
 79.000000 3.070147 1.965855 6.371173
 79.200000 3.112690 1.824781 15.124205
 79.400000 3.047618 2.032367 9.573545
 79.600000 3.022315 1.911799 1.559105
 79.800000 3.048206 1.942184 3.541501
 80.000000 3.041221 1.981711 4.662636
 80.200000 3.002969 1.896443 0.918984
 80.400000 3.038664 2.025979 8.194046
 80.600000 2.975909 1.957932 0.763794
 80.800000 2.977243 2.023594 5.431967
 81.000000 2.959634 1.946949 0.394421
 81.200000 3.025601 1.873323 2.796534
 81.400000 3.053273 2.002542 7.134372
 81.600000 3.042757 1.895646 3.158260
 81.800000 3.068099 1.886952 5.645992
 82.000000 3.061267 1.920951 4.438066
 82.200000 3.093326 1.945691 8.305093
 82.400000 3.044535 1.902580 3.150504
 82.600000 3.064244 1.991399 7.281110
 82.800000 3.048668 1.950326 3.793937
 83.000000 3.072498 1.882124 6.270687
 83.200000 3.017130 1.920302 1.253589
 83.400000 3.000459 1.929198 0.601331
 83.600000 2.976135 1.861384 1.751011
 83.800000 3.016745 2.007963 5.115150
 84.000000 3.048011 2.007202 7.090659
 84.200000 3.076333 1.906885 6.054484
 84.400000 3.090864 2.014228 12.116210
 84.600000 3.067696 1.965453 6.103092
 84.800000 3.103598 1.871992 10.467191
 85.000000 3.051789 1.944352 3.889437
 85.200000 3.083355 1.973554 8.203748
 85.400000 2.996066 1.938369 0.591946
 85.600000 2.928829 1.954624 1.334994
 85.800000 3.058672 1.903038 4.337942
 86.000000 3.073941 1.978565 7.434832
 86.200000 2.995367 1.998740 3.511543
 86.400000 3.080712 1.846699 9.134900
 86.600000 3.128364 1.951033 13.495305
 86.800000 3.043549 1.980440 4.760103
 87.000000 2.999763 1.906308 0.626616
 87.200000 3.070703 1.907639 5.445627
 87.400000 2.997754 1.896248 0.749902
 87.600000 3.109347 1.963644 11.081183
 87.800000 2.993046 1.947567 0.721426
 88.000000 2.949732 1.988933 2.535489
 88.200000 2.944694 1.914959 0.262134
 88.400000 3.046629 1.992247 5.785419
 88.600000 3.033427 1.898687 2.426510
 88.800000 3.139897 1.901580 15.103527
 89.000000 3.033218 1.883064 2.865513
 89.200000 3.070649 1.960697 6.199137
 89.400000 3.063492 1.950108 5.107029
 89.600000 2.978415 1.916664 0.069589
 89.800000 3.000287 2.029553 6.568094
 90.000000 3.021584 1.915515 1.495910
 90.200000 3.086593 2.013673 11.544337
 90.400000 2.962104 1.895314 0.313575
 90.600000 2.985283 1.838615 3.466569
 90.800000 2.988393 1.975317 1.765160
 91.000000 2.993149 1.933579 0.434390
 91.200000 3.004950 1.869982 1.961838
 91.400000 3.015097 2.008188 5.054506
 91.600000 3.006847 1.963491 1.743265
 91.800000 3.025570 1.945512 2.040700
 92.000000 2.981233 2.018555 4.970589
 92.200000 3.019541 1.939908 1.578037
 92.400000 3.075205 1.957228 6.545776
 92.600000 3.103426 1.987394 11.578221
 92.800000 3.117746 1.932030 11.427225
 93.000000 3.038487 1.949151 2.979839
 93.200000 3.042720 1.837000 6.295313
 93.400000 3.033472 2.005086 5.836848
 93.600000 2.916098 1.969670 2.538962
 93.800000 2.984097 1.947186 0.518438
 94.000000 3.012583 1.983735 3.076054
 94.200000 2.987128 2.058000 9.742370
 94.400000 3.016365 1.938826 1.395296
 94.600000 3.038773 1.890192 3.011522
 94.800000 3.044236 1.951605 3.481901
 95.000000 3.137965 1.894580 14.923909
 95.200000 3.044546 1.822719 7.720497
 95.400000 3.062665 1.947379 4.948773
 95.600000 3.048684 1.945294 3.654648
 95.800000 2.924013 1.991177 3.469369
 96.000000 2.948717 1.982756 2.146056
 96.200000 2.991286 1.966790 1.394554
 96.400000 2.977732 1.956725 0.736366
 96.600000 3.097141 1.951714 8.967842
 96.800000 3.022112 1.899160 1.729666
 97.000000 3.095967 1.846616 10.991049
 97.200000 3.066054 1.873734 5.963834
 97.400000 3.014185 1.999829 4.307767
 97.600000 2.922529 1.938537 1.165871
 97.800000 2.946793 2.003939 3.739828
 98.000000 3.028246 2.046700 9.915850
 98.200000 3.007955 1.938364 1.007360
 98.400000 3.043689 1.943946 3.226015
 98.600000 3.064815 1.917967 4.779849
 98.800000 3.127568 1.902493 13.032302
 99.000000 2.953425 1.881807 0.817045
 99.200000 3.049216 1.945750 3.709909
 99.400000 3.016664 1.898913 1.449733
 99.600000 2.981752 2.020917 5.214022
 99.800000 3.034854 2.033195 8.720242
 100.000000 3.057848 1.934238 4.224567
 100.200000 3.062294 1.971198 5.852499
 100.400000 3.112344 1.956262 11.216241
 100.600000 3.117085 1.929518 11.300413
 100.800000 3.046642 1.861982 4.841761
 101.000000 3.101585 1.894258 9.376321
 101.200000 3.041968 1.930289 2.859977
 101.400000 3.037504 1.892573 2.853568
 101.600000 3.000563 1.922789 0.565509
 101.800000 2.984786 2.089825 14.600872
 102.000000 2.965877 2.028563 5.908616
 102.200000 2.948586 2.040876 7.492874
 102.400000 3.016297 1.940562 1.426424
 102.600000 3.085051 1.892275 7.341518
 102.800000 3.101308 1.908417 9.076853
 103.000000 3.032183 1.933731 2.216696
 103.200000 3.038849 1.913204 2.599043
 103.400000 2.995615 1.847286 3.041335
 103.600000 3.086535 1.964578 8.136899
 103.800000 3.006427 1.944345 1.074569
 104.000000 2.977089 2.070717 11.428885
 104.200000 2.965969 2.001679 3.347583
 104.400000 3.024846 1.963330 2.614372
 104.600000 3.003861 1.935409 0.798013
 104.800000 3.103487 1.897580 9.554508
 105.000000 3.098566 1.948621 9.060486
 105.200000 3.079130 1.875604 7.259267
 105.400000 3.063752 1.940264 4.882795
 105.600000 2.981455 1.984615 2.200082
 105.800000 2.927732 1.961821 1.653602
 106.000000 3.003732 2.010989 4.824492
 106.200000 2.972100 2.054474 9.072918
 106.400000 2.994949 1.916734 0.393813
 106.600000 3.102029 1.998204 12.177047
 106.800000 -3.128989 1.898061 17.747711
 107.000000 -3.103913 1.867206 23.903407
 107.200000 3.049533 1.903419 3.536106
 107.400000 3.082451 2.019740 11.645323
 107.600000 3.091317 1.978040 9.412269
 107.800000 3.013330 2.039721 8.253549
 108.000000 3.027028 2.028954 7.748613
 108.200000 3.065814 1.971674 6.218415
 108.400000 2.923147 2.043839 8.649312
 108.600000 3.037023 1.920720 2.447821
 108.800000 3.060496 1.935220 4.483138
 109.000000 3.060735 1.929904 4.437922
 109.200000 3.073006 1.856307 7.631981
 109.400000 3.041714 1.971441 4.116790
 109.600000 3.047766 1.851925 5.564502
 109.800000 3.067693 1.964359 6.053576
 110.000000 2.980074 1.991946 2.682715
 110.200000 2.999269 1.978838 2.257800
 110.400000 3.047623 2.018743 8.133882
 110.600000 3.005354 1.954543 1.334572
 110.800000 3.080774 1.947577 6.849549
 111.000000 3.007806 1.923382 0.836338
 111.200000 3.076587 1.895669 6.290751
 111.400000 3.110966 1.868964 11.649766
 111.600000 2.947314 1.912266 0.223799
 111.800000 2.967991 2.002894 3.447548
 112.000000 2.990802 1.966944 1.390202
 112.200000 2.968146 2.053667 8.952445
 112.400000 2.896371 1.873913 3.554072
 112.600000 3.073028 1.966321 6.693836
 112.800000 3.099553 1.871483 9.947434
 113.000000 3.056679 1.862288 5.673224
 113.200000 3.091599 1.917446 7.757903
 113.400000 3.058977 1.925489 4.240190
 113.600000 3.062413 1.978690 6.276468
 113.800000 3.024679 2.006773 5.436746
 114.000000 2.930306 1.908221 0.743177
 114.200000 3.068595 2.067902 16.112649
 114.400000 2.971346 2.013607 4.403186
 114.600000 3.022137 1.947753 1.905716
 114.800000 3.090572 1.961973 8.514271
 115.000000 3.056049 1.951635 4.464259
 115.200000 3.104517 1.974366 10.932609
 115.400000 3.074899 1.865981 7.266216
 115.600000 3.109375 1.893039 10.486522
 115.800000 3.042094 1.914658 2.828628
 116.000000 3.023619 1.972102 2.963942
 116.200000 3.018017 1.939670 1.494502
 116.400000 2.981761 1.982058 2.042206
 116.600000 3.016909 2.021913 6.449656
 116.800000 3.098248 1.892436 8.981210
 117.000000 3.019402 1.945941 1.709883
 117.200000 3.030165 1.897415 2.243108
 117.400000 3.088357 1.941612 7.593097
 117.600000 2.986770 1.866087 1.640155
 117.800000 3.038726 1.982897 4.554737
 118.000000 3.063091 1.914641 4.624677
 118.200000 3.125055 2.039707 19.662595
 118.400000 3.079693 1.979293 8.109130
 118.600000 3.101967 1.994305 11.870864
 118.800000 2.970769 1.955134 0.628938
 119.000000 3.053208 1.934128 3.812555
 119.200000 3.075535 1.902026 6.042476
 119.400000 2.990981 1.878440 1.144033
 119.600000 3.090612 1.851346 9.979807
 119.800000 3.092781 1.894936 8.213537
 120.000000 2.998123 1.987211 2.750357
 120.200000 2.962829 1.877303 0.914589
 120.400000 2.970069 1.911322 0.040993
 120.600000 3.032436 2.038147 9.132661
 120.800000 3.013893 1.866062 2.543926
 121.000000 3.019860 2.003249 4.870621
 121.200000 3.059646 1.925508 4.302089
 121.400000 3.023314 1.830105 5.610482
 121.600000 2.995168 1.907782 0.468009
 121.800000 3.115183 1.975251 12.504146
 122.000000 2.968681 1.895191 0.305639
 122.200000 3.051662 1.959935 4.381662
 122.400000 3.050405 1.970846 4.772869
 122.600000 3.019761 1.898621 1.614277
 122.800000 3.030758 1.912977 2.052425
 123.000000 3.040147 1.960860 3.511237
 123.200000 2.924398 1.943443 1.188024
 123.400000 3.020221 2.010741 5.542530
 123.600000 3.058780 1.999410 7.370248
 123.800000 3.055646 1.940444 4.135586
 124.000000 3.058690 2.000785 7.472311
 124.200000 3.019461 1.889136 1.844989
 124.400000 3.087913 2.038227 14.307870
 124.600000 3.019243 1.895094 1.668285
 124.800000 3.065832 1.901487 5.046793
 125.000000 3.071562 1.966875 6.565438
 125.200000 2.963194 1.942835 0.271339
 125.400000 3.012322 1.953166 1.578894
 125.600000 3.026591 1.950274 2.234394
 125.800000 2.966712 1.905504 0.103141
 126.000000 3.121406 1.917332 11.914637
 126.200000 2.969667 1.883917 0.649438
 126.400000 3.023210 1.880602 2.347102
 126.600000 3.024550 1.948922 2.074790
 126.800000 3.030470 1.929282 2.054791
 127.000000 3.099356 1.973982 10.215661
 127.200000 -3.131579 1.915702 17.037388
 127.400000 3.048403 1.989360 5.723296
 127.600000 3.065726 1.981037 6.738678
 127.800000 3.067222 1.989628 7.449867
 128.000000 3.031628 2.004004 5.624463
 128.200000 3.009719 1.965266 1.940635
 128.400000 3.055863 2.038055 10.927762
 128.600000 3.034484 1.977223 3.918199
 128.800000 3.029669 1.881218 2.706662
 129.000000 3.118298 1.980755 13.290474
 129.200000 3.066104 1.994460 7.687252
 129.400000 2.927200 1.915974 0.801972
 129.600000 3.001187 2.092326 15.454175
 129.800000 3.050945 1.911760 3.551219
 130.000000 2.992866 1.940769 0.551532
 130.200000 3.003119 1.995297 3.495383
 130.400000 2.963353 1.898129 0.243037
 130.600000 2.978695 1.981012 1.937317
 130.800000 2.963624 1.914705 0.019199
 131.000000 3.027464 1.836855 5.269432
 131.200000 3.024874 2.000820 4.948308
 131.400000 3.139896 1.986581 17.161906
 131.600000 3.099044 1.923464 8.716468
 131.800000 2.969842 1.993727 2.731881
 132.000000 3.031971 1.965389 3.143092
 132.200000 3.080232 1.924484 6.414666
 132.400000 3.010082 1.981932 2.851786
 132.600000 3.069375 1.903355 5.370414
 132.800000 3.110653 1.881754 11.035564
 133.000000 3.044914 1.919817 3.030640
 133.200000 3.024610 1.908436 1.721300
 133.400000 3.051845 1.897520 3.843815
 133.600000 3.007558 1.937010 0.967053
 133.800000 3.003144 1.974170 2.125695
 134.000000 3.047385 1.998435 6.312957
 134.200000 2.918988 1.972595 2.545863
 134.400000 3.012576 1.976493 2.639363
 134.600000 3.041669 2.003765 6.303134
 134.800000 3.078668 1.920345 6.228341
 135.000000 3.059686 1.924614 4.301082
 135.200000 3.141280 1.936278 15.311092
 135.400000 3.024992 1.854169 3.835852
 135.600000 3.043701 1.959927 3.739560
 135.800000 3.061538 1.918704 4.463711
 136.000000 2.974175 1.934824 0.137249
 136.200000 3.030643 1.998247 5.093549
 136.400000 3.010303 1.971517 2.269111
 136.600000 2.898598 1.938304 2.513566
 136.800000 3.037822 1.905026 2.613734
 137.000000 3.016300 1.911112 1.250568
 137.200000 2.970830 1.863703 1.584047
 137.400000 3.036485 1.891999 2.798136
 137.600000 3.088859 1.903727 7.547668
 137.800000 3.023168 1.883686 2.228395
 138.000000 -3.127166 1.895210 18.156715
 138.200000 3.024662 1.944022 1.950854
 138.400000 3.002628 1.934374 0.737854
 138.600000 3.042057 2.005331 6.464757
 138.800000 3.016647 1.945816 1.566276
 139.000000 3.002528 1.907610 0.704068
 139.200000 2.990903 1.997256 3.279170
 139.400000 2.957032 1.950841 0.530130
 139.600000 3.052065 2.007242 7.430561
 139.800000 3.006819 1.997069 3.770815
 140.000000 3.061673 1.905608 4.577412
 140.200000 -3.132893 1.965222 17.815790
 140.400000 3.038728 1.884641 3.188403
 140.600000 3.034662 1.855068 4.384219
 140.800000 3.017726 1.965553 2.327350
 141.000000 2.965470 1.915717 0.009853
 141.200000 3.086275 2.006797 10.884995
 141.400000 2.987986 2.048304 8.467559
 141.600000 3.036153 1.926341 2.407903
 141.800000 3.045442 2.002695 6.502499
 142.000000 2.973652 1.887444 0.547202
 142.200000 3.014960 1.950691 1.622453
 142.400000 3.035005 1.953037 2.858598
 142.600000 3.066496 1.901666 5.109333
 142.800000 3.068757 1.966033 6.237039
 143.000000 3.016527 1.879059 2.055980
 143.200000 3.066220 1.929488 4.962714
 143.400000 3.030319 1.980331 3.829092
 143.600000 2.965785 1.938383 0.172314
 143.800000 3.059344 2.004684 7.855572
 144.000000 3.009510 1.925673 0.917905
 144.200000 3.090335 1.962073 8.489310
 144.400000 3.035356 1.906974 2.415278
 144.600000 2.952127 2.016243 4.756154
 144.800000 3.054298 1.934742 3.915988
 145.000000 3.043407 1.867470 4.286948
 145.200000 3.001856 1.997425 3.613390
 145.400000 3.044768 1.876992 3.938170
 145.600000 3.057421 1.892896 4.446167
 145.800000 2.997637 1.965388 1.503782
 146.000000 3.093752 1.868802 9.329064
 146.200000 3.036315 1.939302 2.587090
 146.400000 2.968630 1.946638 0.359694
 146.600000 3.068067 1.903411 5.236557
 146.800000 3.019854 1.940779 1.612364
 147.000000 3.007310 1.930896 0.870909
 147.200000 3.001046 2.010175 4.655763
 147.400000 2.968152 1.994080 2.754773
 147.600000 2.972183 1.902627 0.161644
 147.800000 3.091969 1.967483 8.935102
 148.000000 2.991592 1.919314 0.301077
 148.200000 3.103623 1.938864 9.505359
 148.400000 3.096643 1.925459 8.411538
 148.600000 3.096325 1.944062 8.647563
 148.800000 3.069436 1.983116 7.240958
 149.000000 3.050134 1.980527 5.290748
 149.200000 3.051305 1.980409 5.381636
 149.400000 3.040053 1.990706 5.173399
 149.600000 3.017946 1.952044 1.812552
 149.800000 2.985860 1.955513 0.812210
 150.000000 3.036040 1.909795 2.429843
 150.200000 2.999399 1.931539 0.591090
 150.400000 3.040959 1.869230 4.012359
 150.600000 3.001468 1.857383 2.543753
 150.800000 3.020190 1.974892 2.925532
 151.000000 3.009875 1.888641 1.403941
 151.200000 3.019829 2.003402 4.881712
 151.400000 2.969416 1.885452 0.594798
 151.600000 3.028191 1.973846 3.325656
 151.800000 2.986232 1.938960 0.366151
 152.000000 2.991658 1.891130 0.715299
 152.200000 3.000389 1.980240 2.378164
 152.400000 2.973928 1.922529 0.027141
 152.600000 3.075293 1.900795 6.039049
 152.800000 3.019510 1.983298 3.387567
 153.000000 3.025805 1.874166 2.769562
 153.200000 3.033724 1.973539 3.662672
 153.400000 3.029537 1.980588 3.795528
 153.600000 3.022917 1.900626 1.744997
 153.800000 3.058265 1.969053 5.369051
 154.000000 2.967097 1.916746 0.004856
 154.200000 3.016541 1.953408 1.786893
 154.400000 3.096939 1.933055 8.521313
 154.600000 3.007502 1.902944 0.960883
 154.800000 3.071086 1.980502 7.249292
 155.000000 3.049249 1.939335 3.567147
 155.200000 2.988060 1.944620 0.526989
 155.400000 3.002313 1.978428 2.336364
 155.600000 2.998778 1.882400 1.204717
 155.800000 2.998454 1.926389 0.514085
 156.000000 3.053727 1.965430 4.793799
 156.200000 2.990729 1.858904 2.138086
 156.400000 3.091809 1.932144 7.856582
 156.600000 3.046053 1.965988 4.183755
 156.800000 3.035324 2.025243 7.882558
 157.000000 3.099901 1.976097 10.404511
 157.200000 3.051160 2.002434 6.945477
 157.400000 3.119791 2.019189 16.596280
 157.600000 3.101516 1.967766 10.186575
 157.800000 2.991485 1.916012 0.305718
 158.000000 3.057016 1.930333 4.100844
 158.200000 3.033327 1.927864 2.227664
 158.400000 3.032555 1.853441 4.350657
 158.600000 3.032173 1.838963 5.392191
 158.800000 3.027707 1.921112 1.839838
 159.000000 3.022166 1.893256 1.872321
 159.200000 3.001488 1.965202 1.620487
 159.400000 2.961638 1.945813 0.351430
 159.600000 2.969889 1.988610 2.367147
 159.800000 2.999735 1.964945 1.550053
 160.000000 3.025156 1.953729 2.261096
 160.200000 3.062347 1.994745 7.343519
 160.400000 3.047716 1.971992 4.611465
 160.600000 3.028377 1.840035 5.066097
 160.800000 3.030726 1.951534 2.528261
 161.000000 2.973368 1.950513 0.489623
 161.200000 2.963518 1.889210 0.476048
 161.400000 2.985686 1.931093 0.236533
 161.600000 2.996605 1.982062 2.370863
 161.800000 3.083349 1.927985 6.794598
 162.000000 3.083382 1.882143 7.476870
 162.200000 3.053020 1.975828 5.260622
 162.400000 3.030828 2.019087 6.955940
 162.600000 2.889325 1.922856 3.025792
 162.800000 2.963495 1.997427 3.014535
 163.000000 3.030819 1.922476 2.036050
 163.200000 2.979251 1.799291 7.343031
 163.400000 2.999665 1.896987 0.793204
 163.600000 3.090414 1.884181 8.244679
 163.800000 3.055048 1.937498 4.026468
 164.000000 3.086243 1.984471 9.189495
 164.200000 3.002832 1.877256 1.547441
 164.400000 3.034096 2.049478 10.647033
 164.600000 3.018792 1.966383 2.420220
 164.800000 3.062963 1.937426 4.753012
 165.000000 3.037892 1.958263 3.245872
 165.200000 3.015633 1.882138 1.891223
 165.400000 3.022131 1.921498 1.517753
 165.600000 3.032476 1.921727 2.141415
 165.800000 3.000338 2.006497 4.306471
 166.000000 3.011525 1.955521 1.624375
 166.200000 3.033829 1.878588 3.080844
 166.400000 3.042611 1.983961 4.908328
 166.600000 3.007385 1.890335 1.249012
 166.800000 3.045412 1.917358 3.072660
 167.000000 2.999655 1.901541 0.699056
 167.200000 3.071038 1.930074 5.457910
 167.400000 2.981727 1.934007 0.207596
 167.600000 2.976998 1.913617 0.068888
 167.800000 3.028135 1.903228 2.003478
 168.000000 2.998379 1.969285 1.711757
 168.200000 2.954822 1.871240 1.256943
 168.400000 3.032862 1.955045 2.783877
 168.600000 2.947276 1.904069 0.320400
 168.800000 2.999581 1.984054 2.589085
 169.000000 2.987862 1.953190 0.771724
 169.200000 3.094397 1.938911 8.288796
 169.400000 3.093188 1.956679 8.631868
 169.600000 3.003514 1.940093 0.869101
 169.800000 3.027801 1.991842 4.435310
 170.000000 3.105027 1.963670 10.476973
 170.200000 3.004472 1.942977 0.966994
 170.400000 3.084578 2.009834 10.952703
 170.600000 3.005144 1.881239 1.471077
 170.800000 2.988336 1.978081 1.921048
 171.000000 2.991619 1.898438 0.531078
 171.200000 3.122942 1.941738 12.388989
 171.400000 3.017846 2.061397 11.305721
 171.600000 2.984085 1.890872 0.565154
 171.800000 3.018796 1.952546 1.872454
 172.000000 3.086907 2.005551 10.852882
 172.200000 3.023669 1.873582 2.673238
 172.400000 3.042874 1.928854 2.914347
 172.600000 3.057559 1.871461 5.266387
 172.800000 3.057200 1.927616 4.092671
 173.000000 3.079279 1.913210 6.318695
 173.200000 3.010520 1.987483 3.230702
 173.400000 3.021282 1.934157 1.572229
 173.600000 3.103614 1.990908 11.847217
 173.800000 3.023533 1.947189 1.967979
 174.000000 3.010224 1.944419 1.233085
 174.200000 3.075014 2.041918 13.275849
 174.400000 3.045853 1.888857 3.584835
 174.600000 3.099450 1.854278 10.914208
 174.800000 3.047739 2.004533 6.839076
 175.000000 3.015160 1.909363 1.211926
 175.200000 3.126422 1.948633 13.112008
 175.400000 2.970839 1.865507 1.484380
 175.600000 2.965795 1.979053 1.752547
 175.800000 3.002805 2.054470 9.698528
 176.000000 2.978256 1.938714 0.240376
 176.200000 3.011232 1.995491 3.835471
 176.400000 2.964369 1.892976 0.365057
 176.600000 3.080237 2.010841 10.543064
 176.800000 2.992415 1.890170 0.762244
 177.000000 3.075083 1.898220 6.068712
 177.200000 3.090591 1.872367 8.757852
 177.400000 3.022284 1.925525 1.540896
 177.600000 3.016088 1.958423 1.945331
 177.800000 3.028534 2.041918 9.338399
 178.000000 2.937953 1.908829 0.484464
 178.200000 3.053858 2.031840 10.036534
 178.400000 2.988023 1.974882 1.733288
 178.600000 2.994972 1.943389 0.666302
 178.800000 3.018188 1.886504 1.863406
 179.000000 3.107860 1.930853 9.972742
 179.200000 3.021734 1.890631 1.921881
 179.400000 3.025113 1.904505 1.802980
 179.600000 3.045131 1.911340 3.083910
 179.800000 3.045775 1.963388 4.045294
 180.000000 2.953311 1.908204 0.162463
 180.200000 3.003836 1.984935 2.793463
 180.400000 3.021218 1.972091 2.830491
 180.600000 3.003742 1.910555 0.716089
 180.800000 2.932851 1.919058 0.585430
 181.000000 3.089288 2.003654 10.980381
 181.200000 3.026645 1.941824 2.016354
 181.400000 2.961892 1.977720 1.687093
 181.600000 3.045841 1.837407 6.502614
 181.800000 3.090963 1.950073 8.132385
 182.000000 3.036838 1.904352 2.554762
 182.200000 3.027023 1.908410 1.863381
 182.400000 3.063061 1.969042 5.817486
 182.600000 3.054789 1.958297 4.586865
 182.800000 3.034829 2.010856 6.436257
 183.000000 3.009021 2.011842 5.110515
 183.200000 3.023863 1.906895 1.697409
 183.400000 2.957081 1.942725 0.311144
 183.600000 2.982936 1.909634 0.178341
 183.800000 3.101745 1.902248 9.225130
 184.000000 3.008745 1.907377 0.946786
 184.200000 3.012114 1.882404 1.716534
 184.400000 3.084658 1.938779 7.093639
 184.600000 3.070113 1.859654 7.122438
 184.800000 3.089081 1.921331 7.445723
 185.000000 2.986225 1.973865 1.641801
 185.200000 3.021367 1.952343 2.002138
 185.400000 3.060922 2.030888 10.568453
 185.600000 2.985686 1.882916 0.855977
 185.800000 2.962145 1.973641 1.458153
 186.000000 3.029451 1.968020 3.105908
 186.200000 3.005146 1.937488 0.880614
 186.400000 3.028849 1.970722 3.202317
 186.600000 3.003895 1.809317 6.788523
 186.800000 2.978660 1.946867 0.431910
 187.000000 3.012640 1.880018 1.832572
 187.200000 3.028703 1.953974 2.481721
 187.400000 3.036901 1.979216 4.200314
 187.600000 3.020984 1.861387 3.163585
 187.800000 3.031017 1.979659 3.833059
 188.000000 3.033511 1.962843 3.131562
 188.200000 3.021777 1.831537 5.397691
 188.400000 3.003342 2.003828 4.183350
 188.600000 2.973265 1.871958 1.166631
 188.800000 -3.118865 1.995641 22.327160
 189.000000 2.991264 1.978356 2.003706
 189.200000 2.945087 2.009014 4.215428
 189.400000 3.075779 1.972606 7.300908
 189.600000 3.107931 1.946330 10.272628
 189.800000 3.025249 1.995326 4.540430
 190.000000 3.049871 1.923596 3.435841
 190.200000 2.964131 1.903495 0.138231
 190.400000 3.064635 2.024518 10.236873
 190.600000 2.999087 1.819345 5.564719
 190.800000 2.989645 1.956529 0.927273
 191.000000 3.064491 2.014741 9.247389
 191.200000 3.055896 1.874170 4.989778
 191.400000 3.071805 1.933038 5.572555
 191.600000 3.043022 1.906179 2.978784
 191.800000 2.925052 1.920162 0.882385
 192.000000 3.000265 1.999208 3.699192
 192.200000 2.989213 1.968488 1.427608
 192.400000 2.924330 1.892803 1.279031
 192.600000 3.032765 1.922409 2.161851
 192.800000 3.022241 1.962102 2.414600
 193.000000 2.994705 1.889654 0.838397
 193.200000 2.981152 1.922412 0.102543
 193.400000 3.080291 2.012743 10.724007
 193.600000 3.066405 1.905809 5.033437
 193.800000 3.058037 1.966941 5.246598
 194.000000 3.078251 1.919970 6.181706
 194.200000 3.048531 1.916324 3.325019
 194.400000 3.023873 1.987029 3.869533
 194.600000 3.020726 1.977930 3.125967
 194.800000 3.012237 1.886434 1.579211
 195.000000 2.915102 1.950355 1.814705
 195.200000 2.993888 1.987427 2.642394
 195.400000 2.993880 1.853027 2.593148
 195.600000 3.001855 1.983715 2.643954
 195.800000 2.997465 1.947600 0.846918
 196.000000 2.985835 1.861425 1.883710
 196.200000 3.086148 2.019497 12.054591
 196.400000 3.032096 1.941355 2.345794
 196.600000 2.974438 1.951289 0.521041
 196.800000 3.048580 1.828217 7.522210
 197.000000 3.100425 1.944933 9.207366
 197.200000 3.024721 1.946491 2.016991
 197.400000 3.095911 1.931889 8.373613
 197.600000 3.018842 1.889846 1.791180
 197.800000 2.986155 1.984768 2.288726
 198.000000 3.005176 1.975706 2.285723
 198.200000 2.993528 1.927111 0.376549
 198.400000 2.965725 1.905453 0.104704
 198.600000 3.053658 1.957121 4.443734
 198.800000 2.964791 1.947787 0.392484
 199.000000 3.049716 1.913396 3.436918
 199.200000 2.991251 1.937074 0.440735
 199.400000 3.066895 1.963601 5.940081
 199.600000 3.059659 1.960340 5.106478
 199.800000 2.930980 1.887338 1.179787
 200.000000 3.025137 1.988459 4.039239
