#! FIELDS time phi psi restraint.bias
#! SET min_phi -pi
#! SET max_phi pi
#! SET min_psi -pi
#! SET max_psi pi
 0.000000 -2.400841 2.829189 224.351784
 0.200000 -1.909888 2.893394 16.253091
 0.400000 -1.804396 2.832227 10.834362
 0.600000 -1.894129 2.787416 27.206563
 0.800000 -1.757535 2.934659 0.599387
 1.000000 -1.709086 2.905784 2.534104
 1.200000 -1.721972 2.960247 0.295985
 1.400000 -1.745258 2.957126 0.049345
 1.600000 -1.746512 2.852788 6.529730
 1.800000 -1.665513 2.988162 3.407990
 2.000000 -1.799090 3.076712 7.456881
 2.200000 -1.740079 3.040565 2.715295
 2.400000 -1.694566 2.997151 1.741226
 2.600000 -1.655401 3.069059 9.245396
 2.800000 -1.712332 3.017327 1.807811
 3.000000 -1.684202 2.982860 1.993059
 3.200000 -1.678300 2.990479 2.520671
 3.400000 -1.771847 2.878791 4.247255
 3.600000 -1.644324 2.939841 5.471485
 3.800000 -1.842875 3.098248 13.362778
 4.000000 -1.744191 2.912015 1.515621
 4.200000 -1.780502 2.835624 9.256198
 4.400000 -1.813259 2.902376 4.399209
 4.600000 -1.792325 2.865991 6.211749
 4.800000 -1.837277 2.889944 7.200671
 5.000000 -1.797575 2.891224 4.240338
 5.200000 -1.783187 2.950741 0.849749
 5.400000 -1.700540 2.839125 9.186723
 5.600000 -1.802792 2.957242 1.699204
 5.800000 -1.740396 2.951324 0.135971
 6.000000 -1.733985 2.990263 0.333554
 6.200000 -1.742986 2.998448 0.495358
 6.400000 -1.742527 3.038829 2.579339
 6.600000 -1.793998 2.906499 3.018135
 6.800000 -1.727613 2.992648 0.484311
 7.000000 -1.706933 2.983941 0.879636
 7.200000 -1.760791 3.047759 3.375732
 7.400000 -1.723871 2.988700 0.464371
 7.600000 -1.735609 2.898174 2.419848
 7.800000 -1.773373 2.942931 0.684322
 8.000000 -1.703732 2.979932 0.947998
 8.200000 -1.779447 2.977396 0.635422
 8.400000 -1.812859 3.024397 3.923945
 8.600000 -1.735033 2.902686 2.125015
 8.800000 -1.768334 2.959775 0.291138
 9.000000 -1.735891 2.862579 5.502659
 9.200000 -1.720772 2.952504 0.407456
 9.400000 -1.825726 2.930198 3.911174
 9.600000 -1.715059 2.890322 3.402508
 9.800000 -1.745037 2.918916 1.158947
 10.000000 -1.730219 2.956609 0.168765
 10.200000 -1.717432 2.951981 0.502820
 10.400000 -1.770870 2.866100 5.422627
 10.600000 -1.822889 3.018954 4.354224
 10.800000 -1.720179 2.953580 0.407124
 11.000000 -1.735435 3.011225 1.024257
 11.200000 -1.710868 2.941849 0.911584
 11.400000 -1.744343 2.980833 0.095332
 11.600000 -1.671238 2.993548 3.095587
 11.800000 -1.636537 3.001060 6.495852
 12.000000 -1.712191 3.049725 3.965861
 12.200000 -1.759868 2.917439 1.336785
 12.400000 -1.655600 2.967956 4.026113
 12.600000 -1.774417 3.031812 2.519490
 12.800000 -1.818577 2.975795 2.720807
 13.000000 -1.731159 2.908568 1.811037
 13.200000 -1.849938 3.021579 6.957661
 13.400000 -1.742289 2.920965 1.066970
 13.600000 -1.839967 2.897697 6.883707
 13.800000 -1.743192 2.938500 0.410116
 14.000000 -1.681011 2.936624 2.531552
 14.200000 -1.698207 2.995180 1.505632
 14.400000 -1.765427 2.920056 1.306644
 14.600000 -1.853102 2.960665 5.827879
 14.800000 -1.660977 2.867416 8.522118
 15.000000 -1.724569 2.933552 0.776872
 15.200000 -1.758571 3.016690 1.319269
 15.400000 -1.801711 2.945379 1.824480
 15.600000 -1.696239 2.935833 1.692452
 15.800000 -1.724742 2.932617 0.805059
 16.000000 -1.778963 2.928414 1.312385
 16.200000 -1.722076 3.017810 1.558143
 16.400000 -1.794042 3.009766 2.098355
 16.600000 -1.687350 2.967441 1.680872
 16.800000 -1.713923 2.927547 1.273800
 17.000000 -1.764388 3.020980 1.635323
 17.200000 -1.758842 2.959607 0.119070
 17.400000 -1.678302 2.922521 3.238174
 17.600000 -1.774792 2.960572 0.455079
 17.800000 -1.743902 2.885537 3.323964
 18.000000 -1.702923 2.961755 0.913201
 18.200000 -1.845085 2.954039 5.060409
 18.400000 -1.784624 2.893131 3.504716
 18.600000 -1.702685 2.963418 0.915880
 18.800000 -1.785571 2.950721 0.943177
 19.000000 -1.767672 2.932520 0.846089
 19.200000 -1.719446 2.929196 1.051814
 19.400000 -1.781350 2.943519 0.925841
 19.600000 -1.786239 2.847282 8.010169
 19.800000 -1.798847 2.991647 1.734304
 20.000000 -1.737334 3.020323 1.450470
 20.200000 -1.604040 2.932655 10.573234
 20.400000 -1.772541 2.965064 0.372238
 20.600000 -1.745913 2.942249 0.307966
 20.800000 -1.713370 2.999465 1.035751
 21.000000 -1.828362 3.033112 5.628608
 21.200000 -1.699708 3.006209 1.807004
 21.400000 -1.773188 2.940777 0.733450
 21.600000 -1.698367 2.936998 1.554557
 21.800000 -1.733013 2.922692 1.060096
 22.000000 -1.709894 2.925651 1.485155
 22.200000 -1.741183 2.920485 1.093214
 22.400000 -1.830923 2.899867 5.920518
 22.600000 -1.775996 2.862858 5.899190
 22.800000 -1.860763 2.947316 6.857319
 23.000000 -1.791182 2.929790 1.745760
 23.200000 -1.789293 2.926603 1.784771
 23.400000 -1.795871 2.957964 1.318609
 23.600000 -1.809405 2.967320 2.052900
 23.800000 -1.754056 2.845845 7.384602
 24.000000 -1.739432 2.817847 11.149541
 24.200000 -1.723150 2.918970 1.402260
 24.400000 -1.754659 2.911520 1.585840
 24.600000 -1.732503 3.022009 1.591973
 24.800000 -1.750731 3.057060 4.064604
 25.000000 -1.780431 2.967751 0.616321
 25.200000 -1.717719 2.995599 0.788397
 25.400000 -1.780885 3.045102 3.677448
 25.600000 -1.674299 2.958799 2.556759
 25.800000 -1.619735 2.896753 10.358456
 26.000000 -1.797309 2.941603 1.674964
 26.200000 -1.704568 2.917491 2.059244
 26.400000 -1.670782 2.930575 3.444266
 26.600000 -1.795685 2.988351 1.494488
 26.800000 -1.704654 2.944779 1.075425
 27.000000 -1.744024 2.998848 0.506104
 27.200000 -1.879034 2.951875 9.053785
 27.400000 -1.671037 2.986266 2.944121
 27.600000 -1.818480 2.894008 5.343802
 27.800000 -1.826441 2.914987 4.645333
 28.000000 -1.756447 2.860875 5.699374
 28.200000 -1.691660 2.860566 7.110649
 28.400000 -1.801464 2.960412 1.597637
 28.600000 -1.787428 2.972226 0.899492
 28.800000 -1.790828 2.922815 2.013862
 29.000000 -1.780070 2.953765 0.691847
 29.200000 -1.734190 2.983940 0.204513
 29.400000 -1.787271 2.872451 5.354986
 29.600000 -1.772010 2.980790 0.450193
 29.800000 -1.629043 2.988169 6.984033
 30.000000 -1.680931 2.962095 2.085922
 30.200000 -1.763486 2.985054 0.326737
 30.400000 -1.775234 2.976961 0.496174
 30.600000 -1.650747 2.876304 8.591195
 30.800000 -1.693554 3.022334 2.868002
 31.000000 -1.782850 2.969001 0.705772
 31.200000 -1.789064 2.968337 0.957190
 31.400000 -1.760534 3.010915 1.077226
 31.600000 -1.766896 2.989516 0.484715
 31.800000 -1.718638 2.925182 1.233111
 32.000000 -1.739039 2.982589 0.140360
 32.200000 -1.736144 3.014396 1.162548
 32.400000 -1.702111 2.865678 6.073087
 32.600000 -1.723366 2.884229 3.671654
 32.800000 -1.789225 2.861268 6.559317
 33.000000 -1.750334 2.943530 0.289345
 33.200000 -1.855156 2.980397 6.119940
 33.400000 -1.735955 3.000289 0.596019
 33.600000 -1.778169 2.961607 0.554095
 33.800000 -1.804453 2.945427 1.981786
 34.000000 -1.732677 2.929811 0.773779
 34.200000 -1.709590 2.875005 4.875681
 34.400000 -1.817556 2.960783 2.628061
 34.600000 -1.776079 3.015037 1.623697
 34.800000 -1.621529 2.951119 7.790300
 35.000000 -1.824978 2.976029 3.212182
 35.200000 -1.687568 2.900218 3.902090
 35.400000 -1.745611 2.924966 0.885979
 35.600000 -1.721175 3.088823 7.704899
 35.800000 -1.795206 3.023337 2.827406
 36.000000 -1.746624 2.986606 0.191874
 36.200000 -1.785347 2.973349 0.820506
 36.400000 -1.725441 2.840630 8.190062
 36.600000 -1.749090 2.894040 2.673036
 36.800000 -1.795321 2.998059 1.730049
 37.000000 -1.803511 2.969049 1.694539
 37.200000 -1.682882 2.899694 4.218892
 37.400000 -1.850535 2.927461 6.318110
 37.600000 -1.746049 2.997392 0.460282
 37.800000 -1.764123 2.975312 0.210649
 38.000000 -1.856971 3.082439 12.888122
 38.200000 -1.706663 2.898487 3.098658
 38.400000 -1.740489 2.871294 4.597247
 38.600000 -1.707298 2.901655 2.862068
 38.800000 -1.785752 2.958810 0.851041
 39.000000 -1.791646 2.866995 6.079126
 39.200000 -1.768069 3.012985 1.313129
 39.400000 -1.763612 2.991203 0.458569
 39.600000 -1.656608 2.959600 3.963525
 39.800000 -1.786931 2.908404 2.585591
 40.000000 -1.665211 2.969698 3.212987
 40.200000 -1.740473 2.941924 0.327704
 40.400000 -1.794935 2.987738 1.444175
 40.600000 -1.814282 2.901065 4.554916
 40.800000 -1.705116 2.923685 1.749226
 41.000000 -1.880892 3.022142 10.705697
 41.200000 -1.753094 2.986581 0.220674
 41.400000 -1.810529 2.930130 2.807427
 41.600000 -1.760351 2.989717 0.369497
 41.800000 -1.688191 2.979978 1.715830
 42.000000 -1.721286 2.862535 5.751776
 42.200000 -1.722807 2.905252 2.163710
 42.400000 -1.688882 2.928325 2.343332
 42.600000 -1.709112 2.942567 0.955772
 42.800000 -1.794045 2.984724 1.342631
 43.000000 -1.772637 3.001745 0.974411
 43.200000 -1.744902 2.886018 3.283990
 43.400000 -1.748696 2.953115 0.102898
 43.600000 -1.737969 2.955614 0.092583
 43.800000 -1.737851 2.989998 0.291042
 44.000000 -1.765660 2.962886 0.215387
 44.200000 -1.734666 2.917905 1.264943
 44.400000 -1.817557 2.827736 12.313965
 44.600000 -1.769450 2.968748 0.292327
 44.800000 -1.708078 2.998373 1.184071
 45.000000 -1.791396 2.852316 7.644133
 45.200000 -1.764462 3.002546 0.812650
 45.400000 -1.755019 3.015269 1.209026
 45.600000 -1.810833 2.945590 2.375853
 45.800000 -1.803235 2.971591 1.686781
 46.000000 -1.874246 2.922976 9.281393
 46.200000 -1.790554 2.979985 1.106184
 46.400000 -1.735824 2.971311 0.054213
 46.600000 -1.802196 2.964945 1.619148
 46.800000 -1.650486 2.887555 7.658118
 47.000000 -1.829061 2.940727 3.852233
 47.200000 -1.790925 2.986979 1.237870
 47.400000 -1.745662 2.928077 0.759879
 47.600000 -1.759139 2.996159 0.518739
 47.800000 -1.769452 2.932163 0.899849
 48.000000 -1.766338 2.952414 0.327931
 48.200000 -1.777424 2.890030 3.481847
 48.400000 -1.714004 3.070785 5.870082
 48.600000 -1.661976 2.952707 3.576860
 48.800000 -1.726731 3.004175 0.861716
 49.000000 -1.792450 2.949663 1.261522
 49.200000 -1.768332 2.949901 0.411759
 49.400000 -1.706353 2.891769 3.593874
 49.600000 -1.823840 2.983460 3.216427
 49.800000 -1.761972 2.941400 0.467708
 50.000000 -1.758234 2.994100 0.448862
 50.200000 -1.681855 2.897729 4.417845
 50.400000 -1.732406 2.921291 1.130880
 50.600000 -1.837885 2.863988 9.595164
 50.800000 -1.769090 2.978250 0.344898
 51.000000 -1.714113 2.952879 0.587756
 51.200000 -1.743157 3.021253 1.470840
 51.400000 -1.755760 2.949206 0.213778
 51.600000 -1.681377 2.935938 2.529240
 51.800000 -1.738772 2.899380 2.311750
 52.000000 -1.717774 2.969137 0.381805
 52.200000 -1.758621 2.962712 0.097788
 52.400000 -1.753430 3.040589 2.736085
 52.600000 -1.739027 2.979829 0.101393
 52.800000 -1.812044 2.985276 2.391352
 53.000000 -1.788925 2.881300 4.627627
 53.200000 -1.777927 3.007629 1.354251
 53.400000 -1.753424 2.953631 0.122918
 53.600000 -1.720939 2.944598 0.549700
 53.800000 -1.770185 2.936497 0.775939
 54.000000 -1.758258 2.902852 2.144914
 54.200000 -1.759633 2.914087 1.505346
 54.400000 -1.779854 2.967985 0.596420
 54.600000 -1.791667 2.900752 3.271939
 54.800000 -1.767133 2.854064 6.621712
 55.000000 -1.780854 2.961046 0.649084
 55.200000 -1.764565 2.993176 0.526036
 55.400000 -1.734937 2.949620 0.206072
 55.600000 -1.832290 2.932029 4.394623
 55.800000 -1.709419 3.006362 1.417092
 56.000000 -1.652136 2.903374 6.370378
 56.200000 -1.798130 2.980782 1.488108
 56.400000 -1.771199 2.968056 0.335115
 56.600000 -1.727880 2.894583 2.778698
 56.800000 -1.840872 3.012166 5.581502
 57.000000 -1.753045 2.961792 0.043640
 57.200000 -1.747724 2.986200 0.186047
 57.400000 -1.810795 2.947456 2.335010
 57.600000 -1.783112 3.047663 3.962203
 57.800000 -1.696520 2.930230 1.869406
 58.000000 -1.735252 2.919291 1.191714
 58.200000 -1.753079 2.900535 2.242782
 58.400000 -1.836339 2.848183 11.207295
 58.600000 -1.789133 2.966391 0.959600
 58.800000 -1.724267 2.986336 0.407582
 59.000000 -1.787890 2.959757 0.932363
 59.200000 -1.765220 2.973901 0.221229
 59.400000 -1.759397 2.914953 1.456484
 59.600000 -1.714256 2.914237 1.877882
 59.800000 -1.700318 2.884480 4.422719
 60.000000 -1.753315 3.015136 1.187555
 60.200000 -1.762937 2.878270 4.096799
 60.400000 -1.694552 2.961776 1.303103
 60.600000 -1.747907 2.968467 0.004314
 60.800000 -1.805951 2.965846 1.838247
 61.000000 -1.702476 2.925422 1.785073
 61.200000 -1.800938 2.964152 1.550408
 61.400000 -1.805115 3.051627 5.362972
 61.600000 -1.712658 2.958166 0.573267
 61.800000 -1.724657 3.006588 0.994906
 62.000000 -1.694610 2.898122 3.662391
 62.200000 -1.715325 2.898347 2.810856
 62.400000 -1.846239 2.935180 5.599598
 62.600000 -1.783201 2.943305 0.999269
 62.800000 -1.733641 2.923521 1.016120
 63.000000 -1.825107 2.985939 3.360449
 63.200000 -1.723174 2.895626 2.796785
 63.400000 -1.821460 2.973044 2.915888
 63.600000 -1.807340 2.913892 3.336087
 63.800000 -1.694945 2.906854 3.081668
 64.000000 -1.646502 2.884021 8.331087
 64.200000 -1.770515 2.944323 0.575648
 64.400000 -1.690594 3.044119 4.467053
 64.600000 -1.690611 2.943768 1.768274
 64.800000 -1.752993 2.950572 0.165294
 65.000000 -1.730879 3.007443 0.919813
 65.200000 -1.756497 2.944350 0.320240
 65.400000 -1.743399 3.016903 1.244031
 65.600000 -1.724764 2.975657 0.248414
 65.800000 -1.708879 2.938297 1.077948
 66.000000 -1.702408 2.932600 1.514845
 66.200000 -1.765207 2.928897 0.925744
 66.400000 -1.872216 3.020077 9.455553
 66.600000 -1.781472 2.931162 1.297484
 66.800000 -1.707180 2.972231 0.741063
 67.000000 -1.819424 2.966161 2.745447
 67.200000 -1.807573 2.935655 2.430297
 67.400000 -1.738648 2.959551 0.050506
 67.600000 -1.731159 2.905649 1.986030
 67.800000 -1.689809 2.874357 5.838191
 68.000000 -1.740386 2.932268 0.617457
 68.200000 -1.845764 2.878231 8.988803
 68.400000 -1.676879 2.902623 4.418772
 68.600000 -1.740464 2.872411 4.491072
 68.800000 -1.767578 2.986775 0.441840
 69.000000 -1.753950 2.924461 0.944474
 69.200000 -1.710690 2.957984 0.641129
 69.400000 -1.772417 3.037571 2.852786
 69.600000 -1.762020 2.916437 1.420595
 69.800000 -1.757530 2.979926 0.157194
 70.000000 -1.769816 3.016680 1.530903
 70.200000 -1.754880 2.945522 0.277540
 70.400000 -1.830049 2.958014 3.629645
 70.600000 -1.763432 2.912533 1.650437
 70.800000 -1.777971 2.949320 0.690094
 71.000000 -1.777780 2.983645 0.664075
 71.200000 -1.720251 2.996895 0.759516
 71.400000 -1.753836 2.985848 0.212680
 71.600000 -1.780521 2.953851 0.706458
 71.800000 -1.706123 2.937018 1.219832
 72.000000 -1.714352 2.842377 8.252648
 72.200000 -1.711312 2.945611 0.808608
 72.400000 -1.793733 2.943449 1.450202
 72.600000 -1.728217 2.974282 0.172493
 72.800000 -1.769873 2.932864 0.885881
 73.000000 -1.753431 2.952858 0.133669
 73.200000 -1.667617 2.893254 5.743282
 73.400000 -1.764202 2.958016 0.218974
 73.600000 -1.743540 2.916817 1.263766
 73.800000 -1.667452 2.939346 3.416494
 74.000000 -1.778364 2.938156 0.963361
 74.200000 -1.774408 2.992182 0.738342
 74.400000 -1.819859 2.972373 2.791460
 74.600000 -1.891747 3.061492 15.177863
 74.800000 -1.692745 2.984139 1.528386
 75.000000 -1.781860 3.096848 9.089767
 75.200000 -1.786602 2.941752 1.171967
 75.400000 -1.662425 2.935712 3.927917
 75.600000 -1.750174 2.904171 1.989229
 75.800000 -1.707847 2.938337 1.114954
 76.000000 -1.796865 2.954191 1.410770
 76.200000 -1.857459 2.962518 6.296884
 76.400000 -1.760757 2.951711 0.236812
 76.600000 -1.797365 2.932070 1.965998
 76.800000 -1.754496 2.990004 0.305234
 77.000000 -1.706520 2.997069 1.203330
 77.200000 -1.756771 2.933249 0.637028
 77.400000 -1.703305 2.886117 4.158894
 77.600000 -1.757545 2.784031 16.824321
 77.800000 -1.805017 2.930392 2.453589
 78.000000 -1.714148 2.873233 4.887877
 78.200000 -1.791086 2.950405 1.185530
 78.400000 -1.818828 2.921598 3.734461
 78.600000 -1.874592 2.934446 8.886221
 78.800000 -1.802796 2.921604 2.684354
 79.000000 -1.852198 2.973469 5.730987
 79.200000 -1.698275 2.965271 1.108646
 79.400000 -1.759231 2.933962 0.644361
 79.600000 -1.699622 2.953218 1.140370
 79.800000 -1.785638 3.003837 1.488670
 80.000000 -1.714552 3.021476 1.954204
 80.200000 -1.748020 3.033567 2.215245
 80.400000 -1.656840 2.986358 4.101400
 80.600000 -1.679729 3.021425 3.629474
 80.800000 -1.765796 2.905799 2.085894
 81.000000 -1.655808 3.014570 5.135633
 81.200000 -1.663385 2.940680 3.705365
 81.400000 -1.699676 3.040086 3.708499
 81.600000 -1.745163 2.986424 0.187507
 81.800000 -1.748671 2.969535 0.008645
 82.000000 -1.749576 2.891937 2.830713
 82.200000 -1.820503 2.984390 2.975705
 82.400000 -1.778685 2.911567 2.096054
 82.600000 -1.809842 3.001727 2.681901
 82.800000 -1.854851 2.887764 9.141466
 83.000000 -1.727425 2.900592 2.369288
 83.200000 -1.808943 2.919291 3.164231
 83.400000 -1.775247 2.898834 2.774896
 83.600000 -1.712940 2.994925 0.912753
 83.800000 -1.767448 2.972954 0.261989
 84.000000 -1.756785 2.966878 0.065634
 84.200000 -1.774851 2.946025 0.656982
 84.400000 -1.764062 2.939096 0.566447
 84.600000 -1.710733 2.988865 0.836197
 84.800000 -1.745254 2.939184 0.388533
 85.000000 -1.727660 2.997154 0.608946
 85.200000 -1.768178 3.000720 0.827520
 85.400000 -1.728300 2.908665 1.850002
 85.600000 -1.754622 2.988099 0.264499
 85.800000 -1.718430 3.040381 3.049821
 86.000000 -1.723150 3.009805 1.159541
 86.200000 -1.826384 3.058635 7.477992
 86.400000 -1.779269 2.850388 7.382083
 86.600000 -1.744719 2.877945 3.970903
 86.800000 -1.750577 2.938274 0.428068
 87.000000 -1.728586 2.895201 2.721975
 87.200000 -1.718152 2.976080 0.409974
 87.400000 -1.802168 2.932596 2.209169
 87.600000 -1.732122 2.966519 0.087368
 87.800000 -1.776477 2.925433 1.351501
 88.000000 -1.797798 2.942374 1.681162
 88.200000 -1.743926 2.928138 0.758424
 88.400000 -1.818534 2.897834 5.075549
 88.600000 -1.704045 2.947901 1.035707
 88.800000 -1.739512 2.993186 0.358215
 89.000000 -1.768957 2.924624 1.179532
 89.200000 -1.757404 2.935849 0.559944
 89.400000 -1.734768 2.929996 0.742608
 89.600000 -1.716370 2.957400 0.465980
 89.800000 -1.687748 2.928363 2.406550
 90.000000 -1.711868 3.012632 1.598258
 90.200000 -1.757129 2.919988 1.177493
 90.400000 -1.731530 2.989485 0.346650
 90.600000 -1.804326 2.952728 1.842989
 90.800000 -1.763505 2.925388 1.033428
 91.000000 -1.731160 2.895717 2.645295
 91.200000 -1.768923 2.943129 0.564681
 91.400000 -1.717277 2.949655 0.544942
 91.600000 -1.713923 2.840301 8.527018
 91.800000 -1.762577 2.986346 0.334708
 92.000000 -1.766677 2.933056 0.805998
 92.200000 -1.774221 2.963451 0.423880
 92.400000 -1.802427 2.963840 1.635257
 92.600000 -1.816987 3.029447 4.513470
 92.800000 -1.753224 2.987718 0.244551
 93.000000 -1.720251 2.989180 0.559105
 93.200000 -1.722305 2.902263 2.364343
 93.400000 -1.651233 2.904067 6.411125
 93.600000 -1.653121 2.861899 9.780640
 93.800000 -1.788175 2.989885 1.178385
 94.000000 -1.760221 2.963498 0.117226
 94.200000 -1.761509 3.042869 3.004419
 94.400000 -1.826503 3.027092 5.096478
 94.600000 -1.710193 2.987846 0.833307
 94.800000 -1.680558 2.897904 4.488906
 95.000000 -1.736491 2.926382 0.866390
 95.200000 -1.718224 2.957077 0.417182
 95.400000 -1.696906 3.007993 2.010194
 95.600000 -1.720534 2.977176 0.358556
 95.800000 -1.771744 2.921329 1.394495
 96.000000 -1.808748 2.929708 2.708534
 96.200000 -1.780475 2.995161 1.012474
 96.400000 -1.783518 3.053457 4.461473
 96.600000 -1.783666 2.949169 0.894911
 96.800000 -1.754845 2.924269 0.960813
 97.000000 -1.779070 2.882470 4.146890
 97.200000 -1.798306 2.883411 4.901808
 97.400000 -1.827311 2.839396 11.509437
 97.600000 -1.762584 2.955927 0.210834
 97.800000 -1.738008 2.978483 0.092047
 98.000000 -1.813629 2.987637 2.544163
 98.200000 -1.790880 2.963928 1.042331
 98.400000 -1.713274 2.989547 0.766633
 98.600000 -1.734728 2.999042 0.567631
 98.800000 -1.769363 2.924201 1.207238
 99.000000 -1.702605 2.943699 1.185521
 99.200000 -1.848047 2.963541 5.281702
 99.400000 -1.674373 2.980660 2.609889
 99.600000 -1.779098 2.962354 0.581237
 99.800000 -1.809519 3.051265 5.605416
 100.000000 -1.735419 2.945409 0.283479
 100.200000 -1.788496 2.979424 1.008136
 100.400000 -1.865207 2.900060 9.429893
 100.600000 -1.653127 2.939250 4.637286
 100.800000 -1.715007 2.892912 3.208695
 101.000000 -1.696241 2.921679 2.234534
 101.200000 -1.692557 2.934754 1.914263
 101.400000 -1.713282 2.943281 0.796228
 101.600000 -1.736869 2.957908 0.077669
 101.800000 -1.770575 2.989901 0.579546
 102.000000 -1.789852 2.915300 2.330673
 102.200000 -1.788018 2.967480 0.911248
 102.400000 -1.786502 2.965946 0.848234
 102.600000 -1.767234 2.957471 0.285879
 102.800000 -1.744883 2.964054 0.004616
 103.000000 -1.753773 2.937496 0.472662
 103.200000 -1.734660 2.880548 3.799060
 103.400000 -1.746394 2.895936 2.529882
 103.600000 -1.710641 2.918458 1.782708
 103.800000 -1.775763 2.949141 0.623650
 104.000000 -1.732134 2.961572 0.102114
 104.200000 -1.722522 3.016777 1.496011
 104.400000 -1.727047 2.978467 0.232186
 104.600000 -1.790955 3.055403 4.943132
 104.800000 -1.749470 3.004125 0.695478
 105.000000 -1.793497 2.904940 3.089511
 105.200000 -1.799948 2.891562 4.341566
 105.400000 -1.804998 2.932667 2.371619
 105.600000 -1.763802 2.936210 0.646468
 105.800000 -1.708824 2.932351 1.268659
 106.000000 -1.793047 2.947426 1.331229
 106.200000 -1.772197 2.912971 1.823715
 106.400000 -1.795844 2.914677 2.647863
 106.600000 -1.787210 3.014548 2.004582
 106.800000 -1.758486 2.970435 0.092246
 107.000000 -1.740823 2.960186 0.033777
 107.200000 -1.783304 3.005605 1.463886
 107.400000 -1.757771 2.885125 3.434045
 107.600000 -1.737569 2.918571 1.205708
 107.800000 -1.778196 2.941433 0.868472
 108.000000 -1.661378 2.920033 4.629647
 108.200000 -1.702972 2.982104 1.010245
 108.400000 -1.765209 3.059092 4.432598
 108.600000 -1.834444 2.930514 4.638459
 108.800000 -1.697272 2.952180 1.265428
 109.000000 -1.746777 3.001458 0.592678
 109.200000 -1.764447 2.958099 0.222904
 109.400000 -1.732992 2.940071 0.440288
 109.600000 -1.723192 2.947759 0.431292
 109.800000 -1.792638 2.980680 1.211803
 110.000000 -1.735201 2.949087 0.212793
 110.200000 -1.843253 2.961131 4.812090
 110.400000 -1.785559 2.940454 1.163174
 110.600000 -1.679766 2.945430 2.383163
 110.800000 -1.750620 3.006589 0.795290
 111.000000 -1.813018 2.921329 3.336530
 111.200000 -1.701137 2.943982 1.242774
 111.400000 -1.663557 2.855285 9.590131
 111.600000 -1.772267 2.945419 0.596986
 111.800000 -1.782937 2.927250 1.499590
 112.000000 -1.751328 3.004302 0.711468
 112.200000 -1.721676 3.060388 4.634785
 112.400000 -1.848044 2.956962 5.326157
 112.600000 -1.779982 2.955954 0.662076
 112.800000 -1.765771 2.856789 6.288703
 113.000000 -1.769834 2.930825 0.956716
 113.200000 -1.708216 3.016912 1.931314
 113.400000 -1.732455 3.014498 1.208058
 113.600000 -1.634464 2.963633 6.151469
 113.800000 -1.796487 2.928239 2.062087
 114.000000 -1.716215 2.928875 1.152863
 114.200000 -1.750950 2.912096 1.526281
 114.400000 -1.841978 2.959495 4.699055
 114.600000 -1.729388 2.989839 0.386503
 114.800000 -1.766935 2.920685 1.308723
 115.000000 -1.765732 2.896666 2.685812
 115.200000 -1.784513 2.956338 0.825155
 115.400000 -1.780975 2.826206 10.555183
 115.600000 -1.796550 2.906758 3.129948
 115.800000 -1.781768 2.962693 0.673434
 116.000000 -1.839045 2.984092 4.536350
 116.200000 -1.712984 2.959788 0.549544
 116.400000 -1.691419 2.952618 1.557462
 116.600000 -1.698415 3.058845 5.312725
 116.800000 -1.670688 3.025106 4.470371
 117.000000 -1.734896 2.971606 0.064760
 117.200000 -1.723378 2.947179 0.438559
 117.400000 -1.731193 2.938672 0.502860
 117.600000 -1.735338 2.972334 0.063820
 117.800000 -1.797969 2.930394 2.057632
 118.000000 -1.798832 2.943563 1.707341
 118.200000 -1.726453 2.994190 0.546193
 118.400000 -1.751277 3.043669 2.952202
 118.600000 -1.733574 2.964722 0.071830
 118.800000 -1.732661 2.973735 0.102519
 119.000000 -1.727805 2.944475 0.408595
 119.200000 -1.718202 2.894111 3.028669
 119.400000 -1.835373 2.839595 12.177514
 119.600000 -1.793335 2.936314 1.624941
 119.800000 -1.865022 2.891451 10.021478
 120.000000 -1.809966 2.915238 3.431724
 120.200000 -1.739177 2.936182 0.495626
 120.400000 -1.774301 2.980335 0.507779
 120.600000 -1.728183 3.035608 2.496445
 120.800000 -1.769206 2.923583 1.230186
 121.000000 -1.784122 2.934525 1.281700
 121.200000 -1.760048 2.950837 0.239919
 121.400000 -1.682674 2.934541 2.491578
 121.600000 -1.753578 3.044018 2.995275
 121.800000 -1.783127 2.988172 0.937193
 122.000000 -1.767372 3.019394 1.612384
 122.200000 -1.732693 2.952613 0.184186
 122.400000 -1.777228 3.005616 1.252057
 122.600000 -1.703663 2.976118 0.909067
 122.800000 -1.730919 3.000954 0.678247
 123.000000 -1.729895 2.995517 0.524013
 123.200000 -1.743644 2.862608 5.456454
 123.400000 -1.786808 2.879320 4.709406
 123.600000 -1.784942 2.957634 0.829024
 123.800000 -1.707599 2.913622 2.139604
 124.000000 -1.756236 2.932991 0.639828
 124.200000 -1.830114 2.850255 10.415966
 124.400000 -1.742838 2.905949 1.870341
 124.600000 -1.716273 2.965504 0.423356
 124.800000 -1.709853 2.938882 1.026289
 125.000000 -1.760058 2.881423 3.775308
 125.200000 -1.778609 2.961454 0.569486
 125.400000 -1.715615 2.885353 3.779437
 125.600000 -1.794989 3.003047 1.880590
 125.800000 -1.722167 2.985351 0.435537
 126.000000 -1.694578 3.077503 7.386765
 126.200000 -1.743282 2.987383 0.208605
 126.400000 -1.682984 2.975496 1.979040
 126.600000 -1.735423 3.030763 2.078145
 126.800000 -1.751235 3.016539 1.241539
 127.000000 -1.742259 3.014903 1.149208
 127.200000 -1.721149 2.999021 0.803089
 127.400000 -1.764024 2.883370 3.676731
 127.600000 -1.740739 2.897003 2.464505
 127.800000 -1.757783 2.935110 0.587960
 128.000000 -1.745034 2.920849 1.067759
 128.200000 -1.729130 2.892814 2.887436
 128.400000 -1.753374 2.881327 3.707436
 128.600000 -1.765794 2.871430 4.781939
 128.800000 -1.740487 2.960095 0.035974
 129.000000 -1.754919 2.990045 0.310144
 129.200000 -1.837047 3.048352 7.510264
 129.400000 -1.778777 2.913931 1.970689
 129.600000 -1.719800 2.946943 0.528218
 129.800000 -1.730162 2.860736 5.767360
 130.000000 -1.765830 2.904125 2.190566
 130.200000 -1.710645 2.927602 1.379920
 130.400000 -1.745345 3.031853 2.099098
 130.600000 -1.727635 2.937863 0.582766
 130.800000 -1.773510 2.992395 0.718030
 131.000000 -1.848284 2.962434 5.310544
 131.200000 -1.661589 2.909027 5.190165
 131.400000 -1.741492 2.984691 0.162800
 131.600000 -1.800055 2.875681 5.672489
 131.800000 -1.740631 3.030780 2.041193
 132.000000 -1.691142 2.909788 3.108174
 132.200000 -1.748080 2.971899 0.015494
 132.400000 -1.718095 2.944636 0.622253
 132.600000 -1.787673 2.915428 2.229419
 132.800000 -1.794260 2.963452 1.203596
 133.000000 -1.832806 2.981622 3.932158
 133.200000 -1.777516 2.939832 0.888675
 133.400000 -1.696116 2.942188 1.520295
 133.600000 -1.758867 2.967715 0.091853
 133.800000 -1.768798 2.887884 3.409834
 134.000000 -1.741644 2.856822 6.082944
 134.200000 -1.722972 2.902215 2.352342
 134.400000 -1.710593 2.909368 2.267499
 134.600000 -1.803029 2.955685 1.729295
 134.800000 -1.750610 2.972449 0.028463
 135.000000 -1.787222 2.994842 1.263434
 135.200000 -1.762527 3.051164 3.684656
 135.400000 -1.762975 2.967875 0.156013
 135.600000 -1.711852 2.938655 0.963789
 135.800000 -1.714038 3.000847 1.060343
 136.000000 -1.690895 2.982565 1.601741
 136.200000 -1.714666 2.963212 0.477506
 136.400000 -1.804869 2.978202 1.834575
 136.600000 -1.668436 2.956323 3.013921
 136.800000 -1.742907 2.903558 2.019147
 137.000000 -1.714140 2.949050 0.648582
 137.200000 -1.765692 2.961446 0.223076
 137.400000 -1.789601 2.990276 1.249475
 137.600000 -1.776310 2.941521 0.806031
 137.800000 -1.781284 2.820429 11.396692
 138.000000 -1.775571 2.887980 3.584070
 138.200000 -1.774171 2.799763 14.409972
 138.400000 -1.737385 2.976710 0.078121
 138.600000 -1.667218 2.931253 3.691744
 138.800000 -1.829428 2.986984 3.734761
 139.000000 -1.813000 2.937849 2.716334
 139.200000 -1.725753 2.997285 0.648403
 139.400000 -1.813772 2.976495 2.386740
 139.600000 -1.719161 3.043602 3.271709
 139.800000 -1.667127 2.895609 5.610419
 140.000000 -1.700739 2.962042 1.006745
 140.200000 -1.678104 2.858411 8.161933
 140.400000 -1.714020 2.986879 0.686553
 140.600000 -1.710113 2.985070 0.782264
 140.800000 -1.741764 2.992915 0.340595
 141.000000 -1.779328 2.967947 0.578354
 141.200000 -1.843878 2.918057 6.056572
 141.400000 -1.769410 2.943892 0.558325
 141.600000 -1.793869 2.910102 2.800192
 141.800000 -1.718593 3.008709 1.224737
 142.000000 -1.801524 3.015226 2.738891
 142.200000 -1.710861 2.934892 1.111427
 142.400000 -1.760684 2.909611 1.768056
 142.600000 -1.809482 2.849040 9.022120
 142.800000 -1.701672 2.958580 0.988914
 143.000000 -1.699768 2.982868 1.162876
 143.200000 -1.854619 2.973955 5.995909
 143.400000 -1.809846 2.930014 2.767398
 143.600000 -1.654766 2.970954 4.108452
 143.800000 -1.773800 3.004722 1.114494
 144.000000 -1.787426 2.949621 1.038150
 144.200000 -1.720044 2.920424 1.407137
 144.400000 -1.802361 2.995368 2.026966
 144.600000 -1.654108 2.915633 5.483059
 144.800000 -1.680642 2.849085 9.051185
 145.000000 -1.778529 2.958535 0.587438
 145.200000 -1.750655 3.036052 2.394125
 145.400000 -1.748350 3.013263 1.071921
 145.600000 -1.769676 2.983709 0.434986
 145.800000 -1.773554 2.928071 1.158396
 146.000000 -1.770775 2.962492 0.334174
 146.200000 -1.770393 2.915237 1.656895
 146.400000 -1.695652 2.982543 1.353803
 146.600000 -1.736204 2.929902 0.731972
 146.800000 -1.718818 2.963755 0.356889
 147.000000 -1.831255 2.939512 4.071029
 147.200000 -1.809795 2.898515 4.427092
 147.400000 -1.754307 2.912475 1.530046
 147.600000 -1.798572 2.884856 4.796165
 147.800000 -1.790454 3.003712 1.689848
 148.000000 -1.726675 2.951888 0.289071
 148.200000 -1.795307 2.973816 1.271698
 148.400000 -1.734470 2.911414 1.607196
 148.600000 -1.680226 2.927012 2.921136
 148.800000 -1.755472 2.951687 0.169603
 149.000000 -1.782379 2.957624 0.730872
 149.200000 -1.773210 2.914843 1.751955
 149.400000 -1.760270 2.981728 0.219198
 149.600000 -1.719317 2.949075 0.500032
 149.800000 -1.710596 2.991545 0.902964
 150.000000 -1.685072 2.932473 2.413611
 150.200000 -1.700040 2.914970 2.382238
 150.400000 -1.746513 3.016933 1.244378
 150.600000 -1.718684 3.007518 1.173422
 150.800000 -1.760173 3.000668 0.674925
 151.000000 -1.778292 2.962278 0.554689
 151.200000 -1.820044 2.938691 3.193524
 151.400000 -1.725678 2.927805 0.963533
 151.600000 -1.765525 2.958680 0.239037
 151.800000 -1.763667 2.949811 0.316884
 152.000000 -1.781151 2.940249 1.001019
 152.200000 -1.820320 2.927839 3.580973
 152.400000 -1.734110 2.960292 0.085835
 152.600000 -1.740038 2.927300 0.804417
 152.800000 -1.781177 2.977280 0.694757
 153.000000 -1.770645 2.919449 1.453859
 153.200000 -1.772549 2.923317 1.327152
 153.400000 -1.800490 3.000443 2.078574
 153.600000 -1.839155 2.916218 5.694073
 153.800000 -1.718032 2.961524 0.387898
 154.000000 -1.787975 2.929056 1.631480
 154.200000 -1.750735 2.998257 0.501246
 154.400000 -1.694076 2.961873 1.326876
 154.600000 -1.749144 2.993877 0.366852
 154.800000 -1.721569 2.975642 0.319108
 155.000000 -1.703972 2.968313 0.855990
 155.200000 -1.688661 2.888815 4.666759
 155.400000 -1.670776 2.962826 2.788018
 155.600000 -1.692469 2.981076 1.495313
 155.800000 -1.771175 3.044687 3.346974
 156.000000 -1.747007 2.917087 1.250024
 156.200000 -1.781339 2.908108 2.385995
 156.400000 -1.726068 2.978118 0.246645
 156.600000 -1.692756 3.007188 2.187091
 156.800000 -1.734702 3.017697 1.338517
 157.000000 -1.772684 3.023983 1.994255
 157.200000 -1.741822 2.839160 8.185284
 157.400000 -1.835642 2.887212 7.266048
 157.600000 -1.797050 2.890881 4.239106
 157.800000 -1.769849 2.921743 1.327407
 158.000000 -1.790536 2.932125 1.632053
 158.200000 -1.752947 2.986309 0.214279
 158.400000 -1.804708 2.971897 1.774593
 158.600000 -1.757142 2.969568 0.072914
 158.800000 -1.780688 2.888791 3.688108
 159.000000 -1.754275 2.961133 0.057575
 159.200000 -1.761715 2.892226 2.934267
 159.400000 -1.702087 2.945079 1.176518
 159.600000 -1.690257 2.929105 2.236776
 159.800000 -1.699959 3.026608 2.802237
 160.000000 -1.607388 3.032694 11.667851
 160.200000 -1.797654 2.919472 2.501221
 160.400000 -1.798870 2.942294 1.739994
 160.600000 -1.748169 3.036354 2.404866
 160.800000 -1.713366 3.028438 2.394499
 161.000000 -1.755991 2.996322 0.484985
 161.200000 -1.759897 2.955841 0.169038
 161.400000 -1.703548 2.935465 1.371962
 161.600000 -1.682735 2.840111 10.017043
 161.800000 -1.729149 2.925875 0.978980
 162.000000 -1.827460 2.915941 4.679332
 162.200000 -1.781959 2.892033 3.485383
 162.400000 -1.777585 2.958624 0.555799
 162.600000 -1.864006 2.954383 7.122400
 162.800000 -1.685244 2.944393 2.062037
 163.000000 -1.716402 2.889391 3.434622
 163.200000 -1.801769 2.953074 1.690497
 163.400000 -1.698309 2.971063 1.113486
 163.600000 -1.640546 2.942145 5.800110
 163.800000 -1.863845 3.077361 13.106142
 164.000000 -1.691141 2.929821 2.161564
 164.200000 -1.741661 2.909054 1.689083
 164.400000 -1.817602 2.950974 2.741017
 164.600000 -1.697480 2.994985 1.534679
 164.800000 -1.730073 3.066533 5.063855
 165.000000 -1.792589 2.962629 1.126546
 165.200000 -1.692528 2.949553 1.547242
 165.400000 -1.761881 2.958469 0.173876
 165.600000 -1.754514 2.916965 1.296929
 165.800000 -1.709294 2.998508 1.143765
 166.000000 -1.854167 2.930728 6.582798
 166.200000 -1.728917 2.916003 1.438087
 166.400000 -1.828258 2.930082 4.122289
 166.600000 -1.852267 2.831215 14.944691
 166.800000 -1.753084 2.886442 3.279710
 167.000000 -1.817689 2.868628 7.462390
 167.200000 -1.689069 2.956413 1.639283
 167.400000 -1.734682 2.873310 4.451189
 167.600000 -1.738236 2.877098 4.071688
 167.800000 -1.768088 2.909401 1.921253
 168.000000 -1.678499 2.973728 2.255381
 168.200000 -1.733696 2.997934 0.544268
 168.400000 -1.705329 2.988640 1.032863
 168.600000 -1.790459 2.996584 1.454177
 168.800000 -1.699746 2.950126 1.182273
 169.000000 -1.696456 2.970793 1.201269
 169.200000 -1.737045 2.986099 0.215562
 169.400000 -1.689054 3.056632 5.595060
 169.600000 -1.676275 2.956490 2.440087
 169.800000 -1.746190 2.965964 0.000971
 170.000000 -1.814483 3.039734 5.031862
 170.200000 -1.744865 2.974846 0.030420
 170.400000 -1.771244 2.971253 0.344588
 170.600000 -1.793016 2.932159 1.746030
 170.800000 -1.805607 2.904454 3.776462
 171.000000 -1.719727 2.952364 0.435719
 171.200000 -1.808729 2.969242 2.012120
 171.400000 -1.724130 2.937055 0.674857
 171.600000 -1.811843 2.948755 2.379568
 171.800000 -1.857444 2.875124 10.510982
 172.000000 -1.735425 2.924977 0.934543
 172.200000 -1.811405 2.800084 16.123523
 172.400000 -1.798853 3.000152 1.979980
 172.600000 -1.779756 2.925646 1.450154
 172.800000 -1.740435 2.926945 0.816588
 173.000000 -1.789064 2.940825 1.300498
 173.200000 -1.834028 2.958094 3.973964
 173.400000 -1.725545 2.928205 0.950559
 173.600000 -1.774970 2.946788 0.644765
 173.800000 -1.701027 2.923916 1.912028
 174.000000 -1.693302 2.952569 1.458403
 174.200000 -1.805161 2.953922 1.876188
 174.400000 -1.758675 2.988351 0.315720
 174.600000 -1.761597 3.012401 1.160261
 174.800000 -1.726377 2.952156 0.290662
 175.000000 -1.726820 2.943593 0.446636
 175.200000 -1.737270 3.017270 1.293039
 175.400000 -1.703783 2.993543 1.213712
 175.600000 -1.817865 2.990241 2.899374
 175.800000 -1.729249 2.947300 0.324522
 176.000000 -1.798831 2.910974 3.004060
 176.200000 -1.809442 2.960964 2.073810
 176.400000 -1.752322 2.997563 0.489670
 176.600000 -1.817558 2.951486 2.729799
 176.800000 -1.663792 2.937873 3.750120
 177.000000 -1.796561 3.005822 2.063637
 177.200000 -1.813673 2.864775 7.566490
 177.400000 -1.741498 2.956333 0.064871
 177.600000 -1.760006 2.954659 0.184589
 177.800000 -1.692377 2.897433 3.825914
 178.000000 -1.792703 2.923149 2.086217
 178.200000 -1.822783 2.931570 3.629276
 178.400000 -1.724782 3.001810 0.814887
 178.600000 -1.819008 2.966342 2.714542
 178.800000 -1.781293 2.969366 0.649350
 179.000000 -1.740147 2.909909 1.646553
 179.200000 -1.730885 2.980268 0.191537
 179.400000 -1.709366 3.003519 1.311336
 179.600000 -1.765671 2.939950 0.574354
 179.800000 -1.738260 2.924265 0.940693
 180.000000 -1.759538 2.979623 0.179860
 180.200000 -1.758174 2.942719 0.378740
 180.400000 -1.710668 2.926000 1.443677
 180.600000 -1.802949 2.876805 5.732962
 180.800000 -1.796887 2.972612 1.344527
 181.000000 -1.632468 2.954051 6.453478
 181.200000 -1.852163 2.936344 6.178426
 181.400000 -1.802997 2.860360 7.355178
 181.600000 -1.742115 2.912670 1.484310
 181.800000 -1.736040 2.850505 6.835593
 182.000000 -1.705853 2.932854 1.364211
 182.200000 -1.688484 2.953945 1.701660
 182.400000 -1.783069 2.987673 0.924594
 182.600000 -1.718407 2.953067 0.460306
 182.800000 -1.748733 2.952260 0.115306
 183.000000 -1.781301 2.976207 0.688803
 183.200000 -1.728965 2.949857 0.281862
 183.400000 -1.733971 3.012054 1.076740
 183.600000 -1.688878 3.001746 2.194952
 183.800000 -1.702694 2.910841 2.489177
 184.000000 -1.685391 2.954765 1.871859
 184.200000 -1.742802 2.970487 0.009067
 184.400000 -1.789660 2.958000 1.023643
 184.600000 -1.762034 2.977484 0.193856
 184.800000 -1.792817 2.974134 1.152561
 185.000000 -1.786950 2.888777 3.930224
 185.200000 -1.822408 2.937108 3.419101
 185.400000 -1.815699 2.938428 2.885824
 185.600000 -1.837591 2.928690 4.992244
 185.800000 -1.711106 2.874956 4.827124
 186.000000 -1.823030 2.906944 4.825695
 186.200000 -1.733972 2.913484 1.499691
 186.400000 -1.740632 2.914921 1.370232
 186.600000 -1.790884 2.955655 1.102671
 186.800000 -1.786588 2.964892 0.853477
 187.000000 -1.863979 2.977029 7.088560
 187.200000 -1.654357 2.924418 5.047132
 187.400000 -1.695565 2.926898 2.044734
 187.600000 -1.766101 2.946105 0.435300
 187.800000 -1.746357 3.026665 1.776923
 188.000000 -1.665884 3.032211 5.278168
 188.200000 -1.779463 2.982590 0.703136
 188.400000 -1.607783 2.971456 9.469143
 188.600000 -1.743676 2.959441 0.030389
 188.800000 -1.776745 2.996465 0.925798
 189.000000 -1.724153 3.059346 4.482621
 189.200000 -1.753247 3.001180 0.613444
 189.400000 -1.705508 2.933043 1.371415
 189.600000 -1.774850 2.922831 1.413820
 189.800000 -1.744419 2.882922 3.539971
 190.000000 -1.817899 2.953187 2.729444
 190.200000 -1.776627 2.921070 1.547310
 190.400000 -1.855729 2.867939 11.006481
 190.600000 -1.876119 2.954152 8.636335
 190.800000 -1.858103 2.910491 7.959011
 191.000000 -1.828174 2.933376 3.998897
 191.200000 -1.721410 2.928435 1.032012
 191.400000 -1.729706 2.941108 0.458787
 191.600000 -1.685349 2.960260 1.821922
 191.800000 -1.817150 2.937382 3.019475
 192.000000 -1.608776 2.965205 9.325074
 192.200000 -1.666402 3.006171 3.879553
 192.400000 -1.683947 3.007509 2.701951
 192.600000 -1.640756 2.931741 6.091508
 192.800000 -1.741102 2.976896 0.057310
 193.000000 -1.819463 3.004960 3.466101
 193.200000 -1.726749 2.950009 0.317970
 193.400000 -1.800553 2.984456 1.676154
 193.600000 -1.804479 3.037183 4.207969
 193.800000 -1.778925 2.876388 4.674999
 194.000000 -1.763584 2.873699 4.524739
 194.200000 -1.783335 2.833348 9.661683
 194.400000 -1.761258 2.873125 4.538741
 194.600000 -1.688973 2.914059 2.992562
 194.800000 -1.758700 2.899795 2.351651
 195.000000 -1.751909 2.956884 0.073423
 195.200000 -1.779924 2.933543 1.160103
 195.400000 -1.718075 2.996299 0.798861
 195.600000 -1.766026 2.873496 4.591307
 195.800000 -1.772156 2.938403 0.770433
 196.000000 -1.743178 2.980215 0.088840
 196.200000 -1.730060 3.049515 3.515994
 196.400000 -1.747664 2.947115 0.201614
 196.600000 -1.749924 2.954807 0.085625
 196.800000 -1.799947 2.943766 1.762845
 197.000000 -1.672217 2.919935 3.783066
 197.200000 -1.704793 2.925479 1.686080
 197.400000 -1.827339 2.973392 3.382821
 197.600000 -1.758152 2.945391 0.316986
 197.800000 -1.719811 2.953661 0.415350
 198.000000 -1.739426 2.848764 7.014395
 198.200000 -1.773837 2.894407 3.045595
 198.400000 -1.799218 2.906395 3.292136
 198.600000 -1.742482 2.927255 0.796251
 198.800000 -1.767042 2.941983 0.550123
 199.000000 -1.798515 2.852157 8.015668
 199.200000 -1.829210 2.917237 4.759177
 199.400000 -1.794564 2.967790 1.212317
 199.600000 -1.681574 2.987244 2.236074
 199.800000 -1.740556 2.977870 0.069823
 200.000000 -1.732911 3.056613 4.087038
