#! FIELDS time phi psi restraint.bias
#! SET min_phi -pi
#! SET max_phi pi
#! SET min_psi -pi
#! SET max_psi pi
 0.000000 2.663081 2.241380 162.081083
 0.200000 2.180956 2.261547 3.773676
 0.400000 2.060984 2.272069 0.563080
 0.600000 2.120300 2.303436 0.930945
 0.800000 1.986906 2.384883 12.499815
 1.000000 2.165776 2.306426 3.250700
 1.200000 2.123463 2.336834 2.728050
 1.400000 2.052141 2.282498 0.984785
 1.600000 2.144879 2.309903 2.113770
 1.800000 2.081173 2.252480 0.222680
 2.000000 2.055916 2.338089 3.131919
 2.200000 2.043562 2.278729 1.340025
 2.400000 2.066971 2.316402 1.502919
 2.600000 2.100214 2.392004 7.590724
 2.800000 2.060763 2.249347 0.757282
 3.000000 2.217397 2.315469 8.647748
 3.200000 2.095435 2.307260 0.735192
 3.400000 2.076345 2.284511 0.284332
 3.600000 2.014920 2.328329 4.922372
 3.800000 2.019504 2.324430 4.344542
 4.000000 2.022560 2.253132 2.704923
 4.200000 2.098826 2.262335 0.031551
 4.400000 2.125924 2.353265 4.053369
 4.600000 1.992862 2.301370 5.680774
 4.800000 2.124441 2.254046 0.562131
 5.000000 2.078520 2.341833 2.783546
 5.200000 2.014233 2.302624 3.780691
 5.400000 1.988222 2.267438 5.637460
 5.600000 2.072780 2.309552 1.058770
 5.800000 2.130908 2.291635 0.924412
 6.000000 2.152296 2.283746 1.786056
 6.200000 2.086804 2.402793 8.988792
 6.400000 2.173385 2.230094 3.873737
 6.600000 2.065065 2.332023 2.420616
 6.800000 2.025804 2.307772 3.106825
 7.000000 2.068505 2.233941 0.947187
 7.200000 2.095931 2.271737 0.005125
 7.400000 2.145299 2.274952 1.313729
 7.600000 2.118380 2.162023 6.001944
 7.800000 2.044439 2.344440 4.098816
 8.000000 2.172883 2.301022 3.595213
 8.200000 2.093477 2.318516 1.229902
 8.400000 2.046462 2.318434 2.374214
 8.600000 2.010847 2.272530 3.496670
 8.800000 2.045489 2.302521 1.760125
 9.000000 2.149115 2.246333 1.752374
 9.200000 2.174399 2.350450 6.523259
 9.400000 2.120187 2.304274 0.957278
 9.600000 2.160109 2.368111 7.077835
 9.800000 2.092172 2.380877 6.268732
 10.000000 2.057330 2.264800 0.695430
 10.200000 2.120807 2.366940 5.151943
 10.400000 2.040970 2.356617 5.271833
 10.600000 2.030419 2.218479 3.319009
 10.800000 2.034114 2.252273 1.955575
 11.000000 2.018779 2.298137 3.285483
 11.200000 2.056335 2.270641 0.725744
 11.400000 2.144039 2.284478 1.353139
 11.600000 2.067454 2.216860 1.718452
 11.800000 2.098051 2.235072 0.579812
 12.000000 2.180300 2.288177 3.875106
 12.200000 2.105693 2.244197 0.369624
 12.400000 1.946290 2.272255 10.973169
 12.600000 2.026259 2.282429 2.412387
 12.800000 2.030477 2.430671 15.123140
 13.000000 2.053319 2.348687 4.024359
 13.200000 2.183548 2.434234 17.637131
 13.400000 2.201066 2.332741 7.725357
 13.600000 2.153250 2.381745 8.095818
 13.800000 2.132687 2.352555 4.229865
 14.000000 2.122864 2.377913 6.344130
 14.200000 2.049307 2.335133 3.208050
 14.400000 2.176130 2.388944 10.542252
 14.600000 2.090152 2.256762 0.083003
 14.800000 2.072505 2.248023 0.458096
 15.000000 2.090975 2.294824 0.341141
 15.200000 2.035563 2.271136 1.733027
 15.400000 2.074558 2.283590 0.304258
 15.600000 2.056800 2.313098 1.682181
 15.800000 2.008856 2.297648 4.070913
 16.000000 2.058200 2.243406 0.980713
 16.200000 2.094801 2.287266 0.168224
 16.400000 2.135947 2.292199 1.134056
 16.600000 2.106699 2.251280 0.231416
 16.800000 2.022478 2.271271 2.588809
 17.000000 2.124398 2.299348 0.912787
 17.200000 2.062155 2.250762 0.684718
 17.400000 2.113810 2.317928 1.388955
 17.600000 2.116153 2.206730 2.171014
 17.800000 2.050033 2.140822 9.189509
 18.000000 2.153373 2.264807 1.747700
 18.200000 2.129495 2.293822 0.925856
 18.400000 2.024930 2.289181 2.617784
 18.600000 2.027699 2.304631 2.861546
 18.800000 1.999269 2.324692 6.079239
 19.000000 2.140941 2.230538 1.820157
 19.200000 2.121245 2.236825 0.875757
 19.400000 2.110633 2.271039 0.134056
 19.600000 2.135759 2.261946 0.879863
 19.800000 2.137969 2.353045 4.487166
 20.000000 2.012049 2.342817 6.120198
 20.200000 2.079129 2.250485 0.286586
 20.400000 2.120439 2.293418 0.639031
 20.600000 2.107410 2.326500 1.741939
 20.800000 2.154270 2.274523 1.808137
 21.000000 2.108982 2.291675 0.365098
 21.200000 1.999417 2.384762 11.219206
 21.400000 2.019345 2.274878 2.833935
 21.600000 2.052037 2.329147 2.710257
 21.800000 2.073960 2.382283 6.633443
 22.000000 2.070602 2.311654 1.195807
 22.200000 2.094638 2.293753 0.308160
 22.400000 2.095783 2.309154 0.810041
 22.600000 2.126713 2.222069 1.620101
 22.800000 2.210723 2.319167 8.028001
 23.000000 2.155002 2.315701 2.930464
 23.200000 2.035335 2.249533 1.932121
 23.400000 2.073583 2.267532 0.217550
 23.600000 2.138513 2.204263 3.063966
 23.800000 2.105623 2.326740 1.734117
 24.000000 2.070853 2.260915 0.309210
 24.200000 2.113751 2.309143 0.995943
 24.400000 2.033587 2.271741 1.852744
 24.600000 2.093497 2.255459 0.091113
 24.800000 2.205987 2.293779 6.535162
 25.000000 2.093275 2.203919 2.113736
 25.200000 2.091083 2.269382 0.005588
 25.400000 2.082177 2.279023 0.125595
 25.600000 2.062996 2.261642 0.519485
 25.800000 2.027150 2.360836 6.484502
 26.000000 2.038656 2.339655 4.054587
 26.200000 2.104526 2.325778 1.667259
 26.400000 2.063538 2.210620 2.175979
 26.600000 2.064471 2.275605 0.470016
 26.800000 2.100911 2.273006 0.029543
 27.000000 2.165756 2.330953 4.469734
 27.200000 2.089385 2.328639 1.795265
 27.400000 2.030502 2.313987 3.056359
 27.600000 2.107830 2.291534 0.345759
 27.800000 2.168309 2.393356 10.472783
 28.000000 2.076917 2.265520 0.158548
 28.200000 2.180216 2.290154 3.907916
 28.400000 2.143189 2.296257 1.563830
 28.600000 2.035886 2.285609 1.850785
 28.800000 2.109038 2.264454 0.117223
 29.000000 2.106176 2.303591 0.670152
 29.200000 2.082737 2.254556 0.171231
 29.400000 2.117627 2.297649 0.682301
 29.600000 2.113486 2.294056 0.497945
 29.800000 2.101888 2.263910 0.040665
 30.000000 2.034507 2.286404 1.945986
 30.200000 2.076034 2.365055 4.788731
 30.400000 2.127180 2.328780 2.328587
 30.600000 2.077696 2.357661 4.076178
 30.800000 2.080405 2.259117 0.145989
 31.000000 2.166047 2.274611 2.583178
 31.200000 2.137829 2.280952 1.015536
 31.400000 2.123043 2.331373 2.360070
 31.600000 2.127418 2.226179 1.459007
 31.800000 2.139267 2.263563 1.021158
 32.000000 2.156194 2.291713 2.169140
 32.200000 2.163577 2.259231 2.440109
 32.400000 2.149086 2.299107 1.950922
 32.600000 2.114893 2.354692 3.887825
 32.800000 2.054013 2.316592 1.951252
 33.000000 2.098967 2.317799 1.204649
 33.200000 2.101518 2.382457 6.469808
 33.400000 2.099615 2.222990 1.068777
 33.600000 2.126857 2.326044 2.158002
 33.800000 2.049988 2.256190 1.067118
 34.000000 2.078778 2.300695 0.626524
 34.200000 2.163582 2.293593 2.697569
 34.400000 2.118377 2.341009 2.885424
 34.600000 2.053280 2.244070 1.154190
 34.800000 1.986949 2.271251 5.775072
 35.000000 2.101912 2.287663 0.203742
 35.200000 2.157740 2.313671 3.007244
 35.400000 2.123373 2.361540 4.708307
 35.600000 2.156500 2.317692 3.117497
 35.800000 2.131274 2.285525 0.817756
 36.000000 2.093880 2.252911 0.128412
 36.200000 2.123228 2.301890 0.958935
 36.400000 2.114998 2.287941 0.392979
 36.600000 2.103552 2.337024 2.360449
 36.800000 2.079590 2.265367 0.115941
 37.000000 1.973807 2.256048 7.353742
 37.200000 2.059840 2.231296 1.305097
 37.400000 2.008833 2.254932 3.758425
 37.600000 2.126343 2.293977 0.824058
 37.800000 2.101013 2.342552 2.732111
 38.000000 2.070512 2.404907 9.530340
 38.200000 2.065910 2.328183 2.161269
 38.400000 2.004778 2.300988 4.529566
 38.600000 2.136141 2.378149 6.835946
 38.800000 2.173285 2.273059 3.120303
 39.000000 2.115491 2.257059 0.292947
 39.200000 2.134074 2.293191 1.081564
 39.400000 2.034570 2.181116 5.645045
 39.600000 1.980856 2.258332 6.501739
 39.800000 2.109821 2.261399 0.147323
 40.000000 2.147447 2.282063 1.493509
 40.200000 2.101281 2.223077 1.074847
 40.400000 2.165043 2.299231 2.954729
 40.600000 2.098762 2.211469 1.660314
 40.800000 2.067827 2.290530 0.586247
 41.000000 1.989542 2.386953 12.462117
 41.200000 2.072207 2.278403 0.291044
 41.400000 2.110847 2.350343 3.449509
 41.600000 2.114377 2.324493 1.743386
 41.800000 2.174286 2.224598 4.173857
 42.000000 2.085362 2.234817 0.622562
 42.200000 2.019387 2.227567 3.668511
 42.400000 2.066598 2.336357 2.659684
 42.600000 1.963788 2.212680 10.111021
 42.800000 2.075351 2.325088 1.758301
 43.000000 2.090592 2.227657 0.858882
 43.200000 2.051749 2.161945 6.631984
 43.400000 2.146568 2.225158 2.318945
 43.600000 2.117816 2.248530 0.482316
 43.800000 2.080034 2.322728 1.550336
 44.000000 2.046374 2.380960 7.428561
 44.200000 2.062024 2.310481 1.387275
 44.400000 2.046371 2.218828 2.408141
 44.600000 2.082786 2.274348 0.082077
 44.800000 2.160200 2.262369 2.186639
 45.000000 2.141716 2.264916 1.127667
 45.200000 2.032367 2.256177 2.005066
 45.400000 2.043751 2.252992 1.409397
 45.600000 2.006262 2.306665 4.595784
 45.800000 2.016258 2.317396 4.227260
 46.000000 2.078660 2.271479 0.127051
 46.200000 2.141338 2.300550 1.601803
 46.400000 2.058883 2.272059 0.635441
 46.600000 2.081355 2.274371 0.099835
 46.800000 1.973048 2.277081 7.395846
 47.000000 2.128366 2.413502 11.027863
 47.200000 2.132950 2.332494 2.763561
 47.400000 2.095381 2.341808 2.656201
 47.600000 2.195777 2.287669 5.314778
 47.800000 2.115167 2.318033 1.421364
 48.000000 2.163452 2.320559 3.717331
 48.200000 2.169849 2.325762 4.461725
 48.400000 2.097207 2.348856 3.198188
 48.600000 2.122256 2.313611 1.386399
 48.800000 2.150549 2.272600 1.583398
 49.000000 2.079591 2.413255 10.524781
 49.200000 2.134511 2.272111 0.809692
 49.400000 2.164648 2.330036 4.334824
 49.600000 2.038981 2.258219 1.592689
 49.800000 2.090709 2.327370 1.714548
 50.000000 2.060279 2.290589 0.816551
 50.200000 2.051679 2.236138 1.449901
 50.400000 2.057469 2.246853 0.925433
 50.600000 2.083341 2.177607 4.230857
 50.800000 2.219161 2.224150 8.785786
 51.000000 2.281589 2.242016 17.882955
 51.200000 2.103743 2.293764 0.352106
 51.400000 2.030699 2.316618 3.165775
 51.600000 1.985860 2.314170 6.913332
 51.800000 2.028198 2.296628 2.574640
 52.000000 2.098908 2.299095 0.465214
 52.200000 2.178709 2.224818 4.527243
 52.400000 2.159345 2.168909 7.111174
 52.600000 2.027319 2.297756 2.665153
 52.800000 2.006491 2.276396 3.891446
 53.000000 1.989119 2.309724 6.373665
 53.200000 1.979287 2.295748 6.984602
 53.400000 1.971146 2.284724 7.719928
 53.600000 2.140749 2.275969 1.099114
 53.800000 2.163109 2.326307 4.006959
 54.000000 2.153538 2.281907 1.833185
 54.200000 2.195330 2.273497 5.104398
 54.400000 2.117275 2.310495 1.125676
 54.600000 2.049548 2.434457 14.705532
 54.800000 2.106444 2.431695 13.319056
 55.000000 2.182842 2.267606 3.912274
 55.200000 2.205443 2.302317 6.723167
 55.400000 2.183798 2.256861 4.069279
 55.600000 2.173401 2.285723 3.262023
 55.800000 2.205610 2.409591 16.077418
 56.000000 2.097128 2.361835 4.319568
 56.200000 1.950330 2.444997 25.877440
 56.400000 2.060902 2.270790 0.562636
 56.600000 2.140311 2.321266 2.423775
 56.800000 2.127740 2.231920 1.240722
 57.000000 2.141462 2.224396 2.099215
 57.200000 2.069657 2.358990 4.361579
 57.400000 2.030506 2.329096 3.851041
 57.600000 2.112795 2.394449 8.047053
 57.800000 2.092307 2.313554 0.997922
 58.000000 2.120439 2.305117 0.993984
 58.200000 2.169843 2.223294 3.887470
 58.400000 2.175684 2.274261 3.318162
 58.600000 2.090371 2.247421 0.239374
 58.800000 2.061602 2.259691 0.580349
 59.000000 2.075956 2.355071 3.880330
 59.200000 2.110801 2.251802 0.281224
 59.400000 2.220589 2.318622 9.197226
 59.600000 2.156373 2.262319 1.942452
 59.800000 2.074915 2.296261 0.563289
 60.000000 2.101457 2.216718 1.387880
 60.200000 2.135350 2.364093 5.366823
 60.400000 2.067733 2.322401 1.785129
 60.600000 2.019142 2.336066 5.085284
 60.800000 2.023752 2.275141 2.514530
 61.000000 2.075887 2.273307 0.180867
 61.200000 2.166397 2.309373 3.410009
 61.400000 2.150131 2.241806 1.921034
 61.600000 2.054001 2.310288 1.671163
 61.800000 1.983584 2.291418 6.392485
 62.000000 2.051232 2.299076 1.386001
 62.200000 2.056979 2.317252 1.867595
 62.400000 2.084087 2.315118 1.119901
 62.600000 2.064836 2.291351 0.688259
 62.800000 2.068320 2.220924 1.492153
 63.000000 2.094936 2.294968 0.339195
 63.200000 2.131401 2.302521 1.248954
 63.400000 2.148698 2.359266 5.554860
 63.600000 2.165822 2.256176 2.632225
 63.800000 2.169009 2.305136 3.439117
 64.000000 2.123575 2.221563 1.547458
 64.200000 2.110382 2.291953 0.392850
 64.400000 2.139439 2.227070 1.890494
 64.600000 2.099402 2.307837 0.769479
 64.800000 2.045002 2.375647 6.914299
 65.000000 2.075424 2.414634 10.795137
 65.200000 2.072124 2.319159 1.509609
 65.400000 2.126213 2.300923 1.018036
 65.600000 2.138810 2.285007 1.115617
 65.800000 2.156934 2.252787 2.085806
 66.000000 2.056962 2.258567 0.754312
 66.200000 2.004611 2.376116 9.775220
 66.400000 2.058386 2.356697 4.499989
 66.600000 2.088375 2.338622 2.446758
 66.800000 2.076344 2.250271 0.336955
 67.000000 2.136259 2.281188 0.951436
 67.200000 2.186725 2.277618 4.300176
 67.400000 2.145994 2.275857 1.355225
 67.600000 2.013063 2.301398 3.834628
 67.800000 2.040807 2.273729 1.447354
 68.000000 1.994014 2.387561 12.075097
 68.200000 2.042218 2.366346 6.106364
 68.400000 2.062663 2.159030 6.542235
 68.600000 2.110629 2.230221 0.880884
 68.800000 2.041003 2.213012 2.988687
 69.000000 2.038784 2.273949 1.558900
 69.200000 2.010750 2.403530 12.557158
 69.400000 2.030358 2.306730 2.764901
 69.600000 2.039645 2.248040 1.716943
 69.800000 2.065749 2.223366 1.448238
 70.000000 2.159915 2.232865 2.796671
 70.200000 2.182230 2.234072 4.464958
 70.400000 2.118230 2.206018 2.262877
 70.600000 2.068260 2.302307 0.898603
 70.800000 1.980044 2.248561 6.745521
 71.000000 2.067822 2.302843 0.928182
 71.200000 2.199020 2.328722 7.260813
 71.400000 2.058561 2.243636 0.961902
 71.600000 1.990631 2.300491 5.881633
 71.800000 2.085824 2.345207 2.946004
 72.000000 2.138012 2.335609 3.174349
 72.200000 2.042998 2.305048 1.973170
 72.400000 2.106600 2.224901 1.043668
 72.600000 2.053943 2.232213 1.492191
 72.800000 2.103944 2.263062 0.062795
 73.000000 2.139512 2.306232 1.713571
 73.200000 2.061840 2.271222 0.532546
 73.400000 2.052263 2.333636 2.981124
 73.600000 2.033757 2.296710 2.224372
 73.800000 2.135286 2.197520 3.385556
 74.000000 2.119413 2.295481 0.665484
 74.200000 2.059509 2.230601 1.342993
 74.400000 2.140158 2.286463 1.200875
 74.600000 2.164766 2.346299 5.469151
 74.800000 2.081919 2.301559 0.610209
 75.000000 2.011633 2.357934 7.385794
 75.200000 2.006940 2.305501 4.493031
 75.400000 2.136629 2.331270 2.835112
 75.600000 2.114017 2.290854 0.432897
 75.800000 2.087280 2.266173 0.029106
 76.000000 2.034297 2.359546 5.911759
 76.200000 1.991892 2.229254 6.040429
 76.400000 2.081251 2.298016 0.509426
 76.600000 2.131328 2.308319 1.457839
 76.800000 2.037299 2.157450 7.843651
 77.000000 2.033077 2.313411 2.869326
 77.200000 2.036569 2.290118 1.896416
 77.400000 1.938426 2.284096 12.278208
 77.600000 2.085818 2.394448 7.914435
 77.800000 2.105954 2.363549 4.543359
 78.000000 2.079572 2.286938 0.272034
 78.200000 2.093043 2.270843 0.002747
 78.400000 2.065366 2.258472 0.476016
 78.600000 2.124742 2.325633 2.068208
 78.800000 2.040083 2.296478 1.854442
 79.000000 2.034090 2.302509 2.382213
 79.200000 2.088408 2.284490 0.139006
 79.400000 2.145805 2.357334 5.229266
 79.600000 2.118150 2.286579 0.437931
 79.800000 2.124269 2.236884 0.959609
 80.000000 2.048441 2.334283 3.191515
 80.200000 2.195865 2.264341 5.158639
 80.400000 2.131068 2.269069 0.672461
 80.600000 2.086480 2.323949 1.544955
 80.800000 2.071236 2.193738 3.094958
 81.000000 2.088348 2.245062 0.303066
 81.200000 2.107107 2.217371 1.409859
 81.400000 2.075571 2.241596 0.550684
 81.600000 2.075577 2.330872 2.095620
 81.800000 2.143179 2.365211 5.825149
 82.000000 2.041389 2.278037 1.446311
 82.200000 2.071803 2.362386 4.622418
 82.400000 2.143648 2.318670 2.450049
 82.600000 2.076571 2.258842 0.209709
 82.800000 2.129467 2.325954 2.241027
 83.000000 2.053461 2.309104 1.644871
 83.200000 2.117133 2.239278 0.698066
 83.400000 2.123365 2.313795 1.426136
 83.600000 2.009630 2.338784 6.032491
 83.800000 1.945113 2.317860 12.339724
 84.000000 2.055994 2.275011 0.755844
 84.200000 2.072097 2.253932 0.361057
 84.400000 2.081593 2.178332 4.185792
 84.600000 2.064609 2.318813 1.687870
 84.800000 1.971604 2.203911 9.652406
 85.000000 2.010205 2.314953 4.603123
 85.200000 1.970454 2.345875 10.641177
 85.400000 2.091810 2.275015 0.021866
 85.600000 2.105350 2.291598 0.316977
 85.800000 2.110445 2.284289 0.246790
 86.000000 2.088714 2.249286 0.209050
 86.200000 2.128683 2.280603 0.655966
 86.400000 2.144056 2.324670 2.786728
 86.600000 2.229270 2.347068 12.148540
 86.800000 2.175190 2.198534 5.741636
 87.000000 2.096577 2.264568 0.011887
 87.200000 2.175175 2.344871 6.146413
 87.400000 2.075834 2.217150 1.512722
 87.600000 2.139054 2.351238 4.384685
 87.800000 2.142082 2.356954 5.011276
 88.000000 2.109392 2.226366 1.018214
 88.200000 2.153912 2.335644 3.996689
 88.400000 2.132893 2.326548 2.401088
 88.600000 2.148197 2.232770 2.101017
 88.800000 2.077606 2.303541 0.739954
 89.000000 2.091853 2.333355 2.078643
 89.200000 2.149707 2.307065 2.256918
 89.400000 2.132122 2.313174 1.690504
 89.600000 2.085043 2.349552 3.293828
 89.800000 2.085552 2.234683 0.625461
 90.000000 2.085289 2.150303 7.077375
 90.200000 2.192433 2.294089 5.122297
 90.400000 2.086805 2.279129 0.080832
 90.600000 1.982604 2.302833 6.823401
 90.800000 2.078856 2.304502 0.753466
 91.000000 2.114427 2.311045 1.087577
 91.200000 2.123751 2.274115 0.444348
 91.400000 2.199550 2.223943 6.540643
 91.600000 2.125815 2.293245 0.789281
 91.800000 2.115672 2.308328 1.002544
 92.000000 2.157590 2.406032 11.395564
 92.200000 2.043723 2.312022 2.212346
 92.400000 2.125846 2.238867 0.946436
 92.600000 2.110830 2.346861 3.171817
 92.800000 2.171022 2.199728 5.330161
 93.000000 2.235660 2.315882 11.080245
 93.200000 2.012365 2.362112 7.706091
 93.400000 2.052040 2.336508 3.180472
 93.600000 2.099268 2.379439 6.118237
 93.800000 2.015257 2.283903 3.243569
 94.000000 2.131904 2.225773 1.634621
 94.200000 2.122500 2.240432 0.800943
 94.400000 2.168151 2.237841 3.203175
 94.600000 2.015044 2.144300 10.914338
 94.800000 2.039694 2.312975 2.466169
 95.000000 2.149065 2.332022 3.484805
 95.200000 2.091119 2.303326 0.596986
 95.400000 2.130323 2.379280 6.734200
 95.600000 2.148987 2.308244 2.263036
 95.800000 1.976524 2.329249 8.766066
 96.000000 1.963066 2.308727 9.415663
 96.200000 2.023973 2.337638 4.840228
 96.400000 2.108894 2.334408 2.248887
 96.600000 2.158341 2.304470 2.676178
 96.800000 2.168961 2.317701 3.969453
 97.000000 2.045185 2.315626 2.301141
 97.200000 2.140546 2.311758 1.982138
 97.400000 2.090192 2.445204 15.545473
 97.600000 2.118681 2.307708 1.046863
 97.800000 2.151127 2.298081 2.034189
 98.000000 1.978096 2.300809 7.270921
 98.200000 2.029682 2.204435 4.173591
 98.400000 2.114589 2.275203 0.223575
 98.600000 2.206911 2.291862 6.592874
 98.800000 2.145636 2.249436 1.502806
 99.000000 2.002787 2.374573 9.776503
 99.200000 2.117083 2.316659 1.396477
 99.400000 2.079804 2.343965 2.921744
 99.600000 2.022752 2.386838 9.517718
 99.800000 2.183616 2.272958 3.988296
 100.000000 2.077420 2.260682 0.178076
 100.200000 2.187609 2.265535 4.350214
 100.400000 2.121330 2.286151 0.511078
 100.600000 1.988053 2.292257 5.926468
 100.800000 2.100832 2.282774 0.116581
 101.000000 2.128336 2.256959 0.647609
 101.200000 2.082671 2.194141 2.865255
 101.400000 2.152365 2.263507 1.694970
 101.600000 2.072339 2.283397 0.347908
 101.800000 2.044656 2.245312 1.515857
 102.000000 2.121589 2.320621 1.705836
 102.200000 2.086900 2.242854 0.368024
 102.400000 2.124069 2.187743 3.735783
 102.600000 2.070129 2.277744 0.333280
 102.800000 2.136569 2.357121 4.778355
 103.000000 2.099491 2.289746 0.229685
 103.200000 2.067853 2.328342 2.117266
 103.400000 2.062995 2.255509 0.583018
 103.600000 2.019163 2.328911 4.628892
 103.800000 2.075946 2.359534 4.274913
 104.000000 2.128727 2.314204 1.614306
 104.200000 2.107823 2.350999 3.457954
 104.400000 2.092572 2.271258 0.004375
 104.600000 2.034786 2.390702 9.191021
 104.800000 1.962655 2.359875 12.813459
 105.000000 2.038704 2.386972 8.517969
 105.200000 2.096970 2.323083 1.469677
 105.400000 2.118058 2.298371 0.713416
 105.600000 2.211537 2.285491 6.998243
 105.800000 2.147754 2.294540 1.751542
 106.000000 2.182330 2.256766 3.940225
 106.200000 2.127133 2.262241 0.558233
 106.400000 2.025229 2.336862 4.699448
 106.600000 2.074593 2.288868 0.394854
 106.800000 2.059793 2.294154 0.916831
 107.000000 2.181466 2.294465 4.116706
 107.200000 2.197247 2.254228 5.397346
 107.400000 2.108782 2.223677 1.127309
 107.600000 2.168301 2.218845 3.985184
 107.800000 2.088328 2.253799 0.132844
 108.000000 2.090648 2.302994 0.587251
 108.200000 2.094623 2.223613 1.026774
 108.400000 2.079572 2.209557 1.872320
 108.600000 2.111859 2.190078 3.261147
 108.800000 2.101982 2.291138 0.275421
 109.000000 2.007685 2.215032 5.211731
 109.200000 2.010039 2.284715 3.682591
 109.400000 2.151189 2.344564 4.473171
 109.600000 2.120316 2.263766 0.349279
 109.800000 2.085007 2.260753 0.077480
 110.000000 1.980440 2.215265 7.932743
 110.200000 2.090556 2.200304 2.361991
 110.400000 2.118425 2.236981 0.799018
 110.600000 2.073975 2.335943 2.453972
 110.800000 2.172611 2.268604 3.058912
 111.000000 2.008316 2.355032 7.411721
 111.200000 2.024731 2.322934 3.884882
 111.400000 2.160382 2.320890 3.527186
 111.600000 2.086007 2.368933 5.035649
 111.800000 2.076384 2.377530 6.059397
 112.000000 2.122644 2.326056 2.030783
 112.200000 2.056116 2.316686 1.873052
 112.400000 2.057340 2.316761 1.830550
 112.600000 2.035405 2.373372 7.194176
 112.800000 2.149043 2.353231 5.046685
 113.000000 2.173781 2.319517 4.430635
 113.200000 2.059864 2.364826 5.194358
 113.400000 2.011200 2.238507 3.923452
 113.600000 1.943213 2.255765 11.514654
 113.800000 2.078330 2.262594 0.149102
 114.000000 2.199773 2.292819 5.837608
 114.200000 2.177153 2.236772 3.941484
 114.400000 2.186703 2.289191 4.465635
 114.600000 2.085779 2.237396 0.534251
 114.800000 2.064778 2.325939 2.063715
 115.000000 2.076743 2.304956 0.804788
 115.200000 2.013492 2.295668 3.630159
 115.400000 2.028552 2.252563 2.301595
 115.600000 2.058877 2.230413 1.372469
 115.800000 2.043065 2.156186 7.672753
 116.000000 2.140907 2.197876 3.605860
 116.200000 2.161895 2.263950 2.290539
 116.400000 2.103766 2.345990 3.013186
 116.600000 2.097718 2.297565 0.415547
 116.800000 2.050162 2.340996 3.575178
 117.000000 1.970222 2.305350 8.372778
 117.200000 2.039868 2.290173 1.712266
 117.400000 2.113384 2.347802 3.290869
 117.600000 2.126882 2.380881 6.794491
 117.800000 2.075111 2.270267 0.186831
 118.000000 1.997448 2.341928 7.363845
 118.200000 2.044147 2.234429 1.857518
 118.400000 2.104415 2.322270 1.472874
 118.600000 2.195520 2.300203 5.602195
 118.800000 2.207875 2.199613 8.841173
 119.000000 2.117713 2.259810 0.313428
 119.200000 2.107301 2.321393 1.459574
 119.400000 1.991992 2.272788 5.250669
 119.600000 2.065914 2.271207 0.408195
 119.800000 2.130816 2.237636 1.152841
 120.000000 2.006762 2.256860 3.912576
 120.200000 2.089387 2.223215 1.057369
 120.400000 2.082871 2.292780 0.350858
 120.600000 2.009114 2.241950 4.000310
 120.800000 2.100064 2.376696 5.823058
 121.000000 2.054145 2.312961 1.779502
 121.200000 2.051166 2.272717 0.941548
 121.400000 2.081294 2.294674 0.417245
 121.600000 2.041613 2.247632 1.619742
 121.800000 2.086700 2.222100 1.126049
 122.000000 2.020263 2.299227 3.206807
 122.200000 2.094384 2.327272 1.702027
 122.400000 2.081792 2.271334 0.082308
 122.600000 2.073651 2.301911 0.759089
 122.800000 2.133304 2.271245 0.759634
 123.000000 2.130258 2.250798 0.807413
 123.200000 2.114278 2.274020 0.210623
 123.400000 2.180824 2.299625 4.206093
 123.600000 2.097573 2.393752 7.795612
 123.800000 2.055176 2.351447 4.173720
 124.000000 2.105069 2.399686 8.605781
 124.200000 2.050262 2.291140 1.220562
 124.400000 2.148402 2.266321 1.461790
 124.600000 2.137441 2.319083 2.184243
 124.800000 2.072013 2.230458 0.990448
 125.000000 2.105182 2.227540 0.914658
 125.200000 2.079343 2.307384 0.852727
 125.400000 2.121230 2.289156 0.564634
 125.600000 2.042280 2.206584 3.301377
 125.800000 1.970031 2.224770 8.708132
 126.000000 2.088927 2.234041 0.623510
 126.200000 2.037939 2.260976 1.625264
 126.400000 2.116112 2.303794 0.843625
 126.600000 2.070898 2.309211 1.087405
 126.800000 1.987370 2.269862 5.727649
 127.000000 2.075022 2.304761 0.829658
 127.200000 2.093281 2.298044 0.424484
 127.400000 2.067696 2.327585 2.076759
 127.600000 2.053448 2.320973 2.192655
 127.800000 2.079106 2.344486 2.971380
 128.000000 2.102042 2.280732 0.098907
 128.200000 2.097485 2.295421 0.355721
 128.400000 2.016818 2.247416 3.240448
 128.600000 2.084698 2.270835 0.048832
 128.800000 2.010687 2.250190 3.679051
 129.000000 2.050188 2.305988 1.663832
 129.200000 2.104673 2.308987 0.855188
 129.400000 2.047947 2.294866 1.415117
 129.600000 2.064771 2.274416 0.453852
 129.800000 2.154503 2.380057 7.981261
 130.000000 2.082844 2.329373 1.893542
 130.200000 2.151321 2.246367 1.874762
 130.400000 2.132132 2.283642 0.820287
 130.600000 2.157790 2.241897 2.374797
 130.800000 2.176138 2.248131 3.557242
 131.000000 1.994570 2.346717 8.008099
 131.200000 2.081673 2.290270 0.308663
 131.400000 2.134402 2.301043 1.315986
 131.600000 2.102927 2.313045 1.009568
 131.800000 2.107976 2.233467 0.720955
 132.000000 2.147341 2.239909 1.822718
 132.200000 2.137192 2.305744 1.593460
 132.400000 2.090954 2.309695 0.836876
 132.600000 1.962297 2.284012 8.838726
 132.800000 2.159348 2.338821 4.551960
 133.000000 2.146635 2.251715 1.512645
 133.200000 2.043577 2.238982 1.739625
 133.400000 2.216591 2.199290 9.890643
 133.600000 2.011487 2.237290 3.937332
 133.800000 2.074814 2.367564 5.056225
 134.000000 2.118801 2.388820 7.484867
 134.200000 2.017204 2.283047 3.078916
 134.400000 2.105564 2.374252 5.608991
 134.600000 2.147983 2.274441 1.451026
 134.800000 2.022240 2.205705 4.601748
 135.000000 2.146585 2.216286 2.747486
 135.200000 2.001637 2.245779 4.569993
 135.400000 2.038489 2.198791 4.022344
 135.600000 2.092473 2.328892 1.799702
 135.800000 2.075622 2.194716 2.929941
 136.000000 2.155509 2.242282 2.222421
 136.200000 2.081110 2.368242 5.019881
 136.400000 2.075526 2.292065 0.445666
 136.600000 2.191896 2.376142 10.500623
 136.800000 2.105555 2.352507 3.554976
 137.000000 2.070158 2.260456 0.329605
 137.200000 2.075886 2.251621 0.321046
 137.400000 2.106572 2.284567 0.196419
 137.600000 2.085427 2.230739 0.769428
 137.800000 2.051035 2.266809 0.942276
 138.000000 2.032389 2.264080 1.934109
 138.200000 2.055759 2.259250 0.793208
 138.400000 2.013981 2.317837 4.429258
 138.600000 2.188492 2.435944 18.374378
 138.800000 2.204857 2.331712 8.071757
 139.000000 2.061391 2.386407 7.445281
 139.200000 2.117958 2.281997 0.363000
 139.400000 2.128243 2.235830 1.120578
 139.600000 2.052924 2.289605 1.073701
 139.800000 2.159495 2.287052 2.283263
 140.000000 2.038043 2.286461 1.741500
 140.200000 2.097780 2.368136 4.926853
 140.400000 2.160178 2.269592 2.163888
 140.600000 2.111948 2.348363 3.309017
 140.800000 2.115295 2.307085 0.946399
 141.000000 2.095918 2.282666 0.095520
 141.200000 2.086261 2.340041 2.561610
 141.400000 2.175963 2.346072 6.302274
 141.600000 2.089329 2.263472 0.027719
 141.800000 2.151603 2.231767 2.326842
 142.000000 2.252381 2.280072 12.541872
 142.200000 2.140181 2.306162 1.741364
 142.400000 2.134478 2.303386 1.397019
 142.600000 2.100754 2.336702 2.316850
 142.800000 1.945974 2.324111 12.537037
 143.000000 2.049426 2.251261 1.167165
 143.200000 2.143496 2.300638 1.708201
 143.400000 2.240776 2.242080 11.074093
 143.600000 2.115345 2.239558 0.650752
 143.800000 2.111057 2.310976 1.022799
 144.000000 2.213320 2.319765 8.363728
 144.200000 2.117114 2.358845 4.300582
 144.400000 2.087371 2.290814 0.264159
 144.600000 2.158815 2.306793 2.791850
 144.800000 2.079362 2.312735 1.072525
 145.000000 2.111611 2.317457 1.325708
 145.200000 2.103858 2.331762 2.018822
 145.400000 2.094392 2.310094 0.847310
 145.600000 2.077154 2.311603 1.059199
 145.800000 2.075368 2.349850 3.455203
 146.000000 2.121101 2.352832 3.876535
 146.200000 2.152848 2.259481 1.752980
 146.400000 2.085666 2.299600 0.508476
 146.600000 2.116877 2.274152 0.266351
 146.800000 2.150876 2.336845 3.901402
 147.000000 2.097702 2.334965 2.185905
 147.200000 2.065556 2.312286 1.355781
 147.400000 2.147621 2.287323 1.585684
 147.600000 2.069955 2.304826 0.942995
 147.800000 2.117825 2.262964 0.292263
 148.000000 2.167766 2.223983 3.701657
 148.200000 2.140034 2.289646 1.256058
 148.400000 2.069411 2.309269 1.125818
 148.600000 1.975439 2.279248 7.128541
 148.800000 1.991515 2.323649 6.789294
 149.000000 2.091505 2.298405 0.438613
 149.200000 2.105088 2.257666 0.120584
 149.400000 2.138077 2.305599 1.626439
 149.600000 2.061200 2.283376 0.655331
 149.800000 2.095835 2.267685 0.001809
 150.000000 2.186412 2.313905 5.245066
 150.200000 2.142311 2.328714 2.935181
 150.400000 2.154919 2.317272 3.000152
 150.600000 2.062399 2.327668 2.237039
 150.800000 2.116721 2.277414 0.285235
 151.000000 2.209287 2.283813 6.710861
 151.200000 2.109811 2.305868 0.801111
 151.400000 2.197339 2.382368 11.733011
 151.600000 2.126291 2.325390 2.102694
 151.800000 2.042768 2.298165 1.760062
 152.000000 2.098249 2.205138 2.042033
 152.200000 2.096700 2.196388 2.633681
 152.400000 2.081917 2.166816 5.291249
 152.600000 2.138891 2.270281 0.990863
 152.800000 2.109867 2.278039 0.161198
 153.000000 2.086711 2.314624 1.073588
 153.200000 2.076109 2.287574 0.341040
 153.400000 2.117574 2.299393 0.732676
 153.600000 2.132113 2.257248 0.779508
 153.800000 2.081176 2.291411 0.340117
 154.000000 2.187196 2.205779 6.299894
 154.200000 2.148159 2.295566 1.800079
 154.400000 2.095344 2.312576 0.953023
 154.600000 2.095442 2.331227 1.941098
 154.800000 2.055723 2.284176 0.864028
 155.000000 2.074093 2.325936 1.831033
 155.200000 2.081624 2.353058 3.620493
 155.400000 2.098807 2.197563 2.556189
 155.600000 2.126784 2.229341 1.308088
 155.800000 2.119365 2.232212 0.985775
 156.000000 2.094645 2.245069 0.284655
 156.200000 2.159023 2.289699 2.304088
 156.400000 2.116661 2.308109 1.015465
 156.600000 2.103523 2.299295 0.502723
 156.800000 2.108376 2.276214 0.124278
 157.000000 2.148317 2.227352 2.318068
 157.200000 2.109759 2.230025 0.874740
 157.400000 2.081962 2.318228 1.292558
 157.600000 2.065367 2.393569 8.189040
 157.800000 2.030701 2.275501 2.050042
 158.000000 2.085535 2.316943 1.191958
 158.200000 2.162991 2.251521 2.504218
 158.400000 2.161818 2.190691 5.333426
 158.600000 2.087025 2.256179 0.108425
 158.800000 2.103088 2.261471 0.065589
 159.000000 2.118875 2.279529 0.355835
 159.200000 2.088256 2.376319 5.785293
 159.400000 2.164665 2.335899 4.711544
 159.600000 2.139335 2.308731 1.801923
 159.800000 2.121033 2.374003 5.875179
 160.000000 2.074674 2.261903 0.219127
 160.200000 2.070741 2.266894 0.281835
 160.400000 2.093441 2.221919 1.105403
 160.600000 2.112737 2.277764 0.207260
 160.800000 2.100468 2.269615 0.018677
 161.000000 2.007926 2.324585 5.287303
 161.200000 2.102866 2.323838 1.543424
 161.400000 2.110828 2.312994 1.105945
 161.600000 2.181288 2.334796 5.944445
 161.800000 2.165801 2.420140 13.982019
 162.000000 2.048404 2.300308 1.549921
 162.200000 2.117067 2.345458 3.185405
 162.400000 2.058209 2.319560 1.936527
 162.600000 2.167368 2.294011 2.977117
 162.800000 2.103005 2.309840 0.873974
 163.000000 1.987222 2.257807 5.804849
 163.200000 2.086559 2.192710 2.935299
 163.400000 2.073977 2.309117 1.016038
 163.600000 2.091471 2.363386 4.465454
 163.800000 1.999203 2.362748 8.931838
 164.000000 2.003716 2.265418 4.117478
 164.200000 2.068111 2.302937 0.923734
 164.400000 2.102640 2.170640 4.864228
 164.600000 2.172997 2.298743 3.533614
 164.800000 2.162859 2.209599 4.103654
 165.000000 1.971279 2.180774 11.464334
 165.200000 2.082797 2.334337 2.206413
 165.400000 2.149838 2.321061 2.895881
 165.600000 1.990051 2.202586 7.644482
 165.800000 2.095958 2.343810 2.804872
 166.000000 2.116120 2.286504 0.390436
 166.200000 2.021936 2.231156 3.338523
 166.400000 2.075444 2.322363 1.607232
 166.600000 2.140161 2.311778 1.965323
 166.800000 2.099936 2.287756 0.192605
 167.000000 2.034848 2.297324 2.176097
 167.200000 2.118370 2.402148 9.161156
 167.400000 2.215671 2.248924 7.553956
 167.600000 2.101780 2.307372 0.766219
 167.800000 2.052290 2.282597 0.979850
 168.000000 2.060693 2.284292 0.685941
 168.200000 2.049820 2.288282 1.180756
 168.400000 2.108434 2.333346 2.173363
 168.600000 2.152776 2.307157 2.434883
 168.800000 2.119957 2.292319 0.600286
 169.000000 2.102079 2.302103 0.579821
 169.200000 2.087098 2.360535 4.222575
 169.400000 2.127711 2.282944 0.653203
 169.600000 2.071480 2.352029 3.715404
 169.800000 2.111159 2.297961 0.561964
 170.000000 2.108130 2.340728 2.671914
 170.200000 2.101462 2.377173 5.883488
 170.400000 2.106819 2.383604 6.652517
 170.600000 2.113036 2.361197 4.430552
 170.800000 2.109738 2.397213 8.346182
 171.000000 2.044202 2.383378 7.809031
 171.200000 2.038313 2.358958 5.625292
 171.400000 2.107231 2.370112 5.201503
 171.600000 2.071005 2.306894 0.994251
 171.800000 2.124892 2.332267 2.470948
 172.000000 2.136051 2.248875 1.068659
 172.200000 2.112340 2.315469 1.244041
 172.400000 2.168311 2.204791 4.788497
 172.600000 2.114468 2.282170 0.289135
 172.800000 2.069949 2.338163 2.695557
 173.000000 2.111421 2.304595 0.781015
 173.200000 2.091282 2.305133 0.660228
 173.400000 2.073064 2.332201 2.229266
 173.600000 2.134039 2.311818 1.705574
 173.800000 2.138853 2.275004 1.006729
 174.000000 2.095962 2.230821 0.727293
 174.200000 2.126277 2.258842 0.559094
 174.400000 2.099418 2.247837 0.235020
 174.600000 2.058126 2.257202 0.726465
 174.800000 2.010009 2.211869 5.188392
 175.000000 2.009569 2.233466 4.226485
 175.200000 2.051655 2.288016 1.095542
 175.400000 2.068134 2.329796 2.197270
 175.600000 1.994131 2.252116 5.167802
 175.800000 2.022223 2.304049 3.221127
 176.000000 2.133850 2.254562 0.881522
 176.200000 2.229109 2.288318 9.261968
 176.400000 2.227904 2.307301 9.648516
 176.600000 2.153555 2.220526 2.921322
 176.800000 2.082442 2.229466 0.850075
 177.000000 2.154812 2.269993 1.825651
 177.200000 2.105150 2.287287 0.226349
 177.400000 2.069706 2.293612 0.609422
 177.600000 2.043339 2.321364 2.678133
 177.800000 2.051215 2.302731 1.503579
 178.000000 2.118927 2.314202 1.325789
 178.200000 2.163257 2.402010 11.226321
 178.400000 2.191330 2.307871 5.456481
 178.600000 2.122072 2.307008 1.108045
 178.800000 2.065573 2.315234 1.487455
 179.000000 2.138435 2.287814 1.148068
 179.200000 2.116457 2.283353 0.347399
 179.400000 2.123892 2.306499 1.140836
 179.600000 2.070973 2.231494 0.974951
 179.800000 2.025498 2.209746 4.124630
 180.000000 2.076294 2.307586 0.911027
 180.200000 2.042521 2.264149 1.356886
 180.400000 2.027302 2.242381 2.603147
 180.600000 2.055563 2.262813 0.772648
 180.800000 1.993850 2.214053 6.560299
 181.000000 1.937681 2.281040 12.353008
 181.200000 2.007581 2.335392 5.977050
 181.400000 2.071574 2.200736 2.585505
 181.600000 2.019684 2.330612 4.693350
 181.800000 2.047849 2.283943 1.196017
 182.000000 2.042909 2.309870 2.163555
 182.200000 2.127316 2.287813 0.720229
 182.400000 2.043914 2.266634 1.276804
 182.600000 2.156146 2.233687 2.527534
 182.800000 2.083778 2.299667 0.528796
 183.000000 2.085710 2.341046 2.638209
 183.200000 2.140863 2.299535 1.548048
 183.400000 2.076817 2.219619 1.370198
 183.600000 2.139658 2.296037 1.391811
 183.800000 2.266222 2.213250 16.312198
 184.000000 2.098316 2.220234 1.193229
 184.200000 2.066319 2.295731 0.753348
 184.400000 1.971887 2.312167 8.438943
 184.600000 2.014736 2.182012 6.949992
 184.800000 2.099050 2.367718 4.890592
 185.000000 2.085892 2.284502 0.157426
 185.200000 2.095392 2.309106 0.807650
 185.400000 2.055791 2.260081 0.784284
 185.600000 2.076726 2.363727 4.649542
 185.800000 2.105276 2.253521 0.177886
 186.000000 2.095945 2.361104 4.249450
 186.200000 2.067587 2.280982 0.431979
 186.400000 2.102267 2.252508 0.165797
 186.600000 2.206304 2.339425 8.746793
 186.800000 2.162304 2.322941 3.764498
 187.000000 2.148224 2.251713 1.596958
 187.200000 2.112185 2.317648 1.345059
 187.400000 2.168637 2.272520 2.762350
 187.600000 2.129164 2.302787 1.177678
 187.800000 2.130518 2.314084 1.671974
 188.000000 2.049575 2.264071 1.016225
 188.200000 2.024479 2.274444 2.459333
 188.400000 2.061255 2.307752 1.302802
 188.600000 2.142820 2.349502 4.418615
 188.800000 1.966646 2.251817 8.306371
 189.000000 1.950278 2.244424 10.685099
 189.200000 2.044878 2.306577 1.934659
 189.400000 2.097039 2.231300 0.711443
 189.600000 2.116965 2.319116 1.514103
 189.800000 2.110789 2.301593 0.667893
 190.000000 2.035302 2.225628 2.683419
 190.200000 2.081745 2.338217 2.480473
 190.400000 2.241514 2.199770 13.213454
 190.600000 2.293999 2.230144 20.672968
 190.800000 2.150277 2.263752 1.574767
 191.000000 2.117102 2.223969 1.268456
 191.200000 2.052345 2.286962 1.046703
 191.400000 2.013189 2.263514 3.311908
 191.600000 2.024867 2.224223 3.416333
 191.800000 2.061759 2.251383 0.686464
 192.000000 2.070670 2.290175 0.507145
 192.200000 2.072698 2.288004 0.417317
 192.400000 2.108117 2.223866 1.109419
 192.600000 2.136466 2.278415 0.929991
 192.800000 2.115243 2.215335 1.653432
 193.000000 2.133457 2.288788 0.960135
 193.200000 2.083192 2.294606 0.392435
 193.400000 1.999560 2.324590 6.045970
 193.600000 2.102907 2.303266 0.625766
 193.800000 2.081448 2.261014 0.115133
 194.000000 2.077732 2.326580 1.800692
 194.200000 1.990059 2.280035 5.504704
 194.400000 1.994315 2.290896 5.249281
 194.600000 2.068776 2.302930 0.906244
 194.800000 2.056954 2.272015 0.705685
 195.000000 2.120129 2.306962 1.054416
 195.200000 2.143193 2.272451 1.196806
 195.400000 2.038966 2.242299 1.890757
 195.600000 2.074730 2.287510 0.366018
 195.800000 2.132909 2.262688 0.761134
 196.000000 2.124501 2.275884 0.477369
 196.200000 2.120349 2.270841 0.338628
 196.400000 2.016498 2.264912 3.042040
 196.600000 1.948507 2.257669 10.705112
 196.800000 2.110562 2.253341 0.252163
 197.000000 2.140768 2.308566 1.860809
 197.200000 2.119514 2.262837 0.334019
 197.400000 2.088171 2.247962 0.239159
 197.600000 2.068977 2.253846 0.436772
 197.800000 2.104952 2.339931 2.576419
 198.000000 2.104567 2.340959 2.645946
 198.200000 2.096752 2.330064 1.871600
 198.400000 2.126852 2.327687 2.253039
 198.600000 2.062004 2.270647 0.526059
 198.800000 2.095982 2.299137 0.457535
 199.000000 2.043303 2.329230 3.123360
 199.200000 2.045048 2.287647 1.392784
 199.400000 2.068079 2.415012 11.016514
 199.600000 2.020489 2.248157 2.946794
 199.800000 2.082290 2.320029 1.378921
 200.000000 2.112383 2.230857 0.886488
