#! FIELDS time phi psi restraint.bias
#! SET min_phi -pi
#! SET max_phi pi
#! SET min_psi -pi
#! SET max_psi pi
 0.000000 2.988535 2.709011 72.792557
 0.200000 2.821905 2.667114 21.996363
 0.400000 2.706767 2.657175 4.707917
 0.600000 2.730040 2.696029 9.321939
 0.800000 2.771096 2.586516 12.215508
 1.000000 2.761191 2.546896 12.780206
 1.200000 2.713035 2.624871 4.540013
 1.400000 2.700760 2.649762 3.929725
 1.600000 2.659601 2.640216 1.112494
 1.800000 2.740710 2.609224 7.568023
 2.000000 2.719349 2.638687 5.350504
 2.200000 2.651139 2.635710 0.706228
 2.400000 2.609026 2.616166 0.041881
 2.600000 2.512285 2.596130 5.826179
 2.800000 2.615003 2.609706 0.038815
 3.000000 2.680560 2.656414 2.695321
 3.200000 2.624352 2.657108 0.785171
 3.400000 2.631606 2.563628 1.570460
 3.600000 2.744289 2.627354 8.019090
 3.800000 2.703801 2.641920 3.967640
 4.000000 2.696035 2.574847 3.976043
 4.200000 2.695628 2.623366 3.027965
 4.400000 2.627796 2.624027 0.066240
 4.600000 2.710244 2.591242 4.612864
 4.800000 2.720709 2.570900 6.384150
 5.000000 2.729167 2.604961 6.264640
 5.200000 2.677630 2.626960 1.818447
 5.400000 2.671991 2.609678 1.492406
 5.600000 2.643744 2.643365 0.653393
 5.800000 2.654090 2.575462 1.555920
 6.000000 2.743897 2.560018 9.606434
 6.200000 2.716313 2.669781 6.174240
 6.400000 2.675054 2.678932 3.484648
 6.600000 2.629417 2.600534 0.217666
 6.800000 2.724640 2.670398 7.059762
 7.000000 2.804799 2.660934 18.369898
 7.200000 2.713881 2.570048 5.746614
 7.400000 2.711290 2.591894 4.692660
 7.600000 2.764164 2.652554 11.280128
 7.800000 2.670270 2.686054 3.682503
 8.000000 2.727967 2.591096 6.408756
 8.200000 2.753374 2.619053 9.164437
 8.400000 2.738411 2.721603 12.617499
 8.600000 2.740275 2.655068 8.163567
 8.800000 2.695447 2.633386 3.117920
 9.000000 2.699063 2.657619 4.071166
 9.200000 2.746964 2.578145 9.110610
 9.400000 2.693302 2.650426 3.361620
 9.600000 2.634765 2.689735 2.714069
 9.800000 2.716722 2.628086 4.924585
 10.000000 2.664007 2.618944 1.059034
 10.200000 2.658671 2.584916 1.374381
 10.400000 2.666128 2.655388 1.857607
 10.600000 2.654725 2.669105 1.980756
 10.800000 2.639705 2.596475 0.467217
 11.000000 2.683916 2.664492 3.253875
 11.200000 2.685250 2.611329 2.283900
 11.400000 2.667407 2.578613 1.996265
 11.600000 2.671732 2.617875 1.443877
 11.800000 2.641081 2.710304 4.527074
 12.000000 2.638082 2.579758 0.932762
 12.200000 2.696020 2.587150 3.519688
 12.400000 2.734373 2.729573 12.997004
 12.600000 2.662471 2.597500 1.199122
 12.800000 2.650327 2.582870 1.139558
 13.000000 2.680193 2.632288 2.036523
 13.200000 2.642112 2.705005 4.076296
 13.400000 2.678340 2.618752 1.821115
 13.600000 2.712705 2.591034 4.848539
 13.800000 2.768800 2.643920 11.707269
 14.000000 2.665978 2.574040 2.117234
 14.200000 2.577263 2.600299 0.986078
 14.400000 2.621925 2.724320 5.660308
 14.600000 2.760002 2.656767 10.834872
 14.800000 2.697220 2.572976 4.151675
 15.000000 2.625621 2.572813 1.049730
 15.200000 2.667623 2.687599 3.653996
 15.400000 2.605118 2.663371 1.112426
 15.600000 2.673298 2.596151 1.767843
 15.800000 2.656398 2.572526 1.771073
 16.000000 2.776184 2.620226 12.514562
 16.200000 2.740839 2.672747 9.044435
 16.400000 2.735773 2.704300 10.660358
 16.600000 2.701990 2.681851 5.566497
 16.800000 2.775686 2.696300 15.499333
 17.000000 2.685920 2.584715 2.860737
 17.200000 2.695560 2.594204 3.291225
 17.400000 2.702295 2.676618 5.271698
 17.600000 2.667252 2.672022 2.672706
 17.800000 2.722952 2.657764 6.298946
 18.000000 2.724382 2.596995 5.879668
 18.200000 2.649742 2.597111 0.722005
 18.400000 2.615013 2.592974 0.317442
 18.600000 2.618111 2.607335 0.056815
 18.800000 2.672982 2.687363 3.917898
 19.000000 2.671077 2.655699 2.119771
 19.200000 2.669429 2.622640 1.333576
 19.400000 2.618079 2.677177 1.751341
 19.600000 2.711728 2.679838 6.305376
 19.800000 2.670194 2.628490 1.417525
 20.000000 2.654043 2.562876 2.168782
 20.200000 2.636705 2.581014 0.858785
 20.400000 2.706077 2.663348 4.907864
 20.600000 2.670151 2.713190 5.891298
 20.800000 2.602450 2.683632 2.274995
 21.000000 2.644991 2.591794 0.707640
 21.200000 2.686935 2.596306 2.611642
 21.400000 2.665734 2.655557 1.845050
 21.600000 2.573400 2.584761 1.546515
 21.800000 2.658320 2.582707 1.435708
 22.000000 2.702679 2.623158 3.599136
 22.200000 2.696292 2.659560 3.929158
 22.400000 2.639180 2.588493 0.659562
 22.600000 2.671785 2.581548 2.110893
 22.800000 2.646201 2.605990 0.469854
 23.000000 2.737935 2.606128 7.263308
 23.200000 2.785047 2.626762 13.991838
 23.400000 2.762046 2.688313 12.847903
 23.600000 2.748506 2.677234 10.271382
 23.800000 2.782981 2.707615 17.626384
 24.000000 2.704618 2.577592 4.568034
 24.200000 2.727208 2.554250 7.995468
 24.400000 2.771083 2.605333 11.798237
 24.600000 2.802030 2.607272 16.992176
 24.800000 2.754817 2.590989 9.724945
 25.000000 2.694691 2.636609 3.114481
 25.200000 2.725071 2.689534 8.291758
 25.400000 2.731732 2.662143 7.442711
 25.600000 2.709199 2.569751 5.322848
 25.800000 2.695945 2.663397 4.068879
 26.000000 2.647361 2.645210 0.801578
 26.200000 2.605934 2.604840 0.159237
 26.400000 2.634336 2.642053 0.422945
 26.600000 2.599419 2.618561 0.172681
 26.800000 2.581509 2.598345 0.858598
 27.000000 2.624623 2.733322 6.672291
 27.200000 2.574569 2.726427 6.821690
 27.400000 2.633118 2.588392 0.552489
 27.600000 2.738516 2.640556 7.517275
 27.800000 2.663549 2.682318 3.106412
 28.000000 2.592881 2.678605 2.152166
 28.200000 2.635039 2.568200 1.385005
 28.400000 2.661033 2.698861 4.195952
 28.600000 2.705120 2.662113 4.768678
 28.800000 2.661255 2.551751 3.129797
 29.000000 2.704428 2.617257 3.735659
 29.200000 2.764586 2.630403 10.821567
 29.400000 2.744497 2.611892 8.020199
 29.600000 2.731784 2.584112 7.048121
 29.800000 2.756627 2.665129 10.720484
 30.000000 2.703255 2.646896 4.052424
 30.200000 2.664796 2.582135 1.738144
 30.400000 2.773290 2.640381 12.308976
 30.600000 2.725466 2.612948 5.787881
 30.800000 2.653129 2.624743 0.639997
 31.000000 2.674724 2.639092 1.831751
 31.200000 2.679080 2.669022 3.167663
 31.400000 2.724884 2.616976 5.713313
 31.600000 2.742987 2.636825 7.988977
 31.800000 2.644367 2.615292 0.351415
 32.000000 2.628110 2.629056 0.112359
 32.200000 2.743704 2.645267 8.273448
 32.400000 2.723570 2.686216 7.900359
 32.600000 2.692909 2.589146 3.222233
 32.800000 2.773964 2.665564 13.294844
 33.000000 2.675070 2.677283 3.386461
 33.200000 2.654607 2.608669 0.713743
 33.400000 2.677981 2.597704 2.005052
 33.600000 2.752568 2.591309 9.411183
 33.800000 2.686532 2.625527 2.377138
 34.000000 2.628433 2.635992 0.216465
 34.200000 2.563505 2.567946 2.736914
 34.400000 2.633096 2.739197 7.459114
 34.600000 2.628750 2.691096 2.729783
 34.800000 2.626564 2.547693 2.507849
 35.000000 2.725706 2.539756 8.861498
 35.200000 2.690499 2.654260 3.286120
 35.400000 2.625500 2.674451 1.621883
 35.600000 2.585143 2.587144 1.015446
 35.800000 2.719150 2.639448 5.346408
 36.000000 2.777261 2.655375 13.381719
 36.200000 2.681650 2.609196 2.064771
 36.400000 2.670320 2.696650 4.462408
 36.600000 2.633394 2.721177 5.441987
 36.800000 2.712628 2.652060 5.058065
 37.000000 2.705658 2.543701 6.602196
 37.200000 2.688702 2.618252 2.499857
 37.400000 2.685625 2.682135 4.344050
 37.600000 2.688575 2.676544 4.204904
 37.800000 2.650613 2.601236 0.672403
 38.000000 2.679502 2.589699 2.291899
 38.200000 2.748213 2.582448 9.110238
 38.400000 2.752862 2.618507 9.094805
 38.600000 2.707318 2.663133 5.008218
 38.800000 2.677672 2.684061 3.963183
 39.000000 2.735074 2.656643 7.600778
 39.200000 2.741325 2.605503 7.683330
 39.400000 2.743572 2.587057 8.363436
 39.600000 2.738560 2.662399 8.254033
 39.800000 2.658633 2.715584 5.587679
 40.000000 2.616096 2.624537 0.023205
 40.200000 2.712453 2.543141 7.262775
 40.400000 2.702292 2.645832 3.940543
 40.600000 2.703690 2.658944 4.510338
 40.800000 2.651275 2.607582 0.608015
 41.000000 2.686162 2.692776 5.119635
 41.200000 2.608240 2.594073 0.333665
 41.400000 2.713942 2.504015 11.098588
 41.600000 2.766705 2.674939 12.678832
 41.800000 2.720339 2.619691 5.238703
 42.000000 2.651433 2.609628 0.594066
 42.200000 2.610311 2.608439 0.075157
 42.400000 2.712899 2.643721 4.834401
 42.600000 2.774379 2.626045 12.260521
 42.800000 2.688279 2.619974 2.471980
 43.000000 2.645990 2.614691 0.397356
 43.200000 2.600602 2.591188 0.510518
 43.400000 2.798936 2.706379 20.276011
 43.600000 2.777906 2.636151 12.950820
 43.800000 2.652110 2.602530 0.701536
 44.000000 2.553770 2.575373 2.970601
 44.200000 2.744604 2.756450 17.600080
 44.400000 2.753707 2.724284 14.857780
 44.600000 2.675799 2.657274 2.442192
 44.800000 2.555321 2.566416 3.294113
 45.000000 2.691657 2.662018 3.682175
 45.200000 2.778617 2.681174 14.895817
 45.400000 2.694118 2.635443 3.049649
 45.600000 2.626720 2.643753 0.369848
 45.800000 2.610483 2.689450 2.581205
 46.000000 2.670295 2.670247 2.732914
 46.200000 2.631180 2.612242 0.103479
 46.400000 2.664108 2.627403 1.107501
 46.600000 2.701977 2.579362 4.272752
 46.800000 2.777916 2.642910 13.097921
 47.000000 2.584674 2.718175 5.573249
 47.200000 2.621435 2.674033 1.576110
 47.400000 2.639336 2.598692 0.414012
 47.600000 2.708507 2.664989 5.200559
 47.800000 2.654293 2.601310 0.797999
 48.000000 2.673763 2.598574 1.743655
 48.200000 2.645427 2.558619 2.139016
 48.400000 2.711574 2.618462 4.378696
 48.600000 2.640448 2.607470 0.307480
 48.800000 2.591314 2.593858 0.647190
 49.000000 2.630718 2.589549 0.485512
 49.200000 2.713014 2.727869 10.550652
 49.400000 2.656861 2.611728 0.774949
 49.600000 2.655847 2.523587 5.172748
 49.800000 2.719846 2.590851 5.555285
 50.000000 2.753393 2.659390 10.023213
 50.200000 2.652424 2.663473 1.626866
 50.400000 2.660449 2.671664 2.341472
 50.600000 2.734811 2.660571 7.729507
 50.800000 2.720427 2.636060 5.409462
 51.000000 2.788407 2.589003 14.940563
 51.200000 2.822879 2.589382 21.398342
 51.400000 2.771794 2.634215 11.958803
 51.600000 2.683367 2.652598 2.735530
 51.800000 2.697520 2.635972 3.323772
 52.000000 2.763474 2.667679 11.816624
 52.200000 2.763597 2.623311 10.614339
 52.400000 2.670163 2.644575 1.714112
 52.600000 2.608542 2.710796 4.350782
 52.800000 2.634682 2.586422 0.637654
 53.000000 2.742056 2.567007 8.995508
 53.200000 2.750988 2.674796 10.456924
 53.400000 2.741627 2.597396 7.854700
 53.600000 2.678824 2.695434 4.848603
 53.800000 2.634287 2.725646 5.927191
 54.000000 2.625439 2.644414 0.376736
 54.200000 2.759816 2.576635 10.912059
 54.400000 2.780042 2.623890 13.147252
 54.600000 2.701358 2.644311 3.821115
 54.800000 2.621325 2.648753 0.478597
 55.000000 2.675547 2.696252 4.718397
 55.200000 2.696331 2.699787 6.413455
 55.400000 2.755822 2.632950 9.610089
 55.600000 2.739276 2.569766 8.517603
 55.800000 2.752773 2.595590 9.333664
 56.000000 2.692592 2.681008 4.767828
 56.200000 2.746955 2.670289 9.682872
 56.400000 2.714765 2.578421 5.465322
 56.600000 2.687041 2.690120 4.984809
 56.800000 2.629273 2.704775 3.829078
 57.000000 2.682983 2.653865 2.755151
 57.200000 2.663974 2.626739 1.095345
 57.400000 2.751462 2.648461 9.371048
 57.600000 2.769594 2.634187 11.622457
 57.800000 2.692034 2.651735 3.310179
 58.000000 2.749069 2.662750 9.591927
 58.200000 2.684106 2.674422 3.777480
 58.400000 2.612444 2.627771 0.063195
 58.600000 2.711948 2.630321 4.489629
 58.800000 2.698800 2.599109 3.443147
 59.000000 2.674398 2.685616 3.877108
 59.200000 2.717867 2.583421 5.584971
 59.400000 2.720763 2.582118 5.924253
 59.600000 2.735051 2.720808 12.136529
 59.800000 2.739442 2.657756 8.165294
 60.000000 2.685080 2.615367 2.253746
 60.200000 2.720083 2.679750 7.118056
 60.400000 2.680232 2.645628 2.318651
 60.600000 2.680679 2.605606 2.041426
 60.800000 2.756124 2.612095 9.557428
 61.000000 2.683721 2.619259 2.160851
 61.200000 2.628275 2.587741 0.510456
 61.400000 2.696401 2.618007 3.073845
 61.600000 2.760037 2.574134 11.049896
 61.800000 2.744475 2.550297 10.290260
 62.000000 2.691253 2.645308 3.056468
 62.200000 2.749755 2.700976 12.123562
 62.400000 2.658489 2.613075 0.832025
 62.600000 2.672469 2.616142 1.485477
 62.800000 2.625912 2.622459 0.041318
 63.000000 2.682547 2.559546 3.791653
 63.200000 2.614745 2.640095 0.249504
 63.400000 2.652919 2.701374 4.086005
 63.600000 2.700684 2.596609 3.647513
 63.800000 2.786099 2.655333 14.826849
 64.000000 2.646561 2.569564 1.580760
 64.200000 2.659008 2.574136 1.802843
 64.400000 2.666962 2.677141 2.948121
 64.600000 2.723358 2.661818 6.511138
 64.800000 2.731421 2.634675 6.571981
 65.000000 2.634498 2.612673 0.150343
 65.200000 2.666379 2.703787 4.850809
 65.400000 2.702497 2.672482 5.054812
 65.600000 2.642427 2.591089 0.660423
 65.800000 2.661686 2.672758 2.454061
 66.000000 2.703557 2.658767 4.491693
 66.200000 2.677308 2.728234 7.835510
 66.400000 2.628359 2.678307 1.872555
 66.600000 2.683994 2.590504 2.555822
 66.800000 2.692038 2.663562 3.779493
 67.000000 2.732392 2.645641 6.925603
 67.200000 2.584595 2.569436 1.736694
 67.400000 2.628897 2.593651 0.355720
 67.600000 2.649855 2.634277 0.640154
 67.800000 2.735917 2.694295 9.863858
 68.000000 2.699064 2.666240 4.450020
 68.200000 2.667002 2.564082 2.654162
 68.400000 2.557151 2.504459 8.295963
 68.600000 2.681182 2.570206 3.138240
 68.800000 2.666150 2.564502 2.590165
 69.000000 2.659637 2.593480 1.167523
 69.200000 2.615352 2.707020 3.966280
 69.400000 2.734295 2.736199 13.749142
 69.600000 2.643751 2.605514 0.409593
 69.800000 2.662047 2.623158 0.983677
 70.000000 2.637204 2.638988 0.404881
 70.200000 2.773795 2.628068 12.187745
 70.400000 2.619016 2.638679 0.214453
 70.600000 2.713732 2.631114 4.668970
 70.800000 2.701843 2.594680 3.787081
 71.000000 2.650897 2.618060 0.541302
 71.200000 2.663115 2.677086 2.763877
 71.400000 2.778385 2.719271 17.991174
 71.600000 2.680858 2.588152 2.421238
 71.800000 2.725012 2.635904 5.886814
 72.000000 2.722283 2.605110 5.521082
 72.200000 2.728787 2.610173 6.168108
 72.400000 2.755368 2.624520 9.457055
 72.600000 2.708045 2.726289 9.918513
 72.800000 2.656102 2.702081 4.261423
 73.000000 2.724129 2.614121 5.639879
 73.200000 2.707998 2.580074 4.769301
 73.400000 2.702038 2.634499 3.667915
 73.600000 2.753161 2.644785 9.494016
 73.800000 2.710340 2.629333 4.328146
 74.000000 2.709361 2.735994 11.136011
 74.200000 2.663036 2.625023 1.039116
 74.400000 2.784380 2.592767 14.160406
 74.600000 2.700710 2.697099 6.549787
 74.800000 2.698230 2.649634 3.719452
 75.000000 2.669211 2.605747 1.386598
 75.200000 2.606111 2.571349 1.158458
 75.400000 2.704578 2.655375 4.447087
 75.600000 2.696664 2.661528 4.042083
 75.800000 2.659096 2.664095 1.907333
 76.000000 2.553666 2.592367 2.397437
 76.200000 2.620951 2.651846 0.577359
 76.400000 2.704578 2.595007 4.012602
 76.600000 2.644887 2.636868 0.539722
 76.800000 2.701160 2.674514 5.055587
 77.000000 2.683267 2.662918 3.139363
 77.200000 2.678347 2.634478 1.957098
 77.400000 2.581406 2.621961 0.677191
 77.600000 2.665243 2.573413 2.109961
 77.800000 2.726323 2.546976 8.389329
 78.000000 2.685112 2.534338 5.751589
 78.200000 2.652574 2.616052 0.599774
 78.400000 2.606634 2.607474 0.119852
 78.600000 2.659838 2.654787 1.552367
 78.800000 2.610823 2.677791 1.813555
 79.000000 2.733241 2.627701 6.688008
 79.200000 2.705542 2.624958 3.856542
 79.400000 2.592498 2.659569 1.189244
 79.600000 2.605284 2.666015 1.233771
 79.800000 2.683506 2.620078 2.148068
 80.000000 2.713460 2.632612 4.663767
 80.200000 2.635712 2.533996 3.684771
 80.400000 2.651390 2.642249 0.851813
 80.600000 2.670789 2.669072 2.698170
 80.800000 2.708688 2.600059 4.273591
 81.000000 2.628073 2.600524 0.203401
 81.200000 2.672200 2.648881 1.946168
 81.400000 2.714888 2.699030 7.977690
 81.600000 2.616482 2.636895 0.179765
 81.800000 2.674224 2.657424 2.358302
 82.000000 2.778615 2.572987 13.912395
 82.200000 2.723148 2.513909 10.945509
 82.400000 2.690003 2.597597 2.800694
 82.600000 2.656577 2.652241 1.330783
 82.800000 2.677069 2.626694 1.782804
 83.000000 2.727852 2.575427 6.940306
 83.200000 2.725511 2.596006 6.021716
 83.400000 2.698467 2.647786 3.681732
 83.600000 2.653176 2.633736 0.742808
 83.800000 2.561052 2.631461 1.711860
 84.000000 2.648861 2.635292 0.626008
 84.200000 2.677454 2.617674 1.767820
 84.400000 2.664089 2.660284 1.956615
 84.600000 2.606157 2.602437 0.191060
 84.800000 2.668390 2.660628 2.178695
 85.000000 2.681951 2.668693 3.330407
 85.200000 2.744432 2.559515 9.703179
 85.400000 2.787519 2.609088 14.409122
 85.600000 2.764105 2.664519 11.756498
 85.800000 2.664148 2.637040 1.246466
 86.000000 2.607839 2.679254 1.927985
 86.200000 2.692957 2.624242 2.829225
 86.400000 2.697974 2.610658 3.225322
 86.600000 2.706633 2.656024 4.651634
 86.800000 2.646981 2.601645 0.553766
 87.000000 2.672084 2.635463 1.615460
 87.200000 2.652260 2.637979 0.786772
 87.400000 2.762946 2.634605 10.643499
 87.600000 2.641915 2.672630 1.778666
 87.800000 2.728189 2.751387 14.968412
 88.000000 2.606032 2.596266 0.307587
 88.200000 2.695601 2.661083 3.939777
 88.400000 2.654383 2.670273 2.028649
 88.600000 2.747165 2.700197 11.721254
 88.800000 2.672247 2.640108 1.716200
 89.000000 2.676009 2.672106 3.146957
 89.200000 2.644539 2.603777 0.453376
 89.400000 2.679583 2.594857 2.164239
 89.600000 2.716796 2.653436 5.508986
 89.800000 2.742362 2.597403 7.945707
 90.000000 2.679154 2.628440 1.924843
 90.200000 2.760784 2.597598 10.402544
 90.400000 2.708497 2.564709 5.515073
 90.600000 2.711805 2.589145 4.816399
 90.800000 2.669990 2.584879 1.900100
 91.000000 2.712261 2.574738 5.378680
 91.200000 2.662003 2.709508 5.155792
 91.400000 2.661894 2.672026 2.423363
 91.600000 2.693142 2.579097 3.580090
 91.800000 2.771069 2.658405 12.532475
 92.000000 2.743592 2.702771 11.480999
 92.200000 2.672541 2.575305 2.398876
 92.400000 2.696428 2.599168 3.253192
 92.600000 2.739081 2.695594 10.341970
 92.800000 2.708133 2.672916 5.570722
 93.000000 2.665268 2.667578 2.346685
 93.200000 2.727798 2.623850 6.045639
 93.400000 2.714720 2.607478 4.733285
 93.600000 2.762438 2.657199 11.200575
 93.800000 2.663683 2.584938 1.590059
 94.000000 2.674518 2.597917 1.799032
 94.200000 2.667743 2.625581 1.266252
 94.400000 2.708389 2.666538 5.263946
 94.600000 2.623326 2.670502 1.392751
 94.800000 2.643111 2.655257 1.009723
 95.000000 2.590173 2.626621 0.424213
 95.200000 2.676200 2.661359 2.634257
 95.400000 2.663900 2.492336 8.948695
 95.600000 2.778611 2.519218 17.777161
 95.800000 2.744886 2.712321 12.499599
 96.000000 2.667522 2.695164 4.204135
 96.200000 2.635457 2.621579 0.158908
 96.400000 2.715705 2.649446 5.268387
 96.600000 2.689074 2.615501 2.529293
 96.800000 2.664791 2.622770 1.106372
 97.000000 2.697679 2.613165 3.186482
 97.200000 2.652621 2.640706 0.857431
 97.400000 2.616336 2.659977 0.882666
 97.600000 2.642871 2.634883 0.452058
 97.800000 2.661416 2.631182 1.029711
 98.000000 2.654185 2.660307 1.550121
 98.200000 2.597239 2.567847 1.472767
 98.400000 2.616817 2.600089 0.160992
 98.600000 2.605895 2.602603 0.191634
 98.800000 2.702913 2.623695 3.621856
 99.000000 2.685950 2.701154 5.766872
 99.200000 2.631892 2.637383 0.284544
 99.400000 2.691229 2.608291 2.728798
 99.600000 2.760075 2.615080 10.097797
 99.800000 2.760033 2.636418 10.257314
 100.000000 2.674340 2.562293 3.138731
 100.200000 2.644986 2.608537 0.408997
 100.400000 2.608931 2.674212 1.621326
 100.600000 2.667082 2.631710 1.298871
 100.800000 2.704907 2.655434 4.477865
 101.000000 2.714293 2.579624 5.372921
 101.200000 2.685297 2.575930 3.149550
 101.400000 2.676770 2.633041 1.840520
 101.600000 2.695114 2.596469 3.205442
 101.800000 2.672217 2.684248 3.664844
 102.000000 2.630635 2.641140 0.347761
 102.200000 2.746276 2.630710 8.309066
 102.400000 2.694950 2.659485 3.821883
 102.600000 2.648950 2.656957 1.238228
 102.800000 2.678421 2.516856 6.940082
 103.000000 2.690271 2.580383 3.319320
 103.200000 2.747019 2.662351 9.307532
 103.400000 2.700412 2.631532 3.488034
 103.600000 2.672341 2.642504 1.777165
 103.800000 2.742370 2.649949 8.245203
 104.000000 2.750189 2.614468 8.744044
 104.200000 2.641462 2.550768 2.535034
 104.400000 2.648097 2.554350 2.478393
 104.600000 2.684684 2.583004 2.835966
 104.800000 2.727551 2.674412 7.592907
 105.000000 2.655641 2.717438 5.653233
 105.200000 2.722993 2.654150 6.166050
 105.400000 2.604448 2.548723 2.491009
 105.600000 2.688055 2.681717 4.484615
 105.800000 2.613392 2.601113 0.153081
 106.000000 2.742786 2.630706 7.867320
 106.200000 2.723427 2.577725 6.368860
 106.400000 2.724948 2.581589 6.382215
 106.600000 2.644837 2.677591 2.136184
 106.800000 2.720304 2.740312 12.714484
 107.000000 2.665478 2.683261 3.257254
 107.200000 2.648981 2.571410 1.565114
 107.400000 2.776523 2.575395 13.473043
 107.600000 2.627402 2.602519 0.163998
 107.800000 2.639530 2.665154 1.343929
 108.000000 2.694283 2.670696 4.298800
 108.200000 2.785315 2.665584 15.130645
 108.400000 2.799891 2.678018 18.344647
 108.600000 2.758824 2.643468 10.241018
 108.800000 2.715773 2.639229 5.005887
 109.000000 2.641956 2.608289 0.334190
 109.200000 2.619797 2.584460 0.563871
 109.400000 2.661678 2.607841 1.005685
 109.600000 2.752702 2.635183 9.220921
 109.800000 2.681484 2.687022 4.397978
 110.000000 2.683936 2.729079 8.344088
 110.200000 2.589463 2.722477 5.865348
 110.400000 2.694522 2.616560 2.929340
 110.600000 2.708115 2.527223 8.180594
 110.800000 2.609305 2.542249 2.906356
 111.000000 2.645309 2.662833 1.378322
 111.200000 2.658720 2.703688 4.501038
 111.400000 2.698004 2.701824 6.714550
 111.600000 2.524858 2.691073 7.007500
 111.800000 2.613719 2.625547 0.037659
 112.000000 2.663916 2.644524 1.406331
 112.200000 2.708942 2.697462 7.293410
 112.400000 2.710985 2.600432 4.477903
 112.600000 2.694925 2.758791 12.871070
 112.800000 2.613699 2.719945 5.206210
 113.000000 2.674755 2.734307 8.375260
 113.200000 2.660612 2.589311 1.319488
 113.400000 2.729298 2.618803 6.194626
 113.600000 2.662121 2.659702 1.843417
 113.800000 2.664958 2.604242 1.197364
 114.000000 2.586378 2.579741 1.231423
 114.200000 2.577758 2.656061 1.533998
 114.400000 2.660067 2.640202 1.131703
 114.600000 2.712807 2.667037 5.697445
 114.800000 2.647781 2.699987 3.805055
 115.000000 2.597230 2.617483 0.215709
 115.200000 2.689298 2.580326 3.251610
 115.400000 2.742166 2.564551 9.137373
 115.600000 2.652974 2.623385 0.626355
 115.800000 2.690152 2.681875 4.643772
 116.000000 2.645330 2.673513 1.914801
 116.200000 2.647271 2.670819 1.823788
 116.400000 2.726136 2.646920 6.265714
 116.600000 2.697870 2.606686 3.253999
 116.800000 2.619732 2.651662 0.568275
 117.000000 2.686798 2.650883 2.907844
 117.200000 2.759472 2.740071 17.459387
 117.400000 2.701465 2.702194 7.028523
 117.600000 2.718046 2.619411 5.006193
 117.800000 2.739269 2.639391 7.582728
 118.000000 2.666848 2.550746 3.454507
 118.200000 2.602290 2.579374 0.869038
 118.400000 2.694218 2.629375 2.969791
 118.600000 2.675105 2.681767 3.664388
 118.800000 2.725954 2.675842 7.500907
 119.000000 2.680672 2.622238 1.973301
 119.200000 2.693793 2.674289 4.457323
 119.400000 2.684201 2.604219 2.286585
 119.600000 2.789373 2.581187 15.362714
 119.800000 2.686298 2.650213 2.851783
 120.000000 2.702484 2.619868 3.571070
 120.200000 2.695230 2.664058 4.043653
 120.400000 2.637447 2.706217 4.080891
 120.600000 2.647292 2.664676 1.518775
 120.800000 2.678817 2.643579 2.177050
 121.000000 2.698846 2.539369 6.359543
 121.200000 2.691548 2.563938 4.166168
 121.400000 2.603400 2.624159 0.125494
 121.600000 2.597638 2.646591 0.616092
 121.800000 2.600771 2.665960 1.298715
 122.000000 2.764631 2.688205 13.216044
 122.200000 2.631585 2.513995 5.500265
 122.400000 2.672939 2.552875 3.629697
 122.600000 2.684291 2.651028 2.743266
 122.800000 2.734318 2.667349 7.983664
 123.000000 2.591100 2.626914 0.401413
 123.200000 2.672371 2.612887 1.491500
 123.400000 2.782743 2.669039 14.873876
 123.600000 2.733728 2.664825 7.793729
 123.800000 2.737750 2.692821 9.970284
 124.000000 2.665356 2.654338 1.782030
 124.200000 2.755879 2.609778 9.539959
 124.400000 2.824085 2.553721 23.302337
 124.600000 2.759575 2.642717 10.328158
 124.800000 2.636365 2.650470 0.696110
 125.000000 2.694423 2.712414 7.378353
 125.200000 2.699196 2.610074 3.328243
 125.400000 2.673625 2.591315 1.903296
 125.600000 2.598693 2.581514 0.851644
 125.800000 2.599956 2.608306 0.209615
 126.000000 2.669542 2.628260 1.381289
 126.200000 2.717016 2.636252 5.069403
 126.400000 2.600439 2.634681 0.293307
 126.600000 2.605990 2.661182 1.004663
 126.800000 2.660282 2.674749 2.504703
 127.000000 2.748301 2.617523 8.490071
 127.200000 2.775972 2.618305 12.478648
 127.400000 2.777589 2.625513 12.763571
 127.600000 2.623717 2.667928 1.263084
 127.800000 2.704015 2.749854 12.393320
 128.000000 2.685152 2.621974 2.263050
 128.200000 2.755325 2.635023 9.574948
 128.400000 2.680825 2.564605 3.399029
 128.600000 2.653171 2.583485 1.214145
 128.800000 2.647800 2.609421 0.480940
 129.000000 2.578704 2.656187 1.501212
 129.200000 2.607695 2.677602 1.829570
 129.400000 2.613956 2.610937 0.033048
 129.600000 2.593070 2.581804 0.965474
 129.800000 2.674764 2.625910 1.642756
 130.000000 2.692325 2.680192 4.696831
 130.200000 2.663631 2.621343 1.046961
 130.400000 2.659472 2.579741 1.591848
 130.600000 2.659448 2.623331 0.873478
 130.800000 2.625805 2.626212 0.064274
 131.000000 2.615229 2.563546 1.486115
 131.200000 2.672855 2.580537 2.206366
 131.400000 2.752353 2.616293 9.027567
 131.600000 2.599997 2.537851 3.373405
 131.800000 2.690095 2.559471 4.311741
 132.000000 2.639287 2.622296 0.235955
 132.200000 2.674584 2.767069 12.712839
 132.400000 2.656643 2.649741 1.250805
 132.600000 2.659515 2.604511 0.952901
 132.800000 2.668718 2.656593 2.031422
 133.000000 2.687010 2.666773 3.571308
 133.200000 2.706845 2.699800 7.293437
 133.400000 2.663121 2.654956 1.701320
 133.600000 2.695842 2.609918 3.062777
 133.800000 2.705823 2.547752 6.323941
 134.000000 2.779285 2.583985 13.585793
 134.200000 2.718179 2.629840 5.088722
 134.400000 2.676624 2.657265 2.489851
 134.600000 2.618367 2.627040 0.040988
 134.800000 2.653015 2.598219 0.808766
 135.000000 2.688360 2.642210 2.768910
 135.200000 2.619413 2.643677 0.330826
 135.400000 2.639812 2.538317 3.412236
 135.600000 2.693846 2.604303 2.970490
 135.800000 2.714963 2.645480 5.079256
 136.000000 2.642648 2.625264 0.330337
 136.200000 2.603568 2.654039 0.753680
 136.400000 2.634348 2.600858 0.280546
 136.600000 2.679706 2.567894 3.159183
 136.800000 2.767873 2.582648 11.856472
 137.000000 2.744534 2.602926 8.119734
 137.200000 2.698767 2.627969 3.311900
 137.400000 2.602404 2.680975 2.104852
 137.600000 2.726768 2.656292 6.649317
 137.800000 2.719263 2.553116 7.232318
 138.000000 2.783549 2.597378 13.916756
 138.200000 2.672910 2.576933 2.350857
 138.400000 2.686736 2.711723 6.755363
 138.600000 2.671144 2.666789 2.602974
 138.800000 2.667635 2.586869 1.716509
 139.000000 2.667634 2.555792 3.166601
 139.200000 2.639462 2.617707 0.230473
 139.400000 2.609142 2.667818 1.280424
 139.600000 2.678701 2.664274 2.913608
 139.800000 2.574292 2.569861 2.113329
 140.000000 2.612586 2.667136 1.222119
 140.200000 2.657743 2.636402 0.959429
 140.400000 2.715169 2.646129 5.117349
 140.600000 2.648174 2.669882 1.801639
 140.800000 2.644858 2.617903 0.360857
 141.000000 2.607062 2.597151 0.276958
 141.200000 2.718120 2.707386 9.008055
 141.400000 2.656734 2.576660 1.604643
 141.600000 2.661125 2.614552 0.936078
 141.800000 2.619729 2.646170 0.398451
 142.000000 2.714459 2.614526 4.658807
 142.200000 2.614610 2.586569 0.499478
 142.400000 2.616428 2.637295 0.187495
 142.600000 2.607910 2.603966 0.149233
 142.800000 2.614971 2.661007 0.929622
 143.000000 2.633716 2.594403 0.401847
 143.200000 2.672800 2.611898 1.520417
 143.400000 2.647825 2.676807 2.174447
 143.600000 2.639906 2.636919 0.419144
 143.800000 2.636646 2.615319 0.177535
 144.000000 2.683491 2.645620 2.526530
 144.200000 2.649951 2.577177 1.343634
 144.400000 2.692151 2.592174 3.082951
 144.600000 2.660753 2.628296 0.967252
 144.800000 2.703723 2.716781 8.554214
 145.000000 2.666981 2.578458 1.981418
 145.200000 2.711984 2.607355 4.473690
 145.400000 2.774761 2.615865 12.290166
 145.600000 2.696456 2.551406 5.295151
 145.800000 2.669695 2.597589 1.544670
 146.000000 2.769479 2.667938 12.721066
 146.200000 2.695774 2.648656 3.494939
 146.400000 2.733302 2.569674 7.815365
 146.600000 2.627804 2.587592 0.510247
 146.800000 2.698808 2.656654 4.012790
 147.000000 2.698227 2.668692 4.503830
 147.200000 2.700390 2.567110 4.689168
 147.400000 2.678899 2.576699 2.707325
 147.600000 2.715632 2.754353 14.063565
 147.800000 2.590753 2.751670 9.305660
 148.000000 2.567883 2.609545 1.291257
 148.200000 2.658443 2.588553 1.251440
 148.400000 2.696226 2.585882 3.575732
 148.600000 2.632101 2.566928 1.403381
 148.800000 2.599677 2.564220 1.613550
 149.000000 2.623926 2.686428 2.359207
 149.200000 2.703624 2.668586 4.945988
 149.400000 2.706968 2.585787 4.476825
 149.600000 2.711465 2.612261 4.384856
 149.800000 2.710025 2.586970 4.716114
 150.000000 2.709992 2.633662 4.354599
 150.200000 2.666123 2.553942 3.209483
 150.400000 2.702601 2.620448 3.582236
 150.600000 2.684283 2.678739 4.042075
 150.800000 2.726970 2.613144 5.949666
 151.000000 2.752509 2.651315 9.602373
 151.200000 2.757390 2.698736 12.975366
 151.400000 2.774466 2.560780 13.878502
 151.600000 2.690754 2.547685 5.118723
 151.800000 2.707117 2.675049 5.599066
 152.000000 2.673535 2.642912 1.852844
 152.200000 2.698653 2.680707 5.219381
 152.400000 2.684656 2.744943 10.280001
 152.600000 2.711535 2.664857 5.473048
 152.800000 2.647155 2.550343 2.713489
 153.000000 2.703755 2.577620 4.492551
 153.200000 2.666787 2.642576 1.492537
 153.400000 2.703846 2.570435 4.816196
 153.600000 2.667035 2.664238 2.271763
 153.800000 2.695992 2.752460 12.082435
 154.000000 2.692800 2.629654 2.865975
 154.200000 2.663010 2.551552 3.220491
 154.400000 2.684550 2.658464 3.033747
 154.600000 2.716401 2.615952 4.844070
 154.800000 2.645501 2.590130 0.766509
 155.000000 2.674164 2.650793 2.115424
 155.200000 2.722336 2.661774 6.401986
 155.400000 2.648215 2.595131 0.718006
 155.600000 2.709815 2.633247 4.331899
 155.800000 2.679743 2.636382 2.075510
 156.000000 2.639910 2.597641 0.447274
 156.200000 2.585670 2.602097 0.648762
 156.400000 2.706422 2.678932 5.766506
 156.600000 2.628062 2.584671 0.605909
 156.800000 2.666299 2.528735 5.150267
 157.000000 2.689421 2.652222 3.136655
 157.200000 2.653387 2.654434 1.290257
 157.400000 2.586735 2.660136 1.376546
 157.600000 2.662359 2.657851 1.778436
 157.800000 2.654252 2.548241 3.090073
 158.000000 2.724320 2.587728 6.110602
 158.200000 2.716642 2.632839 4.975894
 158.400000 2.681936 2.599398 2.217218
 158.600000 2.674208 2.715667 6.349964
 158.800000 2.731570 2.691359 9.141014
 159.000000 2.684501 2.573613 3.196454
 159.200000 2.700087 2.661252 4.305281
 159.400000 2.750350 2.667410 9.980076
 159.600000 2.667465 2.561112 2.841496
 159.800000 2.696164 2.611955 3.073490
 160.000000 2.689087 2.687363 4.933156
 160.200000 2.706389 2.654324 4.566744
 160.400000 2.745345 2.615032 8.113567
 160.600000 2.706559 2.633413 4.040737
 160.800000 2.686146 2.642916 2.632887
 161.000000 2.700379 2.627153 3.435554
 161.200000 2.678304 2.646863 2.235361
 161.400000 2.712460 2.617538 4.462037
 161.600000 2.638699 2.616690 0.215210
 161.800000 2.699468 2.669099 4.624883
 162.000000 2.735314 2.611690 6.901828
 162.200000 2.702440 2.659894 4.443384
 162.400000 2.656801 2.662371 1.737672
 162.600000 2.647137 2.634967 0.568692
 162.800000 2.659353 2.562040 2.420694
 163.000000 2.712151 2.624849 4.456291
 163.200000 2.685470 2.597185 2.493023
 163.400000 2.718783 2.665285 6.197497
 163.600000 2.628546 2.654054 0.705837
 163.800000 2.665167 2.658993 1.953141
 164.000000 2.673480 2.671127 2.950915
 164.200000 2.691639 2.601418 2.849189
 164.400000 2.712631 2.550366 6.764817
 164.600000 2.668026 2.667351 2.469636
 164.800000 2.634250 2.648180 0.587735
 165.000000 2.708242 2.650006 4.584772
 165.200000 2.683053 2.605540 2.193921
 165.400000 2.657584 2.680627 2.745171
 165.600000 2.669767 2.612610 1.354710
 165.800000 2.667961 2.594349 1.527899
 166.000000 2.757564 2.660232 10.631878
 166.200000 2.727257 2.627119 6.010792
 166.400000 2.750514 2.573343 9.777588
 166.600000 2.635849 2.624956 0.183631
 166.800000 2.627318 2.637434 0.232436
 167.000000 2.715331 2.630960 4.821362
 167.200000 2.750514 2.608801 8.823100
 167.400000 2.690779 2.590497 3.026917
 167.600000 2.662304 2.555232 2.951204
 167.800000 2.647741 2.615741 0.444999
 168.000000 2.757895 2.799996 26.348470
 168.200000 2.625512 2.622414 0.038027
 168.400000 2.680696 2.543895 4.711099
 168.600000 2.689203 2.676575 4.251268
 168.800000 2.710896 2.693012 7.129233
 169.000000 2.616517 2.587448 0.467612
 169.200000 2.662297 2.649878 1.489689
 169.400000 2.680871 2.721692 7.353427
 169.600000 2.690773 2.596723 2.874625
 169.800000 2.669222 2.593868 1.603176
 170.000000 2.621929 2.609837 0.041007
 170.200000 2.691668 2.681947 4.758969
 170.400000 2.737856 2.656880 7.939524
 170.600000 2.642118 2.661726 1.247246
 170.800000 2.733109 2.714103 11.244304
 171.000000 2.703777 2.693430 6.524712
 171.200000 2.740568 2.601487 7.648442
 171.400000 2.720633 2.558847 7.016562
 171.600000 2.747803 2.574184 9.384803
 171.800000 2.638523 2.581722 0.868555
 172.000000 2.577294 2.571208 1.922733
 172.200000 2.682372 2.714276 6.707410
 172.400000 2.676781 2.656612 2.473657
 172.600000 2.705796 2.633406 3.973396
 172.800000 2.689327 2.611566 2.564831
 173.000000 2.727446 2.623051 6.002718
 173.200000 2.698391 2.604954 3.316889
 173.400000 2.667740 2.622209 1.246218
 173.600000 2.657041 2.627089 0.803721
 173.800000 2.639029 2.702803 3.817518
 174.000000 2.728622 2.641691 6.400060
 174.200000 2.684514 2.619547 2.213646
 174.400000 2.673544 2.678624 3.380904
 174.600000 2.609268 2.619604 0.039365
 174.800000 2.719213 2.677471 6.891432
 175.000000 2.651858 2.682442 2.650163
 175.200000 2.671061 2.684269 3.604283
 175.400000 2.719937 2.726200 11.050473
 175.600000 2.659069 2.647983 1.293239
 175.800000 2.737765 2.628227 7.224973
 176.000000 2.749418 2.597289 8.850441
 176.200000 2.786525 2.684957 16.443496
 176.400000 2.693061 2.690955 5.479234
 176.600000 2.752531 2.563119 10.555713
 176.800000 2.677326 2.564525 3.189609
 177.000000 2.692117 2.759290 12.729445
 177.200000 2.743381 2.685827 10.161639
 177.400000 2.690481 2.571700 3.698703
 177.600000 2.739056 2.626893 7.367658
 177.800000 2.739028 2.615082 7.328898
 178.000000 2.624678 2.595789 0.268863
 178.200000 2.627366 2.686661 2.401473
 178.400000 2.709702 2.645971 4.596507
 178.600000 2.648036 2.577771 1.260212
 178.800000 2.739445 2.602003 7.503016
 179.000000 2.747158 2.617409 8.341912
 179.200000 2.645129 2.634602 0.506059
 179.400000 2.691563 2.654174 3.360695
 179.600000 2.631107 2.572279 1.130896
 179.800000 2.736267 2.598155 7.191069
 180.000000 2.639719 2.625088 0.261149
 180.200000 2.717525 2.585156 5.492404
 180.400000 2.707312 2.597764 4.193464
 180.600000 2.734468 2.627843 6.831619
 180.800000 2.587141 2.608531 0.520710
 181.000000 2.611397 2.591265 0.378981
 181.200000 2.662818 2.539661 4.072639
 181.400000 2.736577 2.594964 7.296109
 181.600000 2.673443 2.738948 8.852314
 181.800000 2.697427 2.634728 3.294863
 182.000000 2.713489 2.588535 4.993553
 182.200000 2.722916 2.620908 5.508554
 182.400000 2.659347 2.625338 0.882017
 182.600000 2.710689 2.615476 4.299331
 182.800000 2.786056 2.707129 18.095021
 183.000000 2.693337 2.614901 2.843109
 183.200000 2.660749 2.634648 1.052695
 183.400000 2.676863 2.732026 8.234456
 183.600000 2.665871 2.685166 3.402137
 183.800000 2.686482 2.570022 3.495969
 184.000000 2.673765 2.590181 1.941975
 184.200000 2.740073 2.553072 9.559079
 184.400000 2.690019 2.584052 3.169821
 184.600000 2.650535 2.654994 1.213971
 184.800000 2.649661 2.719088 5.611463
 185.000000 2.706514 2.724898 9.632153
 185.200000 2.703535 2.629445 3.724168
 185.400000 2.718486 2.588378 5.487879
 185.600000 2.615942 2.595245 0.260869
 185.800000 2.662916 2.567013 2.308520
 186.000000 2.717465 2.626038 4.979599
 186.200000 2.725828 2.721176 11.137400
 186.400000 2.664229 2.688469 3.552216
 186.600000 2.673812 2.644198 1.901182
 186.800000 2.661941 2.543690 3.726233
 187.000000 2.755222 2.601728 9.548074
 187.200000 2.632061 2.595776 0.345759
 187.400000 2.682184 2.542213 4.931533
 187.600000 2.647816 2.665088 1.553583
 187.800000 2.706251 2.670187 5.256730
 188.000000 2.656940 2.599434 0.930632
 188.200000 2.581700 2.512120 6.263269
 188.400000 2.667622 2.620318 1.234166
 188.600000 2.612530 2.623832 0.031964
 188.800000 2.717247 2.568503 6.150227
 189.000000 2.790433 2.554435 16.887564
 189.200000 2.837136 2.707542 28.021129
 189.400000 2.762453 2.659487 11.295019
 189.600000 2.691016 2.557359 4.504436
 189.800000 2.735727 2.720884 12.223757
 190.000000 2.682012 2.564452 3.482519
 190.200000 2.701167 2.539074 6.573064
 190.400000 2.597380 2.655333 0.909589
 190.600000 2.643987 2.705557 4.171518
 190.800000 2.694525 2.657701 3.716854
 191.000000 2.678585 2.616206 1.837241
 191.200000 2.623573 2.646271 0.415361
 191.400000 2.689250 2.626135 2.571837
 191.600000 2.635183 2.588544 0.581389
 191.800000 2.646494 2.664343 1.480274
 192.000000 2.657542 2.618973 0.782511
 192.200000 2.651065 2.635758 0.704638
 192.400000 2.682302 2.729029 8.232147
 192.600000 2.653448 2.625829 0.659187
 192.800000 2.703090 2.643474 3.945313
 193.000000 2.755363 2.630189 9.509516
 193.200000 2.732874 2.699533 9.923002
 193.400000 2.682798 2.671373 3.524478
 193.600000 2.705717 2.666219 5.010503
 193.800000 2.732277 2.638013 6.730707
 194.000000 2.860821 2.646056 29.876182
 194.200000 2.748075 2.623527 8.475885
 194.400000 2.754245 2.638494 9.492354
 194.600000 2.731315 2.670687 7.809133
 194.800000 2.795241 2.663062 16.723755
 195.000000 2.635809 2.599580 0.328224
 195.200000 2.684346 2.641901 2.487071
 195.400000 2.694803 2.608697 2.993029
 195.600000 2.721155 2.677216 7.074752
 195.800000 2.606217 2.652610 0.668472
 196.000000 2.681357 2.595013 2.271522
 196.200000 2.653112 2.567249 1.904150
 196.400000 2.723732 2.635885 5.750275
 196.600000 2.650196 2.598594 0.706658
 196.800000 2.694142 2.688959 5.417289
 197.000000 2.582639 2.688915 3.139889
 197.200000 2.640433 2.650660 0.785299
 197.400000 2.648645 2.545127 3.124549
 197.600000 2.722074 2.650197 5.934866
 197.800000 2.641829 2.706363 4.188648
 198.000000 2.611323 2.698246 3.242456
 198.200000 2.658455 2.642487 1.118516
 198.400000 2.757157 2.652706 10.285621
 198.600000 2.705491 2.586325 4.329306
 198.800000 2.736740 2.542344 9.911714
 199.000000 2.687086 2.569186 3.577965
 199.200000 2.630453 2.699878 3.430093
 199.400000 2.693881 2.683394 5.018037
 199.600000 2.641670 2.603155 0.390365
 199.800000 2.694073 2.624117 2.912748
 200.000000 2.715191 2.591954 5.062671
