#! FIELDS time phi psi restraint.bias
#! SET min_phi -pi
#! SET max_phi pi
#! SET min_psi -pi
#! SET max_psi pi
 0.000000 -2.625966 2.856563 19.976074
 0.200000 -2.716602 2.898993 5.198790
 0.400000 -2.751766 2.973747 0.853091
 0.600000 -2.748151 2.985621 1.156872
 0.800000 -2.698072 2.923683 5.401682
 1.000000 -2.730981 2.974995 1.925425
 1.200000 -2.805716 3.044601 3.093281
 1.400000 -2.797904 2.984063 0.159011
 1.600000 -2.697693 3.001330 5.083988
 1.800000 -2.735418 2.981498 1.734918
 2.000000 -2.817664 2.963803 0.321244
 2.200000 -2.771006 2.860428 5.916720
 2.400000 -2.830589 2.868667 5.564916
 2.600000 -2.780794 2.945784 0.295155
 2.800000 -2.827868 3.023589 2.222283
 3.000000 -2.754263 2.987911 0.949460
 3.200000 -2.769266 3.029407 2.214137
 3.400000 -2.734730 3.067832 6.747693
 3.600000 -2.712524 2.940424 3.554928
 3.800000 -2.780305 2.907584 1.843387
 4.000000 -2.834526 2.989912 1.143081
 4.200000 -2.696478 2.989964 4.874973
 4.400000 -2.717935 2.881200 6.467885
 4.600000 -2.803739 2.932218 0.669829
 4.800000 -2.833635 2.931085 1.492012
 5.000000 -2.710943 3.010974 4.292168
 5.200000 -2.801878 2.974011 0.067889
 5.400000 -2.763827 2.984222 0.559107
 5.600000 -2.848174 3.009302 2.440503
 5.800000 -2.724415 3.007202 3.125298
 6.000000 -2.792505 2.789448 15.772962
 6.200000 -2.798502 2.890398 2.956402
 6.400000 -2.788553 3.007289 0.817114
 6.600000 -2.780186 2.919528 1.205804
 6.800000 -2.780723 3.009070 0.952089
 7.000000 -2.818572 2.939750 0.712098
 7.200000 -2.832997 2.862282 6.308118
 7.400000 -2.746236 2.984991 1.232187
 7.600000 -2.754541 2.976166 0.762919
 7.800000 -2.805841 2.940492 0.441540
 8.000000 -2.803804 2.966488 0.063754
 8.200000 -2.801794 2.922387 1.040760
 8.400000 -2.786464 2.953062 0.116342
 8.600000 -2.676542 2.974264 6.752223
 8.800000 -2.820907 2.927792 1.173693
 9.000000 -2.807465 3.006455 0.887552
 9.200000 -2.827238 2.958669 0.637633
 9.400000 -2.721897 2.962842 2.503182
 9.600000 -2.789453 2.957086 0.054464
 9.800000 -2.850295 2.878585 5.582472
 10.000000 -2.862115 2.976330 2.464233
 10.200000 -2.772068 2.982393 0.326832
 10.400000 -2.816655 2.931448 0.925186
 10.600000 -2.885816 2.910932 5.926664
 10.800000 -2.794923 2.926776 0.814253
 11.000000 -2.766555 2.912743 1.812407
 11.200000 -2.773481 3.081040 6.677128
 11.400000 -2.700031 3.000819 4.847572
 11.600000 -2.757513 2.942766 0.908076
 11.800000 -2.822553 2.950237 0.592299
 12.000000 -2.853466 2.926398 2.683466
 12.200000 -2.789304 2.974244 0.031000
 12.400000 -2.738589 2.959197 1.485559
 12.600000 -2.744182 2.965640 1.169615
 12.800000 -2.796029 3.065283 4.830010
 13.000000 -2.788045 2.952228 0.120026
 13.200000 -2.689305 2.870339 10.004778
 13.400000 -2.730317 2.942573 2.234834
 13.600000 -2.846440 3.028842 3.361850
 13.800000 -2.858189 2.943326 2.437393
 14.000000 -2.765767 2.865818 5.482963
 14.200000 -2.823159 2.947851 0.653659
 14.400000 -2.816053 2.955231 0.346713
 14.600000 -2.789904 2.922074 1.015299
 14.800000 -2.798778 2.899490 2.302364
 15.000000 -2.880600 2.983195 4.008579
 15.200000 -2.777689 2.951956 0.224137
 15.400000 -2.691573 2.910130 6.716316
 15.600000 -2.796866 2.981480 0.113384
 15.800000 -2.773513 2.939723 0.554417
 16.000000 -2.785555 2.888499 3.110159
 16.200000 -2.758998 2.937092 1.011119
 16.400000 -2.781182 3.011442 1.049259
 16.600000 -2.774009 3.023634 1.771759
 16.800000 -2.784618 2.965334 0.032765
 17.000000 -2.738808 3.052111 5.059698
 17.200000 -2.757902 2.998116 1.081679
 17.400000 -2.804134 3.016337 1.281475
 17.600000 -2.887078 2.926571 5.289650
 17.800000 -2.876514 2.859099 9.354742
 18.000000 -2.765338 3.006391 1.143077
 18.200000 -2.717749 2.950408 2.934466
 18.400000 -2.742008 2.888079 4.395056
 18.600000 -2.825626 2.905275 2.456439
 18.800000 -2.817105 2.851055 7.030631
 19.000000 -2.735223 2.943225 1.925940
 19.200000 -2.791903 3.064178 4.716200
 19.400000 -2.826609 3.047373 3.805925
 19.600000 -2.767829 2.971650 0.315527
 19.800000 -2.660597 2.896886 11.164895
 20.000000 -2.733082 2.955742 1.830874
 20.200000 -2.788989 2.927474 0.789756
 20.400000 -2.809290 3.027889 1.990580
 20.600000 -2.900369 2.990118 6.080765
 20.800000 -2.800142 3.028647 1.925488
 21.000000 -2.788138 2.872253 4.503787
 21.200000 -2.750512 2.818378 11.935704
 21.400000 -2.734141 3.005129 2.429081
 21.600000 -2.809626 3.043794 3.090255
 21.800000 -2.722892 2.981733 2.532133
 22.000000 -2.712307 2.851208 9.928385
 22.200000 -2.861306 2.886043 5.647141
 22.400000 -2.793779 2.976944 0.049636
 22.600000 -2.697043 2.903677 6.567255
 22.800000 -2.739062 3.022763 2.980651
 23.000000 -2.810330 3.093997 8.215050
 23.200000 -2.727196 2.906333 3.977888
 23.400000 -2.724105 2.974777 2.370576
 23.600000 -2.708724 2.981821 3.620384
 23.800000 -2.773615 3.041475 2.947665
 24.000000 -2.714246 2.962076 3.076345
 24.200000 -2.768421 2.949685 0.441502
 24.400000 -2.794687 2.987053 0.202201
 24.600000 -2.857536 2.906739 3.932412
 24.800000 -2.766170 2.879865 4.148818
 25.000000 -2.753072 3.060699 5.162454
 25.200000 -2.828996 2.974468 0.692429
 25.400000 -2.744085 2.890907 4.072919
 25.600000 -2.766066 2.886586 3.588099
 25.800000 -2.758518 2.947706 0.765586
 26.000000 -2.825701 2.935634 1.044028
 26.200000 -2.855146 2.935075 2.472087
 26.400000 -2.696548 3.015563 5.782275
 26.600000 -2.723864 3.012902 3.408040
 26.800000 -2.766937 3.002178 0.944064
 27.000000 -2.922863 2.890322 11.438132
 27.200000 -2.805439 2.987113 0.284418
 27.400000 -2.731011 2.959951 1.917388
 27.600000 -2.727570 3.015227 3.269740
 27.800000 -2.790708 2.965886 0.002344
 28.000000 -2.811729 2.901266 2.348764
 28.200000 -2.719609 2.969943 2.662671
 28.400000 -2.646772 3.046141 13.749051
 28.600000 -2.816245 2.980702 0.374316
 28.800000 -2.790696 2.925089 0.882432
 29.000000 -2.834446 2.900496 3.093996
 29.200000 -2.747152 2.917414 2.261760
 29.400000 -2.783005 3.010971 1.009448
 29.600000 -2.733430 2.951830 1.862173
 29.800000 -2.756158 2.983501 0.796491
 30.000000 -2.743837 3.033691 3.405202
 30.200000 -2.714767 2.981845 3.132617
 30.400000 -2.729819 2.913527 3.399045
 30.600000 -2.836194 3.016807 2.190788
 30.800000 -2.771578 2.988276 0.444490
 31.000000 -2.714388 2.979708 3.132797
 31.200000 -2.801219 2.952108 0.149556
 31.400000 -2.824580 2.969266 0.516139
 31.600000 -2.765532 2.897286 2.798544
 31.800000 -2.750919 2.987116 1.066728
 32.000000 -2.770001 2.935565 0.749654
 32.200000 -2.832055 3.014374 1.900547
 32.400000 -2.799354 2.928947 0.749579
 32.600000 -2.746911 2.897361 3.469405
 32.800000 -2.749475 2.972692 0.942580
 33.000000 -2.794274 2.914377 1.389285
 33.200000 -2.788949 2.957909 0.048268
 33.400000 -2.774213 3.028920 2.081064
 33.600000 -2.845875 3.024056 3.047308
 33.800000 -2.753287 2.915662 2.090733
 34.000000 -2.756735 2.974499 0.668216
 34.200000 -2.749908 2.947738 1.094836
 34.400000 -2.752942 2.940104 1.146787
 34.600000 -2.769941 2.925887 1.102656
 34.800000 -2.736786 2.932048 2.166433
 35.000000 -2.653625 2.984850 9.805165
 35.200000 -2.762442 2.967354 0.452579
 35.400000 -2.800980 2.980398 0.124685
 35.600000 -2.827303 2.954640 0.681833
 35.800000 -2.824220 3.007120 1.304626
 36.000000 -2.751392 2.904465 2.805127
 36.200000 -2.752391 2.911205 2.365316
 36.400000 -2.782204 3.003082 0.702084
 36.600000 -2.710379 2.895614 5.926403
 36.800000 -2.750028 2.952021 1.016158
 37.000000 -2.756344 3.010400 1.593798
 37.200000 -2.856645 3.015013 3.205358
 37.400000 -2.768581 2.958213 0.325824
 37.600000 -2.804830 2.987129 0.277074
 37.800000 -2.784327 2.937391 0.473745
 38.000000 -2.796426 2.927227 0.800920
 38.200000 -2.690035 2.931856 5.871990
 38.400000 -2.782408 2.964900 0.053523
 38.600000 -2.746784 2.970962 1.053808
 38.800000 -2.760526 3.010017 1.434703
 39.000000 -2.744962 2.965457 1.132468
 39.200000 -2.820294 2.952880 0.486038
 39.400000 -2.770922 2.966498 0.233538
 39.600000 -2.762939 2.960972 0.456236
 39.800000 -2.730082 2.997267 2.405926
 40.000000 -2.823597 2.960501 0.504178
 40.200000 -2.767971 2.889861 3.281354
 40.400000 -2.779476 2.970123 0.089857
 40.600000 -2.674106 2.956591 7.066501
 40.800000 -2.786104 3.018336 1.335277
 41.000000 -2.806385 3.010701 1.048291
 41.200000 -2.809514 2.955411 0.212123
 41.400000 -2.743048 2.956811 1.276600
 41.600000 -2.715795 2.969167 2.946101
 41.800000 -2.700062 3.015395 5.442983
 42.000000 -2.749131 2.948226 1.118950
 42.200000 -2.834515 2.902299 2.978480
 42.400000 -2.763967 2.945758 0.634713
 42.600000 -2.773172 2.959355 0.216990
 42.800000 -2.780285 3.040234 2.752202
 43.000000 -2.815304 2.964951 0.261634
 43.200000 -2.724511 2.927321 3.102623
 43.400000 -2.746467 2.967087 1.060776
 43.600000 -2.765519 2.975374 0.399281
 43.800000 -2.770551 3.006562 1.021678
 44.000000 -2.790501 2.992629 0.328947
 44.200000 -2.805434 2.881144 3.774039
 44.400000 -2.812381 2.975998 0.237041
 44.600000 -2.690662 3.031818 7.285042
 44.800000 -2.764236 2.877253 4.432803
 45.000000 -2.794624 2.957009 0.052706
 45.200000 -2.795521 2.998687 0.504629
 45.400000 -2.771724 2.921115 1.271853
 45.600000 -2.782967 2.984350 0.195173
 45.800000 -2.775668 2.905822 2.017138
 46.000000 -2.810843 2.942083 0.479667
 46.200000 -2.760605 3.008400 1.363988
 46.400000 -2.797513 2.961400 0.028445
 46.600000 -2.805915 2.978129 0.150884
 46.800000 -2.787054 2.884300 3.439561
 47.000000 -2.711362 2.950875 3.424830
 47.200000 -2.805405 3.000504 0.642172
 47.400000 -2.849529 2.945566 1.855579
 47.600000 -2.796067 2.909742 1.648900
 47.800000 -2.745574 2.957830 1.144869
 48.000000 -2.736535 2.965329 1.569057
 48.200000 -2.750296 2.983170 1.021514
 48.400000 -2.743409 2.991039 1.493784
 48.600000 -2.707854 2.989808 3.843479
 48.800000 -2.786404 2.985524 0.189206
 49.000000 -2.709109 2.912964 4.942465
 49.200000 -2.780971 2.937951 0.490431
 49.400000 -2.709753 2.937285 3.869042
 49.600000 -2.758481 3.039012 3.168077
 49.800000 -2.780245 3.000022 0.618671
 50.000000 -2.815672 2.857114 6.311859
 50.200000 -2.709106 3.013874 4.575337
 50.400000 -2.686416 3.090641 13.265861
 50.600000 -2.733902 2.952703 1.821516
 50.800000 -2.754773 2.925877 1.560699
 51.000000 -2.784179 2.979298 0.109739
 51.200000 -2.789145 2.960034 0.030397
 51.400000 -2.675436 2.952189 6.965646
 51.600000 -2.699149 2.925236 5.234350
 51.800000 -2.745855 3.021421 2.566677
 52.000000 -2.735725 3.040843 4.335206
 52.200000 -2.718361 3.069380 7.985030
 52.400000 -2.762792 2.939604 0.818992
 52.600000 -2.707798 2.949766 3.739055
 52.800000 -2.787968 2.932435 0.609835
 53.000000 -2.746265 2.959080 1.101904
 53.200000 -2.746594 2.964258 1.058833
 53.400000 -2.723726 2.954034 2.451618
 53.600000 -2.743794 2.952551 1.292677
 53.800000 -2.769534 2.949240 0.423109
 54.000000 -2.752252 2.939431 1.192716
 54.200000 -2.798963 2.993842 0.379357
 54.400000 -2.769461 3.032031 2.376642
 54.600000 -2.667079 2.911424 9.416192
 54.800000 -2.732608 2.948951 1.959079
 55.000000 -2.775285 2.893252 2.872458
 55.200000 -2.792513 2.955758 0.063862
 55.400000 -2.686180 3.077512 11.754634
 55.600000 -2.780500 3.068490 5.216352
 55.800000 -2.694839 2.923790 5.707592
 56.000000 -2.726487 2.933616 2.739909
 56.200000 -2.734829 2.946307 1.879855
 56.400000 -2.796552 2.971223 0.016766
 56.600000 -2.730683 3.060135 6.243819
 56.800000 -2.796854 2.956162 0.068747
 57.000000 -2.746257 2.889496 4.078495
 57.200000 -2.817812 2.860946 5.949767
 57.400000 -2.716855 2.884535 6.268221
 57.600000 -2.729338 3.051590 5.569072
 57.800000 -2.715877 3.060690 7.320949
 58.000000 -2.720412 2.995831 3.014190
 58.200000 -2.814834 2.901243 2.414739
 58.400000 -2.745527 2.917231 2.345965
 58.600000 -2.682323 2.958735 6.107074
 58.800000 -2.755607 3.067230 5.698617
 59.000000 -2.772755 2.955155 0.266319
 59.200000 -2.845575 2.953005 1.505791
 59.400000 -2.746107 2.910420 2.681470
 59.600000 -2.705011 2.952065 3.941923
 59.800000 -2.724343 2.923355 3.279563
 60.000000 -2.754981 2.983556 0.840904
 60.200000 -2.777822 2.991272 0.401225
 60.400000 -2.800039 3.036612 2.446966
 60.600000 -2.804523 2.913112 1.527123
 60.800000 -2.782423 2.891756 2.886336
 61.000000 -2.690186 3.011822 6.238648
 61.200000 -2.756532 2.987420 0.855069
 61.400000 -2.831793 2.950437 0.909058
 61.600000 -2.841240 2.892264 3.983721
 61.800000 -2.783482 2.916445 1.321834
 62.000000 -2.817791 2.926209 1.153522
 62.200000 -2.774815 3.007533 0.975879
 62.400000 -2.822633 3.001690 1.052835
 62.600000 -2.684510 2.973476 5.854344
 62.800000 -2.755159 2.961449 0.713908
 63.000000 -2.756697 2.889849 3.622658
 63.200000 -2.877606 2.988885 3.857407
 63.400000 -2.819680 2.962727 0.378032
 63.600000 -2.771424 2.962978 0.231003
 63.800000 -2.765086 2.920515 1.459725
 64.000000 -2.777062 2.964174 0.123738
 64.200000 -2.817935 2.964368 0.326421
 64.400000 -2.800459 2.958865 0.065037
 64.600000 -2.770525 3.002719 0.877818
 64.800000 -2.744382 3.009771 2.071078
 65.000000 -2.772372 2.887006 3.407376
 65.200000 -2.788244 2.885708 3.318192
 65.400000 -2.762559 2.987774 0.663575
 65.600000 -2.751271 3.026814 2.636278
 65.800000 -2.833377 2.936972 1.286982
 66.000000 -2.822565 2.973795 0.473834
 66.200000 -2.789809 2.943297 0.286026
 66.400000 -2.773398 2.911595 1.721143
 66.600000 -2.771501 2.936117 0.699786
 66.800000 -2.801195 2.913999 1.445311
 67.000000 -2.768804 2.960438 0.303301
 67.200000 -2.776779 3.055342 4.020880
 67.400000 -2.758960 2.958664 0.598597
 67.600000 -2.796678 2.928416 0.755286
 67.800000 -2.800534 2.997489 0.495036
 68.000000 -2.736144 2.990613 1.866880
 68.200000 -2.787811 2.993376 0.357386
 68.400000 -2.758910 2.990208 0.832969
 68.600000 -2.811418 2.893171 2.908185
 68.800000 -2.731638 2.948416 2.027507
 69.000000 -2.767117 2.937155 0.769985
 69.200000 -2.745132 2.967871 1.123484
 69.400000 -2.779687 2.990260 0.351559
 69.600000 -2.773576 2.958709 0.214440
 69.800000 -2.811474 2.988982 0.419793
 70.000000 -2.793745 2.937301 0.443542
 70.200000 -2.768560 2.914435 1.671867
 70.400000 -2.820122 2.994131 0.747181
 70.600000 -2.796084 3.023732 1.612216
 70.800000 -2.777556 2.983460 0.246536
 71.000000 -2.756506 2.942633 0.947073
 71.200000 -2.745835 2.874589 5.365476
 71.400000 -2.695691 2.936366 5.159589
 71.600000 -2.683342 3.021270 7.430032
 71.800000 -2.780729 3.051554 3.639232
 72.000000 -2.776288 2.935530 0.628901
 72.200000 -2.822321 2.959887 0.469578
 72.400000 -2.706175 2.911424 5.275948
 72.600000 -2.698266 2.971253 4.451378
 72.800000 -2.788680 3.040655 2.715510
 73.000000 -2.797742 2.941859 0.331141
 73.200000 -2.741555 3.022057 2.811421
 73.400000 -2.681202 2.948130 6.375775
 73.600000 -2.726694 2.906102 4.024925
 73.800000 -2.787895 2.919321 1.150219
 74.000000 -2.776088 2.975350 0.169481
 74.200000 -2.843002 2.958042 1.314523
 74.400000 -2.799994 3.008183 0.873435
 74.600000 -2.818144 2.814648 11.942746
 74.800000 -2.777735 2.914678 1.481309
 75.000000 -2.880576 3.019886 5.271611
 75.200000 -2.676591 3.004400 7.417655
 75.400000 -2.676811 2.990474 6.969150
 75.600000 -2.738449 3.011164 2.434765
 75.800000 -2.814983 2.978695 0.319840
 76.000000 -2.809487 2.978310 0.207109
 76.200000 -2.800448 2.960172 0.055097
 76.400000 -2.796602 2.835934 8.605312
 76.600000 -2.833227 2.927944 1.593301
 76.800000 -2.795833 2.889180 3.038117
 77.000000 -2.781897 3.029924 2.032450
 77.200000 -2.826525 3.027153 2.383553
 77.400000 -2.765403 2.962296 0.379190
 77.600000 -2.730659 2.925619 2.772438
 77.800000 -2.673482 2.997262 7.541980
 78.000000 -2.686355 3.008252 6.484606
 78.200000 -2.819304 2.889475 3.368214
 78.400000 -2.896507 2.933339 5.974469
 78.600000 -2.788088 2.978437 0.074571
 78.800000 -2.670529 2.983763 7.581201
 79.000000 -2.769576 2.976477 0.307709
 79.200000 -2.813422 2.932373 0.819888
 79.400000 -2.836896 2.937910 1.409149
 79.600000 -2.712486 2.993456 3.551649
 79.800000 -2.682913 2.972594 6.022955
 80.000000 -2.816298 2.972183 0.295652
 80.200000 -2.846993 2.922786 2.463388
 80.400000 -2.789903 2.943522 0.280453
 80.600000 -2.723843 2.976296 2.401407
 80.800000 -2.768494 2.993054 0.626643
 81.000000 -2.814473 2.942602 0.539918
 81.200000 -2.844326 2.942857 1.634481
 81.400000 -2.711663 2.994831 3.655137
 81.600000 -2.666541 3.046863 11.120452
 81.800000 -2.717310 2.918780 3.994288
 82.000000 -2.800173 2.913097 1.485200
 82.200000 -2.784351 2.974101 0.058209
 82.400000 -2.749395 2.940616 1.279798
 82.600000 -2.802464 2.921916 1.068370
 82.800000 -2.835481 2.988318 1.148477
 83.000000 -2.803632 2.917619 1.283842
 83.200000 -2.768817 2.973772 0.303614
 83.400000 -2.776057 3.006985 0.932633
 83.600000 -2.727047 2.983185 2.273791
 83.800000 -2.773927 2.980731 0.266435
 84.000000 -2.703606 2.945602 4.183699
 84.200000 -2.793119 2.918118 1.197824
 84.400000 -2.846451 2.968199 1.454555
 84.600000 -2.813566 2.982936 0.347356
 84.800000 -2.731787 2.981838 1.953880
 85.000000 -2.754086 2.993338 1.084105
 85.200000 -2.762871 2.949984 0.585530
 85.400000 -2.740868 2.971476 1.344088
 85.600000 -2.761977 2.994813 0.851748
 85.800000 -2.795393 2.971210 0.012720
 86.000000 -2.762326 2.941762 0.776040
 86.200000 -2.715071 2.935265 3.505130
 86.400000 -2.780921 2.924924 0.955064
 86.600000 -2.778013 2.930130 0.787247
 86.800000 -2.832398 3.003952 1.475376
 87.000000 -2.794991 2.926199 0.837840
 87.200000 -2.759485 2.937524 0.982062
 87.400000 -2.806850 2.909585 1.754263
 87.600000 -2.800384 2.913184 1.482149
 87.800000 -2.736563 2.993777 1.922889
 88.000000 -2.686826 2.897705 7.991382
 88.200000 -2.751517 3.014854 1.983059
 88.400000 -2.735233 2.958320 1.679461
 88.600000 -2.841832 3.017808 2.503180
 88.800000 -2.772643 2.971434 0.207249
 89.000000 -2.813520 2.930945 0.872494
 89.200000 -2.693779 2.986999 5.074347
 89.400000 -2.783883 2.970095 0.041963
 89.600000 -2.801638 2.994799 0.426231
 89.800000 -2.843139 2.956603 1.335450
 90.000000 -2.696969 2.930714 5.226152
 90.200000 -2.747592 2.993628 1.362511
 90.400000 -2.777767 3.000009 0.651761
 90.600000 -2.728055 3.007391 2.891619
 90.800000 -2.781191 2.970498 0.070157
 91.000000 -2.753789 2.895742 3.293426
 91.200000 -2.774823 2.956557 0.211871
 91.400000 -2.826058 2.872305 5.051347
 91.600000 -2.900967 2.932383 6.480926
 91.800000 -2.808306 3.068866 5.306713
 92.000000 -2.760117 2.972477 0.539862
 92.200000 -2.722228 2.947803 2.656373
 92.400000 -2.780536 2.910337 1.680631
 92.600000 -2.769323 2.991152 0.559441
 92.800000 -2.748519 3.014836 2.109624
 93.000000 -2.749953 2.966961 0.906251
 93.200000 -2.801467 2.901357 2.198415
 93.400000 -2.877848 2.906010 5.503321
 93.600000 -2.943664 2.933589 11.981379
 93.800000 -2.781461 2.962562 0.071336
 94.000000 -2.722015 3.045798 5.585823
 94.200000 -2.800163 2.937277 0.472670
 94.400000 -2.904357 2.850886 13.001159
 94.600000 -2.820524 2.911221 1.950930
 94.800000 -2.719958 2.927721 3.406846
 95.000000 -2.707825 3.045633 6.674074
 95.200000 -2.830293 3.019568 2.091743
 95.400000 -2.809456 2.947983 0.325258
 95.600000 -2.746355 2.929490 1.771668
 95.800000 -2.689561 2.903141 7.343769
 96.000000 -2.794507 2.946835 0.206472
 96.200000 -2.843656 2.969441 1.309947
 96.400000 -2.798900 2.943899 0.288509
 96.600000 -2.756511 2.970602 0.654836
 96.800000 -2.797027 2.943902 0.278266
 97.000000 -2.805399 2.923243 1.042791
 97.200000 -2.785308 3.016079 1.227513
 97.400000 -2.801669 2.967801 0.042064
 97.600000 -2.838583 2.981659 1.167175
 97.800000 -2.809468 3.010156 1.072129
 98.000000 -2.835376 2.949372 1.074448
 98.200000 -2.886109 2.827759 14.081193
 98.400000 -2.816402 2.900473 2.501880
 98.600000 -2.736303 2.951128 1.707468
 98.800000 -2.739201 2.957666 1.465928
 99.000000 -2.846869 3.025525 3.185655
 99.200000 -2.850256 3.021990 3.174979
 99.400000 -2.764976 2.979271 0.454064
 99.600000 -2.728850 3.033052 4.204844
 99.800000 -2.771520 2.967533 0.220747
 100.000000 -2.780714 2.918126 1.267049
 100.200000 -2.817581 2.931515 0.945574
 100.400000 -2.849183 2.947396 1.798315
 100.600000 -2.764653 2.952821 0.489856
 100.800000 -2.766948 3.006186 1.092584
 101.000000 -2.747526 2.940795 1.357452
 101.200000 -2.733061 2.951374 1.891133
 101.400000 -2.747535 3.054622 4.845753
 101.600000 -2.748957 2.919036 2.102270
 101.800000 -2.782646 2.966072 0.049306
 102.000000 -2.816170 3.003614 0.947601
 102.200000 -2.732557 2.934943 2.313957
 102.400000 -2.744238 2.962607 1.175804
 102.600000 -2.774910 2.948854 0.320904
 102.800000 -2.786988 2.932175 0.623820
 103.000000 -2.723186 2.996273 2.830749
 103.200000 -2.747745 2.992979 1.338589
 103.400000 -2.824488 2.917063 1.760568
 103.600000 -2.803318 2.969416 0.061002
 103.800000 -2.713348 2.972306 3.148365
 104.000000 -2.705572 2.947507 3.971685
 104.200000 -2.834332 3.039226 3.477799
 104.400000 -2.831549 2.910150 2.380718
 104.600000 -2.768978 2.915233 1.620294
 104.800000 -2.678056 3.026419 8.313545
 105.000000 -2.772162 3.070786 5.586982
 105.200000 -2.756244 2.956194 0.717232
 105.400000 -2.754933 2.939238 1.093673
 105.600000 -2.768205 3.040268 2.975497
 105.800000 -2.773168 2.972749 0.203571
 106.000000 -2.733269 2.881610 5.406536
 106.200000 -2.733792 2.972580 1.740133
 106.400000 -2.839479 2.943786 1.373077
 106.600000 -2.886194 2.964713 4.389545
 106.800000 -2.818742 2.931679 0.969496
 107.000000 -2.750991 2.958736 0.897245
 107.200000 -2.774879 2.976977 0.204908
 107.400000 -2.846010 2.907415 3.208985
 107.600000 -2.834802 2.907509 2.666721
 107.800000 -2.844561 3.001799 1.957145
 108.000000 -2.741226 2.960129 1.339898
 108.200000 -2.798190 2.952851 0.116980
 108.400000 -2.766434 2.994879 0.727376
 108.600000 -2.790597 2.959063 0.033833
 108.800000 -2.718770 2.958169 2.759530
 109.000000 -2.815287 2.983495 0.394075
 109.200000 -2.767243 2.955064 0.391586
 109.400000 -2.822079 2.929261 1.151058
 109.600000 -2.771631 2.914451 1.602166
 109.800000 -2.824106 2.955646 0.563764
 110.000000 -2.808184 2.959850 0.148564
 110.200000 -2.766338 2.891561 3.192955
 110.400000 -2.762750 2.893310 3.162853
 110.600000 -2.815460 3.035232 2.586663
 110.800000 -2.831062 2.949330 0.899665
 111.000000 -2.766572 2.935368 0.839000
 111.200000 -2.766778 3.034831 2.627988
 111.400000 -2.836130 2.954406 1.030694
 111.600000 -2.808097 2.984052 0.265594
 111.800000 -2.766196 2.901811 2.475377
 112.000000 -2.721573 2.914071 3.921123
 112.200000 -2.787792 2.999813 0.547608
 112.400000 -2.778198 3.029886 2.076220
 112.600000 -2.774596 2.948620 0.330762
 112.800000 -2.707035 2.981282 3.755580
 113.000000 -2.725984 2.984216 2.361150
 113.200000 -2.697263 2.994766 4.921366
 113.400000 -2.828261 2.982922 0.764258
 113.600000 -2.808885 3.009964 1.054191
 113.800000 -2.829102 2.959583 0.696814
 114.000000 -2.793633 2.992325 0.319779
 114.200000 -2.730802 2.950812 2.036947
 114.400000 -2.724978 2.918252 3.472484
 114.600000 -2.795819 2.911834 1.530348
 114.800000 -2.721723 3.041568 5.282346
 115.000000 -2.715168 3.066414 7.927771
 115.200000 -2.720403 2.985516 2.771262
 115.400000 -2.748661 2.923573 1.907675
 115.600000 -2.817305 2.942284 0.613908
 115.800000 -2.877451 2.937350 4.047423
 116.000000 -2.858753 2.882076 5.804049
 116.200000 -2.831926 2.880167 4.551355
 116.400000 -2.827367 3.051608 4.181161
 116.600000 -2.725408 3.020361 3.672985
 116.800000 -2.672707 2.930137 7.860014
 117.000000 -2.787588 2.948905 0.176991
 117.200000 -2.854672 2.928871 2.660218
 117.400000 -2.771783 2.985642 0.387806
 117.600000 -2.705209 2.979912 3.894771
 117.800000 -2.726101 2.966464 2.206360
 118.000000 -2.878845 2.936097 4.204789
 118.200000 -2.779922 2.876196 4.207535
 118.400000 -2.759441 2.919804 1.663866
 118.600000 -2.731608 2.996254 2.281685
 118.800000 -2.843157 3.040300 3.963778
 119.000000 -2.801261 2.948239 0.215252
 119.200000 -2.751299 2.908228 2.580486
 119.400000 -2.720276 2.925963 3.454582
 119.600000 -2.823931 2.966953 0.493104
 119.800000 -2.819627 2.961674 0.381728
 120.000000 -2.793929 3.006294 0.770635
 120.200000 -2.724224 2.950691 2.466571
 120.400000 -2.829368 2.993520 1.028719
 120.600000 -2.735890 2.881934 5.227050
 120.800000 -2.882435 2.866706 9.077192
 121.000000 -2.690519 3.052265 8.832709
 121.200000 -2.782555 3.028800 1.955673
 121.400000 -2.764239 2.907246 2.188931
 121.600000 -2.815930 2.910974 1.846673
 121.800000 -2.721072 2.957559 2.598000
 122.000000 -2.752907 2.954275 0.866599
 122.200000 -2.787013 2.940607 0.365084
 122.400000 -2.855645 2.936708 2.452579
 122.600000 -2.805643 2.971014 0.093834
 122.800000 -2.840305 3.007950 1.977397
 123.000000 -2.756538 2.954236 0.729818
 123.200000 -2.712527 2.972792 3.216436
 123.400000 -2.736933 2.942320 1.851377
 123.600000 -2.849666 2.855238 7.884550
 123.800000 -2.861612 2.980090 2.471295
 124.000000 -2.820024 3.067068 5.378899
 124.200000 -2.712372 2.990994 3.498801
 124.400000 -2.737533 2.844323 9.044350
 124.600000 -2.767806 2.861443 5.883002
 124.800000 -2.773403 2.859320 5.986796
 125.000000 -2.784814 2.938599 0.434766
 125.200000 -2.825528 3.037155 3.001200
 125.400000 -2.753573 3.004731 1.468265
 125.600000 -2.783439 2.982678 0.163260
 125.800000 -2.762278 2.992639 0.784659
 126.000000 -2.758499 2.875626 4.759062
 126.200000 -2.728082 2.899956 4.328047
 126.400000 -2.884991 3.062947 8.872011
 126.600000 -2.775763 3.025763 1.863575
 126.800000 -2.804838 2.910068 1.699824
 127.000000 -2.687759 2.895725 8.032458
 127.200000 -2.734378 2.934579 2.218154
 127.400000 -2.812319 2.935900 0.681338
 127.600000 -2.821802 3.061912 4.927028
 127.800000 -2.839722 3.005809 1.864446
 128.000000 -2.800125 2.899900 2.284079
 128.200000 -2.726478 2.882190 5.782703
 128.400000 -2.731273 2.909210 3.549304
 128.600000 -2.798812 3.050394 3.492033
 128.800000 -2.824332 3.048387 3.812875
 129.000000 -2.816172 2.952631 0.383638
 129.200000 -2.775242 3.042898 3.025075
 129.400000 -2.703437 2.947611 4.157633
 129.600000 -2.804168 2.909379 1.731272
 129.800000 -2.864806 2.987171 2.814355
 130.000000 -2.807658 2.936600 0.578371
 130.200000 -2.769151 2.962452 0.283831
 130.400000 -2.811927 2.968899 0.189876
 130.600000 -2.757806 2.876835 4.673053
 130.800000 -2.764172 2.976260 0.444334
 131.000000 -2.865866 2.946534 2.899954
 131.200000 -2.833886 2.832267 9.939831
 131.400000 -2.774960 2.942318 0.460363
 131.600000 -2.823669 3.017046 1.734236
 131.800000 -2.802131 2.943844 0.315597
 132.000000 -2.755865 3.040847 3.394333
 132.200000 -2.778502 2.972073 0.110922
 132.400000 -2.778608 2.907702 1.858531
 132.600000 -2.790779 2.950748 0.134563
 132.800000 -2.737397 2.964101 1.524047
 133.000000 -2.792941 2.961496 0.015561
 133.200000 -2.801338 2.993641 0.392099
 133.400000 -2.762083 2.997690 0.932526
 133.600000 -2.769286 2.923836 1.204205
 133.800000 -2.826263 2.916621 1.841109
 134.000000 -2.773258 2.953335 0.279827
 134.200000 -2.852988 3.048738 5.163467
 134.400000 -2.728710 2.977575 2.091551
 134.600000 -2.725668 2.845413 9.633987
 134.800000 -2.783410 2.915896 1.350420
 135.000000 -2.746643 2.950903 1.183193
 135.200000 -2.726115 2.919175 3.351689
 135.400000 -2.806005 3.042725 2.953463
 135.600000 -2.741506 3.067052 6.300777
 135.800000 -2.721117 2.930794 3.207310
 136.000000 -2.820916 2.927480 1.186258
 136.200000 -2.913732 2.973387 7.365410
 136.400000 -2.769005 2.922424 1.272801
 136.600000 -2.717984 2.952283 2.887498
 136.800000 -2.746715 3.022081 2.563022
 137.000000 -2.816288 2.960139 0.306245
 137.200000 -2.710074 2.856172 9.547233
 137.400000 -2.720044 2.954658 2.703811
 137.600000 -2.706115 2.959123 3.764971
 137.800000 -2.819583 3.008020 1.204911
 138.000000 -2.736838 2.986700 1.743503
 138.200000 -2.790873 2.939901 0.370179
 138.400000 -2.750713 2.982259 0.989709
 138.600000 -2.777943 2.991037 0.393797
 138.800000 -2.824995 2.976408 0.570797
 139.000000 -2.846182 2.985390 1.607462
 139.200000 -2.747817 2.985377 1.167269
 139.400000 -2.749060 2.917249 2.185245
 139.600000 -2.644474 2.940781 11.305104
 139.800000 -2.783049 2.994375 0.417982
 140.000000 -2.799265 2.980688 0.115564
 140.200000 -2.774241 2.950948 0.296969
 140.400000 -2.666938 2.914549 9.265022
 140.600000 -2.790034 3.008221 0.850214
 140.800000 -2.801801 2.914625 1.417716
 141.000000 -2.787823 2.850451 6.809855
 141.200000 -2.755285 3.016112 1.896538
 141.400000 -2.822905 3.068193 5.575377
 141.600000 -2.767691 2.950943 0.438292
 141.800000 -2.774582 2.932650 0.753028
 142.000000 -2.787408 2.973090 0.031286
 142.200000 -2.782738 2.940140 0.410245
 142.400000 -2.662735 2.967145 8.423006
 142.600000 -2.899385 2.999820 6.245945
 142.800000 -2.786689 2.955097 0.088598
 143.000000 -2.772647 2.975298 0.231543
 143.200000 -2.642453 2.910011 12.888320
 143.400000 -2.785993 2.980235 0.108142
 143.600000 -2.785231 3.065442 4.866129
 143.800000 -2.837165 2.869931 5.713272
 144.000000 -2.718472 2.962614 2.751926
 144.200000 -2.904289 2.911454 7.791351
 144.400000 -2.850325 2.936543 2.135948
 144.600000 -2.857989 2.918445 3.324346
 144.800000 -2.730965 2.908284 3.622191
 145.000000 -2.773123 2.953884 0.275064
 145.200000 -2.745654 3.001530 1.692620
 145.400000 -2.768497 2.974591 0.317082
 145.600000 -2.752758 2.958596 0.826612
 145.800000 -2.778670 3.016289 1.307787
 146.000000 -2.739184 2.951648 1.541504
 146.200000 -2.783678 2.936753 0.498407
 146.400000 -2.786135 2.994349 0.392785
 146.600000 -2.743976 2.919136 2.326924
 146.800000 -2.782412 2.974570 0.079357
 147.000000 -2.862249 3.006623 3.213172
 147.200000 -2.730319 2.901943 4.054948
 147.400000 -2.769671 2.940964 0.601674
 147.600000 -2.882375 2.948140 4.215335
 147.800000 -2.787623 2.980289 0.099535
 148.000000 -2.692427 2.940080 5.373910
 148.200000 -2.830707 2.942690 1.025813
 148.400000 -2.802454 2.953684 0.138729
 148.600000 -2.767924 2.931461 0.936279
 148.800000 -2.758634 2.938190 0.991079
 149.000000 -2.773100 2.981492 0.292834
 149.200000 -2.793668 3.070397 5.339944
 149.400000 -2.787076 2.973367 0.034747
 149.600000 -2.797672 2.914359 1.401947
 149.800000 -2.850609 2.959268 1.717132
 150.000000 -2.749864 2.933252 1.481517
 150.200000 -2.703749 2.936125 4.419228
 150.400000 -2.776548 3.041082 2.867308
 150.600000 -2.809655 2.966230 0.147039
 150.800000 -2.784838 2.920302 1.122705
 151.000000 -2.715558 2.985523 3.132514
 151.200000 -2.742755 2.946401 1.451998
 151.400000 -2.759452 2.986412 0.734217
 151.600000 -2.768701 2.992278 0.601821
 151.800000 -2.794259 2.942124 0.312390
 152.000000 -2.803248 3.009394 0.953558
 152.200000 -2.771887 2.901059 2.391068
 152.400000 -2.828811 2.857142 6.699206
 152.600000 -2.772489 3.034656 2.485415
 152.800000 -2.714008 2.967648 3.082753
 153.000000 -2.677785 2.900592 8.791827
 153.200000 -2.771069 3.008742 1.098928
 153.400000 -2.816527 3.002372 0.911468
 153.600000 -2.773650 2.966964 0.178180
 153.800000 -2.750182 2.862807 6.330849
 154.000000 -2.725744 2.903958 4.220879
 154.200000 -2.753743 3.003421 1.413163
 154.400000 -2.736125 3.075926 7.516559
 154.600000 -2.832398 3.019999 2.196161
 154.800000 -2.816273 2.997079 0.732507
 155.000000 -2.714792 2.867707 7.956852
 155.200000 -2.685985 2.890124 8.635165
 155.400000 -2.802595 2.980191 0.136890
 155.600000 -2.822641 3.013123 1.514321
 155.800000 -2.783910 2.985825 0.213196
 156.000000 -2.760634 2.997224 0.963543
 156.200000 -2.747186 2.955270 1.097379
 156.400000 -2.747232 2.942630 1.324211
 156.600000 -2.721146 3.005278 3.277959
 156.800000 -2.770425 2.934512 0.773917
 157.000000 -2.783807 2.991944 0.347637
 157.200000 -2.786850 2.912762 1.490214
 157.400000 -2.783489 2.887939 3.170884
 157.600000 -2.781691 3.067428 5.095555
 157.800000 -2.775448 3.025841 1.873487
 158.000000 -2.754610 2.946162 0.937216
 158.200000 -2.800717 2.893247 2.757720
 158.400000 -2.814265 2.905531 2.129151
 158.600000 -2.836396 2.984588 1.115889
 158.800000 -2.789954 2.986688 0.195943
 159.000000 -2.762248 2.961766 0.472418
 159.200000 -2.771047 2.923129 1.195667
 159.400000 -2.798777 2.964929 0.021805
 159.600000 -2.762398 2.947241 0.650285
 159.800000 -2.824724 2.990670 0.797068
 160.000000 -2.745434 2.988294 1.334301
 160.200000 -2.768941 2.967562 0.278269
 160.400000 -2.726799 2.878878 6.048107
 160.600000 -2.853993 2.893957 4.561091
 160.800000 -2.797606 3.035050 2.324208
 161.000000 -2.904184 2.999730 6.767356
 161.200000 -2.826284 2.979932 0.652625
 161.400000 -2.837715 2.929238 1.736206
 161.600000 -2.671838 2.902838 9.345117
 161.800000 -2.858235 2.923728 3.097584
 162.000000 -2.733263 2.969779 1.759794
 162.200000 -2.791695 2.936261 0.474632
 162.400000 -2.753340 2.955562 0.833913
 162.600000 -2.864821 2.960233 2.636526
 162.800000 -2.704678 2.910439 5.461675
 163.000000 -2.836152 2.960199 0.975115
 163.200000 -2.693125 3.033592 7.153652
 163.400000 -2.787548 2.915305 1.351664
 163.600000 -2.769190 2.982012 0.384088
 163.800000 -2.797532 2.927613 0.790527
 164.000000 -2.680347 2.965166 6.293988
 164.200000 -2.834774 3.037505 3.373695
 164.400000 -2.759477 2.955548 0.612420
 164.600000 -2.771973 2.924605 1.112446
 164.800000 -2.801166 2.986941 0.234950
 165.000000 -2.860940 2.954705 2.416507
 165.200000 -2.848028 2.935234 2.046638
 165.400000 -2.855354 2.931395 2.609646
 165.600000 -2.750229 2.950662 1.028990
 165.800000 -2.801835 2.881946 3.665469
 166.000000 -2.757339 2.958309 0.657385
 166.200000 -2.799259 2.950713 0.156267
 166.400000 -2.836720 2.975937 1.015945
 166.600000 -2.855142 2.884687 5.352916
 166.800000 -2.805019 2.896568 2.562601
 167.000000 -2.736138 3.109545 11.740897
 167.200000 -2.693153 3.009806 5.851209
 167.400000 -2.814524 2.896699 2.717216
 167.600000 -2.835728 2.970640 0.939564
 167.800000 -2.831206 3.010752 1.702548
 168.000000 -2.683553 3.060294 10.284042
 168.200000 -2.783997 2.993176 0.377421
 168.400000 -2.758457 2.897838 2.976191
 168.600000 -2.810085 2.934227 0.693131
 168.800000 -2.772027 2.936944 0.663602
 169.000000 -2.814587 2.912452 1.734332
 169.200000 -2.834150 2.946173 1.084362
 169.400000 -2.746510 3.009280 1.950055
 169.600000 -2.708158 3.011722 4.556393
 169.800000 -2.841583 2.876317 5.320406
 170.000000 -2.816637 2.841651 8.154337
 170.200000 -2.814227 2.918986 1.391017
 170.400000 -2.694903 3.008369 5.618396
 170.600000 -2.798182 2.987448 0.223832
 170.800000 -2.841027 2.927094 1.974762
 171.000000 -2.902672 2.913814 7.483590
 171.200000 -2.753596 2.941224 1.091554
 171.400000 -2.743325 2.943499 1.487969
 171.600000 -2.736101 3.019268 2.954793
 171.800000 -2.900929 2.946009 6.097105
 172.000000 -2.779682 2.882206 3.682549
 172.200000 -2.739362 2.994374 1.786284
 172.400000 -2.707187 2.933168 4.215734
 172.600000 -2.774090 2.939091 0.561070
 172.800000 -2.757933 2.991025 0.885549
 173.000000 -2.827526 2.945477 0.845354
 173.200000 -2.846191 2.818725 12.441589
 173.400000 -2.780719 2.938845 0.467746
 173.600000 -2.713719 3.007823 3.936205
 173.800000 -2.819781 2.917745 1.587377
 174.000000 -2.777676 3.024331 1.750271
 174.200000 -2.818497 2.955489 0.404158
 174.400000 -2.767930 2.922897 1.277648
 174.600000 -2.733216 2.975321 1.792984
 174.800000 -2.755926 2.940004 1.035820
 175.000000 -2.745747 2.951911 1.208923
 175.200000 -2.776439 2.961339 0.145770
 175.400000 -2.737393 2.950589 1.655525
 175.600000 -2.699024 2.936090 4.850942
 175.800000 -2.891021 2.871088 9.455860
 176.000000 -2.777932 3.069379 5.341070
 176.200000 -2.788153 2.863570 5.364639
 176.400000 -2.777932 2.948377 0.281035
 176.600000 -2.781443 3.024233 1.695797
 176.800000 -2.753197 2.932714 1.363237
 177.000000 -2.819732 2.955807 0.433376
 177.200000 -2.844050 2.963570 1.333393
 177.400000 -2.816611 2.958102 0.330140
 177.600000 -2.662279 2.946725 8.689050
 177.800000 -2.688064 2.953997 5.541594
 178.000000 -2.707520 2.974999 3.644610
 178.200000 -2.879264 2.943081 4.049173
 178.400000 -2.731287 2.986937 2.072716
 178.600000 -2.760634 2.982045 0.620860
 178.800000 -2.784767 3.016204 1.237697
 179.000000 -2.791853 2.946021 0.221537
 179.200000 -2.768930 2.959355 0.308095
 179.400000 -2.751283 3.053133 4.554795
 179.600000 -2.746071 2.933342 1.647512
 179.800000 -2.823977 2.941795 0.813709
 180.000000 -2.786571 2.940319 0.375280
 180.200000 -2.710440 2.972214 3.382371
 180.400000 -2.723051 2.916970 3.667955
 180.600000 -2.830132 2.966054 0.707574
 180.800000 -2.871954 2.954462 3.233656
 181.000000 -2.832020 2.999146 1.294614
 181.200000 -2.774999 2.989079 0.396042
 181.400000 -2.767461 3.002678 0.948490
 181.600000 -2.680161 2.930751 6.972211
 181.800000 -2.698178 2.888619 7.527299
 182.000000 -2.711671 2.987061 3.468817
 182.200000 -2.804979 2.986016 0.257207
 182.400000 -2.748837 2.908666 2.659337
 182.600000 -2.778390 2.915605 1.423699
 182.800000 -2.727444 2.916426 3.399754
 183.000000 -2.742875 3.040133 3.902501
 183.200000 -2.783083 3.018346 1.359753
 183.400000 -2.815057 2.895629 2.804952
 183.600000 -2.722837 3.008218 3.275326
 183.800000 -2.720209 3.044761 5.633684
 184.000000 -2.721954 2.919451 3.623547
 184.200000 -2.804143 2.926419 0.893294
 184.400000 -2.828028 2.987168 0.832337
 184.600000 -2.794982 2.960401 0.025184
 184.800000 -2.773977 2.923089 1.138746
 185.000000 -2.838725 3.022547 2.606551
 185.200000 -2.839883 2.979972 1.204647
 185.400000 -2.743802 2.962481 1.197547
 185.600000 -2.677080 2.931578 7.293425
 185.800000 -2.709546 2.914264 4.836651
 186.000000 -2.767278 2.887309 3.498876
 186.200000 -2.887663 2.938199 4.941937
 186.400000 -2.686665 3.041990 8.410667
 186.600000 -2.777677 3.050714 3.609314
 186.800000 -2.677355 2.946566 6.842306
 187.000000 -2.811056 2.878973 4.051291
 187.200000 -2.722132 2.897468 4.899166
 187.400000 -2.823557 3.008353 1.334028
 187.600000 -2.740516 2.965510 1.353781
 187.800000 -2.854036 2.932119 2.502118
 188.000000 -2.744818 2.985297 1.304344
 188.200000 -2.731338 2.876332 5.987790
 188.400000 -2.726452 2.841960 10.007921
 188.600000 -2.794424 3.078197 6.177593
 188.800000 -2.760384 3.050484 3.996370
 189.000000 -2.827060 2.967117 0.596281
 189.200000 -2.769111 3.043787 3.217694
 189.400000 -2.783723 2.923769 0.975795
 189.600000 -2.744071 2.894239 3.825382
 189.800000 -2.815930 2.987123 0.475129
 190.000000 -2.743170 2.997814 1.690948
 190.200000 -2.769413 3.033659 2.484862
 190.400000 -2.713705 2.996032 3.526135
 190.600000 -2.788534 2.934025 0.553631
 190.800000 -2.702580 2.956462 4.101391
 191.000000 -2.728838 3.022753 3.578999
 191.200000 -2.727505 2.967776 2.114200
 191.400000 -2.849102 2.935911 2.085490
 191.600000 -2.854091 2.949164 2.055193
 191.800000 -2.842877 2.980586 1.359042
 192.000000 -2.834062 2.940936 1.203797
 192.200000 -2.788893 2.896932 2.465573
 192.400000 -2.685088 2.995802 6.184635
 192.600000 -2.786128 3.027743 1.861708
 192.800000 -2.804866 2.886109 3.352604
 193.000000 -2.848123 2.913770 2.965379
 193.200000 -2.748761 2.969170 0.959948
 193.400000 -2.861869 2.986999 2.602935
 193.600000 -2.792247 2.989607 0.254237
 193.800000 -2.830969 2.879129 4.604775
 194.000000 -2.730032 2.953704 2.042013
 194.200000 -2.856186 2.863376 7.401412
 194.400000 -2.789868 2.955423 0.071241
 194.600000 -2.847204 2.993465 1.843418
 194.800000 -2.780839 2.947349 0.262564
 195.000000 -2.874735 2.902777 5.445227
 195.200000 -2.762839 2.867510 5.395739
 195.400000 -2.823315 2.908565 2.184778
 195.600000 -2.826388 3.026293 2.327548
 195.800000 -2.776679 2.972833 0.142250
 196.000000 -2.777506 2.866309 5.188205
 196.200000 -2.826493 2.993889 0.936754
 196.400000 -2.717986 3.016433 3.997066
 196.600000 -2.740182 2.953757 1.458463
 196.800000 -2.802026 3.006332 0.816286
 197.000000 -2.848815 3.000867 2.155628
 197.200000 -2.848632 2.873279 5.971267
 197.400000 -2.697155 2.919962 5.656993
 197.600000 -2.736649 2.871043 6.170810
 197.800000 -2.785042 2.952871 0.128667
 198.000000 -2.768655 2.976262 0.327278
 198.200000 -2.765697 3.027259 2.171892
 198.400000 -2.747719 3.122271 13.049154
 198.600000 -2.797535 2.957459 0.058627
 198.800000 -2.756158 2.891364 3.526292
 199.000000 -2.691698 2.952002 5.196561
 199.200000 -2.715161 3.003329 3.650499
 199.400000 -2.753840 2.991989 1.059066
 199.600000 -2.821975 2.991164 0.724093
 199.800000 -2.797079 2.856604 6.110634
 200.000000 -2.815409 2.938499 0.669655
