#! FIELDS time phi psi restraint.bias
#! SET min_phi -pi
#! SET max_phi pi
#! SET min_psi -pi
#! SET max_psi pi
 0.000000 -2.235141 0.790992 25.033777
 0.200000 -2.376580 0.801896 4.740601
 0.400000 -2.452759 0.855589 0.189024
 0.600000 -2.384334 0.834306 2.483722
 0.800000 -2.344897 0.801416 7.395563
 1.000000 -2.379538 0.790297 5.435299
 1.200000 -2.448480 0.841778 0.489573
 1.400000 -2.439872 0.837661 0.619066
 1.600000 -2.393852 0.881123 1.266318
 1.800000 -2.472498 0.923417 1.709496
 2.000000 -2.503753 0.875350 1.821189
 2.200000 -2.409772 0.924912 1.932361
 2.400000 -2.426986 0.870262 0.138598
 2.600000 -2.455663 0.843483 0.500238
 2.800000 -2.411259 0.841027 1.018940
 3.000000 -2.483163 0.868403 0.797205
 3.200000 -2.421440 0.906488 0.814452
 3.400000 -2.402484 0.944972 3.453729
 3.600000 -2.551298 0.841712 6.293408
 3.800000 -2.410980 0.864886 0.557771
 4.000000 -2.391188 0.950689 4.410183
 4.200000 -2.512759 0.800137 5.031227
 4.400000 -2.481518 0.853947 0.899355
 4.600000 -2.403980 0.984619 7.046244
 4.800000 -2.401319 0.879956 0.914553
 5.000000 -2.555049 0.888075 6.344706
 5.200000 -2.445006 0.809507 1.995622
 5.400000 -2.367500 0.874724 2.887171
 5.600000 -2.482990 0.919928 1.898187
 5.800000 -2.566036 0.828505 8.487342
 6.000000 -2.387414 0.887262 1.677195
 6.200000 -2.356779 0.920598 4.905686
 6.400000 -2.489387 0.833254 1.831197
 6.600000 -2.470955 0.890251 0.532591
 6.800000 -2.428809 0.798647 2.846645
 7.000000 -2.386896 0.899161 1.950830
 7.200000 -2.451777 0.943875 2.570073
 7.400000 -2.389573 0.976420 6.834533
 7.600000 -2.431082 0.923273 1.357204
 7.800000 -2.442858 0.890754 0.163797
 8.000000 -2.466753 0.912992 1.084415
 8.200000 -2.427895 0.900947 0.521107
 8.400000 -2.399641 0.738622 9.943867
 8.600000 -2.409707 0.966851 5.005243
 8.800000 -2.471053 0.878107 0.395469
 9.000000 -2.449455 0.847907 0.324431
 9.200000 -2.404927 0.943837 3.275175
 9.400000 -2.417130 0.919197 1.429292
 9.600000 -2.386390 0.901972 2.058008
 9.800000 -2.443452 0.779433 4.346035
 10.000000 -2.458222 0.841588 0.591818
 10.200000 -2.377165 0.907571 2.806811
 10.400000 -2.479348 0.748323 8.374402
 10.600000 -2.392323 0.800533 3.909042
 10.800000 -2.360544 0.861893 3.495595
 11.000000 -2.425248 0.888515 0.291486
 11.200000 -2.471441 0.806420 2.585605
 11.400000 -2.372936 0.886500 2.582560
 11.600000 -2.391909 0.779206 5.696022
 11.800000 -2.360882 0.839362 3.964149
 12.000000 -2.428167 0.824926 1.256435
 12.200000 -2.500976 0.833562 2.418504
 12.400000 -2.421384 0.856163 0.379851
 12.600000 -2.412742 0.888776 0.601610
 12.800000 -2.411449 0.916321 1.465306
 13.000000 -2.384325 0.890330 1.904576
 13.200000 -2.396669 0.904100 1.588862
 13.400000 -2.503177 0.883018 1.836608
 13.600000 -2.332480 0.918373 7.203071
 13.800000 -2.390159 0.798368 4.180546
 14.000000 -2.419331 0.817931 1.789026
 14.200000 -2.492220 0.791734 4.463570
 14.400000 -2.399153 0.839352 1.536477
 14.600000 -2.401452 0.839436 1.434472
 14.800000 -2.499150 0.874615 1.552514
 15.000000 -2.480358 0.865208 0.708499
 15.200000 -2.390082 0.869456 1.429824
 15.400000 -2.375828 0.967329 6.767711
 15.600000 -2.506460 0.856415 2.116463
 15.800000 -2.410111 0.834094 1.299944
 16.000000 -2.384026 0.875215 1.769488
 16.200000 -2.469058 0.855583 0.473500
 16.400000 -2.503515 0.817448 3.327695
 16.600000 -2.393534 0.887479 1.356060
 16.800000 -2.376746 0.823057 3.455925
 17.000000 -2.431222 0.835251 0.774798
 17.200000 -2.453966 0.889253 0.192774
 17.400000 -2.478954 0.869073 0.636327
 17.600000 -2.420351 0.912203 1.048699
 17.800000 -2.438730 0.867714 0.023445
 18.000000 -2.455813 0.857480 0.191578
 18.200000 -2.372672 0.856653 2.633728
 18.400000 -2.466347 0.809047 2.285477
 18.600000 -2.469664 0.864332 0.378000
 18.800000 -2.361801 0.984197 9.553929
 19.000000 -2.460259 0.876967 0.150340
 19.200000 -2.522889 0.889951 3.303858
 19.400000 -2.440494 0.865856 0.027579
 19.600000 -2.353045 0.941543 6.459675
 19.800000 -2.447362 0.941059 2.346487
 20.000000 -2.509460 0.882421 2.225557
 20.200000 -2.431752 0.958282 3.733705
 20.400000 -2.457592 0.990829 7.081285
 20.600000 -2.552693 0.911825 6.732578
 20.800000 -2.419591 0.935636 2.267570
 21.000000 -2.477130 0.951802 3.698162
 21.200000 -2.430735 0.879333 0.103210
 21.400000 -2.539583 0.914876 5.510607
 21.600000 -2.597541 0.825199 12.996788
 21.800000 -2.378322 0.857555 2.235730
 22.000000 -2.394488 0.918000 2.226828
 22.200000 -2.452718 0.885118 0.120390
 22.400000 -2.460841 0.931549 1.884742
 22.600000 -2.470020 0.934222 2.247313
 22.800000 -2.372693 0.888064 2.622642
 23.000000 -2.444476 0.907479 0.606535
 23.200000 -2.534659 0.882910 4.211048
 23.400000 -2.413374 0.879530 0.476167
 23.600000 -2.456840 0.912398 0.878865
 23.800000 -2.543469 0.895791 5.268247
 24.000000 -2.506820 0.830239 2.907128
 24.200000 -2.420718 0.978596 5.869347
 24.400000 -2.448897 0.891885 0.199476
 24.600000 -2.471450 0.841525 0.876548
 24.800000 -2.493231 0.907584 1.848198
 25.000000 -2.421800 0.868534 0.243119
 25.200000 -2.423286 0.904546 0.711731
 25.400000 -2.491262 0.950678 4.185504
 25.600000 -2.349012 0.895913 4.730581
 25.800000 -2.495883 0.904468 1.879776
 26.000000 -2.508437 0.921583 3.307456
 26.200000 -2.425845 0.916088 1.097970
 26.400000 -2.403769 0.940094 3.061094
 26.600000 -2.506343 0.894461 2.214616
 26.800000 -2.455802 0.864263 0.111449
 27.000000 -2.402279 0.885487 0.930205
 27.200000 -2.513092 0.927543 3.930058
 27.400000 -2.486727 0.927441 2.436218
 27.600000 -2.453666 0.980038 5.816639
 27.800000 -2.416540 0.870600 0.364506
 28.000000 -2.430950 0.856134 0.214900
 28.200000 -2.476118 0.859809 0.615880
 28.400000 -2.403064 0.893471 1.032420
 28.600000 -2.435651 0.853073 0.222412
 28.800000 -2.437109 0.831342 0.873950
 29.000000 -2.443151 0.903022 0.460825
 29.200000 -2.422057 0.905236 0.759515
 29.400000 -2.458421 0.856113 0.248891
 29.600000 -2.468503 0.874587 0.315408
 29.800000 -2.445425 0.773797 4.889315
 30.000000 -2.398012 0.829009 1.985729
 30.200000 -2.464864 0.894076 0.458289
 30.400000 -2.479851 0.912403 1.451692
 30.600000 -2.342910 0.860494 5.129286
 30.800000 -2.395866 0.934085 3.018889
 31.000000 -2.490827 0.873566 1.122184
 31.200000 -2.425070 0.848297 0.466012
 31.400000 -2.389846 0.821303 2.756308
 31.600000 -2.443940 0.820244 1.374098
 31.800000 -2.541692 0.888618 4.951973
 32.000000 -2.426287 0.870848 0.149115
 32.200000 -2.407820 0.855669 0.779545
 32.400000 -2.489643 0.957535 4.667841
 32.600000 -2.501826 0.896840 1.995462
 32.800000 -2.452142 0.834094 0.781519
 33.000000 -2.374006 0.836965 3.049196
 33.200000 -2.410388 0.843105 0.983796
 33.400000 -2.465796 0.906479 0.821123
 33.600000 -2.418481 0.828677 1.279483
 33.800000 -2.384647 0.901923 2.157605
 34.000000 -2.477466 0.898849 0.920974
 34.200000 -2.362891 0.910057 3.944844
 34.400000 -2.393448 0.918005 2.278517
 34.600000 -2.538681 0.906771 5.115037
 34.800000 -2.417676 0.837776 0.941055
 35.000000 -2.335947 0.838373 6.367647
 35.200000 -2.431899 0.793180 3.225707
 35.400000 -2.377467 0.856955 2.301013
 35.600000 -2.423928 0.879250 0.212452
 35.800000 -2.388791 0.804668 3.806184
 36.000000 -2.312607 0.871524 8.562013
 36.200000 -2.508632 0.857201 2.243165
 36.400000 -2.471929 0.899351 0.761295
 36.600000 -2.290128 0.893012 11.962456
 36.800000 -2.478300 0.811610 2.470701
 37.000000 -2.455560 0.859999 0.153410
 37.200000 -2.369941 0.847223 3.026220
 37.400000 -2.461404 0.843297 0.592212
 37.600000 -2.469529 0.946539 3.068460
 37.800000 -2.399695 0.881861 1.000000
 38.000000 -2.366430 0.762034 9.086421
 38.200000 -2.363914 0.845708 3.527221
 38.400000 -2.503858 0.829122 2.771887
 38.600000 -2.454187 0.791429 3.357181
 38.800000 -2.360691 0.843025 3.864729
 39.000000 -2.504078 0.873897 1.837999
 39.200000 -2.418525 0.965455 4.615949
 39.400000 -2.465047 0.829297 1.173367
 39.600000 -2.411562 0.885478 0.590861
 39.800000 -2.451292 0.874600 0.032535
 40.000000 -2.503567 0.874502 1.808083
 40.200000 -2.426994 0.833196 0.914451
 40.400000 -2.339971 0.837113 5.986987
 40.600000 -2.510142 0.855935 2.363126
 40.800000 -2.498743 0.759533 7.927504
 41.000000 -2.323710 0.848019 7.473838
 41.200000 -2.423782 0.846533 0.535042
 41.400000 -2.464578 0.915083 1.122606
 41.600000 -2.473255 0.823188 1.667823
 41.800000 -2.375160 0.957760 5.953142
 42.000000 -2.433624 1.001764 8.381716
 42.200000 -2.427303 0.817962 1.626720
 42.400000 -2.410365 0.803585 2.933644
 42.600000 -2.465014 0.990048 7.121646
 42.800000 -2.389303 0.871156 1.467687
 43.000000 -2.417732 0.816795 1.891701
 43.200000 -2.462542 0.876714 0.190248
 43.400000 -2.482268 0.848686 1.040489
 43.600000 -2.370325 0.932669 4.474692
 43.800000 -2.401301 0.869681 0.893167
 44.000000 -2.432951 0.787795 3.656616
 44.200000 -2.460795 0.891586 0.329237
 44.400000 -2.481283 0.858678 0.813083
 44.600000 -2.425294 0.802312 2.639754
 44.800000 -2.373995 0.772436 7.435656
 45.000000 -2.483860 0.828856 1.775609
 45.200000 -2.421496 0.788271 3.802379
 45.400000 -2.319527 0.810817 9.592318
 45.600000 -2.451086 0.803494 2.421358
 45.800000 -2.357258 0.806083 5.932015
 46.000000 -2.324980 0.878928 7.038448
 46.200000 -2.401257 0.885700 0.975535
 46.400000 -2.390690 0.830548 2.279323
 46.600000 -2.352525 0.763936 10.045648
 46.800000 -2.435183 0.865980 0.056607
 47.000000 -2.483817 0.828594 1.785405
 47.200000 -2.389260 0.827783 2.476039
 47.400000 -2.431213 0.805174 2.352470
 47.600000 -2.464205 0.864068 0.252106
 47.800000 -2.448437 0.894031 0.240647
 48.000000 -2.476179 0.820438 1.899031
 48.200000 -2.508596 0.862908 2.168904
 48.400000 -2.523825 0.916956 4.210040
 48.600000 -2.400638 0.900604 1.307199
 48.800000 -2.425880 0.830007 1.064402
 49.000000 -2.492240 0.816337 2.776130
 49.200000 -2.422698 0.845322 0.589376
 49.400000 -2.401348 0.819024 2.325419
 49.600000 -2.431343 0.857474 0.188802
 49.800000 -2.474697 0.828071 1.482130
 50.000000 -2.297778 0.858354 10.714189
 50.200000 -2.316312 0.818568 9.546596
 50.400000 -2.427013 0.878469 0.152109
 50.600000 -2.482709 0.849299 1.043186
 50.800000 -2.379320 0.801986 4.554735
 51.000000 -2.326278 0.846110 7.218498
 51.200000 -2.448302 0.872681 0.011720
 51.400000 -2.466013 0.861990 0.311277
 51.600000 -2.321727 0.867047 7.425329
 51.800000 -2.425526 0.842528 0.614936
 52.000000 -2.493810 0.841200 1.762532
 52.200000 -2.381899 0.972246 6.853138
 52.400000 -2.499877 0.812729 3.387533
 52.600000 -2.367116 0.745195 11.038486
 52.800000 -2.402102 0.868429 0.864245
 53.000000 -2.448222 0.852980 0.205081
 53.200000 -2.455578 0.912481 0.866079
 53.400000 -2.360753 0.997228 11.178347
 53.600000 -2.459342 0.875681 0.130651
 53.800000 -2.385870 0.893896 1.883757
 54.000000 -2.451517 0.882145 0.077382
 54.200000 -2.507800 0.780000 6.363110
 54.400000 -2.393473 0.901098 1.653623
 54.600000 -2.437584 0.900191 0.396124
 54.800000 -2.425770 0.907049 0.747638
 55.000000 -2.295564 0.892295 11.129416
 55.200000 -2.423657 0.861192 0.261897
 55.400000 -2.471677 0.881873 0.440465
 55.600000 -2.313661 0.970478 13.207805
 55.800000 -2.437849 0.844379 0.415782
 56.000000 -2.459800 0.854451 0.299336
 56.200000 -2.418334 0.803081 2.736654
 56.400000 -2.440169 0.760034 6.348224
 56.600000 -2.399199 0.871187 0.980647
 56.800000 -2.440475 0.887417 0.113274
 57.000000 -2.415499 0.862742 0.440159
 57.200000 -2.398372 0.920294 2.150798
 57.400000 -2.445559 0.949260 2.935632
 57.600000 -2.551902 0.809555 7.871151
 57.800000 -2.457210 0.882251 0.140467
 58.000000 -2.389709 0.911368 2.193643
 58.200000 -2.447420 0.818080 1.497556
 58.400000 -2.409386 0.848985 0.860924
 58.600000 -2.447643 0.851643 0.229706
 58.800000 -2.447369 0.870120 0.010873
 59.000000 -2.404982 0.891700 0.921504
 59.200000 -2.388302 0.888998 1.654639
 59.400000 -2.446900 0.872073 0.006089
 59.600000 -2.431333 0.925455 1.466979
 59.800000 -2.438561 0.916403 0.968535
 60.000000 -2.472830 0.918968 1.503286
 60.200000 -2.455964 0.941550 2.450756
 60.400000 -2.471716 0.814418 2.095488
 60.600000 -2.424287 0.887226 0.289844
 60.800000 -2.428132 0.919819 1.229272
 61.000000 -2.435218 0.833264 0.810189
 61.200000 -2.435995 0.870989 0.029271
 61.400000 -2.381055 0.942672 4.397749
 61.600000 -2.406733 0.842041 1.143358
 61.800000 -2.390245 0.795313 4.407585
 62.000000 -2.416509 0.855442 0.511512
 62.200000 -2.344162 0.814906 6.598163
 62.400000 -2.460312 0.867847 0.153594
 62.600000 -2.447889 0.860458 0.084299
 62.800000 -2.427459 0.868922 0.135040
 63.000000 -2.431529 0.894413 0.307669
 63.200000 -2.440738 0.779145 4.376631
 63.400000 -2.487151 0.850540 1.199151
 63.600000 -2.394083 0.896815 1.510732
 63.800000 -2.398355 0.895538 1.278886
 64.000000 -2.494145 0.839758 1.825858
 64.200000 -2.458610 0.859795 0.197563
 64.400000 -2.387715 0.904647 2.065229
 64.600000 -2.481913 0.854896 0.897156
 64.800000 -2.508886 0.815921 3.750090
 65.000000 -2.443995 0.855451 0.148290
 65.200000 -2.411410 0.874975 0.516297
 65.400000 -2.397454 0.829553 1.987605
 65.600000 -2.440928 0.921789 1.209793
 65.800000 -2.437738 0.935922 2.017123
 66.000000 -2.382323 0.925166 3.247109
 66.200000 -2.438675 0.887569 0.122528
 66.400000 -2.446581 0.849582 0.271271
 66.600000 -2.451799 0.852598 0.236087
 66.800000 -2.401036 0.876890 0.908859
 67.000000 -2.480197 0.814429 2.370431
 67.200000 -2.397384 0.911896 1.831090
 67.400000 -2.439517 0.919513 1.105159
 67.600000 -2.422310 0.902878 0.680125
 67.800000 -2.342814 0.899273 5.418939
 68.000000 -2.430816 0.926395 1.523428
 68.200000 -2.477971 0.981869 6.558221
 68.400000 -2.404053 0.913459 1.608602
 68.600000 -2.366747 0.893806 3.165955
 68.800000 -2.474846 0.858322 0.595372
 69.000000 -2.503079 0.959042 5.507687
 69.200000 -2.483672 0.949096 3.729324
 69.400000 -2.445020 0.945961 2.687393
 69.600000 -2.410398 0.939267 2.764508
 69.800000 -2.486180 0.889191 1.049003
 70.000000 -2.417247 0.842371 0.802421
 70.200000 -2.507739 0.858332 2.168570
 70.400000 -2.429235 0.829138 1.048469
 70.600000 -2.416184 0.818316 1.848934
 70.800000 -2.406457 0.921698 1.886762
 71.000000 -2.565294 0.871918 7.421966
 71.200000 -2.423794 1.001433 8.484001
 71.400000 -2.423963 0.955911 3.655040
 71.600000 -2.449922 0.841221 0.515218
 71.800000 -2.428326 0.842714 0.563055
 72.000000 -2.403999 0.855880 0.919506
 72.200000 -2.427953 0.860094 0.199260
 72.400000 -2.473613 0.873408 0.454838
 72.600000 -2.502775 0.879368 1.781542
 72.800000 -2.407965 0.846138 0.981802
 73.000000 -2.441130 0.953705 3.286526
 73.200000 -2.487046 0.944262 3.512935
 73.400000 -2.382883 0.874928 1.837380
 73.600000 -2.488920 0.832394 1.844143
 73.800000 -2.429786 0.870278 0.096347
 74.000000 -2.434666 0.846510 0.380718
 74.200000 -2.541403 0.823884 5.986045
 74.400000 -2.341633 0.923243 6.463507
 74.600000 -2.453410 0.872784 0.049495
 74.800000 -2.499169 0.922785 2.807716
 75.000000 -2.456818 0.904559 0.597844
 75.200000 -2.459065 0.895559 0.383817
 75.400000 -2.519418 0.915134 3.786616
 75.600000 -2.443519 0.882681 0.050169
 75.800000 -2.370727 0.934762 4.573166
 76.000000 -2.503757 0.942550 4.259762
 76.200000 -2.431794 0.911731 0.831148
 76.400000 -2.411625 0.876088 0.512627
 76.600000 -2.348702 0.912816 5.295672
 76.800000 -2.437719 0.862612 0.067006
 77.000000 -2.374381 0.786573 6.091935
 77.200000 -2.425478 0.786281 3.892723
 77.400000 -2.468168 0.908990 0.964985
 77.600000 -2.492432 0.880702 1.231373
 77.800000 -2.361608 0.937652 5.461615
 78.000000 -2.407858 0.848359 0.929166
 78.200000 -2.470461 0.903989 0.855126
 78.400000 -2.398191 0.893101 1.233490
 78.600000 -2.299879 0.844048 10.717389
 78.800000 -2.398444 0.828322 1.996394
 79.000000 -2.516478 0.835375 3.361003
 79.200000 -2.356318 0.884022 3.861468
 79.400000 -2.392062 0.880860 1.354492
 79.600000 -2.478969 0.876943 0.639577
 79.800000 -2.490216 0.929243 2.693588
 80.000000 -2.367962 0.815353 4.492379
 80.200000 -2.363795 0.837414 3.794644
 80.400000 -2.516934 0.820602 4.054349
 80.600000 -2.458510 0.873880 0.113977
 80.800000 -2.442415 0.818164 1.485698
 81.000000 -2.468639 0.861786 0.376141
 81.200000 -2.489811 0.935201 3.029533
 81.400000 -2.388524 0.914130 2.368746
 81.600000 -2.371883 0.919992 3.681602
 81.800000 -2.509489 0.831132 3.042361
 82.000000 -2.443231 0.847468 0.317455
 82.200000 -2.456328 0.822187 1.356759
 82.400000 -2.393961 0.821866 2.515385
 82.600000 -2.457121 0.786044 3.844845
 82.800000 -2.507746 0.906716 2.646035
 83.000000 -2.393069 0.972586 6.261815
 83.200000 -2.435751 0.976538 5.424600
 83.400000 -2.417835 0.884120 0.393963
 83.600000 -2.410141 0.930282 2.215027
 83.800000 -2.485122 0.930943 2.566044
 84.000000 -2.540310 0.810908 6.596820
 84.200000 -2.404248 0.890357 0.925338
 84.400000 -2.457151 0.906212 0.656410
 84.600000 -2.473102 0.965015 4.703624
 84.800000 -2.482129 0.930295 2.408251
 85.000000 -2.497455 0.916477 2.417419
 85.200000 -2.449228 0.947204 2.794652
 85.400000 -2.404029 0.961869 4.756174
 85.600000 -2.444155 0.900548 0.388994
 85.800000 -2.523261 0.933278 5.021046
 86.000000 -2.505505 0.858912 2.019285
 86.200000 -2.533565 0.828651 5.027979
 86.400000 -2.401571 0.869295 0.883052
 86.600000 -2.449447 0.909040 0.679494
 86.800000 -2.404334 0.903634 1.244996
 87.000000 -2.397413 0.880630 1.091923
 87.200000 -2.449875 0.877647 0.032983
 87.400000 -2.438563 0.876474 0.019251
 87.600000 -2.379269 0.867934 2.071464
 87.800000 -2.417563 0.792325 3.562619
 88.000000 -2.430240 0.819014 1.526582
 88.200000 -2.416302 0.789340 3.840289
 88.400000 -2.428745 0.831428 0.958514
 88.600000 -2.347388 0.871534 4.615643
 88.800000 -2.456774 0.863971 0.126408
 89.000000 -2.423543 0.842204 0.662299
 89.200000 -2.431911 0.833908 0.817730
 89.400000 -2.425659 0.902598 0.606456
 89.600000 -2.432467 0.809433 2.059556
 89.800000 -2.448033 0.852358 0.216628
 90.000000 -2.434716 0.801320 2.583269
 90.200000 -2.442510 0.826646 1.059307
 90.400000 -2.410843 0.839226 1.091045
 90.600000 -2.372053 0.877174 2.559690
 90.800000 -2.333154 0.892810 6.286754
 91.000000 -2.538558 0.836711 5.167995
 91.200000 -2.382079 0.895026 2.133869
 91.400000 -2.409632 0.941707 2.955613
 91.600000 -2.494808 0.821560 2.624057
 91.800000 -2.420040 0.837620 0.888344
 92.000000 -2.359177 0.905345 4.085885
 92.200000 -2.379389 0.810277 3.998707
 92.400000 -2.464830 0.782822 4.264177
 92.600000 -2.358625 0.871535 3.599224
 92.800000 -2.324149 0.862977 7.164579
 93.000000 -2.388312 0.826955 2.565398
 93.200000 -2.489486 0.821017 2.392883
 93.400000 -2.304101 0.841373 10.200225
 93.600000 -2.443467 0.727957 10.470128
 93.800000 -2.400090 0.762382 7.021600
 94.000000 -2.399890 0.884424 1.018342
 94.200000 -2.415340 0.860578 0.468442
 94.400000 -2.370147 0.818083 4.177001
 94.600000 -2.352796 0.865539 4.135445
 94.800000 -2.407297 0.843820 1.069919
 95.000000 -2.472056 0.860300 0.485275
 95.200000 -2.418598 0.878681 0.327174
 95.400000 -2.360465 0.818327 4.920447
 95.600000 -2.470385 0.802303 2.837793
 95.800000 -2.424217 0.874895 0.187645
 96.000000 -2.266698 0.835130 16.326921
 96.200000 -2.444278 0.876222 0.006661
 96.400000 -2.460964 0.853438 0.338013
 96.600000 -2.359788 0.817574 5.018070
 96.800000 -2.349138 0.867127 4.463774
 97.000000 -2.497734 0.903455 1.946803
 97.200000 -2.405170 0.832469 1.540957
 97.400000 -2.335497 0.843374 6.257066
 97.600000 -2.460266 0.852433 0.345857
 97.800000 -2.515533 0.798985 5.311579
 98.000000 -2.351752 0.862578 4.256121
 98.200000 -2.405060 0.850644 0.979753
 98.400000 -2.441899 0.872589 0.001223
 98.600000 -2.340127 0.859060 5.431490
 98.800000 -2.394396 0.859798 1.286484
 99.000000 -2.416887 0.903691 0.834407
 99.200000 -2.349923 0.866389 4.394411
 99.400000 -2.414085 0.918542 1.483852
 99.600000 -2.376187 0.821792 3.556873
 99.800000 -2.327689 0.825613 7.808492
 100.000000 -2.446055 0.792671 3.202846
 100.200000 -2.374301 0.825277 3.514380
 100.400000 -2.390062 0.813301 3.187753
 100.600000 -2.442178 0.837422 0.621849
 100.800000 -2.444391 0.895906 0.270516
 101.000000 -2.448629 0.904468 0.519093
 101.200000 -2.454762 0.870049 0.067277
 101.400000 -2.407873 0.913747 1.477121
 101.600000 -2.555078 0.936988 8.297978
 101.800000 -2.511441 0.870077 2.313969
 102.000000 -2.369513 0.930627 4.413939
 102.200000 -2.347851 0.880523 4.601516
 102.400000 -2.496191 0.796816 4.266766
 102.600000 -2.473467 0.893952 0.676751
 102.800000 -2.385045 0.847531 2.022079
 103.000000 -2.433943 0.826662 1.103411
 103.200000 -2.507153 0.931229 3.743245
 103.400000 -2.507695 0.895215 2.317250
 103.600000 -2.361849 0.882192 3.375653
 103.800000 -2.471643 0.876743 0.405440
 104.000000 -2.411700 0.938824 2.692865
 104.200000 -2.317649 0.899671 8.278952
 104.400000 -2.446801 0.858058 0.112250
 104.600000 -2.476362 0.902299 0.980364
 104.800000 -2.432661 0.919303 1.145886
 105.000000 -2.469946 0.890977 0.518402
 105.200000 -2.500972 0.900537 2.042191
 105.400000 -2.474523 0.959349 4.239516
 105.600000 -2.496973 0.868675 1.439751
 105.800000 -2.496900 0.972385 6.399975
 106.000000 -2.463115 0.921169 1.369502
 106.200000 -2.535129 0.861759 4.260982
 106.400000 -2.476242 0.874578 0.539121
 106.600000 -2.377286 0.973778 7.301568
 106.800000 -2.487472 0.934735 2.894880
 107.000000 -2.517141 0.837534 3.331483
 107.200000 -2.425909 0.960120 3.978267
 107.400000 -2.537113 0.850987 4.620341
 107.600000 -2.587567 0.923797 11.690525
 107.800000 -2.403668 0.976588 6.191813
 108.000000 -2.451613 0.872180 0.033343
 108.200000 -2.503568 0.936401 3.837581
 108.400000 -2.461087 0.930188 1.809829
 108.600000 -2.446484 0.888597 0.131494
 108.800000 -2.452052 0.977761 5.559477
 109.000000 -2.487964 0.903871 1.477166
 109.200000 -2.385815 0.887914 1.777784
 109.400000 -2.473979 0.836231 1.129382
 109.600000 -2.506437 0.860188 2.060855
 109.800000 -2.411976 0.947264 3.278219
 110.000000 -2.431821 0.828060 1.062535
 110.200000 -2.504584 0.838251 2.460151
 110.400000 -2.414284 0.971543 5.314125
 110.600000 -2.494976 0.909550 2.007140
 110.800000 -2.549057 0.832156 6.395756
 111.000000 -2.387706 0.923388 2.840758
 111.200000 -2.458781 0.905741 0.664368
 111.400000 -2.481321 0.804210 3.059712
 111.600000 -2.391447 0.932517 3.143865
 111.800000 -2.458761 0.901604 0.535790
 112.000000 -2.412985 0.881663 0.504870
 112.200000 -2.421929 0.919097 1.309801
 112.400000 -2.477786 0.906299 1.154748
 112.600000 -2.433801 0.916312 0.999200
 112.800000 -2.470057 0.929971 1.995720
 113.000000 -2.485711 0.915922 1.828120
 113.200000 -2.370090 0.904082 3.185209
 113.400000 -2.492522 0.916115 2.147443
 113.600000 -2.561923 0.849547 7.283888
 113.800000 -2.414433 0.941689 2.803522
 114.000000 -2.447556 0.943376 2.508410
 114.200000 -2.458867 0.939641 2.361604
 114.400000 -2.466366 0.919350 1.352105
 114.600000 -2.492192 0.976989 6.629171
 114.800000 -2.497508 0.995633 9.021141
 115.000000 -2.434076 0.975517 5.333372
 115.200000 -2.520400 0.895291 3.215767
 115.400000 -2.494008 0.908893 1.933740
 115.600000 -2.469310 0.805051 2.619885
 115.800000 -2.485419 0.867667 0.892739
 116.000000 -2.430547 0.849472 0.352341
 116.200000 -2.382736 0.886280 1.936478
 116.400000 -2.458372 0.977056 5.559941
 116.600000 -2.536327 0.929005 5.899181
 116.800000 -2.434878 0.888489 0.162042
 117.000000 -2.404441 0.972373 5.732156
 117.200000 -2.368019 0.836926 3.484373
 117.400000 -2.482622 0.845807 1.127452
 117.600000 -2.474042 0.797737 3.274686
 117.800000 -2.509169 0.786653 5.857768
 118.000000 -2.388886 0.875890 1.494415
 118.200000 -2.372905 0.839524 3.038209
 118.400000 -2.500378 0.883169 1.674973
 118.600000 -2.482747 0.949505 3.723910
 118.800000 -2.458557 0.948802 3.012436
 119.000000 -2.411302 0.871986 0.517342
 119.200000 -2.426286 0.873274 0.147680
 119.400000 -2.382137 0.966661 6.297964
 119.600000 -2.470211 0.874758 0.359986
 119.800000 -2.423817 0.842282 0.654485
 120.000000 -2.433535 0.802309 2.524216
 120.200000 -2.349332 0.908062 5.056595
 120.400000 -2.394908 0.960286 5.017453
 120.600000 -2.426028 0.863166 0.197061
 120.800000 -2.486654 0.826824 1.983488
 121.000000 -2.435630 0.816781 1.592157
 121.200000 -2.516932 0.845175 3.076800
 121.400000 -2.454358 0.900713 0.452726
 121.600000 -2.353942 0.986383 10.472775
 121.800000 -2.478979 0.967989 5.174098
 122.000000 -2.545040 1.014104 15.161707
 122.200000 -2.364313 0.946923 5.889281
 122.400000 -2.439070 0.829646 0.934924
 122.600000 -2.439678 0.842155 0.472563
 122.800000 -2.423433 0.839610 0.746857
 123.000000 -2.441187 0.826033 1.089842
 123.200000 -2.431789 0.910769 0.794079
 123.400000 -2.438414 0.891194 0.184397
 123.600000 -2.398980 0.910428 1.702300
 123.800000 -2.396799 0.892365 1.282744
 124.000000 -2.466756 0.840159 0.799617
 124.200000 -2.418059 0.825546 1.432717
 124.400000 -2.418617 0.851280 0.537266
 124.600000 -2.456923 0.852020 0.303709
 124.800000 -2.447556 0.902313 0.447907
 125.000000 -2.410001 0.914110 1.418671
 125.200000 -2.472782 0.867114 0.445263
 125.400000 -2.432245 0.928550 1.624478
 125.600000 -2.366399 0.884846 3.043462
 125.800000 -2.440225 0.882721 0.055798
 126.000000 -2.442407 0.961880 3.980256
 126.200000 -2.411314 0.882253 0.562678
 126.400000 -2.327947 0.831809 7.506363
 126.600000 -2.487107 0.853115 1.143590
 126.800000 -2.442174 0.946900 2.756257
 127.000000 -2.372058 0.872209 2.549282
 127.200000 -2.331884 0.768128 11.688598
 127.400000 -2.423743 0.871918 0.194671
 127.600000 -2.454964 0.875505 0.070194
 127.800000 -2.328897 0.840022 7.095263
 128.000000 -2.428975 0.816876 1.661104
 128.200000 -2.499278 0.901809 1.982486
 128.400000 -2.396961 0.951985 4.226971
 128.600000 -2.421313 0.887886 0.361125
 128.800000 -2.432678 0.815156 1.711737
 129.000000 -2.446568 0.854494 0.169909
 129.200000 -2.473882 0.807178 2.606958
 129.400000 -2.447015 0.853197 0.195817
 129.600000 -2.396744 0.942879 3.556272
 129.800000 -2.469541 0.910700 1.063438
 130.000000 -2.538098 0.962131 8.480272
 130.200000 -2.453570 1.029556 12.358514
 130.400000 -2.421887 0.988195 6.906387
 130.600000 -2.558749 0.945754 9.316732
 130.800000 -2.430721 0.911044 0.817634
 131.000000 -2.421059 0.859947 0.331790
 131.200000 -2.538547 0.866295 4.541005
 131.400000 -2.423055 0.781925 4.325057
 131.600000 -2.426295 0.915279 1.055316
 131.800000 -2.476501 0.842407 1.003577
 132.000000 -2.468189 0.894750 0.549617
 132.200000 -2.500493 0.964335 5.828107
 132.400000 -2.461596 0.912912 0.974374
 132.600000 -2.495377 0.957375 4.935540
 132.800000 -2.498093 0.949107 4.414053
 133.000000 -2.448765 0.986983 6.548390
 133.200000 -2.455964 0.954858 3.456074
 133.400000 -2.501479 0.978963 7.332696
 133.600000 -2.448291 0.928972 1.596935
 133.800000 -2.448755 0.887272 0.120702
 134.000000 -2.479835 0.892105 0.850509
 134.200000 -2.485725 0.894464 1.130729
 134.400000 -2.440332 0.871396 0.005700
 134.600000 -2.510958 0.830848 3.152213
 134.800000 -2.443408 0.927387 1.497283
 135.000000 -2.466498 0.870959 0.266818
 135.200000 -2.438682 0.872283 0.011491
 135.400000 -2.490100 0.899368 1.444156
 135.600000 -2.421792 0.980868 6.088779
 135.800000 -2.508897 0.857944 2.249275
 136.000000 -2.467442 0.909035 0.948955
 136.200000 -2.421178 0.930742 1.934742
 136.400000 -2.514630 0.945188 5.162342
 136.600000 -2.488310 0.887406 1.114352
 136.800000 -2.493947 0.870069 1.277814
 137.000000 -2.411696 0.943755 3.031385
 137.200000 -2.434236 0.880785 0.075520
 137.400000 -2.492128 0.921006 2.352708
 137.600000 -2.398776 0.944803 3.600353
 137.800000 -2.481952 0.894866 0.987238
 138.000000 -2.495596 0.869023 1.365677
 138.200000 -2.419221 0.935023 2.238092
 138.400000 -2.417560 0.889298 0.473778
 138.600000 -2.357979 0.856300 3.787455
 138.800000 -2.492929 0.895158 1.476510
 139.000000 -2.502982 0.908441 2.411365
 139.200000 -2.351358 0.911979 5.014329
 139.400000 -2.408707 0.826163 1.685089
 139.600000 -2.507233 0.857344 2.150776
 139.800000 -2.435226 0.938509 2.201614
 140.000000 -2.395253 0.874975 1.164679
 140.200000 -2.465522 0.865495 0.269043
 140.400000 -2.446222 0.896791 0.294851
 140.600000 -2.417337 0.877562 0.353227
 140.800000 -2.436939 0.899558 0.382896
 141.000000 -2.519069 0.908752 3.509398
 141.200000 -2.365856 0.870424 3.013764
 141.400000 -2.336884 0.887990 5.796806
 141.600000 -2.471364 0.808107 2.473162
 141.800000 -2.454560 0.890643 0.223211
 142.000000 -2.388396 0.922019 2.733978
 142.200000 -2.414932 0.840331 0.929688
 142.400000 -2.514369 0.952784 5.723506
 142.600000 -2.388731 0.854328 1.665777
 142.800000 -2.405942 0.963637 4.841831
 143.000000 -2.538573 0.965053 8.791033
 143.200000 -2.320256 0.965157 11.867067
 143.400000 -2.472065 0.843603 0.831390
 143.600000 -2.474891 0.884848 0.568149
 143.800000 -2.415517 0.848865 0.673638
 144.000000 -2.466506 0.915004 1.161842
 144.200000 -2.436194 0.903285 0.495217
 144.400000 -2.409504 0.883817 0.638732
 144.600000 -2.355028 0.929632 5.532857
 144.800000 -2.502635 0.893397 1.965679
 145.000000 -2.471105 0.885083 0.459209
 145.200000 -2.412142 0.854398 0.657258
 145.400000 -2.468919 0.923126 1.597254
 145.600000 -2.460993 0.942641 2.602007
 145.800000 -2.378826 0.923973 3.405137
 146.000000 -2.441883 0.893188 0.211843
 146.200000 -2.452229 0.899887 0.408979
 146.400000 -2.526811 0.910507 4.189605
 146.600000 -2.435053 0.807317 2.170515
 146.800000 -2.431645 0.839972 0.604221
 147.000000 -2.480311 0.906255 1.243145
 147.200000 -2.409574 0.888810 0.704486
 147.400000 -2.444797 0.814296 1.704323
 147.600000 -2.560178 0.984585 13.074612
 147.800000 -2.391924 0.973769 6.439055
 148.000000 -2.439347 0.780557 4.250374
 148.200000 -2.390145 0.898353 1.751265
 148.400000 -2.533491 0.817630 5.567123
 148.600000 -2.462756 0.854316 0.354492
 148.800000 -2.395125 0.817037 2.715408
 149.000000 -2.423232 0.910354 0.914851
 149.200000 -2.529537 0.886014 3.793635
 149.400000 -2.461643 0.908302 0.800286
 149.600000 -2.453916 0.953460 3.318579
 149.800000 -2.432880 0.945295 2.693570
 150.000000 -2.440482 0.925444 1.397281
 150.200000 -2.488790 0.874986 1.030047
 150.400000 -2.489822 0.762118 7.184969
 150.600000 -2.388356 0.847194 1.842618
 150.800000 -2.409366 0.893589 0.800129
 151.000000 -2.472469 0.788915 3.927700
 151.200000 -2.349340 0.968359 9.008062
 151.400000 -2.456250 0.951776 3.211074
 151.600000 -2.428545 0.877846 0.124666
 151.800000 -2.425255 0.880265 0.194617
 152.000000 -2.336343 0.901290 6.146876
 152.200000 -2.431256 0.811812 1.926017
 152.400000 -2.428592 0.894751 0.354447
 152.600000 -2.412165 0.815655 2.114782
 152.800000 -2.430703 0.874023 0.082300
 153.000000 -2.394047 0.931579 2.956296
 153.200000 -2.559615 0.774066 11.606689
 153.400000 -2.351610 0.952529 7.407454
 153.600000 -2.466568 0.942353 2.695191
 153.800000 -2.508319 0.853589 2.285242
 154.000000 -2.445946 0.803293 2.409307
 154.200000 -2.342245 0.846531 5.463763
 154.400000 -2.481757 0.872189 0.733424
 154.600000 -2.380293 0.839438 2.547082
 154.800000 -2.372544 0.859660 2.599182
 155.000000 -2.448434 0.852011 0.225648
 155.200000 -2.490325 0.898958 1.443768
 155.400000 -2.491183 0.893098 1.347480
 155.600000 -2.413566 0.884387 0.515566
 155.800000 -2.506005 0.923651 3.255715
 156.000000 -2.415375 0.919087 1.471925
 156.200000 -2.374144 0.871562 2.402995
 156.400000 -2.440825 0.881649 0.043839
 156.600000 -2.553091 0.777559 10.531870
 156.800000 -2.401505 1.012055 10.595013
 157.000000 -2.442236 0.831016 0.868059
 157.200000 -2.456439 0.880925 0.118332
 157.400000 -2.416750 0.892579 0.555039
 157.600000 -2.480702 0.917849 1.714237
 157.800000 -2.476563 0.885004 0.624000
 158.000000 -2.437799 0.901873 0.442588
 158.200000 -2.504523 0.854111 2.036387
 158.400000 -2.455951 0.897539 0.387357
 158.600000 -2.392896 0.890502 1.437500
 158.800000 -2.485314 0.840844 1.382121
 159.000000 -2.422822 0.850673 0.454792
 159.200000 -2.409958 0.825060 1.694331
 159.400000 -2.446030 0.886796 0.103147
 159.600000 -2.484688 0.810964 2.753316
 159.800000 -2.499144 0.936587 3.593335
 160.000000 -2.418507 1.023610 11.703576
 160.200000 -2.470477 0.923201 1.641867
 160.400000 -2.497789 0.925052 2.847988
 160.600000 -2.504445 0.986864 8.380253
 160.800000 -2.533861 0.851254 4.315306
 161.000000 -2.466145 0.796652 3.146266
 161.200000 -2.407905 0.960084 4.453158
 161.400000 -2.507075 0.968926 6.656488
 161.600000 -2.428252 0.886906 0.217062
 161.800000 -2.444787 0.916883 0.978499
 162.000000 -2.481316 0.905981 1.271495
 162.200000 -2.403030 0.869522 0.822252
 162.400000 -2.413933 0.925457 1.829486
 162.600000 -2.523622 0.874328 3.214252
 162.800000 -2.464939 0.932714 2.033645
 163.000000 -2.372095 0.945098 5.169861
 163.200000 -2.433276 0.858800 0.147987
 163.400000 -2.493969 0.921346 2.460458
 163.600000 -2.401440 0.983044 6.974667
 163.800000 -2.331540 0.867539 6.276263
 164.000000 -2.391307 0.851841 1.576813
 164.200000 -2.512828 0.887582 2.517142
 164.400000 -2.395408 0.839872 1.692252
 164.600000 -2.380977 0.872879 1.952136
 164.800000 -2.412566 0.856275 0.611556
 165.000000 -2.472150 0.866340 0.431541
 165.200000 -2.392507 0.900900 1.696750
 165.400000 -2.446567 0.915588 0.926031
 165.600000 -2.483576 0.925500 2.200399
 165.800000 -2.438868 0.869728 0.014857
 166.000000 -2.465407 0.815588 1.869707
 166.200000 -2.452954 0.907585 0.654776
 166.400000 -2.448026 0.795144 3.015141
 166.600000 -2.431764 0.847809 0.377314
 166.800000 -2.372962 0.910562 3.203206
 167.000000 -2.433630 0.840907 0.552599
 167.200000 -2.356081 0.833575 4.581603
 167.400000 -2.387557 0.900714 1.956038
 167.600000 -2.467419 0.822635 1.538482
 167.800000 -2.412638 0.865709 0.499217
 168.000000 -2.411800 0.879228 0.522734
 168.200000 -2.430046 0.824762 1.237301
 168.400000 -2.395786 0.829505 2.067826
 168.600000 -2.424171 0.883018 0.239642
 168.800000 -2.489817 0.916092 2.017412
 169.000000 -2.446922 0.978902 5.649210
 169.200000 -2.452312 0.885616 0.123036
 169.400000 -2.468218 0.916092 1.249412
 169.600000 -2.428936 0.884874 0.180019
 169.800000 -2.422623 0.885672 0.301694
 170.000000 -2.461845 0.857137 0.289555
 170.200000 -2.376330 0.870807 2.255004
 170.400000 -2.484644 0.950359 3.866245
 170.600000 -2.438571 0.915862 0.944946
 170.800000 -2.474474 0.846038 0.835397
 171.000000 -2.450638 0.910368 0.736524
 171.200000 -2.427409 0.942476 2.565612
 171.400000 -2.474285 0.842699 0.924039
 171.600000 -2.425378 0.853373 0.349586
 171.800000 -2.410204 0.863099 0.598762
 172.000000 -2.458693 0.890714 0.278896
 172.200000 -2.406205 0.896565 0.979627
 172.400000 -2.420456 0.875981 0.270124
 172.600000 -2.514100 0.888166 2.615078
 172.800000 -2.430033 0.871663 0.090662
 173.000000 -2.375767 0.854653 2.453414
 173.200000 -2.461810 0.862830 0.216699
 173.400000 -2.462255 0.910253 0.883061
 173.600000 -2.441993 0.901923 0.429090
 173.800000 -2.443977 0.822065 1.280284
 174.000000 -2.406630 0.959292 4.430402
 174.200000 -2.477296 0.899285 0.926713
 174.400000 -2.411428 0.854296 0.681753
 174.600000 -2.356366 0.831484 4.640707
 174.800000 -2.458398 0.880219 0.140092
 175.000000 -2.420868 0.903241 0.722696
 175.200000 -2.406597 0.894351 0.914625
 175.400000 -2.538562 0.813760 6.256954
 175.600000 -2.434164 0.859148 0.134572
 175.800000 -2.391054 0.843608 1.795371
 176.000000 -2.396995 0.825950 2.170673
 176.200000 -2.458633 0.880465 0.145511
 176.400000 -2.369579 0.960083 6.550265
 176.600000 -2.462905 0.887185 0.294463
 176.800000 -2.451295 0.831126 0.893394
 177.000000 -2.385140 0.852676 1.900431
 177.200000 -2.407101 0.827638 1.674737
 177.400000 -2.395137 0.798572 3.912419
 177.600000 -2.446056 0.826602 1.064250
 177.800000 -2.415293 0.834668 1.118583
 178.000000 -2.548683 0.807079 7.686608
 178.200000 -2.367562 0.973800 7.994450
 178.400000 -2.403054 0.924750 2.172786
 178.600000 -2.465461 0.873894 0.242764
 178.800000 -2.323848 0.950654 10.194892
 179.000000 -2.477689 0.769234 5.934707
 179.200000 -2.456807 0.764272 5.963523
 179.400000 -2.397112 0.940626 3.383483
 179.600000 -2.414128 0.955190 3.835383
 179.800000 -2.443757 0.858503 0.100327
 180.000000 -2.444866 0.932039 1.763666
 180.200000 -2.385751 0.948350 4.529397
 180.400000 -2.439809 0.761580 6.176560
 180.600000 -2.523727 0.774231 8.065932
 180.800000 -2.415423 0.846879 0.725494
 181.000000 -2.363301 0.804683 5.523593
 181.200000 -2.431269 0.868354 0.083608
 181.400000 -2.376361 0.877144 2.261231
 181.600000 -2.388385 0.911885 2.285839
 181.800000 -2.487384 0.929371 2.572422
 182.000000 -2.445584 0.906166 0.563431
 182.200000 -2.501724 0.911658 2.457536
 182.400000 -2.504628 0.904334 2.372177
 182.600000 -2.496875 0.814086 3.142269
 182.800000 -2.423435 0.869488 0.205574
 183.000000 -2.452468 0.956169 3.527059
 183.200000 -2.443581 0.944657 2.591434
 183.400000 -2.448181 0.915267 0.918640
 183.600000 -2.465010 0.953242 3.478546
 183.800000 -2.527789 0.912899 4.365028
 184.000000 -2.426350 0.962156 4.150761
 184.200000 -2.500510 0.833261 2.403639
 184.400000 -2.444977 0.913810 0.847630
 184.600000 -2.504235 0.974952 7.078106
 184.800000 -2.380844 1.006943 10.975792
 185.000000 -2.413021 0.922887 1.724464
 185.200000 -2.453299 0.876122 0.054375
 185.400000 -2.531229 0.853566 4.034027
 185.600000 -2.440511 0.809556 1.995728
 185.800000 -2.330430 0.803740 8.763291
 186.000000 -2.476559 0.872508 0.547761
 186.200000 -2.490638 0.918899 2.181643
 186.400000 -2.435876 0.926117 1.457346
 186.600000 -2.436339 0.918500 1.075813
 186.800000 -2.421814 0.908672 0.882583
 187.000000 -2.399752 0.903341 1.425752
 187.200000 -2.410744 0.828078 1.529179
 187.400000 -2.452431 0.740927 8.717696
 187.600000 -2.427914 0.760550 6.405652
 187.800000 -2.408811 0.765517 6.340634
 188.000000 -2.373478 0.855101 2.603055
 188.200000 -2.428263 0.948385 2.982276
 188.400000 -2.361802 0.889964 3.483704
 188.600000 -2.467430 0.807514 2.409584
 188.800000 -2.339212 0.869819 5.437984
 189.000000 -2.406429 0.818737 2.139808
 189.200000 -2.471114 0.778060 4.857377
 189.400000 -2.355089 0.800743 6.491196
 189.600000 -2.329423 0.767605 12.021085
 189.800000 -2.412516 0.786144 4.221737
 190.000000 -2.396085 0.873703 1.122763
 190.200000 -2.263987 0.889852 16.253189
 190.400000 -2.446384 0.834035 0.750401
 190.600000 -2.445970 0.868555 0.011590
 190.800000 -2.351168 0.921319 5.442600
 191.000000 -2.345112 0.821404 6.150103
 191.200000 -2.491116 0.807389 3.265940
 191.400000 -2.418044 0.862274 0.377003
 191.600000 -2.376316 0.813295 4.016602
 191.800000 -2.371491 0.817899 4.089516
 192.000000 -2.348993 0.845148 4.840719
 192.200000 -2.499405 0.831317 2.419714
 192.400000 -2.361034 0.826429 4.465970
 192.600000 -2.351522 0.870827 4.228042
 192.800000 -2.378424 0.808839 4.151760
 193.000000 -2.481850 0.853124 0.927774
 193.200000 -2.288562 0.833117 12.778930
 193.400000 -2.403143 0.736196 10.124582
 193.600000 -2.481070 0.816857 2.264443
 193.800000 -2.351166 0.900564 4.648335
 194.000000 -2.411847 0.810054 2.459797
 194.200000 -2.392045 0.873484 1.322148
 194.400000 -2.457732 0.917339 1.099746
 194.600000 -2.436370 0.884482 0.094967
 194.800000 -2.467015 0.871623 0.277938
 195.000000 -2.357141 0.858515 3.825690
 195.200000 -2.460180 0.820591 1.495584
 195.400000 -2.405468 0.804740 3.028586
 195.600000 -2.395770 0.829423 2.072158
 195.800000 -2.478416 0.865619 0.635756
 196.000000 -2.391488 0.837562 1.966668
 196.200000 -2.468909 0.816565 1.897416
 196.400000 -2.419840 0.925761 1.688609
 196.600000 -2.375462 0.799589 4.982014
 196.800000 -2.424134 0.786657 3.885439
 197.000000 -2.415457 0.826723 1.447411
 197.200000 -2.322185 0.843679 7.773988
 197.400000 -2.447802 0.849797 0.270885
 197.600000 -2.389523 0.895712 1.720208
 197.800000 -2.325694 0.842533 7.388492
 198.000000 -2.439938 0.843718 0.425153
 198.200000 -2.430802 0.820745 1.427952
 198.400000 -2.407126 0.819718 2.061809
 198.600000 -2.367173 0.751374 10.265611
 198.800000 -2.412087 0.710433 13.651725
 199.000000 -2.373833 0.798869 5.146923
 199.200000 -2.413606 0.818393 1.918356
 199.400000 -2.368969 0.849220 3.049359
 199.600000 -2.432569 0.863295 0.103214
 199.800000 -2.456096 0.865962 0.102291
 200.000000 -2.432619 0.857997 0.166349
