#! FIELDS time phi psi restraint.bias
#! SET min_phi -pi
#! SET max_phi pi
#! SET min_psi -pi
#! SET max_psi pi
 0.000000 -0.751689 2.836878 397.357008
 0.200000 -0.104147 -2.999570 5.951784
 0.400000 0.078407 -2.867226 8.057153
 0.600000 0.150130 -2.979643 11.348603
 0.800000 0.041233 -2.880968 4.555951
 1.000000 0.038730 -2.952465 0.856529
 1.200000 0.018965 -2.867880 5.098165
 1.400000 -0.023780 -2.862621 5.736454
 1.600000 0.072059 -2.874027 6.923777
 1.800000 0.127912 -2.977924 8.239823
 2.000000 0.123395 -2.979444 7.689838
 2.200000 0.068928 -2.817961 13.490808
 2.400000 -0.014282 -2.886668 3.333388
 2.600000 0.099076 -2.937572 5.342756
 2.800000 0.124091 -2.900183 9.935563
 3.000000 0.013602 -2.966460 0.092691
 3.200000 0.049612 -2.947402 1.423873
 3.400000 0.143187 -2.915751 11.567565
 3.600000 -0.074595 -2.980093 2.867127
 3.800000 0.101459 -2.933953 5.694971
 4.000000 0.282359 -2.943290 40.145848
 4.200000 0.141687 -2.935378 10.539459
 4.400000 0.042612 -2.958996 0.940392
 4.600000 0.160660 -2.955567 12.971917
 4.800000 0.135947 -2.988955 9.480541
 5.000000 0.088685 -2.876446 8.037879
 5.200000 0.111515 -2.850805 12.975367
 5.400000 0.054667 -2.963503 1.500563
 5.600000 -0.030480 -2.963045 0.472562
 5.800000 0.070440 -2.972989 2.498503
 6.000000 0.006794 -3.002380 0.646829
 6.200000 0.100879 -2.974554 5.116381
 6.400000 0.093698 -2.860562 10.060540
 6.600000 0.041929 -2.918745 2.046174
 6.800000 0.011670 -2.994013 0.431338
 7.000000 0.011972 -3.005356 0.804956
 7.200000 0.077865 -2.969085 3.033557
 7.400000 0.106879 -2.941415 6.040334
 7.600000 0.099135 -2.817961 16.029090
 7.800000 0.085534 -2.873177 8.064964
 8.000000 0.070845 -2.912782 3.982552
 8.200000 0.053278 -2.837066 9.868497
 8.400000 -0.055303 -2.912635 3.010275
 8.600000 0.128293 -3.022011 9.739305
 8.800000 0.089469 -2.952134 4.113755
 9.000000 -0.047399 -2.800107 15.060013
 9.200000 0.066601 -3.022058 3.730215
 9.400000 0.064616 -3.067927 7.174644
 9.600000 0.045738 -2.896009 3.570114
 9.800000 0.103029 -2.978396 5.371705
 10.000000 0.016243 -2.907762 1.890009
 10.200000 0.066063 -2.892082 4.992978
 10.400000 0.071144 -2.942693 2.827609
 10.600000 0.052778 -2.885387 4.727953
 10.800000 0.036277 -2.939799 1.029595
 11.000000 0.059046 -2.900863 3.934237
 11.200000 0.057482 -2.931344 2.289887
 11.400000 0.087948 -2.959973 3.892554
 11.600000 0.167374 -2.914500 15.388323
 11.800000 0.032009 -2.941489 0.839224
 12.000000 0.084102 -2.943179 3.821707
 12.200000 0.236221 -2.936772 28.358827
 12.400000 0.078575 -2.970914 3.094476
 12.600000 0.047308 -2.959797 1.145380
 12.800000 0.097791 -2.803706 18.123772
 13.000000 0.196404 -2.904750 21.228567
 13.200000 0.055124 -2.983309 1.651354
 13.400000 0.052703 -2.900366 3.612839
 13.600000 0.180534 -2.974139 16.321253
 13.800000 -0.013210 -2.972447 0.101765
 14.000000 -0.018602 -2.899713 2.440822
 14.200000 0.138002 -2.917503 10.750235
 14.400000 0.093084 -3.045615 7.417709
 14.600000 0.058092 -2.951430 1.809464
 14.800000 0.025404 -2.950711 0.456313
 15.000000 0.079299 -3.099450 11.907670
 15.200000 0.098453 -2.928234 5.600165
 15.400000 0.156999 -2.963282 12.331409
 15.600000 0.177954 -2.933266 16.404826
 15.800000 0.078191 -2.971789 3.068128
 16.000000 0.041209 -3.041531 3.622081
 16.200000 0.128327 -2.945390 8.468691
 16.400000 0.023539 -2.941307 0.608665
 16.600000 0.061557 -2.975187 1.927650
 16.800000 0.238045 -2.942656 28.630518
 17.000000 0.086620 -2.902854 5.812674
 17.200000 0.082928 -2.929354 4.149379
 17.400000 0.061633 -2.909615 3.549277
 17.600000 0.035388 -3.034543 2.903177
 17.800000 0.093624 -2.960934 4.401482
 18.000000 0.055068 -2.849895 8.379975
 18.200000 0.124482 -2.913352 9.190176
 18.400000 0.110283 -3.122804 18.209248
 18.600000 0.059956 -2.942227 2.105724
 18.800000 0.129832 -2.882029 12.043300
 19.000000 0.000568 -3.004821 0.713124
 19.200000 0.164298 -2.945195 13.735887
 19.400000 0.205350 -2.828920 30.625608
 19.600000 -0.051179 -2.919566 2.437478
 19.800000 0.049684 -2.900454 3.452427
 20.000000 0.091556 -2.858264 10.109543
 20.200000 -0.013735 -2.928245 0.847619
 20.400000 0.071016 -3.039191 5.123156
 20.600000 0.144743 -2.901514 12.623413
 20.800000 -0.025551 -2.955375 0.394695
 21.000000 0.032841 -2.996221 0.964453
 21.200000 0.116259 -2.889277 9.783152
 21.400000 0.116480 -2.986904 6.980717
 21.600000 0.056202 -3.015945 2.774210
 21.800000 0.007745 -2.805452 13.088553
 22.000000 0.094995 -2.899081 6.822567
 22.200000 0.066487 -2.976694 2.256649
 22.400000 0.030843 -2.888951 3.526119
 22.600000 0.134008 -2.996479 9.411852
 22.800000 0.144186 -3.041570 13.170645
 23.000000 0.155057 -2.847044 19.223201
 23.200000 0.061009 -2.957300 1.908682
 23.400000 -0.000021 -2.977009 0.049491
 23.600000 0.049668 -2.830296 10.585624
 23.800000 0.024463 -2.914442 1.683531
 24.000000 0.088034 -3.007573 4.695616
 24.200000 0.127284 -2.890971 10.995392
 24.400000 0.080392 -2.881497 6.891857
 24.600000 -0.008376 -3.023641 1.635805
 24.800000 0.060567 -2.927993 2.597287
 25.000000 0.029358 -2.925648 1.288412
 25.200000 0.003667 -3.036831 2.440737
 25.400000 0.001155 -2.887722 3.147868
 25.600000 0.037796 -2.923616 1.657932
 25.800000 0.041479 -3.097827 9.410276
 26.000000 0.040813 -2.876035 4.975560
 26.200000 0.039649 -2.839751 8.889748
 26.400000 0.005356 -2.944409 0.270866
 26.600000 0.070212 -3.010194 3.395101
 26.800000 0.150291 -2.841095 19.227277
 27.000000 -0.001953 -3.007753 0.829887
 27.200000 0.024485 -2.964410 0.303277
 27.400000 0.198863 -2.866699 24.809438
 27.600000 0.090992 -3.009328 5.033077
 27.800000 0.074073 -3.060502 7.109073
 28.000000 0.165652 -2.988671 13.953827
 28.200000 0.053597 -3.016187 2.643054
 28.400000 -0.028730 -3.035311 2.741788
 28.600000 0.091072 -2.942822 4.440792
 28.800000 0.168742 -2.961230 14.253908
 29.000000 0.082141 -2.970000 3.377876
 29.200000 -0.031466 -2.941814 0.813708
 29.400000 0.123859 -2.943864 7.939576
 29.600000 0.110298 -3.019746 7.470777
 29.800000 0.057927 -2.881542 5.334392
 30.000000 0.052867 -2.877853 5.376352
 30.200000 0.040812 -2.944219 1.093659
 30.400000 0.009038 -2.978877 0.110661
 30.600000 0.023075 -2.959364 0.295839
 30.800000 0.157145 -2.932708 12.937241
 31.000000 0.079475 -2.892178 5.961754
 31.200000 0.177401 -2.939791 16.107308
 31.400000 0.062416 -2.940557 2.299083
 31.600000 0.023838 -2.885603 3.601722
 31.800000 0.124949 -2.936361 8.277271
 32.000000 0.097424 -2.975826 4.784091
 32.200000 0.072750 -2.863770 7.980644
 32.400000 0.066227 -2.969763 2.196653
 32.600000 0.051542 -2.972470 1.342908
 32.800000 0.116449 -2.921695 7.809121
 33.000000 0.092979 -2.845840 11.669655
 33.200000 0.071363 -2.910022 4.172979
 33.400000 0.082127 -2.960294 3.395327
 33.600000 0.137931 -2.948140 9.691448
 33.800000 0.127607 -2.946555 8.352044
 34.000000 0.125215 -3.060446 12.199849
 34.200000 0.121570 -2.912972 8.852298
 34.400000 0.136228 -2.931257 9.919998
 34.600000 0.065325 -3.001577 2.729419
 34.800000 0.121612 -2.989950 7.656674
 35.000000 0.078356 -2.976967 3.118887
 35.200000 0.093281 -2.905008 6.275817
 35.400000 0.036676 -2.858529 6.562056
 35.600000 0.053973 -2.972926 1.473756
 35.800000 0.184403 -3.009299 17.894297
 36.000000 0.092580 -2.857485 10.288841
 36.200000 0.105611 -2.893053 8.315289
 36.400000 0.071199 -2.906706 4.355930
 36.600000 0.006104 -2.950576 0.154478
 36.800000 0.022407 -3.000212 0.800583
 37.000000 0.040300 -2.922272 1.815021
 37.200000 0.094799 -2.888300 7.594997
 37.400000 0.156157 -2.905824 14.067418
 37.600000 0.053806 -2.910914 3.023701
 37.800000 0.092014 -3.012061 5.245799
 38.000000 0.013366 -3.009644 0.996038
 38.200000 0.002127 -2.959280 0.032528
 38.400000 0.111275 -2.932930 6.773455
 38.600000 0.132165 -2.932424 9.333597
 38.800000 0.120986 -2.950192 7.461110
 39.000000 0.032676 -2.972299 0.547598
 39.200000 0.028345 -3.038025 2.919789
 39.400000 0.064036 -2.975511 2.086005
 39.600000 0.143347 -2.866828 15.297403
 39.800000 0.173581 -2.887282 18.247410
 40.000000 0.078040 -2.949428 3.200550
 40.200000 0.003204 -2.931156 0.649678
 40.400000 0.025890 -2.947575 0.524970
 40.600000 0.021757 -2.972444 0.251168
 40.800000 0.121442 -2.990342 7.645153
 41.000000 0.072404 -2.931376 3.257804
 41.200000 0.009732 -2.941382 0.377027
 41.400000 0.045737 -2.904504 3.002578
 41.600000 0.079729 -2.930698 3.839453
 41.800000 0.036401 -2.961355 0.678790
 42.000000 0.037229 -2.957123 0.742370
 42.200000 0.118883 -2.876853 11.135182
 42.400000 0.118046 -2.920997 8.028300
 42.600000 0.076601 -3.021950 4.440338
 42.800000 0.082582 -2.882006 7.026920
 43.000000 0.056026 -2.959379 1.598964
 43.200000 0.010979 -2.970358 0.065707
 43.400000 0.150745 -2.925033 12.245153
 43.600000 0.107149 -2.855148 12.002592
 43.800000 0.063773 -2.897570 4.447890
 44.000000 0.082705 -2.973198 3.438900
 44.200000 0.021937 -2.918760 1.407048
 44.400000 -0.005522 -2.897300 2.448429
 44.600000 0.029755 -2.980497 0.532951
 44.800000 0.113956 -2.890270 9.441331
 45.000000 0.054249 -2.915193 2.816549
 45.200000 0.025320 -2.988489 0.550160
 45.400000 -0.002730 -2.878288 3.943925
 45.600000 0.106214 -3.014737 6.777274
 45.800000 0.110421 -2.997098 6.547541
 46.000000 0.063176 -2.908512 3.709563
 46.200000 0.130366 -2.917703 9.715743
 46.400000 -0.012083 -3.009071 0.955461
 46.600000 0.037417 -2.973141 0.718520
 46.800000 0.054841 -2.945075 1.745427
 47.000000 0.006629 -3.012519 1.055226
 47.200000 0.087609 -2.968798 3.839171
 47.400000 0.208162 -2.925301 22.537510
 47.600000 0.198040 -2.969653 19.613287
 47.800000 0.090456 -2.922981 5.062646
 48.000000 0.056015 -2.890295 4.515289
 48.200000 0.036573 -2.920581 1.748919
 48.400000 0.064198 -2.890817 4.967167
 48.600000 0.036004 -2.923266 1.607078
 48.800000 0.120998 -2.959711 7.347243
 49.000000 0.034701 -2.872222 5.099165
 49.200000 0.083962 -2.978004 3.584691
 49.400000 0.115786 -2.933987 7.250106
 49.600000 0.026693 -2.944567 0.609230
 49.800000 0.032757 -3.025601 2.250063
 50.000000 0.076749 -2.962687 2.954757
 50.200000 0.034139 -2.978988 0.653878
 50.400000 0.014852 -2.942734 0.406158
 50.600000 0.124802 -2.969918 7.791902
 50.800000 0.049903 -3.038001 3.761475
 51.000000 0.054118 -2.903276 3.498537
 51.200000 0.121097 -2.909765 8.973632
 51.400000 0.076638 -2.908781 4.634910
 51.600000 0.007621 -2.954676 0.105716
 51.800000 0.027372 -2.897689 2.780799
 52.000000 0.026501 -2.922472 1.345157
 52.200000 0.028952 -3.037682 2.912869
 52.400000 -0.029870 -2.880165 4.221485
 52.600000 0.120351 -2.852674 13.784335
 52.800000 0.089355 -2.952656 4.095916
 53.000000 0.048034 -2.907606 2.921030
 53.200000 0.063050 -2.975109 2.020074
 53.400000 0.052093 -3.053020 5.051420
 53.600000 0.045353 -3.023288 2.609257
 53.800000 0.038570 -2.897203 3.183806
 54.000000 0.100544 -2.909557 6.707808
 54.200000 0.062221 -2.986890 2.132359
 54.400000 0.120995 -2.955984 7.381247
 54.600000 0.066308 -2.921934 3.216547
 54.800000 -0.078943 -2.929436 3.823813
 55.000000 0.045122 -2.855896 7.196692
 55.200000 0.121293 -2.946927 7.558659
 55.400000 0.051356 -2.984144 1.464680
 55.600000 0.081948 -2.891549 6.208682
 55.800000 0.144474 -2.947985 10.618231
 56.000000 0.041391 -2.986041 1.036732
 56.200000 0.046433 -2.903045 3.126975
 56.400000 0.109230 -2.896584 8.449021
 56.600000 0.049443 -2.965683 1.223262
 56.800000 0.011897 -2.903599 2.084403
 57.000000 0.127135 -2.852124 14.686772
 57.200000 0.103818 -2.927750 6.161751
 57.400000 0.000007 -2.934077 0.543924
 57.600000 0.024630 -2.917899 1.511722
 57.800000 0.089463 -2.946560 4.211921
 58.000000 0.053302 -2.962031 1.433192
 58.200000 0.084842 -2.947842 3.783777
 58.400000 0.071610 -2.916902 3.821913
 58.600000 0.011536 -2.968733 0.067938
 58.800000 0.076170 -2.905289 4.808747
 59.000000 0.137037 -2.919595 10.515995
 59.200000 0.122125 -3.041849 10.253980
 59.400000 0.052033 -2.920720 2.427417
 59.600000 0.055644 -2.877086 5.595749
 59.800000 0.067689 -2.984022 2.434773
 60.000000 0.083347 -2.894373 6.115061
 60.200000 0.052408 -2.908717 3.075227
 60.400000 0.072637 -2.979133 2.710967
 60.600000 0.078683 -2.975774 3.133496
 60.800000 0.091652 -2.892558 6.975356
 61.000000 0.049992 -2.947718 1.436644
 61.200000 0.015790 -2.914660 1.497517
 61.400000 0.040287 -2.904598 2.762273
 61.600000 0.047175 -2.969803 1.116518
 61.800000 0.115748 -2.987492 6.907590
 62.000000 0.141952 -2.885812 13.375717
 62.200000 0.133454 -2.889339 11.925326
 62.400000 0.067539 -3.023474 3.872069
 62.600000 0.036473 -2.943057 0.953186
 62.800000 0.107885 -2.912354 7.315959
 63.000000 0.090623 -3.022713 5.654892
 63.200000 0.103109 -2.962016 5.328450
 63.400000 0.008263 -2.910969 1.607226
 63.600000 -0.015203 -2.945982 0.337693
 63.800000 0.052907 -2.948731 1.567566
 64.000000 0.099182 -2.957482 4.964445
 64.200000 0.153580 -2.898541 14.140771
 64.400000 0.135928 -2.904708 11.182029
 64.600000 0.110023 -3.028909 7.965229
 64.800000 0.110590 -3.005636 6.859077
 65.000000 0.047290 -2.943746 1.389947
 65.200000 0.033448 -2.850039 7.406346
 65.400000 0.027629 -2.923818 1.316601
 65.600000 0.030662 -2.919429 1.604407
 65.800000 0.045244 -2.855559 7.239755
 66.000000 0.045877 -2.950600 1.187840
 66.200000 -0.042256 -2.868514 5.748389
 66.400000 0.127524 -2.830433 17.464626
 66.600000 0.051277 -2.923055 2.282886
 66.800000 -0.022813 -2.963827 0.265435
 67.000000 0.123536 -2.896686 10.106853
 67.200000 0.090140 -2.930489 4.731302
 67.400000 -0.096108 -2.973607 4.639761
 67.600000 0.132267 -2.865703 13.883807
 67.800000 0.123640 -2.956279 7.701528
 68.000000 0.004867 -3.018473 1.333531
 68.200000 0.094395 -2.888284 7.557973
 68.400000 0.192602 -2.960269 18.570802
 68.600000 0.005764 -2.975184 0.049613
 68.800000 0.068967 -2.850302 9.194401
 69.000000 0.080042 -2.960290 3.226282
 69.200000 0.066198 -2.940542 2.542690
 69.400000 0.094537 -2.952609 4.573030
 69.600000 0.065738 -3.037316 4.628756
 69.800000 0.002665 -2.968136 0.004132
 70.000000 0.000909 -2.877878 3.977106
 70.200000 0.000438 -2.926142 0.837218
 70.400000 -0.029664 -3.036620 2.859287
 70.600000 0.065464 -3.045532 5.221679
 70.800000 0.150207 -2.961412 11.297013
 71.000000 0.143471 -2.985738 10.466377
 71.200000 0.125756 -2.911726 9.438162
 71.400000 0.091152 -2.872879 8.589369
 71.600000 0.069009 -2.934902 2.898208
 71.800000 0.080563 -2.946579 3.454918
 72.000000 0.088130 -2.959763 3.910096
 72.200000 0.077649 -2.973460 3.035176
 72.400000 0.030136 -2.880287 4.218801
 72.600000 0.018074 -2.907033 1.964925
 72.800000 0.084377 -3.017318 4.822675
 73.000000 0.060342 -2.920103 2.923058
 73.200000 0.093396 -2.901025 6.541672
 73.400000 0.076673 -2.955118 3.010708
 73.600000 0.020780 -2.995381 0.616939
 73.800000 0.078725 -2.905978 4.964285
 74.000000 0.055183 -2.906601 3.350203
 74.200000 0.065905 -2.932786 2.759075
 74.400000 0.136180 -2.889046 12.315563
 74.600000 0.054369 -2.869377 6.248963
 74.800000 0.119591 -2.959872 7.176857
 75.000000 0.079430 -2.928964 3.880220
 75.200000 0.001528 -2.918018 1.203702
 75.400000 0.057414 -2.952550 1.753431
 75.600000 0.077420 -2.935923 3.481680
 75.800000 0.002462 -2.920977 1.064844
 76.000000 -0.015215 -2.904799 2.053964
 76.200000 0.068496 -2.956893 2.397561
 76.400000 0.095909 -2.924168 5.519185
 76.600000 0.031366 -2.901658 2.630620
 76.800000 0.113534 -2.935586 6.940284
 77.000000 0.115383 -2.916192 7.950410
 77.200000 0.077792 -2.954238 3.107994
 77.400000 0.061771 -2.961875 1.921257
 77.600000 0.069333 -2.944184 2.665152
 77.800000 0.049595 -2.934939 1.745701
 78.000000 0.120892 -2.968283 7.308219
 78.200000 0.117821 -2.893803 9.624106
 78.400000 0.154689 -2.974965 11.995598
 78.600000 0.026601 -2.895811 2.892001
 78.800000 0.073592 -2.896207 5.217969
 79.000000 0.123247 -2.914027 9.001181
 79.200000 0.070518 -2.960331 2.509058
 79.400000 0.101012 -2.886020 8.385408
 79.600000 0.094079 -2.896931 6.884481
 79.800000 0.021336 -2.966388 0.227837
 80.000000 0.056761 -2.893890 4.287825
 80.200000 0.019421 -2.924047 1.113620
 80.400000 0.048187 -2.928922 1.888236
 80.600000 0.030701 -2.964859 0.473711
 80.800000 0.072959 -2.965805 2.662290
 81.000000 0.026033 -2.896250 2.845893
 81.200000 0.057143 -2.936772 2.091339
 81.400000 0.091184 -2.907809 5.912625
 81.600000 0.023744 -2.870242 4.968749
 81.800000 0.069187 -2.921878 3.414155
 82.000000 0.010723 -2.902369 2.149919
 82.200000 0.016347 -2.971119 0.141855
 82.400000 0.031937 -2.988757 0.745386
 82.600000 0.102135 -2.876326 9.332110
 82.800000 0.090782 -2.858951 9.964416
 83.000000 0.066698 -2.915273 3.565292
 83.200000 0.088457 -2.983692 4.050602
 83.400000 0.098300 -2.922308 5.832768
 83.600000 0.101815 -3.017809 6.470907
 83.800000 0.069706 -2.948913 2.594132
 84.000000 0.107156 -2.807067 18.539959
 84.200000 0.037097 -2.968203 0.688746
 84.400000 0.068589 -3.021481 3.833019
 84.600000 0.051207 -2.928228 2.065007
 84.800000 0.082046 -2.909857 5.001841
 85.000000 0.063323 -2.897150 4.448589
 85.200000 0.053576 -3.015785 2.622273
 85.400000 0.080458 -3.019959 4.635884
 85.600000 0.132578 -2.990871 9.071974
 85.800000 0.140372 -2.931621 10.480040
 86.000000 0.121405 -2.951487 7.490806
 86.200000 0.036214 -2.909561 2.308755
 86.400000 0.015879 -2.995020 0.516946
 86.600000 0.129572 -2.993108 8.733765
 86.800000 0.122372 -2.943978 7.753818
 87.000000 0.111079 -2.993357 6.515001
 87.200000 0.045746 -2.947160 1.244322
 87.400000 0.014477 -2.968340 0.105617
 87.600000 0.024744 -3.007752 1.134067
 87.800000 0.020884 -2.953072 0.315899
 88.000000 0.118375 -2.935258 7.512014
 88.200000 0.091033 -2.953899 4.230089
 88.400000 0.060664 -2.876281 5.960435
 88.600000 -0.019878 -2.875547 4.384859
 88.800000 0.013030 -2.891068 2.972228
 89.000000 -0.058147 -2.948329 1.865985
 89.200000 0.093584 -2.925437 5.245207
 89.400000 0.135067 -2.841937 16.949486
 89.600000 0.091692 -2.914126 5.604655
 89.800000 0.115370 -2.989197 6.900195
 90.000000 0.047812 -2.925938 1.988504
 90.200000 0.021090 -2.889820 3.205372
 90.400000 0.136832 -2.941525 9.687461
 90.600000 0.134232 -2.909647 10.657206
 90.800000 0.131455 -2.871179 13.236708
 91.000000 0.021707 -2.934997 0.749620
 91.200000 -0.010525 -2.946996 0.256674
 91.400000 0.079517 -2.952091 3.273488
 91.600000 0.080241 -2.949719 3.369627
 91.800000 0.131832 -2.853006 15.193949
 92.000000 0.118692 -2.889219 10.073567
 92.200000 0.033962 -3.020905 2.026342
 92.400000 0.065525 -2.960828 2.166202
 92.600000 0.058355 -2.956193 1.761673
 92.800000 0.190503 -2.982709 18.268149
 93.000000 0.188070 -2.878074 21.644304
 93.200000 0.132123 -2.907990 10.472919
 93.400000 0.176454 -3.033171 17.753461
 93.600000 0.130744 -2.982407 8.664773
 93.800000 0.068868 -2.867376 7.339770
 94.000000 0.135093 -2.979323 9.200261
 94.200000 0.178123 -2.924536 16.767997
 94.400000 0.093813 -2.847228 11.580315
 94.600000 0.168034 -3.000075 14.662698
 94.800000 0.088090 -2.979561 3.958061
 95.000000 0.066656 -2.910816 3.803241
 95.200000 0.117996 -2.981810 7.070306
 95.400000 0.156812 -2.930156 12.975974
 95.600000 0.068076 -2.903691 4.324943
 95.800000 0.079945 -2.925637 4.053518
 96.000000 0.037823 -2.898624 3.056984
 96.200000 0.126183 -2.874615 12.234011
 96.400000 0.110995 -2.842845 13.874619
 96.600000 0.052229 -2.899872 3.621038
 96.800000 0.060472 -2.953365 1.922186
 97.000000 0.115995 -2.936150 7.205094
 97.200000 -0.012567 -2.916948 1.334541
 97.400000 -0.003765 -2.925665 0.863868
 97.600000 0.012996 -2.923118 1.049870
 97.800000 0.077484 -2.962018 3.014583
 98.000000 0.081907 -2.995019 3.745206
 98.200000 0.106711 -2.914541 7.072755
 98.400000 0.138437 -2.910518 11.180851
 98.600000 0.073470 -2.966299 2.699234
 98.800000 0.075465 -2.884569 6.249789
 99.000000 0.050292 -2.908798 2.961850
 99.200000 0.103234 -2.981357 5.430817
 99.400000 0.170278 -2.967462 14.497351
 99.600000 0.074768 -2.905681 4.678764
 99.800000 0.061619 -2.957341 1.945682
 100.000000 -0.001509 -2.949446 0.156252
 100.200000 0.045471 -2.906523 2.866194
 100.400000 0.069585 -2.943877 2.689775
 100.600000 0.046468 -2.996381 1.509530
 100.800000 0.040494 -2.981187 0.919674
 101.000000 -0.000336 -3.014554 1.127915
 101.200000 0.035396 -2.998484 1.120202
 101.400000 0.058948 -2.882805 5.286866
 101.600000 0.132344 -2.897720 11.161469
 101.800000 0.135331 -2.966576 9.157342
 102.000000 0.100732 -2.934833 5.592759
 102.200000 -0.023242 -2.860251 5.974134
 102.400000 0.044639 -2.983194 1.126465
 102.600000 0.046033 -2.909452 2.718866
 102.800000 0.039593 -2.920014 1.890473
 103.000000 0.053968 -2.902888 3.515279
 103.200000 0.091521 -2.950342 4.327838
 103.400000 0.075869 -3.021466 4.358081
 103.600000 -0.017748 -2.946289 0.373192
 103.800000 0.076966 -2.860072 8.685054
 104.000000 0.141173 -3.012103 10.979326
 104.200000 0.149727 -2.992100 11.522648
 104.400000 0.082082 -2.829485 12.832156
 104.600000 0.057554 -2.929931 2.345487
 104.800000 0.027956 -2.933749 0.945552
 105.000000 -0.020021 -2.880513 3.945606
 105.200000 0.075919 -2.924159 3.802026
 105.400000 0.084006 -2.970977 3.536171
 105.600000 0.060954 -2.928655 2.595160
 105.800000 0.013369 -2.842514 7.845200
 106.000000 -0.010175 -2.929067 0.773479
 106.200000 0.071372 -2.927328 3.336263
 106.400000 0.084306 -2.910776 5.137657
 106.600000 -0.041364 -2.902078 2.966763
 106.800000 0.042181 -2.931350 1.527218
 107.000000 0.113305 -2.930241 7.096781
 107.200000 0.034349 -2.897325 3.021390
 107.400000 0.045275 -2.946634 1.233501
 107.600000 -0.007328 -2.941420 0.355552
 107.800000 0.142985 -2.935492 10.720674
 108.000000 0.108910 -2.984538 6.083480
 108.200000 0.091951 -2.954951 4.300846
 108.400000 0.077681 -2.882585 6.585196
 108.600000 0.006542 -2.886422 3.272620
 108.800000 0.072645 -2.882225 6.237091
 109.000000 0.146040 -2.944692 10.914057
 109.200000 0.108793 -2.968356 5.918745
 109.400000 0.197271 -2.921360 20.502196
 109.600000 0.137134 -2.921783 10.427887
 109.800000 0.014381 -2.862249 5.596047
 110.000000 0.046956 -2.916546 2.378261
 110.200000 0.053138 -2.964717 1.414584
 110.400000 0.048986 -3.008800 2.070919
 110.600000 0.135232 -2.927338 9.932792
 110.800000 0.140409 -2.872630 14.315790
 111.000000 0.007172 -2.968247 0.026425
 111.200000 0.037919 -3.002020 1.330024
 111.400000 0.042164 -2.896062 3.409249
 111.600000 0.015772 -2.921419 1.165939
 111.800000 0.116404 -2.937785 7.203489
 112.000000 0.003686 -2.895068 2.598227
 112.200000 -0.008311 -3.033832 2.263799
 112.400000 -0.032911 -3.047065 3.742018
 112.600000 0.130458 -2.849883 15.374740
 112.800000 0.046577 -2.856589 7.186583
 113.000000 0.100637 -2.925812 5.914585
 113.200000 0.147096 -2.894102 13.480122
 113.400000 0.122590 -2.926800 8.324515
 113.600000 -0.030221 -2.984572 0.609976
 113.800000 0.060653 -2.894409 4.478415
 114.000000 0.116685 -2.908735 8.508581
 114.200000 0.025629 -2.979130 0.401254
 114.400000 0.201597 -2.855163 26.581055
 114.600000 0.089392 -2.913587 5.425105
 114.800000 -0.003088 -3.009651 0.911788
 115.000000 0.071171 -2.995517 2.937536
 115.200000 0.052543 -2.896797 3.848766
 115.400000 0.132405 -2.854633 15.085483
 115.600000 0.151603 -2.932646 12.083849
 115.800000 0.081433 -2.996295 3.743057
 116.000000 0.070740 -2.985383 2.669957
 116.200000 0.112636 -2.974590 6.371817
 116.400000 0.073554 -2.974219 2.730720
 116.600000 0.136991 -2.994235 9.752527
 116.800000 0.083494 -2.886637 6.719527
 117.000000 0.064331 -2.888888 5.124602
 117.200000 0.051607 -3.001334 1.919022
 117.400000 0.033659 -2.911042 2.135475
 117.600000 0.030560 -2.762173 21.456225
 117.800000 -0.003398 -2.836901 8.476464
 118.000000 0.129498 -2.950142 8.527906
 118.200000 0.091361 -2.807271 16.939535
 118.400000 0.042571 -2.892882 3.657362
 118.600000 0.061711 -2.965275 1.905713
 118.800000 0.075728 -2.895009 5.463050
 119.000000 0.093689 -2.915615 5.712111
 119.200000 0.190480 -2.908843 19.835877
 119.400000 0.149663 -2.879397 15.041872
 119.600000 0.114652 -2.884411 9.987899
 119.800000 0.023046 -2.961971 0.278500
 120.000000 0.024726 -2.908731 2.006773
 120.200000 0.095564 -3.010664 5.516864
 120.400000 0.065742 -2.968013 2.161448
 120.600000 0.068301 -3.000668 2.897253
 120.800000 0.052546 -2.990641 1.658599
 121.000000 0.066146 -2.982914 2.313343
 121.200000 0.078754 -2.872592 7.563202
 121.400000 0.089137 -2.909334 5.638868
 121.600000 -0.026056 -2.957058 0.389467
 121.800000 0.080309 -2.874218 7.534484
 122.000000 0.025615 -2.944301 0.587051
 122.200000 0.104613 -2.885652 8.785500
 122.400000 0.075984 -2.862054 8.399918
 122.600000 0.111970 -3.089913 13.815039
 122.800000 0.077243 -2.904069 4.967142
 123.000000 0.027863 -2.898860 2.713762
 123.200000 0.093743 -3.083843 11.213039
 123.400000 0.151718 -2.967625 11.509300
 123.600000 0.111363 -2.833962 15.058309
 123.800000 0.102992 -2.917436 6.534907
 124.000000 0.050161 -2.972153 1.271040
 124.200000 0.024427 -2.868456 5.159661
 124.400000 0.110095 -2.929299 6.773357
 124.600000 0.071045 -3.014800 3.663268
 124.800000 0.053045 -2.877167 5.447236
 125.000000 0.125925 -2.979017 8.000001
 125.200000 0.090899 -3.013139 5.192977
 125.400000 0.104074 -2.977213 5.467201
 125.600000 0.089011 -2.988609 4.193626
 125.800000 -0.053338 -2.996217 1.847559
 126.000000 0.156916 -2.935111 12.821708
 126.200000 0.215590 -2.881818 26.872577
 126.400000 0.038208 -3.031281 2.792101
 126.600000 0.070159 -2.931898 3.079291
 126.800000 0.081063 -2.871561 7.845612
 127.000000 0.018094 -2.981864 0.273292
 127.200000 0.059978 -3.025695 3.517751
 127.400000 0.089261 -2.976990 4.033103
 127.600000 -0.003057 -2.939184 0.393209
 127.800000 0.085464 -3.016588 4.878522
 128.000000 0.090303 -2.920459 5.163108
 128.200000 0.064449 -2.920078 3.180471
 128.400000 0.066198 -2.987829 2.406780
 128.600000 0.074077 -2.923697 3.683872
 128.800000 0.128794 -2.934241 8.832412
 129.000000 0.056247 -2.969628 1.585147
 129.200000 0.027496 -2.954191 0.460821
 129.400000 0.070897 -2.905938 4.381097
 129.600000 0.048002 -2.985764 1.327035
 129.800000 0.065737 -2.937635 2.593597
 130.000000 0.083445 -2.928328 4.231647
 130.200000 0.036334 -2.951087 0.787644
 130.400000 0.053536 -2.846527 8.697135
 130.600000 0.029754 -2.772443 19.380490
 130.800000 -0.036448 -3.023400 2.251364
 131.000000 0.001786 -2.946871 0.205386
 131.200000 0.102706 -2.843227 12.941599
 131.400000 0.120904 -2.885013 10.674682
 131.600000 0.080374 -2.975026 3.261750
 131.800000 0.089874 -2.892197 6.840874
 132.000000 0.033513 -2.901425 2.715496
 132.200000 0.067730 -3.026362 4.052019
 132.400000 0.174835 -2.895597 17.837112
 132.600000 0.184925 -2.910033 18.724737
 132.800000 0.151135 -2.960735 11.440858
 133.000000 0.013360 -3.056659 4.103244
 133.200000 0.111638 -2.977037 6.281302
 133.400000 0.087189 -2.985635 3.973503
 133.600000 0.011159 -2.952133 0.173664
 133.800000 -0.056152 -2.855609 7.787134
 134.000000 0.053059 -2.918195 2.601483
 134.200000 0.099025 -2.926897 5.709520
 134.400000 0.096367 -2.861353 10.230274
 134.600000 0.097286 -2.979985 4.815832
 134.800000 0.124947 -2.920427 8.893233
 135.000000 0.098123 -2.964419 4.817530
 135.200000 0.044711 -2.974461 1.026912
 135.400000 0.044263 -3.018424 2.298739
 135.600000 0.126456 -2.979350 8.071042
 135.800000 0.118848 -2.892395 9.849837
 136.000000 -0.022295 -2.937222 0.693693
 136.200000 0.062634 -2.918428 3.144023
 136.400000 0.126682 -2.985776 8.199307
 136.600000 -0.000373 -2.937397 0.440016
 136.800000 0.018246 -2.904522 2.121939
 137.000000 0.119035 -2.913524 8.517653
 137.200000 -0.037955 -2.923575 1.665742
 137.400000 -0.059525 -2.920915 2.836279
 137.600000 0.098530 -2.893327 7.572328
 137.800000 0.073794 -2.966237 2.723123
 138.000000 0.063987 -2.926195 2.882143
 138.200000 0.101546 -3.025801 6.881080
 138.400000 0.040170 -2.986589 0.997487
 138.600000 0.097931 -2.920725 5.868751
 138.800000 0.039876 -2.921610 1.827871
 139.000000 0.048331 -2.841591 9.039074
 139.200000 0.125850 -3.013185 8.982916
 139.400000 0.120393 -2.977355 7.300244
 139.600000 0.055626 -2.916294 2.835677
 139.800000 0.125745 -2.915943 9.212393
 140.000000 0.009913 -2.939916 0.417525
 140.200000 0.073235 -2.950139 2.824818
 140.400000 0.178057 -2.938914 16.248248
 140.600000 0.160235 -3.023241 14.415772
 140.800000 0.038180 -2.925075 1.610191
 141.000000 0.043276 -2.933000 1.516434
 141.200000 -0.034241 -2.955001 0.658933
 141.400000 0.063967 -2.987400 2.252781
 141.600000 0.098409 -2.990516 5.117279
 141.800000 0.006246 -2.856405 6.141737
 142.000000 0.020103 -2.997566 0.667391
 142.200000 0.116284 -2.986995 6.959706
 142.400000 0.209611 -2.954145 22.051874
 142.600000 0.101019 -2.962962 5.110773
 142.800000 0.112245 -2.825482 16.321568
 143.000000 0.215533 -2.968656 23.228475
 143.200000 0.069377 -3.103920 11.771935
 143.400000 0.008230 -2.976391 0.077407
 143.600000 0.105310 -2.847779 12.658948
 143.800000 0.088277 -2.953023 3.994885
 144.000000 0.109110 -2.855389 12.187631
 144.200000 0.053733 -2.863938 6.760683
 144.400000 0.036589 -2.996744 1.109947
 144.600000 -0.013856 -3.025332 1.793798
 144.800000 0.088974 -2.950427 4.096478
 145.000000 0.119006 -2.903996 9.069760
 145.200000 0.157283 -2.999037 12.880269
 145.400000 0.079227 -2.925376 4.007250
 145.600000 0.092823 -2.911253 5.865293
 145.800000 0.000597 -2.970920 0.007628
 146.000000 -0.006046 -3.004838 0.731895
 146.200000 0.089594 -2.864060 9.317988
 146.400000 0.095043 -2.856647 10.612076
 146.600000 0.043011 -2.950456 1.062824
 146.800000 0.123748 -2.954039 7.741521
 147.000000 0.159037 -2.923354 13.601465
 147.200000 0.021288 -2.955870 0.289189
 147.400000 0.118254 -2.880146 10.769004
 147.600000 0.127288 -2.926256 8.933612
 147.800000 0.017413 -2.999219 0.668725
 148.000000 0.134843 -2.837586 17.473003
 148.200000 0.210589 -2.931687 22.799406
 148.400000 0.043507 -3.053445 4.677686
 148.600000 0.056345 -2.924701 2.484531
 148.800000 0.165272 -2.893805 16.340548
 149.000000 0.089463 -2.989301 4.249184
 149.200000 0.004837 -2.986381 0.198355
 149.400000 0.052983 -2.865756 6.534796
 149.600000 0.052380 -2.930810 2.028846
 149.800000 0.078855 -2.926186 3.944440
 150.000000 0.026543 -2.936805 0.809940
 150.200000 0.026076 -2.965167 0.341762
 150.400000 0.072288 -2.892164 5.417444
 150.600000 0.122341 -2.907070 9.283030
 150.800000 0.130855 -2.903582 10.576219
 151.000000 0.053873 -2.959764 1.477789
 151.200000 0.127811 -3.002821 8.807241
 151.400000 0.008429 -2.939926 0.403645
 151.600000 0.011110 -2.963668 0.067468
 151.800000 0.052271 -2.954364 1.446710
 152.000000 0.019997 -3.017363 1.465171
 152.200000 0.022027 -3.013510 1.321403
 152.400000 0.011892 -2.801811 13.724258
 152.600000 0.041413 -2.913527 2.290421
 152.800000 0.104683 -3.058848 9.691822
 153.000000 0.067755 -3.020347 3.715120
 153.200000 0.126130 -2.894072 10.618044
 153.400000 0.137388 -2.912944 10.902015
 153.600000 0.104312 -2.914804 6.805800
 153.800000 0.122099 -2.874470 11.740494
 154.000000 0.050367 -2.897167 3.710941
 154.200000 0.107432 -2.956170 5.830094
 154.400000 0.058068 -2.915128 3.034430
 154.600000 -0.067680 -2.881554 5.945854
 154.800000 0.089567 -2.970046 4.015617
 155.000000 0.091144 -2.931746 4.777121
 155.200000 0.063957 -2.955786 2.108824
 155.400000 0.031439 -2.925904 1.341103
 155.600000 0.056232 -2.924166 2.500945
 155.800000 0.093899 -2.961985 4.421402
 156.000000 0.055133 -3.027212 3.328960
 156.200000 0.062831 -2.952721 2.076666
 156.400000 0.099749 -2.901988 7.092035
 156.600000 0.106629 -2.933088 6.261883
 156.800000 0.067292 -2.886617 5.499593
 157.000000 -0.013350 -2.946543 0.299582
 157.200000 0.201321 -2.980495 20.355365
 157.400000 0.159583 -3.002996 13.379125
 157.600000 0.033938 -2.886772 3.798933
 157.800000 0.105124 -2.796037 20.149900
 158.000000 0.120909 -2.910372 8.916213
 158.200000 0.057352 -2.914298 3.036480
 158.400000 0.041673 -2.925298 1.740331
 158.600000 0.053443 -2.937905 1.853098
 158.800000 0.039559 -2.911671 2.316403
 159.000000 0.100762 -2.929828 5.769610
 159.200000 0.071312 -2.903641 4.553611
 159.400000 -0.053167 -2.930445 2.083670
 159.600000 0.042839 -2.972037 0.929991
 159.800000 0.135577 -2.936081 9.670392
 160.000000 0.041789 -2.932024 1.486907
 160.200000 0.088062 -2.933819 4.429891
 160.400000 -0.028985 -2.929574 1.122684
 160.600000 0.039084 -2.907710 2.524953
 160.800000 0.090072 -2.939589 4.433772
 161.000000 -0.005168 -2.993886 0.373169
 161.200000 0.093527 -2.978316 4.437033
 161.400000 0.102520 -2.913362 6.696833
 161.600000 0.068429 -2.995854 2.755786
 161.800000 0.125671 -2.968752 7.898049
 162.000000 0.120415 -2.885199 10.600473
 162.200000 -0.031735 -2.886971 3.710629
 162.400000 -0.028768 -2.964169 0.417965
 162.600000 0.134243 -3.029836 10.981055
 162.800000 -0.026818 -2.897090 2.807504
 163.000000 -0.084749 -2.882490 7.167243
 163.200000 0.167933 -3.009427 14.998180
 163.400000 0.161944 -2.968064 13.113467
 163.600000 0.098665 -2.842093 12.675718
 163.800000 0.042884 -2.962854 0.928349
 164.000000 0.116944 -3.049192 10.210801
 164.200000 0.068876 -2.980878 2.467393
 164.400000 -0.001606 -2.899157 2.306680
 164.600000 -0.012749 -2.923717 1.020552
 164.800000 0.115871 -2.936361 7.184274
 165.000000 0.049236 -2.954367 1.292635
 165.200000 0.058674 -2.898598 4.064797
 165.400000 0.056036 -2.894623 4.193544
 165.600000 0.123205 -2.963355 7.596578
 165.800000 -0.003603 -3.026354 1.764419
 166.000000 -0.012983 -2.975689 0.121509
 166.200000 0.151770 -2.828621 21.099729
 166.400000 0.152773 -2.946204 11.887286
 166.600000 -0.084168 -3.053358 7.265846
 166.800000 0.035914 -2.933749 1.199717
 167.000000 0.107530 -2.909754 7.423296
 167.200000 -0.052963 -2.953290 1.497363
 167.400000 0.094154 -2.898095 6.810527
 167.600000 0.144362 -2.958434 10.457365
 167.800000 0.057112 -2.985223 1.795841
 168.000000 0.022713 -2.922086 1.269230
 168.200000 0.061607 -2.935941 2.381890
 168.400000 0.014683 -3.023998 1.728778
 168.600000 0.046291 -2.982621 1.192503
 168.800000 0.122595 -2.941535 7.840549
 169.000000 0.083657 -2.960559 3.520414
 169.200000 0.068470 -2.934329 2.879726
 169.400000 -0.008692 -2.946705 0.244941
 169.600000 0.068510 -2.984212 2.493926
 169.800000 0.090647 -2.905293 6.016067
 170.000000 0.088137 -2.950418 4.022524
 170.200000 0.144193 -2.980939 10.492141
 170.400000 0.075685 -2.917083 4.112971
 170.600000 0.060100 -2.903545 3.823109
 170.800000 0.101821 -2.948168 5.362153
 171.000000 0.121831 -2.911364 8.972386
 171.200000 0.069741 -2.911113 3.996906
 171.400000 0.080110 -3.083901 10.034733
 171.600000 0.041019 -2.921535 1.877511
 171.800000 0.022478 -2.933447 0.817519
 172.000000 -0.020425 -3.009307 1.101026
 172.200000 0.111881 -2.989334 6.506729
 172.400000 0.223555 -2.896240 27.496216
 172.600000 0.122338 -2.973537 7.504217
 172.800000 0.010508 -2.939193 0.443476
 173.000000 0.081713 -3.000322 3.891685
 173.200000 0.074857 -2.954799 2.876927
 173.400000 0.088559 -3.003171 4.573365
 173.600000 0.108055 -2.894311 8.484140
 173.800000 0.118587 -2.894321 9.676872
 174.000000 -0.041678 -2.903545 2.885568
 174.200000 -0.010437 -2.889917 3.029944
 174.400000 0.013299 -3.037831 2.592716
 174.600000 0.076644 -2.954079 3.021392
 174.800000 0.177688 -2.821511 26.378713
 175.000000 0.175052 -2.896843 17.786845
 175.200000 0.057006 -3.011127 2.595853
 175.400000 0.048962 -2.941791 1.517899
 175.600000 0.065925 -2.870290 6.855198
 175.800000 0.099610 -2.953964 5.046873
 176.000000 0.140890 -2.932137 10.534748
 176.200000 0.168098 -2.902574 16.207755
 176.400000 0.120201 -2.971920 7.236012
 176.600000 -0.056091 -2.929598 2.274776
 176.800000 -0.013180 -2.939778 0.459001
 177.000000 0.119445 -2.907274 8.920649
 177.200000 0.115436 -2.850999 13.397800
 177.400000 0.074395 -2.889005 5.813538
 177.600000 0.075725 -2.973542 2.888183
 177.800000 -0.048969 -2.934384 1.732850
 178.000000 0.005531 -2.918466 1.195949
 178.200000 0.077298 -2.967907 2.987831
 178.400000 0.108352 -2.924032 6.795831
 178.600000 0.121934 -2.906118 9.290878
 178.800000 0.128076 -2.974148 8.226810
 179.000000 0.046803 -3.020250 2.509887
 179.200000 0.083114 -2.947945 3.636692
 179.400000 0.183492 -2.965377 16.836043
 179.600000 0.083497 -3.000778 4.054327
 179.800000 0.171158 -2.941766 14.967443
 180.000000 0.153274 -2.955697 11.811017
 180.200000 0.029703 -3.041298 3.196832
 180.400000 0.088135 -2.938260 4.298575
 180.600000 0.111682 -2.889200 9.267550
 180.800000 0.048178 -2.974312 1.186835
 181.000000 0.158934 -2.901547 14.775985
 181.200000 0.134476 -2.903730 11.047201
 181.400000 0.006641 -2.987372 0.228353
 181.600000 0.028687 -2.918139 1.608093
 181.800000 0.103322 -2.978039 5.397969
 182.000000 0.048601 -2.961908 1.194292
 182.200000 0.003509 -2.930547 0.672763
 182.400000 0.059354 -2.933790 2.314885
 182.600000 0.022554 -2.914074 1.658097
 182.800000 -0.010302 -2.943557 0.329250
 183.000000 0.061496 -2.952898 1.991168
 183.200000 0.137919 -2.932445 10.109896
 183.400000 0.098264 -2.920275 5.922286
 183.600000 0.186598 -2.967558 17.409439
 183.800000 0.172420 -2.933730 15.419853
 184.000000 -0.013733 -2.965042 0.096331
 184.200000 0.087005 -2.921731 4.812299
 184.400000 0.215736 -2.916865 24.530746
 184.600000 0.089309 -2.933162 4.562614
 184.800000 0.089428 -2.961005 4.017055
 185.000000 0.116149 -3.009687 7.653783
 185.200000 0.145932 -2.975610 10.684696
 185.400000 0.080804 -2.845738 10.624115
 185.600000 0.048843 -2.907868 2.944646
 185.800000 0.111817 -2.974355 6.278146
 186.000000 0.142986 -2.863464 15.588502
 186.200000 0.083849 -2.909109 5.194492
 186.400000 0.028295 -2.963538 0.406515
 186.600000 -0.004510 -2.833203 8.969025
 186.800000 -0.031531 -2.938701 0.899197
 187.000000 -0.046443 -2.990703 1.357954
 187.200000 0.095804 -2.940093 4.952801
 187.400000 -0.041708 -2.924001 1.796793
 187.600000 0.035457 -2.993189 0.969980
 187.800000 0.056635 -2.872859 6.040664
 188.000000 0.004181 -2.814883 11.587596
 188.200000 0.038832 -2.982027 0.865949
 188.400000 0.063856 -2.990494 2.313363
 188.600000 0.090396 -2.875729 8.256383
 188.800000 0.124675 -2.957141 7.821077
 189.000000 0.207907 -2.960896 21.631646
 189.200000 0.130973 -2.982265 8.692587
 189.400000 0.055256 -3.047993 4.801734
 189.600000 0.151174 -2.989418 11.676723
 189.800000 0.119378 -2.927126 7.922931
 190.000000 0.078192 -2.939667 3.432183
 190.200000 0.097970 -2.898015 7.182582
 190.400000 0.153258 -2.878227 15.689629
 190.600000 0.046658 -2.929868 1.780075
 190.800000 0.040300 -2.957325 0.859426
 191.000000 0.098556 -2.946869 5.060507
 191.200000 0.046761 -2.908541 2.805527
 191.400000 0.053199 -2.945147 1.655174
 191.600000 0.109285 -2.868346 10.843712
 191.800000 0.048728 -2.946155 1.405702
 192.000000 0.047679 -2.894211 3.790135
 192.200000 0.055342 -2.918504 2.710192
 192.400000 0.027308 -2.972321 0.386708
 192.600000 0.024616 -2.953483 0.395144
 192.800000 -0.008822 -2.870147 4.734931
 193.000000 0.106019 -2.905311 7.526436
 193.200000 0.022935 -3.021846 1.763768
 193.400000 0.020475 -3.012066 1.222412
 193.600000 0.047320 -2.952889 1.219993
 193.800000 0.032957 -2.911656 2.077909
 194.000000 0.071748 -2.919601 3.700061
 194.200000 0.029263 -2.966660 0.428255
 194.400000 0.100173 -2.941313 5.348738
 194.600000 0.084150 -3.016995 4.787407
 194.800000 0.024144 -3.008262 1.140271
 195.000000 0.138155 -2.953790 9.631431
 195.200000 0.139618 -2.972094 9.759272
 195.400000 0.115644 -2.919736 7.806591
 195.600000 0.077571 -2.835500 11.662600
 195.800000 0.077554 -2.928541 3.749157
 196.000000 0.100467 -3.004887 5.762230
 196.200000 0.108880 -2.941236 6.260866
 196.400000 0.094081 -2.919246 5.568720
 196.600000 0.079771 -2.924527 4.086220
 196.800000 0.017458 -2.944337 0.410558
 197.000000 0.034665 -3.006815 1.391057
 197.200000 0.020420 -2.970560 0.214620
 197.400000 0.065319 -2.931962 2.749257
 197.600000 0.108093 -2.915074 7.193281
 197.800000 0.062855 -2.916841 3.236324
 198.000000 0.029559 -2.940116 0.799859
 198.200000 0.125748 -2.853415 14.363871
 198.400000 0.067322 -3.018218 3.574719
 198.600000 0.045018 -2.924967 1.899235
 198.800000 0.129526 -2.864948 13.601945
 199.000000 0.112407 -2.961874 6.331137
 199.200000 0.028150 -2.959129 0.427656
 199.400000 0.012703 -2.906162 1.934944
 199.600000 0.071585 -2.939045 2.954600
 199.800000 0.012280 -2.949480 0.229924
 200.000000 0.064989 -2.954208 2.194333
