#! FIELDS time phi psi restraint.bias
#! SET min_phi -pi
#! SET max_phi pi
#! SET min_psi -pi
#! SET max_psi pi
 0.000000 -1.960669 -2.654252 150.237779
 0.200000 -1.678214 -2.398718 14.192027
 0.400000 -1.580482 -2.342951 2.786593
 0.600000 -1.465097 -2.324125 7.109551
 0.800000 -1.682127 -2.417113 17.176685
 1.000000 -1.589527 -2.290828 0.415218
 1.200000 -1.624081 -2.297129 1.817292
 1.400000 -1.607153 -2.250625 0.828410
 1.600000 -1.601457 -2.237115 0.976084
 1.800000 -1.725640 -2.244900 12.276883
 2.000000 -1.509406 -2.308912 2.683738
 2.200000 -1.578562 -2.361704 4.333805
 2.400000 -1.619745 -2.245502 1.472391
 2.600000 -1.602679 -2.246514 0.759444
 2.800000 -1.609499 -2.285533 0.886811
 3.000000 -1.619662 -2.397954 9.517815
 3.200000 -1.641877 -2.333028 4.580671
 3.400000 -1.608264 -2.253564 0.819926
 3.600000 -1.551330 -2.346638 3.208923
 3.800000 -1.531532 -2.266830 0.773048
 4.000000 -1.571604 -2.210962 1.680343
 4.200000 -1.578875 -2.300724 0.538125
 4.400000 -1.693547 -2.368515 12.492680
 4.600000 -1.630204 -2.215943 3.168351
 4.800000 -1.538203 -2.187621 3.836589
 5.000000 -1.579301 -2.200156 2.400934
 5.200000 -1.631128 -2.324028 3.337927
 5.400000 -1.540311 -2.230644 1.197510
 5.600000 -1.632830 -2.301951 2.469378
 5.800000 -1.622205 -2.252822 1.451157
 6.000000 -1.624122 -2.267949 1.422267
 6.200000 -1.575324 -2.282566 0.103246
 6.400000 -1.554300 -2.269876 0.136508
 6.600000 -1.506793 -2.420368 13.515186
 6.800000 -1.566187 -2.293588 0.314690
 7.000000 -1.597166 -2.338044 2.736185
 7.200000 -1.611825 -2.206101 2.815288
 7.400000 -1.686267 -2.283345 6.770632
 7.600000 -1.659718 -2.247546 4.182131
 7.800000 -1.576386 -2.273775 0.027368
 8.000000 -1.532635 -2.289703 0.943945
 8.200000 -1.533331 -2.271086 0.704137
 8.400000 -1.566804 -2.385964 6.856734
 8.600000 -1.537491 -2.312154 1.488861
 8.800000 -1.536543 -2.300928 1.098655
 9.000000 -1.526102 -2.263610 1.012951
 9.200000 -1.677478 -2.319745 6.981660
 9.400000 -1.595201 -2.284848 0.424510
 9.600000 -1.571897 -2.308215 0.772319
 9.800000 -1.630903 -2.314283 2.834941
 10.000000 -1.691220 -2.274376 7.265752
 10.200000 -1.537185 -2.221023 1.712299
 10.400000 -1.484802 -2.207707 5.571521
 10.600000 -1.604153 -2.217822 1.862270
 10.800000 -1.545682 -2.314142 1.337497
 11.000000 -1.600303 -2.355905 4.217828
 11.200000 -1.613809 -2.334582 3.080284
 11.400000 -1.677859 -2.325240 7.316749
 11.600000 -1.598483 -2.318657 1.619736
 11.800000 -1.584995 -2.291401 0.353313
 12.000000 -1.568426 -2.226983 0.882501
 12.200000 -1.560730 -2.331303 1.996007
 12.400000 -1.588184 -2.320032 1.456956
 12.600000 -1.607115 -2.288678 0.854530
 12.800000 -1.567547 -2.289707 0.221166
 13.000000 -1.614054 -2.303749 1.541886
 13.200000 -1.584900 -2.264142 0.110908
 13.400000 -1.585687 -2.148791 7.327370
 13.600000 -1.576142 -2.179138 4.045391
 13.800000 -1.689594 -2.266901 7.058553
 14.000000 -1.630343 -2.256518 1.849915
 14.200000 -1.546939 -2.239503 0.717490
 14.400000 -1.561599 -2.243724 0.359907
 14.600000 -1.604892 -2.285161 0.713014
 14.800000 -1.537760 -2.273810 0.557626
 15.000000 -1.553471 -2.290035 0.372838
 15.200000 -1.606585 -2.279799 0.699517
 15.400000 -1.628214 -2.311204 2.542019
 15.600000 -1.623703 -2.308041 2.164457
 15.800000 -1.592560 -2.318009 1.441317
 16.000000 -1.612751 -2.330940 2.802849
 16.200000 -1.653471 -2.341067 6.019559
 16.400000 -1.575047 -2.380841 6.271303
 16.600000 -1.601937 -2.293548 0.787934
 16.800000 -1.634089 -2.287602 2.177336
 17.000000 -1.607276 -2.296907 1.056799
 17.200000 -1.582342 -2.258429 0.121773
 17.400000 -1.595326 -2.226974 1.180922
 17.600000 -1.560746 -2.310013 0.894504
 17.800000 -1.591973 -2.338015 2.610737
 18.000000 -1.497464 -2.290619 2.924021
 18.200000 -1.581640 -2.201456 2.335020
 18.400000 -1.590581 -2.193714 3.024310
 18.600000 -1.645248 -2.214501 4.252652
 18.800000 -1.586382 -2.212191 1.731008
 19.000000 -1.561038 -2.278941 0.097739
 19.200000 -1.593811 -2.284655 0.388499
 19.400000 -1.625806 -2.341411 4.139914
 19.600000 -1.581238 -2.315497 1.138849
 19.800000 -1.551647 -2.306438 0.886840
 20.000000 -1.638824 -2.311518 3.220831
 20.200000 -1.591376 -2.326747 1.883279
 20.400000 -1.588407 -2.374440 5.721499
 20.600000 -1.539435 -2.324280 2.023701
 20.800000 -1.670177 -2.409699 14.846518
 21.000000 -1.642948 -2.316196 3.720050
 21.200000 -1.530545 -2.299614 1.280905
 21.400000 -1.589152 -2.186997 3.524855
 21.600000 -1.654852 -2.239211 3.974259
 21.800000 -1.530981 -2.207778 2.662311
 22.000000 -1.522365 -2.243291 1.501451
 22.200000 -1.606739 -2.237915 1.126860
 22.400000 -1.641288 -2.314417 3.519124
 22.600000 -1.540396 -2.350650 3.801298
 22.800000 -1.487129 -2.219279 4.732577
 23.000000 -1.587549 -2.231200 0.852030
 23.200000 -1.646124 -2.185703 6.300355
 23.400000 -1.593789 -2.348050 3.394472
 23.600000 -1.614508 -2.304365 1.583247
 23.800000 -1.637605 -2.350325 5.544399
 24.000000 -1.608447 -2.308705 1.499901
 24.200000 -1.568528 -2.278784 0.051144
 24.400000 -1.637212 -2.289576 2.418701
 24.600000 -1.584542 -2.283854 0.205864
 24.800000 -1.612110 -2.424028 12.881404
 25.000000 -1.566842 -2.307358 0.746252
 25.200000 -1.583899 -2.371042 5.299442
 25.400000 -1.592697 -2.343209 2.998660
 25.600000 -1.584603 -2.331938 2.080461
 25.800000 -1.664290 -2.278869 4.419913
 26.000000 -1.504618 -2.266987 2.191683
 26.200000 -1.561612 -2.356492 3.875893
 26.400000 -1.626361 -2.316759 2.687589
 26.600000 -1.542684 -2.265465 0.401151
 26.800000 -1.578121 -2.175504 4.390840
 27.000000 -1.642394 -2.358608 6.584393
 27.200000 -1.531742 -2.240490 1.166970
 27.400000 -1.525456 -2.189561 4.177440
 27.600000 -1.681857 -2.291271 6.416802
 27.800000 -1.630161 -2.284869 1.889150
 28.000000 -1.586739 -2.246885 0.370029
 28.200000 -1.549010 -2.186627 3.624034
 28.400000 -1.639234 -2.279906 2.402113
 28.600000 -1.666149 -2.267303 4.547404
 28.800000 -1.560902 -2.216193 1.439446
 29.000000 -1.649693 -2.277349 3.147797
 29.200000 -1.570297 -2.368994 5.006726
 29.400000 -1.547451 -2.419718 11.641265
 29.600000 -1.495528 -2.302867 3.408576
 29.800000 -1.649662 -2.387499 10.139434
 30.000000 -1.606258 -2.324185 2.155421
 30.200000 -1.490321 -2.273131 3.246936
 30.400000 -1.647941 -2.220428 4.151744
 30.600000 -1.638148 -2.258667 2.320746
 30.800000 -1.601218 -2.330036 2.329841
 31.000000 -1.583187 -2.316669 1.216382
 31.200000 -1.662874 -2.262721 4.258417
 31.400000 -1.650252 -2.237925 3.637226
 31.600000 -1.576923 -2.234509 0.611098
 31.800000 -1.521191 -2.192677 4.137447
 32.000000 -1.575794 -2.220756 1.172754
 32.200000 -1.593965 -2.251388 0.422219
 32.400000 -1.622638 -2.364897 5.948811
 32.600000 -1.676692 -2.216047 7.005145
 32.800000 -1.624484 -2.277424 1.477292
 33.000000 -1.577089 -2.328492 1.793755
 33.200000 -1.551052 -2.281506 0.274016
 33.400000 -1.612243 -2.282779 0.954833
 33.600000 -1.681528 -2.290754 6.368943
 33.800000 -1.577063 -2.344077 2.843292
 34.000000 -1.574161 -2.326014 1.635050
 34.200000 -1.628162 -2.285776 1.787349
 34.400000 -1.613067 -2.276233 0.920080
 34.600000 -1.545907 -2.235447 0.870239
 34.800000 -1.569321 -2.217440 1.326581
 35.000000 -1.609001 -2.226297 1.638503
 35.200000 -1.671841 -2.322328 6.530768
 35.400000 -1.562086 -2.381229 6.343711
 35.600000 -1.521917 -2.310196 2.046134
 35.800000 -1.510335 -2.281847 1.911240
 36.000000 -1.582611 -2.296100 0.438955
 36.200000 -1.638457 -2.250942 2.450709
 36.400000 -1.574911 -2.329097 1.818625
 36.600000 -1.632299 -2.252641 2.023920
 36.800000 -1.576231 -2.384060 6.642447
 37.000000 -1.593802 -2.329612 2.105875
 37.200000 -1.560577 -2.297784 0.468552
 37.400000 -1.645040 -2.254545 2.859477
 37.600000 -1.623119 -2.229521 2.145310
 37.800000 -1.598773 -2.229698 1.160854
 38.000000 -1.582430 -2.164778 5.491300
 38.200000 -1.657219 -2.263679 3.748251
 38.400000 -1.638588 -2.277651 2.335896
 38.600000 -1.525612 -2.259633 1.064027
 38.800000 -1.583075 -2.272018 0.080160
 39.000000 -1.618016 -2.261377 1.143339
 39.200000 -1.534377 -2.322216 2.082988
 39.400000 -1.598628 -2.222286 1.475061
 39.600000 -1.672439 -2.269223 5.165654
 39.800000 -1.625164 -2.247672 1.703862
 40.000000 -1.551344 -2.281149 0.263868
 40.200000 -1.508523 -2.308031 2.703522
 40.400000 -1.576381 -2.280739 0.085344
 40.600000 -1.602764 -2.332466 2.529538
 40.800000 -1.584238 -2.382635 6.554925
 41.000000 -1.666617 -2.282759 4.686417
 41.200000 -1.612555 -2.251873 1.017319
 41.400000 -1.547141 -2.296827 0.668974
 41.600000 -1.607260 -2.337538 3.018418
 41.800000 -1.595490 -2.320249 1.621824
 42.000000 -1.578668 -2.272704 0.038114
 42.200000 -1.576618 -2.332085 2.011360
 42.400000 -1.576265 -2.269179 0.014984
 42.600000 -1.584284 -2.278229 0.134212
 42.800000 -1.532950 -2.224755 1.691783
 43.000000 -1.533986 -2.264118 0.689069
 43.200000 -1.575887 -2.313121 0.989482
 43.400000 -1.627098 -2.209009 3.380100
 43.600000 -1.549503 -2.260850 0.259328
 43.800000 -1.536433 -2.317657 1.777660
 44.000000 -1.605838 -2.281121 0.688299
 44.200000 -1.604080 -2.219163 1.792208
 44.400000 -1.561712 -2.267163 0.042823
 44.600000 -1.607299 -2.310432 1.527536
 44.800000 -1.614959 -2.230192 1.725417
 45.000000 -1.540899 -2.296486 0.826635
 45.200000 -1.579630 -2.338810 2.480794
 45.400000 -1.639316 -2.354682 6.024339
 45.600000 -1.560663 -2.319424 1.326258
 45.800000 -1.629475 -2.283501 1.827763
 46.000000 -1.622330 -2.353905 4.938376
 46.200000 -1.530785 -2.304726 1.441228
 46.400000 -1.599410 -2.271649 0.413072
 46.600000 -1.612382 -2.208364 2.698693
 46.800000 -1.615267 -2.307573 1.735542
 47.000000 -1.559286 -2.315331 1.142888
 47.200000 -1.519096 -2.260336 1.373357
 47.400000 -1.646142 -2.291775 3.099480
 47.600000 -1.640801 -2.281609 2.530706
 47.800000 -1.597690 -2.223612 1.388415
 48.000000 -1.515171 -2.193027 4.427599
 48.200000 -1.603554 -2.324026 2.054441
 48.400000 -1.645914 -2.338547 5.244771
 48.600000 -1.579729 -2.318917 1.289320
 48.800000 -1.517583 -2.287533 1.588885
 49.000000 -1.562699 -2.375247 5.684616
 49.200000 -1.631959 -2.367486 6.727293
 49.400000 -1.590431 -2.327026 1.880436
 49.600000 -1.587604 -2.368423 5.090866
 49.800000 -1.629562 -2.367623 6.597030
 50.000000 -1.659643 -2.321190 5.312546
 50.200000 -1.569270 -2.225723 0.934496
 50.400000 -1.614085 -2.268145 0.937255
 50.600000 -1.676218 -2.257919 5.617418
 50.800000 -1.650215 -2.170903 7.958124
 51.000000 -1.501804 -2.181074 6.239189
 51.200000 -1.540503 -2.195331 3.167112
 51.400000 -1.577127 -2.333687 2.116922
 51.600000 -1.616407 -2.284597 1.162923
 51.800000 -1.610694 -2.244037 1.105692
 52.000000 -1.643162 -2.259680 2.661130
 52.200000 -1.614849 -2.289667 1.185370
 52.400000 -1.571528 -2.274822 0.017636
 52.600000 -1.638815 -2.297178 2.712323
 52.800000 -1.536107 -2.346746 3.629461
 53.000000 -1.568505 -2.367665 4.877166
 53.200000 -1.546308 -2.303261 0.889214
 53.400000 -1.574292 -2.326089 1.639780
 53.600000 -1.606509 -2.393337 8.376428
 53.800000 -1.625573 -2.342402 4.199506
 54.000000 -1.587536 -2.252276 0.278756
 54.200000 -1.570022 -2.273676 0.011571
 54.400000 -1.625855 -2.262400 1.537013
 54.600000 -1.553274 -2.305253 0.813283
 54.800000 -1.546559 -2.300197 0.782598
 55.000000 -1.515157 -2.251299 1.703278
 55.200000 -1.548139 -2.284077 0.371423
 55.400000 -1.575717 -2.306743 0.727108
 55.600000 -1.571360 -2.282636 0.094113
 55.800000 -1.715539 -2.285409 10.611046
 56.000000 -1.632877 -2.240554 2.329540
 56.200000 -1.667356 -2.232287 5.333177
 56.400000 -1.554861 -2.257976 0.186942
 56.600000 -1.581399 -2.330143 1.929860
 56.800000 -1.519803 -2.368445 6.251927
 57.000000 -1.584885 -2.334454 2.246037
 57.200000 -1.615003 -2.357055 4.860266
 57.400000 -1.657443 -2.311723 4.669546
 57.600000 -1.588672 -2.310833 1.037795
 57.800000 -1.603266 -2.217996 1.824189
 58.000000 -1.645014 -2.237561 3.246102
 58.200000 -1.595348 -2.355234 4.025722
 58.400000 -1.572580 -2.338389 2.413989
 58.600000 -1.597310 -2.277781 0.390667
 58.800000 -1.631035 -2.259363 1.860086
 59.000000 -1.544051 -2.242894 0.696540
 59.200000 -1.603536 -2.284708 0.660454
 59.400000 -1.576533 -2.198880 2.469830
 59.600000 -1.552072 -2.221073 1.320347
 59.800000 -1.541915 -2.306061 1.106506
 60.000000 -1.601521 -2.260067 0.511261
 60.200000 -1.606115 -2.271987 0.628388
 60.400000 -1.548611 -2.224799 1.219784
 60.600000 -1.600089 -2.318392 1.652363
 60.800000 -1.661252 -2.334769 6.258639
 61.000000 -1.597366 -2.284766 0.478381
 61.200000 -1.556091 -2.331792 2.084069
 61.400000 -1.575301 -2.254087 0.120270
 61.600000 -1.592080 -2.310310 1.082721
 61.800000 -1.546201 -2.238430 0.767528
 62.000000 -1.539367 -2.345112 3.395899
 62.200000 -1.590411 -2.336983 2.508129
 62.400000 -1.636996 -2.301168 2.710919
 62.600000 -1.581008 -2.284210 0.168920
 62.800000 -1.654625 -2.266117 3.517600
 63.000000 -1.594232 -2.288993 0.475917
 63.200000 -1.615893 -2.327553 2.735302
 63.400000 -1.657582 -2.206718 5.700922
 63.600000 -1.528291 -2.206726 2.837907
 63.800000 -1.645699 -2.241384 3.184536
 64.000000 -1.629995 -2.239551 2.183736
 64.200000 -1.601455 -2.239309 0.908617
 64.400000 -1.543798 -2.290661 0.600618
 64.600000 -1.537713 -2.275296 0.567518
 64.800000 -1.593625 -2.210421 1.972134
 65.000000 -1.571456 -2.203707 2.127113
 65.200000 -1.647054 -2.232716 3.563302
 65.400000 -1.684131 -2.364610 10.999886
 65.600000 -1.607343 -2.303236 1.256373
 65.800000 -1.583049 -2.270528 0.076348
 66.000000 -1.560765 -2.266604 0.053014
 66.200000 -1.605079 -2.396404 8.712739
 66.400000 -1.587295 -2.470076 20.366274
 66.600000 -1.614052 -2.303933 1.548201
 66.800000 -1.527711 -2.403047 9.922182
 67.000000 -1.610530 -2.318242 2.005303
 67.200000 -1.630180 -2.340417 4.318546
 67.400000 -1.583038 -2.303355 0.667534
 67.600000 -1.538187 -2.282819 0.628175
 67.800000 -1.563010 -2.317975 1.233116
 68.000000 -1.684138 -2.220202 7.610315
 68.200000 -1.618802 -2.302537 1.717063
 68.400000 -1.532173 -2.295679 1.103675
 68.600000 -1.585587 -2.328127 1.861627
 68.800000 -1.507010 -2.233016 2.679196
 69.000000 -1.502733 -2.209917 4.057475
 69.200000 -1.621727 -2.228252 2.124199
 69.400000 -1.611420 -2.275533 0.846953
 69.600000 -1.628168 -2.247087 1.884286
 69.800000 -1.596007 -2.276654 0.347631
 70.000000 -1.599040 -2.393963 8.215695
 70.200000 -1.531934 -2.335637 2.980152
 70.400000 -1.581761 -2.282017 0.145764
 70.600000 -1.607402 -2.237851 1.152875
 70.800000 -1.616193 -2.325884 2.652416
 71.000000 -1.603888 -2.417182 11.537181
 71.200000 -1.620364 -2.228522 2.044818
 71.400000 -1.541527 -2.221369 1.559270
 71.600000 -1.530821 -2.249075 0.996096
 71.800000 -1.583777 -2.264619 0.093528
 72.000000 -1.684775 -2.135327 15.420192
 72.200000 -1.669200 -2.239292 5.280766
 72.400000 -1.522687 -2.253698 1.273225
 72.600000 -1.514771 -2.170495 6.413976
 72.800000 -1.556576 -2.211533 1.748180
 73.000000 -1.607274 -2.244826 0.955785
 73.200000 -1.598900 -2.304878 1.041101
 73.400000 -1.610808 -2.244143 1.107610
 73.600000 -1.614975 -2.254139 1.085233
 73.800000 -1.600430 -2.418464 11.619508
 74.000000 -1.620218 -2.344149 4.050385
 74.200000 -1.659319 -2.284047 4.032391
 74.400000 -1.608091 -2.180769 4.581457
 74.600000 -1.587526 -2.282083 0.226475
 74.800000 -1.647176 -2.299180 3.374514
 75.000000 -1.531375 -2.255136 0.872130
 75.200000 -1.575337 -2.247509 0.239701
 75.400000 -1.543703 -2.266268 0.370556
 75.600000 -1.628612 -2.313221 2.652288
 75.800000 -1.591157 -2.337609 2.565834
 76.000000 -1.593698 -2.314938 1.320680
 76.200000 -1.571142 -2.293297 0.296988
 76.400000 -1.551086 -2.331182 2.132041
 76.600000 -1.620423 -2.282053 1.317532
 76.800000 -1.649983 -2.351965 6.582864
 77.000000 -1.604574 -2.292896 0.857710
 77.200000 -1.641223 -2.295668 2.837468
 77.400000 -1.602950 -2.243651 0.836386
 77.600000 -1.535806 -2.355320 4.343959
 77.800000 -1.603955 -2.309929 1.390314
 78.000000 -1.569359 -2.353884 3.609816
 78.200000 -1.537290 -2.234918 1.139670
 78.400000 -1.460612 -2.260545 6.105459
 78.600000 -1.547876 -2.241978 0.625816
 78.800000 -1.611675 -2.291064 1.080535
 79.000000 -1.614027 -2.181449 4.760682
 79.200000 -1.579966 -2.182390 3.786486
 79.400000 -1.599931 -2.243301 0.752785
 79.600000 -1.549846 -2.277503 0.256218
 79.800000 -1.622376 -2.333538 3.417471
 80.000000 -1.624830 -2.283859 1.571290
 80.200000 -1.582071 -2.421114 11.643844
 80.400000 -1.671016 -2.311749 5.938835
 80.600000 -1.672416 -2.345884 8.124430
 80.800000 -1.596847 -2.360448 4.527247
 81.000000 -1.616015 -2.376223 6.778472
 81.200000 -1.576791 -2.319268 1.285028
 81.400000 -1.541660 -2.263380 0.439862
 81.600000 -1.528456 -2.270108 0.897027
 81.800000 -1.553566 -2.331555 2.109495
 82.000000 -1.633626 -2.265277 1.980468
 82.200000 -1.630772 -2.287089 1.963433
 82.400000 -1.556738 -2.315287 1.173381
 82.600000 -1.589112 -2.250581 0.336043
 82.800000 -1.634935 -2.331661 4.024630
 83.000000 -1.560896 -2.205004 2.092118
 83.200000 -1.456361 -2.275157 6.567095
 83.400000 -1.557070 -2.178862 4.150117
 83.600000 -1.544293 -2.262776 0.370128
 83.800000 -1.594269 -2.306707 0.989104
 84.000000 -1.628641 -2.309991 2.516132
 84.200000 -1.664406 -2.323977 5.896615
 84.400000 -1.611017 -2.275079 0.827782
 84.600000 -1.588029 -2.325855 1.768808
 84.800000 -1.566174 -2.295239 0.356803
 85.000000 -1.599439 -2.379205 6.490683
 85.200000 -1.555009 -2.388942 7.326354
 85.400000 -1.654371 -2.349159 6.710902
 85.600000 -1.658062 -2.407187 13.365383
 85.800000 -1.575128 -2.386039 6.866842
 86.000000 -1.551870 -2.327218 1.877929
 86.200000 -1.599356 -2.294847 0.743709
 86.400000 -1.658141 -2.257170 3.883646
 86.600000 -1.602466 -2.199307 2.925059
 86.800000 -1.580814 -2.134269 9.116635
 87.000000 -1.555497 -2.141335 8.257028
 87.200000 -1.655065 -2.313542 4.545778
 87.400000 -1.639874 -2.250689 2.552168
 87.600000 -1.516082 -2.265421 1.502966
 87.800000 -1.635470 -2.215092 3.540538
 88.000000 -1.618544 -2.296380 1.516708
 88.200000 -1.525381 -2.259323 1.077415
 88.400000 -1.514030 -2.190782 4.664581
 88.600000 -1.557634 -2.256879 0.159225
 88.800000 -1.612449 -2.298070 1.292081
 89.000000 -1.574393 -2.379817 6.154680
 89.200000 -1.622919 -2.349991 4.643972
 89.400000 -1.580832 -2.351001 3.418368
 89.600000 -1.514787 -2.406008 10.963962
 89.800000 -1.575846 -2.394045 7.839894
 90.000000 -1.628219 -2.406724 11.142579
 90.200000 -1.669879 -2.453245 21.895110
 90.400000 -1.585323 -2.351149 3.485622
 90.600000 -1.560923 -2.384326 6.707105
 90.800000 -1.571599 -2.217579 1.318709
 91.000000 -1.512771 -2.243094 2.017196
 91.200000 -1.553818 -2.291184 0.391793
 91.400000 -1.657535 -2.310339 4.619210
 91.600000 -1.588449 -2.316752 1.299382
 91.800000 -1.576110 -2.244709 0.307389
 92.000000 -1.555228 -2.239961 0.540720
 92.200000 -1.587238 -2.259550 0.179139
 92.400000 -1.510190 -2.282542 1.929205
 92.600000 -1.498998 -2.323462 4.064482
 92.800000 -1.598418 -2.268724 0.381511
 93.000000 -1.644119 -2.263757 2.701452
 93.200000 -1.610607 -2.197343 3.354622
 93.400000 -1.600085 -2.309875 1.267229
 93.600000 -1.658036 -2.349885 7.082397
 93.800000 -1.578718 -2.328556 1.809146
 94.000000 -1.510702 -2.305279 2.466343
 94.200000 -1.554913 -2.408865 9.917360
 94.400000 -1.683561 -2.375786 12.067215
 94.600000 -1.671618 -2.293107 5.374804
 94.800000 -1.590332 -2.187551 3.501974
 95.000000 -1.625843 -2.221815 2.624889
 95.200000 -1.635162 -2.325465 3.669698
 95.400000 -1.590216 -2.307214 0.921487
 95.600000 -1.539096 -2.207270 2.403318
 95.800000 -1.548863 -2.207481 2.128391
 96.000000 -1.630764 -2.260013 1.837782
 96.200000 -1.639631 -2.344581 5.230781
 96.400000 -1.599668 -2.275650 0.439366
 96.600000 -1.548692 -2.272073 0.249244
 96.800000 -1.609804 -2.333917 2.872624
 97.000000 -1.631217 -2.291656 2.083642
 97.200000 -1.568515 -2.321852 1.403064
 97.400000 -1.679889 -2.237407 6.447360
 97.600000 -1.676336 -2.311239 6.464387
 97.800000 -1.649718 -2.253848 3.227999
 98.000000 -1.595799 -2.276772 0.343344
 98.200000 -1.598814 -2.333692 2.489653
 98.400000 -1.567063 -2.273862 0.019141
 98.600000 -1.588604 -2.256642 0.234030
 98.800000 -1.585350 -2.211107 1.777570
 99.000000 -1.647359 -2.232062 3.610470
 99.200000 -1.644175 -2.249521 2.880529
 99.400000 -1.605655 -2.232256 1.279989
 99.600000 -1.593725 -2.323938 1.775898
 99.800000 -1.563855 -2.330627 1.927441
 100.000000 -1.593436 -2.349031 3.464488
 100.200000 -1.519226 -2.394555 9.220795
 100.400000 -1.563775 -2.371651 5.300704
 100.600000 -1.640017 -2.307333 3.133235
 100.800000 -1.585205 -2.338374 2.515202
 101.000000 -1.524812 -2.240469 1.462241
 101.200000 -1.520494 -2.287339 1.434640
 101.400000 -1.704084 -2.237286 9.383387
 101.600000 -1.631524 -2.300369 2.338201
 101.800000 -1.565754 -2.292972 0.301779
 102.000000 -1.567262 -2.212407 1.603552
 102.200000 -1.579673 -2.220521 1.211002
 102.400000 -1.538384 -2.244495 0.823755
 102.600000 -1.516558 -2.254572 1.573964
 102.800000 -1.639040 -2.135912 11.175264
 103.000000 -1.622859 -2.220821 2.512391
 103.200000 -1.514668 -2.286363 1.727174
 103.400000 -1.544118 -2.239806 0.779922
 103.600000 -1.571766 -2.259499 0.044927
 103.800000 -1.597885 -2.314361 1.398972
 104.000000 -1.570248 -2.329322 1.823891
 104.200000 -1.622688 -2.255438 1.437368
 104.400000 -1.608461 -2.299535 1.177710
 104.600000 -1.606304 -2.314964 1.690055
 104.800000 -1.573740 -2.254064 0.114805
 105.000000 -1.573884 -2.244535 0.302270
 105.200000 -1.568633 -2.281664 0.083437
 105.400000 -1.562865 -2.389850 7.342506
 105.600000 -1.679320 -2.314879 6.944435
 105.800000 -1.723841 -2.293564 12.014852
 106.000000 -1.604477 -2.269729 0.567501
 106.200000 -1.570651 -2.348547 3.169579
 106.400000 -1.557494 -2.295308 0.436427
 106.600000 -1.542402 -2.192044 3.358715
 106.800000 -1.564856 -2.208168 1.863508
 107.000000 -1.609306 -2.345968 3.709106
 107.200000 -1.720365 -2.274179 11.199115
 107.400000 -1.590547 -2.219309 1.426069
 107.600000 -1.536375 -2.168858 5.599395
 107.800000 -1.584822 -2.263524 0.112966
 108.000000 -1.535647 -2.280793 0.688116
 108.200000 -1.579958 -2.214719 1.511252
 108.400000 -1.634950 -2.246261 2.314727
 108.600000 -1.652138 -2.321763 4.703983
 108.800000 -1.616147 -2.320041 2.334654
 109.000000 -1.604647 -2.261535 0.600276
 109.200000 -1.600752 -2.374422 6.013194
 109.400000 -1.601743 -2.417748 11.552486
 109.600000 -1.566050 -2.367429 4.862493
 109.800000 -1.587391 -2.281005 0.210619
 110.000000 -1.578312 -2.290887 0.269335
 110.200000 -1.631249 -2.286850 1.987837
 110.400000 -1.473034 -2.284898 4.906244
 110.600000 -1.558406 -2.205322 2.099630
 110.800000 -1.599817 -2.246344 0.676130
 111.000000 -1.622561 -2.343137 4.093263
 111.200000 -1.619126 -2.318250 2.384199
 111.400000 -1.578294 -2.237142 0.533296
 111.600000 -1.610155 -2.298406 1.209016
 111.800000 -1.575982 -2.351760 3.444026
 112.000000 -1.682371 -2.248269 6.437890
 112.200000 -1.622059 -2.299583 1.783803
 112.400000 -1.611342 -2.281352 0.899135
 112.600000 -1.546191 -2.356689 4.153722
 112.800000 -1.636546 -2.249369 2.352756
 113.000000 -1.606377 -2.302671 1.202284
 113.200000 -1.551036 -2.280332 0.260266
 113.400000 -1.679879 -2.240366 6.357428
 113.600000 -1.649702 -2.286189 3.262037
 113.800000 -1.506288 -2.315236 3.152851
 114.000000 -1.523297 -2.290498 1.360707
 114.200000 -1.684926 -2.270844 6.514634
 114.400000 -1.621940 -2.226262 2.218032
 114.600000 -1.521029 -2.307322 1.975425
 114.800000 -1.654088 -2.319200 4.732399
 115.000000 -1.622348 -2.291611 1.586058
 115.200000 -1.492576 -2.252014 3.202215
 115.400000 -1.498454 -2.328667 4.401087
 115.600000 -1.609077 -2.324869 2.297399
 115.800000 -1.631571 -2.258859 1.897494
 116.000000 -1.492754 -2.201134 5.343322
 116.200000 -1.573827 -2.294271 0.325738
 116.400000 -1.661647 -2.332159 6.126059
 116.600000 -1.493588 -2.261353 3.009236
 116.800000 -1.432182 -2.244012 9.917314
 117.000000 -1.581689 -2.329708 1.906434
 117.200000 -1.663757 -2.339546 6.814274
 117.400000 -1.553018 -2.315878 1.260176
 117.600000 -1.635060 -2.364057 6.589737
 117.800000 -1.634348 -2.352905 5.545424
 118.000000 -1.576764 -2.306543 0.725257
 118.200000 -1.544283 -2.151419 7.255713
 118.400000 -1.581668 -2.264309 0.069769
 118.600000 -1.568584 -2.278981 0.052980
 118.800000 -1.569061 -2.254224 0.109613
 119.000000 -1.570449 -2.294762 0.333759
 119.200000 -1.601189 -2.299478 0.928518
 119.400000 -1.674830 -2.319332 6.681789
 119.600000 -1.544409 -2.208582 2.168976
 119.800000 -1.489054 -2.195565 6.032034
 120.000000 -1.608749 -2.258405 0.775573
 120.200000 -1.654204 -2.272671 3.485428
 120.400000 -1.509178 -2.322869 3.353201
 120.600000 -1.571862 -2.351792 3.433804
 120.800000 -1.642402 -2.389456 9.827232
 121.000000 -1.559912 -2.358800 4.097724
 121.200000 -1.543094 -2.247152 0.620810
 121.400000 -1.508700 -2.234959 2.504889
 121.600000 -1.598919 -2.181155 4.247526
 121.800000 -1.606912 -2.295853 1.014653
 122.000000 -1.614833 -2.319261 2.236312
 122.200000 -1.662537 -2.377417 10.093154
 122.400000 -1.601365 -2.380462 6.687120
 122.600000 -1.645781 -2.314793 3.863125
 122.800000 -1.528144 -2.247686 1.135236
 123.000000 -1.551146 -2.205116 2.229033
 123.200000 -1.543712 -2.241687 0.737809
 123.400000 -1.605937 -2.204765 2.675868
 123.600000 -1.594438 -2.297451 0.686221
 123.800000 -1.599279 -2.335974 2.653240
 124.000000 -1.635474 -2.312037 3.020789
 124.200000 -1.575673 -2.242785 0.353628
 124.400000 -1.465909 -2.255801 5.586822
 124.600000 -1.509942 -2.215193 3.295350
 124.800000 -1.650942 -2.236707 3.730713
 125.000000 -1.600149 -2.347781 3.539698
 125.200000 -1.617676 -2.331611 3.063428
 125.400000 -1.565036 -2.389217 7.251297
 125.600000 -1.511534 -2.407478 11.354074
 125.800000 -1.577352 -2.293039 0.312159
 126.000000 -1.579283 -2.264580 0.045462
 126.200000 -1.631171 -2.207146 3.731040
 126.400000 -1.671167 -2.384189 11.679664
 126.600000 -1.638669 -2.347172 5.364392
 126.800000 -1.585254 -2.410459 10.120010
 127.000000 -1.578205 -2.351866 3.466807
 127.200000 -1.500190 -2.315440 3.574265
 127.400000 -1.484985 -2.311421 4.584670
 127.600000 -1.656982 -2.205820 5.705301
 127.800000 -1.656027 -2.300387 4.126937
 128.000000 -1.591606 -2.282153 0.303977
 128.200000 -1.616114 -2.287633 1.201771
 128.400000 -1.530273 -2.301432 1.349315
 128.600000 -1.482492 -2.311555 4.807397
 128.800000 -1.624360 -2.304230 2.057653
 129.000000 -1.624888 -2.198586 3.936950
 129.200000 -1.556531 -2.168459 5.148809
 129.400000 -1.656984 -2.308389 4.492755
 129.600000 -1.641540 -2.357457 6.421061
 129.800000 -1.499409 -2.322626 3.989827
 130.000000 -1.488247 -2.275535 3.428994
 130.200000 -1.596903 -2.418738 11.562340
 130.400000 -1.613588 -2.361153 5.168308
 130.600000 -1.571541 -2.209409 1.771545
 130.800000 -1.600315 -2.169441 5.384475
 131.000000 -1.677879 -2.260760 5.766656
 131.200000 -1.627228 -2.313465 2.584043
 131.400000 -1.583101 -2.240250 0.486928
 131.600000 -1.568692 -2.363426 4.467122
 131.800000 -1.577744 -2.347007 3.072267
 132.000000 -1.576042 -2.346891 3.052842
 132.200000 -1.608578 -2.326413 2.365951
 132.400000 -1.682296 -2.272110 6.221195
 132.600000 -1.686155 -2.311614 7.564839
 132.800000 -1.511479 -2.246240 2.016645
 133.000000 -1.622196 -2.238490 1.784197
 133.200000 -1.576859 -2.337142 2.344941
 133.400000 -1.544217 -2.397222 8.582897
 133.600000 -1.592735 -2.301919 0.784869
 133.800000 -1.668824 -2.228761 5.611356
 134.000000 -1.600185 -2.252250 0.570918
 134.200000 -1.595239 -2.255040 0.395152
 134.400000 -1.523688 -2.264296 1.120320
 134.600000 -1.490219 -2.220112 4.437893
 134.800000 -1.570551 -2.371327 5.242816
 135.000000 -1.588848 -2.311683 1.076902
 135.200000 -1.589162 -2.213992 1.677662
 135.400000 -1.502383 -2.231995 3.022181
 135.600000 -1.563309 -2.303596 0.628953
 135.800000 -1.525399 -2.271355 1.033392
 136.000000 -1.534907 -2.251370 0.798175
 136.200000 -1.528233 -2.285162 1.037597
 136.400000 -1.606441 -2.336843 2.941499
 136.600000 -1.609132 -2.238267 1.204883
 136.800000 -1.624114 -2.285477 1.558328
 137.000000 -1.576641 -2.323969 1.531820
 137.200000 -1.572610 -2.344677 2.870609
 137.400000 -1.472537 -2.385640 11.638207
 137.600000 -1.485467 -2.339986 6.165172
 137.800000 -1.615945 -2.350725 4.364600
 138.000000 -1.599652 -2.341388 3.041545
 138.200000 -1.662040 -2.270428 4.163859
 138.400000 -1.610834 -2.354101 4.428669
 138.600000 -1.614115 -2.372273 6.278332
 138.800000 -1.569343 -2.302487 0.564156
 139.000000 -1.589255 -2.319342 1.441148
 139.200000 -1.613841 -2.224122 1.930220
 139.400000 -1.715725 -2.231267 11.211425
 139.600000 -1.654154 -2.264319 3.484890
 139.800000 -1.730987 -2.248205 13.045232
 140.000000 -1.619489 -2.220340 2.365872
 140.200000 -1.549950 -2.252811 0.347163
 140.400000 -1.561494 -2.225673 0.978778
 140.600000 -1.554742 -2.260228 0.166721
 140.800000 -1.667990 -2.213094 6.281982
 141.000000 -1.667214 -2.237690 5.136111
 141.200000 -1.675535 -2.289022 5.686982
 141.400000 -1.586349 -2.278466 0.166430
 141.600000 -1.636380 -2.347636 5.248093
 141.800000 -1.586641 -2.360638 4.330916
 142.000000 -1.562887 -2.434038 13.661979
 142.200000 -1.584986 -2.341841 2.758830
 142.400000 -1.581598 -2.267731 0.059052
 142.600000 -1.661383 -2.367330 8.944496
 142.800000 -1.551265 -2.345588 3.129145
 143.000000 -1.555389 -2.305343 0.781710
 143.200000 -1.601266 -2.226273 1.373899
 143.400000 -1.533287 -2.298451 1.139271
 143.600000 -1.662773 -2.328661 6.013856
 143.800000 -1.650643 -2.288854 3.386279
 144.000000 -1.597444 -2.236064 0.895089
 144.200000 -1.542974 -2.249953 0.567070
 144.400000 -1.564737 -2.237331 0.517558
 144.600000 -1.567474 -2.312703 0.963654
 144.800000 -1.500134 -2.289661 2.711498
 145.000000 -1.555942 -2.242696 0.454371
 145.200000 -1.618625 -2.258507 1.198072
 145.400000 -1.578744 -2.258762 0.083259
 145.600000 -1.657374 -2.305032 4.399638
 145.800000 -1.600254 -2.322934 1.892195
 146.000000 -1.579953 -2.298311 0.473612
 146.200000 -1.559296 -2.281788 0.148816
 146.400000 -1.592616 -2.272408 0.244095
 146.600000 -1.579553 -2.300948 0.550967
 146.800000 -1.649530 -2.247267 3.334132
 147.000000 -1.657291 -2.306424 4.443620
 147.200000 -1.612282 -2.247731 1.085188
 147.400000 -1.581594 -2.366447 4.813275
 147.600000 -1.584224 -2.329838 1.945166
 147.800000 -1.537363 -2.343378 3.330311
 148.000000 -1.579700 -2.352956 3.570021
 148.200000 -1.506857 -2.273794 2.055954
 148.400000 -1.611709 -2.252725 0.968196
 148.600000 -1.501506 -2.244111 2.708506
 148.800000 -1.556567 -2.235783 0.650553
 149.000000 -1.609565 -2.325446 2.348661
 149.200000 -1.579229 -2.300448 0.532323
 149.400000 -1.575133 -2.335304 2.212308
 149.600000 -1.575896 -2.314242 1.039688
 149.800000 -1.595884 -2.348266 3.461942
 150.000000 -1.518057 -2.328648 3.173973
 150.200000 -1.627465 -2.386574 8.525937
 150.400000 -1.573288 -2.308273 0.777134
 150.600000 -1.554391 -2.234419 0.729991
 150.800000 -1.533288 -2.265549 0.709142
 151.000000 -1.636953 -2.370531 7.349960
 151.200000 -1.631541 -2.325408 3.439963
 151.400000 -1.576832 -2.310456 0.880514
 151.600000 -1.543644 -2.293764 0.677042
 151.800000 -1.532341 -2.274419 0.754466
 152.000000 -1.634206 -2.277055 2.043419
 152.200000 -1.629499 -2.240283 2.133288
 152.400000 -1.613274 -2.324314 2.435961
 152.600000 -1.595235 -2.210413 2.010622
 152.800000 -1.595214 -2.185464 3.781202
 153.000000 -1.594301 -2.186755 3.652423
 153.200000 -1.606285 -2.226962 1.510276
 153.400000 -1.602111 -2.283267 0.593101
 153.600000 -1.635704 -2.252377 2.243469
 153.800000 -1.607021 -2.251807 0.802667
 154.000000 -1.622448 -2.282307 1.423427
 154.200000 -1.570856 -2.413735 10.484494
 154.400000 -1.605416 -2.327907 2.338534
 154.600000 -1.624482 -2.380211 7.633050
 154.800000 -1.617669 -2.345555 4.034380
 155.000000 -1.625528 -2.298305 1.929283
 155.200000 -1.617974 -2.271813 1.117025
 155.400000 -1.578570 -2.238657 0.488384
 155.600000 -1.492557 -2.302802 3.634373
 155.800000 -1.564627 -2.193296 2.879110
 156.000000 -1.575004 -2.289933 0.229447
 156.200000 -1.571414 -2.245406 0.276837
 156.400000 -1.550694 -2.293423 0.502040
 156.600000 -1.612435 -2.302167 1.419300
 156.800000 -1.606918 -2.235780 1.201756
 157.000000 -1.547607 -2.270143 0.269621
 157.200000 -1.525283 -2.298797 1.481808
 157.400000 -1.658555 -2.293757 4.159028
 157.600000 -1.600629 -2.308294 1.219845
 157.800000 -1.579868 -2.285284 0.174910
 158.000000 -1.612164 -2.300018 1.338934
 158.200000 -1.583765 -2.343581 2.870642
 158.400000 -1.588526 -2.387259 7.158286
 158.600000 -1.552514 -2.279516 0.223175
 158.800000 -1.621991 -2.260104 1.349353
 159.000000 -1.584902 -2.341618 2.741375
 159.200000 -1.626585 -2.303767 2.163044
 159.400000 -1.600478 -2.369317 5.479504
 159.600000 -1.514102 -2.352997 5.140916
 159.800000 -1.467727 -2.357629 9.245504
 160.000000 -1.611731 -2.344414 3.686878
 160.200000 -1.646172 -2.268139 2.841092
 160.400000 -1.629569 -2.229855 2.490474
 160.600000 -1.541878 -2.170954 5.217587
 160.800000 -1.600994 -2.222098 1.552455
 161.000000 -1.583311 -2.272180 0.083600
 161.200000 -1.556189 -2.307823 0.863105
 161.400000 -1.540313 -2.312197 1.400699
 161.600000 -1.508644 -2.250233 2.106212
 161.800000 -1.596400 -2.219891 1.530100
 162.000000 -1.603451 -2.293126 0.825926
 162.200000 -1.541781 -2.352817 3.939603
 162.400000 -1.645779 -2.327236 4.511094
 162.600000 -1.567252 -2.212268 1.611476
 162.800000 -1.591202 -2.322177 1.625940
 163.000000 -1.595348 -2.326282 1.946144
 163.200000 -1.598441 -2.361372 4.655010
 163.400000 -1.538909 -2.311221 1.402718
 163.600000 -1.618528 -2.311892 2.062096
 163.800000 -1.654861 -2.331449 5.487816
 164.000000 -1.618488 -2.275757 1.160587
 164.200000 -1.524901 -2.334551 3.206348
 164.400000 -1.566167 -2.244102 0.318893
 164.600000 -1.535393 -2.306851 1.345769
 164.800000 -1.569173 -2.298098 0.426762
 165.000000 -1.582570 -2.334259 2.203347
 165.200000 -1.577511 -2.291893 0.286242
 165.400000 -1.551150 -2.321313 1.565095
 165.600000 -1.540697 -2.273418 0.463071
 165.800000 -1.620256 -2.247041 1.462626
 166.000000 -1.568539 -2.288992 0.203828
 166.200000 -1.643187 -2.278710 2.668015
 166.400000 -1.586103 -2.287579 0.291062
 166.600000 -1.602277 -2.231750 1.186621
 166.800000 -1.581368 -2.251980 0.199498
 167.000000 -1.552008 -2.322689 1.621633
 167.200000 -1.686207 -2.268478 6.659970
 167.400000 -1.544602 -2.254913 0.441296
 167.600000 -1.495918 -2.295906 3.167247
 167.800000 -1.560275 -2.349385 3.292028
 168.000000 -1.626814 -2.334995 3.751416
 168.200000 -1.630114 -2.288452 1.949867
 168.400000 -1.614962 -2.344779 3.851969
 168.600000 -1.621101 -2.315970 2.371752
 168.800000 -1.600757 -2.252587 0.582323
 169.000000 -1.571921 -2.266873 0.002745
 169.200000 -1.552634 -2.306050 0.853952
 169.400000 -1.631375 -2.398302 10.203665
 169.600000 -1.603335 -2.264152 0.540786
 169.800000 -1.581752 -2.266701 0.062491
 170.000000 -1.630411 -2.248129 1.993263
 170.200000 -1.677340 -2.202430 7.886809
 170.400000 -1.583169 -2.276289 0.103628
 170.600000 -1.493221 -2.142373 11.017015
 170.800000 -1.554681 -2.286042 0.276292
 171.000000 -1.606526 -2.273550 0.648999
 171.200000 -1.567163 -2.304705 0.646586
 171.400000 -1.540669 -2.288756 0.650397
 171.600000 -1.699250 -2.297358 8.654277
 171.800000 -1.628283 -2.312674 2.609180
 172.000000 -1.534298 -2.242705 1.009889
 172.200000 -1.603817 -2.266927 0.547178
 172.400000 -1.667562 -2.384833 11.398751
 172.600000 -1.580381 -2.341399 2.671977
 172.800000 -1.525260 -2.253885 1.149918
 173.000000 -1.585185 -2.225092 1.064313
 173.200000 -1.649936 -2.326571 4.792903
 173.400000 -1.517182 -2.277026 1.470030
 173.600000 -1.576734 -2.236055 0.557935
 173.800000 -1.579987 -2.283086 0.142456
 174.000000 -1.530579 -2.359137 4.877508
 174.200000 -1.581068 -2.297631 0.464676
 174.400000 -1.662807 -2.292125 4.502004
 174.600000 -1.660878 -2.345537 6.991811
 174.800000 -1.606716 -2.361986 4.975031
 175.000000 -1.616196 -2.287130 1.196241
 175.200000 -1.552233 -2.309730 1.004697
 175.400000 -1.497865 -2.287988 2.841110
 175.600000 -1.530881 -2.401952 9.644269
 175.800000 -1.594153 -2.319210 1.536891
 176.000000 -1.571799 -2.297137 0.398377
 176.200000 -1.548092 -2.316827 1.404900
 176.400000 -1.606760 -2.258230 0.703916
 176.600000 -1.571285 -2.269274 0.000179
 176.800000 -1.582145 -2.278358 0.108858
 177.000000 -1.594317 -2.326763 1.949040
 177.200000 -1.607726 -2.311558 1.590562
 177.400000 -1.545071 -2.315845 1.431519
 177.600000 -1.611226 -2.228731 1.625183
 177.800000 -1.567426 -2.277163 0.039582
 178.000000 -1.527972 -2.262258 0.939210
 178.200000 -1.591311 -2.224308 1.205876
 178.400000 -1.558876 -2.262829 0.089654
 178.600000 -1.496302 -2.321847 4.174878
 178.800000 -1.603460 -2.365987 5.243710
 179.000000 -1.665846 -2.299341 4.979746
 179.200000 -1.618022 -2.320501 2.445003
 179.400000 -1.591157 -2.355838 3.983976
 179.600000 -1.604102 -2.364544 5.125869
 179.800000 -1.591640 -2.298286 0.648167
 180.000000 -1.518079 -2.203723 3.515360
 180.200000 -1.521586 -2.294602 1.540401
 180.400000 -1.613719 -2.299242 1.380646
 180.600000 -1.671702 -2.274228 5.104980
 180.800000 -1.600648 -2.327416 2.155979
 181.000000 -1.650135 -2.288518 3.339211
 181.200000 -1.573348 -2.311667 0.916565
 181.400000 -1.538108 -2.220937 1.685854
 181.600000 -1.467220 -2.247186 5.600378
 181.800000 -1.602561 -2.311609 1.415356
 182.000000 -1.638602 -2.257388 2.365403
 182.200000 -1.576820 -2.184045 3.620696
 182.400000 -1.560711 -2.271099 0.053213
 182.600000 -1.607412 -2.293511 0.972514
 182.800000 -1.581506 -2.307330 0.794701
 183.000000 -1.511985 -2.272340 1.735205
 183.200000 -1.570529 -2.249053 0.197539
 183.400000 -1.579811 -2.358562 4.057764
 183.600000 -1.627093 -2.334435 3.730271
 183.800000 -1.621746 -2.296168 1.668941
 184.000000 -1.609189 -2.370832 5.929232
 184.200000 -1.613346 -2.325993 2.533436
 184.400000 -1.569257 -2.361570 4.292436
 184.600000 -1.570103 -2.312203 0.936624
 184.800000 -1.551432 -2.266787 0.189790
 185.000000 -1.572113 -2.430124 12.992861
 185.200000 -1.585621 -2.285746 0.251310
 185.400000 -1.575744 -2.344185 2.844014
 185.600000 -1.575183 -2.304978 0.659404
 185.800000 -1.573603 -2.343408 2.777562
 186.000000 -1.509547 -2.297637 2.287826
 186.200000 -1.540775 -2.188381 3.694518
 186.400000 -1.664393 -2.273689 4.391489
 186.600000 -1.545513 -2.299684 0.792577
 186.800000 -1.627598 -2.211408 3.267511
 187.000000 -1.583094 -2.235764 0.625525
 187.200000 -1.529387 -2.324429 2.397549
 187.400000 -1.585751 -2.288889 0.311054
 187.600000 -1.554154 -2.212291 1.742375
 187.800000 -1.595026 -2.260567 0.328481
 188.000000 -1.561354 -2.237379 0.542259
 188.200000 -1.652227 -2.354742 6.997496
 188.400000 -1.640274 -2.298822 2.860424
 188.600000 -1.526015 -2.430441 14.045937
 188.800000 -1.538168 -2.281744 0.614412
 189.000000 -1.595706 -2.273832 0.322282
 189.200000 -1.554215 -2.277011 0.170148
 189.400000 -1.584006 -2.268780 0.087257
 189.600000 -1.688847 -2.375459 12.642488
 189.800000 -1.586513 -2.292533 0.402121
 190.000000 -1.536327 -2.332055 2.586585
 190.200000 -1.587888 -2.313701 1.148376
 190.400000 -1.615593 -2.409516 10.885791
 190.600000 -1.569395 -2.304501 0.633695
 190.800000 -1.483215 -2.268848 3.835234
 191.000000 -1.563304 -2.293447 0.328669
 191.200000 -1.701047 -2.232610 9.142153
 191.400000 -1.598081 -2.206197 2.339807
 191.600000 -1.527942 -2.153008 7.636966
 191.800000 -1.618441 -2.241604 1.508333
 192.000000 -1.651908 -2.223747 4.310190
 192.200000 -1.514873 -2.323541 3.055004
 192.400000 -1.519053 -2.207692 3.213585
 192.600000 -1.670847 -2.236076 5.544666
 192.800000 -1.602715 -2.230668 1.241311
 193.000000 -1.488957 -2.247902 3.569859
 193.200000 -1.582582 -2.268280 0.069657
 193.400000 -1.661001 -2.223577 5.096811
 193.600000 -1.546766 -2.263410 0.303946
 193.800000 -1.540934 -2.258592 0.499298
 194.000000 -1.568262 -2.292717 0.286173
 194.200000 -1.560056 -2.286786 0.217134
 194.400000 -1.521015 -2.370739 6.421846
 194.600000 -1.590050 -2.344666 3.053475
 194.800000 -1.678058 -2.295305 6.100364
 195.000000 -1.649861 -2.344446 5.977121
 195.200000 -1.594237 -2.333667 2.370264
 195.400000 -1.589072 -2.320039 1.473165
 195.600000 -1.570706 -2.331914 1.983626
 195.800000 -1.593416 -2.348295 3.405362
 196.000000 -1.566026 -2.339387 2.493609
 196.200000 -1.568498 -2.258192 0.060274
 196.400000 -1.529319 -2.291251 1.109360
 196.600000 -1.587982 -2.244724 0.440580
 196.800000 -1.619330 -2.249475 1.366980
 197.000000 -1.600084 -2.254904 0.527235
 197.200000 -1.554098 -2.240468 0.544383
 197.400000 -1.546482 -2.275113 0.314725
 197.600000 -1.656789 -2.229812 4.462416
 197.800000 -1.591020 -2.248368 0.415850
 198.000000 -1.492850 -2.316154 4.152952
 198.200000 -1.508955 -2.266966 1.914127
 198.400000 -1.574105 -2.249468 0.194822
 198.600000 -1.672987 -2.248359 5.433055
 198.800000 -1.532387 -2.291550 0.993526
 199.000000 -1.602375 -2.285930 0.643154
 199.200000 -1.649167 -2.261353 3.099702
 199.400000 -1.656595 -2.226211 4.593124
 199.600000 -1.519921 -2.250560 1.462849
 199.800000 -1.585580 -2.321712 1.502331
 200.000000 -1.584045 -2.425190 12.296625
