#! FIELDS time phi psi restraint.bias
#! SET min_phi -pi
#! SET max_phi pi
#! SET min_psi -pi
#! SET max_psi pi
 0.000000 0.919922 0.048968 53.427523
 0.200000 1.194592 0.034271 10.204911
 0.400000 1.172735 0.134733 1.992331
 0.600000 1.140600 0.157077 3.443467
 0.800000 1.187639 0.135632 1.337748
 1.000000 1.270226 0.141199 1.731481
 1.200000 1.221571 0.228296 1.445255
 1.400000 1.199041 0.243208 2.615536
 1.600000 1.197649 0.246729 2.896080
 1.800000 1.202606 0.153519 0.403655
 2.000000 1.188738 0.109702 2.645771
 2.200000 1.182626 0.019106 12.843339
 2.400000 1.096433 0.087925 11.600180
 2.600000 1.122766 0.054898 12.053237
 2.800000 1.129858 0.145436 4.643566
 3.000000 1.141899 0.130306 4.164527
 3.200000 1.221916 0.161191 0.089022
 3.400000 1.193177 0.176494 0.409567
 3.600000 1.176533 0.290606 7.757965
 3.800000 1.315988 0.208174 5.008076
 4.000000 1.239249 0.184142 0.199619
 4.200000 1.164082 0.179689 1.674952
 4.400000 1.232010 0.209372 0.659704
 4.600000 1.178571 0.179901 0.945775
 4.800000 1.182511 0.040402 9.764696
 5.000000 1.216297 0.054920 7.168338
 5.200000 1.164693 0.084228 5.704138
 5.400000 1.189975 0.133125 1.361514
 5.600000 1.230989 0.124012 1.319039
 5.800000 1.151748 0.107875 4.670357
 6.000000 1.171394 0.110320 3.328535
 6.200000 1.246235 0.205793 0.788829
 6.400000 1.224557 0.195020 0.213850
 6.600000 1.110976 0.182335 6.163758
 6.800000 1.242537 0.162845 0.284764
 7.000000 1.291854 0.197197 2.715470
 7.200000 1.205717 0.131219 1.066246
 7.400000 1.198694 0.109358 2.389217
 7.600000 1.174343 0.162918 1.190218
 7.800000 1.121947 0.126816 6.116810
 8.000000 1.169989 0.153065 1.569031
 8.200000 1.192963 0.076849 5.184853
 8.400000 1.220277 0.133482 0.843626
 8.600000 1.127493 0.190271 4.564198
 8.800000 1.173686 0.219947 2.185339
 9.000000 1.154048 0.180462 2.308024
 9.200000 1.251437 0.157886 0.579790
 9.400000 1.218846 0.110710 2.040857
 9.600000 1.180491 0.167418 0.875637
 9.800000 1.252101 0.205605 0.943922
 10.000000 1.073105 0.160682 11.140693
 10.200000 1.117451 0.131000 6.384689
 10.400000 1.198370 0.220721 1.339526
 10.600000 1.239824 0.103088 2.715911
 10.800000 1.118482 0.085183 9.321740
 11.000000 1.216752 0.096328 3.070390
 11.200000 1.145243 0.168985 2.940577
 11.400000 1.130498 0.172364 4.164080
 11.600000 1.225829 0.224504 1.256974
 11.800000 1.212637 0.141076 0.601031
 12.000000 1.160458 0.143088 2.371550
 12.200000 1.209650 0.116912 1.733052
 12.400000 1.213085 0.079353 4.566998
 12.600000 1.094305 0.143395 8.603363
 12.800000 1.169039 0.194465 1.586849
 13.000000 1.178696 0.264160 4.942514
 13.200000 1.122464 0.170795 4.933891
 13.400000 1.202378 0.158374 0.317814
 13.600000 1.247451 0.141388 0.880057
 13.800000 1.162077 0.121871 3.165894
 14.000000 1.176348 0.187690 1.116343
 14.200000 1.283619 0.156138 2.084310
 14.400000 1.137064 0.184718 3.636065
 14.600000 1.184599 0.148193 1.036259
 14.800000 1.124091 0.174541 4.766722
 15.000000 1.177442 0.074539 5.980137
 15.200000 1.199673 0.156592 0.404221
 15.400000 1.218223 0.171122 0.011970
 15.600000 1.163291 0.227454 3.107916
 15.800000 1.219816 0.226710 1.363056
 16.000000 1.160993 0.129398 2.863098
 16.200000 1.192969 0.086097 4.324057
 16.400000 1.167436 0.167648 1.497624
 16.600000 1.174025 0.127752 2.232120
 16.800000 1.221353 0.151747 0.259663
 17.000000 1.210112 0.185876 0.131837
 17.200000 1.211539 0.162981 0.118659
 17.400000 1.192264 0.132932 1.299457
 17.600000 1.234833 0.143769 0.559042
 17.800000 1.191279 0.169216 0.477783
 18.000000 1.218420 0.157224 0.155277
 18.200000 1.067346 0.177283 11.921124
 18.400000 1.188700 0.200449 0.881318
 18.600000 1.311510 0.069939 9.500110
 18.800000 1.145911 0.123159 4.193944
 19.000000 1.124937 0.261754 8.488269
 19.200000 1.259562 0.202778 1.114491
 19.400000 1.254784 0.178651 0.554742
 19.600000 1.183516 0.138940 1.363601
 19.800000 1.165554 0.162121 1.654927
 20.000000 1.161334 0.169120 1.838490
 20.200000 1.195064 0.132925 1.221154
 20.400000 1.236109 0.031102 10.389530
 20.600000 1.183983 0.156649 0.872336
 20.800000 1.156177 0.214776 2.958335
 21.000000 1.122344 0.145392 5.363447
 21.200000 1.297452 0.131752 3.781988
 21.400000 1.268752 0.204962 1.568490
 21.600000 1.198549 0.159638 0.379623
 21.800000 1.150737 0.167527 2.544613
 22.000000 1.253018 0.087718 4.257861
 22.200000 1.194949 0.175791 0.359414
 22.400000 1.049295 0.133551 15.706816
 22.600000 1.099025 0.195982 7.758310
 22.800000 1.240565 0.080681 4.581414
 23.000000 1.233043 0.129162 1.093247
 23.200000 1.160026 0.175692 1.904369
 23.400000 1.190567 0.150821 0.766708
 23.600000 1.294975 0.211274 3.357331
 23.800000 1.153769 0.228023 3.740021
 24.000000 1.131572 0.212736 4.793986
 24.200000 1.220934 0.177287 0.004110
 24.400000 1.191161 0.096800 3.488457
 24.600000 1.220443 0.133959 0.823937
 24.800000 1.175383 0.102396 3.675894
 25.000000 1.121195 0.090744 8.564038
 25.200000 1.256509 0.159897 0.711864
 25.400000 1.192158 0.165330 0.479602
 25.600000 1.138575 0.168503 3.475632
 25.800000 1.227763 0.175238 0.018445
 26.000000 1.207447 0.177061 0.105209
 26.200000 1.197430 0.155595 0.474569
 26.400000 1.222645 0.193405 0.178499
 26.600000 1.182917 0.163768 0.811192
 26.800000 1.145879 0.111996 4.832138
 27.000000 1.116976 0.182418 5.517850
 27.200000 1.204244 0.137527 0.837622
 27.400000 1.252438 0.114285 2.286388
 27.600000 1.179223 0.166060 0.939345
 27.800000 1.215196 0.109349 2.145805
 28.000000 1.168556 0.159444 1.527606
 28.200000 1.240097 0.194948 0.377042
 28.400000 1.150593 0.186496 2.601834
 28.600000 1.225192 0.112585 1.924747
 28.800000 1.240605 0.183926 0.222236
 29.000000 1.231629 0.132101 0.949223
 29.200000 1.078197 0.132852 11.169522
 29.400000 1.204125 0.171037 0.161090
 29.600000 1.285822 0.095118 5.207230
 29.800000 1.204126 0.163759 0.212996
 30.000000 1.131176 0.156293 4.266455
 30.200000 1.175313 0.197185 1.333868
 30.400000 1.259691 0.221080 1.803844
 30.600000 1.232071 0.095967 3.139756
 30.800000 1.180202 0.069424 6.386283
 31.000000 1.248277 0.084607 4.395713
 31.200000 1.246739 0.147353 0.682073
 31.400000 1.218574 0.095392 3.136612
 31.600000 1.224845 0.160748 0.099857
 31.800000 1.109824 0.154006 6.472219
 32.000000 1.202493 0.146027 0.591331
 32.200000 1.215723 0.148520 0.356367
 32.400000 1.200493 0.082783 4.434510
 32.600000 1.230340 0.204322 0.480743
 32.800000 1.168670 0.283235 7.315832
 33.000000 1.106367 0.175750 6.655100
 33.200000 1.187246 0.182876 0.629397
 33.400000 1.235984 0.136665 0.818568
 33.600000 1.227575 0.099682 2.818439
 33.800000 1.139216 0.144057 3.868701
 34.000000 1.203976 0.152330 0.404100
 34.200000 1.279002 0.129242 2.665668
 34.400000 1.146907 0.144255 3.257629
 34.600000 1.074639 0.220614 11.879720
 34.800000 1.262440 0.133385 1.675213
 35.000000 1.289905 0.009174 15.995672
 35.200000 1.195276 0.142396 0.866311
 35.400000 1.204141 0.153393 0.378127
 35.600000 1.171085 0.227298 2.674534
 35.800000 1.188875 0.245220 3.038034
 36.000000 1.189601 0.088137 4.248264
 36.200000 1.134136 0.185653 3.898257
 36.400000 1.179778 0.168097 0.900724
 36.600000 1.161299 0.103549 4.345351
 36.800000 1.215827 0.054839 7.180704
 37.000000 1.170835 0.164112 1.349492
 37.200000 1.191333 0.171067 0.467996
 37.400000 1.220929 0.141420 0.548546
 37.600000 1.223005 0.144320 0.457228
 37.800000 1.173177 0.201909 1.553427
 38.000000 1.261557 0.151905 1.049075
 38.200000 1.129354 0.097946 7.199435
 38.400000 1.175581 0.067798 6.761035
 38.600000 1.231741 0.143299 0.537884
 38.800000 1.184679 0.122708 2.029343
 39.000000 1.148321 0.139617 3.304004
 39.200000 1.250936 0.083891 4.534431
 39.400000 1.179240 0.055756 7.956675
 39.600000 1.207735 0.038659 9.328850
 39.800000 1.153819 0.225970 3.628858
 40.000000 1.143899 0.172066 3.031879
 40.200000 1.285545 0.177025 2.039249
 40.400000 1.225692 0.169574 0.020142
 40.600000 1.180667 0.184722 0.895030
 40.800000 1.269248 0.110766 3.162062
 41.000000 1.156391 0.110775 4.167139
 41.200000 1.191587 0.148339 0.797379
 41.400000 1.241037 0.139195 0.810753
 41.600000 1.123504 0.156166 4.992892
 41.800000 1.230152 0.175070 0.035607
 42.000000 1.207217 0.040161 9.133171
 42.200000 1.132533 0.053384 11.316674
 42.400000 1.182052 0.145509 1.208376
 42.600000 1.189614 0.136185 1.251020
 42.800000 1.229627 0.196552 0.273600
 43.000000 1.278668 0.207149 2.152862
 43.200000 1.136583 0.275741 8.746553
 43.400000 1.173529 0.246948 3.783702
 43.600000 1.221842 0.076515 4.803759
 43.800000 1.204554 0.073810 5.220020
 44.000000 1.200838 0.075430 5.128902
 44.200000 1.214182 0.143222 0.518668
 44.400000 1.166019 0.180497 1.569649
 44.600000 1.200918 0.144503 0.667486
 44.800000 1.243671 0.119335 1.764103
 45.000000 1.256975 0.067041 6.398309
 45.200000 1.210233 0.050687 7.735026
 45.400000 1.137365 0.194815 3.764434
 45.600000 1.192331 0.204443 0.879474
 45.800000 1.232744 0.155645 0.239024
 46.000000 1.222231 0.149077 0.324120
 46.200000 1.227897 0.151269 0.289607
 46.400000 1.173428 0.204034 1.601687
 46.600000 1.193624 0.155843 0.569640
 46.800000 1.248480 0.092653 3.709902
 47.000000 1.210271 0.179513 0.078060
 47.200000 1.134549 0.233246 5.523891
 47.400000 1.105050 0.193145 6.980410
 47.600000 1.222984 0.102013 2.630373
 47.800000 1.230530 0.042623 8.738889
 48.000000 1.153746 0.057868 9.116317
 48.200000 1.130151 0.180284 4.209947
 48.400000 1.187829 0.267690 4.913764
 48.600000 1.151934 0.281278 8.133033
 48.800000 1.152786 0.183714 2.418823
 49.000000 1.103950 0.258805 10.486966
 49.200000 1.288736 0.143244 2.734388
 49.400000 1.141277 0.113777 5.081965
 49.600000 1.185758 0.147540 1.011306
 49.800000 1.223291 0.049880 7.770349
 50.000000 1.218702 0.161530 0.089126
 50.200000 1.172126 0.216405 2.106936
 50.400000 1.078367 0.140771 10.846508
 50.600000 1.288116 0.131357 3.135607
 50.800000 1.242990 0.069586 5.732918
 51.000000 1.157597 0.101188 4.746332
 51.200000 1.222542 0.262680 3.885306
 51.400000 1.166769 0.187799 1.598382
 51.600000 1.110130 0.119518 7.740635
 51.800000 1.189363 0.100547 3.260757
 52.000000 1.245053 0.063545 6.431108
 52.200000 1.222413 0.124697 1.242031
 52.400000 1.216323 0.185539 0.075185
 52.600000 1.158973 0.135869 2.716696
 52.800000 1.173056 0.183744 1.227052
 53.000000 1.157562 0.163640 2.118144
 53.200000 1.138666 0.140275 4.036693
 53.400000 1.166526 0.048072 9.520011
 53.600000 1.152203 0.071946 7.679143
 53.800000 1.235692 0.136541 0.819150
 54.000000 1.217958 0.164937 0.053161
 54.200000 1.139763 0.211041 4.025716
 54.400000 1.195371 0.285382 6.491184
 54.600000 1.178983 0.144791 1.355965
 54.800000 1.175403 0.086390 4.957688
 55.000000 1.188565 0.223201 1.734253
 55.200000 1.152916 0.162466 2.440491
 55.400000 1.200397 0.186641 0.300867
 55.600000 1.142997 0.212844 3.833320
 55.800000 1.146858 0.167456 2.827946
 56.000000 1.200791 0.144845 0.659923
 56.200000 1.281980 0.126919 2.948517
 56.400000 1.175089 0.128780 2.134390
 56.600000 1.171792 0.152902 1.480862
 56.800000 1.227261 0.117902 1.618800
 57.000000 1.204384 0.173497 0.150995
 57.200000 1.187606 0.202501 0.973325
 57.400000 1.227044 0.121484 1.421214
 57.600000 1.167286 0.140668 2.055512
 57.800000 1.210241 0.154071 0.275340
 58.000000 1.224587 0.141856 0.537963
 58.200000 1.149798 0.123289 3.900121
 58.400000 1.181344 0.193661 0.998479
 58.600000 1.179527 0.118688 2.449888
 58.800000 1.152420 0.078846 6.980031
 59.000000 1.125980 0.067718 10.288813
 59.200000 1.178886 0.114263 2.734071
 59.400000 1.218406 0.169549 0.017948
 59.600000 1.203661 0.211675 0.853043
 59.800000 1.265622 0.234508 2.761766
 60.000000 1.176654 0.213661 1.781425
 60.200000 1.196817 0.221962 1.435097
 60.400000 1.119676 0.125858 6.392164
 60.600000 1.154889 0.100037 5.008773
 60.800000 1.270629 0.201926 1.570693
 61.000000 1.143838 0.089512 6.647862
 61.200000 1.152761 0.249202 5.166160
 61.400000 1.168716 0.227222 2.793334
 61.600000 1.174799 0.107061 3.377496
 61.800000 1.250046 0.055378 7.499834
 62.000000 1.190523 0.141936 1.018240
 62.200000 1.248802 0.267954 4.730212
 62.400000 1.159445 0.227909 3.364222
 62.600000 1.213737 0.141409 0.580548
 62.800000 1.174973 0.206677 1.609751
 63.000000 1.228736 0.186265 0.093363
 63.200000 1.113094 0.128298 6.969719
 63.400000 1.131689 0.117981 5.652832
 63.600000 1.162989 0.146049 2.130970
 63.800000 1.201294 0.179012 0.218864
 64.000000 1.085133 0.152844 9.564605
 64.200000 1.116874 0.150438 5.787690
 64.400000 1.271801 0.148985 1.579897
 64.600000 1.190578 0.121367 1.898530
 64.800000 1.212367 0.237524 2.027790
 65.000000 1.136166 0.228081 5.094332
 65.200000 1.170102 0.176279 1.334277
 65.400000 1.253476 0.169647 0.515838
 65.600000 1.202993 0.000574 15.306437
 65.800000 1.157529 0.140593 2.636844
 66.000000 1.191983 0.219974 1.474909
 66.200000 1.159215 0.138607 2.599418
 66.400000 1.155151 0.240748 4.408657
 66.600000 1.197479 0.167490 0.318861
 66.800000 1.236145 0.232350 1.775304
 67.000000 1.204925 0.224295 1.379373
 67.200000 1.239932 0.088393 3.875653
 67.400000 1.207174 0.089806 3.695266
 67.600000 1.138438 0.129113 4.500326
 67.800000 1.160049 0.169984 1.912667
 68.000000 1.142418 0.076366 7.963603
 68.200000 1.217309 0.168649 0.027084
 68.400000 1.201848 0.229384 1.702000
 68.600000 1.151413 0.121189 3.895068
 68.800000 1.197951 0.224631 1.537620
 69.000000 1.243028 0.204034 0.661941
 69.200000 1.128055 0.240326 6.551931
 69.400000 1.129028 0.143302 4.784583
 69.600000 1.175512 0.095413 4.198102
 69.800000 1.200339 0.130657 1.191349
 70.000000 1.106805 0.107548 8.847438
 70.200000 1.105854 0.159604 6.825055
 70.400000 1.170200 0.162951 1.394774
 70.600000 1.273527 0.158168 1.475349
 70.800000 1.222854 0.154786 0.195601
 71.000000 1.183887 0.154504 0.916623
 71.200000 1.216373 0.253607 3.140738
 71.400000 1.298396 0.162337 3.013202
 71.600000 1.146135 0.133389 3.703712
 71.800000 1.144061 0.152120 3.267419
 72.000000 1.251321 0.168380 0.456730
 72.200000 1.209046 0.072429 5.293074
 72.400000 1.145348 0.119495 4.431752
 72.600000 1.153546 0.156310 2.490597
 72.800000 1.194550 0.106600 2.676846
 73.000000 1.215739 0.163161 0.082603
 73.200000 1.183457 0.199365 1.040766
 73.400000 1.135821 0.225644 4.996377
 73.600000 1.246866 0.241633 2.567151
 73.800000 1.220642 0.154466 0.201935
 74.000000 1.127723 0.129558 5.430063
 74.200000 1.171198 0.104598 3.722216
 74.400000 1.199783 0.127211 1.360512
 74.600000 1.184099 0.138648 1.351913
 74.800000 1.163846 0.150347 1.967804
 75.000000 1.140060 0.063044 9.549963
 75.200000 1.272592 0.142849 1.795386
 75.400000 1.214009 0.279112 5.498244
 75.600000 1.141432 0.165254 3.266938
 75.800000 1.146212 0.162638 2.922291
 76.000000 1.172878 0.137823 1.867085
 76.200000 1.224079 0.241795 2.264871
 76.400000 1.180139 0.161684 0.947475
 76.600000 1.149492 0.116035 4.320167
 76.800000 1.133334 0.190754 4.038556
 77.000000 1.130937 0.130769 5.079356
 77.200000 1.239861 0.093668 3.433920
 77.400000 1.226303 0.096100 3.086324
 77.600000 1.153054 0.143667 2.834564
 77.800000 1.155279 0.186914 2.284532
 78.000000 1.204706 0.186885 0.221206
 78.200000 1.215226 0.151782 0.279958
 78.400000 1.230049 0.201279 0.392272
 78.600000 1.268890 0.144841 1.552838
 78.800000 1.171007 0.178400 1.293934
 79.000000 1.164433 0.167866 1.663742
 79.200000 1.099727 0.131873 8.352345
 79.400000 1.131161 0.075380 9.017068
 79.600000 1.291033 0.130131 3.387158
 79.800000 1.164633 0.203974 2.063470
 80.000000 1.129135 0.188798 4.388750
 80.200000 1.172820 0.135087 1.974105
 80.400000 1.225121 0.168310 0.025111
 80.600000 1.160766 0.137238 2.553811
 80.800000 1.210956 0.103822 2.558046
 81.000000 1.192894 0.145283 0.843557
 81.200000 1.142003 0.194780 3.383220
 81.400000 1.192847 0.140969 0.980384
 81.600000 1.203509 0.146034 0.572114
 81.800000 1.160219 0.186097 1.958721
 82.000000 1.212730 0.165005 0.085890
 82.200000 1.200562 0.115118 1.989126
 82.400000 1.218742 0.100238 2.764355
 82.600000 1.226280 0.105074 2.422649
 82.800000 0.987006 0.184108 27.593601
 83.000000 1.179464 0.211053 1.560085
 83.200000 1.283394 0.135324 2.669838
 83.400000 1.204988 0.179482 0.152398
 83.600000 1.197306 0.090432 3.834773
 83.800000 1.111385 0.120881 7.527337
 84.000000 1.165981 0.166819 1.583770
 84.200000 1.182643 0.167884 0.786042
 84.400000 1.214070 0.103458 2.555179
 84.600000 1.186362 0.170328 0.634318
 84.800000 1.168301 0.154685 1.624336
 85.000000 1.160977 0.180017 1.860515
 85.200000 1.146027 0.163223 2.929494
 85.400000 1.235851 0.141023 0.661141
 85.600000 1.120030 0.119424 6.689962
 85.800000 1.136906 0.114813 5.380798
 86.000000 1.250119 0.154200 0.609660
 86.200000 1.100033 0.207694 7.954965
 86.400000 1.204459 0.196185 0.383554
 86.600000 1.202648 0.221869 1.302398
 86.800000 1.140224 0.119811 4.818913
 87.000000 1.133766 0.109263 5.998897
 87.200000 1.213830 0.032158 10.166463
 87.400000 1.341027 0.076260 11.944621
 87.600000 1.206702 0.204016 0.547554
 87.800000 1.131688 0.180744 4.073132
 88.000000 1.153801 0.232859 4.008181
 88.200000 1.245984 0.139746 0.899191
 88.400000 1.174450 0.144659 1.563962
 88.600000 1.188120 0.136171 1.300633
 88.800000 1.201694 0.171828 0.204387
 89.000000 1.163412 0.182865 1.735223
 89.200000 1.178362 0.217546 1.865491
 89.400000 1.209221 0.130826 1.033377
 89.600000 1.181219 0.078748 5.407947
 89.800000 1.145352 0.117697 4.532001
 90.000000 1.178988 0.036694 10.413218
 90.200000 1.186134 0.152546 0.875254
 90.400000 1.161390 0.238963 3.896089
 90.600000 1.130005 0.202879 4.608514
 90.800000 1.236884 0.157281 0.263634
 91.000000 1.199668 0.211231 0.916747
 91.200000 1.103895 0.074946 11.901316
 91.400000 1.108181 0.134264 7.257543
 91.600000 1.261043 0.113887 2.611695
 91.800000 1.196441 0.087945 4.068517
 92.000000 1.204863 0.160773 0.236923
 92.200000 1.136658 0.276192 8.785992
 92.400000 1.122364 0.208431 5.511378
 92.600000 1.235641 0.106445 2.414727
 92.800000 1.238622 0.121297 1.559674
 93.000000 1.135963 0.107070 5.953616
 93.200000 1.107051 0.184176 6.622192
 93.400000 1.195644 0.072269 5.569217
 93.600000 1.257254 0.196330 0.868512
 93.800000 1.188779 0.239304 2.640565
 94.000000 1.218020 0.184662 0.058185
 94.200000 1.336668 0.101618 9.263654
 94.400000 1.044522 0.121356 17.115371
 94.600000 1.137688 0.144609 3.979280
 94.800000 1.191579 0.167573 0.478761
 95.000000 1.100823 0.158769 7.433614
 95.200000 1.104622 0.213201 7.604843
 95.400000 1.201654 0.156682 0.360860
 95.600000 1.216043 0.140823 0.584370
 95.800000 1.165508 0.140401 2.163002
 96.000000 1.192500 0.198258 0.708640
 96.200000 1.268626 0.173847 1.099851
 96.400000 1.185853 0.078275 5.276373
 96.600000 1.177401 0.229513 2.493941
 96.800000 1.208888 0.157392 0.229368
 97.000000 1.181834 0.125198 2.012799
 97.200000 1.174858 0.133079 1.957701
 97.400000 1.242034 0.139166 0.831540
 97.600000 1.178100 0.146946 1.332299
 97.800000 1.205672 0.195359 0.345806
 98.000000 1.186533 0.229842 2.148962
 98.200000 1.191627 0.158900 0.575295
 98.400000 1.178965 0.150897 1.193755
 98.600000 1.222730 0.121287 1.418063
 98.800000 1.204323 0.168793 0.167980
 99.000000 1.162100 0.133865 2.604819
 99.200000 1.184597 0.176682 0.691753
 99.400000 1.182626 0.115293 2.519275
 99.600000 1.196375 0.069969 5.788270
 99.800000 1.132056 0.211535 4.705311
 100.000000 1.115635 0.197709 5.896656
 100.200000 1.147870 0.153139 2.956527
 100.400000 1.254488 0.181533 0.561022
 100.600000 1.251251 0.259159 4.016494
 100.800000 1.177057 0.138275 1.655195
 101.000000 1.156933 0.163495 2.160268
 101.200000 1.119917 0.185338 5.241358
 101.400000 1.228965 0.174358 0.026187
 101.600000 1.189650 0.098628 3.395377
 101.800000 1.253947 0.116694 2.191642
 102.000000 1.144362 0.169053 3.007938
 102.200000 1.220440 0.143549 0.480847
 102.400000 1.147836 0.135434 3.494607
 102.600000 1.183433 0.122989 2.061743
 102.800000 1.231554 0.137147 0.747105
 103.000000 1.167048 0.116156 3.199051
 103.200000 1.199289 0.222828 1.418015
 103.400000 1.121427 0.179277 5.041689
 103.600000 1.231572 0.196244 0.284114
 103.800000 1.241126 0.092759 3.531611
 104.000000 1.151696 0.136857 3.162173
 104.200000 1.175487 0.139768 1.673512
 104.400000 1.198445 0.131145 1.212385
 104.600000 1.160040 0.159117 2.021665
 104.800000 1.175446 0.173493 1.071688
 105.000000 1.118591 0.191436 5.461771
 105.200000 1.257464 0.203915 1.070068
 105.400000 1.229515 0.154291 0.235163
 105.600000 1.154911 0.086565 6.101648
 105.800000 1.196583 0.172539 0.318183
 106.000000 1.145261 0.115980 4.637994
 106.200000 1.156360 0.141855 2.670553
 106.400000 1.223822 0.170427 0.010618
 106.600000 1.262882 0.176378 0.848439
 106.800000 1.217659 0.180236 0.024552
 107.000000 1.125422 0.153130 4.866711
 107.200000 1.151887 0.200474 2.775561
 107.400000 1.253004 0.127117 1.613169
 107.600000 1.095648 0.091375 11.406046
 107.800000 1.156214 0.143713 2.621119
 108.000000 1.346453 0.198274 8.059621
 108.200000 1.201928 0.078028 4.852698
 108.400000 1.152061 0.161323 2.514179
 108.600000 1.152232 0.173913 2.415196
 108.800000 1.192786 0.122647 1.764956
 109.000000 1.137025 0.077133 8.330878
 109.200000 1.246770 0.149881 0.617356
 109.400000 1.185208 0.182374 0.697669
 109.600000 1.210175 0.206730 0.585086
 109.800000 1.219837 0.169967 0.012216
 110.000000 1.130961 0.246981 6.743916
 110.200000 1.208033 0.161843 0.174329
 110.400000 1.175889 0.136835 1.761296
 110.600000 1.157029 0.107327 4.351442
 110.800000 1.136221 0.191301 3.796483
 111.000000 1.238448 0.183494 0.179898
 111.200000 1.186607 0.180099 0.632316
 111.400000 1.105222 0.212064 7.491400
 111.600000 1.264401 0.096033 3.991481
 111.800000 1.176232 0.069372 6.564497
 112.000000 1.142633 0.089554 6.738903
 112.200000 1.190922 0.207704 1.024742
 112.400000 1.174187 0.166286 1.164195
 112.600000 1.225339 0.107504 2.252937
 112.800000 1.172322 0.208444 1.795561
 113.000000 1.181466 0.157049 0.963462
 113.200000 1.200770 0.127151 1.342192
 113.400000 1.188173 0.055565 7.639695
 113.600000 1.179808 0.195252 1.093375
 113.800000 1.128584 0.187506 4.422290
 114.000000 1.189476 0.173480 0.520727
 114.200000 1.210202 0.166663 0.097417
 114.400000 1.200855 0.153794 0.432932
 114.600000 1.198577 0.158360 0.398828
 114.800000 1.187598 0.166136 0.617778
 115.000000 1.174261 0.054157 8.371873
 115.200000 1.193905 0.121893 1.772592
 115.400000 1.133340 0.220027 4.941318
 115.600000 1.158423 0.167732 2.027019
 115.800000 1.174193 0.098631 4.010457
 116.000000 1.285954 0.166069 2.098132
 116.200000 1.219818 0.084045 4.095832
 116.400000 1.165615 0.165929 1.611480
 116.600000 1.176114 0.218673 2.014602
 116.800000 1.186505 0.195374 0.837576
 117.000000 1.226743 0.172382 0.014876
 117.200000 1.146135 0.146910 3.238829
 117.400000 1.194288 0.108646 2.547111
 117.600000 1.198993 0.162307 0.333239
 117.800000 1.110984 0.165322 6.174786
 118.000000 1.176297 0.144746 1.475716
 118.200000 1.228322 0.188474 0.118897
 118.400000 1.205589 0.198781 0.424261
 118.600000 1.179417 0.135102 1.672638
 118.800000 1.185553 0.112419 2.583466
 119.000000 1.210202 0.070917 5.434571
 119.200000 1.236498 0.049738 7.895861
 119.400000 1.226360 0.228488 1.466278
 119.600000 1.195195 0.207365 0.891030
 119.800000 1.159203 0.184993 2.009535
 120.000000 1.271650 0.133579 2.084601
 120.200000 1.134868 0.112047 5.724736
 120.400000 1.177014 0.089472 4.617426
 120.600000 1.130303 0.136529 4.901677
 120.800000 1.214871 0.102928 2.587149
 121.000000 1.179520 0.183590 0.931862
 121.200000 1.191645 0.196247 0.688314
 121.400000 1.162178 0.200258 2.104148
 121.600000 1.185621 0.132503 1.535194
 121.800000 1.258883 0.177327 0.694061
 122.000000 1.148728 0.122283 4.029712
 122.200000 1.136934 0.168507 3.613368
 122.400000 1.236082 0.145360 0.528502
 122.600000 1.204124 0.126227 1.321708
 122.800000 1.118518 0.173598 5.326854
 123.000000 1.154023 0.183889 2.335922
 123.200000 1.181980 0.156150 0.959024
 123.400000 1.278451 0.111671 3.584436
 123.600000 1.145518 0.196232 3.139622
 123.800000 1.129821 0.218534 5.191748
 124.000000 1.139767 0.281399 9.069153
 124.200000 1.175004 0.262354 4.947996
 124.400000 1.236206 0.123295 1.417424
 124.600000 1.194537 0.142010 0.898613
 124.800000 1.179018 0.147645 1.273669
 125.000000 1.147768 0.119924 4.226319
 125.200000 1.173337 0.189004 1.275697
 125.400000 1.172082 0.146922 1.613680
 125.600000 1.194694 0.101636 3.022489
 125.800000 1.143212 0.153480 3.304226
 126.000000 1.167588 0.177247 1.469380
 126.200000 1.167118 0.143514 1.972360
 126.400000 1.308727 0.182933 3.819455
 126.600000 1.201220 0.086951 4.045636
 126.800000 1.108466 0.162747 6.483826
 127.000000 1.174980 0.264518 5.141493
 127.200000 1.177899 0.166187 0.995444
 127.400000 1.182331 0.100434 3.521491
 127.600000 1.229992 0.099231 2.869338
 127.800000 1.184931 0.140482 1.256811
 128.000000 1.167907 0.200404 1.783132
 128.200000 1.150615 0.177645 2.533569
 128.400000 1.217144 0.104516 2.461687
 128.600000 1.192675 0.228330 1.869206
 128.800000 1.110723 0.177519 6.165785
 129.000000 1.040009 0.130809 17.467188
 129.200000 1.269408 0.114594 2.932923
 129.400000 1.188598 0.152820 0.784608
 129.600000 1.196627 0.132000 1.219622
 129.800000 1.105820 0.294425 13.904643
 130.000000 1.157335 0.227837 3.494076
 130.200000 1.235048 0.142151 0.612959
 130.400000 1.167686 0.075114 6.402479
 130.600000 1.130262 0.176589 4.185394
 130.800000 1.197936 0.173455 0.283664
 131.000000 1.183545 0.117616 2.348856
 131.200000 1.143936 0.152407 3.270787
 131.400000 1.140007 0.164608 3.388622
 131.600000 1.221450 0.123976 1.278055
 131.800000 1.190168 0.192706 0.663210
 132.000000 1.118424 0.165345 5.378307
 132.200000 1.268397 0.177825 1.094319
 132.400000 1.229681 0.249139 2.814669
 132.600000 1.241531 0.128917 1.236409
 132.800000 1.142965 0.138644 3.745993
 133.000000 1.247793 0.117755 1.951481
 133.200000 1.158263 0.106067 4.357867
 133.400000 1.199384 0.044203 8.742598
 133.600000 1.178088 0.130251 1.932773
 133.800000 1.215003 0.131134 0.964345
 134.000000 1.215611 0.172041 0.021826
 134.200000 1.216421 0.210098 0.646538
 134.400000 1.206989 0.203129 0.517518
 134.600000 1.261177 0.193590 0.959588
 134.800000 1.224152 0.150738 0.286031
 135.000000 1.117187 0.192595 5.627826
 135.200000 1.214874 0.159001 0.144120
 135.400000 1.175548 0.046455 9.268394
 135.600000 1.219899 0.104710 2.439273
 135.800000 1.174956 0.202022 1.471767
 136.000000 1.180457 0.139807 1.454690
 136.200000 1.210054 0.220796 1.138284
 136.400000 1.217787 0.147348 0.377291
 136.600000 1.167258 0.113559 3.342556
 136.800000 1.204807 0.189130 0.249739
 137.000000 1.082286 0.176044 9.723562
 137.200000 1.143284 0.048026 11.078853
 137.400000 1.201040 0.093741 3.477738
 137.600000 1.218664 0.161006 0.096183
 137.800000 1.175547 0.209014 1.660906
 138.000000 1.174225 0.190196 1.251066
 138.200000 1.250150 0.175377 0.404178
 138.400000 1.245607 0.141865 0.818637
 138.600000 1.207394 0.172225 0.105430
 138.800000 1.088807 0.152050 9.087041
 139.000000 1.154543 0.244613 4.712709
 139.200000 1.135152 0.136205 4.482468
 139.400000 1.146584 0.144805 3.265378
 139.600000 1.097139 0.147143 8.136674
 139.800000 1.194860 0.133058 1.221096
 140.000000 1.179806 0.223401 2.072873
 140.200000 1.224403 0.180075 0.018928
 140.400000 1.197324 0.165364 0.339857
 140.600000 1.226350 0.159906 0.117639
 140.800000 1.198716 0.129901 1.260855
 141.000000 1.203068 0.153944 0.386087
 141.200000 1.194375 0.166170 0.409126
 141.400000 1.179988 0.158901 0.993414
 141.600000 1.176848 0.135230 1.779569
 141.800000 1.101204 0.146443 7.657800
 142.000000 1.223299 0.096453 3.049437
 142.200000 1.218490 0.126846 1.142264
 142.400000 1.177751 0.126212 2.134513
 142.600000 1.166468 0.309964 10.697745
 142.800000 1.263535 0.190440 1.000329
 143.000000 1.197317 0.157841 0.437318
 143.200000 1.190036 0.134745 1.293810
 143.400000 1.238241 0.126125 1.307971
 143.600000 1.174762 0.078518 5.712463
 143.800000 1.202628 0.142904 0.682656
 144.000000 1.167038 0.249798 4.328100
 144.200000 1.108017 0.140854 7.032491
 144.400000 1.191675 0.143471 0.934069
 144.600000 1.253748 0.126575 1.662533
 144.800000 1.055447 0.152149 14.075598
 145.000000 1.160692 0.145141 2.294781
 145.200000 1.192730 0.221211 1.509945
 145.400000 1.237425 0.196599 0.366614
 145.600000 1.148988 0.163016 2.712075
 145.800000 1.162993 0.081366 6.065053
 146.000000 1.225981 0.167893 0.031079
 146.200000 1.160156 0.122603 3.244083
 146.400000 1.151991 0.161340 2.518838
 146.600000 1.138410 0.071867 8.741311
 146.800000 1.254999 0.190591 0.682319
 147.000000 1.120109 0.167322 5.189466
 147.200000 1.130166 0.105509 6.574165
 147.400000 1.211840 0.170218 0.058222
 147.600000 1.167550 0.178196 1.474454
 147.800000 1.183639 0.110047 2.804699
 148.000000 1.203482 0.193893 0.353925
 148.200000 1.196378 0.178243 0.328250
 148.400000 1.236184 0.188512 0.202156
 148.600000 1.194627 0.202316 0.753241
 148.800000 1.139457 0.141442 3.931959
 149.000000 1.233320 0.174936 0.067236
 149.200000 1.194536 0.133233 1.222617
 149.400000 1.178849 0.128678 1.970762
 149.600000 1.114161 0.128154 6.861105
 149.800000 1.174671 0.175706 1.107962
 150.000000 1.157926 0.096802 5.056577
 150.200000 1.197035 0.130866 1.258324
 150.400000 1.215538 0.167905 0.041137
 150.600000 1.204500 0.193606 0.330333
 150.800000 1.181662 0.187788 0.890571
 151.000000 1.138019 0.226618 4.860250
 151.200000 1.183232 0.142645 1.249504
 151.400000 1.151838 0.226339 3.784424
 151.600000 1.099608 0.132705 8.331750
 151.800000 1.241608 0.169575 0.209844
 152.000000 1.234300 0.169731 0.090531
 152.200000 1.173691 0.091106 4.633933
 152.400000 1.183837 0.075758 5.596224
 152.600000 1.217566 0.212102 0.714388
 152.800000 1.304061 0.222301 4.530037
 153.000000 1.148520 0.193081 2.851940
 153.200000 1.257097 0.192772 0.791715
 153.400000 1.236091 0.088687 3.787897
 153.600000 1.161829 0.146463 2.188065
 153.800000 1.150222 0.213563 3.318427
 154.000000 1.094252 0.048774 16.032992
 154.200000 1.184815 0.079328 5.213376
 154.400000 1.262910 0.189767 0.963940
 154.600000 1.103581 0.057863 13.785596
 154.800000 1.172746 0.100642 3.929676
 155.000000 1.239908 0.267240 4.462506
 155.200000 1.189880 0.155583 0.686779
 155.400000 1.203679 0.156737 0.321273
 155.600000 1.158963 0.164412 2.021072
 155.800000 1.180389 0.245088 3.343567
 156.000000 1.218445 0.111001 2.023527
 156.200000 1.154529 0.150216 2.553691
 156.400000 1.217227 0.197966 0.284684
 156.600000 1.147133 0.117699 4.397450
 156.800000 1.126451 0.074610 9.531376
 157.000000 1.110269 0.168395 6.230684
 157.200000 1.182966 0.150013 1.051946
 157.400000 1.273565 0.194424 1.541271
 157.600000 1.230550 0.172526 0.040910
 157.800000 1.157973 0.100839 4.747889
 158.000000 1.175084 0.130556 2.054924
 158.200000 1.215206 0.233406 1.754320
 158.400000 1.202262 0.140956 0.753226
 158.600000 1.164701 0.125408 2.832802
 158.800000 1.198691 0.246811 2.877493
 159.000000 1.114351 0.203559 6.186451
 159.200000 1.229717 0.127970 1.115963
 159.400000 1.225614 0.155105 0.196257
 159.600000 1.185686 0.101499 3.316587
 159.800000 1.115870 0.081442 9.936265
 160.000000 1.179595 0.074758 5.865237
 160.200000 1.138780 0.165405 3.482018
 160.400000 1.173946 0.153185 1.369529
 160.600000 1.256041 0.136964 1.294293
 160.800000 1.258694 0.175916 0.684124
 161.000000 1.222068 0.182751 0.033823
 161.200000 1.163250 0.208345 2.281621
 161.400000 1.132915 0.158201 4.077427
 161.600000 1.170500 0.139064 1.941277
 161.800000 1.205540 0.178515 0.138993
 162.000000 1.122045 0.249018 7.742650
 162.200000 1.156915 0.184536 2.150520
 162.400000 1.204020 0.092104 3.554099
 162.600000 1.226959 0.140626 0.588512
 162.800000 1.251264 0.170435 0.444506
 163.000000 1.132178 0.101918 6.646330
 163.200000 1.196379 0.156135 0.490592
 163.400000 1.269584 0.168213 1.164965
 163.600000 1.075163 0.141911 11.273077
 163.800000 1.120598 0.109964 7.198442
 164.000000 1.149522 0.143217 3.097329
 164.200000 1.213186 0.135404 0.802042
 164.400000 1.216035 0.148503 0.354986
 164.600000 1.224718 0.112796 1.910193
 164.800000 1.197622 0.199434 0.600638
 165.000000 1.119102 0.306285 13.945508
 165.200000 1.211702 0.162250 0.125722
 165.400000 1.219725 0.124547 1.251323
 165.600000 1.221815 0.088450 3.705108
 165.800000 1.204366 0.149505 0.463969
 166.000000 1.145429 0.262899 6.815308
 166.200000 1.131903 0.150918 4.313282
 166.400000 1.183446 0.135481 1.495373
 166.600000 1.182368 0.107491 3.022034
 166.800000 1.138873 0.135172 4.207301
 167.000000 1.198478 0.057704 7.094840
 167.200000 1.215552 0.152094 0.270831
 167.400000 1.227709 0.223876 1.235223
 167.600000 1.126722 0.243631 6.900592
 167.800000 1.248364 0.201959 0.730782
 168.000000 1.258248 0.120079 2.149368
 168.200000 1.110842 0.108827 8.306787
 168.400000 1.133270 0.128622 4.966520
 168.600000 1.166240 0.139538 2.151888
 168.800000 1.250737 0.119649 1.926774
 169.000000 1.191425 0.138244 1.117651
 169.200000 1.166404 0.146272 1.929848
 169.400000 1.104023 0.228243 8.369840
 169.600000 1.216895 0.112450 1.938862
 169.800000 1.206969 0.191012 0.244731
 170.000000 1.197824 0.117267 1.925449
 170.200000 1.127402 0.200790 4.793612
 170.400000 1.209563 0.200982 0.423811
 170.600000 1.135522 0.172496 3.718060
 170.800000 1.194513 0.094022 3.611392
 171.000000 1.217901 0.188928 0.110939
 171.200000 1.225458 0.138839 0.643970
 171.400000 1.132653 0.140122 4.559509
 171.600000 1.184249 0.138509 1.351287
 171.800000 1.220783 0.092285 3.382816
 172.000000 1.158500 0.142310 2.518178
 172.200000 1.200565 0.121717 1.618734
 172.400000 1.151476 0.096061 5.546800
 172.600000 1.236892 0.149933 0.417514
 172.800000 1.199061 0.220132 1.296598
 173.000000 1.152461 0.183907 2.443056
 173.200000 1.174943 0.257980 4.576271
 173.400000 1.230865 0.189120 0.148113
 173.600000 1.069416 0.215448 12.436830
 173.800000 1.157271 0.093986 5.321431
 174.000000 1.154264 0.107277 4.537578
 174.200000 1.208663 0.108552 2.262132
 174.400000 1.172771 0.077796 5.877518
 174.600000 1.171579 0.114082 3.084745
 174.800000 1.215655 0.222757 1.181249
 175.000000 1.245531 0.177899 0.288909
 175.200000 1.135472 0.116758 5.389263
 175.400000 1.277786 0.161552 1.655363
 175.600000 1.273754 0.188075 1.444935
 175.800000 1.123849 0.146312 5.188594
 176.000000 1.135482 0.186186 3.787308
 176.200000 1.173252 0.077483 5.884414
 176.400000 1.204401 0.104265 2.618942
 176.600000 1.238301 0.158109 0.272169
 176.800000 1.131411 0.062313 10.375368
 177.000000 1.196936 0.134817 1.096070
 177.200000 1.268589 0.246739 3.704711
 177.400000 1.172269 0.203101 1.631306
 177.600000 1.212842 0.143565 0.519003
 177.800000 1.211001 0.145307 0.484652
 178.000000 1.155766 0.156931 2.330560
 178.200000 1.176099 0.084809 5.066281
 178.400000 1.196359 0.117627 1.940993
 178.600000 1.172404 0.154205 1.423170
 178.800000 1.137093 0.132401 4.469341
 179.000000 1.177196 0.117918 2.594312
 179.200000 1.267918 0.143644 1.543695
 179.400000 1.215685 0.196713 0.264258
 179.600000 1.148346 0.239779 4.821164
 179.800000 1.200602 0.217103 1.129310
 180.000000 1.262392 0.077655 5.519355
 180.200000 1.136911 0.092282 6.979814
 180.400000 1.166630 0.072774 6.695458
 180.600000 1.186748 0.084679 4.648801
 180.800000 1.223413 0.161535 0.085888
 181.000000 1.203836 0.162564 0.231736
 181.200000 1.170154 0.149876 1.634044
 181.400000 1.159059 0.209263 2.566949
 181.600000 1.194251 0.161547 0.461880
 181.800000 1.199236 0.147814 0.609934
 182.000000 1.186347 0.122392 1.985346
 182.200000 1.200338 0.188172 0.321825
 182.400000 1.145426 0.113349 4.782908
 182.600000 1.182271 0.160358 0.878993
 182.800000 1.110592 0.109350 8.300323
 183.000000 1.148770 0.171750 2.665459
 183.200000 1.220937 0.138505 0.649320
 183.400000 1.247252 0.140572 0.902329
 183.600000 1.235206 0.162802 0.159597
 183.800000 1.155965 0.198827 2.457680
 184.000000 1.147135 0.207065 3.311412
 184.200000 1.208555 0.229658 1.606207
 184.400000 1.196561 0.096774 3.339975
 184.600000 1.237935 0.042389 8.862307
 184.800000 1.135372 0.128734 4.777657
 185.000000 1.171645 0.170486 1.262444
 185.200000 1.240129 0.109012 2.315746
 185.400000 1.200972 0.158849 0.338442
 185.600000 1.244602 0.228435 1.714251
 185.800000 1.186076 0.263738 4.614395
 186.000000 1.181834 0.216669 1.683586
 186.200000 1.193982 0.223043 1.561611
 186.400000 1.207831 0.002019 14.977111
 186.600000 1.159975 0.128786 2.953274
 186.800000 1.142375 0.133783 3.978976
 187.000000 1.133923 0.165387 3.896871
 187.200000 1.144059 0.118168 4.604920
 187.400000 1.204992 0.211682 0.830109
 187.600000 1.246757 0.090312 3.859724
 187.800000 1.176013 0.162588 1.116389
 188.000000 1.245692 0.277735 5.612360
 188.200000 1.173709 0.195088 1.364275
 188.400000 1.163994 0.088644 5.355184
 188.600000 1.240179 0.165511 0.210867
 188.800000 1.180162 0.157559 1.008010
 189.000000 1.063127 0.152359 12.823391
 189.200000 1.150870 0.136583 3.230736
 189.400000 1.233913 0.069031 5.639503
 189.600000 1.119300 0.214128 6.029934
 189.800000 1.218016 0.215193 0.833504
 190.000000 1.197605 0.180878 0.311142
 190.200000 1.123065 0.134524 5.667783
 190.400000 1.206345 0.177625 0.123130
 190.600000 1.240753 0.035834 9.799612
 190.800000 1.135741 0.055011 10.839867
 191.000000 1.224798 0.160797 0.099040
 191.200000 1.206241 0.242754 2.446989
 191.400000 1.206116 0.164129 0.176023
 191.600000 1.183680 0.160869 0.817278
 191.800000 1.236943 0.184925 0.169717
 192.000000 1.137967 0.127006 4.637550
 192.200000 1.109241 0.138700 6.968953
 192.400000 1.152113 0.135923 3.168637
 192.600000 1.229108 0.119013 1.568457
 192.800000 1.179449 0.183697 0.935833
 193.000000 1.118644 0.204173 5.752700
 193.200000 1.217057 0.196444 0.250970
 193.400000 1.238710 0.256840 3.531411
 193.600000 1.187195 0.223371 1.788951
 193.800000 1.158909 0.099918 4.756944
 194.000000 1.182818 0.190336 0.881957
 194.200000 1.214656 0.055893 7.062715
 194.400000 1.150678 0.101737 5.173861
 194.600000 1.168600 0.179894 1.425817
 194.800000 1.178946 0.115580 2.652936
 195.000000 1.231301 0.092488 3.411469
 195.200000 1.179188 0.245920 3.452988
 195.400000 1.188386 0.203847 0.985589
 195.600000 1.168071 0.253895 4.588818
 195.800000 1.311783 0.149221 4.375054
 196.000000 1.250789 0.181569 0.446937
 196.200000 1.168213 0.157541 1.576423
 196.400000 1.136773 0.211291 4.284430
 196.600000 1.243540 0.133256 1.089703
 196.800000 1.127502 0.124445 5.693936
 197.000000 1.175489 0.126891 2.204001
 197.200000 1.174712 0.119902 2.597618
 197.400000 1.238306 0.171186 0.142968
 197.600000 1.145960 0.138265 3.528249
 197.800000 1.167098 0.133635 2.328655
 198.000000 1.223387 0.183161 0.038594
 198.200000 1.145073 0.146123 3.341786
 198.400000 1.170211 0.227190 2.713473
 198.600000 1.169792 0.170801 1.355786
 198.800000 1.129646 0.228066 5.672649
 199.000000 1.158401 0.152338 2.251599
 199.200000 1.155507 0.159735 2.302245
 199.400000 1.198441 0.112841 2.174178
 199.600000 1.164664 0.217235 2.540009
 199.800000 1.145951 0.185504 2.931421
 200.000000 1.133635 0.221326 4.975202
