#! FIELDS time phi psi restraint.bias
#! SET min_phi -pi
#! SET max_phi pi
#! SET min_psi -pi
#! SET max_psi pi
 0.000000 -2.847637 -0.011181 174.629682
 0.200000 2.973306 0.268655 3.252482
 0.400000 3.030544 0.403515 3.497506
 0.600000 2.967014 0.308382 0.827584
 0.800000 3.083504 0.454611 12.349515
 1.000000 2.999650 0.380260 1.017620
 1.200000 3.016082 0.279549 3.617887
 1.400000 3.054302 0.377323 4.204857
 1.600000 2.979508 0.320282 0.491737
 1.800000 3.026386 0.387690 2.505719
 2.000000 2.944977 0.372774 0.524878
 2.200000 3.013196 0.432950 4.582538
 2.400000 3.081277 0.352166 6.527544
 2.600000 3.059387 0.365687 4.400275
 2.800000 2.981254 0.299020 1.353044
 3.000000 3.021439 0.308553 2.299193
 3.200000 3.053715 0.334728 3.857381
 3.400000 3.082229 0.421101 9.226481
 3.600000 3.117344 0.397591 12.470000
 3.800000 -3.138711 0.341431 15.767112
 4.000000 2.972131 0.364733 0.135593
 4.200000 3.036497 0.318517 2.877371
 4.400000 3.119261 0.335965 11.668373
 4.600000 3.063561 0.432586 8.144057
 4.800000 3.059356 0.470942 11.686170
 5.000000 3.057669 0.344475 4.115544
 5.200000 3.127134 0.243209 18.414753
 5.400000 3.019239 0.389457 2.177054
 5.600000 3.000725 0.390955 1.444002
 5.800000 3.130363 0.346792 13.336514
 6.000000 2.952876 0.424827 2.970487
 6.200000 3.052923 0.367646 3.858830
 6.400000 3.057967 0.350107 4.132595
 6.600000 3.038805 0.314112 3.184578
 6.800000 3.052083 0.287575 5.505082
 7.000000 3.110497 0.396089 11.392644
 7.200000 3.025347 0.365268 1.829979
 7.400000 3.028542 0.359040 1.939770
 7.600000 2.975092 0.410092 1.894382
 7.800000 -3.127566 0.361635 17.856337
 8.000000 3.008356 0.243857 6.387132
 8.200000 2.957302 0.284909 2.105636
 8.400000 2.987178 0.410152 2.068118
 8.600000 3.114405 0.360617 10.922015
 8.800000 3.017000 0.347276 1.248641
 9.000000 2.941184 0.443454 4.789362
 9.200000 2.997942 0.379171 0.930011
 9.400000 3.006210 0.332344 0.906189
 9.600000 3.004091 0.334497 0.791780
 9.800000 3.049059 0.367935 3.539964
 10.000000 3.013808 0.291582 2.744908
 10.200000 2.939599 0.291215 2.050423
 10.400000 3.015967 0.334198 1.306496
 10.600000 3.015231 0.380202 1.644943
 10.800000 2.969942 0.297669 1.324954
 11.000000 2.984959 0.384702 0.795153
 11.200000 3.072603 0.359110 5.620126
 11.400000 3.097388 0.414865 10.657417
 11.600000 2.983706 0.307930 0.984618
 11.800000 3.083670 0.281980 9.049274
 12.000000 3.045730 0.393025 4.060737
 12.200000 3.018090 0.344316 1.313340
 12.400000 3.062895 0.330104 4.771965
 12.600000 2.993873 0.275724 3.048975
 12.800000 3.040497 0.366057 2.840828
 13.000000 3.035935 0.317026 2.885140
 13.200000 2.963817 0.396670 1.138348
 13.400000 3.125878 0.371158 12.855678
 13.600000 2.953456 0.422202 2.766984
 13.800000 3.054113 0.366811 3.946558
 14.000000 3.067927 0.253564 9.647379
 14.200000 2.982355 0.338471 0.173098
 14.400000 2.996836 0.427340 3.506754
 14.600000 2.987046 0.341479 0.228501
 14.800000 3.100171 0.271685 11.853249
 15.000000 3.005193 0.356958 0.758224
 15.200000 3.004463 0.372910 0.983787
 15.400000 3.059463 0.398964 5.514067
 15.600000 3.002889 0.383077 1.220262
 15.800000 2.990465 0.406960 1.949792
 16.000000 3.011275 0.324183 1.287078
 16.200000 3.014371 0.324729 1.415336
 16.400000 3.024246 0.405148 3.207699
 16.600000 3.132955 0.332065 13.905180
 16.800000 2.961196 0.288323 1.862026
 17.000000 2.971437 0.336607 0.087189
 17.200000 3.049718 0.307959 4.261071
 17.400000 3.025161 0.375086 2.026415
 17.600000 2.981303 0.286347 2.068295
 17.800000 3.034607 0.313243 2.922950
 18.000000 3.048895 0.309201 4.143136
 18.200000 3.031319 0.392273 2.998056
 18.400000 3.016989 0.317817 1.734734
 18.600000 3.030952 0.351793 2.044848
 18.800000 2.961627 0.372796 0.296327
 19.000000 3.005696 0.315671 1.303987
 19.200000 3.096083 0.352945 8.331066
 19.400000 3.026723 0.354480 1.794534
 19.600000 3.027764 0.387082 2.565103
 19.800000 2.964582 0.327156 0.243101
 20.000000 2.983205 0.337316 0.199370
 20.200000 3.111821 0.354992 10.495528
 20.400000 3.033723 0.317138 2.731702
 20.600000 3.038679 0.387669 3.309747
 20.800000 2.965990 0.359747 0.057615
 21.000000 3.077828 0.377802 6.547649
 21.200000 3.030251 0.305317 2.953557
 21.400000 2.985530 0.344358 0.181653
 21.600000 3.079677 0.360723 6.409299
 21.800000 3.015158 0.379528 1.620701
 22.000000 3.041631 0.379985 3.258454
 22.200000 3.013679 0.337071 1.158642
 22.400000 3.017423 0.353765 1.279264
 22.600000 2.997634 0.400105 1.769900
 22.800000 3.062675 0.330776 4.738377
 23.000000 2.968401 0.324793 0.295481
 23.200000 3.026481 0.388398 2.538924
 23.400000 3.017391 0.330892 1.431736
 23.600000 3.006243 0.390165 1.612219
 23.800000 3.034780 0.321553 2.671462
 24.000000 -3.135147 0.366429 16.527344
 24.200000 2.972508 0.249852 4.936568
 24.400000 3.028945 0.353365 1.924114
 24.600000 -3.132282 0.336864 16.973586
 24.800000 3.000271 0.343259 0.568338
 25.000000 3.052365 0.413829 5.735637
 25.200000 3.081667 0.301135 7.716145
 25.400000 3.089875 0.356651 7.570537
 25.600000 3.036114 0.307855 3.233453
 25.800000 3.095014 0.336069 8.270616
 26.000000 3.035655 0.359118 2.403214
 26.200000 2.991039 0.450827 5.465175
 26.400000 2.984768 0.331178 0.316778
 26.600000 3.011515 0.390018 1.826689
 26.800000 2.978207 0.379378 0.521528
 27.000000 3.031508 0.305443 3.028295
 27.200000 3.011648 0.315419 1.560104
 27.400000 3.017991 0.428566 4.457104
 27.600000 2.998036 0.391356 1.373979
 27.800000 3.005126 0.338910 0.776093
 28.000000 3.004937 0.309920 1.483555
 28.200000 3.085067 0.300410 8.146546
 28.400000 -3.122281 0.301771 19.906274
 28.600000 2.978939 0.254526 4.539423
 28.800000 3.042700 0.371522 3.112875
 29.000000 3.026332 0.409764 3.598708
 29.200000 3.001973 0.346792 0.612044
 29.400000 3.005105 0.291207 2.397547
 29.600000 2.986213 0.377385 0.584399
 29.800000 3.056311 0.406456 5.629694
 30.000000 3.023491 0.339628 1.636754
 30.200000 3.063833 0.290719 6.384677
 30.400000 3.008427 0.376323 1.227071
 30.600000 3.042024 0.265325 6.316073
 30.800000 3.053104 0.319122 4.150153
 31.000000 2.972064 0.268477 3.259769
 31.200000 3.087243 0.377071 7.614102
 31.400000 3.068134 0.367391 5.275927
 31.600000 2.941168 0.402110 1.742052
 31.800000 3.018642 0.445275 5.958473
 32.000000 3.084304 0.262510 10.619030
 32.200000 3.002124 0.383626 1.211927
 32.400000 2.992814 0.334790 0.433526
 32.600000 3.012753 0.357341 1.078188
 32.800000 3.011472 0.321516 1.365705
 33.000000 3.052004 0.376256 3.977424
 33.200000 2.967118 0.270285 3.103185
 33.400000 3.087207 0.307321 8.089036
 33.600000 2.977216 0.371875 0.311708
 33.800000 2.979034 0.372314 0.341938
 34.000000 3.000285 0.347639 0.552985
 34.200000 3.057047 0.343104 4.066617
 34.400000 3.059996 0.441457 8.586610
 34.600000 3.042690 0.274470 5.642189
 34.800000 2.957915 0.241977 5.775840
 35.000000 3.003945 0.420583 3.237633
 35.200000 3.070540 0.397402 6.522294
 35.400000 2.996618 0.430054 3.716360
 35.600000 3.106511 0.353859 9.734857
 35.800000 3.033526 0.230587 9.227494
 36.000000 3.013544 0.312539 1.747488
 36.200000 2.939046 0.314996 0.972788
 36.400000 3.075749 0.382470 6.464635
 36.600000 2.994131 0.354424 0.380767
 36.800000 2.969007 0.428290 3.140129
 37.000000 3.024378 0.253207 6.237112
 37.200000 3.114489 0.381779 11.402805
 37.400000 2.976927 0.340248 0.087557
 37.600000 3.024928 0.286663 3.621424
 37.800000 3.086887 0.408761 8.961090
 38.000000 2.999388 0.446258 5.245769
 38.200000 3.076601 0.410279 7.873193
 38.400000 3.076973 0.266790 9.425091
 38.600000 2.980572 0.380313 0.579493
 38.800000 3.005161 0.306605 1.627297
 39.000000 3.042674 0.387467 3.596118
 39.200000 3.086076 0.343424 7.098370
 39.400000 3.032124 0.307890 2.964384
 39.600000 3.039675 0.358158 2.677809
 39.800000 2.974008 0.429990 3.298505
 40.000000 3.013748 0.340148 1.129645
 40.200000 3.109783 0.296778 11.552045
 40.400000 2.947101 0.403998 1.707922
 40.600000 3.094200 0.425108 10.973473
 40.800000 3.026422 0.275418 4.473973
 41.000000 3.003917 0.381975 1.220768
 41.200000 3.034685 0.307539 3.148842
 41.400000 3.125840 0.272935 15.503449
 41.600000 2.993572 0.371663 0.606763
 41.800000 2.996997 0.341154 0.479408
 42.000000 2.992941 0.350090 0.335436
 42.200000 3.025410 0.426502 4.700615
 42.400000 2.994461 0.351502 0.378381
 42.600000 3.004675 0.304155 1.715930
 42.800000 2.982145 0.340580 0.149787
 43.000000 3.011171 0.416619 3.254647
 43.200000 2.938583 0.305624 1.349054
 43.400000 3.089234 0.315205 8.036596
 43.600000 2.970450 0.389999 0.843524
 43.800000 3.049247 0.384839 4.017216
 44.000000 3.049105 0.251273 8.147436
 44.200000 2.928096 0.334544 0.864512
 44.400000 3.067676 0.458992 11.103661
 44.600000 3.005331 0.484777 9.941060
 44.800000 3.041784 0.342836 2.811291
 45.000000 3.009832 0.286553 2.868669
 45.200000 2.952411 0.324475 0.409661
 45.400000 3.101257 0.368100 9.185602
 45.600000 2.969683 0.385092 0.652385
 45.800000 3.060407 0.337943 4.418747
 46.000000 3.003725 0.284537 2.754168
 46.200000 -3.119895 0.290355 20.976696
 46.400000 2.967818 0.323089 0.337676
 46.600000 3.080986 0.347814 6.490369
 46.800000 3.061382 0.366186 4.594867
 47.000000 3.073976 0.370698 5.949566
 47.200000 3.059887 0.319505 4.745387
 47.400000 2.954965 0.364576 0.193429
 47.600000 2.987987 0.366597 0.372645
 47.800000 3.047106 0.361447 3.280319
 48.000000 3.079701 0.329396 6.537487
 48.200000 2.925469 0.422735 3.578455
 48.400000 3.087511 0.371586 7.507882
 48.600000 3.041521 0.304107 3.782886
 48.800000 3.054066 0.340529 3.821482
 49.000000 3.074686 0.385515 6.455960
 49.200000 3.003062 0.363013 0.745355
 49.400000 3.036132 0.254638 6.843808
 49.600000 3.055440 0.461376 10.212377
 49.800000 3.070594 0.336518 5.438441
 50.000000 3.057770 0.335877 4.201186
 50.200000 2.969175 0.455209 5.635388
 50.400000 2.999401 0.396201 1.633845
 50.600000 3.004372 0.371205 0.941166
 50.800000 3.097640 0.355046 8.543520
 51.000000 3.086684 0.358582 7.200230
 51.200000 3.055956 0.339208 3.999885
 51.400000 3.098355 0.273881 11.445537
 51.600000 2.988617 0.251762 4.966328
 51.800000 3.030704 0.318847 2.481909
 52.000000 3.012442 0.373765 1.334789
 52.200000 2.994855 0.344789 0.395441
 52.400000 2.996879 0.401180 1.802570
 52.600000 2.984016 0.400074 1.444658
 52.800000 3.036938 0.336193 2.524354
 53.000000 3.051602 0.256576 7.850859
 53.200000 3.013359 0.355515 1.092610
 53.400000 3.104914 0.299271 10.741683
 53.600000 3.058283 0.278528 6.648660
 53.800000 3.033978 0.276027 4.906378
 54.000000 3.036381 0.347046 2.404727
 54.200000 3.045306 0.390678 3.927029
 54.400000 3.019229 0.443071 5.779352
 54.600000 2.983649 0.366639 0.292007
 54.800000 2.948263 0.333580 0.296571
 55.000000 -3.141262 0.281128 17.596426
 55.200000 2.992543 0.212504 9.649267
 55.400000 3.010914 0.304658 1.947634
 55.600000 3.065932 0.395859 5.982673
 55.800000 3.045641 0.210309 12.714150
 56.000000 2.953564 0.409865 1.939338
 56.200000 3.026281 0.420719 4.320675
 56.400000 2.991428 0.378145 0.719717
 56.600000 3.043257 0.384033 3.514384
 56.800000 3.033881 0.361015 2.303967
 57.000000 3.066638 0.261211 8.817186
 57.200000 3.129812 0.346046 13.248655
 57.400000 3.013073 0.358362 1.101832
 57.600000 3.077952 0.354510 6.163382
 57.800000 3.133766 0.367732 14.069666
 58.000000 3.041151 0.431789 6.166320
 58.200000 2.992995 0.410761 2.239481
 58.400000 3.141090 0.413000 17.187034
 58.600000 2.976898 0.297592 1.373162
 58.800000 3.072542 0.327232 5.801603
 59.000000 3.070443 0.329932 5.527051
 59.200000 3.054379 0.349994 3.812755
 59.400000 2.995020 0.288212 2.242468
 59.600000 3.012830 0.361016 1.118872
 59.800000 3.026125 0.388234 2.511453
 60.000000 3.041006 0.388368 3.506321
 60.200000 3.002044 0.286618 2.561849
 60.400000 3.041591 0.333311 2.901591
 60.600000 3.070904 0.331085 5.553434
 60.800000 3.108497 0.330765 10.169656
 61.000000 3.073120 0.403519 7.106938
 61.200000 3.071487 0.374586 5.778213
 61.400000 3.077874 0.274335 8.932258
 61.600000 3.008078 0.436099 4.628661
 61.800000 3.020896 0.417558 3.794800
 62.000000 3.053143 0.374807 4.036422
 62.200000 3.090484 0.324832 7.910463
 62.400000 2.949276 0.433239 3.700677
 62.600000 3.056897 0.279305 6.468592
 62.800000 3.107453 0.369104 10.055848
 63.000000 2.995590 0.323119 0.743603
 63.200000 3.017700 0.384700 1.917126
 63.400000 3.101605 0.311195 9.768259
 63.600000 3.094481 0.358340 8.161137
 63.800000 3.032172 0.318198 2.596196
 64.000000 3.119041 0.424148 14.367778
 64.200000 2.976924 0.221345 8.204970
 64.400000 3.079009 0.284282 8.364773
 64.600000 2.943264 0.326566 0.536239
 64.800000 3.082584 0.354453 6.687488
 65.000000 3.006857 0.345824 0.797179
 65.200000 3.003633 0.345578 0.674884
 65.400000 2.948583 0.442815 4.565104
 65.600000 2.972116 0.337737 0.076952
 65.800000 3.069596 0.377734 5.667767
 66.000000 3.089482 0.327054 7.735926
 66.200000 3.003677 0.467950 7.737125
 66.400000 3.027330 0.314316 2.420026
 66.600000 3.064287 0.250330 9.600894
 66.800000 3.034855 0.354810 2.314589
 67.000000 2.965048 0.407972 1.736984
 67.200000 3.016214 0.342960 1.226722
 67.400000 2.977145 0.355706 0.072901
 67.600000 3.006799 0.386545 1.491920
 67.800000 2.946775 0.265312 3.713067
 68.000000 3.063078 0.287614 6.497917
 68.200000 2.981455 0.341065 0.135617
 68.400000 3.087073 0.402490 8.628689
 68.600000 2.984869 0.380267 0.645341
 68.800000 3.072429 0.384440 6.177037
 69.000000 3.047284 0.303708 4.246650
 69.200000 3.024432 0.404069 3.158470
 69.400000 3.049995 0.307633 4.297466
 69.600000 3.095237 0.440990 12.439718
 69.800000 3.010075 0.355058 0.943096
 70.000000 3.127177 0.415503 15.025778
 70.200000 3.059209 0.268611 7.482234
 70.400000 3.016102 0.321861 1.572596
 70.600000 3.010040 0.334603 1.028226
 70.800000 3.106666 0.381677 10.276758
 71.000000 3.004913 0.330593 0.887071
 71.200000 3.035778 0.343876 2.374541
 71.400000 3.031149 0.342668 2.074211
 71.600000 3.053609 0.351834 3.749248
 71.800000 3.018204 0.380711 1.808590
 72.000000 3.031468 0.393047 3.041397
 72.200000 3.005065 0.378201 1.146618
 72.400000 3.061152 0.337556 4.492876
 72.600000 2.958357 0.345998 0.042577
 72.800000 3.094459 0.382133 8.662041
 73.000000 3.042684 0.367070 3.021598
 73.200000 3.065668 0.309218 5.655689
 73.400000 2.963427 0.407387 1.707294
 73.600000 3.004131 0.393053 1.654573
 73.800000 3.041873 0.420257 5.332604
 74.000000 3.074661 0.387240 6.517594
 74.200000 3.081433 0.333141 6.667387
 74.400000 3.000968 0.333675 0.693322
 74.600000 3.029812 0.302863 3.036267
 74.800000 3.073299 0.351976 5.647623
 75.000000 3.006502 0.422537 3.476837
 75.200000 3.095791 0.352498 8.291808
 75.400000 3.038867 0.364173 2.692279
 75.600000 3.021797 0.367894 1.675305
 75.800000 3.063523 0.336901 4.726530
 76.000000 3.097816 0.392519 9.492651
 76.200000 3.049358 0.323501 3.713303
 76.400000 3.082412 0.396865 7.795454
 76.600000 3.047019 0.336032 3.281698
 76.800000 3.035478 0.347197 2.342306
 77.000000 3.022438 0.323245 1.866768
 77.200000 2.981810 0.392492 1.051715
 77.400000 3.046581 0.379017 3.610336
 77.600000 2.963930 0.356879 0.035420
 77.800000 3.011793 0.356142 1.025577
 78.000000 3.035611 0.324146 2.660107
 78.200000 3.015685 0.269192 4.372156
 78.400000 3.105622 0.378474 10.032102
 78.600000 2.951401 0.313697 0.748057
 78.800000 3.038819 0.380215 3.059863
 79.000000 3.042100 0.373887 3.123593
 79.200000 3.049222 0.367993 3.554402
 79.400000 3.079400 0.340829 6.344103
 79.600000 3.012222 0.312562 1.686087
 79.800000 3.098705 0.258423 12.773328
 80.000000 3.082281 0.337151 6.708936
 80.200000 3.078645 0.398102 7.427830
 80.400000 3.014211 0.419947 3.623728
 80.600000 3.018351 0.399570 2.590717
 80.800000 3.072751 0.403397 7.061210
 81.000000 3.035321 0.316372 2.864264
 81.200000 2.984477 0.336582 0.229608
 81.400000 3.030478 0.336422 2.090882
 81.600000 2.954726 0.469508 7.329231
 81.800000 3.076803 0.373983 6.332214
 82.000000 3.079194 0.336435 6.366817
 82.200000 3.125143 0.280252 14.862867
 82.400000 3.107589 0.310803 10.606226
 82.600000 3.082405 0.246744 11.887153
 82.800000 3.067075 0.347989 5.002139
 83.000000 2.986746 0.348156 0.194181
 83.200000 3.114916 0.423259 13.683045
 83.400000 3.082368 0.321819 7.019227
 83.600000 3.005749 0.350797 0.749945
 83.800000 2.949919 0.350295 0.147665
 84.000000 3.013474 0.337342 1.145874
 84.200000 3.073278 0.372094 5.906279
 84.400000 3.029826 0.359354 2.022712
 84.600000 3.070110 0.370193 5.532865
 84.800000 3.129633 0.293186 14.776340
 85.000000 3.005988 0.315503 1.320925
 85.200000 3.125339 0.341285 12.556419
 85.400000 3.000063 0.323796 0.863886
 85.600000 3.038235 0.410323 4.409212
 85.800000 2.997777 0.386077 1.156679
 86.000000 3.003853 0.362262 0.763953
 86.200000 3.037371 0.347636 2.472889
 86.400000 2.963386 0.381870 0.544818
 86.600000 3.050140 0.343138 3.468697
 86.800000 2.970589 0.376612 0.385616
 87.000000 3.011295 0.360175 1.040065
 87.200000 3.008906 0.353122 0.883769
 87.400000 -3.140958 0.251663 20.085551
 87.600000 3.003414 0.263371 4.332636
 87.800000 3.042015 0.384449 3.435131
 88.000000 3.016295 0.389224 2.018375
 88.200000 3.074942 0.525917 21.457509
 88.400000 3.000133 0.439174 4.606646
 88.600000 3.009809 0.381338 1.434491
 88.800000 3.034881 0.284124 4.408614
 89.000000 3.083385 0.421910 9.418977
 89.200000 3.059817 0.370670 4.535349
 89.400000 3.015565 0.370409 1.404148
 89.600000 2.921984 0.366490 1.167711
 89.800000 3.040814 0.331441 2.875184
 90.000000 3.089764 0.225952 15.106599
 90.200000 3.069228 0.394060 6.231379
 90.400000 3.028733 0.455866 7.604887
 90.600000 3.001961 0.370561 0.840069
 90.800000 3.067325 0.431343 8.411388
 91.000000 3.004307 0.298170 1.988900
 91.200000 3.080680 0.293968 7.972668
 91.400000 3.024558 0.345941 1.657904
 91.600000 3.012501 0.359315 1.084970
 91.800000 2.988265 0.308140 1.062294
 92.000000 3.030770 0.365748 2.168639
 92.200000 3.022602 0.458104 7.487129
 92.400000 2.989684 0.256208 4.567231
 92.600000 3.111994 0.303213 11.554300
 92.800000 3.020891 0.214576 10.492632
 93.000000 3.093173 0.461531 14.276529
 93.200000 3.012642 0.358200 1.080598
 93.400000 3.101902 0.455785 14.785654
 93.600000 2.986170 0.323199 0.517145
 93.800000 2.982550 0.334058 0.232592
 94.000000 2.987680 0.401046 1.563570
 94.200000 3.068938 0.379724 5.659497
 94.400000 3.074380 0.422941 8.487626
 94.600000 3.045996 0.348504 3.115601
 94.800000 3.099301 0.319800 9.172064
 95.000000 3.051129 0.338906 3.585438
 95.200000 -3.135484 0.352522 16.321704
 95.400000 3.069578 0.284688 7.327217
 95.600000 2.999641 0.354229 0.544101
 95.800000 2.940168 0.406185 1.992899
 96.000000 3.033090 0.403018 3.635426
 96.200000 3.127892 0.333610 13.053030
 96.400000 3.026250 0.322606 2.101819
 96.600000 2.935929 0.388283 1.253541
 96.800000 3.036545 0.359226 2.465709
 97.000000 2.988555 0.368475 0.419398
 97.200000 3.088984 0.388863 8.224665
 97.400000 3.051463 0.319240 4.006775
 97.600000 3.108179 0.302482 11.042404
 97.800000 3.047775 0.267347 6.596397
 98.000000 3.032093 0.380995 2.624383
 98.200000 2.995580 0.370605 0.638655
 98.400000 3.007548 0.478333 9.174659
 98.600000 3.052982 0.341115 3.722950
 98.800000 3.029415 0.294895 3.411339
 99.000000 3.054089 0.349836 3.787336
 99.200000 3.000461 0.294736 2.033677
 99.400000 3.099427 0.374933 9.095105
 99.600000 2.974111 0.349704 0.025065
 99.800000 3.009394 0.354215 0.909340
 100.000000 2.968085 0.247519 5.156424
 100.200000 3.015967 0.363779 1.304184
 100.400000 2.975214 0.299555 1.258884
 100.600000 3.003589 0.404254 2.190038
 100.800000 3.063620 0.360936 4.732369
 101.000000 3.027616 0.340194 1.872915
 101.200000 3.082828 0.305501 7.650067
 101.400000 3.038606 0.386004 3.241640
 101.600000 3.006862 0.356536 0.819995
 101.800000 3.000876 0.341898 0.597462
 102.000000 3.053544 0.485477 13.043787
 102.200000 3.091541 0.351137 7.749909
 102.400000 3.010092 0.263887 4.553626
 102.600000 3.055219 0.360176 3.947704
 102.800000 3.051969 0.324769 3.899929
 103.000000 3.121719 0.320278 12.374088
 103.200000 3.020635 0.370741 1.670077
 103.400000 3.021890 0.432509 4.984568
 103.600000 3.066136 0.392822 5.865314
 103.800000 3.021497 0.260024 5.445915
 104.000000 3.014770 0.323779 1.457861
 104.200000 3.086412 0.355802 7.145114
 104.400000 3.077258 0.470153 13.402916
 104.600000 3.084113 0.350268 6.851398
 104.800000 2.986078 0.322304 0.538939
 105.000000 3.103889 0.289219 11.151982
 105.200000 3.059226 0.287878 6.119282
 105.400000 3.026486 0.339210 1.814316
 105.600000 3.005329 0.302903 1.797741
 105.800000 3.018434 0.459284 7.393629
 106.000000 2.984559 0.337350 0.221740
 106.200000 2.950405 0.368628 0.330026
 106.400000 3.038762 0.311933 3.260009
 106.600000 3.053463 0.414093 5.847017
 106.800000 2.982340 0.410478 2.002489
 107.000000 3.074301 0.296376 7.138416
 107.200000 3.069497 0.385551 5.912249
 107.400000 3.065400 0.355523 4.856281
 107.600000 3.052544 0.303519 4.691012
 107.800000 3.019670 0.229893 8.484978
 108.000000 3.025479 0.376802 2.091068
 108.200000 3.008330 0.405119 2.422614
 108.400000 3.016118 0.388542 1.982572
 108.600000 3.007855 0.367398 1.000153
 108.800000 3.018337 0.373388 1.610469
 109.000000 2.988861 0.363522 0.342133
 109.200000 3.095106 0.343119 8.215580
 109.400000 2.989206 0.346285 0.249101
 109.600000 3.018368 0.277894 3.849005
 109.800000 3.076137 0.348891 5.948948
 110.000000 2.989689 0.372675 0.534730
 110.200000 3.111855 0.276273 13.132216
 110.400000 3.017137 0.484956 10.486874
 110.600000 2.965840 0.373947 0.310291
 110.800000 3.094893 0.385392 8.830446
 111.000000 3.009228 0.241237 6.702659
 111.200000 2.955516 0.375350 0.412045
 111.400000 2.992194 0.421633 2.948860
 111.600000 3.029870 0.404138 3.488999
 111.800000 3.058006 0.386435 4.833832
 112.000000 3.046242 0.267735 6.442301
 112.200000 -3.114119 0.331025 20.565966
 112.400000 2.993392 0.306632 1.246998
 112.600000 3.103480 0.391580 10.208952
 112.800000 3.067936 0.382979 5.663121
 113.000000 3.049883 0.415660 5.647180
 113.200000 3.053265 0.373161 4.006001
 113.400000 3.008344 0.323620 1.175951
 113.600000 3.025040 0.363740 1.788522
 113.800000 3.009885 0.384604 1.548486
 114.000000 3.009665 0.327305 1.144385
 114.200000 2.994215 0.307057 1.251080
 114.400000 3.074956 0.432146 9.271922
 114.600000 3.086526 0.341325 7.166104
 114.800000 3.025156 0.344388 1.698499
 115.000000 3.019602 0.366751 1.536732
 115.200000 3.092853 0.393580 8.902714
 115.400000 3.032785 0.415165 4.344405
 115.600000 3.036636 0.319111 2.869092
 115.800000 3.071772 0.416666 7.767167
 116.000000 3.077207 0.442181 10.401448
 116.200000 3.052294 0.370800 3.868642
 116.400000 3.054570 0.283368 5.987137
 116.600000 3.046248 0.368366 3.321602
 116.800000 3.096421 0.339088 8.416958
 117.000000 3.032660 0.273151 5.033218
 117.200000 3.051365 0.425635 6.485148
 117.400000 3.017041 0.305697 2.189488
 117.600000 3.127306 0.368053 13.019659
 117.800000 3.044972 0.351073 3.037205
 118.000000 3.126844 0.336594 12.843310
 118.200000 3.066332 0.251158 9.720529
 118.400000 3.141486 0.353882 15.223865
 118.600000 3.035779 0.375530 2.711329
 118.800000 3.141119 0.415104 17.328783
 119.000000 3.022507 0.409862 3.385288
 119.200000 -3.133422 0.411514 18.640193
 119.400000 2.980554 0.345057 0.099087
 119.600000 3.102393 0.363056 9.255419
 119.800000 3.036932 0.370289 2.666268
 120.000000 -3.132267 0.346519 16.905205
 120.200000 2.978785 0.383917 0.676028
 120.400000 3.139466 0.391837 15.776615
 120.600000 2.996130 0.349356 0.422577
 120.800000 3.110505 0.404590 11.829714
 121.000000 3.094596 0.351207 8.135021
 121.200000 3.095708 0.347322 8.276706
 121.400000 3.043376 0.371173 3.156455
 121.600000 3.064966 0.414072 6.905758
 121.800000 3.050184 0.339808 3.497712
 122.000000 3.008746 0.359370 0.921974
 122.200000 3.109100 0.383738 10.688788
 122.400000 3.090338 0.373472 7.896542
 122.600000 3.029755 0.382551 2.526000
 122.800000 3.058199 0.300103 5.351870
 123.000000 3.097939 0.359264 8.616645
 123.200000 3.024933 0.341335 1.704521
 123.400000 3.022496 0.396840 2.677791
 123.600000 3.080000 0.328590 6.587352
 123.800000 3.011258 0.379013 1.425169
 124.000000 3.008332 0.357459 0.886905
 124.200000 3.137863 0.335687 14.676364
 124.400000 2.953155 0.408844 1.883389
 124.600000 3.041268 0.353770 2.764505
 124.800000 3.033362 0.332251 2.339359
 125.000000 2.970706 0.387170 0.732612
 125.200000 3.058510 0.417024 6.490691
 125.400000 2.989584 0.305285 1.212040
 125.600000 3.119081 0.383331 12.142304
 125.800000 3.004927 0.334407 0.824399
 126.000000 -3.139674 0.286464 17.527108
 126.200000 3.099932 0.284455 10.914770
 126.400000 3.090454 0.357792 7.651130
 126.600000 3.041810 0.380206 3.278627
 126.800000 3.026894 0.347407 1.791469
 127.000000 3.001022 0.364525 0.696205
 127.200000 3.028670 0.418723 4.323931
 127.400000 3.008761 0.423762 3.659209
 127.600000 2.984967 0.302291 1.254291
 127.800000 3.046328 0.386482 3.841720
 128.000000 3.058963 0.278107 6.740678
 128.200000 3.030712 0.391264 2.916184
 128.400000 2.942677 0.323944 0.612816
 128.600000 3.023599 0.400035 2.897290
 128.800000 3.037589 0.273468 5.344752
 129.000000 3.120524 0.413604 13.858289
 129.200000 2.962355 0.354944 0.028341
 129.400000 -3.133927 0.343678 16.612670
 129.600000 2.948861 0.380484 0.659134
 129.800000 3.070818 0.311669 6.082106
 130.000000 2.991805 0.303467 1.345780
 130.200000 3.025227 0.311150 2.410507
 130.400000 3.042822 0.417107 5.184746
 130.600000 2.928683 0.308526 1.558125
 130.800000 3.116143 0.430955 14.465829
 131.000000 2.894993 0.362754 2.690466
 131.200000 3.082746 0.427362 9.756834
 131.400000 2.921199 0.351931 1.055710
 131.600000 3.023011 0.333251 1.690352
 131.800000 2.971588 0.234199 6.607453
 132.000000 3.022797 0.356420 1.580351
 132.200000 2.984646 0.357954 0.194139
 132.400000 3.016602 0.353834 1.238593
 132.600000 2.980057 0.303700 1.113501
 132.800000 2.979349 0.329400 0.268889
 133.000000 3.007202 0.350685 0.806995
 133.200000 2.987145 0.367087 0.364093
 133.400000 2.980725 0.345679 0.099101
 133.600000 2.924263 0.427291 3.975341
 133.800000 3.053513 0.370899 3.975428
 134.000000 3.029180 0.335667 2.019205
 134.200000 3.060500 0.357490 4.400998
 134.400000 3.027923 0.301756 2.971332
 134.600000 3.119046 0.403338 13.022611
 134.800000 3.011475 0.248586 6.034429
 135.000000 3.129471 0.436298 16.993467
 135.200000 3.101324 0.356189 9.038814
 135.400000 3.040476 0.294827 4.165893
 135.600000 3.036291 0.265936 5.851786
 135.800000 3.113756 0.402443 12.184400
 136.000000 2.975293 0.256705 4.299114
 136.200000 3.059153 0.331396 4.396669
 136.400000 3.050679 0.402215 4.908499
 136.600000 3.062377 0.445243 9.167690
 136.800000 3.069327 0.432632 8.720997
 137.000000 3.048709 0.412150 5.323093
 137.200000 3.030609 0.284481 4.104875
 137.400000 -3.141285 0.363809 15.393263
 137.600000 3.085908 0.318632 7.525554
 137.800000 3.071945 0.368130 5.682175
 138.000000 3.130699 0.342958 13.407570
 138.200000 3.022091 0.373741 1.818635
 138.400000 3.108734 0.426560 13.038489
 138.600000 3.047379 0.381962 3.766703
 138.800000 3.074940 0.419239 8.281183
 139.000000 3.015345 0.352023 1.170120
 139.200000 3.075938 0.410042 7.786275
 139.400000 3.073948 0.337517 5.779292
 139.600000 -3.113572 0.355601 20.535326
 139.800000 3.011539 0.429681 4.238646
 140.000000 2.985302 0.287265 2.076037
 140.200000 3.139468 0.385326 15.519635
 140.400000 3.097575 0.424213 11.340623
 140.600000 3.000096 0.342835 0.565114
 140.800000 3.091869 0.363368 7.890962
 141.000000 3.051174 0.345686 3.543284
 141.200000 2.938366 0.389864 1.243909
 141.400000 3.090255 0.356507 7.616206
 141.600000 3.060200 0.315326 4.906763
 141.800000 3.117388 0.364595 11.419792
 142.000000 2.989357 0.384232 0.866913
 142.200000 3.137895 0.359688 14.648771
 142.400000 3.000369 0.295534 1.987578
 142.600000 3.093157 0.374264 8.267759
 142.800000 2.949762 0.315790 0.703249
 143.000000 3.028647 0.385353 2.554918
 143.200000 3.051601 0.379635 4.040884
 143.400000 3.073248 0.350974 5.639761
 143.600000 3.020981 0.340367 1.491578
 143.800000 3.084208 0.379052 7.311484
 144.000000 3.038444 0.280205 4.918772
 144.200000 2.948579 0.418588 2.587431
 144.400000 2.965766 0.413273 2.062124
 144.600000 3.016743 0.310455 1.979624
 144.800000 2.999815 0.337118 0.607827
 145.000000 3.049616 0.320433 3.817703
 145.200000 2.987639 0.318823 0.669076
 145.400000 3.043629 0.295983 4.340313
 145.600000 2.974576 0.431650 3.438328
 145.800000 3.042706 0.382153 3.408570
 146.000000 2.975650 0.298470 1.316844
 146.200000 3.093863 0.410542 9.929122
 146.400000 3.042704 0.411850 4.831939
 146.600000 3.103788 0.268538 12.589694
 146.800000 3.112526 0.265418 14.078781
 147.000000 3.073133 0.346017 5.630388
 147.200000 3.056743 0.361946 4.104498
 147.400000 2.990866 0.293335 1.836322
 147.600000 3.053321 0.327035 3.963188
 147.800000 3.017534 0.388258 2.041845
 148.000000 3.008026 0.356372 0.865815
 148.200000 3.036845 0.409128 4.238715
 148.400000 2.968154 0.333657 0.119308
 148.600000 3.023254 0.389857 2.410861
 148.800000 3.077147 0.443422 10.511126
 149.000000 3.003255 0.329554 0.845412
 149.200000 2.992830 0.326128 0.595129
 149.400000 3.052041 0.282743 5.810259
 149.600000 2.960820 0.273722 2.857779
 149.800000 3.057619 0.346649 4.103416
 150.000000 3.003651 0.402412 2.092386
 150.200000 3.014540 0.382909 1.699865
 150.400000 3.117047 0.362051 11.332350
 150.600000 2.973931 0.333445 0.145606
 150.800000 3.044709 0.398830 4.252949
 151.000000 2.937756 0.393392 1.411747
 151.200000 3.138216 0.433882 18.244134
 151.400000 3.018783 0.394883 2.387248
 151.600000 3.029875 0.323357 2.303377
 151.800000 3.129508 0.263609 16.846098
 152.000000 3.065331 0.301524 5.958701
 152.200000 3.097163 0.472106 16.032874
 152.400000 3.015537 0.292204 2.791644
 152.600000 3.120365 0.325425 12.030653
 152.800000 2.942260 0.336636 0.384760
 153.000000 3.110339 0.426790 13.285066
 153.200000 3.007570 0.290223 2.551744
 153.400000 3.050192 0.328876 3.659321
 153.600000 3.026033 0.374769 2.069236
 153.800000 2.965927 0.403359 1.474517
 154.000000 3.016674 0.366782 1.387735
 154.200000 2.999909 0.354645 0.555101
 154.400000 3.003907 0.336477 0.758112
 154.600000 3.073267 0.369968 5.858468
 154.800000 3.028284 0.375898 2.234163
 155.000000 3.031909 0.383319 2.689354
 155.200000 3.021864 0.319269 1.945686
 155.400000 3.039669 0.320338 3.048683
 155.600000 3.096298 0.355331 8.370849
 155.800000 3.082074 0.318680 7.075830
 156.000000 3.088951 0.382086 7.973883
 156.200000 2.975298 0.413126 2.085773
 156.400000 3.096429 0.448550 13.316732
 156.600000 2.969343 0.298292 1.291615
 156.800000 3.114071 0.335847 10.893559
 157.000000 3.029224 0.250142 6.825134
 157.200000 3.097704 0.325484 8.811947
 157.400000 3.101309 0.419621 11.500413
 157.600000 3.051167 0.387383 4.271126
 157.800000 3.010091 0.350847 0.927445
 158.000000 3.025407 0.280453 4.056080
 158.200000 2.999642 0.381758 1.065176
 158.400000 3.061164 0.366274 4.575904
 158.600000 3.035798 0.408164 4.108773
 158.800000 3.034937 0.374556 2.628528
 159.000000 2.991300 0.363869 0.403364
 159.200000 2.963172 0.238547 6.114803
 159.400000 2.987549 0.365170 0.339573
 159.600000 3.025165 0.370803 1.924368
 159.800000 3.021831 0.319877 1.925934
 160.000000 3.035131 0.404624 3.860193
 160.200000 -3.139971 0.339140 15.564527
 160.400000 3.039139 0.335298 2.692462
 160.600000 2.994637 0.360202 0.442247
 160.800000 2.979181 0.323162 0.408956
 161.000000 3.031861 0.308957 2.903951
 161.200000 3.065100 0.369057 5.005743
 161.400000 3.035245 0.388453 3.100294
 161.600000 3.127460 0.333768 12.981112
 161.800000 2.998610 0.330966 0.661510
 162.000000 3.040280 0.357455 2.715796
 162.200000 3.046685 0.420822 5.744552
 162.400000 3.057009 0.373652 4.347699
 162.600000 2.982129 0.378060 0.533878
 162.800000 -3.126284 0.273456 20.878345
 163.000000 3.067959 0.412827 7.123042
 163.200000 3.066314 0.351609 4.928909
 163.400000 3.042666 0.302159 3.958268
 163.600000 3.068467 0.348266 5.142066
 163.800000 3.002101 0.353141 0.622253
 164.000000 2.958550 0.394885 1.085902
 164.200000 3.047105 0.301749 4.323046
 164.400000 3.014666 0.458236 7.092198
 164.600000 3.006698 0.391162 1.671652
 164.800000 3.070250 0.389371 6.136403
 165.000000 3.007286 0.286061 2.793857
 165.200000 2.998316 0.315251 1.060190
 165.400000 2.987786 0.269145 3.408460
 165.600000 3.090684 0.384554 8.271249
 165.800000 2.993545 0.378092 0.771988
 166.000000 3.042029 0.454986 8.419757
 166.200000 3.042111 0.405370 4.401413
 166.400000 3.078304 0.293359 7.739313
 166.600000 3.008325 0.333983 0.965161
 166.800000 3.126589 0.323942 13.040344
 167.000000 2.974219 0.359231 0.077294
 167.200000 3.114052 0.318218 11.279210
 167.400000 3.060913 0.377757 4.815821
 167.600000 3.026785 0.347205 1.785302
 167.800000 3.055124 0.358593 3.922995
 168.000000 2.967865 0.365267 0.131568
 168.200000 2.954294 0.374058 0.393799
 168.400000 2.998469 0.342283 0.516259
 168.600000 3.079063 0.256707 10.537406
 168.800000 3.019067 0.385901 2.030802
 169.000000 2.978180 0.343831 0.075537
 169.200000 3.047177 0.256750 7.470469
 169.400000 3.025916 0.301275 2.873996
 169.600000 2.984629 0.403796 1.652021
 169.800000 3.001272 0.383743 1.186507
 170.000000 3.017253 0.311144 1.978725
 170.200000 3.036019 0.380780 2.880565
 170.400000 2.948763 0.369733 0.380954
 170.600000 2.991361 0.275684 2.987727
 170.800000 2.974700 0.378419 0.459987
 171.000000 3.124077 0.401721 13.713517
 171.200000 2.906891 0.289833 3.564398
 171.400000 3.030164 0.367945 2.169277
 171.600000 2.967558 0.465617 6.792241
 171.800000 3.010593 0.303998 1.963095
 172.000000 2.988640 0.353482 0.242611
 172.200000 3.052654 0.405925 5.279658
 172.400000 3.050241 0.349124 3.459558
 172.600000 3.109758 0.337152 10.252324
 172.800000 3.073667 0.274754 8.443706
 173.000000 3.079655 0.325222 6.623167
 173.200000 3.058800 0.425049 7.094843
 173.400000 3.046173 0.320770 3.529795
 173.600000 2.953584 0.363752 0.198636
 173.800000 2.969301 0.321696 0.377054
 174.000000 3.030069 0.362703 2.078074
 174.200000 3.020379 0.346760 1.424111
 174.400000 2.946743 0.347362 0.207844
 174.600000 2.984103 0.312522 0.812947
 174.800000 3.061326 0.313509 5.075198
 175.000000 3.015120 0.321657 1.530502
 175.200000 3.059832 0.353089 4.311460
 175.400000 2.996015 0.366887 0.577996
 175.600000 2.980606 0.259992 4.058870
 175.800000 3.010118 0.353447 0.936625
 176.000000 3.019295 0.282131 3.604391
 176.200000 3.006135 0.388703 1.549016
 176.400000 2.901500 0.259478 6.162051
 176.600000 2.991446 0.348014 0.297887
 176.800000 3.019908 0.325249 1.680100
 177.000000 3.076187 0.384181 6.570935
 177.200000 2.991282 0.301071 1.445119
 177.400000 3.037977 0.378913 2.960067
 177.600000 3.063596 0.382995 5.235258
 177.800000 3.081022 0.334046 6.606489
 178.000000 2.997469 0.366420 0.612966
 178.200000 3.008287 0.371339 1.097887
 178.400000 2.942079 0.373442 0.609117
 178.600000 3.049797 0.305254 4.382489
 178.800000 3.009158 0.375573 1.237456
 179.000000 3.034998 0.381766 2.842429
 179.200000 2.981242 0.325486 0.378589
 179.400000 3.079805 0.321588 6.733250
 179.600000 3.035468 0.384479 2.966922
 179.800000 2.962338 0.381301 0.530714
 180.000000 3.071993 0.325227 5.789601
 180.200000 3.107588 0.408305 11.628742
 180.400000 3.018668 0.333359 1.455031
 180.600000 3.045886 0.369604 3.317695
 180.800000 -3.132030 0.281649 19.218026
 181.000000 3.046700 0.276647 5.793551
 181.200000 3.024426 0.393208 2.619702
 181.400000 3.050369 0.383194 4.052532
 181.600000 3.077705 0.362850 6.216144
 181.800000 3.114043 0.392668 11.752611
 182.000000 2.989340 0.447946 5.136842
 182.200000 3.050291 0.366274 3.611787
 182.400000 3.078525 0.361493 6.289483
 182.600000 3.014360 0.373133 1.408253
 182.800000 3.076911 0.372798 6.315242
 183.000000 3.010704 0.355163 0.971008
 183.200000 3.082555 0.420971 9.254716
 183.400000 3.046112 0.397609 4.302869
 183.600000 3.077514 0.301171 7.246971
 183.800000 3.069719 0.324517 5.570798
 184.000000 3.095934 0.363720 8.411673
 184.200000 3.011383 0.342625 1.003021
 184.400000 3.094866 0.349776 8.167450
 184.600000 3.089547 0.376185 7.869263
 184.800000 3.055266 0.280187 6.262322
 185.000000 3.056482 0.379528 4.462102
 185.200000 3.108100 0.449819 15.021704
 185.400000 3.000793 0.260331 4.505886
 185.600000 3.052026 0.444808 8.192890
 185.800000 3.102205 0.432666 12.626667
 186.000000 3.049414 0.304537 4.382507
 186.200000 3.004688 0.296832 2.072120
 186.400000 3.066060 0.418545 7.314148
 186.600000 3.011815 0.320243 1.416897
 186.800000 3.027759 0.452945 7.237684
 187.000000 3.076303 0.363507 6.071298
 187.200000 3.063845 0.275786 7.368720
 187.400000 3.095488 0.306900 9.135866
 187.600000 3.090067 0.418791 9.996243
 187.800000 3.056422 0.359389 4.046075
 188.000000 3.087852 0.378870 7.739553
 188.200000 -3.122899 0.326032 18.933476
 188.400000 3.022077 0.309894 2.280658
 188.600000 2.983987 0.362943 0.239548
 188.800000 3.108316 0.365029 10.104076
 189.000000 3.099769 0.375616 9.158385
 189.200000 3.036901 0.433638 6.015159
 189.400000 3.100718 0.414244 11.056283
 189.600000 2.931677 0.350909 0.627680
 189.800000 3.051179 0.246277 8.820799
 190.000000 3.068914 0.378086 5.608204
 190.200000 3.074689 0.334661 5.895817
 190.400000 3.037138 0.287548 4.347742
 190.600000 3.104397 0.320559 9.837064
 190.800000 2.970006 0.385127 0.654539
 191.000000 3.056221 0.367535 4.145380
 191.200000 -3.127239 0.413056 19.886424
 191.400000 2.982028 0.395125 1.172755
 191.600000 3.017474 0.400352 2.585932
 191.800000 3.081584 0.364346 6.674643
 192.000000 3.090795 0.343872 7.668704
 192.200000 3.066014 0.263188 8.583494
 192.400000 3.027446 0.386526 2.524883
 192.600000 3.002398 0.365129 0.753400
 192.800000 3.030634 0.387753 2.769172
 193.000000 2.967892 0.343277 0.017102
 193.200000 3.008424 0.358475 0.899775
 193.400000 3.039713 0.346877 2.641645
 193.600000 3.080089 0.342191 6.411394
 193.800000 3.040943 0.326121 2.992564
 194.000000 2.997341 0.411086 2.381745
 194.200000 3.096855 0.355710 8.445475
 194.400000 2.944829 0.372435 0.520154
 194.600000 2.975141 0.256665 4.301643
 194.800000 3.014836 0.338704 1.194986
 195.000000 2.939299 0.361033 0.456939
 195.200000 3.046288 0.348388 3.138757
 195.400000 3.025157 0.405793 3.296620
 195.600000 3.066126 0.353952 4.918966
 195.800000 3.022639 0.360013 1.604448
 196.000000 3.047087 0.350555 3.203252
 196.200000 3.065604 0.330379 5.030056
 196.400000 3.075604 0.272005 8.860100
 196.600000 3.035532 0.425961 5.300660
 196.800000 2.970775 0.355965 0.030699
 197.000000 3.057989 0.398142 5.338275
 197.200000 2.986680 0.367228 0.357404
 197.400000 3.026827 0.335598 1.876776
 197.600000 3.048752 0.312245 4.014708
 197.800000 3.029737 0.449877 7.045714
 198.000000 3.009918 0.301429 2.053058
 198.200000 3.025797 0.292527 3.323372
 198.400000 3.049459 0.382019 3.937789
 198.600000 2.986207 0.329012 0.384383
 198.800000 3.096542 0.269856 11.520017
 199.000000 2.980302 0.382284 0.639414
 199.200000 3.068717 0.447245 9.986671
 199.400000 3.047776 0.281604 5.533077
 199.600000 3.116344 0.419483 13.622172
 199.800000 3.016969 0.334856 1.346420
 200.000000 3.136366 0.320860 14.730026
