#! FIELDS time phi psi restraint.bias
#! SET min_phi -pi
#! SET max_phi pi
#! SET min_psi -pi
#! SET max_psi pi
 0.000000 0.792593 -1.739454 20.735019
 0.200000 0.770826 -1.870835 3.844037
 0.400000 0.757583 -1.790999 10.070157
 0.600000 0.702843 -1.831287 3.933905
 0.800000 0.805994 -1.851454 8.156908
 1.000000 0.756662 -1.771335 12.743041
 1.200000 0.797729 -1.829000 9.087758
 1.400000 0.771186 -1.838616 5.968901
 1.600000 0.669374 -1.839953 3.606212
 1.800000 0.787513 -1.882244 4.702107
 2.000000 0.877109 -1.938919 16.197983
 2.200000 0.699558 -1.892987 0.362162
 2.400000 0.759666 -1.823855 6.501942
 2.600000 0.712517 -1.888844 0.584538
 2.800000 0.714017 -1.854551 2.258946
 3.000000 0.766348 -1.977265 3.974280
 3.200000 0.713623 -1.884774 0.735583
 3.400000 0.782464 -1.936008 3.686279
 3.600000 0.741747 -1.951972 1.466647
 3.800000 0.730698 -1.860508 2.291754
 4.000000 0.676630 -1.904041 0.356316
 4.200000 0.781411 -1.930291 3.522092
 4.400000 0.740101 -1.943631 1.163184
 4.600000 0.730014 -1.846392 3.207165
 4.800000 0.730062 -1.971977 1.867741
 5.000000 0.725383 -1.924272 0.381039
 5.200000 0.770860 -1.983584 4.674954
 5.400000 0.671063 -1.968178 1.533550
 5.600000 0.640554 -1.932318 1.735164
 5.800000 0.720787 -1.953352 0.817421
 6.000000 0.799853 -1.986739 7.409869
 6.200000 0.748312 -1.921696 1.260708
 6.400000 0.675129 -1.899974 0.462335
 6.600000 0.650484 -1.954981 1.751836
 6.800000 0.790121 -1.936252 4.365295
 7.000000 0.793803 -1.957251 5.275488
 7.200000 0.655636 -1.857272 2.861689
 7.400000 0.662286 -1.867775 1.998962
 7.600000 0.805831 -1.974310 7.281838
 7.800000 0.766277 -1.856530 4.327387
 8.000000 0.721230 -1.909680 0.318608
 8.200000 0.827380 -1.901163 8.527335
 8.400000 0.685362 -1.885882 0.658869
 8.600000 0.738938 -1.848102 3.407361
 8.800000 0.786237 -1.893728 4.222765
 9.000000 0.777626 -1.917397 3.162681
 9.200000 0.737854 -1.812695 6.531365
 9.400000 0.752975 -1.916002 1.511363
 9.600000 0.778525 -1.923635 3.238694
 9.800000 0.692804 -1.809408 6.114207
 10.000000 0.672734 -1.854540 2.456010
 10.200000 0.867175 -1.917609 14.290370
 10.400000 0.753323 -1.852072 3.820763
 10.600000 0.748409 -1.862576 2.904760
 10.800000 0.804924 -1.866503 7.125837
 11.000000 0.721696 -1.839459 3.509984
 11.200000 0.787359 -1.911343 4.017053
 11.400000 0.760452 -1.865575 3.415477
 11.600000 0.681342 -1.957072 0.833240
 11.800000 0.767196 -1.866201 3.824693
 12.000000 0.691951 -1.874669 1.040305
 12.200000 0.747373 -1.940747 1.430462
 12.400000 0.712016 -1.889854 0.546628
 12.600000 0.743841 -1.918754 1.045306
 12.800000 0.735849 -1.911879 0.743159
 13.000000 0.799604 -1.867011 6.544912
 13.200000 0.826362 -1.900078 8.417220
 13.400000 0.771744 -1.820413 7.654394
 13.600000 0.711887 -1.920154 0.094649
 13.800000 0.774697 -1.924108 2.940113
 14.000000 0.777920 -1.851410 5.525957
 14.200000 0.759300 -1.903397 2.006331
 14.400000 0.759513 -1.918283 1.885050
 14.600000 0.683776 -1.847577 2.715648
 14.800000 0.732332 -1.867556 1.952784
 15.000000 0.792280 -1.897292 4.686631
 15.200000 0.738478 -1.864037 2.372138
 15.400000 0.737050 -1.952885 1.302583
 15.600000 0.736689 -1.901010 0.921038
 15.800000 0.731888 -1.897715 0.814977
 16.000000 0.769076 -1.915441 2.526313
 16.200000 0.815381 -1.891801 7.267385
 16.400000 0.748113 -1.977873 2.931678
 16.600000 0.619390 -1.917208 3.103650
 16.800000 0.700554 -1.906150 0.096940
 17.000000 0.736223 -1.937274 0.877044
 17.200000 0.688428 -1.966535 1.136242
 17.400000 0.690412 -1.967076 1.144365
 17.600000 0.751936 -1.917514 1.450184
 17.800000 0.675063 -1.873014 1.363455
 18.000000 0.801659 -1.922027 5.361309
 18.200000 0.741615 -1.880691 1.712614
 18.400000 0.741542 -1.950857 1.422552
 18.600000 0.726903 -1.935868 0.541992
 18.800000 0.694648 -1.970234 1.274706
 19.000000 0.707847 -1.934946 0.160954
 19.200000 0.698705 -1.930995 0.062132
 19.400000 0.741128 -1.911203 0.961821
 19.600000 0.674688 -1.858636 2.149155
 19.800000 0.744250 -1.958602 1.813825
 20.000000 0.737886 -2.035388 7.463331
 20.200000 0.672348 -1.848186 2.901148
 20.400000 0.693707 -1.969235 1.228600
 20.600000 0.767094 -1.974480 3.869450
 20.800000 0.697795 -1.953918 0.579961
 21.000000 0.623517 -1.871383 3.958826
 21.200000 0.733187 -1.967713 1.759305
 21.400000 0.721018 -1.931426 0.328758
 21.600000 0.685038 -1.917598 0.088285
 21.800000 0.694438 -1.919818 0.006822
 22.000000 0.701254 -1.898798 0.226715
 22.200000 0.792041 -1.968498 5.592136
 22.400000 0.696218 -1.906053 0.097180
 22.600000 0.624191 -1.849053 5.240607
 22.800000 0.749921 -1.979227 3.103160
 23.000000 0.798029 -1.915758 4.998160
 23.200000 0.640519 -1.846582 4.344656
 23.400000 0.754888 -1.910729 1.652356
 23.600000 0.726702 -1.840839 3.530429
 23.800000 0.751566 -1.925867 1.445661
 24.000000 0.748932 -1.834747 4.912587
 24.200000 0.698416 -1.863442 1.591646
 24.400000 0.757392 -1.877112 2.669657
 24.600000 0.722194 -1.924450 0.300019
 24.800000 0.713197 -1.889469 0.575360
 25.000000 0.788466 -1.898914 4.299545
 25.200000 0.759747 -1.854995 4.002045
 25.400000 0.814897 -1.939330 7.006558
 25.600000 0.715338 -1.902387 0.300717
 25.800000 0.697062 -1.834777 3.620306
 26.000000 0.737041 -1.943907 1.046035
 26.200000 0.757368 -1.903033 1.896104
 26.400000 0.777404 -1.922897 3.146644
 26.600000 0.713298 -1.973152 1.534917
 26.800000 0.691467 -1.906930 0.105826
 27.000000 0.693379 -1.942590 0.269570
 27.200000 0.719114 -1.936768 0.363036
 27.400000 0.713154 -2.005769 3.802830
 27.600000 0.666393 -1.941966 0.747959
 27.800000 0.610651 -1.962698 4.743839
 28.000000 0.614411 -1.960048 4.311996
 28.200000 0.657718 -1.953684 1.388589
 28.400000 0.706970 -1.921845 0.041021
 28.600000 0.658950 -1.970151 2.032075
 28.800000 0.721064 -1.927518 0.292265
 29.000000 0.753602 -1.933157 1.626835
 29.200000 0.666707 -1.935945 0.623096
 29.400000 0.777538 -1.933390 3.244195
 29.600000 0.761125 -1.932380 2.062449
 29.800000 0.633141 -1.923258 2.117642
 30.000000 0.822455 -1.897932 7.968638
 30.200000 0.809434 -1.974061 7.662791
 30.400000 0.681656 -1.813396 5.803250
 30.600000 0.651226 -1.969651 2.339530
 30.800000 0.728861 -1.874740 1.490161
 31.000000 0.758684 -1.837480 5.226705
 31.200000 0.771817 -1.871525 3.883054
 31.400000 0.720438 -1.819328 5.302312
 31.600000 0.831243 -1.939898 9.060049
 31.800000 0.751288 -1.846382 4.112439
 32.000000 0.720898 -1.857639 2.194985
 32.200000 0.746377 -1.926588 1.186441
 32.400000 0.694207 -1.908027 0.077733
 32.600000 0.649232 -1.836007 4.711422
 32.800000 0.764828 -1.850762 4.611609
 33.000000 0.846264 -1.912650 10.997635
 33.200000 0.723836 -1.817592 5.559966
 33.400000 0.720667 -1.892486 0.628631
 33.600000 0.754887 -1.899310 1.821783
 33.800000 0.767044 -1.889420 2.837832
 34.000000 0.813053 -1.989515 9.029219
 34.200000 0.712634 -1.936267 0.239721
 34.400000 0.669150 -1.884356 1.050316
 34.600000 0.745394 -1.947098 1.487764
 34.800000 0.783424 -1.959344 4.416784
 35.000000 0.704638 -1.953549 0.588568
 35.200000 0.713300 -1.832878 3.898123
 35.400000 0.665623 -1.979887 2.329894
 35.600000 0.797188 -1.915668 4.914857
 35.800000 0.763546 -1.958444 2.883796
 36.000000 0.659306 -1.874979 1.760985
 36.200000 0.696909 -1.929503 0.047220
 36.400000 0.712542 -1.939306 0.292854
 36.600000 0.722979 -1.916906 0.313057
 36.800000 0.701491 -1.898401 0.235940
 37.000000 0.758980 -1.863562 3.436108
 37.200000 0.715993 -1.884364 0.789576
 37.400000 0.813173 -1.971168 7.933389
 37.600000 0.801623 -1.858615 7.230875
 37.800000 0.657979 -1.831797 4.683881
 38.000000 0.719469 -1.811158 6.135924
 38.200000 0.770262 -1.880301 3.383912
 38.400000 0.792412 -1.852227 6.731630
 38.600000 0.717791 -1.964485 1.188835
 38.800000 0.710744 -1.797029 7.623481
 39.000000 0.727134 -1.883888 1.067623
 39.200000 0.790635 -1.910305 4.324130
 39.400000 0.714627 -1.834196 3.805360
 39.600000 0.693842 -1.976147 1.593192
 39.800000 0.700878 -1.788987 8.567959
 40.000000 0.801890 -1.865642 6.852811
 40.200000 0.841981 -1.924029 10.354959
 40.400000 0.648417 -1.846720 3.910691
 40.600000 0.662213 -1.810952 6.575783
 40.800000 0.860154 -1.852494 15.394802
 41.000000 0.786278 -1.951559 4.387214
 41.200000 0.715000 -1.903016 0.284165
 41.400000 0.623306 -1.908201 2.867411
 41.600000 0.696704 -1.877573 0.895205
 41.800000 0.726514 -1.915267 0.413323
 42.000000 0.767247 -1.925045 2.401924
 42.200000 0.625069 -2.002259 6.063699
 42.400000 0.732694 -1.896632 0.867105
 42.600000 0.707250 -1.934627 0.150576
 42.800000 0.840126 -1.896454 10.355141
 43.000000 0.765932 -1.917105 2.302228
 43.200000 0.685445 -1.870796 1.284230
 43.400000 0.687148 -1.911840 0.092493
 43.600000 0.772744 -1.935383 2.903927
 43.800000 0.709584 -1.892139 0.449860
 44.000000 0.708185 -1.863645 1.630712
 44.200000 0.684927 -1.895500 0.383938
 44.400000 0.743811 -1.877913 1.923151
 44.600000 0.760495 -1.800379 9.082722
 44.800000 0.727405 -1.886374 0.989186
 45.000000 0.794478 -1.889901 5.090120
 45.200000 0.742693 -1.931213 1.057286
 45.400000 0.746291 -1.783569 10.447563
 45.600000 0.800392 -1.922364 5.231736
 45.800000 0.725542 -1.955329 1.004600
 46.000000 0.699732 -1.867885 1.352097
 46.200000 0.726247 -1.879829 1.196556
 46.400000 0.745713 -1.847561 3.745711
 46.600000 0.660001 -1.867997 2.072011
 46.800000 0.760205 -1.886690 2.476760
 47.000000 0.733518 -1.859699 2.435896
 47.200000 0.773011 -1.905170 2.911396
 47.400000 0.731269 -1.951899 1.062213
 47.600000 0.624702 -1.965651 3.744309
 47.800000 0.706236 -1.914155 0.049129
 48.000000 0.770133 -2.007519 6.433914
 48.200000 0.633000 -1.909267 2.177219
 48.400000 0.652797 -1.970191 2.294117
 48.600000 0.637825 -2.022395 7.074953
 48.800000 0.745007 -1.851961 3.403963
 49.000000 0.744489 -1.997164 4.062254
 49.200000 0.718513 -1.921914 0.209797
 49.400000 0.699022 -2.043668 7.664326
 49.600000 0.780427 -1.941594 3.622378
 49.800000 0.661521 -1.974714 2.174538
 50.000000 0.614450 -1.927191 3.528147
 50.200000 0.775419 -1.982588 4.953941
 50.400000 0.683382 -2.001744 3.461127
 50.600000 0.659627 -1.872149 1.879586
 50.800000 0.778848 -1.912104 3.287664
 51.000000 0.745825 -1.907199 1.217509
 51.200000 0.690052 -1.920554 0.032878
 51.400000 0.790961 -1.872788 5.416574
 51.600000 0.776224 -1.871158 4.235259
 51.800000 0.684107 -1.892684 0.467665
 52.000000 0.752743 -1.908806 1.552302
 52.200000 0.713892 -1.825797 4.548325
 52.400000 0.808441 -1.854418 8.225490
 52.600000 0.863711 -1.834229 17.374763
 52.800000 0.682027 -1.868270 1.460575
 53.000000 0.782864 -1.755613 17.078650
 53.200000 0.785693 -1.928862 3.873985
 53.400000 0.748623 -1.773487 11.987594
 53.600000 0.656246 -1.793059 8.916707
 53.800000 0.763936 -1.949247 2.596813
 54.000000 0.727940 -1.838702 3.737738
 54.200000 0.578107 -1.872297 8.334227
 54.400000 0.801388 -1.828565 9.498574
 54.600000 0.753169 -1.903169 1.653878
 54.800000 0.749712 -1.917867 1.332264
 55.000000 0.765617 -1.907701 2.351046
 55.200000 0.737188 -1.877724 1.650477
 55.400000 0.688844 -1.914253 0.058855
 55.600000 0.782072 -1.925470 3.538681
 55.800000 0.748728 -1.921227 1.280912
 56.000000 0.671238 -1.933249 0.451243
 56.200000 0.698826 -1.928878 0.040885
 56.400000 0.765843 -1.853127 4.519230
 56.600000 0.686346 -1.981117 1.945510
 56.800000 0.720101 -2.005630 3.919412
 57.000000 0.729494 -1.915747 0.500267
 57.200000 0.713302 -1.961357 0.975983
 57.400000 0.695741 -1.880786 0.766332
 57.600000 0.702775 -1.951302 0.505011
 57.800000 0.757686 -1.980946 3.639012
 58.000000 0.714045 -1.931953 0.199711
 58.200000 0.583847 -1.991626 9.105492
 58.400000 0.661301 -1.919378 0.678385
 58.600000 0.688342 -1.991197 2.592259
 58.800000 0.680667 -2.025480 5.730045
 59.000000 0.659892 -1.899681 0.934765
 59.200000 0.714962 -1.897449 0.392813
 59.400000 0.769440 -1.881248 3.288006
 59.600000 0.792585 -1.889896 4.909647
 59.800000 0.724518 -1.930530 0.405023
 60.000000 0.721875 -1.874596 1.306400
 60.200000 0.727135 -1.878151 1.290517
 60.400000 0.718193 -1.898246 0.434869
 60.600000 0.757986 -1.931892 1.863639
 60.800000 0.738480 -1.917637 0.816475
 61.000000 0.780404 -1.886332 3.946486
 61.200000 0.758717 -1.912877 1.859696
 61.400000 0.774758 -1.853577 5.132682
 61.600000 0.762735 -1.878913 2.925238
 61.800000 0.750760 -1.818696 6.502169
 62.000000 0.833944 -1.898656 9.447341
 62.200000 0.714706 -1.885564 0.725520
 62.400000 0.736535 -1.816338 6.096033
 62.600000 0.823136 -1.865701 9.279827
 62.800000 0.803129 -1.895468 5.809811
 63.000000 0.776289 -1.858324 4.947717
 63.200000 0.700838 -1.906345 0.095015
 63.400000 0.808355 -1.912824 6.099382
 63.600000 0.656542 -1.843634 3.770196
 63.800000 0.712144 -1.828577 4.264659
 64.000000 0.675150 -1.891242 0.673648
 64.200000 0.823270 -1.900786 8.011755
 64.400000 0.719607 -1.875845 1.199360
 64.600000 0.804675 -1.916774 5.680550
 64.800000 0.782545 -1.861995 5.237118
 65.000000 0.692754 -1.943034 0.282927
 65.200000 0.753666 -1.815637 6.973415
 65.400000 0.658626 -1.942096 1.027541
 65.600000 0.757642 -1.906329 1.862308
 65.800000 0.747477 -1.923903 1.225651
 66.000000 0.760509 -1.823097 6.627178
 66.200000 0.650872 -1.816424 6.466487
 66.400000 0.682005 -1.920712 0.130390
 66.600000 0.790668 -1.946893 4.646865
 66.800000 0.656472 -1.966845 1.971437
 67.000000 0.713885 -1.775194 10.588580
 67.200000 0.724753 -1.885335 0.950400
 67.400000 0.654930 -1.886937 1.475245
 67.600000 0.774642 -1.879140 3.756069
 67.800000 0.679794 -1.879158 0.996546
 68.000000 0.748538 -1.912386 1.298331
 68.200000 0.732452 -1.805199 7.162730
 68.400000 0.703568 -1.933307 0.105163
 68.600000 0.786292 -1.864183 5.436202
 68.800000 0.748646 -1.906996 1.358647
 69.000000 0.721427 -1.849079 2.776473
 69.200000 0.765237 -1.864457 3.786406
 69.400000 0.768362 -1.881144 3.215711
 69.600000 0.796053 -1.901080 4.970667
 69.800000 0.637612 -1.852322 4.112184
 70.000000 0.767516 -1.882210 3.115921
 70.200000 0.756784 -1.921880 1.722084
 70.400000 0.668336 -1.903032 0.585522
 70.600000 0.731873 -1.845321 3.347447
 70.800000 0.671023 -1.918984 0.367838
 71.000000 0.788349 -1.909934 4.118844
 71.200000 0.835959 -1.978027 11.189693
 71.400000 0.615965 -1.988830 5.753989
 71.600000 0.661624 -1.859013 2.517736
 71.800000 0.764402 -1.955348 2.825522
 72.000000 0.662607 -1.969570 1.866422
 72.200000 0.660688 -1.892593 1.072828
 72.400000 0.737988 -1.986913 3.042201
 72.600000 0.756555 -1.899579 1.912349
 72.800000 0.725120 -1.975787 1.927954
 73.000000 0.754863 -1.998898 4.732566
 73.200000 0.677958 -1.904902 0.315385
 73.400000 0.730434 -1.891931 0.911800
 73.600000 0.677871 -1.907793 0.278084
 73.800000 0.632272 -1.908756 2.230397
 74.000000 0.753972 -1.931378 1.625352
 74.200000 0.775991 -1.931360 3.097098
 74.400000 0.793758 -1.891540 4.973308
 74.600000 0.723716 -1.892543 0.700451
 74.800000 0.751780 -1.928624 1.477440
 75.000000 0.732800 -1.879870 1.400599
 75.200000 0.734069 -1.937950 0.809320
 75.400000 0.738610 -1.851616 3.148036
 75.600000 0.642703 -1.917009 1.540239
 75.800000 0.684107 -1.876470 1.039770
 76.000000 0.709473 -1.943098 0.334250
 76.200000 0.694739 -1.883883 0.652994
 76.400000 0.722028 -1.878377 1.146039
 76.600000 0.744954 -1.961074 1.945379
 76.800000 0.760014 -1.894828 2.228084
 77.000000 0.707222 -1.914979 0.053241
 77.200000 0.758893 -1.870829 3.048094
 77.400000 0.699714 -1.842173 3.019077
 77.600000 0.776582 -1.974935 4.593749
 77.800000 0.759989 -1.878269 2.778123
 78.000000 0.681337 -1.846126 2.859511
 78.200000 0.651096 -1.889709 1.560795
 78.400000 0.662973 -1.797650 8.085947
 78.600000 0.793487 -1.957600 5.258358
 78.800000 0.837793 -1.893534 10.099270
 79.000000 0.651485 -1.922382 1.091149
 79.200000 0.704400 -1.816713 5.339557
 79.400000 0.811103 -1.935753 6.507551
 79.600000 0.711765 -1.886473 0.650360
 79.800000 0.791452 -1.866821 5.760981
 80.000000 0.762628 -1.928532 2.117504
 80.200000 0.763156 -1.892676 2.483645
 80.400000 0.734055 -1.958054 1.374545
 80.600000 0.707318 -1.872411 1.167983
 80.800000 0.732801 -1.858816 2.464289
 81.000000 0.751032 -1.894099 1.731088
 81.200000 0.749483 -1.913267 1.340239
 81.400000 0.749541 -1.900518 1.508546
 81.600000 0.632590 -1.899890 2.347300
 81.800000 0.696579 -1.861844 1.684245
 82.000000 0.762653 -1.909342 2.136864
 82.200000 0.704251 -1.877623 0.910794
 82.400000 0.692180 -1.850773 2.404349
 82.600000 0.703081 -1.945525 0.341542
 82.800000 0.721666 -1.893442 0.625967
 83.000000 0.721988 -1.855004 2.387826
 83.200000 0.769417 -1.851296 4.891461
 83.400000 0.727800 -1.913072 0.463171
 83.600000 0.742148 -1.876757 1.897764
 83.800000 0.781180 -1.883711 4.101948
 84.000000 0.785264 -1.893629 4.140087
 84.200000 0.602288 -1.865393 6.076445
 84.400000 0.690928 -2.005789 3.717695
 84.600000 0.682984 -1.916470 0.120475
 84.800000 0.670689 -1.880692 1.143704
 85.000000 0.686111 -1.958745 0.828201
 85.200000 0.727042 -1.887685 0.935591
 85.400000 0.715449 -1.948873 0.570746
 85.600000 0.722135 -1.965326 1.321571
 85.800000 0.742787 -1.945516 1.326126
 86.000000 0.671505 -1.973118 1.772596
 86.200000 0.611083 -1.907228 3.868573
 86.400000 0.747665 -2.040843 8.545008
 86.600000 0.688351 -1.980062 1.859825
 86.800000 0.652521 -1.976401 2.638468
 87.000000 0.722034 -2.003520 3.784947
 87.200000 0.748998 -1.909051 1.352127
 87.400000 0.760708 -1.939303 2.146885
 87.600000 0.734406 -1.926768 0.681747
 87.800000 0.697492 -1.926402 0.021587
 88.000000 0.735993 -1.901237 0.890199
 88.200000 0.764659 -1.898741 2.436014
 88.400000 0.773107 -1.982960 4.801327
 88.600000 0.744696 -1.814886 6.594067
 88.800000 0.656964 -1.892772 1.214317
 89.000000 0.806898 -1.895267 6.217520
 89.200000 0.870468 -1.847911 17.438396
 89.400000 0.673143 -1.857136 2.279499
 89.600000 0.800393 -1.862885 6.851913
 89.800000 0.748438 -1.902478 1.416482
 90.000000 0.733272 -1.824206 5.192441
 90.200000 0.813805 -1.929744 6.739012
 90.400000 0.685322 -1.778749 10.038497
 90.600000 0.813811 -1.898821 6.912173
 90.800000 0.788690 -1.897750 4.344852
 91.000000 0.644787 -1.835953 4.943219
 91.200000 0.750242 -1.926317 1.378591
 91.400000 0.733297 -1.917338 0.621492
 91.600000 0.728337 -1.873392 1.535934
 91.800000 0.806544 -1.956127 6.534142
 92.000000 0.759740 -1.899968 2.095692
 92.200000 0.653573 -1.857784 2.919585
 92.400000 0.721641 -1.961984 1.163487
 92.600000 0.745529 -1.959230 1.898196
 92.800000 0.722198 -1.900975 0.467946
 93.000000 0.668005 -1.921416 0.455007
 93.200000 0.723292 -1.931440 0.383555
 93.400000 0.661600 -1.953292 1.226074
 93.600000 0.724232 -1.927237 0.367814
 93.800000 0.654100 -1.953135 1.522952
 94.000000 0.748701 -1.858387 3.168242
 94.200000 0.751885 -1.968672 2.635911
 94.400000 0.695343 -1.963605 0.960617
 94.600000 0.751170 -1.935161 1.523545
 94.800000 0.692366 -1.918375 0.017727
 95.000000 0.668657 -1.937346 0.587225
 95.200000 0.714430 -1.949273 0.565317
 95.400000 0.707379 -1.909244 0.099121
 95.600000 0.699593 -1.981003 1.870147
 95.800000 0.692081 -1.900807 0.199853
 96.000000 0.769430 -1.921218 2.542612
 96.200000 0.717791 -1.968718 1.386670
 96.400000 0.716329 -1.853270 2.382835
 96.600000 0.759715 -1.921522 1.897620
 96.800000 0.724509 -1.873909 1.403732
 97.000000 0.791780 -1.957077 5.077508
 97.200000 0.665854 -1.936430 0.658167
 97.400000 0.698303 -1.824341 4.562172
 97.600000 0.750161 -1.875468 2.338918
 97.800000 0.850890 -1.882090 12.380955
 98.000000 0.706142 -1.912545 0.058852
 98.200000 0.686728 -1.806419 6.499723
 98.400000 0.733095 -1.833881 4.307622
 98.600000 0.855146 -1.911907 12.358312
 98.800000 0.751851 -1.803702 8.189496
 99.000000 0.774812 -1.955930 3.590385
 99.200000 0.793426 -1.833875 8.237355
 99.400000 0.703245 -1.885667 0.597745
 99.600000 0.794200 -1.865992 6.065587
 99.800000 0.814361 -1.889968 7.201398
 100.000000 0.696288 -1.896802 0.267593
 100.200000 0.815251 -1.833664 10.573495
 100.400000 0.671811 -1.839209 3.598865
 100.600000 0.747892 -1.905171 1.345966
 100.800000 0.738260 -1.869324 2.082183
 101.000000 0.705041 -1.980791 1.880040
 101.200000 0.838976 -1.885635 10.504263
 101.400000 0.739328 -1.905239 0.955482
 101.600000 0.715823 -1.918570 0.157327
 101.800000 0.708331 -1.829046 4.175806
 102.000000 0.750084 -1.924250 1.359174
 102.200000 0.733566 -1.903675 0.758790
 102.400000 0.747963 -1.906492 1.330975
 102.600000 0.657911 -1.978863 2.549387
 102.800000 0.617226 -1.831578 7.169917
 103.000000 0.692012 -1.995182 2.855255
 103.200000 0.828454 -1.954503 9.091911
 103.400000 0.739072 -1.938366 1.009253
 103.600000 0.654954 -1.920957 0.932774
 103.800000 0.659179 -1.846887 3.421339
 104.000000 0.696207 -1.949314 0.435554
 104.200000 0.812500 -2.020046 11.558456
 104.400000 0.680826 -1.889072 0.623762
 104.600000 0.651491 -1.941562 1.323095
 104.800000 0.654624 -1.930174 0.999614
 105.000000 0.708578 -1.963569 1.009730
 105.200000 0.761469 -1.950221 2.466651
 105.400000 0.683382 -1.932766 0.192033
 105.600000 0.666370 -1.878285 1.368736
 105.800000 0.713517 -1.896431 0.392862
 106.000000 0.682444 -1.921803 0.124943
 106.200000 0.744259 -1.958621 1.814996
 106.400000 0.698523 -1.959558 0.787963
 106.600000 0.687055 -1.893617 0.405760
 106.800000 0.790396 -1.913847 4.274450
 107.000000 0.634367 -1.910303 2.078640
 107.200000 0.669131 -1.850617 2.817965
 107.400000 0.833192 -1.909474 9.174556
 107.600000 0.737117 -1.948870 1.180669
 107.800000 0.709204 -1.825194 4.542345
 108.000000 0.674122 -1.888863 0.768697
 108.200000 0.746560 -1.935012 1.287400
 108.400000 0.754670 -1.933472 1.690918
 108.600000 0.751742 -1.887546 1.959208
 108.800000 0.745535 -1.938223 1.292088
 109.000000 0.712778 -1.824836 4.622283
 109.200000 0.782729 -1.965596 4.624150
 109.400000 0.764346 -1.835526 5.748464
 109.600000 0.723012 -1.893138 0.666599
 109.800000 0.759100 -1.920858 1.859083
 110.000000 0.686426 -1.836177 3.570072
 110.200000 0.714055 -1.834692 3.753733
 110.400000 0.756107 -1.918326 1.681763
 110.600000 0.727569 -1.874682 1.453890
 110.800000 0.689067 -1.795636 7.757107
 111.000000 0.736427 -1.918816 0.733829
 111.200000 0.775678 -1.930356 3.061796
 111.400000 0.701213 -1.831395 3.917983
 111.600000 0.743950 -1.937424 1.203874
 111.800000 0.825865 -1.842699 11.134943
 112.000000 0.696427 -1.931624 0.070629
 112.200000 0.804815 -1.838245 9.021276
 112.400000 0.739101 -1.848660 3.374114
 112.600000 0.732359 -1.927617 0.615816
 112.800000 0.747885 -1.920779 1.238121
 113.000000 0.638004 -1.894407 2.131647
 113.200000 0.760421 -1.908605 2.003321
 113.400000 0.759609 -1.864806 3.405317
 113.600000 0.735019 -1.930628 0.738277
 113.800000 0.790233 -1.890532 4.671467
 114.000000 0.671669 -1.923621 0.357199
 114.200000 0.758585 -1.846887 4.490004
 114.400000 0.657003 -1.866917 2.247394
 114.600000 0.713552 -1.935071 0.234542
 114.800000 0.748277 -1.939486 1.449835
 115.000000 0.678212 -1.959459 0.982367
 115.200000 0.704661 -1.926270 0.041846
 115.400000 0.775444 -1.927435 3.017246
 115.600000 0.725980 -1.918100 0.389305
 115.800000 0.680528 -1.894222 0.483665
 116.000000 0.845390 -1.902769 10.988547
 116.200000 0.735801 -1.910442 0.753867
 116.400000 0.714752 -1.911528 0.172843
 116.600000 0.696840 -1.929005 0.042633
 116.800000 0.634678 -1.929711 2.061697
 117.000000 0.718126 -1.990767 2.713620
 117.200000 0.753266 -1.959319 2.298276
 117.400000 0.657119 -1.978606 2.566453
 117.600000 0.741715 -1.828539 5.119716
 117.800000 0.690135 -1.933288 0.122104
 118.000000 0.753630 -1.979160 3.298186
 118.200000 0.737543 -1.952903 1.322477
 118.400000 0.771074 -1.946659 3.019298
 118.600000 0.662491 -1.954707 1.242219
 118.800000 0.635435 -1.938103 2.131835
 119.000000 0.636937 -1.990039 4.334775
 119.200000 0.722118 -1.953859 0.865562
 119.400000 0.733929 -1.981780 2.557623
 119.600000 0.710648 -1.878149 0.948314
 119.800000 0.691369 -1.937745 0.182766
 120.000000 0.791816 -1.926333 4.409294
 120.200000 0.741732 -1.892850 1.315324
 120.400000 0.626123 -1.944864 2.905187
 120.600000 0.810914 -1.879749 7.164522
 120.800000 0.734126 -1.922825 0.652191
 121.000000 0.683304 -1.885952 0.684873
 121.200000 0.775012 -1.809791 9.013140
 121.400000 0.722802 -1.933142 0.392487
 121.600000 0.807060 -1.783560 15.221870
 121.800000 0.776698 -1.914188 3.102391
 122.000000 0.774614 -1.809553 9.008783
 122.200000 0.729648 -1.882050 1.211491
 122.400000 0.737651 -1.866227 2.219286
 122.600000 0.733285 -1.824832 5.133252
 122.800000 0.774948 -1.883092 3.626383
 123.000000 0.790338 -1.884847 4.863993
 123.200000 0.733985 -1.920546 0.642963
 123.400000 0.765754 -1.896616 2.556563
 123.600000 0.657120 -1.807322 7.173653
 123.800000 0.705038 -1.901744 0.187983
 124.000000 0.792455 -1.912166 4.478078
 124.200000 0.649171 -1.847476 3.818409
 124.400000 0.694056 -1.895998 0.293059
 124.600000 0.830547 -1.957353 9.469718
 124.800000 0.708333 -1.972503 1.437565
 125.000000 0.744407 -1.977570 2.735805
 125.200000 0.675469 -1.896790 0.522976
 125.400000 0.714853 -1.891835 0.532577
 125.600000 0.783807 -1.899713 3.873093
 125.800000 0.798139 -1.947366 5.378933
 126.000000 0.707356 -1.932668 0.124530
 126.200000 0.689716 -1.919911 0.035410
 126.400000 0.689364 -1.876398 0.982991
 126.600000 0.691993 -1.949271 0.451292
 126.800000 0.708924 -1.968500 1.241036
 127.000000 0.714489 -1.921506 0.135133
 127.200000 0.721176 -1.919722 0.265536
 127.400000 0.715589 -1.980382 1.983688
 127.600000 0.726024 -1.962586 1.301640
 127.800000 0.751003 -1.846216 4.109592
 128.000000 0.646918 -1.936018 1.441916
 128.200000 0.780386 -1.890371 3.817723
 128.400000 0.765615 -1.945206 2.598154
 128.600000 0.643715 -1.915181 1.491566
 128.800000 0.774422 -1.861248 4.627932
 129.000000 0.755522 -1.962318 2.548107
 129.200000 0.701407 -1.837333 3.410869
 129.400000 0.730801 -1.901541 0.701487
 129.600000 0.817617 -1.953273 7.696476
 129.800000 0.702092 -1.767783 11.571897
 130.000000 0.721427 -1.893740 0.612516
 130.200000 0.784504 -1.845544 6.491738
 130.400000 0.752765 -1.889807 1.944048
 130.600000 0.756524 -1.813502 7.361041
 130.800000 0.727351 -1.826792 4.757935
 131.000000 0.762649 -1.894280 2.408486
 131.200000 0.778228 -1.880308 3.989975
 131.400000 0.756865 -1.869669 2.984482
 131.600000 0.739101 -1.918533 0.840129
 131.800000 0.757978 -1.875611 2.769862
 132.000000 0.726418 -1.915959 0.407685
 132.200000 0.751954 -1.828442 5.627251
 132.400000 0.720131 -1.984981 2.362202
 132.600000 0.717743 -1.872933 1.293459
 132.800000 0.732341 -1.922822 0.589503
 133.000000 0.704022 -1.972736 1.415151
 133.200000 0.729867 -1.885401 1.097351
 133.400000 0.684390 -1.931293 0.159756
 133.600000 0.686383 -1.945368 0.394301
 133.800000 0.768184 -1.916749 2.458524
 134.000000 0.764911 -1.974462 3.720346
 134.200000 0.690977 -1.911811 0.058004
 134.400000 0.656343 -1.881803 1.597389
 134.600000 0.722553 -1.951759 0.806888
 134.800000 0.757032 -1.930284 1.788958
 135.000000 0.712679 -1.916017 0.113199
 135.200000 0.606975 -1.969922 5.407752
 135.400000 0.751474 -1.939235 1.610369
 135.600000 0.748490 -1.874279 2.306888
 135.800000 0.747619 -1.934027 1.324818
 136.000000 0.744672 -1.912162 1.112651
 136.200000 0.753263 -1.835714 5.060170
 136.400000 0.746765 -1.856965 3.160614
 136.600000 0.746589 -1.895078 1.481196
 136.800000 0.816039 -1.959385 7.732104
 137.000000 0.718908 -1.851447 2.556161
 137.200000 0.676244 -1.905988 0.335780
 137.400000 0.751637 -1.886754 1.979469
 137.600000 0.783123 -2.019060 8.531927
 137.800000 0.785900 -1.822618 8.579838
 138.000000 0.714655 -1.900080 0.332177
 138.200000 0.789962 -1.881531 4.951066
 138.400000 0.727095 -1.937275 0.571039
 138.600000 0.810596 -1.851563 8.656561
 138.800000 0.821102 -1.951411 8.058569
 139.000000 0.712955 -1.869306 1.387847
 139.200000 0.778715 -1.931458 3.314052
 139.400000 0.759948 -1.921415 1.911829
 139.600000 0.695292 -1.839381 3.242646
 139.800000 0.734511 -1.952192 1.184340
 140.000000 0.811619 -1.988980 8.828362
 140.200000 0.628656 -1.956183 3.073054
 140.400000 0.660853 -1.859744 2.501960
 140.600000 0.687743 -1.865380 1.538109
 140.800000 0.714877 -1.970105 1.402385
 141.000000 0.761779 -1.937093 2.173944
 141.200000 0.672162 -1.896448 0.611343
 141.400000 0.736890 -1.898731 0.974357
 141.600000 0.744111 -1.843296 3.988245
 141.800000 0.649926 -1.955556 1.798902
 142.000000 0.724820 -1.960303 1.173872
 142.200000 0.771973 -1.897485 2.976668
 142.400000 0.626431 -1.923119 2.575801
 142.600000 0.781401 -1.877940 4.345632
 142.800000 0.708675 -1.988273 2.395605
 143.000000 0.663557 -1.894607 0.916609
 143.200000 0.786834 -1.926833 3.958319
 143.400000 0.797351 -1.940180 5.128608
 143.600000 0.705258 -1.899189 0.239085
 143.800000 0.645265 -1.840928 4.512730
 144.000000 0.761391 -1.996019 4.900821
 144.200000 0.864053 -1.896175 14.045529
 144.400000 0.735655 -1.948497 1.113999
 144.600000 0.711068 -1.900778 0.265778
 144.800000 0.632032 -1.961230 3.040272
 145.000000 0.729898 -1.882325 1.209057
 145.200000 0.724117 -1.974473 1.828798
 145.400000 0.729787 -1.956965 1.189334
 145.600000 0.631510 -1.914460 2.233838
 145.800000 0.619822 -1.863526 4.653056
 146.000000 0.696896 -1.905666 0.101534
 146.200000 0.721094 -2.010941 4.411285
 146.400000 0.692105 -1.986929 2.267127
 146.600000 0.575444 -1.903144 7.665854
 146.800000 0.687792 -1.883163 0.726863
 147.000000 0.747184 -1.901159 1.377956
 147.200000 0.784322 -1.942698 3.975121
 147.400000 0.753304 -2.011971 5.763959
 147.600000 0.647163 -1.896511 1.571525
 147.800000 0.653014 -1.852399 3.293413
 148.000000 0.800224 -1.947034 5.580536
 148.200000 0.773463 -1.972827 4.240027
 148.400000 0.626281 -1.887027 3.120321
 148.600000 0.667040 -1.927169 0.510049
 148.800000 0.754311 -1.968196 2.746156
 149.000000 0.668952 -1.861398 2.134756
 149.200000 0.711279 -1.914761 0.099437
 149.400000 0.794108 -1.921200 4.606665
 149.600000 0.719580 -1.917946 0.231853
 149.800000 0.762288 -1.905493 2.161269
 150.000000 0.792886 -1.940288 4.697797
 150.200000 0.623390 -1.874555 3.819549
 150.400000 0.757989 -1.918686 1.792157
 150.600000 0.696740 -1.970007 1.258202
 150.800000 0.735310 -1.870588 1.905095
 151.000000 0.718103 -1.933045 0.286317
 151.200000 0.661136 -1.887139 1.219728
 151.400000 0.732924 -1.928980 0.646832
 151.600000 0.725986 -1.921333 0.389016
 151.800000 0.730632 -1.887518 1.051223
 152.000000 0.673217 -1.880947 1.067574
 152.200000 0.751068 -1.947800 1.791396
 152.400000 0.735562 -1.831223 4.628927
 152.600000 0.721625 -1.941028 0.499961
 152.800000 0.837487 -1.930275 9.764194
 153.000000 0.730575 -1.911139 0.564340
 153.200000 0.692674 -1.885860 0.592972
 153.400000 0.744602 -1.868453 2.401211
 153.600000 0.760790 -1.911255 2.000059
 153.800000 0.730253 -1.880741 1.281126
 154.000000 0.679702 -1.934684 0.279664
 154.200000 0.741852 -1.858219 2.855675
 154.400000 0.724741 -1.926088 0.373409
 154.600000 0.797352 -1.974961 6.440274
 154.800000 0.561952 -1.901495 9.441109
 155.000000 0.688052 -1.896452 0.324819
 155.200000 0.738472 -1.922236 0.816501
 155.400000 0.706018 -1.906192 0.124531
 155.600000 0.684630 -1.943048 0.359933
 155.800000 0.717778 -1.858824 2.055817
 156.000000 0.674882 -1.928672 0.309093
 156.200000 0.725920 -1.977046 2.021113
 156.400000 0.680955 -1.879681 0.954790
 156.600000 0.700459 -1.991523 2.570353
 156.800000 0.768323 -1.860302 4.237155
 157.000000 0.691125 -2.027361 5.802534
 157.200000 0.698398 -1.863015 1.615858
 157.400000 0.704846 -1.995090 2.852186
 157.600000 0.711321 -1.970889 1.388851
 157.800000 0.715275 -1.874147 1.191871
 158.000000 0.609739 -1.883055 4.584057
 158.200000 0.696587 -1.942224 0.251223
 158.400000 0.698245 -1.900249 0.192339
 158.600000 0.737157 -2.030845 6.920062
 158.800000 0.655496 -1.856127 2.939957
 159.000000 0.665170 -2.009309 4.543606
 159.200000 0.640309 -1.864836 3.185656
 159.400000 0.698548 -1.962663 0.916062
 159.600000 0.698165 -1.964047 0.976161
 159.800000 0.702366 -1.999402 3.172245
 160.000000 0.719524 -2.001610 3.570196
 160.200000 0.663761 -1.908638 0.653672
 160.400000 0.727184 -1.923886 0.430128
 160.600000 0.718440 -2.021759 5.397658
 160.800000 0.744406 -1.956312 1.734929
 161.000000 0.716686 -2.010750 4.302412
 161.200000 0.747831 -1.940174 1.441293
 161.400000 0.683808 -1.983933 2.155116
 161.600000 0.614314 -1.891122 3.925675
 161.800000 0.670666 -2.006864 4.161871
 162.000000 0.702370 -1.964100 0.987488
 162.200000 0.729737 -1.922389 0.502649
 162.400000 0.784231 -1.941086 3.931776
 162.600000 0.621606 -1.863084 4.539995
 162.800000 0.731138 -1.932678 0.626820
 163.000000 0.776006 -1.945471 3.360077
 163.200000 0.666769 -1.874076 1.539987
 163.400000 0.737146 -1.901360 0.932222
 163.600000 0.761189 -1.897698 2.233740
 163.800000 0.718077 -1.837400 3.598948
 164.000000 0.682558 -1.904754 0.235395
 164.200000 0.832591 -1.933112 9.127398
 164.400000 0.714751 -1.896437 0.412469
 164.600000 0.710807 -1.885860 0.658396
 164.800000 0.756631 -1.907738 1.784580
 165.000000 0.646822 -1.934390 1.421887
 165.200000 0.787667 -1.839048 7.273780
 165.400000 0.789686 -1.920264 4.191185
 165.600000 0.727232 -1.861584 2.121597
 165.800000 0.713355 -1.831305 4.037064
 166.000000 0.739742 -1.847163 3.508319
 166.200000 0.766271 -1.896632 2.591289
 166.400000 0.809635 -1.903857 6.344617
 166.600000 0.752077 -1.899946 1.653360
 166.800000 0.692005 -1.951512 0.519638
 167.000000 0.611072 -1.845735 6.537107
 167.200000 0.773840 -1.951231 3.357845
 167.400000 0.768363 -1.890002 2.912060
 167.600000 0.773596 -1.881236 3.593462
 167.800000 0.770679 -1.839479 5.862285
 168.000000 0.673115 -1.946745 0.674255
 168.200000 0.824636 -1.872149 9.140007
 168.400000 0.715845 -1.933203 0.245873
 168.600000 0.748237 -1.939442 1.446940
 168.800000 0.704251 -1.859026 1.869242
 169.000000 0.652024 -1.884646 1.683052
 169.200000 0.873128 -1.901208 15.485854
 169.400000 0.700775 -1.856129 2.034466
 169.600000 0.682948 -1.871237 1.297456
 169.800000 0.779729 -1.938963 3.511521
 170.000000 0.731697 -1.893262 0.917094
 170.200000 0.773212 -2.022470 8.082693
 170.400000 0.780796 -1.980082 5.229891
 170.600000 0.686900 -1.839089 3.325238
 170.800000 0.674376 -1.987671 2.581200
 171.000000 0.793289 -1.911481 4.562555
 171.200000 0.765772 -1.950185 2.747305
 171.400000 0.702985 -1.911098 0.050182
 171.600000 0.750345 -1.893952 1.698797
 171.800000 0.701872 -1.980645 1.854264
 172.000000 0.655167 -1.918214 0.924332
 172.200000 0.760241 -1.884700 2.546992
 172.400000 0.767950 -1.907527 2.513373
 172.600000 0.747061 -1.885513 1.786934
 172.800000 0.751592 -1.868598 2.742981
 173.000000 0.729892 -1.898001 0.743305
 173.200000 0.751009 -1.854276 3.548745
 173.400000 0.750874 -1.894954 1.701078
 173.600000 0.778691 -1.904353 3.365177
 173.800000 0.769488 -1.891197 2.956732
 174.000000 0.759697 -1.955736 2.538619
 174.200000 0.671402 -1.799140 7.644192
 174.400000 0.736924 -1.815052 6.244986
 174.600000 0.773975 -1.930968 2.937755
 174.800000 0.701259 -1.840450 3.158077
 175.000000 0.742688 -1.904704 1.107532
 175.200000 0.818943 -1.870754 8.503556
 175.400000 0.738820 -1.894746 1.143200
 175.600000 0.720271 -1.898055 0.482868
 175.800000 0.752245 -1.940078 1.668450
 176.000000 0.664923 -1.946641 0.909953
 176.200000 0.737747 -1.879500 1.599237
 176.400000 0.699004 -1.833903 3.694857
 176.600000 0.716854 -1.921289 0.176278
 176.800000 0.764481 -1.951917 2.714914
 177.000000 0.683113 -1.900723 0.295939
 177.200000 0.711114 -1.941153 0.310918
 177.400000 0.738680 -2.008090 4.714111
 177.600000 0.723849 -2.034729 6.927845
 177.800000 0.683012 -1.969549 1.348685
 178.000000 0.724538 -1.995816 3.233116
 178.200000 0.633779 -1.884871 2.682821
 178.400000 0.692026 -1.922502 0.022127
 178.600000 0.822104 -1.983458 9.706790
 178.800000 0.783063 -1.957416 4.311822
 179.000000 0.697867 -1.902553 0.149841
 179.200000 0.700299 -1.904172 0.125445
 179.400000 0.705899 -1.977084 1.667336
 179.600000 0.723665 -1.914239 0.341779
 179.800000 0.719792 -1.790856 8.555918
 180.000000 0.804312 -1.923577 5.644061
 180.200000 0.768342 -1.885532 3.054063
 180.400000 0.775180 -1.941622 3.204970
 180.600000 0.713960 -1.858911 1.982780
 180.800000 0.779968 -1.932484 3.428264
 181.000000 0.687083 -1.888294 0.559312
 181.200000 0.743933 -1.865370 2.533595
 181.400000 0.686132 -1.841594 3.134968
 181.600000 0.819621 -1.904802 7.493243
 181.800000 0.831046 -1.933595 8.927415
 182.000000 0.786272 -1.845397 6.656863
 182.200000 0.732746 -1.831713 4.484210
 182.400000 0.627786 -1.778557 12.457885
 182.600000 0.691039 -1.891562 0.425609
 182.800000 0.838621 -1.881992 10.585663
 183.000000 0.717963 -1.925125 0.210485
 183.200000 0.737524 -1.878002 1.652030
 183.400000 0.766190 -1.858104 4.223012
 183.600000 0.687961 -1.870807 1.254932
 183.800000 0.824542 -1.902598 8.138860
 184.000000 0.691789 -1.955080 0.640263
 184.200000 0.752365 -1.866952 2.870372
 184.400000 0.758750 -1.945529 2.166670
 184.600000 0.727630 -1.893593 0.780115
 184.800000 0.704151 -1.936768 0.161028
 185.000000 0.674359 -1.967009 1.393985
 185.200000 0.636751 -1.905803 1.982601
 185.400000 0.804614 -1.993981 8.416018
 185.600000 0.837691 -1.917304 9.741636
 185.800000 0.757189 -1.964612 2.745166
 186.000000 0.699489 -1.959975 0.805440
 186.200000 0.621294 -2.002420 6.359877
 186.400000 0.677030 -1.958870 0.983454
 186.600000 0.732081 -1.963337 1.521333
 186.800000 0.695403 -2.043964 7.704314
 187.000000 0.694041 -1.876074 0.967090
 187.200000 0.701501 -1.967341 1.132791
 187.400000 0.666115 -1.975574 2.064401
 187.600000 0.766140 -1.942857 2.576962
 187.800000 0.753353 -2.003112 4.989965
 188.000000 0.720236 -1.937311 0.396527
 188.200000 0.702945 -1.974827 1.522126
 188.400000 0.656383 -1.886253 1.436258
 188.600000 0.744681 -1.952901 1.629202
 188.800000 0.791281 -1.883068 5.015283
 189.000000 0.693626 -1.925177 0.024274
 189.200000 0.718842 -1.921825 0.216378
 189.400000 0.784760 -1.893971 4.087363
 189.600000 0.706129 -1.857185 1.996198
 189.800000 0.773670 -1.828856 6.994053
 190.000000 0.804087 -1.840801 8.738534
 190.200000 0.781700 -1.893106 3.849786
 190.400000 0.744945 -1.818712 6.211421
 190.600000 0.752613 -1.816169 6.860255
 190.800000 0.842199 -1.792038 18.547306
 191.000000 0.722245 -1.843859 3.178976
 191.200000 0.830272 -1.885766 9.311761
 191.400000 0.802231 -1.850124 7.850013
 191.600000 0.720727 -1.845289 3.035893
 191.800000 0.769261 -1.787424 11.299634
 192.000000 0.776954 -1.917602 3.109051
 192.200000 0.739669 -1.816825 6.170981
 192.400000 0.755898 -1.934673 1.778168
 192.600000 0.694622 -1.976865 1.630820
 192.800000 0.810661 -1.872062 7.473839
 193.000000 0.709558 -1.879967 0.861109
 193.200000 0.691605 -1.917186 0.024884
 193.400000 0.738290 -1.868385 2.131316
 193.600000 0.740212 -1.928516 0.922806
 193.800000 0.647506 -1.922930 1.286199
 194.000000 0.694956 -1.904848 0.117749
 194.200000 0.660704 -1.967229 1.822208
 194.400000 0.706177 -1.961223 0.887730
 194.600000 0.676782 -1.945474 0.555891
 194.800000 0.729514 -1.894683 0.809427
 195.000000 0.698794 -2.002463 3.411635
 195.200000 0.748903 -1.986773 3.527421
 195.400000 0.591793 -1.945640 5.986164
 195.600000 0.656365 -1.914082 0.888936
 195.800000 0.683211 -2.028792 6.044134
 196.000000 0.752239 -1.992256 4.084254
 196.200000 0.674865 -1.926866 0.295186
 196.400000 0.658796 -1.936916 0.919076
 196.600000 0.675625 -1.903483 0.387427
 196.800000 0.700064 -1.989007 2.392362
 197.000000 0.680903 -1.876320 1.096380
 197.200000 0.798308 -2.026131 10.664220
 197.400000 0.682628 -1.954510 0.720434
 197.600000 0.633781 -1.956753 2.750960
 197.800000 0.663127 -1.942958 0.879362
 198.000000 0.700664 -1.952776 0.544865
 198.200000 0.789209 -1.956755 4.828064
 198.400000 0.741207 -1.930929 0.988989
 198.600000 0.635412 -1.882834 2.652415
 198.800000 0.660366 -1.926794 0.737162
 199.000000 0.815204 -1.955623 7.492383
 199.200000 0.749023 -1.933288 1.385086
 199.400000 0.677737 -1.914354 0.223140
 199.600000 0.702737 -1.940494 0.223452
 199.800000 0.688374 -1.894259 0.375358
 200.000000 0.735870 -1.846562 3.398556
