#! FIELDS time phi psi restraint.bias
#! SET min_phi -pi
#! SET max_phi pi
#! SET min_psi -pi
#! SET max_psi pi
 0.000000 -1.321417 0.777985 35.157220
 0.200000 -1.499084 0.555131 5.783141
 0.400000 -1.467857 0.523255 2.562909
 0.600000 -1.278326 0.650873 15.054080
 0.800000 -1.329611 0.488344 2.842688
 1.000000 -1.468654 0.590247 4.841170
 1.200000 -1.308005 0.619136 8.458510
 1.400000 -1.386231 0.511819 0.119702
 1.600000 -1.453307 0.412055 7.848018
 1.800000 -1.400625 0.494803 0.424109
 2.000000 -1.392526 0.513526 0.057712
 2.200000 -1.479417 0.567787 4.433550
 2.400000 -1.421324 0.564221 1.139099
 2.600000 -1.342469 0.491400 1.965281
 2.800000 -1.424100 0.517156 0.408184
 3.000000 -1.450380 0.480774 2.381262
 3.200000 -1.376664 0.487912 0.828844
 3.400000 -1.350203 0.496442 1.429516
 3.600000 -1.372186 0.470002 1.726142
 3.800000 -1.367999 0.490013 0.963452
 4.000000 -1.362924 0.536347 0.637014
 4.200000 -1.329080 0.444705 5.368965
 4.400000 -1.494546 0.509987 4.922420
 4.600000 -1.462088 0.569329 3.212067
 4.800000 -1.391055 0.529951 0.033739
 5.000000 -1.363453 0.514053 0.583827
 5.200000 -1.367340 0.468170 1.954459
 5.400000 -1.398073 0.556640 0.547504
 5.600000 -1.376183 0.543791 0.405478
 5.800000 -1.390840 0.615957 4.279748
 6.000000 -1.396849 0.528597 0.012665
 6.200000 -1.378574 0.532025 0.191947
 6.400000 -1.343454 0.555095 1.890405
 6.600000 -1.382076 0.538127 0.206174
 6.800000 -1.359233 0.554390 1.159673
 7.000000 -1.488323 0.535318 4.306149
 7.200000 -1.403737 0.583307 1.810464
 7.400000 -1.309981 0.483300 4.534355
 7.600000 -1.387067 0.448121 2.890746
 7.800000 -1.318552 0.536082 3.097473
 8.000000 -1.359412 0.541062 0.831501
 8.200000 -1.372460 0.541843 0.449718
 8.400000 -1.425706 0.503869 0.628080
 8.600000 -1.422469 0.515843 0.373431
 8.800000 -1.429529 0.533500 0.602321
 9.000000 -1.426846 0.575133 1.795521
 9.200000 -1.413701 0.561540 0.871790
 9.400000 -1.369006 0.514147 0.416155
 9.600000 -1.277620 0.490402 7.589191
 9.800000 -1.395850 0.560916 0.696368
 10.000000 -1.444882 0.660236 10.516774
 10.200000 -1.349314 0.569048 2.134961
 10.400000 -1.436371 0.538881 0.921091
 10.600000 -1.398195 0.522219 0.002817
 10.800000 -1.363839 0.530640 0.550471
 11.000000 -1.396551 0.586372 1.970305
 11.200000 -1.414710 0.629209 5.746900
 11.400000 -1.394695 0.591568 2.311119
 11.600000 -1.390058 0.518977 0.029932
 11.800000 -1.456741 0.488854 2.432348
 12.000000 -1.360558 0.510470 0.723634
 12.200000 -1.389201 0.576674 1.433435
 12.400000 -1.394494 0.508094 0.121768
 12.600000 -1.303365 0.520156 4.320990
 12.800000 -1.261593 0.466269 10.711390
 13.000000 -1.435619 0.450933 3.414624
 13.200000 -1.243429 0.479565 12.648603
 13.400000 -1.341241 0.561044 2.214818
 13.600000 -1.379519 0.503354 0.345123
 13.800000 -1.348706 0.560044 1.794982
 14.000000 -1.425203 0.461675 2.336040
 14.200000 -1.256633 0.550697 10.115483
 14.400000 -1.338074 0.585536 3.611120
 14.600000 -1.510616 0.521796 6.539927
 14.800000 -1.337693 0.550955 2.089400
 15.000000 -1.274588 0.464794 9.131494
 15.200000 -1.382894 0.399828 7.749022
 15.400000 -1.362221 0.477132 1.659033
 15.600000 -1.338412 0.453036 4.162958
 15.800000 -1.378195 0.564815 1.012626
 16.000000 -1.446819 0.498789 1.585693
 16.200000 -1.424151 0.539956 0.522627
 16.400000 -1.389066 0.591025 2.299065
 16.600000 -1.405499 0.475312 1.208467
 16.800000 -1.384703 0.519542 0.075050
 17.000000 -1.367716 0.692304 14.638160
 17.200000 -1.447263 0.531699 1.333272
 17.400000 -1.407768 0.470312 1.485941
 17.600000 -1.363879 0.453154 3.005604
 17.800000 -1.379874 0.532649 0.175254
 18.000000 -1.346564 0.534663 1.296239
 18.200000 -1.336209 0.514893 1.841165
 18.400000 -1.343778 0.464319 3.134387
 18.600000 -1.368501 0.466961 1.989279
 18.800000 -1.415152 0.499440 0.470216
 19.000000 -1.408944 0.524551 0.080856
 19.200000 -1.418564 0.510550 0.333798
 19.400000 -1.405924 0.595023 2.597378
 19.600000 -1.317580 0.599535 5.978703
 19.800000 -1.408266 0.472369 1.384258
 20.000000 -1.379543 0.533664 0.190440
 20.200000 -1.336781 0.509618 1.866831
 20.400000 -1.460164 0.512741 2.100598
 20.600000 -1.328084 0.554938 2.815251
 20.800000 -1.422052 0.581655 2.017815
 21.000000 -1.435048 0.561170 1.457898
 21.200000 -1.358342 0.642623 7.802359
 21.400000 -1.432656 0.584037 2.488633
 21.600000 -1.417857 0.509454 0.333183
 21.800000 -1.365482 0.587600 2.521826
 22.000000 -1.438100 0.577021 2.302089
 22.200000 -1.467286 0.528580 2.534507
 22.400000 -1.351784 0.550945 1.363132
 22.600000 -1.370000 0.490771 0.883723
 22.800000 -1.372738 0.541528 0.437440
 23.000000 -1.369275 0.510846 0.445508
 23.200000 -1.335238 0.514925 1.899650
 23.400000 -1.273524 0.466226 9.178286
 23.600000 -1.453764 0.522573 1.653687
 23.800000 -1.385971 0.493698 0.499993
 24.000000 -1.363781 0.416950 6.214485
 24.200000 -1.331393 0.461967 4.003359
 24.400000 -1.309086 0.535798 3.874378
 24.600000 -1.422316 0.493030 0.806597
 24.800000 -1.426187 0.569612 1.506325
 25.000000 -1.445554 0.586997 3.224422
 25.200000 -1.385188 0.483650 0.859282
 25.400000 -1.405022 0.635848 6.338265
 25.600000 -1.426125 0.611660 4.323204
 25.800000 -1.461580 0.605668 5.500790
 26.000000 -1.404115 0.608252 3.613869
 26.200000 -1.501156 0.651765 13.714468
 26.400000 -1.443897 0.628840 6.672367
 26.600000 -1.394462 0.598269 2.789461
 26.800000 -1.341679 0.532305 1.527637
 27.000000 -1.336868 0.598756 4.588251
 27.200000 -1.388745 0.559243 0.663501
 27.400000 -1.322955 0.550758 3.055887
 27.600000 -1.283434 0.504106 6.555269
 27.800000 -1.370173 0.528713 0.353423
 28.000000 -1.346937 0.612681 5.184366
 28.200000 -1.386239 0.533545 0.099702
 28.400000 -1.367868 0.495521 0.797306
 28.600000 -1.361354 0.533272 0.656100
 28.800000 -1.428089 0.514553 0.547361
 29.000000 -1.400220 0.540784 0.155498
 29.200000 -1.319658 0.607169 6.426220
 29.400000 -1.404930 0.513450 0.089056
 29.600000 -1.376340 0.474891 1.384721
 29.800000 -1.315931 0.522567 3.227147
 30.000000 -1.453851 0.481100 2.561227
 30.200000 -1.434341 0.524426 0.725280
 30.400000 -1.310719 0.590317 5.884565
 30.600000 -1.413649 0.489144 0.744704
 30.800000 -1.355724 0.617284 5.210205
 31.000000 -1.443986 0.625354 6.315747
 31.200000 -1.465447 0.499267 2.689174
 31.400000 -1.348202 0.534392 1.213186
 31.600000 -1.374964 0.572153 1.405574
 31.800000 -1.414103 0.588186 2.244911
 32.000000 -1.379448 0.567676 1.112793
 32.200000 -1.364673 0.563944 1.312851
 32.400000 -1.373573 0.487767 0.899358
 32.600000 -1.380403 0.499656 0.412399
 32.800000 -1.295279 0.526265 5.102504
 33.000000 -1.325784 0.556313 3.018789
 33.200000 -1.358071 0.523182 0.729424
 33.400000 -1.395645 0.535747 0.073977
 33.600000 -1.371842 0.463093 2.128644
 33.800000 -1.381167 0.545377 0.351097
 34.000000 -1.391416 0.566105 0.915149
 34.200000 -1.403898 0.570439 1.126139
 34.400000 -1.419922 0.569810 1.347629
 34.600000 -1.404524 0.509417 0.134680
 34.800000 -1.456416 0.552937 2.239521
 35.000000 -1.467583 0.557668 3.123612
 35.200000 -1.416213 0.596905 2.885868
 35.400000 -1.401788 0.532435 0.054300
 35.600000 -1.354486 0.596912 3.560086
 35.800000 -1.346548 0.510358 1.323470
 36.000000 -1.359574 0.504958 0.846819
 36.200000 -1.348302 0.639333 7.847319
 36.400000 -1.360362 0.621276 5.414908
 36.600000 -1.416362 0.476478 1.312166
 36.800000 -1.353275 0.520401 0.929116
 37.000000 -1.299090 0.475219 5.891630
 37.200000 -1.394072 0.475583 1.155159
 37.400000 -1.393765 0.566602 0.927758
 37.600000 -1.300027 0.556473 5.171063
 37.800000 -1.319713 0.449835 5.650466
 38.000000 -1.380878 0.501725 0.357589
 38.200000 -1.403894 0.480458 0.959679
 38.400000 -1.387963 0.442137 3.352418
 38.600000 -1.358624 0.483070 1.529644
 38.800000 -1.454812 0.609682 5.419108
 39.000000 -1.357170 0.554626 1.245506
 39.200000 -1.406501 0.459390 2.113773
 39.400000 -1.347055 0.486570 1.896281
 39.600000 -1.383020 0.477806 1.136193
 39.800000 -1.340338 0.561360 2.276761
 40.000000 -1.410367 0.558968 0.724943
 40.200000 -1.426010 0.555012 0.935839
 40.400000 -1.367264 0.542592 0.600844
 40.600000 -1.417134 0.499552 0.506908
 40.800000 -1.451549 0.582917 3.287535
 41.000000 -1.311559 0.631485 9.407073
 41.200000 -1.398355 0.554590 0.482428
 41.400000 -1.451584 0.596750 4.205748
 41.600000 -1.384720 0.483983 0.851323
 41.800000 -1.366945 0.576571 1.832805
 42.000000 -1.425838 0.609037 4.087203
 42.200000 -1.400105 0.585343 1.913545
 42.400000 -1.354286 0.533320 0.928289
 42.600000 -1.414685 0.564599 1.010177
 42.800000 -1.421625 0.470382 1.737582
 43.000000 -1.450443 0.497134 1.817892
 43.200000 -1.430288 0.542027 0.748628
 43.400000 -1.420215 0.579473 1.847797
 43.600000 -1.412508 0.595423 2.711282
 43.800000 -1.427780 0.476069 1.626156
 44.000000 -1.406704 0.376527 10.869580
 44.200000 -1.359311 0.482254 1.537451
 44.400000 -1.299181 0.485051 5.455502
 44.600000 -1.367401 0.515280 0.451126
 44.800000 -1.388000 0.518627 0.046504
 45.000000 -1.376544 0.599627 3.084557
 45.200000 -1.357948 0.437322 4.455892
 45.400000 -1.375468 0.445597 3.258345
 45.600000 -1.353326 0.538149 1.027687
 45.800000 -1.418604 0.460346 2.249977
 46.000000 -1.379079 0.524528 0.148091
 46.200000 -1.364702 0.553701 0.951124
 46.400000 -1.445161 0.504855 1.371151
 46.600000 -1.367906 0.602491 3.514046
 46.800000 -1.361604 0.614914 4.769858
 47.000000 -1.439464 0.526490 0.937342
 47.200000 -1.415404 0.727030 20.875344
 47.400000 -1.387319 0.621163 4.799348
 47.600000 -1.425849 0.439170 4.001711
 47.800000 -1.343614 0.599419 4.260363
 48.000000 -1.413395 0.679781 12.343210
 48.200000 -1.465378 0.497405 2.731469
 48.400000 -1.332266 0.526399 2.051783
 48.600000 -1.309731 0.544784 3.968318
 48.800000 -1.294459 0.477948 6.224043
 49.000000 -1.419521 0.584126 2.102257
 49.200000 -1.396639 0.555889 0.521400
 49.400000 -1.370309 0.434027 4.348351
 49.600000 -1.342116 0.429822 5.863050
 49.800000 -1.375157 0.447230 3.138843
 50.000000 -1.321378 0.431566 7.038906
 50.200000 -1.388428 0.452613 2.550216
 50.400000 -1.460314 0.395927 10.201279
 50.600000 -1.393469 0.493034 0.471016
 50.800000 -1.398481 0.523132 0.002567
 51.000000 -1.504967 0.509247 6.011240
 51.200000 -1.387715 0.550935 0.410168
 51.400000 -1.376199 0.551935 0.602760
 51.600000 -1.439569 0.540604 1.082288
 51.800000 -1.328342 0.482497 3.151328
 52.000000 -1.358244 0.556289 1.257077
 52.200000 -1.295449 0.618478 9.582831
 52.400000 -1.314492 0.579820 4.923709
 52.600000 -1.341105 0.543881 1.726893
 52.800000 -1.382828 0.583774 1.900773
 53.000000 -1.347746 0.564954 2.032110
 53.200000 -1.380428 0.586320 2.092328
 53.400000 -1.430865 0.579535 2.163077
 53.600000 -1.343410 0.567592 2.364490
 53.800000 -1.431753 0.589685 2.813407
 54.000000 -1.432948 0.459174 2.748180
 54.200000 -1.488140 0.507840 4.344781
 54.400000 -1.437672 0.504923 1.031744
 54.600000 -1.415234 0.508384 0.295676
 54.800000 -1.471047 0.493622 3.245583
 55.000000 -1.458990 0.417834 7.560397
 55.200000 -1.399613 0.453386 2.470544
 55.400000 -1.414585 0.485247 0.903252
 55.600000 -1.373773 0.454329 2.652044
 55.800000 -1.334509 0.478884 2.906477
 56.000000 -1.385377 0.539178 0.180607
 56.200000 -1.436468 0.511892 0.876734
 56.400000 -1.350865 0.542954 1.217819
 56.600000 -1.368259 0.517245 0.412323
 56.800000 -1.345919 0.509651 1.364576
 57.000000 -1.306212 0.554457 4.530737
 57.200000 -1.409703 0.510428 0.177048
 57.400000 -1.339893 0.577325 3.032105
 57.600000 -1.332161 0.544188 2.266517
 57.800000 -1.338361 0.578768 3.198128
 58.000000 -1.383028 0.586992 2.096960
 58.200000 -1.346367 0.586397 3.216615
 58.400000 -1.343020 0.576400 2.811422
 58.600000 -1.299272 0.463931 6.483713
 58.800000 -1.350110 0.500197 1.338910
 59.000000 -1.377578 0.603636 3.377533
 59.200000 -1.399361 0.552180 0.413249
 59.400000 -1.401055 0.559041 0.639559
 59.600000 -1.403477 0.549738 0.367640
 59.800000 -1.466526 0.458042 4.617277
 60.000000 -1.414841 0.556883 0.726468
 60.200000 -1.394887 0.549331 0.332030
 60.400000 -1.476875 0.546288 3.506507
 60.600000 -1.377485 0.622501 5.067179
 60.800000 -1.391524 0.499189 0.309158
 61.000000 -1.327363 0.554627 2.855003
 61.200000 -1.353315 0.563960 1.736799
 61.400000 -1.416586 0.526252 0.210023
 61.600000 -1.334963 0.592660 4.263605
 61.800000 -1.439650 0.510883 1.022065
 62.000000 -1.432680 0.509660 0.760224
 62.200000 -1.369877 0.608628 3.963118
 62.400000 -1.414154 0.545645 0.403060
 62.600000 -1.403774 0.555832 0.547687
 62.800000 -1.331157 0.559281 2.756048
 63.000000 -1.414429 0.525890 0.167627
 63.200000 -1.396110 0.483876 0.788968
 63.400000 -1.426116 0.550843 0.816718
 63.600000 -1.333306 0.503341 2.186987
 63.800000 -1.373282 0.528713 0.277157
 64.000000 -1.337486 0.519186 1.737117
 64.200000 -1.370069 0.491486 0.858691
 64.400000 -1.435258 0.527640 0.768468
 64.600000 -1.319923 0.510732 2.996715
 64.800000 -1.325245 0.522575 2.522346
 65.000000 -1.397283 0.459863 2.031655
 65.200000 -1.361518 0.530934 0.630534
 65.400000 -1.343741 0.526579 1.383754
 65.600000 -1.471736 0.464222 4.610882
 65.800000 -1.410289 0.552925 0.528361
 66.000000 -1.379837 0.532059 0.170690
 66.200000 -1.434820 0.555889 1.264627
 66.400000 -1.388049 0.557442 0.606428
 66.600000 -1.428128 0.546649 0.773346
 66.800000 -1.397902 0.579316 1.553558
 67.000000 -1.384960 0.589773 2.253431
 67.200000 -1.389523 0.591868 2.353026
 67.400000 -1.293240 0.670176 16.049355
 67.600000 -1.360189 0.522543 0.651237
 67.800000 -1.447355 0.521841 1.306737
 68.000000 -1.361985 0.550870 0.959363
 68.200000 -1.354386 0.499371 1.170345
 68.400000 -1.367847 0.503444 0.606853
 68.600000 -1.386492 0.564766 0.895118
 68.800000 -1.397720 0.574453 1.294134
 69.000000 -1.415199 0.497855 0.510643
 69.200000 -1.397837 0.476796 1.096482
 69.400000 -1.415882 0.479614 1.159771
 69.600000 -1.381769 0.505730 0.264681
 69.800000 -1.393980 0.548984 0.324812
 70.000000 -1.391170 0.502279 0.240236
 70.200000 -1.372868 0.558244 0.873819
 70.400000 -1.458021 0.574159 3.185218
 70.600000 -1.416800 0.535433 0.280891
 70.800000 -1.392596 0.484070 0.787971
 71.000000 -1.375671 0.503864 0.406751
 71.200000 -1.440671 0.518483 0.999105
 71.400000 -1.389302 0.576772 1.437922
 71.600000 -1.403409 0.533423 0.073789
 71.800000 -1.396298 0.552514 0.418033
 72.000000 -1.402010 0.562979 0.791908
 72.200000 -1.457016 0.487155 2.509495
 72.400000 -1.427413 0.604010 3.718138
 72.600000 -1.425592 0.697061 15.474639
 72.800000 -1.460214 0.491693 2.553812
 73.000000 -1.365881 0.486270 1.158280
 73.200000 -1.366025 0.551709 0.852265
 73.400000 -1.444734 0.550862 1.546337
 73.600000 -1.395940 0.519420 0.008784
 73.800000 -1.285738 0.535716 6.181393
 74.000000 -1.356499 0.499197 1.088343
 74.200000 -1.467945 0.497255 2.916141
 74.400000 -1.450938 0.489525 2.075180
 74.600000 -1.380433 0.505093 0.296534
 74.800000 -1.332437 0.448823 4.832663
 75.000000 -1.473054 0.549673 3.288323
 75.200000 -1.394070 0.508614 0.114678
 75.400000 -1.384065 0.490149 0.633834
 75.600000 -1.346425 0.500598 1.506453
 75.800000 -1.459367 0.569932 3.064392
 76.000000 -1.382094 0.561755 0.828328
 76.200000 -1.458813 0.578612 3.469468
 76.400000 -1.439856 0.549637 1.289158
 76.600000 -1.406693 0.548932 0.375266
 76.800000 -1.327380 0.535206 2.439793
 77.000000 -1.369255 0.672746 11.487186
 77.200000 -1.426190 0.576441 1.843946
 77.400000 -1.336946 0.619360 6.344357
 77.600000 -1.372334 0.532671 0.327471
 77.800000 -1.405827 0.475911 1.182794
 78.000000 -1.341853 0.541828 1.646389
 78.200000 -1.347255 0.507465 1.331036
 78.400000 -1.412239 0.532430 0.166604
 78.600000 -1.306850 0.516052 4.025826
 78.800000 -1.433986 0.473371 1.972912
 79.000000 -1.399270 0.518229 0.018938
 79.200000 -1.422580 0.445462 3.398973
 79.400000 -1.456137 0.475730 2.938115
 79.600000 -1.364513 0.543493 0.701920
 79.800000 -1.426055 0.496292 0.816595
 80.000000 -1.434590 0.479945 1.687286
 80.200000 -1.399492 0.509126 0.109948
 80.400000 -1.510235 0.429129 10.957052
 80.600000 -1.438181 0.508683 0.989802
 80.800000 -1.399964 0.478159 1.039220
 81.000000 -1.473346 0.434976 6.897886
 81.200000 -1.384925 0.487458 0.717364
 81.400000 -1.370740 0.516650 0.349878
 81.600000 -1.414287 0.501381 0.409228
 81.800000 -1.405079 0.502105 0.269837
 82.000000 -1.425789 0.435917 4.279927
 82.200000 -1.350380 0.441167 4.450155
 82.400000 -1.409327 0.477793 1.134420
 82.600000 -1.390816 0.577382 1.461152
 82.800000 -1.286006 0.517105 6.099461
 83.000000 -1.376215 0.556777 0.751352
 83.200000 -1.437156 0.573084 2.060512
 83.400000 -1.290749 0.567844 6.545480
 83.600000 -1.321263 0.549879 3.157897
 83.800000 -1.367002 0.627285 5.803585
 84.000000 -1.412090 0.567591 1.092879
 84.200000 -1.360095 0.561851 1.385706
 84.400000 -1.398059 0.549675 0.341599
 84.600000 -1.387234 0.567226 0.992417
 84.800000 -1.437222 0.434575 4.801435
 85.000000 -1.442996 0.535348 1.161001
 85.200000 -1.449295 0.628801 6.939933
 85.400000 -1.368807 0.545428 0.615174
 85.600000 -1.436704 0.503017 1.029530
 85.800000 -1.331108 0.578579 3.634041
 86.000000 -1.369732 0.516180 0.379484
 86.200000 -1.375786 0.516588 0.234250
 86.400000 -1.373188 0.505270 0.434224
 86.600000 -1.363321 0.514888 0.580530
 86.800000 -1.364900 0.523950 0.491887
 87.000000 -1.367956 0.508911 0.508529
 87.200000 -1.425093 0.547467 0.700399
 87.400000 -1.439270 0.518574 0.937427
 87.600000 -1.427341 0.556616 1.027972
 87.800000 -1.449336 0.468764 2.911781
 88.000000 -1.395805 0.537198 0.092568
 88.200000 -1.335738 0.663858 11.667936
 88.400000 -1.429527 0.471587 1.905833
 88.600000 -1.448420 0.528594 1.372625
 88.800000 -1.320107 0.576258 4.286401
 89.000000 -1.457742 0.521761 1.891508
 89.200000 -1.375627 0.601490 3.246460
 89.400000 -1.427052 0.585077 2.363742
 89.600000 -1.401170 0.512755 0.070832
 89.800000 -1.476980 0.450990 5.893619
 90.000000 -1.453934 0.492247 2.154413
 90.200000 -1.449612 0.534845 1.486254
 90.400000 -1.469799 0.594649 5.227860
 90.600000 -1.407115 0.513972 0.105221
 90.800000 -1.367830 0.500363 0.674167
 91.000000 -1.365002 0.509552 0.587291
 91.200000 -1.331537 0.564200 2.919017
 91.400000 -1.319931 0.521885 2.914805
 91.600000 -1.351973 0.563277 1.767985
 91.800000 -1.340056 0.579872 3.162987
 92.000000 -1.432306 0.498656 0.960611
 92.200000 -1.328121 0.473334 3.584943
 92.400000 -1.433274 0.540252 0.823572
 92.600000 -1.352310 0.556537 1.508410
 92.800000 -1.410336 0.561919 0.833224
 93.000000 -1.414672 0.543427 0.366014
 93.200000 -1.455102 0.478293 2.757293
 93.400000 -1.390635 0.542029 0.185674
 93.600000 -1.434150 0.542596 0.898149
 93.800000 -1.417808 0.495623 0.623412
 94.000000 -1.320630 0.541020 3.011970
 94.200000 -1.386940 0.471003 1.426641
 94.400000 -1.472096 0.589198 5.026932
 94.600000 -1.410807 0.534407 0.164172
 94.800000 -1.408633 0.439898 3.579403
 95.000000 -1.479820 0.543919 3.697259
 95.200000 -1.408443 0.541576 0.235767
 95.400000 -1.423250 0.507332 0.496428
 95.600000 -1.386073 0.558158 0.649100
 95.800000 -1.407684 0.559563 0.711929
 96.000000 -1.409202 0.551054 0.460583
 96.200000 -1.397817 0.553783 0.456755
 96.400000 -1.366050 0.578139 1.943759
 96.600000 -1.355214 0.530382 0.865511
 96.800000 -1.394033 0.560915 0.698755
 97.000000 -1.394021 0.558600 0.615070
 97.200000 -1.395566 0.609562 3.695103
 97.400000 -1.405614 0.540408 0.184997
 97.600000 -1.382912 0.524116 0.089270
 97.800000 -1.339138 0.543548 1.830657
 98.000000 -1.417133 0.523092 0.217890
 98.200000 -1.457652 0.520397 1.889414
 98.400000 -1.427472 0.606590 3.930766
 98.600000 -1.478643 0.558629 4.006742
 98.800000 -1.457967 0.518759 1.915353
 99.000000 -1.328645 0.471770 3.629223
 99.200000 -1.397009 0.524303 0.000526
 99.400000 -1.438654 0.562870 1.669579
 99.600000 -1.350223 0.532821 1.102393
 99.800000 -1.328222 0.486448 3.004881
 100.000000 -1.403488 0.450351 2.708750
 100.200000 -1.412791 0.506753 0.278458
 100.400000 -1.317991 0.515782 3.093836
 100.600000 -1.304269 0.522956 4.231679
 100.800000 -1.382852 0.586771 2.085314
 101.000000 -1.439906 0.556922 1.507576
 101.200000 -1.324075 0.493978 3.044293
 101.400000 -1.389822 0.550449 0.381226
 101.600000 -1.461937 0.544421 2.373282
 101.800000 -1.318439 0.555265 3.529668
 102.000000 -1.395678 0.556364 0.536960
 102.200000 -1.499134 0.502441 5.514992
 102.400000 -1.366924 0.436682 4.207683
 102.600000 -1.348190 0.560314 1.829537
 102.800000 -1.492514 0.542091 4.803093
 103.000000 -1.356383 0.545299 1.030685
 103.200000 -1.367249 0.472771 1.712659
 103.400000 -1.469471 0.470278 4.101229
 103.600000 -1.499377 0.530684 5.341336
 103.800000 -1.402722 0.585867 1.959549
 104.000000 -1.394309 0.647663 7.697935
 104.200000 -1.352844 0.581147 2.598515
 104.400000 -1.419224 0.649346 8.169730
 104.600000 -1.346209 0.566788 2.185418
 104.800000 -1.347757 0.533294 1.223419
 105.000000 -1.374002 0.553449 0.693319
 105.200000 -1.387180 0.503675 0.239740
 105.400000 -1.399174 0.623379 4.982267
 105.600000 -1.454151 0.631984 7.549140
 105.800000 -1.396773 0.542181 0.172779
 106.000000 -1.375341 0.513802 0.266866
 106.200000 -1.431548 0.560440 1.301147
 106.400000 -1.377586 0.569826 1.242899
 106.600000 -1.298589 0.580584 6.393849
 106.800000 -1.464043 0.506752 2.438922
 107.000000 -1.377172 0.493637 0.631104
 107.200000 -1.394333 0.444752 3.110249
 107.400000 -1.426474 0.575142 1.784704
 107.600000 -1.352952 0.568638 1.952222
 107.800000 -1.369784 0.455807 2.648478
 108.000000 -1.423614 0.458362 2.501946
 108.200000 -1.367827 0.550546 0.767376
 108.400000 -1.379411 0.472943 1.424995
 108.600000 -1.400379 0.497806 0.341111
 108.800000 -1.425956 0.595340 3.014231
 109.000000 -1.392786 0.543487 0.203826
 109.200000 -1.377492 0.513412 0.228063
 109.400000 -1.463768 0.587830 4.341261
 109.600000 -1.408979 0.564386 0.912633
 109.800000 -1.366429 0.514278 0.488469
 110.000000 -1.420735 0.508453 0.414146
 110.200000 -1.375327 0.597934 2.982035
 110.400000 -1.407654 0.496252 0.438795
 110.600000 -1.492063 0.499786 4.872322
 110.800000 -1.373830 0.562142 0.994434
 111.000000 -1.412077 0.544216 0.337570
 111.200000 -1.254857 0.498701 10.307872
 111.400000 -1.329303 0.571786 3.402810
 111.600000 -1.394475 0.477380 1.069681
 111.800000 -1.344466 0.501707 1.581083
 112.000000 -1.384727 0.489681 0.641768
 112.200000 -1.422561 0.512836 0.403691
 112.400000 -1.387297 0.587855 2.104620
 112.600000 -1.363725 0.522508 0.529971
 112.800000 -1.387302 0.469537 1.501501
 113.000000 -1.396686 0.507131 0.135684
 113.200000 -1.416540 0.517216 0.225944
 113.400000 -1.441332 0.611679 4.894654
 113.600000 -1.418242 0.666575 10.462666
 113.800000 -1.411671 0.521787 0.120334
 114.000000 -1.344314 0.475213 2.519929
 114.200000 -1.445726 0.577938 2.699645
 114.400000 -1.339787 0.559102 2.225016
 114.600000 -1.407442 0.537886 0.164552
 114.800000 -1.381420 0.489564 0.689342
 115.000000 -1.433430 0.637002 7.120830
 115.200000 -1.377457 0.581719 1.865844
 115.400000 -1.375816 0.534476 0.268211
 115.600000 -1.400828 0.465107 1.721062
 115.800000 -1.403781 0.514271 0.071768
 116.000000 -1.434082 0.588000 2.788903
 116.200000 -1.449330 0.518654 1.420271
 116.400000 -1.366738 0.456594 2.680706
 116.600000 -1.361831 0.473714 1.837045
 116.800000 -1.418508 0.514473 0.289062
 117.000000 -1.448983 0.605518 4.745069
 117.200000 -1.343624 0.452337 3.924558
 117.400000 -1.410300 0.513355 0.150973
 117.600000 -1.284791 0.488029 6.845607
 117.800000 -1.457697 0.468427 3.408978
 118.000000 -1.424687 0.492037 0.902009
 118.200000 -1.373991 0.562446 1.002578
 118.400000 -1.447613 0.398955 9.086350
 118.600000 -1.384554 0.580176 1.669046
 118.800000 -1.318434 0.619779 7.654011
 119.000000 -1.511862 0.560612 7.366486
 119.200000 -1.411044 0.575424 1.452166
 119.400000 -1.380955 0.644468 7.421865
 119.600000 -1.494949 0.588238 6.958613
 119.800000 -1.436215 0.465088 2.509844
 120.000000 -1.432323 0.539491 0.776423
 120.200000 -1.368990 0.615866 4.628559
 120.400000 -1.424124 0.550849 0.759414
 120.600000 -1.466672 0.456741 4.713633
 120.800000 -1.391772 0.552344 0.423241
 121.000000 -1.425620 0.469722 1.882246
 121.200000 -1.412338 0.540650 0.274568
 121.400000 -1.441750 0.542953 1.221812
 121.600000 -1.313412 0.517351 3.451695
 121.800000 -1.365860 0.477370 1.530713
 122.000000 -1.325381 0.524436 2.512515
 122.200000 -1.333632 0.521393 1.963798
 122.400000 -1.311170 0.539086 3.740342
 122.600000 -1.387408 0.538739 0.153830
 122.800000 -1.358348 0.510362 0.806375
 123.000000 -1.287598 0.533667 5.954808
 123.200000 -1.355603 0.512714 0.885865
 123.400000 -1.468552 0.586817 4.611052
 123.600000 -1.423496 0.554857 0.859330
 123.800000 -1.468468 0.505600 2.768721
 124.000000 -1.484857 0.534081 3.979316
 124.200000 -1.440596 0.559803 1.638083
 124.400000 -1.452701 0.520473 1.597511
 124.600000 -1.414961 0.528641 0.187513
 124.800000 -1.420367 0.524292 0.290725
 125.000000 -1.366283 0.532250 0.486830
 125.200000 -1.444378 0.508701 1.268476
 125.400000 -1.431656 0.510419 0.713184
 125.600000 -1.318939 0.562438 3.743805
 125.800000 -1.354584 0.532404 0.907368
 126.000000 -1.452154 0.594293 4.060665
 126.200000 -1.348856 0.531649 1.156159
 126.400000 -1.404198 0.541327 0.188618
 126.600000 -1.491555 0.464938 6.260769
 126.800000 -1.362108 0.511088 0.661568
 127.000000 -1.362177 0.569240 1.622488
 127.200000 -1.442630 0.597549 3.809262
 127.400000 -1.434851 0.576553 2.146554
 127.600000 -1.365575 0.553453 0.916530
 127.800000 -1.412592 0.562610 0.894259
 128.000000 -1.487219 0.600563 7.098239
 128.200000 -1.429721 0.523950 0.559766
 128.400000 -1.333915 0.567530 2.908664
 128.600000 -1.505584 0.572934 7.192507
 128.800000 -1.385788 0.556091 0.582752
 129.000000 -1.427907 0.497771 0.834184
 129.200000 -1.392140 0.507628 0.136039
 129.400000 -1.399781 0.484092 0.786592
 129.600000 -1.415240 0.505067 0.351769
 129.800000 -1.364210 0.579251 2.062298
 130.000000 -1.335572 0.550720 2.209479
 130.200000 -1.367841 0.462748 2.255315
 130.400000 -1.325183 0.494746 2.942459
 130.600000 -1.321547 0.497268 3.137930
 130.800000 -1.380043 0.498169 0.454893
 131.000000 -1.378732 0.558605 0.766371
 131.200000 -1.387171 0.547411 0.324851
 131.400000 -1.380679 0.497574 0.460079
 131.600000 -1.471395 0.632157 8.714872
 131.800000 -1.418790 0.607762 3.795445
 132.000000 -1.341478 0.557605 2.078922
 132.200000 -1.462801 0.616844 6.561005
 132.400000 -1.442754 0.528500 1.092711
 132.600000 -1.340557 0.499316 1.846436
 132.800000 -1.375468 0.545539 0.456902
 133.000000 -1.472090 0.582396 4.603384
 133.200000 -1.310960 0.587071 5.652678
 133.400000 -1.388098 0.511685 0.104313
 133.600000 -1.363605 0.519845 0.540330
 133.800000 -1.447128 0.569543 2.348997
 134.000000 -1.390605 0.542341 0.191651
 134.200000 -1.375100 0.448148 3.070326
 134.400000 -1.435272 0.603920 3.986588
 134.600000 -1.342111 0.686085 14.667104
 134.800000 -1.388566 0.565485 0.906860
 135.000000 -1.345399 0.595949 3.910902
 135.200000 -1.323144 0.592553 5.050562
 135.400000 -1.460108 0.540287 2.177343
 135.600000 -1.231517 0.510820 13.652315
 135.800000 -1.315348 0.535137 3.340221
 136.000000 -1.384689 0.519693 0.074615
 136.200000 -1.356220 0.497426 1.144229
 136.400000 -1.283289 0.400782 13.923584
 136.600000 -1.385784 0.582922 1.814519
 136.800000 -1.357572 0.652994 9.120094
 137.000000 -1.408179 0.481864 0.941880
 137.200000 -1.324697 0.461992 4.458595
 137.400000 -1.367688 0.514812 0.446875
 137.600000 -1.373101 0.460047 2.287689
 137.800000 -1.367490 0.545989 0.664610
 138.000000 -1.328146 0.524915 2.320854
 138.200000 -1.490399 0.574400 5.721181
 138.400000 -1.380837 0.527195 0.125455
 138.600000 -1.340019 0.511819 1.651091
 138.800000 -1.419212 0.523543 0.263310
 139.000000 -1.390924 0.551755 0.410626
 139.200000 -1.422542 0.541935 0.513379
 139.400000 -1.396017 0.447222 2.916760
 139.600000 -1.432736 0.479014 1.659007
 139.800000 -1.458195 0.546525 2.180603
 140.000000 -1.383550 0.493519 0.533207
 140.200000 -1.384117 0.508130 0.193411
 140.400000 -1.395779 0.531793 0.033694
 140.600000 -1.332436 0.508485 2.151183
 140.800000 -1.349011 0.448347 3.947787
 141.000000 -1.359948 0.517674 0.676937
 141.200000 -1.390563 0.536424 0.098490
 141.400000 -1.330177 0.587876 4.249443
 141.600000 -1.392115 0.539764 0.139266
 141.800000 -1.425286 0.531164 0.449759
 142.000000 -1.335709 0.581070 3.484901
 142.200000 -1.441052 0.504247 1.190271
 142.400000 -1.387685 0.593174 2.457136
 142.600000 -1.375866 0.678192 12.157612
 142.800000 -1.447930 0.534308 1.392051
 143.000000 -1.402623 0.557160 0.583405
 143.200000 -1.436844 0.529914 0.843346
 143.400000 -1.397291 0.554118 0.466254
 143.600000 -1.444692 0.590969 3.442042
 143.800000 -1.456094 0.574322 3.076311
 144.000000 -1.341310 0.594290 4.008542
 144.200000 -1.371431 0.502408 0.532828
 144.400000 -1.395462 0.569099 1.035464
 144.600000 -1.364822 0.520230 0.499944
 144.800000 -1.293487 0.539665 5.410510
 145.000000 -1.289782 0.462848 7.514488
 145.200000 -1.344683 0.393368 9.810272
 145.400000 -1.349056 0.477818 2.162182
 145.600000 -1.420690 0.540223 0.436507
 145.800000 -1.372585 0.476807 1.375057
 146.000000 -1.408030 0.478472 1.087447
 146.200000 -1.376507 0.510871 0.276151
 146.400000 -1.466394 0.465966 4.119904
 146.600000 -1.376518 0.555827 0.714248
 146.800000 -1.342673 0.625166 6.593918
 147.000000 -1.351969 0.505138 1.151413
 147.200000 -1.355600 0.444257 3.974326
 147.400000 -1.398411 0.478327 1.027076
 147.600000 -1.449601 0.516668 1.446489
 147.800000 -1.451176 0.623921 6.539989
 148.000000 -1.415418 0.587897 2.250584
 148.200000 -1.346588 0.570752 2.345536
 148.400000 -1.351820 0.482539 1.830587
 148.600000 -1.425619 0.453340 2.898995
 148.800000 -1.322478 0.561508 3.440690
 149.000000 -1.400680 0.611173 3.844335
 149.200000 -1.398324 0.494146 0.435866
 149.400000 -1.370519 0.498488 0.646661
 149.600000 -1.378543 0.569850 1.226563
 149.800000 -1.335972 0.582259 3.538027
 150.000000 -1.353059 0.600181 3.865749
 150.200000 -1.406696 0.686766 13.366271
 150.400000 -1.406568 0.624057 5.098971
 150.600000 -1.415911 0.480887 1.105133
 150.800000 -1.365489 0.545907 0.722349
 151.000000 -1.420807 0.624480 5.389728
 151.200000 -1.433026 0.617764 5.109261
 151.400000 -1.352184 0.581128 2.626290
 151.600000 -1.344586 0.530465 1.358874
 151.800000 -1.411405 0.537758 0.214872
 152.000000 -1.318918 0.623694 8.000731
 152.200000 -1.362011 0.524133 0.586747
 152.400000 -1.408895 0.557621 0.658529
 152.600000 -1.393436 0.604368 3.265817
 152.800000 -1.400032 0.500283 0.278917
 153.000000 -1.353343 0.501454 1.166298
 153.200000 -1.353523 0.568743 1.932366
 153.400000 -1.354564 0.538234 0.976496
 153.600000 -1.393420 0.490690 0.545553
 153.800000 -1.477228 0.522385 3.278383
 154.000000 -1.375625 0.496077 0.591700
 154.200000 -1.307114 0.489663 4.549652
 154.400000 -1.387431 0.618533 4.545216
 154.600000 -1.401585 0.533216 0.060408
 154.800000 -1.371507 0.453421 2.768912
 155.000000 -1.423460 0.447184 3.289469
 155.200000 -1.443032 0.581629 2.777396
 155.400000 -1.350869 0.511994 1.097645
 155.600000 -1.358821 0.489653 1.277144
 155.800000 -1.321026 0.492102 3.326398
 156.000000 -1.447040 0.527255 1.295815
 156.200000 -1.465365 0.559339 3.026224
 156.400000 -1.439554 0.574808 2.248238
 156.600000 -1.416889 0.542411 0.389671
 156.800000 -1.449460 0.565591 2.296635
 157.000000 -1.430096 0.602406 3.677611
 157.200000 -1.420922 0.596446 2.957411
 157.400000 -1.412225 0.539920 0.260581
 157.600000 -1.361547 0.603954 3.831086
 157.800000 -1.321863 0.547800 3.060558
 158.000000 -1.330196 0.534197 2.238582
 158.200000 -1.383370 0.539962 0.217003
 158.400000 -1.346595 0.525399 1.235072
 158.600000 -1.331071 0.569138 3.161906
 158.800000 -1.335566 0.551497 2.231269
 159.000000 -1.335190 0.541626 2.027459
 159.200000 -1.315335 0.534262 3.331544
 159.400000 -1.402696 0.511674 0.091785
 159.600000 -1.454726 0.603609 4.909791
 159.800000 -1.410617 0.621167 4.862792
 160.000000 -1.456957 0.577383 3.288245
 160.200000 -1.368352 0.551607 0.781758
 160.400000 -1.354181 0.524389 0.885763
 160.600000 -1.428492 0.484532 1.282454
 160.800000 -1.457039 0.586289 3.811869
 161.000000 -1.387610 0.605339 3.378213
 161.200000 -1.474289 0.506931 3.182894
 161.400000 -1.483509 0.581417 5.477391
 161.600000 -1.428597 0.557902 1.111117
 161.800000 -1.448963 0.454710 3.761477
 162.000000 -1.432033 0.461203 2.586366
 162.200000 -1.344685 0.501971 1.564055
 162.400000 -1.438894 0.488006 1.542102
 162.600000 -1.384407 0.414659 6.004212
 162.800000 -1.345842 0.492718 1.747971
 163.000000 -1.353170 0.574667 2.232512
 163.200000 -1.387318 0.500575 0.305057
 163.400000 -1.353969 0.466632 2.517006
 163.600000 -1.337184 0.574048 3.017714
 163.800000 -1.388826 0.552015 0.431405
 164.000000 -1.420855 0.590955 2.570781
 164.200000 -1.357282 0.563212 1.544385
 164.400000 -1.317969 0.471700 4.411741
 164.600000 -1.353888 0.501747 1.136578
 164.800000 -1.443940 0.559584 1.783979
 165.000000 -1.433900 0.596444 3.361498
 165.200000 -1.261347 0.517265 9.121310
 165.400000 -1.373262 0.599202 3.122490
 165.600000 -1.396658 0.534101 0.055231
 165.800000 -1.307082 0.575987 5.348930
 166.000000 -1.381347 0.498418 0.428282
 166.200000 -1.419790 0.494722 0.693673
 166.400000 -1.395233 0.541559 0.161819
 166.600000 -1.430500 0.533649 0.636569
 166.800000 -1.417375 0.482013 1.087516
 167.000000 -1.472785 0.523802 2.927802
 167.200000 -1.486855 0.570476 5.202123
 167.400000 -1.399937 0.541072 0.159402
 167.600000 -1.379572 0.519734 0.146764
 167.800000 -1.457321 0.564224 2.689246
 168.000000 -1.426358 0.619256 5.028014
 168.200000 -1.435145 0.594976 3.303226
 168.400000 -1.453625 0.543453 1.842253
 168.600000 -1.428233 0.532133 0.547438
 168.800000 -1.430311 0.549359 0.911422
 169.000000 -1.422159 0.600106 3.261996
 169.200000 -1.399825 0.550119 0.358016
 169.400000 -1.398825 0.518285 0.017402
 169.600000 -1.372470 0.520697 0.287283
 169.800000 -1.384694 0.527370 0.074036
 170.000000 -1.414596 0.552930 0.598201
 170.200000 -1.440632 0.503075 1.194890
 170.400000 -1.366899 0.521471 0.433394
 170.600000 -1.381871 0.564351 0.933955
 170.800000 -1.369759 0.563521 1.148131
 171.000000 -1.408617 0.524361 0.076590
 171.200000 -1.331804 0.467741 3.637554
 171.400000 -1.358886 0.528034 0.708375
 171.600000 -1.391711 0.472532 1.314284
 171.800000 -1.393095 0.528958 0.019382
 172.000000 -1.405542 0.548567 0.354750
 172.200000 -1.397711 0.476987 1.087396
 172.400000 -1.339687 0.565047 2.459408
 172.600000 -1.414522 0.545382 0.403947
 172.800000 -1.366382 0.531769 0.479829
 173.000000 -1.410184 0.574899 1.412771
 173.200000 -1.426211 0.541402 0.606908
 173.400000 -1.275498 0.476915 8.381806
 173.600000 -1.468601 0.495940 2.998867
 173.800000 -1.431208 0.607334 4.116322
 174.000000 -1.401652 0.577179 1.449960
 174.200000 -1.412635 0.547159 0.411561
 174.400000 -1.338662 0.527799 1.667755
 174.600000 -1.425047 0.531199 0.443140
 174.800000 -1.350052 0.450866 3.712794
 175.000000 -1.339773 0.576172 2.977574
 175.200000 -1.368491 0.528352 0.396944
 175.400000 -1.505940 0.558642 6.628488
 175.600000 -1.373484 0.577894 1.733419
 175.800000 -1.378876 0.578122 1.637538
 176.000000 -1.350441 0.540862 1.198830
 176.200000 -1.346860 0.649016 9.085090
 176.400000 -1.394998 0.538218 0.107661
 176.600000 -1.360204 0.476894 1.740821
 176.800000 -1.315490 0.493932 3.702258
 177.000000 -1.365073 0.543556 0.685558
 177.200000 -1.336133 0.516424 1.833553
 177.400000 -1.375699 0.482074 1.073588
 177.600000 -1.335374 0.521968 1.855073
 177.800000 -1.392764 0.532678 0.047337
 178.000000 -1.387612 0.540040 0.172587
 178.200000 -1.370432 0.570821 1.448606
 178.400000 -1.411670 0.551901 0.519172
 178.600000 -1.465788 0.594904 4.959080
 178.800000 -1.424159 0.562499 1.145689
 179.000000 -1.383195 0.471073 1.464886
 179.200000 -1.406128 0.532636 0.089492
 179.400000 -1.475263 0.504447 3.303900
 179.600000 -1.363938 0.508205 0.640965
 179.800000 -1.284498 0.512804 6.304001
 180.000000 -1.384939 0.433991 4.078886
 180.200000 -1.379362 0.525877 0.145418
 180.400000 -1.391339 0.657295 8.949519
 180.600000 -1.445112 0.504200 1.381263
 180.800000 -1.403888 0.505472 0.193361
 181.000000 -1.344059 0.491369 1.882029
 181.200000 -1.405255 0.424438 4.956842
 181.400000 -1.262642 0.474741 10.120872
 181.600000 -1.349114 0.457666 3.285100
 181.800000 -1.380916 0.474531 1.321616
 182.000000 -1.524864 0.554987 8.761673
 182.200000 -1.466533 0.519571 2.477033
 182.400000 -1.413351 0.639084 6.814413
 182.600000 -1.372715 0.570532 1.378615
 182.800000 -1.407538 0.570213 1.149980
 183.000000 -1.408624 0.649010 7.940401
 183.200000 -1.407765 0.563085 0.845730
 183.400000 -1.400596 0.507956 0.131731
 183.600000 -1.334973 0.526857 1.883548
 183.800000 -1.376336 0.586002 2.145617
 184.000000 -1.399345 0.619991 4.650460
 184.200000 -1.323335 0.544060 2.868595
 184.400000 -1.287102 0.521545 5.960181
 184.600000 -1.413080 0.456493 2.393001
 184.800000 -1.405316 0.493085 0.506536
 185.000000 -1.405881 0.553626 0.497076
 185.200000 -1.402775 0.481931 0.889318
 185.400000 -1.421098 0.502485 0.531268
 185.600000 -1.376774 0.498807 0.497237
 185.800000 -1.402123 0.465162 1.724567
 186.000000 -1.378789 0.448709 2.956905
 186.200000 -1.422757 0.460263 2.356695
 186.400000 -1.421118 0.585525 2.226324
 186.600000 -1.395106 0.523467 0.000679
 186.800000 -1.396185 0.504800 0.176706
 187.000000 -1.424119 0.514281 0.431391
 187.200000 -1.436821 0.489536 1.402609
 187.400000 -1.331639 0.566774 3.020241
 187.600000 -1.392587 0.559481 0.650539
 187.800000 -1.347003 0.517184 1.233869
 188.000000 -1.254805 0.621845 14.831427
 188.200000 -1.438216 0.519288 0.889281
 188.400000 -1.409515 0.593150 2.506502
 188.600000 -1.370627 0.651954 8.566184
 188.800000 -1.487371 0.542289 4.324991
 189.000000 -1.381422 0.539007 0.228849
 189.200000 -1.309994 0.501603 3.963106
 189.400000 -1.387170 0.538996 0.159880
 189.600000 -1.389134 0.479049 1.017780
 189.800000 -1.395513 0.527979 0.009877
 190.000000 -1.320226 0.559314 3.528613
 190.200000 -1.367481 0.555391 0.919583
 190.400000 -1.396430 0.489061 0.596429
 190.600000 -1.375535 0.579043 1.751850
 190.800000 -1.373290 0.558708 0.880215
 191.000000 -1.356445 0.539976 0.926843
 191.200000 -1.402094 0.495589 0.409263
 191.400000 -1.437827 0.632570 6.801155
 191.600000 -1.463830 0.552204 2.691723
 191.800000 -1.459218 0.490598 2.526181
 192.000000 -1.406407 0.525997 0.054326
 192.200000 -1.405738 0.537663 0.143787
 192.400000 -1.479249 0.499966 3.722538
 192.600000 -1.418821 0.568022 1.241126
 192.800000 -1.427080 0.421227 5.714792
 193.000000 -1.453001 0.380958 11.782689
 193.200000 -1.475681 0.498505 3.468412
 193.400000 -1.417554 0.513388 0.278765
 193.600000 -1.383275 0.456599 2.328824
 193.800000 -1.396643 0.502206 0.228905
 194.000000 -1.345587 0.438737 4.884778
 194.200000 -1.357738 0.480093 1.688465
 194.400000 -1.389647 0.538440 0.132016
 194.600000 -1.375211 0.646482 7.771753
 194.800000 -1.320041 0.526231 2.908375
 195.000000 -1.291213 0.553491 5.964544
 195.200000 -1.421280 0.584090 2.142508
 195.400000 -1.442008 0.559453 1.689037
 195.600000 -1.403508 0.545000 0.255243
 195.800000 -1.365883 0.518532 0.474306
 196.000000 -1.447332 0.569498 2.357354
 196.200000 -1.474752 0.576897 4.500536
 196.400000 -1.427463 0.537917 0.589210
 196.600000 -1.433463 0.474507 1.896880
 196.800000 -1.469107 0.433328 6.727524
 197.000000 -1.408354 0.528011 0.082825
 197.200000 -1.314809 0.469735 4.768075
 197.400000 -1.384441 0.501418 0.315880
 197.600000 -1.386328 0.579096 1.589324
 197.800000 -1.328924 0.557150 2.830158
 198.000000 -1.334096 0.474478 3.138798
 198.200000 -1.411111 0.561003 0.809762
 198.400000 -1.369124 0.522112 0.369384
 198.600000 -1.420992 0.520219 0.311475
 198.800000 -1.374607 0.559627 0.883515
 199.000000 -1.348722 0.603780 4.344631
 199.200000 -1.536819 0.580983 11.524498
 199.400000 -1.385538 0.484054 0.839397
 199.600000 -1.395712 0.446206 2.994982
 199.800000 -1.462939 0.563187 3.006448
 200.000000 -1.356403 0.581741 2.484677
