#! FIELDS time phi psi restraint.bias
#! SET min_phi -pi
#! SET max_phi pi
#! SET min_psi -pi
#! SET max_psi pi
 0.000000 1.623292 2.141617 189.491075
 0.200000 2.048191 1.868645 8.670865
 0.400000 2.194765 1.749281 5.044850
 0.600000 2.140549 1.648520 5.751139
 0.800000 2.157663 1.640421 7.504327
 1.000000 2.115812 1.750909 0.244910
 1.200000 2.115804 1.752061 0.251826
 1.400000 2.110212 1.791752 1.202621
 1.600000 2.079534 1.739405 0.127977
 1.800000 2.024782 1.751579 2.442491
 2.000000 2.050739 1.824934 4.121336
 2.200000 2.101790 1.847755 5.272881
 2.400000 2.145869 1.790328 2.337230
 2.600000 2.191606 1.692151 6.138989
 2.800000 2.121579 1.629962 7.024264
 3.000000 2.023573 1.647446 7.298495
 3.200000 2.035406 1.789398 2.710903
 3.400000 2.200393 1.814348 7.999540
 3.600000 2.086638 1.814434 2.417815
 3.800000 2.050931 1.782015 1.617461
 4.000000 2.099345 1.846285 5.108241
 4.200000 2.161284 1.843478 7.053601
 4.400000 2.180027 1.747998 3.669975
 4.600000 2.077854 1.772835 0.515073
 4.800000 2.118520 1.713466 0.798622
 5.000000 2.153876 1.702288 2.695298
 5.200000 2.137104 1.730626 1.020112
 5.400000 2.118628 1.789432 1.266135
 5.600000 2.050948 1.691522 2.391444
 5.800000 1.934757 1.798485 14.154928
 6.000000 2.037456 1.803046 3.286637
 6.200000 2.019590 1.791321 3.855550
 6.400000 2.049310 1.790910 2.055123
 6.600000 2.069403 1.718303 0.677522
 6.800000 2.147252 1.693732 2.728023
 7.000000 2.151126 1.738562 1.632086
 7.200000 2.121728 1.727064 0.540345
 7.400000 2.126643 1.743481 0.521686
 7.600000 2.092381 1.720250 0.316508
 7.800000 2.113104 1.833930 4.100020
 8.000000 2.161187 1.807697 4.175467
 8.200000 2.135702 1.878907 9.774645
 8.400000 2.104147 1.783382 0.771552
 8.600000 2.005903 1.735157 3.967137
 8.800000 2.032643 1.701763 2.855651
 9.000000 2.078031 1.704825 0.954200
 9.200000 2.053098 1.751291 0.870482
 9.400000 2.034132 1.769275 2.102502
 9.600000 2.051122 1.709843 1.565902
 9.800000 2.024673 1.702219 3.359841
 10.000000 1.988867 1.746362 5.568628
 10.200000 1.988610 1.725164 5.798552
 10.400000 2.029667 1.734892 2.149305
 10.600000 2.105435 1.772764 0.437262
 10.800000 2.151562 1.681136 3.694356
 11.000000 2.115855 1.724067 0.456309
 11.200000 2.099073 1.705629 0.798983
 11.400000 2.112304 1.746852 0.161522
 11.600000 2.146721 1.844321 6.268692
 11.800000 2.153317 1.885173 11.514087
 12.000000 2.010931 1.876400 12.072964
 12.200000 2.154690 1.811666 4.018024
 12.400000 2.050119 1.745768 0.980287
 12.600000 2.127291 1.659237 4.246953
 12.800000 2.054408 1.715336 1.249285
 13.000000 2.019081 1.688921 4.427027
 13.200000 2.138624 1.717965 1.352498
 13.400000 2.124565 1.689693 2.002809
 13.600000 2.082842 1.735321 0.116821
 13.800000 2.109999 1.791525 1.188767
 14.000000 2.035712 1.840173 6.219507
 14.200000 2.022558 1.858971 9.037577
 14.400000 2.088209 1.776207 0.495855
 14.600000 2.074401 1.688887 1.792746
 14.800000 2.070968 1.748764 0.280311
 15.000000 2.098887 1.735326 0.060117
 15.200000 2.099210 1.759113 0.106587
 15.400000 2.218609 1.811810 9.924383
 15.600000 2.114300 1.750711 0.212581
 15.800000 2.154934 1.778735 2.390440
 16.000000 2.143319 1.767817 1.449647
 16.200000 2.043007 1.739616 1.336675
 16.400000 2.013766 1.796553 4.562431
 16.600000 2.044360 1.775386 1.703446
 16.800000 2.088092 1.782475 0.709755
 17.000000 2.154356 1.731656 1.891158
 17.200000 2.118543 1.750549 0.305188
 17.400000 2.137744 1.773133 1.326075
 17.600000 2.092377 1.675826 2.417388
 17.800000 2.060484 1.731031 0.677199
 18.000000 2.158456 1.788583 2.987381
 18.200000 2.084353 1.739206 0.069172
 18.400000 1.984079 1.821535 8.988546
 18.600000 2.081702 1.746199 0.080938
 18.800000 2.071078 1.732266 0.357174
 19.000000 2.134374 1.770488 1.115642
 19.200000 2.250254 1.770367 12.459442
 19.400000 2.114831 1.809025 2.237398
 19.600000 2.141228 1.787448 1.983633
 19.800000 2.166350 1.810234 4.695086
 20.000000 2.099765 1.819829 2.789540
 20.200000 2.085827 1.730436 0.147616
 20.400000 1.974549 1.719357 7.518823
 20.600000 2.029249 1.724350 2.342065
 20.800000 2.053588 1.832901 4.667051
 21.000000 2.031077 1.826055 5.262932
 21.200000 2.068260 1.813129 2.639930
 21.400000 2.107491 1.649124 4.713513
 21.600000 2.022199 1.702777 3.511499
 21.800000 2.076165 1.722477 0.427282
 22.000000 2.095799 1.763882 0.173095
 22.200000 2.136921 1.747749 0.907153
 22.400000 2.115392 1.818090 2.867470
 22.600000 2.145020 1.782114 1.957998
 22.800000 2.093205 1.753080 0.030745
 23.000000 2.086121 1.766698 0.262536
 23.200000 2.148769 1.767918 1.733410
 23.400000 2.206748 1.740376 6.323821
 23.600000 2.120216 1.720422 0.643550
 23.800000 2.071015 1.750135 0.284861
 24.000000 2.040959 1.757079 1.496749
 24.200000 1.969954 1.810251 9.850252
 24.400000 2.003785 1.752125 4.128167
 24.600000 2.112483 1.723330 0.405570
 24.800000 2.132032 1.729331 0.836231
 25.000000 2.100001 1.711834 0.576692
 25.200000 2.101992 1.699075 1.098586
 25.400000 2.080182 1.776060 0.573202
 25.600000 2.056068 1.869716 8.470460
 25.800000 2.087964 1.755049 0.067914
 26.000000 2.083153 1.797415 1.419629
 26.200000 2.060492 1.776263 1.053160
 26.400000 2.104622 1.744782 0.052447
 26.600000 2.156112 1.746117 1.904805
 26.800000 2.114729 1.752860 0.235091
 27.000000 2.070510 1.660438 3.888535
 27.200000 2.049541 1.691678 2.445173
 27.400000 2.062029 1.718323 0.888449
 27.600000 2.091251 1.820371 2.820564
 27.800000 2.132501 1.814497 3.118072
 28.000000 2.094732 1.890117 10.481801
 28.200000 2.098999 1.801235 1.573339
 28.400000 2.083255 1.780303 0.673644
 28.600000 2.052313 1.764872 1.076430
 28.800000 2.059607 1.795028 1.840063
 29.000000 2.027505 1.772724 2.612397
 29.200000 2.034505 1.811285 3.968459
 29.400000 2.013654 1.752622 3.286169
 29.600000 2.085512 1.788253 0.960682
 29.800000 2.079089 1.701734 1.067417
 30.000000 2.038178 1.617376 9.766172
 30.200000 2.030921 1.703252 2.899737
 30.400000 2.086423 1.780169 0.638696
 30.600000 2.093002 1.814774 2.412224
 30.800000 2.184357 1.840736 8.597780
 31.000000 2.135683 1.777786 1.379052
 31.200000 2.019722 1.820430 5.608119
 31.400000 2.108146 1.779988 0.695143
 31.600000 2.136995 1.716186 1.332038
 31.800000 2.118565 1.725941 0.480061
 32.000000 2.114377 1.684917 2.024475
 32.200000 2.066089 1.712616 0.935697
 32.400000 2.034780 1.783145 2.491972
 32.600000 2.178334 1.757517 3.597137
 32.800000 2.172368 1.825825 6.279664
 33.000000 2.122662 1.765397 0.600873
 33.200000 2.097894 1.786643 0.859545
 33.400000 2.043962 1.785220 2.067386
 33.600000 2.072040 1.753436 0.282734
 33.800000 2.035023 1.756698 1.827135
 34.000000 2.118619 1.752084 0.316213
 34.200000 2.060524 1.662050 4.041384
 34.400000 2.091261 1.700607 1.004939
 34.600000 2.164036 1.810512 4.549363
 34.800000 2.065256 1.732134 0.511598
 35.000000 2.075827 1.664691 3.423665
 35.200000 2.119006 1.752402 0.327848
 35.400000 2.022280 1.862877 9.508973
 35.600000 2.065865 1.829265 3.929582
 35.800000 2.087776 1.814193 2.393032
 36.000000 2.120425 1.813272 2.646865
 36.200000 2.146195 1.626697 8.378423
 36.400000 2.025367 1.612596 11.191424
 36.600000 2.107839 1.718672 0.445657
 36.800000 2.037961 1.767288 1.833511
 37.000000 2.142643 1.737082 1.197954
 37.200000 2.094048 1.775296 0.449071
 37.400000 2.123683 1.699539 1.477245
 37.600000 2.079668 1.847316 5.309045
 37.800000 2.067149 1.816407 2.897220
 38.000000 2.090926 1.791312 1.063227
 38.200000 2.109935 1.755802 0.175573
 38.400000 2.100019 1.711605 0.584463
 38.600000 2.127948 1.740407 0.575024
 38.800000 2.021287 1.811524 4.863218
 39.000000 2.066473 1.786211 1.225479
 39.200000 2.099818 1.760904 0.135987
 39.400000 2.119193 1.726750 0.480074
 39.600000 2.135675 1.677009 3.185860
 39.800000 2.058316 1.778282 1.193784
 40.000000 2.072780 1.800835 1.774054
 40.200000 2.072560 1.844798 5.185367
 40.400000 2.069204 1.736213 0.358846
 40.600000 2.060595 1.694982 1.838656
 40.800000 2.042157 1.823068 4.386044
 41.000000 2.140215 1.740174 1.063027
 41.200000 2.059013 1.730989 0.728768
 41.400000 2.111723 1.750490 0.163449
 41.600000 2.132412 1.709395 1.368256
 41.800000 2.118395 1.711910 0.846438
 42.000000 2.137309 1.751870 0.942180
 42.200000 2.072771 1.732489 0.316242
 42.400000 2.037943 1.797805 2.970280
 42.600000 2.169185 1.826819 6.116987
 42.800000 2.173223 1.808571 5.106708
 43.000000 2.136603 1.728118 1.038875
 43.200000 2.136648 1.689601 2.445477
 43.400000 2.087440 1.728879 0.159488
 43.600000 2.112038 1.750981 0.171598
 43.800000 2.167924 1.791216 3.756045
 44.000000 2.141494 1.772440 1.476631
 44.200000 2.057542 1.729600 0.802756
 44.400000 2.069031 1.791002 1.364679
 44.600000 2.161382 1.807160 4.155192
 44.800000 2.096631 1.837539 4.253836
 45.000000 2.151275 1.790991 2.660151
 45.200000 2.164372 1.797592 3.814067
 45.400000 2.106099 1.851873 5.744298
 45.600000 2.117115 1.800873 1.800656
 45.800000 2.116988 1.768514 0.523971
 46.000000 2.095081 1.779600 0.587474
 46.200000 2.101026 1.818742 2.716711
 46.400000 2.145253 1.776623 1.782897
 46.600000 2.047695 1.770100 1.397241
 46.800000 2.077880 1.835114 4.167072
 47.000000 2.186806 1.761451 4.399794
 47.200000 2.125616 1.826815 3.807304
 47.400000 2.125261 1.883713 10.051326
 47.600000 2.108396 1.770070 0.404067
 47.800000 2.069263 1.732348 0.400062
 48.000000 2.087963 1.732121 0.107915
 48.200000 2.044659 1.705930 2.012990
 48.400000 2.138926 1.745284 0.991501
 48.600000 2.114564 1.734160 0.265776
 48.800000 2.073956 1.736845 0.244868
 49.000000 2.140478 1.808616 3.064421
 49.200000 2.083616 1.776390 0.540483
 49.400000 2.118678 1.809073 2.326465
 49.600000 2.037315 1.750643 1.643205
 49.800000 1.995751 1.745949 4.865556
 50.000000 2.113615 1.771553 0.528559
 50.200000 2.139529 1.705849 1.797880
 50.400000 2.132695 1.726259 0.915288
 50.600000 2.197829 1.737061 5.383504
 50.800000 2.044538 1.820058 4.035095
 51.000000 2.002414 1.889950 14.687753
 51.200000 2.068590 1.832294 4.114380
 51.400000 2.005967 1.861053 10.605856
 51.600000 2.151026 1.835933 5.708111
 51.800000 2.152276 1.815355 4.126911
 52.000000 2.108273 1.764400 0.278138
 52.200000 2.103776 1.776022 0.515023
 52.400000 2.050196 1.758124 1.058651
 52.600000 2.125549 1.681869 2.498911
 52.800000 2.094710 1.733767 0.066893
 53.000000 2.138677 1.737307 1.012630
 53.200000 2.111067 1.721842 0.414802
 53.400000 2.044296 1.791794 2.334470
 53.600000 2.102498 1.841087 4.617582
 53.800000 2.094184 1.835434 4.059486
 54.000000 2.007156 1.717275 4.198895
 54.200000 2.154255 1.699547 2.839589
 54.400000 2.077695 1.674807 2.626173
 54.600000 2.070995 1.663048 3.658856
 54.800000 2.089443 1.838151 4.320239
 55.000000 1.981299 1.755140 6.443455
 55.200000 1.990284 1.726438 5.597974
 55.400000 2.015730 1.691705 4.531844
 55.600000 2.076489 1.743576 0.161846
 55.800000 2.111348 1.853914 6.039001
 56.000000 2.110186 1.759349 0.222959
 56.200000 2.109624 1.759914 0.222304
 56.400000 2.094318 1.694245 1.304785
 56.600000 2.089234 1.636744 5.908728
 56.800000 2.133651 1.837546 5.022515
 57.000000 2.109212 1.808319 2.093627
 57.200000 2.164297 1.726088 2.628226
 57.400000 2.111467 1.700238 1.162317
 57.600000 2.100754 1.759649 0.122750
 57.800000 2.084167 1.773852 0.459093
 58.000000 2.032232 1.774208 2.349133
 58.200000 2.036349 1.758070 1.765867
 58.400000 2.111664 1.717661 0.531853
 58.600000 2.191251 1.650354 9.200624
 58.800000 2.203720 1.606602 15.598708
 59.000000 2.136098 1.727993 1.019848
 59.200000 2.056437 1.779004 1.287390
 59.400000 2.023014 1.862845 9.452553
 59.600000 2.047208 1.753284 1.144963
 59.800000 2.006049 1.735872 3.947253
 60.000000 2.026237 1.808811 4.337764
 60.200000 2.047039 1.820305 3.931991
 60.400000 2.028252 1.806234 4.042117
 60.600000 2.109610 1.735170 0.167349
 60.800000 2.146507 1.663202 4.730300
 61.000000 2.147541 1.777723 1.936899
 61.200000 2.161594 1.745496 2.257855
 61.400000 2.061218 1.758945 0.643067
 61.600000 2.104854 1.875298 8.500642
 61.800000 2.135004 1.815812 3.308466
 62.000000 2.103671 1.825393 3.248142
 62.200000 2.066520 1.786010 1.215994
 62.400000 2.039751 1.753848 1.529293
 62.600000 2.061637 1.808490 2.531154
 62.800000 2.126524 1.758076 0.597357
 63.000000 2.120127 1.755036 0.378170
 63.200000 2.089596 1.765597 0.216908
 63.400000 2.104121 1.792354 1.152951
 63.600000 2.134569 1.764622 0.993077
 63.800000 2.153184 1.777860 2.257171
 64.000000 2.107107 1.807493 2.012994
 64.200000 2.090196 1.788512 0.941182
 64.400000 1.939251 1.761948 12.172943
 64.600000 2.040631 1.781683 2.106056
 64.800000 2.155091 1.688668 3.447196
 65.000000 2.095526 1.708809 0.667487
 65.200000 2.124081 1.750411 0.453535
 65.400000 2.067925 1.765908 0.562067
 65.600000 2.138416 1.804340 2.710034
 65.800000 2.164681 1.800297 3.980818
 66.000000 2.025687 1.758657 2.449228
 66.200000 2.079188 1.737391 0.147133
 66.400000 2.023702 1.714076 2.987118
 66.600000 1.975131 1.706390 7.870052
 66.800000 2.074017 1.787652 1.103235
 67.000000 2.049319 1.726243 1.198090
 67.200000 2.155303 1.675471 4.294978
 67.400000 2.150670 1.822810 4.585019
 67.600000 2.101380 1.883091 9.513480
 67.800000 2.121861 1.884387 10.045672
 68.000000 2.044820 1.819662 3.991507
 68.200000 2.003397 1.682577 6.109255
 68.400000 2.040456 1.707520 2.169497
 68.600000 2.124569 1.685950 2.218197
 68.800000 2.090461 1.729810 0.128166
 69.000000 2.115603 1.773822 0.630809
 69.200000 2.016719 1.780069 3.620249
 69.400000 2.054027 1.803113 2.484281
 69.600000 2.210226 1.770909 7.035570
 69.800000 2.128704 1.746041 0.588819
 70.000000 2.124553 1.774061 0.867518
 70.200000 2.081588 1.746066 0.082286
 70.400000 2.000237 1.731060 4.534707
 70.600000 2.049819 1.770110 1.300566
 70.800000 2.054194 1.698312 1.913370
 71.000000 2.062848 1.714587 0.970128
 71.200000 2.100130 1.715265 0.468366
 71.400000 2.068994 1.767653 0.571766
 71.600000 2.140593 1.796898 2.396797
 71.800000 2.071011 1.817409 2.871127
 72.000000 1.990133 1.815532 7.899526
 72.200000 2.110387 1.824896 3.293297
 72.400000 2.081203 1.722190 0.354715
 72.600000 2.012302 1.767362 3.612336
 72.800000 2.058089 1.788742 1.601382
 73.000000 2.072821 1.743827 0.233852
 73.200000 2.092735 1.762797 0.153938
 73.400000 2.076373 1.760988 0.285000
 73.600000 2.058440 1.706585 1.396929
 73.800000 2.166682 1.828618 6.081268
 74.000000 2.135694 1.734724 0.909046
 74.200000 2.136200 1.723909 1.103238
 74.400000 2.100688 1.779540 0.604999
 74.600000 1.967340 1.714811 8.537218
 74.800000 2.084682 1.819649 2.808889
 75.000000 2.136025 1.860463 7.494407
 75.200000 2.066505 1.779895 0.986325
 75.400000 2.044218 1.777831 1.787067
 75.600000 2.032478 1.737986 1.943848
 75.800000 1.937277 1.647322 17.145830
 76.000000 2.074619 1.781601 0.853385
 76.200000 2.028441 1.710567 2.779180
 76.400000 2.081187 1.753986 0.124696
 76.600000 2.155957 1.741968 1.900597
 76.800000 2.093365 1.703765 0.864309
 77.000000 2.154109 1.799863 3.269807
 77.200000 2.094528 1.831137 3.681454
 77.400000 2.058552 1.767724 0.893125
 77.600000 2.064262 1.791434 1.516833
 77.800000 2.025438 1.778017 2.911777
 78.000000 2.007463 1.678434 6.016042
 78.200000 2.017944 1.613199 11.651568
 78.400000 1.951516 1.734564 10.265176
 78.600000 1.986092 1.737147 5.898298
 78.800000 2.040120 1.712392 2.015335
 79.000000 2.116391 1.708399 0.923831
 79.200000 2.057273 1.713682 1.189769
 79.400000 2.122945 1.673276 3.003371
 79.600000 2.095275 1.787298 0.881085
 79.800000 2.070755 1.791764 1.357506
 80.000000 2.176309 1.836261 7.489181
 80.200000 2.149930 1.841054 6.123636
 80.400000 2.184430 1.748651 4.058635
 80.600000 2.234196 1.731009 9.874672
 80.800000 1.957589 1.735642 9.404824
 81.000000 2.114355 1.664855 3.437227
 81.200000 2.184312 1.777602 4.563324
 81.400000 2.109151 1.732800 0.187358
 81.600000 2.142490 1.790675 2.184649
 81.800000 2.039523 1.741319 1.513518
 82.000000 2.120609 1.667244 3.392243
 82.200000 2.191667 1.807223 6.646347
 82.400000 2.131552 1.786852 1.552383
 82.600000 2.137217 1.807414 2.844076
 82.800000 2.038554 1.727308 1.721523
 83.000000 2.042616 1.683029 3.281181
 83.200000 2.096373 1.779210 0.575909
 83.400000 2.124837 1.783355 1.186349
 83.600000 2.143513 1.787442 2.093031
 83.800000 2.105026 1.724580 0.271774
 84.000000 2.004640 1.738955 4.048291
 84.200000 2.099628 1.789626 0.994781
 84.400000 2.010760 1.827180 6.847164
 84.600000 2.085310 1.790239 1.049720
 84.800000 2.142713 1.752597 1.193729
 85.000000 2.006127 1.706826 4.636853
 85.200000 2.117718 1.707146 1.000938
 85.400000 2.172695 1.763877 3.237476
 85.600000 1.938432 1.722226 12.429055
 85.800000 2.083492 1.770059 0.365213
 86.000000 2.109897 1.760229 0.231159
 86.200000 2.060338 1.715865 1.014016
 86.400000 2.124701 1.826996 3.793948
 86.600000 2.099166 1.779877 0.608168
 86.800000 2.084341 1.732892 0.127884
 87.000000 2.145468 1.746417 1.304834
 87.200000 2.035111 1.706486 2.511723
 87.400000 2.181933 1.767800 4.083888
 87.600000 2.121915 1.748644 0.384168
 87.800000 2.101901 1.752123 0.051243
 88.000000 2.218766 1.826933 11.063692
 88.200000 2.085002 1.734128 0.106850
 88.400000 2.062934 1.782682 1.192515
 88.600000 2.119111 1.844302 5.203231
 88.800000 2.045672 1.770969 1.515657
 89.000000 2.048374 1.781291 1.705568
 89.200000 2.021534 1.726820 2.825642
 89.400000 2.054675 1.680131 2.914264
 89.600000 2.051673 1.711120 1.497703
 89.800000 2.092792 1.786647 0.854879
 90.000000 2.119929 1.817452 2.926868
 90.200000 2.066950 1.712349 0.920468
 90.400000 2.056746 1.657373 4.576852
 90.600000 2.129702 1.756363 0.684165
 90.800000 2.033808 1.749457 1.843926
 91.000000 2.080237 1.814410 2.486276
 91.200000 2.136768 1.818707 3.589885
 91.400000 2.043725 1.675449 3.725336
 91.600000 2.147041 1.764594 1.571384
 91.800000 2.123642 1.760823 0.547733
 92.000000 2.093629 1.741826 0.006429
 92.200000 2.163124 1.859657 8.897229
 92.400000 2.081231 1.754333 0.127181
 92.600000 1.992095 1.807892 7.189723
 92.800000 2.138961 1.840428 5.514983
 93.000000 2.132214 1.682822 2.668695
 93.200000 2.101189 1.791938 1.109281
 93.400000 2.165562 1.778379 3.078489
 93.600000 2.014091 1.747853 3.227571
 93.800000 2.069409 1.833281 4.179911
 94.000000 2.093576 1.803474 1.690727
 94.200000 2.134861 1.751281 0.836478
 94.400000 2.124950 1.768665 0.739066
 94.600000 2.014039 1.708546 3.905027
 94.800000 2.062946 1.738317 0.519112
 95.000000 2.054776 1.773929 1.193804
 95.200000 1.983252 1.761141 6.301380
 95.400000 2.105327 1.726252 0.241723
 95.600000 2.054359 1.710316 1.414430
 95.800000 2.033697 1.729185 1.972433
 96.000000 2.131814 1.754813 0.745069
 96.200000 2.135415 1.732572 0.922689
 96.400000 2.195375 1.766768 5.328296
 96.600000 2.149798 1.695552 2.773647
 96.800000 2.129114 1.704752 1.425937
 97.000000 2.093581 1.727210 0.164483
 97.200000 2.070120 1.842362 5.002277
 97.400000 2.197902 1.815638 7.828476
 97.600000 2.075642 1.846652 5.308965
 97.800000 2.001090 1.815000 6.779943
 98.000000 2.067099 1.753788 0.408314
 98.200000 2.068920 1.692222 1.734676
 98.400000 2.185314 1.626920 11.143529
 98.600000 2.150001 1.675537 3.981476
 98.800000 2.060927 1.675053 3.029421
 99.000000 2.040735 1.738737 1.461451
 99.200000 2.048956 1.733035 1.107923
 99.400000 2.099479 1.754242 0.052643
 99.600000 2.007298 1.791389 4.853713
 99.800000 2.071217 1.739116 0.287923
 100.000000 2.124676 1.776251 0.936537
 100.200000 2.083323 1.834854 4.068619
 100.400000 2.147994 1.785058 2.225639
 100.600000 2.076977 1.763054 0.308783
 100.800000 2.076378 1.702999 1.058230
 101.000000 2.176227 1.721307 3.636795
 101.200000 2.142872 1.775373 1.626336
 101.400000 2.128332 1.717711 0.957253
 101.600000 2.114781 1.835936 4.312591
 101.800000 2.016941 1.795943 4.280445
 102.000000 2.036729 1.853894 7.555847
 102.200000 2.145773 1.829127 4.830877
 102.400000 2.124472 1.813292 2.761770
 102.600000 2.161631 1.727998 2.410533
 102.800000 2.074919 1.683636 2.092653
 103.000000 2.073482 1.578018 14.215277
 103.200000 2.110622 1.721265 0.421195
 103.400000 2.013893 1.749052 3.247229
 103.600000 2.053387 1.803799 2.550194
 103.800000 2.067601 1.755651 0.412228
 104.000000 2.051628 1.754443 0.956040
 104.200000 2.102249 1.790848 1.066822
 104.400000 2.110891 1.820473 2.959324
 104.600000 2.132489 1.830825 4.380306
 104.800000 2.101033 1.782931 0.728967
 105.000000 2.092947 1.636568 5.915574
 105.200000 2.057897 1.725485 0.862954
 105.400000 2.162890 1.780470 2.963208
 105.600000 2.134484 1.731409 0.900461
 105.800000 2.055513 1.755372 0.806339
 106.000000 2.013537 1.831053 6.943298
 106.200000 2.022948 1.771993 2.907787
 106.400000 2.013988 1.761421 3.362136
 106.600000 2.069259 1.821329 3.203886
 106.800000 2.116975 1.841922 4.919977
 107.000000 2.000343 1.776637 4.913011
 107.200000 2.100878 1.692785 1.401453
 107.400000 2.141224 1.697596 2.235695
 107.600000 2.043563 1.728081 1.440699
 107.800000 2.056679 1.697892 1.836416
 108.000000 2.051824 1.732016 0.994773
 108.200000 2.005463 1.809520 6.014658
 108.400000 2.063833 1.878870 9.383540
 108.600000 2.092659 1.802805 1.653232
 108.800000 2.112619 1.785162 0.959371
 109.000000 2.092466 1.795809 1.275970
 109.200000 2.036393 1.703980 2.536984
 109.400000 2.150734 1.714937 2.048875
 109.600000 2.102039 1.664040 3.333200
 109.800000 2.045141 1.738906 1.233600
 110.000000 2.060738 1.840324 5.078377
 110.200000 2.074891 1.813579 2.519231
 110.400000 2.103837 1.920832 15.445252
 110.600000 2.059357 1.814678 3.018440
 110.800000 2.111346 1.693801 1.471221
 111.000000 2.153044 1.784868 2.501520
 111.200000 2.144288 1.722684 1.501054
 111.400000 2.153937 1.730171 1.887499
 111.600000 2.101380 1.741671 0.031089
 111.800000 2.082320 1.710682 0.673125
 112.000000 2.213287 1.816638 9.610090
 112.200000 2.090409 1.779953 0.607344
 112.400000 2.081152 1.801271 1.652445
 112.600000 2.119335 1.787724 1.209661
 112.800000 2.007207 1.748074 3.804667
 113.000000 2.063533 1.779896 1.073665
 113.200000 2.117890 1.724815 0.486411
 113.400000 2.186695 1.755618 4.312552
 113.600000 2.128228 1.815294 3.019916
 113.800000 2.020042 1.806306 4.623304
 114.000000 2.052063 1.761966 1.034390
 114.200000 2.020814 1.748760 2.712949
 114.400000 2.050164 1.729810 1.098625
 114.600000 2.142091 1.778165 1.676543
 114.800000 2.091579 1.822708 2.997684
 115.000000 2.073928 1.706645 0.957688
 115.200000 2.118143 1.698198 1.392629
 115.400000 2.075182 1.724207 0.407654
 115.600000 2.165262 1.758617 2.599358
 115.800000 2.194658 1.857835 11.355050
 116.000000 2.040592 1.812495 3.702998
 116.200000 2.078204 1.733834 0.197146
 116.400000 2.059910 1.753328 0.626613
 116.600000 2.158272 1.779098 2.610279
 116.800000 2.171693 1.818609 5.672379
 117.000000 2.031496 1.763871 2.150064
 117.200000 2.084137 1.782730 0.752021
 117.400000 2.088705 1.817699 2.634854
 117.600000 2.090070 1.741930 0.015130
 117.800000 2.140319 1.776397 1.537089
 118.000000 2.143921 1.744605 1.226658
 118.200000 2.012071 1.680922 5.462726
 118.400000 2.100279 1.743462 0.019051
 118.600000 2.093217 1.769105 0.283346
 118.800000 2.150569 1.791637 2.649923
 119.000000 2.190257 1.819163 7.320463
 119.200000 2.057191 1.689849 2.231092
 119.400000 2.059300 1.696320 1.816793
 119.600000 2.025262 1.817619 5.002588
 119.800000 1.988539 1.732125 5.689887
 120.000000 2.083922 1.755462 0.106183
 120.200000 1.996667 1.715158 5.230584
 120.400000 1.971530 1.624924 14.796644
 120.600000 2.099163 1.733672 0.079318
 120.800000 1.992022 1.739679 5.256112
 121.000000 2.082661 1.728812 0.205257
 121.200000 2.130753 1.846660 5.794925
 121.400000 2.043606 1.753231 1.320979
 121.600000 2.110007 1.775103 0.565117
 121.800000 2.061224 1.714553 1.023760
 122.000000 2.059409 1.781701 1.273458
 122.200000 2.124062 1.801711 2.029546
 122.400000 2.085494 1.780886 0.671753
 122.600000 2.166805 1.767386 2.864838
 122.800000 2.119179 1.682740 2.265814
 123.000000 2.082879 1.727306 0.228729
 123.200000 2.104167 1.800466 1.567764
 123.400000 2.116926 1.719687 0.582587
 123.600000 2.106172 1.759170 0.165133
 123.800000 2.095045 1.878966 8.929650
 124.000000 2.060896 1.719601 0.892064
 124.200000 2.108820 1.739458 0.121282
 124.400000 2.082399 1.788557 1.006294
 124.600000 2.141167 1.739900 1.108521
 124.800000 2.154113 1.753425 1.815857
 125.000000 2.022437 1.762738 2.740511
 125.200000 2.035660 1.763146 1.883637
 125.400000 2.045653 1.734666 1.244764
 125.600000 2.067028 1.657215 4.256586
 125.800000 2.117815 1.721628 0.555121
 126.000000 2.070917 1.798940 1.712639
 126.200000 2.111212 1.782976 0.850030
 126.400000 2.138976 1.802773 2.643591
 126.600000 2.138477 1.750517 0.985062
 126.800000 2.078621 1.810608 2.255055
 127.000000 2.023256 1.817263 5.117634
 127.200000 2.072252 1.721488 0.529359
 127.400000 2.153321 1.815054 4.166879
 127.600000 2.113014 1.671084 2.929532
 127.800000 2.119253 1.692001 1.730900
 128.000000 2.017199 1.696912 4.151718
 128.200000 2.039781 1.749373 1.499538
 128.400000 2.125965 1.816258 3.013759
 128.600000 2.098776 1.769490 0.301458
 128.800000 2.006037 1.799174 5.353202
 129.000000 2.108552 1.720788 0.401347
 129.200000 1.978192 1.704827 7.571802
 129.400000 2.139496 1.846643 6.149324
 129.600000 2.249327 1.768205 12.263551
 129.800000 2.075272 1.753127 0.213256
 130.000000 2.164013 1.844369 7.327798
 130.200000 2.138573 1.773799 1.381089
 130.400000 2.088520 1.782668 0.714351
 130.600000 2.115356 1.766809 0.450371
 130.800000 2.031198 1.801632 3.581922
 131.000000 2.043388 1.796237 2.596624
 131.200000 2.091436 1.710940 0.595673
 131.400000 2.123664 1.767096 0.665225
 131.600000 2.136590 1.772369 1.255769
 131.800000 2.041798 1.726045 1.569166
 132.000000 2.048913 1.741224 1.042748
 132.200000 2.024716 1.756338 2.488184
 132.400000 2.107739 1.652532 4.394736
 132.600000 2.166867 1.774398 3.048582
 132.800000 2.063073 1.761793 0.626052
 133.000000 2.008996 1.766346 3.867361
 133.200000 1.993333 1.862498 11.971006
 133.400000 2.139278 1.757313 1.079031
 133.600000 2.149747 1.719066 1.876796
 133.800000 2.133583 1.700500 1.772682
 134.000000 2.185109 1.629416 10.832474
 134.200000 2.096284 1.754550 0.044299
 134.400000 2.101938 1.774337 0.449162
 134.600000 2.180344 1.804492 5.443729
 134.800000 2.160739 1.814162 4.569728
 135.000000 2.069467 1.736739 0.347608
 135.200000 2.060591 1.732478 0.653939
 135.400000 2.001130 1.742978 4.351940
 135.600000 2.038107 1.806878 3.478314
 135.800000 2.032126 1.813548 4.265658
 136.000000 2.064170 1.746285 0.457242
 136.200000 2.094059 1.727792 0.153828
 136.400000 2.052706 1.702559 1.783604
 136.600000 2.094861 1.730964 0.103283
 136.800000 2.103850 1.719423 0.380258
 137.000000 2.034207 1.803513 3.504027
 137.200000 2.156968 1.823457 5.009717
 137.400000 2.089327 1.815095 2.446444
 137.600000 2.069799 1.801747 1.893994
 137.800000 2.158426 1.751705 2.070306
 138.000000 1.942970 1.698823 12.546237
 138.200000 2.061115 1.729705 0.675836
 138.400000 2.115570 1.776418 0.707448
 138.600000 2.030443 1.746219 2.045327
 138.800000 2.070711 1.734880 0.335076
 139.000000 2.038494 1.733399 1.633619
 139.200000 2.076767 1.646356 5.053249
 139.400000 2.160409 1.764215 2.357273
 139.600000 2.124551 1.719166 0.796958
 139.800000 2.111799 1.788640 1.089376
 140.000000 2.143249 1.777991 1.726746
 140.200000 2.071441 1.815784 2.745375
 140.400000 2.084926 1.782608 0.739664
 140.600000 1.972819 1.691856 8.820018
 140.800000 2.048045 1.739929 1.088758
 141.000000 2.098837 1.778285 0.552911
 141.200000 2.053570 1.783526 1.562834
 141.400000 2.144532 1.774959 1.695831
 141.600000 2.021509 1.698605 3.747762
 141.800000 2.020083 1.684499 4.611314
 142.000000 2.179272 1.727097 3.768210
 142.200000 2.126191 1.727546 0.663601
 142.400000 2.115521 1.780883 0.855175
 142.600000 2.115188 1.830356 3.830944
 142.800000 2.017954 1.733773 2.988371
 143.000000 2.059361 1.781536 1.269151
 143.200000 2.093053 1.784492 0.767754
 143.400000 2.114070 1.787962 1.102319
 143.600000 2.147228 1.823135 4.422495
 143.800000 2.048537 1.798876 2.485138
 144.000000 2.053927 1.749533 0.827672
 144.200000 2.069034 1.723864 0.551988
 144.400000 2.093023 1.706846 0.741406
 144.600000 2.107353 1.754242 0.123670
 144.800000 2.053052 1.768730 1.128437
 145.000000 2.035128 1.733585 1.825290
 145.200000 2.117352 1.728986 0.397060
 145.400000 2.100240 1.739455 0.034334
 145.600000 2.066425 1.831624 4.114520
 145.800000 2.102074 1.816587 2.568345
 146.000000 2.040831 1.759592 1.536270
 146.200000 2.164890 1.763509 2.650011
 146.400000 2.192639 1.758750 4.916004
 146.600000 2.139753 1.764509 1.212592
 146.800000 2.164994 1.835298 6.539283
 147.000000 2.117407 1.749569 0.273759
 147.200000 2.064220 1.739404 0.472809
 147.400000 2.059784 1.768931 0.877460
 147.600000 2.100095 1.680739 2.102222
 147.800000 2.040380 1.752469 1.484298
 148.000000 1.988826 1.673651 8.141342
 148.200000 1.982739 1.673836 8.789226
 148.400000 2.092778 1.806760 1.888177
 148.600000 2.019278 1.754819 2.866329
 148.800000 2.047943 1.796000 2.362687
 149.000000 2.076061 1.731004 0.270682
 149.200000 2.034856 1.674442 4.284972
 149.400000 2.151891 1.778290 2.196099
 149.600000 2.150359 1.827339 4.928742
 149.800000 2.030701 1.801152 3.586564
 150.000000 2.050133 1.802406 2.608468
 150.200000 2.060802 1.769420 0.854418
 150.400000 2.169244 1.723314 3.043546
 150.600000 2.103284 1.759793 0.144107
 150.800000 2.104477 1.780671 0.675348
 151.000000 2.163145 1.807408 4.290200
 151.200000 2.068385 1.737645 0.367781
 151.400000 2.113868 1.713233 0.704679
 151.600000 2.214954 1.747263 7.269139
 151.800000 2.126596 1.771753 0.867565
 152.000000 2.122026 1.829542 3.927663
 152.200000 1.992997 1.816409 7.666912
 152.400000 2.038929 1.804002 3.259505
 152.600000 2.163914 1.715552 2.859766
 152.800000 2.077075 1.693411 1.497754
 153.000000 2.080824 1.745578 0.092120
 153.200000 2.010850 1.776546 3.977135
 153.400000 2.012574 1.703899 4.205573
 153.600000 2.032688 1.728123 2.051876
 153.800000 2.017989 1.659952 6.563625
 154.000000 2.067735 1.783169 1.071287
 154.200000 2.055678 1.897001 12.251655
 154.400000 2.021415 1.850325 8.175140
 154.600000 2.079194 1.790192 1.121862
 154.800000 2.133325 1.726677 0.931710
 155.000000 2.111655 1.673718 2.713064
 155.200000 2.126410 1.712619 1.047460
 155.400000 2.100132 1.704810 0.837377
 155.600000 2.065035 1.790000 1.428743
 155.800000 2.102166 1.761295 0.157650
 156.000000 2.131495 1.740394 0.700371
 156.200000 2.099885 1.854931 6.021376
 156.400000 2.003864 1.752516 4.123735
 156.600000 1.944742 1.809692 13.269275
 156.800000 2.143861 1.771230 1.558870
 157.000000 2.159458 1.694921 3.387037
 157.200000 2.110780 1.669032 3.044864
 157.400000 2.100967 1.655078 4.094281
 157.600000 2.114950 1.751362 0.229442
 157.800000 2.179267 1.753728 3.636880
 158.000000 2.071177 1.799277 1.724708
 158.200000 2.030681 1.794803 3.253578
 158.400000 2.042741 1.788298 2.257237
 158.600000 2.028014 1.784959 2.988524
 158.800000 2.122828 1.757748 0.481328
 159.000000 2.111711 1.717181 0.546067
 159.200000 2.027828 1.770283 2.526941
 159.400000 2.132326 1.848116 6.001952
 159.600000 2.098604 1.790311 1.020546
 159.800000 2.117388 1.689651 1.814363
 160.000000 2.088639 1.703150 0.906131
 160.200000 2.020138 1.677824 5.035529
 160.400000 2.099519 1.780132 0.618734
 160.600000 2.034742 1.965906 26.106286
 160.800000 1.989608 1.829022 8.992385
 161.000000 2.066149 1.702377 1.321381
 161.200000 1.993456 1.698349 6.197889
 161.400000 2.101899 1.689727 1.573938
 161.600000 2.152101 1.782232 2.345889
 161.800000 2.089155 1.746599 0.014537
 162.000000 2.018869 1.742657 2.855665
 162.200000 2.046235 1.693517 2.501933
 162.400000 1.977223 1.723484 7.103239
 162.600000 2.067690 1.809642 2.424664
 162.800000 2.025018 1.808675 4.412927
 163.000000 2.081104 1.774562 0.515618
 163.200000 2.104870 1.789064 1.011211
 163.400000 2.094157 1.703635 0.869214
 163.600000 2.102410 1.650416 4.536430
 163.800000 1.997941 1.752955 4.680748
 164.000000 2.129230 1.812704 2.876411
 164.200000 2.141243 1.830543 4.728106
 164.400000 2.080304 1.780932 0.733039
 164.600000 2.176690 1.855666 9.473396
 164.800000 2.118955 1.804549 2.055105
 165.000000 2.041955 1.785362 2.176261
 165.200000 2.057567 1.783414 1.403358
 165.400000 2.014957 1.712272 3.701584
 165.600000 2.044936 1.794638 2.438784
 165.800000 2.105729 1.786511 0.912205
 166.000000 2.072814 1.721912 0.507056
 166.200000 2.102117 1.697126 1.191606
 166.400000 2.081975 1.670149 2.903194
 166.600000 2.152832 1.772432 2.074692
 166.800000 2.145944 1.763689 1.497202
 167.000000 2.097964 1.757832 0.084522
 167.200000 2.145073 1.833595 5.179568
 167.400000 2.065870 1.831650 4.132439
 167.600000 2.085573 1.837806 4.314871
 167.800000 2.180175 1.800902 5.223301
 168.000000 1.989645 1.756506 5.548740
 168.200000 2.149369 1.740173 1.524363
 168.400000 2.133117 1.639676 6.330982
 168.600000 1.967620 1.694429 9.331369
 168.800000 2.092872 1.821035 2.866865
 169.000000 1.976227 1.740392 6.994001
 169.200000 1.979428 1.778493 7.158620
 169.400000 2.141520 1.823836 4.191996
 169.600000 1.960405 1.730636 9.084663
 169.800000 2.048705 1.759213 1.140154
 170.000000 2.141125 1.765581 1.296911
 170.200000 2.088067 1.609310 9.270598
 170.400000 2.185788 1.769163 4.460355
 170.600000 2.125666 1.750258 0.501074
 170.800000 2.081341 1.733468 0.155546
 171.000000 2.057412 1.777205 1.191893
 171.200000 2.066191 1.685959 2.160182
 171.400000 2.015258 1.770142 3.439153
 171.600000 2.007568 1.710252 4.384713
 171.800000 2.005813 1.790639 4.949867
 172.000000 2.099237 1.766683 0.239713
 172.200000 2.174046 1.699505 4.222054
 172.400000 2.061594 1.691961 1.962022
 172.600000 2.193728 1.725303 5.134076
 172.800000 2.075979 1.770686 0.491053
 173.000000 2.074158 1.841489 4.828145
 173.200000 2.207792 1.795362 7.681104
 173.400000 2.036785 1.744452 1.659857
 173.600000 2.082920 1.804666 1.826249
 173.800000 2.186497 1.791597 5.311680
 174.000000 2.102185 1.789780 1.018286
 174.200000 2.181838 1.812089 6.051569
 174.400000 2.217310 1.768468 7.821793
 174.600000 2.047304 1.782301 1.792227
 174.800000 2.178975 1.714513 4.051702
 175.000000 2.132830 1.743889 0.739665
 175.200000 2.072508 1.779596 0.826630
 175.400000 2.061527 1.787520 1.430185
 175.600000 2.031389 1.734455 2.043988
 175.800000 2.003514 1.701602 5.085742
 176.000000 2.080268 1.738243 0.124898
 176.200000 2.003251 1.813090 6.449384
 176.400000 2.090666 1.805317 1.806207
 176.600000 2.115149 1.790211 1.222537
 176.800000 1.991961 1.777421 5.761337
 177.000000 2.134299 1.759254 0.893088
 177.200000 2.127581 1.742786 0.553891
 177.400000 2.139664 1.712470 1.564488
 177.600000 2.155509 1.739747 1.883019
 177.800000 2.102163 1.835449 4.090911
 178.000000 2.111806 1.740288 0.164280
 178.200000 2.059079 1.748916 0.630031
 178.400000 2.011955 1.749825 3.408283
 178.600000 2.011763 1.765461 3.616675
 178.800000 2.051300 1.835172 4.964486
 179.000000 2.103547 1.766384 0.263518
 179.200000 2.183891 1.722519 4.264929
 179.400000 2.048304 1.729635 1.185331
 179.600000 2.116644 1.705796 1.028935
 179.800000 2.219184 1.790016 8.784640
 180.000000 2.130227 1.766394 0.863829
 180.200000 1.973788 1.818194 9.927628
 180.400000 2.076124 1.780151 0.773191
 180.600000 2.010029 1.726378 3.738383
 180.800000 2.085492 1.735431 0.088625
 181.000000 2.086912 1.810397 2.144894
 181.200000 2.161055 1.757489 2.295689
 181.400000 2.125156 1.706644 1.221385
 181.600000 2.042460 1.702595 2.261717
 181.800000 2.154199 1.718438 2.149836
 182.000000 2.103837 1.803027 1.709087
 182.200000 2.072924 1.743750 0.231761
 182.400000 2.032103 1.826229 5.212569
 182.600000 2.061784 1.811994 2.753796
 182.800000 2.096055 1.780716 0.627504
 183.000000 2.102147 1.832443 3.824484
 183.200000 2.016123 1.767077 3.299736
 183.400000 2.127086 1.715641 0.975043
 183.600000 2.093915 1.712746 0.530954
 183.800000 2.218432 1.660301 11.307473
 184.000000 2.217697 1.690991 9.078029
 184.200000 2.094488 1.728499 0.141635
 184.400000 2.111531 1.839914 4.619969
 184.600000 2.057851 1.841673 5.308793
 184.800000 2.041403 1.689574 2.958404
 185.000000 2.114050 1.724406 0.412060
 185.200000 2.073055 1.700068 1.251979
 185.400000 2.050814 1.738288 0.974450
 185.600000 2.115961 1.784867 1.014150
 185.800000 2.074938 1.779430 0.770719
 186.000000 2.113743 1.759602 0.289032
 186.200000 2.126751 1.771165 0.857201
 186.400000 2.062168 1.705912 1.296168
 186.600000 2.153209 1.645189 6.743543
 186.800000 2.040225 1.770500 1.783962
 187.000000 2.066543 1.778009 0.921851
 187.200000 2.103030 1.848005 5.308447
 187.400000 2.072229 1.806680 2.127630
 187.600000 2.136750 1.858497 7.300462
 187.800000 2.111294 1.777950 0.674849
 188.000000 2.070335 1.824433 3.418160
 188.200000 2.140888 1.750685 1.095124
 188.400000 2.062315 1.687438 2.190246
 188.600000 2.199767 1.699775 6.589234
 188.800000 2.161380 1.671860 4.942407
 189.000000 2.056696 1.703192 1.598370
 189.200000 2.118909 1.746777 0.301525
 189.400000 2.056714 1.720381 1.021144
 189.600000 2.072329 1.787356 1.126575
 189.800000 2.142826 1.850606 6.714414
 190.000000 2.072104 1.775782 0.712145
 190.200000 2.104176 1.719303 0.386501
 190.400000 2.080493 1.796385 1.399966
 190.600000 2.136128 1.779668 1.460388
 190.800000 2.195428 1.681881 7.116597
 191.000000 2.068082 1.762042 0.485847
 191.200000 2.163433 1.750898 2.398595
 191.400000 2.135820 1.759553 0.959156
 191.600000 2.116037 1.779782 0.827689
 191.800000 2.138030 1.781934 1.621941
 192.000000 2.032698 1.741864 1.909258
 192.200000 2.012264 1.769757 3.671102
 192.400000 2.058776 1.786287 1.473145
 192.600000 1.974251 1.670016 10.053317
 192.800000 2.114085 1.717390 0.584126
 193.000000 2.070163 1.750003 0.304524
 193.200000 2.032685 1.708731 2.573816
 193.400000 2.190216 1.750305 4.603183
 193.600000 2.134006 1.771729 1.132995
 193.800000 2.105368 1.779142 0.631854
 194.000000 2.109955 1.758460 0.207260
 194.200000 2.040870 1.806816 3.322762
 194.400000 2.028079 1.818751 4.894310
 194.600000 2.057019 1.730091 0.814573
 194.800000 1.988740 1.776932 6.080860
 195.000000 2.014435 1.759734 3.300520
 195.200000 2.048837 1.712595 1.573530
 195.400000 2.051857 1.727200 1.069068
 195.600000 2.108715 1.702170 1.033895
 195.800000 2.143698 1.756348 1.276105
 196.000000 2.043293 1.744850 1.305825
 196.200000 2.072000 1.714776 0.717531
 196.400000 2.068276 1.716564 0.754826
 196.600000 2.094521 1.795261 1.246598
 196.800000 2.062750 1.878432 9.358879
 197.000000 2.052546 1.756205 0.934816
 197.200000 2.047421 1.708479 1.782236
 197.400000 2.070059 1.702813 1.199951
 197.600000 2.070488 1.803201 1.960334
 197.800000 2.082074 1.776531 0.562696
 198.000000 2.044049 1.768786 1.542463
 198.200000 2.089769 1.735389 0.060109
 198.400000 2.107369 1.651812 4.456887
 198.600000 2.045071 1.668161 4.193856
 198.800000 2.171013 1.714545 3.408975
 199.000000 2.062197 1.722129 0.787475
 199.200000 2.020835 1.726337 2.885865
 199.400000 2.148519 1.776237 1.942334
 199.600000 2.126218 1.723688 0.740519
 199.800000 2.097159 1.773068 0.388529
 200.000000 2.119334 1.737984 0.337945
