#! FIELDS time phi psi restraint.bias
#! SET min_phi -pi
#! SET max_phi pi
#! SET min_psi -pi
#! SET max_psi pi
 0.000000 -2.158383 -0.249949 220.044076
 0.200000 -2.431070 0.224284 7.862056
 0.400000 -2.276991 0.302244 14.952183
 0.600000 -2.368374 0.255035 7.239930
 0.800000 -2.391797 0.236199 7.703974
 1.000000 -2.452160 0.306007 0.964868
 1.200000 -2.253190 0.387431 18.837449
 1.400000 -2.382682 0.256248 6.154642
 1.600000 -2.457810 0.205479 10.411557
 1.800000 -2.417981 0.331405 0.480577
 2.000000 -2.330920 0.342412 6.354839
 2.200000 -2.385816 0.230313 8.712557
 2.400000 -2.416609 0.254464 4.835296
 2.600000 -2.361793 0.180305 17.574911
 2.800000 -2.425465 0.294514 1.649853
 3.000000 -2.367091 0.387838 3.667842
 3.200000 -2.386278 0.247385 6.804434
 3.400000 -2.455959 0.367701 0.251745
 3.600000 -2.410422 0.251669 5.288858
 3.800000 -2.385241 0.359390 1.748057
 4.000000 -2.390080 0.303046 2.483653
 4.200000 -2.435058 0.283474 2.186458
 4.400000 -2.420888 0.263994 3.873390
 4.600000 -2.347638 0.290409 6.311283
 4.800000 -2.398292 0.384789 1.658193
 5.000000 -2.480224 0.381232 1.193113
 5.200000 -2.492541 0.324725 1.500657
 5.400000 -2.407456 0.357503 0.683763
 5.600000 -2.341918 0.446603 9.912244
 5.800000 -2.454495 0.373106 0.349845
 6.000000 -2.456471 0.328812 0.289744
 6.200000 -2.413015 0.378124 0.885688
 6.400000 -2.410715 0.425815 3.481409
 6.600000 -2.463278 0.328242 0.413178
 6.800000 -2.396064 0.315234 1.695518
 7.000000 -2.414692 0.311689 1.112326
 7.200000 -2.446894 0.304927 0.980008
 7.400000 -2.374010 0.361416 2.488005
 7.600000 -2.351161 0.335180 4.356063
 7.800000 -2.472957 0.328097 0.654859
 8.000000 -2.504018 0.416499 4.107195
 8.200000 -2.333617 0.337659 6.097929
 8.400000 -2.384633 0.338569 1.785461
 8.600000 -2.435724 0.320937 0.425541
 8.800000 -2.418878 0.368176 0.484751
 9.000000 -2.450886 0.377508 0.432042
 9.200000 -2.379854 0.291835 3.660589
 9.400000 -2.399150 0.274052 3.795244
 9.600000 -2.470992 0.298577 1.653559
 9.800000 -2.411997 0.353505 0.504850
 10.000000 -2.405695 0.424768 3.578522
 10.200000 -2.425825 0.322548 0.507107
 10.400000 -2.441986 0.294354 1.497764
 10.600000 -2.424793 0.273397 3.037142
 10.800000 -2.426573 0.451752 5.414867
 11.000000 -2.451197 0.332769 0.162714
 11.200000 -2.449272 0.218858 8.493978
 11.400000 -2.360966 0.399519 4.675442
 11.600000 -2.425375 0.341342 0.193377
 11.800000 -2.469227 0.418716 2.757505
 12.000000 -2.450954 0.332861 0.159372
 12.200000 -2.383485 0.254886 6.233470
 12.400000 -2.448656 0.403372 1.488093
 12.600000 -2.488736 0.422572 3.726519
 12.800000 -2.429343 0.371836 0.358901
 13.000000 -2.411241 0.361510 0.596505
 13.200000 -2.420823 0.347806 0.257027
 13.400000 -2.449924 0.337047 0.093108
 13.600000 -2.484904 0.418397 3.262159
 13.800000 -2.426910 0.361207 0.210676
 14.000000 -2.448178 0.404838 1.566408
 14.200000 -2.456399 0.339709 0.127471
 14.400000 -2.460197 0.412231 2.134986
 14.600000 -2.439975 0.376222 0.374811
 14.800000 -2.425001 0.302007 1.277644
 15.000000 -2.466697 0.351696 0.273419
 15.200000 -2.469514 0.418069 2.720125
 15.400000 -2.481215 0.416494 2.985977
 15.600000 -2.445037 0.365634 0.138490
 15.800000 -2.457665 0.379760 0.571927
 16.000000 -2.489501 0.417134 3.376468
 16.200000 -2.433761 0.384835 0.686774
 16.400000 -2.421116 0.319204 0.695512
 16.600000 -2.447795 0.461096 6.284732
 16.800000 -2.471418 0.398450 1.610169
 17.000000 -2.500018 0.377852 2.013669
 17.200000 -2.436953 0.411620 1.977669
 17.400000 -2.431097 0.372454 0.349929
 17.600000 -2.442543 0.298750 1.266266
 17.800000 -2.431495 0.400972 1.418699
 18.000000 -2.448784 0.353164 0.022566
 18.200000 -2.482483 0.309312 1.551550
 18.400000 -2.417268 0.347257 0.344670
 18.600000 -2.461555 0.431276 3.542991
 18.800000 -2.414388 0.255631 4.787624
 19.000000 -2.454935 0.355919 0.089316
 19.200000 -2.338715 0.390333 6.337376
 19.400000 -2.513604 0.339834 2.502650
 19.600000 -2.502286 0.309496 2.513081
 19.800000 -2.341921 0.391114 6.039246
 20.000000 -2.402499 0.321321 1.223830
 20.200000 -2.531213 0.369534 4.059724
 20.400000 -2.448304 0.337440 0.079310
 20.600000 -2.391514 0.339115 1.398741
 20.800000 -2.381395 0.289044 3.727413
 21.000000 -2.468564 0.346063 0.319583
 21.200000 -2.495052 0.319822 1.758443
 21.400000 -2.459001 0.427934 3.230854
 21.600000 -2.396355 0.344652 1.119237
 21.800000 -2.424608 0.367278 0.343563
 22.000000 -2.469325 0.343949 0.347576
 22.200000 -2.469799 0.351258 0.349254
 22.400000 -2.461802 0.344474 0.178736
 22.600000 -2.376397 0.497524 13.268692
 22.800000 -2.505849 0.349706 1.946350
 23.000000 -2.434047 0.391359 0.938668
 23.200000 -2.302450 0.317981 10.425154
 23.400000 -2.528160 0.378581 4.022492
 23.600000 -2.439462 0.389433 0.822755
 23.800000 -2.325705 0.397507 8.106492
 24.000000 -2.427164 0.363892 0.242698
 24.200000 -2.510798 0.291076 3.948502
 24.400000 -2.377236 0.427550 5.272730
 24.600000 -2.472360 0.402417 1.840742
 24.800000 -2.472988 0.351350 0.438526
 25.000000 -2.323894 0.351325 7.150648
 25.200000 -2.452798 0.361118 0.116211
 25.400000 -2.493547 0.326634 1.505896
 25.600000 -2.433600 0.356907 0.079357
 25.800000 -2.367978 0.325851 3.118341
 26.000000 -2.531121 0.340223 3.881232
 26.200000 -2.368952 0.285951 4.767517
 26.400000 -2.436579 0.307489 0.887981
 26.600000 -2.366991 0.316240 3.462617
 26.800000 -2.422948 0.319349 0.651931
 27.000000 -2.449571 0.303469 1.058188
 27.200000 -2.405911 0.317055 1.217336
 27.400000 -2.456218 0.326987 0.325107
 27.600000 -2.399610 0.298275 2.251310
 27.800000 -2.423827 0.390898 1.067706
 28.000000 -2.360460 0.372138 3.710728
 28.200000 -2.518418 0.262594 6.548013
 28.400000 -2.337421 0.348639 5.622360
 28.600000 -2.355942 0.412040 5.812599
 28.800000 -2.411607 0.315176 1.081606
 29.000000 -2.426412 0.371408 0.394914
 29.200000 -2.357244 0.443845 8.208260
 29.400000 -2.447306 0.347234 0.009069
 29.600000 -2.448066 0.270937 3.062687
 29.800000 -2.367273 0.385078 3.550704
 30.000000 -2.380671 0.359972 2.030751
 30.200000 -2.366759 0.312264 3.618784
 30.400000 -2.450598 0.317353 0.528313
 30.600000 -2.404842 0.327729 0.973326
 30.800000 -2.410290 0.350744 0.551551
 31.000000 -2.349652 0.312848 5.055898
 31.200000 -2.416222 0.330546 0.542465
 31.400000 -2.501831 0.343964 1.716528
 31.600000 -2.375308 0.387771 3.071440
 31.800000 -2.367329 0.356032 2.922269
 32.000000 -2.486072 0.191408 13.335817
 32.200000 -2.473762 0.313231 1.101147
 32.400000 -2.368149 0.380262 3.322574
 32.600000 -2.446795 0.340119 0.045579
 32.800000 -2.486495 0.279163 3.369120
 33.000000 -2.442830 0.345338 0.007148
 33.200000 -2.359024 0.378788 4.006462
 33.400000 -2.473204 0.249449 5.404071
 33.600000 -2.494468 0.266749 4.688917
 33.800000 -2.431432 0.371410 0.321980
 34.000000 -2.465754 0.298747 1.514504
 34.200000 -2.432826 0.338336 0.114118
 34.400000 -2.445917 0.362592 0.094490
 34.600000 -2.434056 0.281520 2.325425
 34.800000 -2.390550 0.274184 4.203455
 35.000000 -2.432274 0.390811 0.933878
 35.200000 -2.383140 0.369160 2.021168
 35.400000 -2.441927 0.250782 4.830987
 35.600000 -2.413824 0.321645 0.815131
 35.800000 -2.328302 0.433970 10.235132
 36.000000 -2.377122 0.303687 3.230003
 36.200000 -2.406433 0.255669 5.047061
 36.400000 -2.422228 0.288233 2.075728
 36.600000 -2.390917 0.287660 3.265753
 36.800000 -2.344555 0.368998 5.089795
 37.000000 -2.428592 0.301497 1.241961
 37.200000 -2.469125 0.273545 3.181009
 37.400000 -2.348686 0.289787 6.248156
 37.600000 -2.463819 0.317264 0.712915
 37.800000 -2.394294 0.367909 1.386205
 38.000000 -2.365634 0.378427 3.459536
 38.200000 -2.459482 0.283567 2.273390
 38.400000 -2.358305 0.328105 3.845482
 38.600000 -2.403331 0.414587 2.951724
 38.800000 -2.462272 0.259421 4.195029
 39.000000 -2.460032 0.250437 5.001081
 39.200000 -2.346707 0.380785 5.183681
 39.400000 -2.410537 0.336171 0.625120
 39.600000 -2.433475 0.237455 6.278377
 39.800000 -2.410162 0.340897 0.587771
 40.000000 -2.401600 0.367524 1.046506
 40.200000 -2.460917 0.351967 0.156563
 40.400000 -2.414228 0.374410 0.748447
 40.600000 -2.334926 0.322309 6.247865
 40.800000 -2.506893 0.275730 4.700898
 41.000000 -2.434596 0.372212 0.307173
 41.200000 -2.353250 0.341221 4.099763
 41.400000 -2.418497 0.276512 2.943655
 41.600000 -2.476720 0.281587 2.829783
 41.800000 -2.431735 0.329707 0.256139
 42.000000 -2.380847 0.349836 1.960568
 42.200000 -2.398207 0.306895 1.913150
 42.400000 -2.455569 0.360584 0.139635
 42.600000 -2.454398 0.364681 0.181738
 42.800000 -2.366771 0.400985 4.288490
 43.000000 -2.420909 0.342125 0.278381
 43.200000 -2.487143 0.356550 0.982058
 43.400000 -2.456242 0.338953 0.132812
 43.600000 -2.362502 0.392132 4.204510
 43.800000 -2.438094 0.383129 0.594552
 44.000000 -2.466136 0.389878 1.089909
 44.200000 -2.437271 0.420683 2.583661
 44.400000 -2.421737 0.248529 5.289841
 44.600000 -2.437590 0.416049 2.260614
 44.800000 -2.453724 0.406747 1.716228
 45.000000 -2.467469 0.347585 0.289291
 45.200000 -2.515846 0.352615 2.626125
 45.400000 -2.432137 0.344718 0.073566
 45.600000 -2.374593 0.399402 3.638264
 45.800000 -2.430984 0.293182 1.639315
 46.000000 -2.526445 0.264435 7.024401
 46.200000 -2.402977 0.379421 1.280188
 46.400000 -2.317447 0.382194 8.488485
 46.600000 -2.434435 0.312541 0.707778
 46.800000 -2.387582 0.276449 4.197842
 47.000000 -2.415721 0.321356 0.768665
 47.200000 -2.464519 0.423748 3.010421
 47.400000 -2.370411 0.403412 4.144852
 47.600000 -2.461856 0.321362 0.552955
 47.800000 -2.447970 0.300134 1.207317
 48.000000 -2.397862 0.328647 1.248079
 48.200000 -2.403399 0.411247 2.735696
 48.400000 -2.455812 0.414216 2.198565
 48.600000 -2.486562 0.310365 1.677716
 48.800000 -2.436999 0.307436 0.887382
 49.000000 -2.441501 0.398459 1.221744
 49.200000 -2.418236 0.443845 4.809665
 49.400000 -2.473996 0.383669 1.064908
 49.600000 -2.438847 0.387945 0.766443
 49.800000 -2.367777 0.355033 2.881801
 50.000000 -2.469456 0.386487 1.038057
 50.200000 -2.477992 0.350499 0.597211
 50.400000 -2.348143 0.373442 4.839890
 50.600000 -2.425248 0.269909 3.298738
 50.800000 -2.424362 0.381716 0.715397
 51.000000 -2.442149 0.388442 0.776108
 51.200000 -2.459941 0.335330 0.230139
 51.400000 -2.384063 0.288356 3.606875
 51.600000 -2.358887 0.313387 4.212846
 51.800000 -2.437467 0.352692 0.024537
 52.000000 -2.432428 0.371202 0.305875
 52.200000 -2.366361 0.313114 3.618484
 52.400000 -2.385254 0.353146 1.702356
 52.600000 -2.417830 0.390050 1.168326
 52.800000 -2.418221 0.291805 1.957958
 53.000000 -2.415605 0.260116 4.344007
 53.200000 -2.436249 0.396464 1.149281
 53.400000 -2.308173 0.371507 9.403251
 53.600000 -2.435116 0.300784 1.200379
 53.800000 -2.524023 0.339625 3.289720
 54.000000 -2.459342 0.306179 1.045756
 54.200000 -2.425185 0.388376 0.939646
 54.400000 -2.481841 0.423730 3.523844
 54.600000 -2.416787 0.283366 2.513991
 54.800000 -2.356766 0.434392 7.398237
 55.000000 -2.542687 0.285005 6.974842
 55.200000 -2.395536 0.329041 1.348914
 55.400000 -2.438324 0.399091 1.264476
 55.600000 -2.412464 0.291644 2.129054
 55.800000 -2.501983 0.353035 1.720301
 56.000000 -2.404012 0.437307 4.671326
 56.200000 -2.461725 0.319869 0.593011
 56.400000 -2.407982 0.391529 1.530937
 56.600000 -2.439894 0.323758 0.326615
 56.800000 -2.404897 0.337092 0.815264
 57.000000 -2.438955 0.395495 1.088007
 57.200000 -2.422151 0.431585 3.631723
 57.400000 -2.493426 0.286417 3.210699
 57.600000 -2.507573 0.379800 2.527454
 57.800000 -2.313229 0.387410 9.215302
 58.000000 -2.450104 0.374639 0.349047
 58.200000 -2.470159 0.342986 0.374886
 58.400000 -2.351134 0.314693 4.852904
 58.600000 -2.437152 0.439249 4.086399
 58.800000 -2.479526 0.347827 0.651114
 59.000000 -2.387271 0.420883 4.157525
 59.200000 -2.465926 0.327538 0.484071
 59.400000 -2.483939 0.342309 0.842065
 59.600000 -2.422279 0.388207 0.990356
 59.800000 -2.404105 0.341940 0.799847
 60.000000 -2.472484 0.347219 0.422869
 60.200000 -2.554236 0.347311 6.137084
 60.400000 -2.369307 0.364575 2.869644
 60.600000 -2.438216 0.400428 1.332792
 60.800000 -2.549852 0.300035 6.861507
 61.000000 -2.364773 0.334521 3.201686
 61.200000 -2.439841 0.428743 3.180791
 61.400000 -2.514659 0.341351 2.564358
 61.600000 -2.396258 0.297867 2.424752
 61.800000 -2.450533 0.332854 0.156422
 62.000000 -2.461908 0.387176 0.896346
 62.200000 -2.346114 0.335437 4.831097
 62.400000 -2.392167 0.312107 1.998483
 62.600000 -2.564133 0.318295 7.754335
 62.800000 -2.411021 0.355867 0.549309
 63.000000 -2.367358 0.377793 3.308466
 63.200000 -2.482748 0.241574 6.549043
 63.400000 -2.416390 0.269985 3.493336
 63.600000 -2.320036 0.389026 8.415231
 63.800000 -2.439186 0.312392 0.681607
 64.000000 -2.462350 0.336643 0.255558
 64.200000 -2.471328 0.314821 0.974635
 64.400000 -2.430438 0.327069 0.326723
 64.600000 -2.404582 0.375207 1.097481
 64.800000 -2.431287 0.338284 0.132237
 65.000000 -2.420211 0.288937 2.078027
 65.200000 -2.485636 0.350741 0.890783
 65.400000 -2.502328 0.283967 3.851589
 65.600000 -2.378331 0.447726 6.987906
 65.800000 -2.430647 0.395817 1.174933
 66.000000 -2.415922 0.207633 10.380860
 66.200000 -2.439640 0.315457 0.572087
 66.400000 -2.413433 0.441281 4.702699
 66.600000 -2.536487 0.403137 5.788757
 66.800000 -2.406942 0.303761 1.693105
 67.000000 -2.434172 0.346310 0.046942
 67.200000 -2.392989 0.370259 1.498263
 67.400000 -2.426242 0.381389 0.670651
 67.600000 -2.480718 0.319268 1.137994
 67.800000 -2.470083 0.391378 1.249541
 68.000000 -2.409458 0.382067 1.122668
 68.200000 -2.414602 0.388434 1.191345
 68.400000 -2.519740 0.394499 3.941296
 68.600000 -2.394027 0.355587 1.243135
 68.800000 -2.427446 0.331303 0.285996
 69.000000 -2.396829 0.367902 1.264674
 69.200000 -2.434527 0.448548 4.988275
 69.400000 -2.469715 0.348016 0.345183
 69.600000 -2.418045 0.412781 2.352824
 69.800000 -2.392501 0.430444 4.609645
 70.000000 -2.419525 0.378476 0.718952
 70.200000 -2.482673 0.398018 1.966938
 70.400000 -2.387628 0.357121 1.591082
 70.600000 -2.416247 0.327261 0.608031
 70.800000 -2.480099 0.400134 1.975140
 71.000000 -2.392703 0.306517 2.193365
 71.200000 -2.397744 0.316047 1.590144
 71.400000 -2.454828 0.391994 0.986009
 71.600000 -2.443291 0.356733 0.029408
 71.800000 -2.481673 0.314456 1.328977
 72.000000 -2.440432 0.337407 0.072549
 72.200000 -2.410599 0.358729 0.586647
 72.400000 -2.443866 0.335752 0.088714
 72.600000 -2.431324 0.373685 0.376713
 72.800000 -2.410483 0.353811 0.555022
 73.000000 -2.449439 0.325074 0.305673
 73.200000 -2.485351 0.279373 3.305928
 73.400000 -2.312149 0.427101 11.666225
 73.600000 -2.474655 0.384760 1.123582
 73.800000 -2.516293 0.326346 2.910341
 74.000000 -2.357423 0.315507 4.264370
 74.200000 -2.416725 0.463825 6.942205
 74.400000 -2.480752 0.367959 0.873801
 74.600000 -2.398466 0.325721 1.284762
 74.800000 -2.348085 0.308291 5.379580
 75.000000 -2.537184 0.421412 7.009000
 75.200000 -2.441935 0.413049 2.048116
 75.400000 -2.416641 0.324639 0.657988
 75.600000 -2.495114 0.305841 2.268244
 75.800000 -2.417170 0.372832 0.628001
 76.000000 -2.376271 0.397337 3.422270
 76.200000 -2.417626 0.322327 0.691222
 76.400000 -2.430597 0.390664 0.947926
 76.600000 -2.438227 0.373741 0.318135
 76.800000 -2.403595 0.285524 2.813438
 77.000000 -2.400180 0.422277 3.616571
 77.200000 -2.438500 0.345654 0.018128
 77.400000 -2.431029 0.317079 0.588856
 77.600000 -2.464280 0.313447 0.851085
 77.800000 -2.406707 0.381109 1.188786
 78.000000 -2.445881 0.380181 0.486991
 78.200000 -2.438374 0.312986 0.663809
 78.400000 -2.395575 0.407166 2.834333
 78.600000 -2.348207 0.325334 4.818263
 78.800000 -2.496620 0.442785 5.804567
 79.000000 -2.393113 0.331305 1.425200
 79.200000 -2.456858 0.307744 0.943499
 79.400000 -2.436809 0.346326 0.025877
 79.600000 -2.424957 0.384486 0.798507
 79.800000 -2.459085 0.398172 1.327766
 80.000000 -2.392081 0.323169 1.655308
 80.200000 -2.448216 0.341664 0.038700
 80.400000 -2.414882 0.390919 1.284209
 80.600000 -2.396193 0.360611 1.183767
 80.800000 -2.432382 0.317219 0.568487
 81.000000 -2.506504 0.248631 7.030793
 81.200000 -2.420308 0.403345 1.741132
 81.400000 -2.410535 0.460064 6.702415
 81.600000 -2.444882 0.303380 1.044608
 81.800000 -2.486871 0.336491 1.021287
 82.000000 -2.357392 0.450670 8.865653
 82.200000 -2.390195 0.452669 6.785376
 82.400000 -2.444648 0.290404 1.721300
 82.600000 -2.388718 0.369904 1.715491
 82.800000 -2.484990 0.333733 0.979899
 83.000000 -2.407517 0.356836 0.676157
 83.200000 -2.355098 0.388328 4.674774
 83.400000 -2.437350 0.273534 2.871238
 83.600000 -2.453496 0.304116 1.060588
 83.800000 -2.325979 0.420718 9.467955
 84.000000 -2.399897 0.369551 1.158712
 84.200000 -2.538393 0.250048 9.408326
 84.400000 -2.477365 0.284247 2.675519
 84.600000 -2.402493 0.433039 4.364906
 84.800000 -2.393936 0.313031 1.875634
 85.000000 -2.460422 0.307056 1.026280
 85.200000 -2.412345 0.305467 1.434545
 85.400000 -2.466094 0.382534 0.816199
 85.600000 -2.410601 0.328873 0.743768
 85.800000 -2.404808 0.311786 1.441901
 86.000000 -2.476498 0.324425 0.849291
 86.200000 -2.439415 0.299433 1.239883
 86.400000 -2.411139 0.313706 1.147495
 86.600000 -2.341827 0.282169 7.402307
 86.800000 -2.514525 0.289851 4.278247
 87.000000 -2.447874 0.339682 0.053771
 87.200000 -2.431316 0.301028 1.227552
 87.400000 -2.330048 0.332846 6.562760
 87.600000 -2.459493 0.317537 0.625544
 87.800000 -2.509844 0.343738 2.217541
 88.000000 -2.326310 0.329786 7.048041
 88.200000 -2.335057 0.347410 5.877100
 88.400000 -2.418292 0.383939 0.924823
 88.600000 -2.476156 0.279775 2.935052
 88.800000 -2.407803 0.392017 1.558149
 89.000000 -2.334159 0.360627 6.040247
 89.200000 -2.365612 0.356518 3.057988
 89.400000 -2.412200 0.248398 5.555657
 89.600000 -2.448706 0.321094 0.404978
 89.800000 -2.416831 0.327588 0.585224
 90.000000 -2.324607 0.337009 7.135847
 90.200000 -2.447083 0.329589 0.196238
 90.400000 -2.463788 0.272607 3.129567
 90.600000 -2.382710 0.373853 2.152520
 90.800000 -2.361631 0.378329 3.776242
 91.000000 -2.395429 0.271460 4.164848
 91.200000 -2.491703 0.247999 6.270932
 91.400000 -2.372260 0.384769 3.172135
 91.600000 -2.382748 0.315962 2.390934
 91.800000 -2.409720 0.242389 6.259201
 92.000000 -2.432738 0.280855 2.383876
 92.200000 -2.400761 0.314606 1.505394
 92.400000 -2.368448 0.356991 2.844854
 92.600000 -2.364318 0.371269 3.378295
 92.800000 -2.419100 0.315720 0.852702
 93.000000 -2.436275 0.353145 0.034138
 93.200000 -2.385762 0.276374 4.306648
 93.400000 -2.314975 0.374789 8.585143
 93.600000 -2.412526 0.389227 1.284929
 93.800000 -2.316737 0.276968 10.628584
 94.000000 -2.468561 0.323749 0.635473
 94.200000 -2.429809 0.342170 0.116971
 94.400000 -2.392492 0.399429 2.567108
 94.600000 -2.446822 0.321981 0.372444
 94.800000 -2.486794 0.294501 2.427549
 95.000000 -2.431520 0.391722 0.981084
 95.200000 -2.361340 0.444494 7.925220
 95.400000 -2.403502 0.370985 1.038596
 95.600000 -2.433140 0.408267 1.805673
 95.800000 -2.392008 0.366604 1.477520
 96.000000 -2.463501 0.425727 3.139260
 96.200000 -2.419334 0.374080 0.603896
 96.400000 -2.346365 0.413002 6.757695
 96.600000 -2.471002 0.288489 2.214040
 96.800000 -2.442342 0.335013 0.099370
 97.000000 -2.398753 0.413618 3.082939
 97.200000 -2.481906 0.365692 0.877205
 97.400000 -2.565216 0.255477 11.791577
 97.600000 -2.399847 0.331306 1.108790
 97.800000 -2.425958 0.404108 1.667982
 98.000000 -2.390279 0.409988 3.269886
 98.200000 -2.477652 0.382913 1.157350
 98.400000 -2.554876 0.286728 8.149602
 98.600000 -2.373174 0.546019 21.865428
 98.800000 -2.439483 0.440678 4.204273
 99.000000 -2.516773 0.351465 2.690242
 99.200000 -2.469367 0.435758 4.093340
 99.400000 -2.448392 0.361808 0.093335
 99.600000 -2.507667 0.365186 2.191142
 99.800000 -2.449391 0.428037 3.135790
 100.000000 -2.486896 0.375914 1.303694
 100.200000 -2.506378 0.410860 3.888556
 100.400000 -2.399063 0.367687 1.158959
 100.600000 -2.541684 0.377688 5.233476
 100.800000 -2.447750 0.360198 0.071157
 101.000000 -2.438302 0.380450 0.505797
 101.200000 -2.421632 0.500843 11.756380
 101.400000 -2.480427 0.461749 7.032017
 101.600000 -2.444461 0.340424 0.037840
 101.800000 -2.457542 0.437074 3.971849
 102.000000 -2.467138 0.407631 1.995217
 102.200000 -2.524098 0.401942 4.649093
 102.400000 -2.414567 0.422916 3.144377
 102.600000 -2.478391 0.437582 4.527600
 102.800000 -2.565403 0.335611 7.525467
 103.000000 -2.490126 0.429153 4.295824
 103.200000 -2.411528 0.413373 2.577556
 103.400000 -2.495473 0.385709 2.024022
 103.600000 -2.532258 0.312400 4.614658
 103.800000 -2.452767 0.393227 1.018387
 104.000000 -2.449342 0.453333 5.453081
 104.200000 -2.550177 0.410155 7.560137
 104.400000 -2.493810 0.296431 2.652704
 104.600000 -2.435618 0.401725 1.417264
 104.800000 -2.467329 0.428513 3.440790
 105.000000 -2.414181 0.365242 0.559497
 105.200000 -2.444019 0.335150 0.096983
 105.400000 -2.469546 0.346050 0.344762
 105.600000 -2.443152 0.418842 2.434402
 105.800000 -2.374078 0.377517 2.811738
 106.000000 -2.502356 0.307077 2.615831
 106.200000 -2.512661 0.402202 3.806070
 106.400000 -2.371763 0.384717 3.205826
 106.600000 -2.484918 0.345643 0.865188
 106.800000 -2.442475 0.276278 2.649526
 107.000000 -2.481525 0.343016 0.742723
 107.200000 -2.453232 0.329842 0.232517
 107.400000 -2.392651 0.354905 1.307893
 107.600000 -2.402875 0.382043 1.367342
 107.800000 -2.481272 0.266573 4.117411
 108.000000 -2.444638 0.433066 3.528683
 108.200000 -2.350425 0.346429 4.331364
 108.400000 -2.433969 0.317759 0.535122
 108.600000 -2.511661 0.356112 2.350439
 108.800000 -2.450671 0.393408 1.009117
 109.000000 -2.441027 0.332458 0.140871
 109.200000 -2.436681 0.386518 0.724316
 109.400000 -2.479068 0.406168 2.264257
 109.600000 -2.481433 0.327240 0.959119
 109.800000 -2.339643 0.338413 5.445777
 110.000000 -2.375944 0.371312 2.526718
 110.200000 -2.490772 0.307998 1.962464
 110.400000 -2.408649 0.361052 0.677783
 110.600000 -2.448070 0.326011 0.276375
 110.800000 -2.447817 0.437238 3.896631
 111.000000 -2.438276 0.308982 0.816805
 111.200000 -2.463372 0.335488 0.290391
 111.400000 -2.428507 0.357938 0.151174
 111.600000 -2.403159 0.386407 1.509296
 111.800000 -2.480160 0.417276 2.999742
 112.000000 -2.428351 0.350219 0.114825
 112.200000 -2.462450 0.341334 0.210185
 112.400000 -2.379919 0.348675 2.018844
 112.600000 -2.400191 0.453749 6.415457
 112.800000 -2.495804 0.390451 2.226239
 113.000000 -2.457715 0.297498 1.431228
 113.200000 -2.411368 0.324017 0.828720
 113.400000 -2.399492 0.400489 2.288814
 113.600000 -2.406044 0.361139 0.772892
 113.800000 -2.414019 0.324139 0.744094
 114.000000 -2.441092 0.355438 0.023105
 114.200000 -2.364733 0.331218 3.258289
 114.400000 -2.377276 0.344638 2.200034
 114.600000 -2.459211 0.286240 2.097585
 114.800000 -2.435794 0.330956 0.193365
 115.000000 -2.335926 0.394363 6.807842
 115.200000 -2.387417 0.423865 4.367909
 115.400000 -2.456362 0.375899 0.443220
 115.600000 -2.449382 0.306232 0.934893
 115.800000 -2.420531 0.351068 0.264886
 116.000000 -2.363338 0.307125 4.089333
 116.200000 -2.432519 0.307613 0.919041
 116.400000 -2.454724 0.383528 0.657246
 116.600000 -2.394343 0.312095 1.889679
 116.800000 -2.416297 0.320492 0.777193
 117.000000 -2.468250 0.423843 3.103041
 117.200000 -2.414230 0.252579 5.082055
 117.400000 -2.446032 0.340700 0.038303
 117.600000 -2.499658 0.380128 2.061492
 117.800000 -2.395033 0.347405 1.174004
 118.000000 -2.529041 0.340287 3.700531
 118.200000 -2.441187 0.275831 2.684251
 118.400000 -2.368812 0.348166 2.786652
 118.600000 -2.464558 0.342568 0.243663
 118.800000 -2.386176 0.265550 5.128247
 119.000000 -2.469586 0.375443 0.689131
 119.200000 -2.365645 0.286513 4.984112
 119.400000 -2.344545 0.332602 5.027727
 119.600000 -2.410245 0.328065 0.772162
 119.800000 -2.530898 0.324253 4.130425
 120.000000 -2.443114 0.300447 1.181951
 120.200000 -2.361425 0.456489 9.134761
 120.400000 -2.492709 0.384127 1.827305
 120.600000 -2.524073 0.319258 3.693400
 120.800000 -2.345804 0.333876 4.883768
 121.000000 -2.427163 0.384430 0.758131
 121.200000 -2.486120 0.355996 0.933921
 121.400000 -2.477226 0.369397 0.776721
 121.600000 -2.413216 0.420471 3.006723
 121.800000 -2.378192 0.318564 2.595220
 122.000000 -2.483409 0.380339 1.286945
 122.200000 -2.498983 0.409391 3.360881
 122.400000 -2.489933 0.356325 1.106165
 122.600000 -2.440143 0.378459 0.437496
 122.800000 -2.377349 0.325449 2.464252
 123.000000 -2.489175 0.425855 3.993176
 123.200000 -2.482763 0.405354 2.356478
 123.400000 -2.394173 0.252650 5.862714
 123.600000 -2.403348 0.322922 1.146280
 123.800000 -2.345052 0.361944 4.925039
 124.000000 -2.424712 0.419131 2.630294
 124.200000 -2.386741 0.383109 2.188057
 124.400000 -2.398178 0.352677 1.031795
 124.600000 -2.427068 0.363081 0.232576
 124.800000 -2.476057 0.368832 0.726583
 125.000000 -2.412269 0.296308 1.878174
 125.200000 -2.410097 0.362972 0.653277
 125.400000 -2.444801 0.362385 0.089594
 125.600000 -2.432921 0.412070 2.040308
 125.800000 -2.383308 0.357236 1.842563
 126.000000 -2.477954 0.305999 1.522285
 126.200000 -2.459943 0.374073 0.448507
 126.400000 -2.339400 0.385506 6.078312
 126.600000 -2.410956 0.424049 3.339568
 126.800000 -2.541435 0.455280 10.440212
 127.000000 -2.332627 0.254358 10.626798
 127.200000 -2.501172 0.388579 2.445917
 127.400000 -2.329992 0.355679 6.459448
 127.600000 -2.366991 0.319064 3.373884
 127.800000 -2.452054 0.394838 1.084458
 128.000000 -2.415028 0.393389 1.386457
 128.200000 -2.396550 0.302513 2.183894
 128.400000 -2.445960 0.382084 0.548226
 128.600000 -2.484605 0.330026 1.027653
 128.800000 -2.488673 0.428008 4.138034
 129.000000 -2.432562 0.471509 7.555505
 129.200000 -2.425705 0.360251 0.220191
 129.400000 -2.518865 0.312402 3.515025
 129.600000 -2.513953 0.333445 2.606573
 129.800000 -2.393530 0.395928 2.344593
 130.000000 -2.390025 0.287021 3.352504
 130.200000 -2.459249 0.277774 2.665924
 130.400000 -2.414264 0.411701 2.387827
 130.600000 -2.425703 0.336811 0.232750
 130.800000 -2.474947 0.280702 2.832464
 131.000000 -2.371108 0.285317 4.649389
 131.200000 -2.458787 0.417913 2.487409
 131.400000 -2.473142 0.316647 0.965957
 131.600000 -2.395150 0.258920 5.230078
 131.800000 -2.428789 0.372418 0.380282
 132.000000 -2.457738 0.312612 0.766345
 132.200000 -2.392968 0.274831 4.030214
 132.400000 -2.410385 0.312524 1.214633
 132.600000 -2.399521 0.349982 0.965760
 132.800000 -2.424333 0.280917 2.505057
 133.000000 -2.453683 0.285265 2.087494
 133.200000 -2.407554 0.430445 3.955957
 133.400000 -2.408937 0.342803 0.615551
 133.600000 -2.477863 0.265508 4.082699
 133.800000 -2.394303 0.406826 2.876329
 134.000000 -2.393947 0.397229 2.385664
 134.200000 -2.519217 0.277528 5.428326
 134.400000 -2.458891 0.404512 1.656189
 134.600000 -2.372511 0.425522 5.439714
 134.800000 -2.498287 0.342904 1.521947
 135.000000 -2.454856 0.249845 4.987305
 135.200000 -2.427334 0.461227 6.420162
 135.400000 -2.497108 0.313158 2.083665
 135.600000 -2.446790 0.404838 1.560785
 135.800000 -2.473605 0.364463 0.572855
 136.000000 -2.431171 0.238946 6.138689
 136.200000 -2.448210 0.386309 0.704808
 136.400000 -2.424801 0.334862 0.274970
 136.600000 -2.439218 0.374441 0.330954
 136.800000 -2.411468 0.392137 1.439362
 137.000000 -2.480672 0.335940 0.778466
 137.200000 -2.502472 0.363287 1.842268
 137.400000 -2.443062 0.383523 0.593738
 137.600000 -2.439261 0.380649 0.507572
 137.800000 -2.460264 0.318221 0.616875
 138.000000 -2.437815 0.365944 0.158376
 138.200000 -2.510350 0.393478 3.223328
 138.400000 -2.451629 0.377836 0.447225
 138.600000 -2.370121 0.347110 2.691289
 138.800000 -2.450206 0.395376 1.095068
 139.000000 -2.468960 0.371904 0.585891
 139.200000 -2.417476 0.338664 0.391714
 139.400000 -2.400319 0.423683 3.714495
 139.600000 -2.407291 0.397455 1.824882
 139.800000 -2.442988 0.309438 0.785305
 140.000000 -2.392111 0.370572 1.549643
 140.200000 -2.309887 0.390934 9.797450
 140.400000 -2.532794 0.381149 4.504908
 140.600000 -2.437592 0.293512 1.560346
 140.800000 -2.370197 0.408393 4.443634
 141.000000 -2.403277 0.368453 0.995306
 141.200000 -2.476720 0.319704 0.984116
 141.400000 -2.488004 0.420806 3.565362
 141.600000 -2.421702 0.319185 0.683157
 141.800000 -2.439571 0.278151 2.522044
 142.000000 -2.488269 0.298789 2.267759
 142.200000 -2.508571 0.393516 3.107573
 142.400000 -2.475562 0.481245 9.250904
 142.600000 -2.473813 0.292879 2.039112
 142.800000 -2.503282 0.336535 1.867783
 143.000000 -2.439812 0.443512 4.466647
 143.200000 -2.356728 0.312275 4.438055
 143.400000 -2.432464 0.487127 9.590961
 143.600000 -2.454932 0.386836 0.779079
 143.800000 -2.455229 0.279643 2.478990
 144.000000 -2.445390 0.494289 10.546744
 144.200000 -2.325284 0.322492 7.335989
 144.400000 -2.513503 0.406975 4.129658
 144.600000 -2.513276 0.449484 7.478987
 144.800000 -2.387998 0.269788 4.680502
 145.000000 -2.400165 0.433487 4.500753
 145.200000 -2.369952 0.375749 3.057748
 145.400000 -2.495164 0.396175 2.446210
 145.600000 -2.423746 0.306536 1.098733
 145.800000 -2.366735 0.324317 3.249655
 146.000000 -2.476928 0.440099 4.703535
 146.200000 -2.443770 0.270884 3.056250
 146.400000 -2.433288 0.356947 0.082793
 146.600000 -2.433655 0.415409 2.248794
 146.800000 -2.373317 0.351933 2.464185
 147.000000 -2.447346 0.335187 0.103855
 147.200000 -2.488566 0.357759 1.055018
 147.400000 -2.450137 0.433484 3.585458
 147.600000 -2.331306 0.347867 6.290056
 147.800000 -2.477485 0.333966 0.692828
 148.000000 -2.572309 0.293703 9.833389
 148.200000 -2.394276 0.345272 1.216781
 148.400000 -2.446730 0.395831 1.098825
 148.600000 -2.528785 0.344569 3.650241
 148.800000 -2.405797 0.397715 1.892619
 149.000000 -2.459915 0.334157 0.246493
 149.200000 -2.530276 0.354848 3.785161
 149.400000 -2.402141 0.423359 3.613364
 149.600000 -2.414158 0.296770 1.796752
 149.800000 -2.474751 0.316547 1.018294
 150.000000 -2.431893 0.341848 0.092962
 150.200000 -2.446831 0.454891 5.605130
 150.400000 -2.430226 0.351682 0.090998
 150.600000 -2.434843 0.295425 1.475783
 150.800000 -2.417015 0.403905 1.853383
 151.000000 -2.460880 0.396092 1.257434
 151.200000 -2.471926 0.400641 1.735134
 151.400000 -2.426792 0.341678 0.166223
 151.600000 -2.469025 0.353685 0.337422
 151.800000 -2.472687 0.298625 1.699243
 152.000000 -2.426285 0.356448 0.174755
 152.200000 -2.408531 0.377604 1.017262
 152.400000 -2.444328 0.253404 4.575997
 152.600000 -2.481541 0.414357 2.856551
 152.800000 -2.384308 0.374618 2.075979
 153.000000 -2.417768 0.336991 0.402974
 153.200000 -2.446576 0.290880 1.697647
 153.400000 -2.446390 0.337444 0.071819
 153.600000 -2.375859 0.382447 2.842144
 153.800000 -2.471117 0.357520 0.418181
 154.000000 -2.421671 0.320446 0.646951
 154.200000 -2.463709 0.425175 3.101313
 154.400000 -2.467060 0.357246 0.311911
 154.600000 -2.409492 0.340768 0.611371
 154.800000 -2.352328 0.406804 5.819460
 155.000000 -2.485440 0.366016 1.024774
 155.200000 -2.510584 0.346776 2.255367
 155.400000 -2.389911 0.443777 5.918954
 155.600000 -2.425017 0.331300 0.327911
 155.800000 -2.518428 0.337232 2.880080
 156.000000 -2.436746 0.364817 0.146586
 156.200000 -2.428554 0.393904 1.116330
 156.400000 -2.460945 0.345710 0.158483
 156.600000 -2.414392 0.421041 3.012707
 156.800000 -2.524262 0.376494 3.640509
 157.000000 -2.478497 0.451775 5.888388
 157.200000 -2.447843 0.367585 0.181083
 157.400000 -2.449029 0.327435 0.249444
 157.600000 -2.410972 0.295104 1.983727
 157.800000 -2.412480 0.362464 0.569670
 158.000000 -2.408665 0.389613 1.427426
 158.200000 -2.401095 0.420874 3.475648
 158.400000 -2.451361 0.345103 0.039058
 158.600000 -2.484956 0.299075 2.110471
 158.800000 -2.337336 0.385951 6.311469
 159.000000 -2.335338 0.342566 5.866393
 159.200000 -2.441163 0.367991 0.181717
 159.400000 -2.475456 0.326812 0.759452
 159.600000 -2.381200 0.291130 3.616492
 159.800000 -2.356549 0.415648 5.993486
 160.000000 -2.393685 0.305379 2.193131
 160.200000 -2.410716 0.274076 3.347844
 160.400000 -2.391121 0.314288 1.974481
 160.600000 -2.454548 0.340465 0.098449
 160.800000 -2.420627 0.316658 0.785835
 161.000000 -2.432980 0.308234 0.888566
 161.200000 -2.348786 0.250016 9.387103
 161.400000 -2.516151 0.317963 3.125597
 161.600000 -2.496396 0.388284 2.170117
 161.800000 -2.307507 0.360675 9.309088
 162.000000 -2.484043 0.276998 3.420302
 162.200000 -2.483571 0.299043 2.055554
 162.400000 -2.297531 0.347498 10.649039
 162.600000 -2.365291 0.275008 5.797534
 162.800000 -2.510482 0.309068 3.045783
 163.000000 -2.474243 0.328916 0.676784
 163.200000 -2.412252 0.403283 1.956709
 163.400000 -2.409092 0.331221 0.749850
 163.600000 -2.403816 0.379717 1.255599
 163.800000 -2.545354 0.365414 5.324686
 164.000000 -2.414012 0.309145 1.230456
 164.200000 -2.382480 0.351723 1.862864
 164.400000 -2.474377 0.439450 4.562533
 164.600000 -2.426567 0.394754 1.186417
 164.800000 -2.446425 0.338900 0.056065
 165.000000 -2.489403 0.389989 1.892682
 165.200000 -2.430104 0.450848 5.268961
 165.400000 -2.498260 0.334556 1.606730
 165.600000 -2.495444 0.297264 2.692800
 165.800000 -2.433312 0.397081 1.204213
 166.000000 -2.512793 0.431076 5.766303
 166.200000 -2.479448 0.375684 1.001783
 166.400000 -2.452983 0.365794 0.185248
 166.600000 -2.471084 0.407833 2.108285
 166.800000 -2.515447 0.377991 3.009321
 167.000000 -2.459096 0.412423 2.129297
 167.200000 -2.417306 0.358326 0.384913
 167.400000 -2.502494 0.359686 1.798820
 167.600000 -2.489257 0.368147 1.230669
 167.800000 -2.441627 0.337454 0.069102
 168.000000 -2.525471 0.317057 3.875060
 168.200000 -2.445919 0.357905 0.042088
 168.400000 -2.439233 0.376175 0.376376
 168.600000 -2.465267 0.354096 0.250390
 168.800000 -2.439784 0.391836 0.921419
 169.000000 -2.471954 0.339623 0.450513
 169.200000 -2.463526 0.385686 0.871827
 169.400000 -2.438516 0.379895 0.487448
 169.600000 -2.480639 0.313756 1.314486
 169.800000 -2.477503 0.369701 0.792354
 170.000000 -2.336864 0.382952 6.255608
 170.200000 -2.387831 0.440991 5.772441
 170.400000 -2.475516 0.340891 0.547193
 170.600000 -2.462562 0.301837 1.297680
 170.800000 -2.328680 0.421573 9.215996
 171.000000 -2.414622 0.355894 0.439153
 171.200000 -2.547339 0.365445 5.529493
 171.400000 -2.402929 0.335981 0.907031
 171.600000 -2.418887 0.399987 1.598390
 171.800000 -2.449650 0.333896 0.134210
 172.000000 -2.418104 0.339305 0.369127
 172.200000 -2.447772 0.420320 2.547843
 172.400000 -2.430097 0.324400 0.393501
 172.600000 -2.393998 0.356018 1.247472
 172.800000 -2.393343 0.415618 3.470511
 173.000000 -2.477671 0.344489 0.595647
 173.200000 -2.529587 0.385327 4.366300
 173.400000 -2.456131 0.372353 0.351406
 173.600000 -2.379247 0.341690 2.088936
 173.800000 -2.437900 0.415532 2.224312
 174.000000 -2.525384 0.352536 3.361688
 174.200000 -2.395368 0.337765 1.220336
 174.400000 -2.413545 0.345651 0.453302
 174.600000 -2.478804 0.431636 4.033474
 174.800000 -2.440796 0.393181 0.976635
 175.000000 -2.449269 0.379792 0.488921
 175.200000 -2.515290 0.397808 3.767597
 175.400000 -2.404960 0.302185 1.840099
 175.600000 -2.418180 0.395747 1.409114
 175.800000 -2.431570 0.379393 0.530567
 176.000000 -2.385882 0.274967 4.403032
 176.200000 -2.483116 0.342781 0.806016
 176.400000 -2.418221 0.439151 4.376211
 176.600000 -2.468495 0.325942 0.580705
 176.800000 -2.519515 0.321146 3.281862
 177.000000 -2.408505 0.391652 1.517741
 177.200000 -2.472674 0.321077 0.818390
 177.400000 -2.445146 0.358590 0.046779
 177.600000 -2.423378 0.339753 0.245025
 177.800000 -2.462692 0.377485 0.588738
 178.000000 -2.493886 0.368609 1.462281
 178.200000 -2.365388 0.347064 3.049713
 178.400000 -2.507545 0.458798 8.073898
 178.600000 -2.452133 0.387771 0.786654
 178.800000 -2.420496 0.399651 1.543111
 179.000000 -2.439121 0.368866 0.205445
 179.200000 -2.452950 0.323336 0.376043
 179.400000 -2.377431 0.440383 6.349349
 179.600000 -2.422533 0.262845 3.936020
 179.800000 -2.507459 0.360767 2.116341
 180.000000 -2.327157 0.394505 7.795684
 180.200000 -2.389849 0.333802 1.553604
 180.400000 -2.585150 0.389791 10.867110
 180.600000 -2.422194 0.331915 0.373206
 180.800000 -2.410042 0.368999 0.757063
 181.000000 -2.404739 0.341381 0.779223
 181.200000 -2.444063 0.328246 0.216909
 181.400000 -2.405803 0.317011 1.222801
 181.600000 -2.483559 0.350520 0.804972
 181.800000 -2.356721 0.363557 3.866910
 182.000000 -2.412301 0.344831 0.494440
 182.200000 -2.471947 0.313880 1.024736
 182.400000 -2.414800 0.383200 0.993295
 182.600000 -2.350593 0.407133 5.998158
 182.800000 -2.424097 0.348515 0.187642
 183.000000 -2.494797 0.305587 2.262886
 183.200000 -2.381780 0.347043 1.904342
 183.400000 -2.368610 0.351615 2.804571
 183.600000 -2.472367 0.306848 1.308943
 183.800000 -2.432914 0.335170 0.152157
 184.000000 -2.404328 0.360376 0.829645
 184.200000 -2.429167 0.292753 1.687728
 184.400000 -2.422180 0.319923 0.651103
 184.600000 -2.363206 0.380550 3.716079
 184.800000 -2.402387 0.321021 1.236810
 185.000000 -2.484393 0.266423 4.252655
 185.200000 -2.456665 0.314859 0.672234
 185.400000 -2.432373 0.325203 0.346184
 185.600000 -2.287522 0.324659 12.456273
 185.800000 -2.417747 0.362319 0.418428
 186.000000 -2.500151 0.250130 6.501094
 186.200000 -2.305530 0.335429 9.605519
 186.400000 -2.340350 0.333110 5.443265
 186.600000 -2.396651 0.263507 4.755744
 186.800000 -2.429220 0.365316 0.233430
 187.000000 -2.423722 0.281610 2.469971
 187.200000 -2.309167 0.285531 11.035747
 187.400000 -2.368562 0.341760 2.831619
 187.600000 -2.459013 0.276933 2.722478
 187.800000 -2.439675 0.324894 0.299316
 188.000000 -2.440091 0.319457 0.444008
 188.200000 -2.373484 0.319030 2.899447
 188.400000 -2.389877 0.274765 4.195927
 188.600000 -2.440992 0.287364 1.906629
 188.800000 -2.339159 0.317680 5.931918
 189.000000 -2.451083 0.306985 0.914456
 189.200000 -2.395184 0.329970 1.347663
 189.400000 -2.343379 0.341044 5.040342
 189.600000 -2.455244 0.261831 3.874409
 189.800000 -2.366136 0.328936 3.192192
 190.000000 -2.407258 0.447713 5.520936
 190.200000 -2.437813 0.240722 5.885159
 190.400000 -2.435661 0.277735 2.574468
 190.600000 -2.414753 0.385431 1.073271
 190.800000 -2.349501 0.327823 4.639827
 191.000000 -2.410871 0.292295 2.142545
 191.200000 -2.405027 0.344928 0.747155
 191.400000 -2.396014 0.373057 1.413397
 191.600000 -2.474205 0.344391 0.483515
 191.800000 -2.365780 0.289718 4.778198
 192.000000 -2.356517 0.325000 4.069186
 192.200000 -2.524080 0.320249 3.664925
 192.400000 -2.410048 0.384936 1.201546
 192.600000 -2.379786 0.348149 2.027641
 192.800000 -2.463032 0.304148 1.200308
 193.000000 -2.357532 0.316702 4.215626
 193.200000 -2.417421 0.372564 0.615133
 193.400000 -2.396338 0.343799 1.124139
 193.600000 -2.407908 0.315320 1.201391
 193.800000 -2.424090 0.297678 1.507947
 194.000000 -2.443372 0.322161 0.361942
 194.200000 -2.389361 0.303593 2.497303
 194.400000 -2.361112 0.361196 3.464223
 194.600000 -2.352915 0.274374 6.888738
 194.800000 -2.392303 0.309558 2.089004
 195.000000 -2.430720 0.347118 0.083070
 195.200000 -2.433445 0.366643 0.204644
 195.400000 -2.336570 0.208687 15.565966
 195.600000 -2.357851 0.258288 7.784816
 195.800000 -2.441479 0.293604 1.539987
 196.000000 -2.328575 0.327132 6.839943
 196.200000 -2.364423 0.327877 3.347962
 196.400000 -2.368853 0.276574 5.410672
 196.600000 -2.436798 0.366077 0.166894
 196.800000 -2.421637 0.393638 1.231462
 197.000000 -2.320377 0.346960 7.577017
 197.200000 -2.398809 0.312976 1.648114
 197.400000 -2.486566 0.329958 1.111588
 197.600000 -2.567836 0.391234 8.623689
 197.800000 -2.391809 0.361016 1.405388
 198.000000 -2.404001 0.349839 0.778839
 198.200000 -2.490300 0.281768 3.361444
 198.400000 -2.529010 0.325598 3.934715
 198.600000 -2.392988 0.345796 1.279094
 198.800000 -2.389370 0.339800 1.505835
 199.000000 -2.443301 0.345593 0.006045
 199.200000 -2.416976 0.310869 1.080232
 199.400000 -2.431990 0.350119 0.066344
 199.600000 -2.429876 0.360954 0.162938
 199.800000 -2.346774 0.357903 4.713189
 200.000000 -2.348720 0.276069 7.152213
